19215
18051
17874
17808
17808
17808
17808
17817
17817
17808
17808
17817
17817
17808
17808
17817
17817
17808
17808
17817
17817
17808
17808
17820
17820
17808
17808
17817
17817
17808
17808
17817
17817
17808
17808
17817
17817
17808
17808
17817
17817
18105
17808
17817
17817
17817
17817
17817
17808
17808
17817
17817
17808
17808
17817
17817
17808
17808
17817
17817
17808
17808
17817
17817
17808
17808
17817
17817
17808
17808
17820
17820
17808
17808
17817
17817
17808
17808
17817
17817
17808
17808
17817
17817
17808
17808
17817
17817
17808
17808
17817
17817
17808
17808
17817
17817
17808
17808
17817
17817
