12393
12162
12432
10479
10164
10164
10134
10125
10125
10137
10137
10128
10128
10137
10137
10128
10128
10137
10137
10128
10128
10137
10137
10128
10128
10137
10137
10128
10128
10137
10137
10125
10125
10134
10134
10125
10125
10134
10134
10125
10125
253986
12030
12423
10479
10164
10164
10125
10134
10134
10125
10125
10134
10134
10125
10125
10137
10137
10128
10128
10137
10137
10128
10128
10137
10137
10128
10128
10137
10137
10128
10128
10137
10137
10128
10128
10137
10137
10125
10125
10134
10134
10125
10125
10134
10134
10125
10125
10134
10134
10125
10125
10137
10137
10128
10128
10137
10137
10128
10128
