150
11250
0 0
0 1
0 4
0 5
0 8
0 9
0 11
0 12
0 14
0 15
0 17
0 19
0 21
0 26
0 30
0 32
0 33
0 35
0 36
0 37
0 39
0 42
0 43
0 44
0 46
0 47
0 49
0 50
0 51
0 54
0 57
0 58
0 59
0 61
0 63
0 64
0 68
0 74
0 75
0 78
0 80
0 81
0 82
0 84
0 87
0 88
0 89
0 91
0 97
0 98
0 99
0 104
0 105
0 106
0 108
0 109
0 113
0 117
0 120
0 121
0 123
0 124
0 125
0 126
0 127
0 130
0 131
0 136
0 138
0 139
0 141
0 143
0 144
0 145
0 146
0 147
0 149
1 0
1 2
1 3
1 6
1 7
1 11
1 12
1 19
1 21
1 22
1 23
1 24
1 26
1 27
1 28
1 29
1 30
1 35
1 37
1 38
1 39
1 41
1 42
1 43
1 44
1 45
1 47
1 48
1 51
1 54
1 55
1 58
1 60
1 61
1 62
1 63
1 66
1 71
1 72
1 76
1 78
1 85
1 86
1 89
1 90
1 91
1 93
1 94
1 95
1 97
1 101
1 102
1 107
1 108
1 110
1 111
1 115
1 117
1 118
1 121
1 122
1 123
1 124
1 129
1 130
1 131
1 134
1 135
1 137
1 138
1 139
1 140
1 142
1 146
1 147
2 1
2 3
2 6
2 7
2 9
2 10
2 11
2 13
2 14
2 15
2 16
2 18
2 19
2 23
2 26
2 29
2 30
2 31
2 32
2 35
2 36
2 39
2 45
2 47
2 48
2 53
2 54
2 55
2 56
2 58
2 62
2 66
2 69
2 72
2 73
2 74
2 76
2 77
2 78
2 79
2 81
2 83
2 84
2 85
2 88
2 89
2 91
2 93
2 98
2 99
2 107
2 108
2 111
2 113
2 114
2 115
2 117
2 118
2 119
2 124
2 125
2 126
2 127
2 128
2 134
2 135
2 136
2 140
2 143
2 146
2 147
3 0
3 2
3 3
3 4
3 5
3 7
3 8
3 9
3 10
3 11
3 13
3 17
3 19
3 21
3 22
3 23
3 25
3 26
3 29
3 32
3 33
3 34
3 35
3 38
3 39
3 40
3 41
3 42
3 43
3 44
3 46
3 47
3 51
3 54
3 57
3 58
3 62
3 63
3 64
3 65
3 67
3 70
3 78
3 81
3 82
3 84
3 86
3 87
3 90
3 91
3 92
3 93
3 95
3 97
3 98
3 100
3 105
3 106
3 109
3 112
3 114
3 115
3 118
3 120
3 121
3 124
3 126
3 127
3 129
3 131
3 132
3 133
3 134
3 135
3 137
3 141
3 144
3 146
3 149
4 0
4 3
4 4
4 10
4 11
4 14
4 22
4 23
4 26
4 28
4 29
4 30
4 33
4 35
4 38
4 40
4 41
4 42
4 43
4 45
4 47
4 50
4 54
4 55
4 56
4 57
4 58
4 59
4 65
4 67
4 69
4 70
4 71
4 72
4 76
4 84
4 85
4 86
4 88
4 90
4 91
4 92
4 94
4 96
4 97
4 98
4 99
4 100
4 101
4 103
4 105
4 106
4 107
4 108
4 110
4 111
4 112
4 113
4 114
4 117
4 118
4 119
4 120
4 123
4 129
4 131
4 133
4 134
4 135
4 139
4 142
4 143
4 145
4 146
4 147
4 149
5 0
5 4
5 6
5 8
5 10
5 11
5 16
5 19
5 20
5 21
5 22
5 25
5 30
5 32
5 33
5 35
5 39
5 40
5 42
5 45
5 46
5 47
5 51
5 52
5 53
5 54
5 55
5 56
5 57
5 61
5 62
5 63
5 65
5 66
5 69
5 75
5 78
5 81
5 86
5 89
5 90
5 93
5 97
5 100
5 101
5 106
5 107
5 108
5 109
5 111
5 112
5 114
5 115
5 117
5 118
5 120
5 121
5 122
5 124
5 130
5 132
5 133
5 134
5 136
5 137
5 138
5 139
5 140
5 141
5 142
5 143
5 144
5 145
5 147
5 148
6 1
6 4
6 8
6 11
6 13
6 14
6 15
6 16
6 17
6 19
6 20
6 21
6 24
6 25
6 26
6 27
6 28
6 29
6 30
6 36
6 39
6 40
6 41
6 43
6 44
6 45
6 46
6 47
6 48
6 49
6 55
6 57
6 59
6 60
6 62
6 64
6 67
6 69
6 70
6 72
6 73
6 79
6 80
6 82
6 87
6 95
6 96
6 97
6 99
6 100
6 104
6 105
6 108
6 109
6 113
6 114
6 115
6 118
6 119
6 120
6 121
6 122
6 123
6 124
6 126
6 127
6 128
6 129
6 132
6 135
6 144
6 147
6 148
6 149
7 1
7 2
7 4
7 5
7 6
7 8
7 9
7 11
7 12
7 15
7 17
7 19
7 20
7 21
7 22
7 23
7 25
7 26
7 27
7 30
7 31
7 33
7 35
7 41
7 42
7 43
7 44
7 46
7 48
7 52
7 55
7 56
7 59
7 60
7 61
7 64
7 66
7 67
7 69
7 72
7 74
7 75
7 78
7 81
7 82
7 84
7 86
7 88
7 90
7 91
7 93
7 96
7 100
7 101
7 107
7 108
7 111
7 115
7 116
7 119
7 120
7 124
7 125
7 126
7 127
7 128
7 130
7 131
7 133
7 134
7 136
7 137
7 139
7 140
7 141
7 142
7 144
7 145
8 0
8 2
8 8
8 12
8 15
8 16
8 17
8 19
8 23
8 25
8 29
8 32
8 33
8 35
8 36
8 37
8 38
8 39
8 40
8 44
8 46
8 50
8 52
8 53
8 54
8 55
8 58
8 64
8 67
8 68
8 69
8 72
8 73
8 85
8 87
8 90
8 91
8 92
8 93
8 94
8 97
8 99
8 109
8 111
8 113
8 114
8 116
8 117
8 119
8 120
8 121
8 122
8 123
8 124
8 125
8 127
8 129
8 133
8 135
8 137
8 138
8 142
8 147
8 148
8 149
9 0
9 1
9 3
9 9
9 10
9 11
9 12
9 14
9 15
9 18
9 19
9 24
9 25
9 26
9 27
9 29
9 32
9 33
9 34
9 35
9 36
9 37
9 39
9 40
9 42
9 45
9 46
9 47
9 51
9 52
9 54
9 56
9 58
9 60
9 61
9 62
9 64
9 65
9 66
9 67
9 69
9 70
9 72
9 73
9 74
9 76
9 77
9 78
9 79
9 82
9 84
9 85
9 87
9 88
9 90
9 91
9 92
9 93
9 97
9 98
9 100
9 102
9 103
9 106
9 107
9 108
9 111
9 112
9 117
9 119
9 120
9 121
9 127
9 130
9 131
9 133
9 134
9 135
9 138
9 139
9 142
10 0
10 2
10 3
10 6
10 9
10 12
10 14
10 16
10 17
10 18
10 19
10 23
10 24
10 25
10 27
10 28
10 32
10 35
10 36
10 37
10 39
10 44
10 45
10 48
10 50
10 51
10 52
10 54
10 55
10 57
10 62
10 63
10 68
10 69
10 71
10 72
10 73
10 74
10 75
10 80
10 82
10 83
10 85
10 86
10 88
10 93
10 95
10 96
10 100
10 102
10 104
10 107
10 108
10 109
10 112
10 113
10 115
10 117
10 119
10 123
10 124
10 125
10 126
10 129
10 130
10 133
10 134
10 137
10 138
10 141
10 143
10 145
10 146
10 149
11 1
11 5
11 6
11 9
11 10
11 11
11 13
11 16
11 17
11 19
11 21
11 22
11 24
11 26
11 27
11 30
11 32
11 33
11 34
11 35
11 37
11 39
11 40
11 41
11 45
11 47
11 50
11 51
11 54
11 55
11 56
11 57
11 58
11 59
11 60
11 62
11 63
11 64
11 65
11 66
11 67
11 68
11 69
11 71
11 73
11 75
11 76
11 77
11 80
11 81
11 82
11 83
11 86
11 87
11 89
11 91
11 92
11 96
11 97
11 98
11 99
11 101
11 106
11 107
11 108
11 111
11 113
11 114
11 118
11 119
11 120
11 128
11 131
11 134
11 136
11 138
11 139
11 140
11 142
11 148
12 0
12 1
12 4
12 5
12 7
12 10
12 14
12 19
12 20
12 21
12 22
12 23
12 25
12 26
12 29
12 34
12 35
12 40
12 46
12 48
12 49
12 51
12 54
12 61
12 66
12 67
12 68
12 69
12 72
12 73
12 74
12 76
12 78
12 79
12 81
12 82
12 83
12 84
12 87
12 92
12 98
12 99
12 101
12 103
12 107
12 110
12 111
12 114
12 115
12 116
12 121
12 122
12 123
12 126
12 129
12 130
12 131
12 132
12 137
12 138
12 139
12 140
12 141
12 142
12 145
12 146
12 149
13 1
13 2
13 5
13 6
13 9
13 10
13 13
13 15
13 16
13 19
13 20
13 24
13 25
13 26
13 28
13 29
13 30
13 33
13 36
13 37
13 38
13 48
13 50
13 51
13 58
13 60
13 61
13 62
13 64
13 66
13 67
13 68
13 69
13 71
13 74
13 76
13 77
13 78
13 80
13 81
13 82
13 83
13 89
13 92
13 93
13 94
13 96
13 97
13 98
13 99
13 100
13 101
13 103
13 104
13 105
13 107
13 108
13 110
13 111
13 115
13 118
13 120
13 123
13 124
13 129
13 133
13 136
13 138
13 139
13 143
13 145
13 148
13 149
14 0
14 2
14 3
14 4
14 6
14 7
14 11
14 12
14 13
14 16
14 17
14 18
14 20
14 23
14 25
14 29
14 32
14 33
14 36
14 37
14 39
14 41
14 46
14 49
14 51
14 53
14 54
14 55
14 56
14 57
14 58
14 59
14 60
14 61
14 65
14 67
14 68
14 69
14 70
14 72
14 74
14 75
14 79
14 80
14 81
14 84
14 87
14 91
14 92
14 95
14 99
14 100
14 103
14 104
14 105
14 107
14 108
14 109
14 112
14 113
14 115
14 116
14 118
14 120
14 122
14 123
14 124
14 126
14 127
14 128
14 129
14 132
14 133
14 134
14 135
14 136
14 137
14 139
14 140
14 142
14 144
14 146
14 147
14 148
14 149
15 0
15 2
15 3
15 7
15 8
15 9
15 11
15 12
15 14
15 15
15 16
15 17
15 20
15 23
15 27
15 29
15 32
15 33
15 34
15 39
15 40
15 41
15 44
15 46
15 47
15 50
15 52
15 55
15 56
15 58
15 60
15 62
15 63
15 64
15 65
15 67
15 69
15 71
15 72
15 73
15 74
15 76
15 77
15 78
15 80
15 82
15 86
15 87
15 88
15 92
15 95
15 96
15 101
15 103
15 105
15 106
15 108
15 110
15 113
15 115
15 116
15 123
15 126
15 128
15 129
15 130
15 131
15 133
15 134
15 135
15 136
15 138
15 140
15 141
15 143
15 144
15 145
15 146
16 0
16 1
16 3
16 6
16 7
16 9
16 11
16 13
16 16
16 18
16 19
16 20
16 21
16 24
16 25
16 26
16 27
16 28
16 30
16 31
16 33
16 35
16 36
16 37
16 38
16 41
16 43
16 44
16 45
16 46
16 47
16 48
16 49
16 50
16 51
16 55
16 56
16 57
16 58
16 61
16 63
16 65
16 67
16 68
16 70
16 71
16 72
16 74
16 75
16 76
16 77
16 82
16 85
16 88
16 90
16 92
16 94
16 95
16 97
16 100
16 105
16 106
16 107
16 110
16 112
16 113
16 117
16 118
16 125
16 129
16 130
16 132
16 133
16 134
16 138
16 141
16 144
16 148
16 149
17 2
17 6
17 7
17 9
17 10
17 11
17 12
17 17
17 18
17 19
17 21
17 23
17 27
17 28
17 30
17 33
17 36
17 37
17 38
17 40
17 42
17 43
17 46
17 47
17 51
17 52
17 57
17 58
17 59
17 60
17 61
17 69
17 72
17 73
17 74
17 76
17 77
17 78
17 79
17 81
17 84
17 85
17 86
17 87
17 88
17 90
17 91
17 95
17 102
17 104
17 107
17 108
17 109
17 110
17 111
17 112
17 114
17 119
17 120
17 123
17 125
17 126
17 127
17 130
17 131
17 134
17 135
17 138
17 140
17 142
17 144
17 148
18 2
18 4
18 5
18 6
18 7
18 8
18 10
18 11
18 14
18 15
18 16
18 18
18 19
18 22
18 23
18 26
18 27
18 28
18 29
18 30
18 31
18 34
18 35
18 37
18 38
18 40
18 42
18 44
18 47
18 48
18 49
18 51
18 54
18 56
18 57
18 58
18 60
18 63
18 68
18 69
18 73
18 80
18 81
18 82
18 84
18 86
18 88
18 90
18 93
18 94
18 95
18 96
18 99
18 100
18 101
18 102
18 103
18 105
18 106
18 108
18 109
18 111
18 112
18 113
18 114
18 116
18 117
18 118
18 119
18 120
18 121
18 122
18 128
18 129
18 130
18 131
18 133
18 139
18 140
18 141
18 144
19 1
19 2
19 7
19 8
19 9
19 10
19 11
19 14
19 19
19 20
19 22
19 23
19 24
19 28
19 29
19 30
19 31
19 36
19 38
19 39
19 40
19 47
19 49
19 50
19 52
19 53
19 55
19 56
19 57
19 59
19 60
19 62
19 68
19 71
19 72
19 75
19 77
19 81
19 84
19 85
19 86
19 88
19 90
19 91
19 93
19 94
19 95
19 96
19 97
19 98
19 100
19 101
19 102
19 105
19 107
19 109
19 112
19 113
19 115
19 116
19 117
19 121
19 123
19 124
19 126
19 127
19 128
19 129
19 134
19 136
19 137
19 138
19 139
19 140
19 142
19 144
19 145
19 146
19 147
19 149
20 0
20 3
20 6
20 12
20 13
20 17
20 18
20 19
20 22
20 29
20 30
20 32
20 33
20 35
20 37
20 38
20 39
20 42
20 45
20 47
20 48
20 51
20 52
20 59
20 60
20 61
20 63
20 65
20 66
20 69
20 76
20 79
20 80
20 81
20 83
20 84
20 86
20 90
20 92
20 93
20 94
20 102
20 103
20 104
20 106
20 108
20 109
20 110
20 112
20 114
20 115
20 116
20 117
20 121
20 123
20 127
20 128
20 130
20 132
20 134
20 135
20 136
20 138
20 139
20 140
20 141
20 144
20 145
20 148
21 4
21 6
21 10
21 15
21 16
21 18
21 19
21 20
21 21
21 23
21 25
21 30
21 32
21 33
21 37
21 42
21 43
21 44
21 46
21 47
21 48
21 49
21 50
21 55
21 56
21 58
21 59
21 61
21 63
21 65
21 67
21 69
21 70
21 72
21 73
21 74
21 76
21 78
21 79
21 81
21 82
21 84
21 85
21 87
21 93
21 94
21 95
21 96
21 97
21 98
21 99
21 100
21 101
21 104
21 105
21 106
21 107
21 109
21 111
21 112
21 114
21 118
21 124
21 125
21 127
21 131
21 132
21 133
21 134
21 136
21 137
21 142
21 143
21 147
22 0
22 2
22 3
22 4
22 7
22 8
22 10
22 12
22 14
22 15
22 17
22 18
22 19
22 20
22 23
22 25
22 27
22 28
22 29
22 33
22 38
22 39
22 46
22 47
22 48
22 51
22 52
22 53
22 56
22 59
22 63
22 64
22 66
22 71
22 73
22 74
22 75
22 77
22 78
22 79
22 81
22 82
22 84
22 85
22 88
22 91
22 97
22 98
22 101
22 104
22 105
22 106
22 107
22 111
22 113
22 114
22 116
22 118
22 123
22 135
22 136
22 137
22 140
22 141
22 145
22 148
23 5
23 9
23 13
23 14
23 17
23 18
23 22
23 24
23 27
23 30
23 31
23 32
23 33
23 36
23 38
23 39
23 44
23 45
23 49
23 50
23 51
23 52
23 53
23 56
23 57
23 60
23 62
23 63
23 64
23 65
23 70
23 71
23 74
23 76
23 82
23 83
23 85
23 86
23 87
23 89
23 91
23 94
23 96
23 97
23 98
23 100
23 103
23 104
23 107
23 108
23 110
23 111
23 112
23 113
23 116
23 117
23 120
23 121
23 123
23 124
23 125
23 127
23 129
23 130
23 131
23 133
23 134
23 137
23 139
23 140
23 141
23 144
23 146
23 149
24 3
24 5
24 6
24 7
24 8
24 12
24 13
24 15
24 16
24 17
24 18
24 20
24 21
24 23
24 26
24 28
24 31
24 33
24 35
24 36
24 37
24 40
24 45
24 46
24 48
24 50
24 51
24 53
24 56
24 57
24 59
24 60
24 63
24 67
24 68
24 70
24 72
24 74
24 76
24 77
24 78
24 79
24 80
24 84
24 86
24 87
24 90
24 91
24 95
24 96
24 100
24 102
24 104
24 105
24 107
24 108
24 109
24 111
24 115
24 117
24 119
24 120
24 121
24 125
24 127
24 131
24 132
24 134
24 135
24 137
24 138
24 139
24 141
24 142
24 143
24 144
24 145
24 147
24 148
25 0
25 1
25 2
25 4
25 5
25 8
25 11
25 12
25 13
25 14
25 15
25 18
25 20
25 22
25 23
25 24
25 26
25 29
25 30
25 31
25 34
25 35
25 36
25 38
25 39
25 40
25 41
25 45
25 47
25 49
25 54
25 55
25 56
25 58
25 63
25 64
25 65
25 66
25 67
25 68
25 69
25 72
25 73
25 75
25 78
25 81
25 82
25 83
25 85
25 90
25 91
25 92
25 93
25 95
25 96
25 98
25 99
25 103
25 106
25 107
25 108
25 110
25 112
25 114
25 115
25 117
25 118
25 120
25 124
25 128
25 133
25 134
25 135
25 138
25 139
25 141
25 142
25 143
25 145
25 147
25 149
26 1
26 3
26 5
26 7
26 11
26 12
26 13
26 14
26 15
26 18
26 19
26 21
26 22
26 23
26 24
26 26
26 31
26 32
26 37
26 41
26 42
26 44
26 45
26 49
26 51
26 53
26 56
26 62
26 63
26 64
26 65
26 68
26 69
26 70
26 72
26 73
26 75
26 76
26 77
26 78
26 80
26 81
26 84
26 86
26 87
26 91
26 95
26 97
26 98
26 99
26 100
26 101
26 106
26 108
26 113
26 115
26 117
26 118
26 120
26 123
26 124
26 125
26 126
26 128
26 129
26 130
26 131
26 132
26 133
26 135
26 136
26 138
26 139
26 140
26 141
26 143
26 145
26 147
27 0
27 5
27 6
27 7
27 8
27 9
27 11
27 12
27 14
27 15
27 16
27 17
27 19
27 20
27 23
27 24
27 26
27 27
27 29
27 30
27 31
27 33
27 37
27 38
27 39
27 42
27 44
27 49
27 51
27 53
27 54
27 56
27 58
27 60
27 62
27 63
27 65
27 67
27 68
27 69
27 71
27 76
27 78
27 79
27 80
27 82
27 83
27 84
27 85
27 89
27 91
27 92
27 93
27 94
27 95
27 98
27 99
27 102
27 103
27 104
27 106
27 107
27 108
27 110
27 111
27 112
27 113
27 114
27 115
27 117
27 119
27 121
27 123
27 125
27 127
27 128
27 129
27 131
27 132
27 135
27 137
27 141
27 142
27 143
27 144
27 146
27 147
27 149
28 2
28 4
28 8
28 9
28 11
28 13
28 15
28 18
28 19
28 21
28 22
28 23
28 24
28 25
28 27
28 28
28 30
28 33
28 34
28 35
28 36
28 37
28 38
28 39
28 40
28 41
28 42
28 43
28 47
28 49
28 50
28 51
28 55
28 57
28 59
28 61
28 66
28 67
28 69
28 71
28 73
28 76
28 78
28 79
28 81
28 82
28 84
28 86
28 89
28 90
28 91
28 92
28 94
28 96
28 98
28 100
28 102
28 103
28 104
28 108
28 110
28 113
28 118
28 119
28 120
28 121
28 122
28 124
28 129
28 130
28 131
28 134
28 135
28 136
28 139
28 141
28 142
28 143
28 144
28 146
28 147
28 148
29 0
29 2
29 8
29 9
29 10
29 12
29 13
29 14
29 17
29 19
29 20
29 22
29 23
29 24
29 26
29 28
29 29
29 30
29 32
29 34
29 35
29 36
29 37
29 38
29 39
29 40
29 41
29 42
29 46
29 48
29 50
29 51
29 53
29 55
29 56
29 57
29 59
29 62
29 63
29 66
29 67
29 71
29 74
29 75
29 76
29 77
29 79
29 80
29 81
29 83
29 84
29 85
29 86
29 87
29 89
29 91
29 94
29 96
29 99
29 103
29 105
29 106
29 107
29 110
29 111
29 112
29 116
29 120
29 122
29 123
29 124
29 125
29 127
29 132
29 134
29 136
29 147
29 148
29 149
30 0
30 1
30 2
30 4
30 5
30 6
30 10
30 11
30 14
30 15
30 16
30 17
30 19
30 21
30 23
30 27
30 29
30 30
30 31
30 32
30 34
30 36
30 37
30 39
30 41
30 43
30 44
30 46
30 47
30 48
30 49
30 50
30 54
30 55
30 58
30 62
30 63
30 65
30 67
30 68
30 72
30 73
30 74
30 81
30 82
30 83
30 86
30 93
30 95
30 97
30 100
30 101
30 103
30 105
30 107
30 109
30 110
30 112
30 116
30 117
30 124
30 125
30 126
30 127
30 128
30 132
30 136
30 138
30 139
30 140
30 141
30 143
30 145
30 146
30 147
30 149
31 2
31 7
31 12
31 14
31 15
31 17
31 18
31 19
31 21
31 22
31 25
31 29
31 32
31 34
31 35
31 38
31 39
31 40
31 41
31 47
31 49
31 54
31 55
31 58
31 60
31 67
31 68
31 69
31 70
31 72
31 74
31 75
31 76
31 79
31 82
31 85
31 86
31 87
31 88
31 91
31 92
31 94
31 95
31 98
31 101
31 102
31 103
31 107
31 109
31 115
31 117
31 119
31 120
31 122
31 124
31 125
31 127
31 128
31 129
31 130
31 131
31 132
31 133
31 134
31 136
31 137
31 138
31 139
31 141
31 143
31 145
32 0
32 5
32 6
32 7
32 11
32 12
32 14
32 16
32 17
32 18
32 20
32 27
32 29
32 30
32 31
32 33
32 37
32 39
32 41
32 42
32 43
32 44
32 48
32 50
32 56
32 57
32 59
32 63
32 64
32 65
32 67
32 68
32 71
32 72
32 75
32 77
32 78
32 79
32 80
32 81
32 83
32 85
32 86
32 88
32 89
32 90
32 92
32 93
32 94
32 96
32 98
32 101
32 102
32 103
32 106
32 108
32 110
32 111
32 113
32 114
32 116
32 117
32 118
32 119
32 123
32 125
32 127
32 128
32 132
32 133
32 136
32 139
32 140
32 141
32 142
32 143
32 146
32 147
33 0
33 1
33 4
33 6
33 7
33 8
33 9
33 13
33 14
33 17
33 20
33 22
33 23
33 24
33 25
33 27
33 29
33 31
33 33
33 35
33 39
33 41
33 50
33 51
33 52
33 53
33 54
33 55
33 56
33 57
33 59
33 62
33 63
33 64
33 67
33 71
33 72
33 73
33 76
33 77
33 79
33 80
33 81
33 82
33 84
33 85
33 86
33 87
33 89
33 90
33 92
33 100
33 101
33 102
33 103
33 104
33 105
33 107
33 112
33 113
33 114
33 116
33 118
33 122
33 124
33 126
33 127
33 129
33 130
33 133
33 137
33 139
33 140
33 141
33 142
33 143
33 145
33 149
34 0
34 1
34 2
34 5
34 6
34 8
34 9
34 10
34 11
34 13
34 14
34 15
34 16
34 18
34 19
34 21
34 22
34 23
34 24
34 25
34 26
34 38
34 40
34 42
34 45
34 47
34 53
34 57
34 62
34 64
34 65
34 73
34 77
34 78
34 79
34 80
34 81
34 84
34 85
34 86
34 87
34 89
34 91
34 92
34 93
34 94
34 95
34 96
34 97
34 98
34 101
34 102
34 103
34 104
34 105
34 107
34 108
34 109
34 113
34 114
34 116
34 120
34 125
34 127
34 129
34 131
34 133
34 135
34 140
34 141
34 142
34 143
34 146
34 148
34 149
35 1
35 2
35 5
35 7
35 8
35 10
35 15
35 18
35 19
35 22
35 23
35 24
35 26
35 27
35 30
35 34
35 38
35 41
35 42
35 44
35 45
35 46
35 48
35 49
35 51
35 53
35 55
35 56
35 57
35 58
35 59
35 62
35 63
35 64
35 65
35 66
35 67
35 69
35 70
35 74
35 75
35 76
35 80
35 81
35 82
35 83
35 85
35 88
35 91
35 92
35 93
35 94
35 97
35 100
35 101
35 102
35 104
35 105
35 106
35 107
35 108
35 109
35 110
35 111
35 114
35 115
35 117
35 119
35 120
35 121
35 122
35 123
35 125
35 126
35 128
35 129
35 130
35 132
35 133
35 134
35 135
35 136
35 138
35 139
35 140
35 141
35 143
35 145
35 146
35 149
36 2
36 4
36 5
36 6
36 7
36 8
36 9
36 10
36 11
36 13
36 16
36 18
36 19
36 20
36 21
36 23
36 25
36 26
36 27
36 29
36 32
36 33
36 34
36 40
36 47
36 50
36 55
36 58
36 61
36 63
36 64
36 65
36 72
36 74
36 79
36 80
36 81
36 84
36 85
36 87
36 88
36 95
36 96
36 99
36 100
36 101
36 102
36 103
36 104
36 105
36 106
36 110
36 111
36 112
36 114
36 116
36 117
36 124
36 125
36 126
36 127
36 129
36 131
36 133
36 135
36 137
36 139
36 140
36 142
36 143
36 144
36 147
36 148
36 149
37 0
37 1
37 8
37 11
37 12
37 14
37 16
37 17
37 18
37 22
37 25
37 26
37 28
37 34
37 35
37 36
37 39
37 40
37 43
37 46
37 47
37 50
37 51
37 52
37 54
37 56
37 57
37 60
37 62
37 63
37 67
37 68
37 69
37 71
37 72
37 74
37 77
37 78
37 79
37 80
37 82
37 83
37 89
37 92
37 94
37 95
37 96
37 100
37 101
37 102
37 104
37 110
37 113
37 115
37 116
37 119
37 120
37 121
37 122
37 124
37 125
37 127
37 128
37 130
37 131
37 133
37 140
37 142
37 146
37 148
38 0
38 1
38 3
38 4
38 6
38 7
38 12
38 17
38 18
38 19
38 25
38 27
38 29
38 33
38 34
38 37
38 41
38 44
38 51
38 52
38 53
38 54
38 55
38 56
38 58
38 59
38 60
38 62
38 64
38 67
38 70
38 71
38 75
38 76
38 77
38 79
38 80
38 83
38 85
38 88
38 92
38 98
38 99
38 100
38 102
38 103
38 104
38 105
38 107
38 112
38 120
38 121
38 124
38 127
38 130
38 133
38 134
38 136
38 140
38 141
38 144
38 146
38 147
38 149
39 1
39 2
39 3
39 4
39 6
39 7
39 9
39 10
39 12
39 17
39 18
39 23
39 24
39 26
39 27
39 30
39 31
39 33
39 35
39 37
39 39
39 42
39 46
39 50
39 51
39 53
39 55
39 57
39 58
39 59
39 60
39 62
39 63
39 66
39 70
39 72
39 73
39 74
39 75
39 78
39 80
39 83
39 84
39 85
39 90
39 91
39 92
39 95
39 98
39 99
39 100
39 103
39 106
39 107
39 110
39 111
39 120
39 122
39 123
39 124
39 126
39 127
39 130
39 131
39 134
39 136
39 138
39 140
39 142
39 144
39 147
39 148
40 1
40 2
40 3
40 4
40 5
40 7
40 8
40 9
40 13
40 14
40 15
40 18
40 20
40 22
40 24
40 28
40 32
40 33
40 35
40 38
40 43
40 46
40 48
40 51
40 53
40 54
40 55
40 56
40 58
40 60
40 61
40 62
40 68
40 70
40 72
40 73
40 78
40 82
40 83
40 84
40 85
40 86
40 87
40 89
40 90
40 92
40 93
40 97
40 98
40 100
40 101
40 102
40 103
40 104
40 105
40 106
40 109
40 110
40 111
40 114
40 115
40 116
40 119
40 120
40 123
40 124
40 127
40 128
40 132
40 134
40 136
40 139
40 145
40 146
40 147
40 148
40 149
41 2
41 4
41 6
41 8
41 9
41 10
41 11
41 15
41 16
41 19
41 22
41 23
41 24
41 25
41 27
41 28
41 34
41 35
41 38
41 39
41 41
41 46
41 47
41 50
41 52
41 54
41 55
41 58
41 59
41 61
41 63
41 64
41 68
41 69
41 71
41 72
41 73
41 77
41 79
41 82
41 83
41 85
41 86
41 88
41 93
41 94
41 97
41 98
41 99
41 100
41 107
41 108
41 109
41 110
41 111
41 112
41 113
41 114
41 115
41 116
41 118
41 119
41 120
41 122
41 126
41 128
41 129
41 131
41 133
41 134
41 135
41 136
41 137
41 138
41 139
41 140
41 141
41 143
41 144
41 148
41 149
42 0
42 5
42 7
42 9
42 10
42 13
42 16
42 17
42 18
42 21
42 23
42 26
42 27
42 28
42 29
42 30
42 31
42 33
42 34
42 35
42 36
42 37
42 38
42 39
42 40
42 41
42 42
42 43
42 44
42 46
42 47
42 49
42 50
42 51
42 56
42 57
42 58
42 59
42 60
42 61
42 64
42 66
42 67
42 68
42 73
42 74
42 76
42 77
42 78
42 80
42 84
42 85
42 86
42 87
42 88
42 89
42 91
42 95
42 97
42 100
42 102
42 103
42 104
42 107
42 111
42 112
42 115
42 116
42 117
42 118
42 122
42 125
42 126
42 127
42 128
42 129
42 130
42 132
42 134
42 135
42 138
42 146
42 147
42 148
43 3
43 6
43 10
43 12
43 13
43 14
43 15
43 16
43 17
43 19
43 20
43 21
43 23
43 25
43 27
43 28
43 30
43 32
43 33
43 34
43 35
43 37
43 40
43 42
43 43
43 44
43 45
43 46
43 47
43 48
43 49
43 50
43 52
43 53
43 54
43 55
43 56
43 57
43 59
43 60
43 61
43 71
43 72
43 73
43 74
43 75
43 78
43 82
43 83
43 84
43 86
43 87
43 88
43 91
43 93
43 96
43 97
43 99
43 100
43 101
43 104
43 109
43 115
43 117
43 119
43 121
43 122
43 126
43 128
43 129
43 130
43 131
43 132
43 134
43 135
43 137
43 140
43 142
43 143
43 144
43 146
43 147
43 148
43 149
44 0
44 1
44 2
44 5
44 8
44 9
44 11
44 16
44 17
44 22
44 23
44 25
44 26
44 27
44 29
44 30
44 31
44 32
44 35
44 36
44 37
44 38
44 41
44 42
44 43
44 44
44 45
44 47
44 54
44 57
44 60
44 61
44 67
44 70
44 71
44 72
44 76
44 77
44 80
44 83
44 85
44 86
44 88
44 89
44 92
44 96
44 97
44 98
44 104
44 106
44 108
44 109
44 110
44 116
44 120
44 121
44 122
44 123
44 124
44 125
44 126
44 128
44 131
44 133
44 134
44 135
44 136
44 137
44 139
44 143
44 148
45 1
45 4
45 7
45 10
45 12
45 13
45 14
45 17
45 19
45 21
45 22
45 23
45 24
45 25
45 28
45 29
45 31
45 32
45 33
45 35
45 36
45 37
45 40
45 49
45 54
45 55
45 56
45 57
45 60
45 64
45 66
45 69
45 70
45 72
45 73
45 74
45 75
45 77
45 80
45 81
45 82
45 83
45 84
45 86
45 87
45 88
45 91
45 93
45 98
45 100
45 102
45 103
45 107
45 110
45 112
45 114
45 115
45 116
45 117
45 118
45 120
45 122
45 123
45 125
45 126
45 128
45 129
45 132
45 135
45 137
45 138
45 139
45 140
45 141
45 143
45 144
45 145
45 146
45 147
45 148
45 149
46 0
46 1
46 4
46 7
46 8
46 9
46 11
46 13
46 15
46 17
46 19
46 20
46 23
46 24
46 26
46 27
46 29
46 31
46 33
46 35
46 37
46 41
46 42
46 47
46 49
46 51
46 52
46 53
46 54
46 55
46 61
46 62
46 63
46 64
46 65
46 66
46 67
46 70
46 72
46 73
46 78
46 80
46 81
46 82
46 83
46 84
46 85
46 87
46 88
46 89
46 92
46 93
46 94
46 95
46 96
46 98
46 99
46 102
46 105
46 106
46 107
46 108
46 109
46 110
46 111
46 118
46 121
46 122
46 124
46 126
46 129
46 130
46 133
46 134
46 135
46 136
46 137
46 139
46 140
46 143
46 144
46 145
46 146
46 148
47 0
47 3
47 4
47 5
47 6
47 8
47 10
47 12
47 15
47 16
47 21
47 23
47 26
47 28
47 29
47 30
47 33
47 35
47 36
47 39
47 40
47 42
47 43
47 45
47 46
47 48
47 49
47 50
47 51
47 53
47 55
47 57
47 61
47 62
47 64
47 65
47 68
47 71
47 72
47 73
47 75
47 76
47 77
47 79
47 80
47 81
47 82
47 83
47 84
47 86
47 88
47 89
47 90
47 94
47 95
47 103
47 105
47 107
47 108
47 112
47 113
47 115
47 117
47 118
47 119
47 120
47 124
47 126
47 127
47 128
47 131
47 134
47 135
47 136
47 138
47 139
47 142
47 145
47 147
47 148
47 149
48 0
48 2
48 3
48 5
48 10
48 13
48 17
48 18
48 19
48 28
48 30
48 32
48 35
48 41
48 42
48 43
48 44
48 46
48 48
48 52
48 53
48 55
48 59
48 60
48 61
48 62
48 63
48 68
48 71
48 74
48 75
48 77
48 85
48 87
48 88
48 89
48 90
48 91
48 92
48 93
48 98
48 99
48 100
48 101
48 103
48 105
48 107
48 110
48 111
48 113
48 114
48 123
48 126
48 127
48 129
48 133
48 134
48 135
48 140
48 141
48 146
48 148
49 3
49 5
49 10
49 12
49 13
49 14
49 17
49 18
49 19
49 20
49 21
49 23
49 24
49 30
49 33
49 35
49 36
49 37
49 38
49 39
49 42
49 43
49 46
49 47
49 49
49 50
49 53
49 55
49 56
49 61
49 63
49 64
49 65
49 66
49 67
49 71
49 75
49 76
49 77
49 78
49 79
49 81
49 82
49 86
49 87
49 88
49 89
49 90
49 92
49 93
49 94
49 99
49 102
49 103
49 104
49 105
49 107
49 108
49 112
49 115
49 116
49 118
49 122
49 124
49 127
49 128
49 129
49 130
49 132
49 135
49 136
49 137
49 141
49 142
49 144
49 145
49 146
49 147
49 148
50 0
50 1
50 2
50 3
50 5
50 7
50 8
50 11
50 12
50 13
50 14
50 15
50 16
50 18
50 19
50 20
50 21
50 22
50 24
50 28
50 30
50 31
50 32
50 33
50 35
50 38
50 39
50 43
50 46
50 47
50 48
50 53
50 56
50 57
50 60
50 61
50 63
50 64
50 65
50 66
50 71
50 73
50 74
50 79
50 85
50 88
50 96
50 97
50 98
50 100
50 101
50 103
50 104
50 106
50 108
50 111
50 112
50 113
50 116
50 117
50 120
50 121
50 124
50 127
50 129
50 131
50 132
50 135
50 136
50 137
50 139
50 141
50 142
50 146
50 147
50 149
51 4
51 9
51 10
51 12
51 13
51 15
51 16
51 18
51 20
51 21
51 23
51 26
51 27
51 28
51 29
51 31
51 32
51 33
51 36
51 39
51 41
51 42
51 44
51 45
51 46
51 48
51 49
51 50
51 51
51 55
51 57
51 58
51 59
51 61
51 64
51 67
51 72
51 73
51 78
51 80
51 83
51 85
51 86
51 88
51 89
51 90
51 91
51 96
51 97
51 99
51 101
51 103
51 104
51 105
51 106
51 108
51 111
51 114
51 115
51 116
51 117
51 122
51 124
51 125
51 130
51 131
51 135
51 137
51 138
51 141
51 142
51 144
51 148
51 149
52 0
52 1
52 5
52 7
52 9
52 10
52 12
52 13
52 14
52 16
52 17
52 18
52 19
52 20
52 21
52 23
52 25
52 27
52 29
52 30
52 32
52 34
52 37
52 38
52 39
52 40
52 46
52 47
52 51
52 54
52 55
52 56
52 58
52 60
52 61
52 62
52 63
52 65
52 70
52 71
52 72
52 74
52 77
52 78
52 79
52 80
52 81
52 85
52 86
52 87
52 90
52 91
52 96
52 97
52 98
52 103
52 104
52 108
52 110
52 111
52 114
52 119
52 121
52 123
52 125
52 126
52 127
52 129
52 131
52 134
52 135
52 137
52 138
52 139
52 143
52 144
52 148
52 149
53 5
53 6
53 8
53 9
53 11
53 12
53 13
53 15
53 17
53 19
53 20
53 21
53 22
53 25
53 26
53 28
53 29
53 31
53 32
53 35
53 37
53 42
53 43
53 45
53 46
53 47
53 48
53 55
53 58
53 59
53 60
53 63
53 66
53 69
53 73
53 74
53 83
53 85
53 86
53 88
53 89
53 91
53 92
53 94
53 95
53 97
53 101
53 108
53 111
53 112
53 121
53 123
53 130
53 131
53 132
53 133
53 134
53 135
53 136
53 140
53 141
53 142
53 147
53 148
54 0
54 1
54 2
54 7
54 9
54 12
54 14
54 16
54 20
54 21
54 22
54 24
54 29
54 31
54 32
54 35
54 37
54 40
54 42
54 44
54 46
54 50
54 52
54 54
54 58
54 64
54 67
54 69
54 71
54 72
54 73
54 75
54 77
54 78
54 79
54 80
54 81
54 84
54 92
54 94
54 96
54 103
54 105
54 106
54 107
54 108
54 109
54 111
54 113
54 114
54 115
54 116
54 118
54 122
54 125
54 129
54 131
54 132
54 135
54 138
54 139
54 143
54 144
54 145
54 146
54 148
55 3
55 4
55 6
55 9
55 19
55 21
55 22
55 25
55 26
55 28
55 29
55 30
55 31
55 32
55 34
55 35
55 39
55 41
55 42
55 48
55 51
55 52
55 53
55 56
55 58
55 59
55 65
55 69
55 70
55 71
55 72
55 73
55 74
55 75
55 76
55 77
55 81
55 82
55 86
55 87
55 88
55 89
55 90
55 92
55 94
55 99
55 102
55 104
55 105
55 106
55 107
55 109
55 110
55 113
55 118
55 120
55 123
55 127
55 128
55 130
55 131
55 132
55 133
55 134
55 135
55 136
55 139
55 140
55 142
55 143
55 146
56 1
56 2
56 3
56 4
56 5
56 6
56 7
56 12
56 13
56 15
56 16
56 17
56 18
56 20
56 21
56 22
56 25
56 29
56 30
56 31
56 34
56 35
56 36
56 37
56 41
56 43
56 44
56 47
56 48
56 49
56 52
56 53
56 55
56 56
56 60
56 64
56 65
56 66
56 68
56 69
56 70
56 71
56 73
56 77
56 79
56 81
56 85
56 87
56 88
56 92
56 93
56 94
56 95
56 100
56 101
56 102
56 104
56 106
56 117
56 120
56 121
56 123
56 124
56 125
56 128
56 129
56 132
56 133
56 135
56 136
56 141
56 144
56 146
56 147
57 1
57 3
57 4
57 6
57 7
57 8
57 10
57 12
57 13
57 15
57 17
57 18
57 20
57 22
57 24
57 25
57 27
57 28
57 31
57 34
57 40
57 41
57 42
57 43
57 44
57 45
57 47
57 48
57 49
57 50
57 54
57 59
57 60
57 61
57 63
57 68
57 70
57 72
57 75
57 76
57 77
57 78
57 79
57 80
57 81
57 82
57 83
57 85
57 86
57 87
57 89
57 90
57 91
57 92
57 94
57 95
57 97
57 99
57 100
57 101
57 104
57 105
57 108
57 109
57 112
57 116
57 117
57 120
57 122
57 123
57 129
57 130
57 131
57 132
57 133
57 135
57 137
57 142
57 143
57 144
57 148
58 0
58 2
58 6
58 10
58 12
58 13
58 14
58 25
58 26
58 28
58 30
58 33
58 34
58 35
58 36
58 37
58 40
58 42
58 44
58 45
58 46
58 51
58 52
58 54
58 56
58 57
58 58
58 59
58 60
58 62
58 64
58 67
58 68
58 69
58 72
58 74
58 76
58 77
58 78
58 79
58 80
58 84
58 85
58 89
58 90
58 91
58 92
58 96
58 98
58 99
58 100
58 103
58 104
58 105
58 107
58 108
58 109
58 110
58 111
58 112
58 113
58 114
58 115
58 116
58 117
58 118
58 122
58 123
58 125
58 126
58 127
58 128
58 130
58 132
58 133
58 138
58 141
58 142
58 143
58 145
58 146
58 147
58 148
59 0
59 2
59 3
59 4
59 6
59 8
59 11
59 13
59 14
59 20
59 21
59 22
59 23
59 24
59 28
59 32
59 33
59 34
59 35
59 36
59 38
59 39
59 41
59 42
59 43
59 44
59 45
59 47
59 49
59 51
59 56
59 57
59 58
59 59
59 60
59 62
59 64
59 65
59 67
59 69
59 71
59 72
59 74
59 75
59 78
59 79
59 81
59 82
59 84
59 85
59 88
59 89
59 90
59 91
59 92
59 94
59 97
59 99
59 108
59 109
59 111
59 114
59 115
59 120
59 121
59 123
59 124
59 127
59 128
59 129
59 130
59 133
59 137
59 140
60 2
60 3
60 4
60 5
60 6
60 8
60 10
60 15
60 17
60 19
60 21
60 23
60 24
60 25
60 26
60 27
60 32
60 33
60 34
60 35
60 36
60 37
60 40
60 42
60 43
60 44
60 49
60 50
60 55
60 58
60 60
60 61
60 62
60 63
60 64
60 71
60 72
60 73
60 75
60 77
60 83
60 84
60 86
60 87
60 88
60 89
60 90
60 93
60 95
60 97
60 99
60 101
60 103
60 105
60 106
60 107
60 110
60 111
60 112
60 113
60 117
60 118
60 119
60 124
60 125
60 126
60 127
60 129
60 135
60 139
60 140
60 141
60 142
60 143
60 144
60 145
60 146
60 148
61 0
61 3
61 4
61 6
61 7
61 12
61 13
61 14
61 15
61 16
61 17
61 22
61 24
61 25
61 27
61 28
61 29
61 30
61 31
61 32
61 33
61 35
61 37
61 38
61 39
61 41
61 42
61 43
61 46
61 48
61 49
61 50
61 60
61 61
61 62
61 64
61 66
61 67
61 69
61 74
61 77
61 79
61 81
61 82
61 86
61 87
61 88
61 91
61 94
61 96
61 97
61 98
61 102
61 103
61 104
61 106
61 110
61 111
61 112
61 115
61 116
61 119
61 121
61 123
61 125
61 126
61 129
61 132
61 133
61 134
61 136
61 138
61 141
61 142
61 144
61 145
62 0
62 6
62 7
62 8
62 10
62 11
62 14
62 15
62 16
62 21
62 22
62 23
62 25
62 26
62 29
62 31
62 32
62 34
62 35
62 38
62 39
62 41
62 43
62 48
62 51
62 52
62 56
62 60
62 62
62 63
62 64
62 65
62 66
62 69
62 70
62 71
62 72
62 75
62 76
62 77
62 79
62 80
62 81
62 83
62 86
62 87
62 88
62 90
62 91
62 92
62 95
62 99
62 103
62 105
62 106
62 109
62 110
62 111
62 112
62 113
62 114
62 115
62 116
62 118
62 120
62 122
62 130
62 131
62 132
62 133
62 135
62 136
62 138
62 139
62 142
62 143
62 144
62 145
62 147
62 148
63 0
63 4
63 6
63 7
63 9
63 11
63 12
63 15
63 16
63 17
63 19
63 20
63 22
63 23
63 24
63 26
63 27
63 28
63 29
63 31
63 33
63 34
63 35
63 36
63 40
63 41
63 42
63 43
63 47
63 48
63 52
63 53
63 56
63 57
63 58
63 59
63 60
63 61
63 64
63 65
63 68
63 69
63 72
63 73
63 74
63 75
63 77
63 78
63 79
63 80
63 81
63 84
63 85
63 86
63 87
63 89
63 90
63 92
63 93
63 95
63 96
63 98
63 99
63 100
63 101
63 102
63 103
63 105
63 106
63 110
63 111
63 112
63 113
63 114
63 115
63 116
63 117
63 118
63 119
63 123
63 127
63 129
63 132
63 135
63 138
63 139
63 140
63 142
63 143
63 146
63 148
64 1
64 2
64 3
64 4
64 5
64 6
64 7
64 8
64 10
64 14
64 15
64 16
64 19
64 20
64 22
64 23
64 25
64 27
64 28
64 30
64 32
64 33
64 34
64 37
64 39
64 40
64 42
64 43
64 45
64 50
64 51
64 53
64 55
64 59
64 60
64 61
64 64
64 66
64 69
64 70
64 72
64 75
64 77
64 88
64 89
64 90
64 93
64 94
64 97
64 100
64 103
64 105
64 107
64 108
64 109
64 111
64 112
64 114
64 117
64 118
64 121
64 122
64 124
64 125
64 126
64 127
64 129
64 130
64 131
64 133
64 135
64 136
64 137
64 138
64 140
64 142
64 143
64 145
64 146
64 147
64 148
65 1
65 2
65 4
65 5
65 7
65 8
65 9
65 10
65 12
65 14
65 15
65 18
65 20
65 22
65 23
65 25
65 28
65 31
65 33
65 34
65 37
65 38
65 39
65 41
65 42
65 45
65 46
65 48
65 51
65 54
65 57
65 61
65 63
65 64
65 70
65 72
65 78
65 79
65 81
65 88
65 92
65 94
65 96
65 99
65 101
65 104
65 105
65 106
65 108
65 109
65 110
65 111
65 114
65 115
65 117
65 120
65 126
65 130
65 132
65 134
65 135
65 136
65 137
65 138
65 140
65 141
65 142
65 143
65 144
65 146
65 147
66 1
66 2
66 3
66 4
66 8
66 11
66 13
66 14
66 15
66 18
66 21
66 25
66 29
66 31
66 32
66 36
66 37
66 38
66 39
66 41
66 43
66 46
66 47
66 48
66 51
66 53
66 54
66 59
66 63
66 70
66 71
66 73
66 74
66 75
66 76
66 77
66 79
66 82
66 83
66 85
66 86
66 87
66 89
66 90
66 91
66 94
66 100
66 104
66 106
66 109
66 112
66 117
66 118
66 119
66 123
66 126
66 129
66 130
66 132
66 135
66 136
66 137
66 140
66 141
66 148
67 1
67 3
67 5
67 7
67 11
67 12
67 16
67 19
67 20
67 21
67 23
67 24
67 26
67 27
67 28
67 35
67 36
67 37
67 38
67 41
67 42
67 43
67 45
67 47
67 48
67 49
67 53
67 60
67 62
67 66
67 67
67 68
67 71
67 73
67 74
67 76
67 79
67 80
67 84
67 86
67 87
67 89
67 93
67 94
67 95
67 96
67 101
67 103
67 105
67 110
67 116
67 121
67 125
67 131
67 133
67 136
67 138
67 141
67 142
67 146
67 148
68 1
68 2
68 3
68 6
68 8
68 9
68 12
68 15
68 16
68 18
68 19
68 21
68 23
68 24
68 25
68 29
68 30
68 33
68 34
68 35
68 36
68 45
68 47
68 48
68 50
68 51
68 52
68 53
68 54
68 55
68 63
68 64
68 65
68 72
68 74
68 75
68 78
68 86
68 89
68 92
68 93
68 94
68 95
68 96
68 97
68 101
68 102
68 106
68 107
68 109
68 110
68 112
68 115
68 116
68 118
68 120
68 123
68 126
68 127
68 130
68 131
68 137
68 139
68 141
68 142
68 145
68 146
68 148
69 0
69 4
69 7
69 8
69 10
69 11
69 12
69 13
69 14
69 15
69 16
69 18
69 19
69 20
69 22
69 24
69 27
69 29
69 30
69 31
69 32
69 34
69 40
69 41
69 44
69 45
69 46
69 47
69 49
69 50
69 51
69 52
69 54
69 58
69 59
69 62
69 64
69 66
69 67
69 68
69 69
69 72
69 73
69 76
69 77
69 83
69 84
69 85
69 88
69 94
69 95
69 96
69 98
69 101
69 102
69 103
69 104
69 105
69 106
69 107
69 114
69 115
69 116
69 120
69 121
69 122
69 123
69 125
69 126
69 127
69 128
69 129
69 131
69 132
69 133
69 134
69 136
69 139
69 142
69 143
69 144
69 145
69 147
69 148
69 149
70 0
70 5
70 6
70 9
70 14
70 15
70 17
70 18
70 22
70 23
70 24
70 25
70 28
70 33
70 35
70 36
70 37
70 39
70 40
70 42
70 44
70 45
70 48
70 51
70 54
70 56
70 58
70 59
70 60
70 63
70 65
70 66
70 70
70 71
70 73
70 78
70 82
70 86
70 87
70 89
70 90
70 93
70 94
70 99
70 101
70 102
70 106
70 107
70 109
70 110
70 111
70 112
70 113
70 114
70 116
70 118
70 120
70 122
70 123
70 125
70 126
70 127
70 129
70 130
70 131
70 132
70 133
70 138
70 142
70 143
70 146
70 148
70 149
71 2
71 3
71 6
71 7
71 8
71 10
71 11
71 12
71 16
71 17
71 18
71 25
71 29
71 30
71 32
71 34
71 35
71 39
71 40
71 41
71 43
71 44
71 48
71 51
71 52
71 53
71 54
71 55
71 56
71 57
71 58
71 59
71 61
71 63
71 65
71 67
71 69
71 70
71 71
71 73
71 76
71 78
71 80
71 82
71 83
71 86
71 88
71 89
71 92
71 94
71 95
71 98
71 101
71 104
71 105
71 106
71 107
71 108
71 109
71 110
71 113
71 115
71 117
71 119
71 120
71 123
71 124
71 130
71 132
71 134
71 137
71 141
71 142
71 145
71 146
71 149
72 1
72 4
72 6
72 7
72 8
72 12
72 13
72 14
72 16
72 17
72 19
72 20
72 21
72 22
72 23
72 26
72 27
72 28
72 29
72 31
72 32
72 33
72 34
72 35
72 36
72 37
72 41
72 46
72 47
72 48
72 50
72 51
72 53
72 54
72 56
72 57
72 60
72 61
72 64
72 65
72 66
72 68
72 69
72 70
72 72
72 74
72 75
72 76
72 77
72 79
72 85
72 86
72 90
72 91
72 95
72 96
72 97
72 100
72 101
72 103
72 104
72 108
72 109
72 110
72 112
72 115
72 117
72 119
72 120
72 121
72 122
72 123
72 124
72 128
72 129
72 131
72 132
72 133
72 135
72 136
72 140
72 141
72 142
72 146
72 147
72 148
73 0
73 2
73 4
73 6
73 8
73 10
73 15
73 16
73 18
73 21
73 23
73 26
73 31
73 33
73 34
73 35
73 36
73 37
73 38
73 40
73 41
73 42
73 44
73 50
73 52
73 54
73 55
73 57
73 59
73 65
73 68
73 70
73 71
73 72
73 73
73 75
73 78
73 79
73 82
73 83
73 86
73 88
73 90
73 91
73 92
73 95
73 96
73 97
73 98
73 100
73 101
73 104
73 107
73 108
73 109
73 111
73 112
73 113
73 118
73 120
73 125
73 126
73 130
73 131
73 132
73 136
73 137
73 138
73 145
73 147
73 148
73 149
74 0
74 1
74 2
74 3
74 4
74 5
74 7
74 8
74 13
74 14
74 17
74 23
74 25
74 27
74 29
74 30
74 32
74 34
74 35
74 36
74 37
74 38
74 41
74 42
74 43
74 44
74 45
74 47
74 48
74 51
74 53
74 56
74 58
74 59
74 60
74 61
74 63
74 64
74 66
74 70
74 71
74 72
74 73
74 74
74 75
74 79
74 80
74 83
74 85
74 86
74 87
74 88
74 90
74 92
74 93
74 94
74 95
74 96
74 100
74 101
74 103
74 104
74 105
74 108
74 109
74 112
74 115
74 116
74 118
74 119
74 121
74 122
74 123
74 124
74 126
74 128
74 129
74 132
74 138
74 139
74 140
74 142
74 143
74 147
74 148
75 2
75 3
75 4
75 5
75 6
75 7
75 11
75 13
75 14
75 17
75 22
75 23
75 26
75 29
75 32
75 35
75 38
75 42
75 43
75 44
75 46
75 47
75 48
75 50
75 51
75 54
75 58
75 59
75 61
75 62
75 63
75 65
75 67
75 69
75 71
75 73
75 74
75 75
75 76
75 80
75 81
75 82
75 83
75 84
75 87
75 88
75 92
75 93
75 94
75 95
75 96
75 103
75 110
75 112
75 116
75 118
75 121
75 122
75 124
75 125
75 126
75 129
75 130
75 134
75 137
75 139
75 142
75 143
75 144
75 146
75 148
76 1
76 2
76 5
76 10
76 13
76 14
76 18
76 20
76 21
76 24
76 26
76 27
76 28
76 30
76 31
76 32
76 34
76 37
76 39
76 42
76 44
76 46
76 47
76 49
76 54
76 58
76 59
76 60
76 63
76 64
76 65
76 66
76 67
76 70
76 72
76 73
76 74
76 76
76 77
76 79
76 81
76 83
76 84
76 87
76 88
76 89
76 91
76 92
76 93
76 94
76 95
76 96
76 98
76 99
76 100
76 104
76 108
76 111
76 113
76 114
76 115
76 116
76 117
76 119
76 123
76 124
76 128
76 130
76 133
76 134
76 139
76 141
76 143
76 146
76 147
76 148
77 0
77 4
77 5
77 7
77 9
77 11
77 12
77 13
77 16
77 17
77 18
77 20
77 23
77 24
77 27
77 29
77 30
77 31
77 33
77 35
77 36
77 39
77 42
77 43
77 45
77 51
77 52
77 53
77 54
77 55
77 58
77 60
77 61
77 63
77 65
77 66
77 68
77 72
77 75
77 83
77 84
77 85
77 87
77 88
77 90
77 91
77 93
77 94
77 95
77 96
77 98
77 101
77 102
77 105
77 107
77 108
77 110
77 111
77 116
77 118
77 119
77 124
77 126
77 128
77 129
77 130
77 134
77 138
77 139
77 146
78 4
78 10
78 11
78 12
78 14
78 15
78 16
78 17
78 18
78 21
78 24
78 28
78 30
78 33
78 34
78 39
78 40
78 41
78 42
78 43
78 45
78 47
78 49
78 52
78 53
78 56
78 57
78 58
78 61
78 62
78 63
78 65
78 69
78 70
78 71
78 76
78 80
78 82
78 83
78 84
78 85
78 87
78 89
78 90
78 91
78 92
78 97
78 99
78 100
78 101
78 103
78 106
78 107
78 109
78 112
78 113
78 114
78 116
78 117
78 118
78 122
78 123
78 126
78 127
78 128
78 136
78 138
78 139
78 140
78 141
78 144
78 147
78 148
79 1
79 3
79 6
79 8
79 9
79 10
79 12
79 14
79 18
79 22
79 24
79 25
79 27
79 30
79 31
79 33
79 34
79 37
79 38
79 39
79 41
79 42
79 46
79 50
79 52
79 53
79 54
79 55
79 56
79 57
79 58
79 59
79 64
79 65
79 69
79 74
79 75
79 78
79 79
79 81
79 82
79 84
79 88
79 89
79 91
79 92
79 93
79 94
79 96
79 97
79 98
79 103
79 104
79 105
79 106
79 107
79 108
79 109
79 111
79 113
79 117
79 119
79 123
79 125
79 127
79 128
79 129
79 133
79 134
79 136
79 138
79 139
79 144
79 145
79 147
79 148
79 149
80 1
80 2
80 3
80 4
80 5
80 8
80 10
80 11
80 12
80 13
80 14
80 17
80 20
80 21
80 22
80 27
80 29
80 32
80 36
80 41
80 48
80 49
80 52
80 56
80 57
80 58
80 59
80 60
80 61
80 63
80 64
80 67
80 70
80 75
80 80
80 84
80 85
80 86
80 87
80 90
80 91
80 96
80 99
80 102
80 105
80 107
80 108
80 110
80 111
80 112
80 113
80 114
80 117
80 120
80 121
80 124
80 128
80 130
80 131
80 133
80 135
80 136
80 146
80 147
81 2
81 6
81 8
81 9
81 13
81 14
81 15
81 16
81 18
81 20
81 21
81 22
81 24
81 29
81 31
81 36
81 38
81 39
81 43
81 44
81 47
81 48
81 50
81 54
81 55
81 59
81 61
81 62
81 63
81 64
81 65
81 66
81 71
81 72
81 73
81 79
81 82
81 84
81 86
81 88
81 91
81 92
81 94
81 95
81 100
81 103
81 104
81 105
81 107
81 109
81 110
81 111
81 113
81 114
81 115
81 118
81 119
81 120
81 126
81 132
81 134
81 136
81 137
81 139
81 143
81 145
81 147
82 0
82 2
82 3
82 4
82 5
82 9
82 10
82 11
82 17
82 19
82 20
82 21
82 24
82 25
82 27
82 32
82 36
82 37
82 38
82 41
82 42
82 43
82 44
82 45
82 48
82 50
82 56
82 59
82 60
82 61
82 63
82 65
82 66
82 68
82 69
82 74
82 78
82 79
82 80
82 81
82 83
82 92
82 93
82 96
82 97
82 101
82 102
82 105
82 107
82 109
82 110
82 113
82 115
82 119
82 120
82 122
82 123
82 124
82 126
82 128
82 130
82 132
82 134
82 135
82 138
82 139
82 141
82 142
82 146
82 147
83 1
83 2
83 3
83 5
83 9
83 10
83 11
83 13
83 15
83 17
83 24
83 26
83 27
83 30
83 31
83 34
83 35
83 38
83 39
83 41
83 45
83 48
83 51
83 53
83 56
83 61
83 63
83 66
83 67
83 69
83 70
83 72
83 75
83 76
83 77
83 79
83 88
83 89
83 90
83 91
83 92
83 94
83 96
83 97
83 101
83 103
83 105
83 106
83 109
83 110
83 113
83 116
83 118
83 120
83 125
83 131
83 134
83 135
83 137
83 138
83 139
83 140
83 144
83 149
84 1
84 4
84 5
84 8
84 13
84 15
84 20
84 21
84 22
84 23
84 29
84 31
84 33
84 35
84 36
84 37
84 42
84 49
84 51
84 52
84 54
84 56
84 60
84 61
84 63
84 64
84 66
84 68
84 72
84 73
84 76
84 77
84 79
84 84
84 90
84 92
84 94
84 98
84 99
84 100
84 101
84 102
84 103
84 104
84 105
84 106
84 107
84 108
84 112
84 118
84 119
84 120
84 122
84 124
84 128
84 129
84 131
84 132
84 133
84 134
84 136
84 140
84 142
84 143
84 144
84 145
84 146
84 147
84 148
84 149
85 0
85 1
85 2
85 4
85 5
85 7
85 14
85 17
85 21
85 24
85 25
85 26
85 27
85 28
85 29
85 30
85 31
85 32
85 33
85 34
85 36
85 37
85 39
85 40
85 41
85 42
85 44
85 45
85 48
85 49
85 50
85 51
85 52
85 54
85 57
85 59
85 60
85 64
85 66
85 68
85 70
85 71
85 73
85 74
85 75
85 77
85 78
85 80
85 82
85 83
85 84
85 85
85 88
85 89
85 90
85 91
85 93
85 96
85 97
85 99
85 100
85 101
85 102
85 104
85 108
85 110
85 112
85 113
85 115
85 116
85 119
85 120
85 121
85 122
85 123
85 124
85 125
85 129
85 130
85 131
85 135
85 136
85 138
85 140
85 141
85 144
85 146
85 149
86 4
86 9
86 10
86 16
86 17
86 20
86 21
86 23
86 24
86 29
86 31
86 35
86 36
86 37
86 40
86 41
86 43
86 45
86 46
86 48
86 49
86 52
86 53
86 56
86 58
86 59
86 60
86 61
86 62
86 63
86 66
86 67
86 68
86 69
86 71
86 72
86 74
86 75
86 78
86 79
86 80
86 82
86 84
86 85
86 86
86 87
86 89
86 90
86 92
86 95
86 96
86 97
86 98
86 99
86 102
86 104
86 105
86 106
86 108
86 109
86 110
86 117
86 120
86 121
86 122
86 123
86 124
86 130
86 132
86 136
86 139
86 140
86 142
86 145
86 146
86 147
86 148
87 1
87 2
87 5
87 9
87 11
87 14
87 19
87 20
87 22
87 23
87 25
87 27
87 29
87 32
87 33
87 34
87 37
87 40
87 47
87 51
87 52
87 54
87 56
87 59
87 61
87 62
87 63
87 65
87 66
87 67
87 68
87 69
87 70
87 74
87 75
87 76
87 77
87 79
87 80
87 81
87 82
87 83
87 86
87 88
87 90
87 92
87 94
87 97
87 100
87 103
87 104
87 105
87 106
87 107
87 113
87 117
87 119
87 126
87 128
87 129
87 131
87 132
87 135
87 136
87 137
87 138
87 141
87 142
87 143
87 146
87 147
87 148
88 0
88 2
88 5
88 6
88 7
88 8
88 9
88 11
88 15
88 18
88 19
88 22
88 23
88 25
88 27
88 28
88 30
88 31
88 37
88 38
88 44
88 45
88 46
88 48
88 50
88 54
88 55
88 56
88 58
88 59
88 60
88 61
88 63
88 65
88 68
88 70
88 72
88 73
88 74
88 78
88 79
88 81
88 84
88 85
88 86
88 88
88 90
88 94
88 98
88 99
88 100
88 106
88 108
88 111
88 113
88 114
88 115
88 116
88 117
88 118
88 119
88 121
88 123
88 129
88 130
88 135
88 139
88 143
88 145
88 148
88 149
89 0
89 1
89 3
89 6
89 7
89 10
89 11
89 13
89 16
89 19
89 21
89 22
89 25
89 30
89 31
89 34
89 35
89 36
89 37
89 38
89 39
89 41
89 42
89 43
89 46
89 49
89 50
89 54
89 55
89 60
89 63
89 68
89 70
89 71
89 74
89 75
89 77
89 79
89 80
89 81
89 82
89 83
89 84
89 85
89 87
89 89
89 90
89 95
89 99
89 101
89 102
89 103
89 104
89 107
89 110
89 114
89 116
89 120
89 122
89 123
89 124
89 131
89 132
89 133
89 135
89 136
89 138
89 139
89 140
89 141
89 142
89 143
89 144
89 148
89 149
90 4
90 5
90 6
90 9
90 11
90 12
90 13
90 14
90 15
90 16
90 20
90 23
90 25
90 26
90 27
90 28
90 32
90 33
90 34
90 35
90 36
90 40
90 41
90 42
90 43
90 47
90 51
90 52
90 58
90 61
90 65
90 66
90 67
90 68
90 71
90 73
90 75
90 76
90 77
90 80
90 81
90 83
90 85
90 90
90 92
90 93
90 96
90 97
90 99
90 100
90 101
90 103
90 104
90 105
90 106
90 107
90 109
90 110
90 111
90 113
90 114
90 115
90 116
90 120
90 121
90 123
90 124
90 131
90 135
90 138
90 139
90 141
90 142
90 143
90 144
90 147
91 1
91 2
91 5
91 8
91 9
91 12
91 17
91 19
91 21
91 23
91 24
91 25
91 26
91 27
91 28
91 29
91 30
91 31
91 32
91 33
91 38
91 39
91 40
91 42
91 44
91 45
91 48
91 50
91 51
91 52
91 55
91 59
91 60
91 61
91 64
91 66
91 68
91 70
91 71
91 72
91 73
91 74
91 75
91 76
91 78
91 81
91 84
91 85
91 88
91 89
91 91
91 92
91 94
91 95
91 98
91 104
91 105
91 106
91 107
91 110
91 111
91 112
91 116
91 117
91 124
91 126
91 127
91 128
91 129
91 130
91 135
91 136
91 138
91 139
91 142
91 144
91 145
91 149
92 1
92 3
92 6
92 8
92 9
92 10
92 12
92 16
92 18
92 24
92 26
92 27
92 28
92 30
92 32
92 33
92 37
92 40
92 42
92 43
92 47
92 51
92 57
92 58
92 60
92 62
92 68
92 69
92 70
92 71
92 72
92 73
92 74
92 77
92 78
92 81
92 83
92 84
92 85
92 87
92 89
92 91
92 94
92 95
92 99
92 100
92 101
92 103
92 105
92 106
92 107
92 108
92 109
92 110
92 111
92 115
92 117
92 119
92 121
92 122
92 126
92 127
92 128
92 130
92 132
92 135
92 137
92 139
92 144
92 146
92 149
93 1
93 5
93 13
93 15
93 16
93 17
93 18
93 19
93 20
93 23
93 24
93 25
93 27
93 28
93 30
93 34
93 36
93 37
93 39
93 42
93 46
93 47
93 48
93 49
93 54
93 57
93 58
93 61
93 62
93 65
93 66
93 68
93 69
93 71
93 72
93 75
93 77
93 79
93 81
93 84
93 85
93 87
93 89
93 93
93 94
93 97
93 98
93 101
93 106
93 109
93 110
93 112
93 113
93 121
93 125
93 127
93 129
93 134
93 135
93 138
93 139
93 141
93 142
93 144
93 146
93 147
93 148
93 149
94 2
94 3
94 6
94 7
94 8
94 10
94 14
94 16
94 18
94 20
94 22
94 23
94 24
94 25
94 26
94 27
94 29
94 32
94 33
94 35
94 37
94 41
94 42
94 43
94 44
94 45
94 47
94 49
94 50
94 51
94 54
94 55
94 56
94 61
94 65
94 66
94 68
94 70
94 71
94 73
94 74
94 78
94 80
94 81
94 82
94 83
94 84
94 85
94 86
94 87
94 90
94 91
94 92
94 95
94 98
94 99
94 101
94 105
94 107
94 109
94 110
94 111
94 113
94 117
94 118
94 127
94 130
94 131
94 132
94 135
94 137
94 140
94 141
94 145
94 146
94 148
95 0
95 2
95 4
95 6
95 7
95 10
95 11
95 12
95 13
95 14
95 17
95 18
95 20
95 22
95 23
95 29
95 32
95 33
95 34
95 35
95 38
95 41
95 44
95 46
95 48
95 49
95 53
95 55
95 56
95 59
95 60
95 61
95 62
95 63
95 65
95 67
95 74
95 78
95 80
95 81
95 82
95 87
95 91
95 93
95 94
95 96
95 97
95 100
95 101
95 103
95 104
95 106
95 108
95 109
95 110
95 111
95 112
95 115
95 119
95 120
95 121
95 125
95 126
95 134
95 135
95 137
95 144
95 145
95 146
95 148
96 2
96 5
96 7
96 9
96 11
96 13
96 14
96 15
96 16
96 17
96 19
96 20
96 21
96 25
96 28
96 30
96 33
96 34
96 36
96 45
96 47
96 48
96 50
96 53
96 56
96 58
96 61
96 64
96 65
96 67
96 69
96 70
96 72
96 73
96 74
96 76
96 79
96 82
96 85
96 89
96 91
96 96
96 98
96 99
96 100
96 101
96 102
96 103
96 105
96 106
96 112
96 114
96 115
96 120
96 121
96 122
96 124
96 125
96 126
96 127
96 129
96 130
96 131
96 132
96 134
96 136
96 139
96 141
96 143
96 145
96 146
96 148
96 149
97 0
97 9
97 13
97 14
97 16
97 18
97 19
97 20
97 22
97 23
97 28
97 30
97 31
97 35
97 37
97 38
97 40
97 42
97 46
97 51
97 52
97 56
97 58
97 59
97 64
97 66
97 69
97 71
97 74
97 75
97 76
97 77
97 82
97 84
97 87
97 88
97 89
97 90
97 91
97 92
97 93
97 97
97 98
97 101
97 103
97 105
97 107
97 108
97 109
97 111
97 112
97 113
97 115
97 119
97 120
97 121
97 124
97 125
97 128
97 129
97 133
97 134
97 135
97 136
97 137
97 141
97 142
97 143
97 144
97 145
98 3
98 4
98 5
98 8
98 9
98 10
98 11
98 14
98 16
98 19
98 26
98 27
98 29
98 30
98 32
98 33
98 34
98 35
98 37
98 38
98 40
98 42
98 43
98 47
98 48
98 52
98 55
98 58
98 60
98 61
98 62
98 63
98 66
98 67
98 69
98 72
98 73
98 74
98 75
98 77
98 78
98 79
98 83
98 85
98 86
98 87
98 90
98 91
98 93
98 94
98 95
98 98
98 99
98 103
98 104
98 107
98 109
98 112
98 113
98 114
98 115
98 117
98 118
98 121
98 122
98 127
98 128
98 132
98 134
98 141
98 144
98 147
98 148
99 1
99 2
99 4
99 5
99 7
99 8
99 11
99 13
99 18
99 20
99 24
99 26
99 27
99 33
99 34
99 37
99 39
99 40
99 42
99 46
99 47
99 48
99 51
99 56
99 58
99 61
99 62
99 65
99 67
99 68
99 72
99 74
99 75
99 76
99 79
99 80
99 81
99 82
99 83
99 85
99 87
99 89
99 94
99 95
99 99
99 100
99 103
99 106
99 107
99 108
99 111
99 118
99 121
99 123
99 125
99 128
99 131
99 134
99 137
99 139
99 140
99 142
99 143
99 146
99 147
99 148
100 0
100 1
100 2
100 3
100 4
100 7
100 10
100 11
100 14
100 17
100 23
100 24
100 25
100 28
100 30
100 31
100 34
100 35
100 36
100 38
100 41
100 42
100 43
100 45
100 47
100 49
100 51
100 52
100 56
100 57
100 58
100 59
100 63
100 65
100 66
100 69
100 71
100 72
100 73
100 82
100 83
100 86
100 88
100 89
100 90
100 91
100 92
100 93
100 94
100 95
100 96
100 101
100 103
100 110
100 111
100 112
100 115
100 117
100 120
100 121
100 122
100 124
100 127
100 128
100 129
100 136
100 140
100 141
100 142
100 148
101 0
101 1
101 6
101 12
101 13
101 14
101 16
101 17
101 19
101 22
101 24
101 26
101 29
101 32
101 33
101 37
101 38
101 39
101 41
101 43
101 44
101 50
101 53
101 55
101 56
101 57
101 58
101 62
101 63
101 66
101 68
101 69
101 71
101 72
101 75
101 76
101 78
101 79
101 83
101 84
101 85
101 87
101 91
101 94
101 96
101 100
101 102
101 103
101 104
101 106
101 107
101 109
101 117
101 119
101 123
101 125
101 127
101 133
101 134
101 136
101 137
101 140
101 144
101 146
102 0
102 1
102 2
102 3
102 4
102 10
102 11
102 14
102 15
102 20
102 21
102 23
102 27
102 29
102 31
102 33
102 35
102 36
102 37
102 39
102 40
102 44
102 46
102 51
102 52
102 53
102 55
102 56
102 61
102 62
102 63
102 69
102 70
102 71
102 73
102 75
102 76
102 77
102 79
102 81
102 82
102 87
102 88
102 93
102 94
102 95
102 97
102 99
102 100
102 101
102 107
102 108
102 110
102 111
102 112
102 115
102 116
102 117
102 122
102 124
102 126
102 127
102 128
102 132
102 133
102 134
102 135
102 137
102 138
102 142
102 143
102 145
102 147
102 148
103 1
103 2
103 4
103 8
103 10
103 16
103 18
103 20
103 21
103 25
103 27
103 28
103 30
103 31
103 32
103 34
103 37
103 38
103 40
103 45
103 47
103 48
103 49
103 51
103 55
103 57
103 58
103 59
103 60
103 62
103 63
103 65
103 66
103 68
103 69
103 70
103 71
103 74
103 75
103 78
103 80
103 85
103 86
103 90
103 91
103 92
103 93
103 95
103 96
103 99
103 101
103 103
103 105
103 106
103 108
103 111
103 112
103 113
103 115
103 117
103 119
103 120
103 121
103 123
103 125
103 129
103 132
103 135
103 136
103 138
103 140
103 141
103 146
103 147
103 148
103 149
104 7
104 8
104 10
104 11
104 12
104 14
104 16
104 18
104 19
104 22
104 24
104 25
104 28
104 31
104 32
104 35
104 37
104 38
104 40
104 41
104 45
104 47
104 48
104 49
104 50
104 52
104 55
104 56
104 61
104 66
104 67
104 69
104 73
104 74
104 76
104 77
104 79
104 83
104 84
104 87
104 89
104 90
104 91
104 94
104 95
104 96
104 97
104 98
104 99
104 101
104 107
104 109
104 111
104 113
104 120
104 121
104 122
104 123
104 128
104 129
104 130
104 131
104 132
104 133
104 136
104 138
104 139
104 141
104 142
104 143
104 145
104 146
105 1
105 2
105 3
105 5
105 6
105 7
105 12
105 14
105 15
105 18
105 19
105 22
105 26
105 28
105 29
105 31
105 32
105 33
105 36
105 40
105 43
105 44
105 46
105 47
105 48
105 49
105 50
105 60
105 61
105 64
105 66
105 67
105 68
105 69
105 70
105 71
105 72
105 73
105 74
105 76
105 77
105 80
105 81
105 82
105 83
105 84
105 89
105 90
105 93
105 96
105 97
105 101
105 102
105 108
105 109
105 111
105 115
105 116
105 119
105 120
105 121
105 122
105 124
105 125
105 126
105 132
105 134
105 135
105 138
105 140
105 144
105 145
105 146
105 148
106 1
106 2
106 3
106 4
106 6
106 13
106 16
106 17
106 20
106 21
106 24
106 29
106 32
106 34
106 37
106 40
106 42
106 43
106 44
106 47
106 48
106 49
106 50
106 52
106 53
106 54
106 55
106 57
106 58
106 59
106 60
106 61
106 62
106 66
106 68
106 73
106 76
106 77
106 80
106 82
106 84
106 85
106 86
106 88
106 90
106 92
106 93
106 94
106 95
106 97
106 99
106 106
106 109
106 111
106 112
106 113
106 114
106 115
106 117
106 118
106 119
106 121
106 123
106 125
106 126
106 129
106 130
106 131
106 132
106 133
106 138
106 139
106 140
106 142
106 144
106 145
106 147
106 148
107 2
107 3
107 7
107 9
107 10
107 12
107 13
107 15
107 17
107 18
107 19
107 21
107 22
107 23
107 24
107 25
107 26
107 31
107 32
107 33
107 35
107 36
107 40
107 45
107 47
107 51
107 52
107 57
107 58
107 62
107 63
107 66
107 67
107 68
107 69
107 70
107 71
107 74
107 79
107 85
107 86
107 88
107 89
107 91
107 92
107 93
107 94
107 97
107 100
107 103
107 104
107 105
107 108
107 110
107 115
107 117
107 118
107 119
107 122
107 126
107 127
107 129
107 130
107 136
107 137
107 140
107 142
107 145
107 148
108 0
108 3
108 4
108 5
108 6
108 8
108 13
108 16
108 17
108 18
108 19
108 22
108 27
108 29
108 30
108 31
108 32
108 34
108 37
108 39
108 40
108 44
108 46
108 48
108 51
108 54
108 55
108 57
108 60
108 61
108 64
108 66
108 67
108 69
108 71
108 75
108 76
108 77
108 79
108 82
108 83
108 85
108 88
108 91
108 92
108 95
108 96
108 98
108 100
108 101
108 102
108 104
108 106
108 107
108 109
108 110
108 111
108 112
108 122
108 123
108 124
108 127
108 130
108 133
108 134
108 137
108 138
108 141
108 142
108 143
108 144
108 147
108 148
109 0
109 2
109 4
109 5
109 7
109 9
109 11
109 13
109 14
109 17
109 18
109 20
109 26
109 28
109 29
109 31
109 32
109 35
109 36
109 39
109 41
109 44
109 45
109 49
109 50
109 51
109 55
109 56
109 57
109 60
109 63
109 64
109 65
109 66
109 67
109 69
109 78
109 81
109 82
109 83
109 84
109 86
109 87
109 90
109 91
109 92
109 98
109 102
109 103
109 104
109 106
109 107
109 110
109 111
109 112
109 113
109 116
109 117
109 119
109 122
109 127
109 128
109 129
109 132
109 133
109 134
109 138
109 139
109 143
109 146
110 0
110 1
110 2
110 4
110 7
110 8
110 10
110 11
110 12
110 16
110 17
110 18
110 20
110 23
110 26
110 30
110 31
110 32
110 33
110 35
110 36
110 37
110 38
110 40
110 42
110 43
110 45
110 46
110 47
110 57
110 58
110 63
110 64
110 65
110 70
110 72
110 76
110 77
110 79
110 81
110 83
110 87
110 89
110 92
110 95
110 97
110 98
110 99
110 103
110 105
110 107
110 110
110 111
110 114
110 115
110 116
110 117
110 118
110 119
110 121
110 122
110 123
110 124
110 125
110 131
110 133
110 134
110 137
110 140
110 142
110 145
110 146
110 147
110 148
110 149
111 0
111 2
111 5
111 6
111 7
111 8
111 9
111 10
111 13
111 18
111 21
111 22
111 24
111 25
111 26
111 27
111 30
111 31
111 33
111 34
111 37
111 39
111 40
111 41
111 43
111 46
111 48
111 49
111 52
111 53
111 57
111 59
111 60
111 64
111 67
111 69
111 70
111 73
111 74
111 77
111 80
111 81
111 84
111 85
111 91
111 92
111 93
111 94
111 95
111 96
111 97
111 98
111 104
111 106
111 109
111 110
111 111
111 113
111 115
111 116
111 117
111 118
111 119
111 121
111 124
111 125
111 126
111 129
111 130
111 135
111 136
111 139
111 142
111 143
111 144
111 147
111 148
111 149
112 3
112 5
112 6
112 7
112 8
112 9
112 10
112 11
112 12
112 13
112 15
112 16
112 20
112 22
112 23
112 24
112 25
112 26
112 28
112 29
112 30
112 31
112 32
112 34
112 35
112 36
112 40
112 41
112 43
112 44
112 45
112 48
112 52
112 53
112 54
112 56
112 58
112 60
112 61
112 62
112 64
112 65
112 66
112 68
112 69
112 70
112 72
112 76
112 78
112 79
112 81
112 87
112 88
112 89
112 90
112 94
112 95
112 97
112 99
112 100
112 103
112 104
112 107
112 108
112 110
112 112
112 114
112 116
112 117
112 118
112 119
112 124
112 127
112 128
112 129
112 133
112 134
112 135
112 136
112 139
112 141
112 143
112 144
112 145
112 148
113 1
113 3
113 4
113 6
113 10
113 12
113 13
113 14
113 15
113 18
113 20
113 22
113 23
113 24
113 25
113 26
113 32
113 33
113 34
113 36
113 38
113 40
113 41
113 43
113 49
113 50
113 51
113 52
113 53
113 58
113 59
113 61
113 65
113 70
113 71
113 74
113 76
113 77
113 78
113 79
113 80
113 81
113 82
113 83
113 84
113 89
113 90
113 92
113 93
113 94
113 97
113 99
113 101
113 104
113 105
113 106
113 110
113 116
113 117
113 118
113 120
113 121
113 124
113 125
113 130
113 131
113 133
113 137
113 140
113 141
113 142
113 143
113 146
113 148
113 149
114 1
114 2
114 3
114 6
114 7
114 8
114 10
114 13
114 14
114 15
114 17
114 18
114 19
114 20
114 21
114 22
114 23
114 24
114 25
114 26
114 28
114 29
114 33
114 35
114 36
114 37
114 38
114 39
114 40
114 41
114 46
114 47
114 48
114 52
114 53
114 54
114 57
114 60
114 63
114 65
114 69
114 70
114 71
114 75
114 83
114 84
114 85
114 87
114 88
114 89
114 92
114 93
114 94
114 95
114 97
114 100
114 101
114 102
114 103
114 104
114 105
114 106
114 109
114 112
114 114
114 115
114 117
114 119
114 121
114 122
114 123
114 124
114 131
114 132
114 134
114 138
114 139
114 141
114 143
114 145
114 148
114 149
115 0
115 1
115 2
115 3
115 5
115 6
115 7
115 9
115 13
115 14
115 15
115 18
115 22
115 24
115 25
115 27
115 30
115 31
115 32
115 34
115 36
115 39
115 40
115 41
115 44
115 45
115 49
115 50
115 54
115 56
115 57
115 60
115 64
115 68
115 72
115 73
115 76
115 78
115 81
115 83
115 85
115 86
115 88
115 89
115 92
115 94
115 97
115 98
115 101
115 108
115 109
115 112
115 114
115 115
115 116
115 119
115 120
115 121
115 127
115 128
115 131
115 135
115 136
115 140
115 144
115 145
115 147
116 0
116 3
116 5
116 8
116 10
116 14
116 17
116 23
116 24
116 26
116 28
116 29
116 30
116 33
116 37
116 42
116 43
116 46
116 47
116 48
116 51
116 52
116 53
116 54
116 55
116 57
116 58
116 59
116 62
116 64
116 65
116 66
116 67
116 69
116 71
116 73
116 75
116 78
116 79
116 80
116 81
116 83
116 84
116 85
116 88
116 91
116 92
116 94
116 98
116 99
116 100
116 105
116 109
116 110
116 111
116 112
116 113
116 114
116 115
116 116
116 120
116 123
116 125
116 126
116 130
116 131
116 134
116 135
116 136
116 137
116 139
116 140
116 144
116 145
116 146
116 149
117 0
117 5
117 6
117 7
117 8
117 15
117 17
117 18
117 22
117 23
117 25
117 28
117 29
117 30
117 32
117 34
117 36
117 37
117 39
117 41
117 42
117 43
117 44
117 46
117 48
117 49
117 50
117 51
117 56
117 58
117 59
117 61
117 62
117 64
117 66
117 67
117 69
117 71
117 74
117 75
117 76
117 80
117 81
117 86
117 88
117 91
117 92
117 93
117 94
117 96
117 100
117 102
117 103
117 106
117 107
117 109
117 111
117 116
117 118
117 120
117 121
117 122
117 125
117 126
117 127
117 129
117 130
117 131
117 134
117 135
117 136
117 137
117 139
117 142
118 0
118 2
118 3
118 4
118 5
118 6
118 9
118 10
118 11
118 12
118 18
118 20
118 21
118 22
118 23
118 26
118 27
118 30
118 33
118 35
118 36
118 40
118 41
118 44
118 46
118 47
118 50
118 51
118 52
118 55
118 56
118 61
118 62
118 63
118 66
118 69
118 70
118 71
118 72
118 73
118 74
118 75
118 78
118 79
118 81
118 83
118 86
118 88
118 89
118 90
118 91
118 95
118 96
118 99
118 101
118 103
118 104
118 105
118 108
118 110
118 113
118 115
118 117
118 120
118 122
118 123
118 127
118 133
118 138
118 140
118 141
118 143
118 144
118 145
118 146
118 147
118 148
118 149
119 0
119 1
119 3
119 4
119 9
119 10
119 11
119 12
119 14
119 15
119 16
119 17
119 18
119 25
119 26
119 27
119 29
119 30
119 31
119 32
119 33
119 34
119 35
119 36
119 39
119 40
119 43
119 47
119 48
119 50
119 51
119 53
119 56
119 57
119 58
119 59
119 61
119 63
119 67
119 68
119 69
119 72
119 75
119 76
119 78
119 80
119 83
119 86
119 87
119 89
119 90
119 91
119 92
119 93
119 94
119 95
119 96
119 99
119 105
119 111
119 112
119 117
119 118
119 119
119 120
119 124
119 129
119 130
119 131
119 136
119 137
119 139
119 140
119 141
119 142
119 143
119 144
119 145
119 146
119 147
119 148
119 149
120 0
120 3
120 5
120 6
120 7
120 8
120 10
120 11
120 13
120 18
120 19
120 21
120 27
120 29
120 31
120 32
120 33
120 34
120 35
120 40
120 41
120 42
120 44
120 45
120 48
120 49
120 51
120 56
120 57
120 60
120 61
120 62
120 63
120 64
120 69
120 71
120 72
120 74
120 76
120 77
120 80
120 84
120 87
120 92
120 93
120 94
120 95
120 97
120 98
120 101
120 103
120 106
120 107
120 108
120 109
120 116
120 118
120 120
120 121
120 125
120 126
120 127
120 132
120 134
120 135
120 137
120 140
120 141
120 145
120 146
121 1
121 5
121 6
121 9
121 10
121 11
121 12
121 13
121 16
121 19
121 20
121 21
121 22
121 23
121 24
121 25
121 28
121 31
121 32
121 34
121 38
121 39
121 40
121 41
121 42
121 45
121 48
121 49
121 50
121 51
121 52
121 53
121 54
121 56
121 57
121 58
121 60
121 61
121 63
121 65
121 66
121 67
121 68
121 69
121 70
121 73
121 74
121 75
121 77
121 80
121 81
121 90
121 91
121 94
121 95
121 98
121 99
121 101
121 103
121 104
121 105
121 107
121 108
121 109
121 113
121 116
121 120
121 121
121 122
121 123
121 125
121 127
121 128
121 138
121 139
121 141
121 143
121 144
121 149
122 1
122 2
122 3
122 8
122 11
122 13
122 15
122 17
122 18
122 21
122 22
122 23
122 24
122 25
122 26
122 27
122 28
122 29
122 30
122 31
122 32
122 33
122 35
122 36
122 37
122 38
122 39
122 47
122 49
122 50
122 51
122 52
122 56
122 65
122 67
122 70
122 71
122 72
122 73
122 74
122 76
122 77
122 81
122 84
122 85
122 88
122 89
122 90
122 91
122 93
122 94
122 96
122 101
122 102
122 106
122 107
122 108
122 109
122 110
122 112
122 113
122 115
122 118
122 120
122 122
122 124
122 126
122 128
122 130
122 132
122 133
122 137
122 138
122 142
122 143
122 146
123 2
123 5
123 6
123 12
123 16
123 19
123 21
123 22
123 23
123 26
123 27
123 29
123 30
123 32
123 38
123 39
123 42
123 46
123 48
123 53
123 55
123 56
123 57
123 58
123 60
123 61
123 64
123 67
123 68
123 69
123 72
123 74
123 75
123 79
123 80
123 81
123 85
123 87
123 88
123 89
123 90
123 91
123 93
123 94
123 95
123 97
123 99
123 101
123 102
123 105
123 107
123 113
123 114
123 116
123 119
123 120
123 123
123 126
123 127
123 131
123 132
123 133
123 135
123 137
123 143
123 144
123 146
124 2
124 3
124 7
124 8
124 9
124 13
124 15
124 16
124 19
124 21
124 23
124 25
124 27
124 29
124 30
124 31
124 32
124 35
124 36
124 37
124 40
124 41
124 45
124 46
124 48
124 51
124 52
124 53
124 54
124 55
124 56
124 62
124 63
124 65
124 66
124 70
124 71
124 73
124 74
124 75
124 79
124 80
124 82
124 84
124 85
124 87
124 88
124 90
124 94
124 95
124 96
124 98
124 99
124 101
124 103
124 104
124 106
124 107
124 110
124 111
124 114
124 115
124 116
124 117
124 118
124 121
124 122
124 123
124 125
124 127
124 128
124 131
124 132
124 135
124 136
124 138
124 139
124 140
124 141
124 143
124 144
125 8
125 9
125 11
125 14
125 17
125 18
125 19
125 20
125 22
125 23
125 26
125 28
125 30
125 31
125 32
125 34
125 41
125 42
125 48
125 50
125 51
125 52
125 54
125 55
125 57
125 58
125 60
125 62
125 65
125 67
125 70
125 71
125 73
125 74
125 76
125 79
125 81
125 82
125 83
125 84
125 85
125 87
125 90
125 91
125 92
125 93
125 94
125 97
125 98
125 99
125 101
125 102
125 103
125 104
125 105
125 106
125 107
125 108
125 109
125 112
125 113
125 116
125 117
125 120
125 122
125 124
125 125
125 126
125 127
125 128
125 130
125 131
125 134
125 135
125 136
125 137
125 138
125 141
125 142
125 145
125 146
125 147
126 0
126 2
126 4
126 5
126 6
126 7
126 8
126 11
126 12
126 16
126 18
126 22
126 24
126 25
126 26
126 27
126 28
126 31
126 37
126 38
126 40
126 41
126 47
126 48
126 50
126 51
126 52
126 54
126 62
126 68
126 71
126 75
126 76
126 80
126 84
126 88
126 91
126 94
126 99
126 103
126 104
126 108
126 109
126 110
126 114
126 117
126 118
126 120
126 121
126 122
126 123
126 125
126 134
126 135
126 137
126 138
126 139
126 140
126 141
126 143
126 145
126 148
127 0
127 2
127 3
127 4
127 5
127 7
127 8
127 9
127 12
127 16
127 20
127 21
127 22
127 24
127 25
127 26
127 31
127 32
127 33
127 35
127 37
127 38
127 41
127 43
127 45
127 46
127 54
127 56
127 57
127 58
127 62
127 63
127 64
127 65
127 66
127 67
127 68
127 71
127 73
127 74
127 79
127 80
127 81
127 83
127 84
127 85
127 86
127 87
127 88
127 89
127 90
127 91
127 93
127 96
127 101
127 102
127 110
127 111
127 112
127 114
127 115
127 116
127 119
127 120
127 122
127 123
127 126
127 128
127 131
127 133
127 134
127 135
127 136
127 139
127 143
127 144
127 147
127 148
127 149
128 2
128 4
128 6
128 10
128 11
128 14
128 19
128 22
128 26
128 27
128 28
128 31
128 32
128 34
128 38
128 40
128 42
128 43
128 45
128 46
128 48
128 53
128 57
128 59
128 60
128 62
128 67
128 68
128 69
128 74
128 76
128 78
128 80
128 82
128 84
128 87
128 88
128 89
128 92
128 94
128 97
128 99
128 100
128 101
128 110
128 111
128 112
128 115
128 116
128 117
128 118
128 119
128 120
128 122
128 124
128 126
128 127
128 129
128 134
128 135
128 136
128 138
128 143
128 144
128 145
129 0
129 2
129 6
129 8
129 14
129 16
129 17
129 19
129 21
129 22
129 23
129 25
129 27
129 31
129 32
129 33
129 34
129 38
129 40
129 41
129 47
129 48
129 51
129 54
129 56
129 57
129 61
129 63
129 64
129 66
129 67
129 68
129 69
129 74
129 76
129 78
129 82
129 83
129 86
129 91
129 94
129 96
129 97
129 98
129 100
129 101
129 102
129 103
129 109
129 111
129 112
129 114
129 116
129 118
129 120
129 121
129 122
129 126
129 127
129 128
129 129
129 131
129 132
129 133
129 134
129 138
129 139
129 140
129 141
129 144
129 146
129 148
129 149
130 1
130 2
130 5
130 12
130 15
130 17
130 20
130 21
130 22
130 23
130 26
130 27
130 32
130 33
130 37
130 38
130 39
130 40
130 43
130 44
130 45
130 46
130 48
130 56
130 61
130 63
130 66
130 68
130 71
130 72
130 73
130 75
130 77
130 78
130 79
130 80
130 82
130 86
130 88
130 89
130 90
130 93
130 94
130 97
130 99
130 100
130 101
130 103
130 104
130 105
130 106
130 110
130 111
130 113
130 114
130 116
130 118
130 120
130 123
130 124
130 125
130 126
130 128
130 131
130 133
130 134
130 135
130 136
130 138
130 141
130 149
131 0
131 1
131 4
131 5
131 8
131 10
131 11
131 12
131 13
131 14
131 15
131 22
131 25
131 30
131 31
131 32
131 34
131 36
131 37
131 39
131 40
131 42
131 43
131 45
131 47
131 48
131 49
131 51
131 52
131 54
131 55
131 58
131 60
131 61
131 64
131 66
131 68
131 69
131 70
131 71
131 72
131 75
131 76
131 78
131 81
131 82
131 83
131 86
131 89
131 91
131 93
131 96
131 97
131 98
131 100
131 101
131 104
131 108
131 109
131 111
131 113
131 115
131 119
131 120
131 122
131 124
131 125
131 127
131 128
131 129
131 130
131 131
131 135
131 137
131 138
131 139
131 140
131 143
131 145
131 146
131 148
132 0
132 1
132 6
132 7
132 8
132 9
132 10
132 11
132 15
132 17
132 20
132 22
132 23
132 24
132 26
132 29
132 34
132 35
132 36
132 38
132 41
132 42
132 45
132 46
132 47
132 48
132 49
132 50
132 54
132 56
132 60
132 61
132 62
132 65
132 66
132 67
132 68
132 70
132 71
132 72
132 76
132 77
132 78
132 80
132 82
132 83
132 84
132 85
132 91
132 93
132 96
132 98
132 99
132 100
132 101
132 102
132 103
132 106
132 110
132 115
132 117
132 118
132 121
132 123
132 125
132 126
132 130
132 131
132 132
132 133
132 134
132 135
132 138
132 140
132 141
132 142
132 145
132 146
132 148
133 1
133 3
133 4
133 5
133 16
133 17
133 19
133 20
133 21
133 23
133 26
133 27
133 28
133 32
133 38
133 39
133 42
133 45
133 46
133 47
133 48
133 49
133 50
133 51
133 52
133 54
133 57
133 58
133 59
133 60
133 63
133 64
133 67
133 70
133 71
133 72
133 75
133 76
133 78
133 80
133 82
133 83
133 84
133 87
133 88
133 89
133 91
133 92
133 94
133 96
133 99
133 101
133 102
133 109
133 110
133 112
133 113
133 116
133 122
133 123
133 124
133 129
133 132
133 133
133 135
133 139
133 143
133 146
133 148
133 149
134 1
134 2
134 5
134 8
134 9
134 10
134 11
134 13
134 14
134 15
134 16
134 17
134 18
134 20
134 22
134 23
134 24
134 29
134 32
134 34
134 35
134 39
134 40
134 42
134 43
134 45
134 48
134 49
134 51
134 52
134 54
134 55
134 56
134 59
134 61
134 67
134 71
134 72
134 73
134 74
134 76
134 78
134 82
134 83
134 85
134 88
134 91
134 93
134 94
134 97
134 98
134 101
134 103
134 104
134 106
134 107
134 108
134 109
134 110
134 112
134 117
134 119
134 121
134 124
134 127
134 128
134 129
134 130
134 135
134 139
134 140
134 141
134 143
134 145
134 146
134 149
135 0
135 1
135 2
135 3
135 5
135 7
135 10
135 14
135 16
135 22
135 23
135 24
135 26
135 27
135 28
135 30
135 35
135 36
135 37
135 39
135 40
135 41
135 42
135 44
135 47
135 52
135 55
135 56
135 58
135 59
135 61
135 63
135 65
135 66
135 68
135 69
135 75
135 76
135 77
135 81
135 83
135 86
135 88
135 89
135 90
135 92
135 94
135 95
135 96
135 97
135 98
135 101
135 102
135 104
135 105
135 106
135 107
135 109
135 110
135 114
135 121
135 124
135 126
135 128
135 132
135 133
135 134
135 136
135 138
135 140
135 141
135 145
135 147
135 149
136 0
136 3
136 5
136 8
136 10
136 11
136 13
136 15
136 18
136 20
136 23
136 28
136 29
136 31
136 36
136 38
136 40
136 42
136 44
136 45
136 47
136 48
136 50
136 51
136 55
136 56
136 57
136 59
136 67
136 68
136 69
136 71
136 72
136 74
136 75
136 76
136 77
136 78
136 80
136 81
136 85
136 87
136 88
136 89
136 91
136 92
136 96
136 98
136 99
136 100
136 108
136 109
136 110
136 111
136 112
136 113
136 115
136 116
136 118
136 120
136 123
136 128
136 129
136 131
136 132
136 134
136 135
136 137
136 138
136 139
136 142
136 145
136 146
136 147
136 148
137 0
137 2
137 5
137 6
137 9
137 10
137 11
137 13
137 15
137 16
137 17
137 19
137 21
137 22
137 24
137 25
137 26
137 27
137 28
137 32
137 33
137 37
137 39
137 41
137 42
137 43
137 45
137 48
137 51
137 52
137 53
137 54
137 55
137 57
137 58
137 59
137 62
137 64
137 65
137 66
137 68
137 70
137 73
137 74
137 75
137 76
137 77
137 80
137 82
137 83
137 85
137 88
137 89
137 90
137 92
137 95
137 96
137 99
137 100
137 101
137 102
137 103
137 105
137 107
137 108
137 110
137 111
137 112
137 114
137 115
137 116
137 119
137 121
137 122
137 124
137 126
137 128
137 130
137 132
137 135
137 142
137 144
137 146
137 147
137 148
138 3
138 4
138 5
138 9
138 11
138 12
138 15
138 16
138 19
138 20
138 21
138 26
138 27
138 29
138 30
138 31
138 33
138 34
138 35
138 39
138 42
138 43
138 44
138 46
138 47
138 51
138 53
138 55
138 57
138 60
138 61
138 64
138 66
138 67
138 68
138 70
138 71
138 72
138 73
138 75
138 76
138 77
138 78
138 79
138 81
138 82
138 84
138 86
138 88
138 93
138 96
138 98
138 99
138 101
138 102
138 103
138 104
138 105
138 106
138 108
138 111
138 112
138 113
138 114
138 116
138 117
138 119
138 120
138 122
138 123
138 124
138 126
138 129
138 131
138 133
138 140
138 141
138 142
138 143
138 144
138 145
138 146
138 149
139 3
139 4
139 6
139 9
139 11
139 14
139 19
139 20
139 25
139 26
139 30
139 31
139 32
139 33
139 34
139 38
139 39
139 40
139 41
139 42
139 45
139 46
139 47
139 49
139 51
139 52
139 53
139 58
139 59
139 61
139 62
139 63
139 64
139 65
139 67
139 71
139 73
139 75
139 78
139 80
139 87
139 89
139 91
139 93
139 95
139 96
139 97
139 98
139 101
139 103
139 104
139 105
139 106
139 109
139 110
139 112
139 113
139 114
139 115
139 116
139 118
139 119
139 121
139 122
139 123
139 125
139 126
139 129
139 133
139 136
139 138
139 141
139 144
139 148
139 149
140 0
140 5
140 7
140 8
140 9
140 11
140 13
140 14
140 18
140 20
140 22
140 23
140 24
140 25
140 28
140 29
140 31
140 32
140 34
140 35
140 37
140 38
140 40
140 43
140 44
140 45
140 46
140 47
140 50
140 51
140 52
140 55
140 57
140 59
140 60
140 62
140 63
140 64
140 65
140 67
140 74
140 76
140 81
140 82
140 84
140 85
140 88
140 89
140 90
140 93
140 95
140 96
140 97
140 98
140 100
140 101
140 102
140 103
140 104
140 106
140 107
140 110
140 111
140 112
140 120
140 121
140 126
140 127
140 128
140 130
140 131
140 134
140 135
140 136
140 137
140 138
140 141
140 144
140 148
140 149
141 0
141 2
141 3
141 4
141 6
141 7
141 8
141 9
141 10
141 12
141 14
141 16
141 23
141 25
141 27
141 28
141 31
141 32
141 33
141 37
141 40
141 41
141 42
141 43
141 45
141 46
141 47
141 48
141 56
141 57
141 59
141 62
141 65
141 66
141 71
141 72
141 75
141 77
141 78
141 79
141 81
141 82
141 87
141 89
141 91
141 92
141 95
141 96
141 97
141 98
141 99
141 100
141 102
141 103
141 106
141 107
141 108
141 111
141 112
141 113
141 124
141 126
141 129
141 132
141 133
141 134
141 135
141 140
141 143
141 144
141 146
141 147
141 148
142 5
142 7
142 8
142 9
142 10
142 11
142 12
142 13
142 14
142 16
142 18
142 21
142 22
142 25
142 26
142 33
142 38
142 41
142 43
142 50
142 52
142 57
142 59
142 61
142 62
142 63
142 64
142 66
142 67
142 69
142 70
142 73
142 74
142 75
142 76
142 77
142 79
142 80
142 81
142 82
142 83
142 84
142 85
142 86
142 87
142 89
142 91
142 93
142 94
142 95
142 96
142 97
142 98
142 100
142 102
142 103
142 105
142 106
142 107
142 108
142 110
142 111
142 112
142 115
142 117
142 118
142 119
142 121
142 122
142 125
142 127
142 130
142 131
142 132
142 133
142 136
142 137
142 139
142 141
142 145
143 2
143 7
143 12
143 13
143 14
143 15
143 18
143 20
143 22
143 25
143 28
143 29
143 30
143 34
143 38
143 40
143 41
143 45
143 46
143 47
143 48
143 51
143 53
143 54
143 55
143 59
143 60
143 63
143 66
143 67
143 68
143 69
143 70
143 75
143 79
143 80
143 83
143 87
143 89
143 90
143 91
143 93
143 99
143 101
143 102
143 104
143 106
143 110
143 114
143 116
143 118
143 119
143 125
143 126
143 127
143 132
143 133
143 135
143 136
143 137
143 138
143 139
143 141
143 145
143 147
143 149
144 0
144 2
144 4
144 6
144 9
144 10
144 12
144 13
144 14
144 15
144 16
144 19
144 26
144 27
144 28
144 29
144 31
144 32
144 35
144 37
144 38
144 40
144 41
144 43
144 44
144 47
144 48
144 49
144 57
144 59
144 60
144 61
144 62
144 63
144 64
144 73
144 78
144 79
144 83
144 84
144 86
144 87
144 88
144 91
144 92
144 95
144 96
144 97
144 98
144 99
144 100
144 102
144 105
144 106
144 107
144 109
144 111
144 113
144 116
144 117
144 119
144 121
144 124
144 125
144 126
144 127
144 129
144 130
144 134
144 135
144 136
144 137
144 140
144 141
144 144
144 149
145 1
145 2
145 4
145 6
145 7
145 10
145 13
145 14
145 16
145 17
145 18
145 21
145 23
145 24
145 26
145 29
145 30
145 31
145 33
145 34
145 35
145 36
145 37
145 42
145 47
145 48
145 49
145 52
145 56
145 58
145 60
145 61
145 63
145 64
145 66
145 68
145 71
145 72
145 73
145 76
145 77
145 84
145 85
145 87
145 91
145 92
145 93
145 95
145 100
145 101
145 104
145 105
145 106
145 107
145 114
145 116
145 117
145 118
145 119
145 120
145 121
145 122
145 124
145 125
145 127
145 129
145 131
145 134
145 135
145 139
145 146
146 2
146 4
146 6
146 7
146 10
146 11
146 12
146 13
146 14
146 16
146 17
146 21
146 22
146 26
146 27
146 31
146 33
146 38
146 40
146 41
146 42
146 45
146 52
146 55
146 57
146 59
146 60
146 61
146 63
146 64
146 66
146 70
146 71
146 73
146 80
146 83
146 85
146 86
146 89
146 90
146 91
146 92
146 99
146 100
146 105
146 106
146 107
146 108
146 110
146 112
146 114
146 116
146 117
146 119
146 120
146 122
146 124
146 126
146 128
146 130
146 133
146 139
146 141
146 142
146 144
146 145
147 2
147 4
147 9
147 10
147 14
147 15
147 17
147 18
147 19
147 21
147 27
147 28
147 29
147 32
147 34
147 37
147 38
147 41
147 42
147 43
147 45
147 47
147 56
147 57
147 58
147 65
147 67
147 68
147 70
147 74
147 75
147 79
147 80
147 83
147 86
147 88
147 91
147 92
147 93
147 95
147 97
147 99
147 102
147 104
147 106
147 107
147 110
147 111
147 112
147 113
147 124
147 125
147 126
147 128
147 129
147 130
147 132
147 133
147 135
147 138
147 142
147 144
147 147
148 0
148 1
148 2
148 3
148 5
148 6
148 7
148 8
148 9
148 10
148 11
148 13
148 15
148 17
148 22
148 25
148 27
148 28
148 31
148 32
148 33
148 36
148 38
148 41
148 44
148 45
148 49
148 53
148 54
148 56
148 57
148 62
148 64
148 65
148 66
148 68
148 69
148 70
148 71
148 72
148 74
148 76
148 77
148 78
148 79
148 80
148 83
148 86
148 87
148 89
148 90
148 92
148 93
148 95
148 96
148 103
148 104
148 106
148 107
148 108
148 112
148 114
148 116
148 117
148 120
148 122
148 123
148 124
148 125
148 129
148 130
148 131
148 132
148 135
148 137
148 138
148 140
148 141
148 142
148 144
148 147
148 149
149 1
149 4
149 6
149 7
149 8
149 9
149 11
149 12
149 15
149 17
149 20
149 23
149 24
149 25
149 26
149 31
149 36
149 37
149 38
149 39
149 41
149 42
149 43
149 44
149 45
149 47
149 48
149 49
149 50
149 52
149 53
149 54
149 57
149 60
149 64
149 65
149 66
149 67
149 69
149 70
149 71
149 78
149 79
149 81
149 83
149 87
149 92
149 93
149 94
149 95
149 96
149 97
149 99
149 100
149 103
149 104
149 105
149 107
149 109
149 114
149 117
149 118
149 119
149 120
149 122
149 123
149 124
149 125
149 126
149 128
149 129
149 130
149 134
149 135
149 136
149 138
149 140
149 141
149 145
149 148
149 149
