150
9000
0 4
0 6
0 9
0 11
0 13
0 16
0 17
0 18
0 20
0 21
0 22
0 23
0 24
0 26
0 27
0 29
0 32
0 34
0 35
0 36
0 41
0 44
0 45
0 46
0 47
0 50
0 54
0 56
0 57
0 60
0 61
0 67
0 68
0 69
0 71
0 72
0 75
0 80
0 81
0 82
0 88
0 92
0 95
0 97
0 102
0 103
0 107
0 108
0 115
0 120
0 124
0 128
0 132
0 134
0 135
0 138
0 141
0 145
0 147
1 0
1 1
1 2
1 4
1 10
1 19
1 20
1 21
1 22
1 24
1 27
1 28
1 29
1 32
1 33
1 35
1 37
1 38
1 39
1 41
1 42
1 43
1 44
1 45
1 46
1 47
1 51
1 53
1 54
1 56
1 60
1 63
1 64
1 65
1 67
1 72
1 73
1 74
1 76
1 77
1 79
1 81
1 82
1 85
1 86
1 88
1 95
1 96
1 97
1 99
1 100
1 104
1 107
1 110
1 111
1 112
1 113
1 117
1 120
1 122
1 123
1 124
1 125
1 127
1 128
1 129
1 131
1 134
1 135
1 136
1 140
1 141
1 144
1 146
1 147
2 0
2 1
2 2
2 4
2 8
2 9
2 13
2 17
2 21
2 25
2 26
2 36
2 41
2 44
2 50
2 51
2 52
2 55
2 60
2 65
2 69
2 71
2 79
2 80
2 85
2 86
2 87
2 91
2 95
2 102
2 105
2 107
2 110
2 111
2 112
2 116
2 118
2 120
2 121
2 122
2 124
2 128
2 129
2 131
2 133
2 138
2 141
2 143
2 145
2 146
2 147
2 148
3 0
3 3
3 5
3 11
3 13
3 16
3 20
3 27
3 35
3 37
3 40
3 41
3 42
3 43
3 47
3 50
3 51
3 53
3 55
3 58
3 59
3 61
3 62
3 65
3 71
3 74
3 75
3 76
3 78
3 79
3 85
3 88
3 90
3 91
3 92
3 93
3 98
3 104
3 105
3 106
3 111
3 118
3 119
3 120
3 122
3 124
3 126
3 129
3 130
3 131
3 132
3 133
3 141
3 142
3 143
3 145
3 146
4 0
4 2
4 4
4 6
4 9
4 11
4 14
4 19
4 20
4 31
4 35
4 37
4 41
4 43
4 45
4 46
4 47
4 48
4 49
4 50
4 51
4 55
4 56
4 59
4 61
4 64
4 65
4 68
4 81
4 85
4 86
4 90
4 95
4 96
4 100
4 102
4 105
4 107
4 108
4 109
4 115
4 116
4 117
4 118
4 120
4 121
4 125
4 126
4 129
4 134
4 142
4 146
5 1
5 3
5 5
5 6
5 8
5 11
5 15
5 18
5 19
5 25
5 27
5 28
5 32
5 33
5 34
5 37
5 39
5 40
5 41
5 43
5 45
5 47
5 48
5 50
5 51
5 52
5 60
5 63
5 65
5 68
5 69
5 72
5 73
5 75
5 77
5 79
5 86
5 91
5 93
5 95
5 96
5 99
5 101
5 104
5 106
5 111
5 113
5 115
5 120
5 125
5 126
5 127
5 131
5 138
5 139
5 142
5 144
5 148
6 2
6 3
6 8
6 10
6 13
6 19
6 24
6 28
6 29
6 34
6 36
6 37
6 41
6 42
6 45
6 46
6 47
6 48
6 49
6 52
6 53
6 56
6 61
6 63
6 65
6 66
6 69
6 70
6 71
6 72
6 73
6 79
6 82
6 83
6 84
6 86
6 87
6 90
6 93
6 96
6 97
6 98
6 101
6 102
6 106
6 114
6 115
6 117
6 120
6 121
6 124
6 126
6 127
6 131
6 133
6 134
6 135
6 148
7 1
7 3
7 7
7 8
7 9
7 10
7 11
7 13
7 14
7 16
7 18
7 24
7 25
7 26
7 31
7 35
7 37
7 41
7 43
7 44
7 47
7 48
7 49
7 52
7 56
7 57
7 58
7 59
7 61
7 64
7 65
7 68
7 69
7 70
7 72
7 75
7 79
7 81
7 83
7 87
7 88
7 92
7 93
7 94
7 96
7 100
7 102
7 104
7 106
7 108
7 110
7 111
7 115
7 116
7 118
7 120
7 122
7 123
7 125
7 127
7 129
7 136
7 138
7 140
7 141
7 143
7 147
8 3
8 9
8 11
8 13
8 15
8 17
8 20
8 22
8 24
8 25
8 28
8 35
8 39
8 50
8 56
8 58
8 59
8 62
8 66
8 73
8 74
8 80
8 82
8 84
8 87
8 88
8 89
8 90
8 92
8 101
8 103
8 105
8 106
8 109
8 110
8 112
8 115
8 118
8 119
8 123
8 124
8 125
8 126
8 134
8 139
8 140
8 141
8 143
8 144
8 145
9 0
9 3
9 4
9 6
9 7
9 12
9 14
9 15
9 17
9 19
9 21
9 23
9 25
9 26
9 28
9 29
9 31
9 32
9 33
9 35
9 36
9 37
9 39
9 40
9 42
9 45
9 47
9 50
9 51
9 52
9 57
9 61
9 63
9 64
9 66
9 69
9 76
9 78
9 79
9 84
9 87
9 88
9 91
9 92
9 94
9 97
9 98
9 99
9 100
9 105
9 106
9 109
9 111
9 114
9 117
9 118
9 120
9 121
9 123
9 124
9 127
9 128
9 130
9 136
9 137
9 138
9 139
9 141
9 142
9 147
9 148
9 149
10 0
10 4
10 8
10 10
10 12
10 20
10 21
10 22
10 23
10 25
10 26
10 30
10 33
10 36
10 43
10 49
10 50
10 51
10 55
10 59
10 62
10 69
10 70
10 72
10 74
10 76
10 77
10 79
10 88
10 91
10 92
10 93
10 95
10 97
10 99
10 101
10 102
10 103
10 105
10 110
10 111
10 114
10 116
10 117
10 118
10 119
10 121
10 122
10 123
10 124
10 126
10 128
10 130
10 133
10 137
10 138
10 139
10 141
10 144
10 146
11 1
11 2
11 3
11 9
11 11
11 16
11 18
11 19
11 25
11 26
11 29
11 36
11 37
11 39
11 45
11 48
11 51
11 52
11 54
11 61
11 62
11 63
11 64
11 65
11 66
11 68
11 70
11 71
11 72
11 73
11 76
11 77
11 79
11 80
11 82
11 84
11 86
11 87
11 89
11 92
11 93
11 94
11 98
11 104
11 105
11 106
11 107
11 109
11 122
11 124
11 126
11 132
11 134
11 135
11 136
11 138
11 140
11 144
11 145
11 147
11 149
12 0
12 1
12 3
12 4
12 5
12 7
12 9
12 14
12 15
12 17
12 18
12 19
12 20
12 21
12 24
12 25
12 29
12 36
12 37
12 39
12 42
12 43
12 44
12 49
12 60
12 62
12 63
12 66
12 67
12 68
12 71
12 72
12 78
12 79
12 80
12 85
12 86
12 88
12 89
12 91
12 94
12 96
12 98
12 101
12 110
12 111
12 112
12 114
12 115
12 118
12 124
12 125
12 127
12 128
12 130
12 136
12 140
12 142
12 144
12 145
12 149
13 0
13 6
13 12
13 13
13 14
13 15
13 16
13 18
13 23
13 24
13 26
13 27
13 28
13 30
13 31
13 36
13 41
13 42
13 44
13 45
13 50
13 52
13 53
13 56
13 58
13 62
13 66
13 72
13 74
13 76
13 78
13 79
13 81
13 85
13 87
13 89
13 90
13 93
13 97
13 100
13 101
13 102
13 108
13 110
13 116
13 117
13 118
13 122
13 123
13 125
13 131
13 132
13 133
13 136
13 137
13 141
13 144
13 149
14 0
14 3
14 4
14 5
14 6
14 10
14 17
14 18
14 25
14 27
14 29
14 31
14 32
14 34
14 35
14 37
14 42
14 45
14 46
14 47
14 50
14 51
14 53
14 54
14 55
14 56
14 58
14 64
14 65
14 70
14 72
14 73
14 76
14 78
14 80
14 83
14 86
14 87
14 89
14 90
14 91
14 93
14 95
14 96
14 100
14 107
14 109
14 110
14 114
14 116
14 118
14 122
14 124
14 128
14 129
14 131
14 132
14 134
14 136
14 139
14 140
14 141
14 145
14 148
15 1
15 3
15 4
15 7
15 10
15 12
15 13
15 15
15 16
15 29
15 30
15 33
15 37
15 43
15 45
15 50
15 51
15 58
15 59
15 64
15 65
15 66
15 69
15 71
15 76
15 80
15 82
15 84
15 86
15 87
15 88
15 92
15 96
15 100
15 102
15 103
15 108
15 109
15 111
15 112
15 113
15 114
15 120
15 121
15 123
15 126
15 127
15 129
15 133
15 141
15 142
15 144
15 145
15 146
16 0
16 3
16 4
16 5
16 6
16 7
16 8
16 9
16 11
16 14
16 17
16 18
16 19
16 20
16 25
16 28
16 32
16 35
16 37
16 39
16 41
16 45
16 50
16 51
16 54
16 56
16 57
16 60
16 61
16 63
16 64
16 69
16 72
16 73
16 75
16 78
16 79
16 81
16 84
16 92
16 93
16 94
16 98
16 99
16 103
16 105
16 107
16 111
16 112
16 113
16 120
16 121
16 122
16 123
16 127
16 129
16 132
16 133
16 134
16 135
16 142
16 144
16 145
16 146
16 148
16 149
17 0
17 1
17 8
17 11
17 12
17 15
17 16
17 17
17 20
17 22
17 24
17 25
17 26
17 27
17 29
17 30
17 34
17 35
17 36
17 39
17 44
17 52
17 54
17 60
17 61
17 62
17 63
17 66
17 68
17 70
17 74
17 75
17 83
17 85
17 93
17 94
17 98
17 99
17 101
17 106
17 108
17 110
17 111
17 114
17 115
17 118
17 121
17 124
17 125
17 126
17 132
17 133
17 135
17 136
17 137
17 139
17 140
17 141
17 145
17 148
17 149
18 0
18 1
18 8
18 9
18 10
18 11
18 12
18 19
18 23
18 27
18 35
18 36
18 45
18 52
18 53
18 54
18 56
18 60
18 62
18 67
18 68
18 69
18 72
18 73
18 78
18 79
18 80
18 84
18 85
18 87
18 89
18 91
18 96
18 99
18 100
18 107
18 108
18 112
18 114
18 116
18 118
18 119
18 121
18 123
18 124
18 127
18 130
18 133
18 134
18 136
18 137
18 142
18 143
18 148
18 149
19 0
19 1
19 2
19 5
19 8
19 10
19 12
19 16
19 17
19 20
19 22
19 23
19 24
19 32
19 36
19 38
19 40
19 43
19 48
19 53
19 55
19 59
19 61
19 64
19 66
19 70
19 72
19 74
19 79
19 81
19 84
19 85
19 87
19 90
19 92
19 93
19 100
19 102
19 104
19 105
19 110
19 112
19 113
19 118
19 127
19 129
19 132
19 136
19 139
19 141
19 145
20 0
20 2
20 3
20 5
20 10
20 11
20 12
20 13
20 14
20 16
20 17
20 20
20 32
20 34
20 37
20 38
20 39
20 40
20 41
20 42
20 44
20 45
20 47
20 55
20 57
20 59
20 61
20 63
20 69
20 72
20 74
20 75
20 77
20 81
20 84
20 86
20 87
20 88
20 89
20 90
20 93
20 96
20 100
20 103
20 104
20 110
20 112
20 122
20 130
20 134
20 136
20 137
20 139
20 140
20 144
20 145
20 147
20 148
21 2
21 3
21 4
21 5
21 6
21 7
21 9
21 11
21 13
21 30
21 34
21 38
21 39
21 42
21 44
21 47
21 48
21 52
21 53
21 62
21 66
21 68
21 72
21 73
21 74
21 78
21 84
21 88
21 91
21 93
21 96
21 99
21 100
21 102
21 105
21 106
21 108
21 110
21 111
21 115
21 120
21 122
21 124
21 125
21 126
21 127
21 130
21 133
21 134
21 136
21 142
21 145
21 148
21 149
22 1
22 3
22 5
22 6
22 7
22 8
22 9
22 12
22 18
22 20
22 22
22 25
22 26
22 27
22 29
22 32
22 34
22 35
22 39
22 42
22 43
22 48
22 52
22 55
22 56
22 57
22 60
22 62
22 65
22 77
22 79
22 80
22 81
22 85
22 87
22 88
22 89
22 91
22 103
22 104
22 105
22 109
22 113
22 116
22 117
22 124
22 128
22 132
22 134
22 136
22 139
22 142
22 145
22 147
22 148
23 2
23 7
23 10
23 14
23 15
23 18
23 21
23 24
23 27
23 32
23 33
23 34
23 40
23 41
23 42
23 46
23 47
23 50
23 51
23 54
23 56
23 57
23 60
23 63
23 64
23 67
23 71
23 74
23 75
23 77
23 78
23 79
23 80
23 85
23 87
23 89
23 97
23 103
23 111
23 112
23 113
23 117
23 119
23 120
23 122
23 127
23 129
23 135
23 136
23 140
23 141
23 143
24 0
24 1
24 3
24 4
24 6
24 7
24 9
24 12
24 14
24 16
24 19
24 20
24 21
24 22
24 24
24 26
24 27
24 33
24 37
24 38
24 39
24 41
24 42
24 46
24 47
24 49
24 52
24 54
24 57
24 58
24 59
24 60
24 67
24 68
24 71
24 79
24 82
24 83
24 84
24 85
24 89
24 95
24 98
24 100
24 103
24 107
24 108
24 119
24 121
24 127
24 128
24 130
24 133
24 134
24 141
24 142
24 146
24 148
24 149
25 3
25 5
25 6
25 7
25 10
25 11
25 13
25 14
25 15
25 16
25 17
25 21
25 24
25 29
25 30
25 32
25 33
25 34
25 38
25 39
25 42
25 43
25 44
25 45
25 54
25 61
25 64
25 70
25 78
25 79
25 85
25 86
25 87
25 90
25 92
25 94
25 97
25 105
25 107
25 113
25 114
25 116
25 120
25 121
25 122
25 123
25 124
25 129
25 133
25 136
25 139
25 140
25 142
25 144
25 147
25 149
26 2
26 3
26 5
26 6
26 7
26 14
26 20
26 21
26 24
26 25
26 26
26 30
26 33
26 37
26 40
26 42
26 43
26 46
26 47
26 50
26 53
26 55
26 61
26 69
26 76
26 79
26 81
26 83
26 90
26 91
26 97
26 102
26 103
26 105
26 106
26 110
26 111
26 113
26 116
26 120
26 121
26 126
26 134
26 138
26 140
27 2
27 3
27 5
27 7
27 8
27 10
27 11
27 14
27 16
27 17
27 19
27 22
27 26
27 27
27 29
27 30
27 31
27 33
27 35
27 36
27 38
27 42
27 43
27 46
27 47
27 50
27 51
27 52
27 54
27 56
27 57
27 64
27 66
27 69
27 71
27 74
27 85
27 87
27 88
27 90
27 92
27 100
27 103
27 112
27 113
27 115
27 116
27 117
27 118
27 119
27 121
27 122
27 125
27 130
27 133
27 136
27 138
27 143
27 147
27 148
28 1
28 3
28 4
28 16
28 18
28 20
28 26
28 28
28 30
28 37
28 43
28 44
28 46
28 50
28 53
28 55
28 56
28 57
28 58
28 59
28 60
28 61
28 62
28 65
28 73
28 76
28 77
28 78
28 79
28 83
28 85
28 86
28 94
28 96
28 97
28 98
28 103
28 105
28 108
28 109
28 112
28 113
28 114
28 115
28 120
28 121
28 127
28 128
28 130
28 131
28 132
28 133
28 134
28 135
28 142
28 143
28 144
28 146
28 147
28 148
28 149
29 3
29 6
29 11
29 12
29 14
29 16
29 18
29 20
29 22
29 23
29 28
29 29
29 32
29 38
29 43
29 48
29 51
29 52
29 55
29 57
29 58
29 59
29 61
29 63
29 64
29 65
29 66
29 67
29 72
29 73
29 75
29 79
29 80
29 81
29 83
29 85
29 88
29 89
29 91
29 92
29 95
29 98
29 99
29 105
29 106
29 107
29 111
29 114
29 117
29 118
29 119
29 120
29 121
29 124
29 129
29 135
29 139
29 140
29 142
29 144
29 146
29 149
30 5
30 7
30 8
30 10
30 12
30 15
30 18
30 19
30 20
30 21
30 22
30 25
30 26
30 28
30 29
30 34
30 37
30 39
30 42
30 43
30 44
30 49
30 52
30 53
30 58
30 60
30 63
30 64
30 68
30 69
30 74
30 82
30 84
30 86
30 89
30 94
30 95
30 97
30 100
30 102
30 106
30 107
30 109
30 114
30 117
30 118
30 125
30 126
30 128
30 130
30 132
30 133
30 134
30 136
30 138
30 139
30 143
30 145
30 149
31 3
31 5
31 12
31 15
31 18
31 23
31 24
31 29
31 30
31 33
31 38
31 41
31 44
31 46
31 49
31 51
31 55
31 56
31 58
31 61
31 68
31 72
31 79
31 81
31 82
31 83
31 85
31 86
31 88
31 89
31 91
31 96
31 97
31 98
31 99
31 100
31 101
31 103
31 104
31 107
31 113
31 115
31 117
31 121
31 123
31 126
31 129
31 136
31 137
31 142
31 145
31 147
31 148
32 2
32 6
32 8
32 10
32 17
32 19
32 21
32 23
32 24
32 25
32 26
32 33
32 34
32 36
32 38
32 39
32 43
32 45
32 49
32 51
32 52
32 53
32 55
32 58
32 59
32 64
32 66
32 67
32 71
32 73
32 76
32 77
32 78
32 84
32 88
32 90
32 91
32 92
32 93
32 96
32 98
32 100
32 102
32 103
32 106
32 107
32 112
32 114
32 115
32 116
32 123
32 130
32 132
32 136
32 139
32 140
32 141
32 145
32 149
33 0
33 6
33 10
33 11
33 15
33 17
33 22
33 23
33 24
33 29
33 30
33 31
33 32
33 34
33 35
33 39
33 40
33 41
33 46
33 48
33 49
33 50
33 52
33 55
33 58
33 63
33 64
33 67
33 70
33 71
33 75
33 77
33 81
33 82
33 87
33 92
33 93
33 94
33 95
33 98
33 99
33 100
33 103
33 104
33 105
33 107
33 113
33 115
33 117
33 118
33 119
33 121
33 122
33 127
33 129
33 132
33 134
33 138
33 139
33 140
33 144
33 148
34 1
34 8
34 9
34 10
34 13
34 14
34 15
34 16
34 17
34 18
34 21
34 22
34 24
34 25
34 29
34 30
34 31
34 33
34 34
34 35
34 36
34 39
34 42
34 43
34 45
34 48
34 50
34 52
34 53
34 55
34 61
34 62
34 65
34 71
34 72
34 76
34 78
34 86
34 89
34 90
34 101
34 107
34 109
34 110
34 111
34 113
34 115
34 117
34 122
34 123
34 124
34 127
34 130
34 131
34 132
34 133
34 135
34 142
34 143
34 144
34 146
34 148
35 1
35 2
35 4
35 5
35 8
35 9
35 10
35 11
35 15
35 18
35 21
35 22
35 25
35 27
35 28
35 31
35 32
35 34
35 35
35 38
35 41
35 43
35 44
35 46
35 49
35 50
35 52
35 53
35 56
35 57
35 59
35 60
35 65
35 68
35 69
35 73
35 77
35 80
35 82
35 83
35 84
35 85
35 91
35 92
35 98
35 106
35 108
35 113
35 116
35 118
35 121
35 123
35 125
35 126
35 128
35 129
35 130
35 131
35 136
35 144
35 145
35 146
35 148
35 149
36 0
36 2
36 3
36 5
36 6
36 7
36 8
36 12
36 13
36 14
36 16
36 17
36 19
36 24
36 26
36 27
36 28
36 30
36 32
36 37
36 38
36 39
36 41
36 43
36 46
36 51
36 54
36 56
36 57
36 59
36 61
36 63
36 66
36 67
36 71
36 72
36 73
36 77
36 81
36 82
36 84
36 85
36 86
36 90
36 97
36 99
36 100
36 101
36 105
36 107
36 119
36 122
36 127
36 128
36 131
36 134
36 135
36 137
36 138
36 141
36 143
36 146
36 147
37 0
37 1
37 2
37 5
37 7
37 12
37 13
37 14
37 19
37 23
37 24
37 27
37 30
37 31
37 34
37 36
37 37
37 38
37 41
37 42
37 44
37 47
37 48
37 52
37 57
37 63
37 64
37 65
37 68
37 81
37 82
37 86
37 87
37 88
37 89
37 90
37 92
37 93
37 95
37 97
37 98
37 99
37 101
37 102
37 103
37 104
37 106
37 109
37 115
37 119
37 123
37 125
37 126
37 129
37 130
37 131
37 132
37 133
37 136
37 140
37 142
37 144
37 145
37 146
37 148
38 0
38 2
38 5
38 7
38 13
38 14
38 15
38 18
38 19
38 21
38 23
38 24
38 26
38 27
38 28
38 31
38 39
38 40
38 41
38 42
38 43
38 44
38 45
38 50
38 52
38 53
38 55
38 56
38 58
38 61
38 62
38 66
38 74
38 76
38 77
38 80
38 81
38 82
38 84
38 89
38 90
38 96
38 97
38 101
38 102
38 105
38 108
38 113
38 114
38 115
38 118
38 123
38 125
38 127
38 128
38 131
38 133
38 136
38 140
38 143
38 145
38 147
39 1
39 5
39 8
39 10
39 11
39 13
39 15
39 16
39 17
39 19
39 21
39 35
39 38
39 39
39 42
39 43
39 50
39 52
39 54
39 59
39 62
39 65
39 67
39 73
39 74
39 77
39 80
39 83
39 85
39 91
39 94
39 95
39 96
39 100
39 102
39 103
39 105
39 107
39 109
39 111
39 112
39 113
39 116
39 119
39 123
39 125
39 126
39 127
39 128
39 129
39 130
39 132
39 134
39 136
39 145
39 147
40 0
40 2
40 4
40 5
40 6
40 10
40 13
40 16
40 17
40 18
40 21
40 25
40 27
40 29
40 39
40 40
40 47
40 49
40 52
40 54
40 57
40 58
40 63
40 64
40 67
40 70
40 73
40 75
40 76
40 80
40 81
40 87
40 88
40 91
40 95
40 96
40 102
40 106
40 109
40 111
40 113
40 115
40 116
40 118
40 122
40 129
40 132
40 133
40 134
40 140
40 141
40 144
40 146
40 147
40 148
40 149
41 0
41 2
41 7
41 14
41 19
41 21
41 28
41 29
41 33
41 36
41 43
41 44
41 52
41 55
41 57
41 61
41 64
41 73
41 75
41 76
41 81
41 82
41 83
41 85
41 87
41 89
41 90
41 92
41 93
41 94
41 95
41 96
41 97
41 100
41 102
41 103
41 104
41 105
41 108
41 115
41 119
41 120
41 121
41 124
41 125
41 126
41 128
41 129
41 131
41 132
41 133
41 134
41 137
41 138
41 142
41 143
41 145
41 146
41 147
41 148
42 3
42 4
42 5
42 7
42 8
42 11
42 13
42 15
42 18
42 20
42 25
42 30
42 37
42 39
42 42
42 46
42 48
42 54
42 56
42 57
42 58
42 64
42 70
42 78
42 79
42 81
42 85
42 93
42 95
42 100
42 101
42 104
42 106
42 108
42 109
42 110
42 111
42 112
42 113
42 122
42 125
42 126
42 131
42 137
42 141
42 142
42 145
42 147
42 148
43 1
43 3
43 4
43 5
43 6
43 8
43 9
43 12
43 13
43 15
43 18
43 19
43 20
43 21
43 26
43 27
43 28
43 30
43 32
43 33
43 37
43 39
43 43
43 45
43 49
43 51
43 53
43 56
43 61
43 62
43 64
43 67
43 68
43 70
43 73
43 74
43 77
43 79
43 82
43 83
43 91
43 94
43 95
43 98
43 100
43 103
43 105
43 106
43 112
43 115
43 116
43 126
43 128
43 131
43 134
43 137
43 141
43 143
43 145
43 146
43 147
43 149
44 1
44 2
44 5
44 8
44 10
44 16
44 18
44 20
44 22
44 26
44 27
44 29
44 30
44 34
44 36
44 39
44 41
44 42
44 43
44 45
44 46
44 48
44 50
44 51
44 53
44 54
44 55
44 56
44 60
44 64
44 66
44 68
44 70
44 72
44 76
44 77
44 81
44 82
44 83
44 84
44 87
44 91
44 94
44 97
44 99
44 100
44 101
44 103
44 105
44 106
44 111
44 112
44 113
44 117
44 118
44 119
44 120
44 121
44 122
44 123
44 130
44 132
44 133
44 135
44 145
44 148
45 0
45 1
45 2
45 5
45 7
45 8
45 10
45 11
45 12
45 16
45 22
45 23
45 25
45 26
45 27
45 29
45 30
45 31
45 34
45 35
45 38
45 43
45 44
45 45
45 48
45 49
45 60
45 66
45 67
45 68
45 70
45 72
45 74
45 75
45 79
45 84
45 88
45 89
45 90
45 91
45 94
45 99
45 104
45 108
45 109
45 113
45 115
45 118
45 120
45 122
45 123
45 124
45 125
45 132
45 134
45 136
45 138
45 139
45 140
45 144
45 146
45 148
46 0
46 5
46 8
46 10
46 14
46 15
46 17
46 18
46 21
46 22
46 25
46 29
46 33
46 38
46 39
46 40
46 45
46 47
46 48
46 49
46 54
46 59
46 60
46 61
46 62
46 63
46 64
46 65
46 67
46 68
46 69
46 70
46 72
46 73
46 74
46 76
46 77
46 81
46 82
46 84
46 86
46 93
46 97
46 98
46 104
46 108
46 109
46 113
46 114
46 118
46 119
46 120
46 123
46 124
46 125
46 128
46 129
46 131
46 132
46 136
46 137
46 139
46 140
46 142
46 143
46 147
46 148
47 4
47 5
47 9
47 12
47 17
47 20
47 23
47 25
47 31
47 38
47 41
47 44
47 46
47 47
47 48
47 49
47 53
47 55
47 57
47 59
47 66
47 69
47 72
47 73
47 76
47 79
47 81
47 83
47 87
47 88
47 91
47 92
47 93
47 96
47 99
47 106
47 107
47 108
47 109
47 111
47 114
47 118
47 121
47 128
47 135
47 138
47 140
47 144
48 1
48 3
48 6
48 7
48 8
48 14
48 19
48 20
48 21
48 25
48 26
48 27
48 30
48 32
48 38
48 41
48 42
48 44
48 49
48 55
48 56
48 58
48 59
48 60
48 61
48 67
48 69
48 71
48 74
48 76
48 77
48 81
48 89
48 91
48 92
48 93
48 96
48 97
48 98
48 102
48 104
48 105
48 106
48 107
48 109
48 114
48 118
48 121
48 125
48 130
48 133
48 137
48 138
48 142
48 147
48 149
49 0
49 1
49 3
49 4
49 5
49 6
49 9
49 11
49 12
49 13
49 15
49 19
49 22
49 23
49 24
49 25
49 26
49 28
49 29
49 31
49 33
49 34
49 40
49 41
49 43
49 46
49 47
49 49
49 50
49 53
49 59
49 63
49 65
49 69
49 70
49 71
49 75
49 78
49 79
49 80
49 81
49 84
49 88
49 89
49 91
49 93
49 95
49 96
49 99
49 102
49 103
49 104
49 106
49 110
49 114
49 121
49 124
49 125
49 126
49 128
49 132
49 133
49 134
49 136
49 138
49 140
49 143
49 149
50 0
50 3
50 4
50 6
50 11
50 14
50 18
50 19
50 20
50 27
50 30
50 33
50 40
50 44
50 46
50 51
50 53
50 55
50 56
50 60
50 62
50 63
50 65
50 68
50 69
50 73
50 77
50 79
50 83
50 87
50 88
50 90
50 91
50 93
50 96
50 107
50 108
50 109
50 110
50 113
50 117
50 118
50 121
50 124
50 125
50 126
50 128
50 129
50 132
50 137
50 146
51 0
51 2
51 3
51 5
51 6
51 7
51 8
51 12
51 14
51 17
51 18
51 20
51 22
51 25
51 33
51 34
51 37
51 38
51 42
51 43
51 44
51 47
51 48
51 52
51 53
51 54
51 57
51 60
51 61
51 63
51 64
51 66
51 71
51 72
51 74
51 75
51 80
51 81
51 82
51 83
51 88
51 93
51 94
51 95
51 100
51 102
51 110
51 113
51 115
51 119
51 120
51 123
51 125
51 134
51 136
51 137
51 138
51 139
51 143
51 146
52 1
52 11
52 13
52 16
52 18
52 19
52 20
52 21
52 22
52 30
52 32
52 35
52 36
52 37
52 39
52 40
52 41
52 45
52 48
52 49
52 54
52 55
52 56
52 59
52 60
52 65
52 66
52 70
52 76
52 78
52 84
52 86
52 87
52 89
52 90
52 93
52 97
52 99
52 101
52 106
52 108
52 110
52 113
52 114
52 116
52 119
52 124
52 128
52 130
52 131
52 132
52 137
52 138
52 139
52 141
52 142
52 143
52 149
53 10
53 14
53 17
53 18
53 19
53 20
53 25
53 29
53 30
53 35
53 36
53 37
53 38
53 42
53 45
53 47
53 49
53 57
53 58
53 60
53 61
53 62
53 63
53 64
53 65
53 66
53 67
53 68
53 73
53 74
53 78
53 80
53 81
53 82
53 86
53 87
53 90
53 94
53 97
53 98
53 100
53 102
53 104
53 105
53 107
53 109
53 110
53 114
53 115
53 121
53 124
53 126
53 130
53 131
53 136
53 143
53 147
53 148
54 0
54 1
54 2
54 3
54 4
54 8
54 10
54 11
54 12
54 14
54 15
54 19
54 24
54 26
54 30
54 31
54 32
54 37
54 38
54 40
54 42
54 43
54 47
54 51
54 56
54 57
54 59
54 60
54 62
54 65
54 68
54 71
54 73
54 75
54 78
54 79
54 83
54 85
54 87
54 94
54 98
54 99
54 103
54 104
54 105
54 108
54 111
54 115
54 118
54 123
54 126
54 128
54 130
54 133
54 140
54 141
54 142
54 146
55 0
55 1
55 4
55 7
55 8
55 10
55 12
55 15
55 16
55 17
55 18
55 19
55 23
55 25
55 28
55 29
55 31
55 38
55 42
55 44
55 45
55 46
55 51
55 53
55 60
55 64
55 84
55 86
55 87
55 93
55 94
55 95
55 96
55 97
55 99
55 101
55 102
55 103
55 113
55 116
55 117
55 118
55 120
55 124
55 125
55 126
55 129
55 133
55 135
55 137
55 140
55 146
55 148
56 0
56 2
56 4
56 6
56 7
56 8
56 11
56 12
56 14
56 15
56 16
56 18
56 21
56 22
56 23
56 24
56 27
56 31
56 33
56 36
56 40
56 42
56 49
56 51
56 52
56 53
56 54
56 56
56 66
56 70
56 71
56 72
56 74
56 75
56 77
56 78
56 80
56 82
56 83
56 84
56 85
56 86
56 87
56 90
56 92
56 93
56 94
56 96
56 100
56 101
56 102
56 104
56 105
56 106
56 109
56 111
56 116
56 118
56 120
56 123
56 124
56 127
56 129
56 132
56 133
56 135
56 137
56 139
56 140
56 142
56 146
57 1
57 6
57 9
57 15
57 16
57 17
57 20
57 21
57 24
57 25
57 29
57 36
57 37
57 40
57 44
57 52
57 56
57 65
57 68
57 73
57 75
57 80
57 82
57 88
57 90
57 96
57 97
57 98
57 104
57 106
57 108
57 111
57 113
57 115
57 119
57 122
57 123
57 124
57 130
57 132
57 134
57 139
57 145
58 3
58 9
58 16
58 17
58 18
58 20
58 21
58 27
58 28
58 30
58 31
58 32
58 35
58 38
58 39
58 41
58 42
58 43
58 45
58 47
58 48
58 49
58 50
58 57
58 62
58 63
58 64
58 66
58 69
58 70
58 71
58 73
58 75
58 76
58 81
58 82
58 85
58 87
58 89
58 91
58 95
58 96
58 97
58 98
58 102
58 105
58 107
58 108
58 111
58 112
58 116
58 117
58 122
58 124
58 126
58 131
58 135
58 138
58 142
58 144
58 148
59 0
59 1
59 2
59 3
59 4
59 5
59 6
59 10
59 11
59 21
59 25
59 27
59 29
59 32
59 34
59 44
59 48
59 51
59 53
59 54
59 55
59 56
59 57
59 58
59 59
59 63
59 68
59 70
59 77
59 78
59 80
59 83
59 84
59 90
59 91
59 93
59 97
59 99
59 100
59 102
59 104
59 107
59 111
59 112
59 118
59 120
59 122
59 124
59 125
59 126
59 128
59 132
59 133
59 141
59 143
59 144
59 147
59 148
59 149
60 1
60 2
60 5
60 7
60 11
60 12
60 16
60 17
60 19
60 22
60 23
60 25
60 26
60 27
60 28
60 29
60 30
60 35
60 41
60 42
60 45
60 47
60 48
60 52
60 53
60 56
60 57
60 60
60 66
60 68
60 74
60 78
60 82
60 84
60 87
60 88
60 92
60 93
60 95
60 96
60 97
60 102
60 104
60 105
60 107
60 108
60 115
60 118
60 120
60 121
60 123
60 124
60 125
60 126
60 130
60 132
60 135
60 139
60 141
60 143
60 144
60 145
60 146
60 148
61 1
61 3
61 4
61 6
61 7
61 10
61 11
61 14
61 15
61 16
61 17
61 20
61 24
61 25
61 28
61 30
61 32
61 36
61 38
61 39
61 42
61 45
61 48
61 49
61 53
61 54
61 57
61 58
61 59
61 62
61 64
61 69
61 72
61 73
61 74
61 75
61 76
61 78
61 80
61 84
61 86
61 87
61 91
61 94
61 99
61 100
61 101
61 103
61 104
61 108
61 109
61 111
61 118
61 126
61 129
61 136
61 141
61 143
61 144
61 147
61 148
61 149
62 6
62 10
62 11
62 12
62 13
62 15
62 18
62 19
62 20
62 22
62 27
62 32
62 33
62 35
62 36
62 39
62 41
62 42
62 46
62 47
62 48
62 49
62 50
62 52
62 53
62 58
62 59
62 63
62 64
62 66
62 70
62 72
62 76
62 79
62 83
62 84
62 86
62 93
62 94
62 95
62 96
62 98
62 101
62 102
62 105
62 106
62 108
62 110
62 112
62 114
62 116
62 119
62 120
62 122
62 123
62 124
62 130
62 131
62 134
62 136
62 137
62 144
62 145
62 146
62 147
63 0
63 1
63 3
63 5
63 7
63 8
63 11
63 14
63 15
63 17
63 18
63 19
63 20
63 22
63 24
63 25
63 35
63 36
63 40
63 41
63 42
63 43
63 47
63 48
63 51
63 53
63 56
63 60
63 64
63 65
63 67
63 69
63 70
63 72
63 74
63 75
63 76
63 77
63 80
63 82
63 84
63 85
63 88
63 91
63 93
63 94
63 95
63 96
63 99
63 101
63 104
63 105
63 110
63 114
63 116
63 117
63 123
63 124
63 127
63 147
63 148
64 1
64 3
64 6
64 7
64 8
64 10
64 17
64 25
64 27
64 30
64 31
64 33
64 35
64 36
64 38
64 39
64 40
64 42
64 44
64 49
64 51
64 53
64 54
64 56
64 59
64 61
64 63
64 67
64 68
64 69
64 71
64 72
64 76
64 78
64 82
64 84
64 85
64 89
64 96
64 97
64 99
64 100
64 104
64 105
64 106
64 107
64 109
64 111
64 112
64 113
64 115
64 118
64 119
64 120
64 125
64 129
64 130
64 133
64 134
64 136
64 138
64 141
64 148
65 0
65 4
65 7
65 8
65 9
65 11
65 13
65 16
65 20
65 23
65 24
65 29
65 34
65 36
65 38
65 44
65 45
65 46
65 47
65 50
65 51
65 55
65 60
65 62
65 64
65 68
65 69
65 70
65 73
65 74
65 75
65 77
65 82
65 84
65 91
65 95
65 97
65 101
65 102
65 107
65 120
65 122
65 123
65 125
65 131
65 135
65 143
65 145
66 0
66 3
66 4
66 5
66 7
66 9
66 23
66 25
66 28
66 35
66 37
66 39
66 40
66 41
66 44
66 53
66 54
66 55
66 56
66 58
66 59
66 61
66 65
66 68
66 71
66 73
66 74
66 78
66 79
66 83
66 85
66 88
66 96
66 97
66 98
66 99
66 101
66 106
66 109
66 112
66 114
66 115
66 118
66 123
66 125
66 129
66 132
66 133
66 135
66 136
66 145
66 146
66 147
67 0
67 4
67 5
67 6
67 9
67 14
67 15
67 16
67 19
67 21
67 23
67 24
67 28
67 29
67 31
67 33
67 35
67 39
67 40
67 42
67 44
67 46
67 47
67 49
67 56
67 57
67 59
67 63
67 70
67 71
67 73
67 74
67 82
67 87
67 88
67 89
67 92
67 94
67 96
67 99
67 102
67 106
67 107
67 108
67 109
67 110
67 115
67 121
67 123
67 126
67 127
67 130
67 131
67 135
67 146
67 147
68 0
68 1
68 2
68 3
68 4
68 5
68 6
68 11
68 13
68 14
68 15
68 21
68 23
68 29
68 34
68 35
68 36
68 37
68 39
68 40
68 41
68 42
68 48
68 50
68 54
68 57
68 59
68 60
68 61
68 63
68 64
68 71
68 74
68 80
68 83
68 84
68 87
68 88
68 89
68 91
68 92
68 93
68 97
68 98
68 100
68 101
68 105
68 106
68 110
68 111
68 116
68 117
68 120
68 124
68 125
68 129
68 134
68 137
68 139
68 141
68 148
69 0
69 2
69 3
69 4
69 5
69 6
69 7
69 8
69 9
69 12
69 13
69 16
69 18
69 19
69 23
69 26
69 30
69 32
69 33
69 34
69 37
69 38
69 42
69 43
69 46
69 47
69 50
69 53
69 54
69 55
69 56
69 57
69 59
69 60
69 63
69 73
69 75
69 78
69 79
69 81
69 82
69 83
69 91
69 94
69 98
69 99
69 104
69 106
69 108
69 109
69 110
69 111
69 115
69 118
69 119
69 122
69 123
69 124
69 129
69 132
69 135
69 136
69 138
69 139
69 140
69 142
69 143
69 146
69 148
69 149
70 4
70 5
70 6
70 8
70 10
70 11
70 14
70 15
70 16
70 19
70 24
70 26
70 29
70 30
70 37
70 38
70 41
70 45
70 46
70 56
70 58
70 59
70 60
70 61
70 62
70 66
70 67
70 69
70 71
70 72
70 75
70 76
70 79
70 81
70 83
70 84
70 85
70 88
70 93
70 96
70 99
70 100
70 103
70 107
70 109
70 110
70 112
70 117
70 122
70 125
70 126
70 128
70 129
70 138
70 142
70 143
70 146
70 147
70 148
71 0
71 1
71 2
71 3
71 4
71 7
71 8
71 9
71 11
71 12
71 16
71 18
71 20
71 21
71 25
71 32
71 34
71 40
71 41
71 45
71 47
71 48
71 51
71 53
71 55
71 57
71 58
71 60
71 65
71 68
71 70
71 71
71 73
71 75
71 78
71 80
71 82
71 84
71 90
71 91
71 92
71 96
71 97
71 99
71 102
71 103
71 104
71 106
71 107
71 110
71 112
71 113
71 115
71 116
71 120
71 122
71 127
71 129
71 134
71 137
71 138
71 144
71 146
71 147
72 0
72 2
72 3
72 4
72 5
72 9
72 11
72 15
72 18
72 19
72 22
72 24
72 26
72 30
72 31
72 32
72 34
72 37
72 38
72 40
72 41
72 42
72 48
72 49
72 50
72 54
72 57
72 59
72 62
72 65
72 66
72 67
72 68
72 70
72 71
72 73
72 74
72 77
72 78
72 84
72 85
72 87
72 89
72 91
72 92
72 93
72 96
72 97
72 98
72 99
72 100
72 104
72 108
72 110
72 114
72 117
72 120
72 121
72 125
72 128
72 129
72 130
72 132
72 133
72 139
72 142
72 145
72 146
72 147
72 148
73 1
73 3
73 4
73 7
73 12
73 13
73 15
73 20
73 21
73 24
73 25
73 27
73 31
73 36
73 39
73 40
73 41
73 42
73 43
73 44
73 46
73 47
73 56
73 58
73 62
73 63
73 64
73 65
73 68
73 69
73 71
73 72
73 74
73 77
73 78
73 79
73 80
73 87
73 88
73 95
73 97
73 98
73 102
73 103
73 105
73 107
73 109
73 110
73 117
73 121
73 122
73 123
73 127
73 131
73 135
73 143
73 145
73 147
73 148
74 2
74 3
74 13
74 19
74 27
74 28
74 29
74 34
74 35
74 39
74 41
74 46
74 51
74 54
74 57
74 62
74 64
74 66
74 67
74 70
74 72
74 76
74 82
74 84
74 87
74 91
74 92
74 100
74 104
74 108
74 110
74 113
74 114
74 117
74 123
74 124
74 125
74 127
74 131
74 133
74 135
74 137
74 140
74 142
74 148
75 0
75 1
75 2
75 3
75 5
75 6
75 7
75 8
75 9
75 11
75 16
75 19
75 22
75 24
75 26
75 29
75 30
75 32
75 35
75 38
75 43
75 47
75 55
75 59
75 60
75 70
75 73
75 75
75 76
75 79
75 81
75 83
75 87
75 90
75 92
75 95
75 100
75 103
75 105
75 108
75 113
75 118
75 121
75 125
75 126
75 137
75 140
75 146
75 147
75 148
76 0
76 1
76 2
76 10
76 11
76 12
76 14
76 18
76 19
76 20
76 22
76 24
76 28
76 30
76 33
76 35
76 36
76 43
76 45
76 46
76 48
76 52
76 54
76 55
76 58
76 61
76 62
76 64
76 65
76 66
76 68
76 78
76 84
76 87
76 92
76 93
76 94
76 96
76 97
76 99
76 100
76 101
76 103
76 108
76 109
76 110
76 111
76 119
76 120
76 124
76 126
76 128
76 130
76 131
76 132
76 134
76 135
76 138
76 141
76 142
76 146
76 147
76 148
76 149
77 0
77 3
77 5
77 8
77 9
77 10
77 15
77 21
77 22
77 26
77 29
77 31
77 35
77 39
77 40
77 43
77 44
77 48
77 50
77 53
77 54
77 55
77 60
77 65
77 66
77 67
77 71
77 72
77 76
77 80
77 82
77 90
77 94
77 95
77 98
77 101
77 103
77 107
77 112
77 113
77 114
77 115
77 116
77 118
77 122
77 123
77 124
77 125
77 126
77 130
77 131
77 132
77 137
77 138
77 141
77 144
77 145
77 146
77 149
78 4
78 6
78 8
78 9
78 17
78 20
78 21
78 27
78 29
78 31
78 32
78 34
78 37
78 38
78 40
78 41
78 45
78 46
78 47
78 48
78 49
78 50
78 53
78 54
78 58
78 60
78 62
78 63
78 64
78 66
78 69
78 72
78 78
78 79
78 80
78 82
78 86
78 87
78 88
78 89
78 92
78 93
78 97
78 98
78 100
78 101
78 102
78 105
78 106
78 115
78 116
78 120
78 122
78 125
78 130
78 136
78 137
78 139
78 141
78 144
78 147
78 148
79 1
79 3
79 5
79 6
79 12
79 13
79 17
79 18
79 19
79 20
79 23
79 25
79 26
79 31
79 32
79 33
79 35
79 39
79 40
79 44
79 48
79 50
79 52
79 55
79 56
79 57
79 58
79 60
79 62
79 65
79 66
79 67
79 77
79 80
79 81
79 82
79 86
79 94
79 95
79 97
79 98
79 102
79 103
79 104
79 108
79 110
79 111
79 112
79 113
79 117
79 120
79 125
79 129
79 132
79 133
79 134
79 136
79 137
79 139
79 140
79 144
79 146
79 147
79 148
80 3
80 5
80 9
80 10
80 12
80 13
80 18
80 19
80 21
80 23
80 27
80 34
80 36
80 38
80 40
80 42
80 43
80 50
80 52
80 53
80 62
80 63
80 64
80 65
80 66
80 69
80 72
80 77
80 78
80 80
80 84
80 88
80 94
80 97
80 99
80 100
80 102
80 105
80 107
80 110
80 114
80 116
80 119
80 120
80 122
80 124
80 131
80 132
80 133
80 135
80 137
80 138
80 139
80 140
80 141
80 143
80 144
80 148
80 149
81 0
81 1
81 3
81 4
81 8
81 9
81 22
81 24
81 30
81 35
81 37
81 41
81 43
81 44
81 47
81 48
81 50
81 52
81 58
81 60
81 62
81 63
81 67
81 69
81 74
81 76
81 81
81 84
81 85
81 87
81 92
81 95
81 96
81 98
81 102
81 104
81 106
81 108
81 109
81 115
81 116
81 121
81 123
81 125
81 126
81 127
81 128
81 132
81 133
81 135
81 136
81 139
81 143
81 144
81 145
81 148
81 149
82 1
82 2
82 4
82 5
82 7
82 10
82 11
82 12
82 13
82 14
82 22
82 23
82 25
82 26
82 33
82 38
82 42
82 43
82 46
82 48
82 49
82 52
82 53
82 54
82 55
82 61
82 65
82 68
82 69
82 70
82 71
82 78
82 79
82 80
82 81
82 91
82 93
82 96
82 97
82 98
82 100
82 101
82 103
82 104
82 105
82 109
82 112
82 115
82 116
82 118
82 125
82 132
82 133
82 136
82 144
82 149
83 1
83 3
83 7
83 8
83 9
83 10
83 11
83 13
83 15
83 19
83 21
83 23
83 24
83 28
83 29
83 31
83 32
83 34
83 36
83 39
83 41
83 44
83 46
83 47
83 49
83 55
83 57
83 58
83 63
83 66
83 67
83 68
83 70
83 71
83 75
83 76
83 78
83 81
83 85
83 87
83 89
83 90
83 94
83 95
83 99
83 109
83 113
83 114
83 115
83 118
83 119
83 120
83 121
83 123
83 124
83 125
83 126
83 127
83 129
83 130
83 131
83 132
83 133
83 136
83 137
83 139
83 140
83 144
83 145
83 146
84 0
84 1
84 3
84 4
84 5
84 6
84 10
84 11
84 17
84 19
84 20
84 21
84 26
84 27
84 29
84 33
84 37
84 40
84 41
84 42
84 44
84 49
84 50
84 55
84 57
84 59
84 64
84 68
84 69
84 70
84 71
84 74
84 77
84 81
84 83
84 84
84 86
84 87
84 89
84 92
84 96
84 99
84 100
84 103
84 105
84 106
84 108
84 109
84 111
84 112
84 120
84 121
84 123
84 126
84 128
84 135
84 139
84 141
84 144
84 149
85 0
85 2
85 3
85 6
85 7
85 8
85 10
85 12
85 13
85 15
85 16
85 17
85 18
85 19
85 21
85 25
85 26
85 27
85 31
85 33
85 38
85 41
85 42
85 47
85 48
85 50
85 52
85 53
85 58
85 62
85 64
85 66
85 69
85 71
85 81
85 85
85 86
85 90
85 92
85 93
85 94
85 96
85 99
85 101
85 103
85 106
85 107
85 111
85 112
85 114
85 115
85 116
85 118
85 120
85 122
85 125
85 130
85 132
85 134
85 135
85 136
85 137
85 142
85 145
85 146
85 149
86 0
86 1
86 2
86 3
86 6
86 7
86 8
86 11
86 15
86 23
86 30
86 37
86 38
86 40
86 43
86 45
86 48
86 49
86 53
86 56
86 57
86 58
86 64
86 65
86 67
86 70
86 71
86 74
86 75
86 77
86 80
86 82
86 86
86 87
86 88
86 89
86 92
86 95
86 96
86 97
86 107
86 114
86 115
86 116
86 117
86 118
86 125
86 126
86 127
86 129
86 130
86 132
86 133
86 135
86 138
86 142
86 143
86 144
86 146
86 148
87 1
87 4
87 6
87 8
87 9
87 11
87 12
87 13
87 15
87 17
87 22
87 23
87 24
87 25
87 30
87 32
87 33
87 37
87 38
87 41
87 42
87 44
87 45
87 48
87 51
87 53
87 59
87 62
87 65
87 68
87 69
87 73
87 75
87 80
87 81
87 82
87 88
87 90
87 95
87 102
87 109
87 118
87 119
87 129
87 131
87 133
87 136
87 140
87 143
87 145
87 148
87 149
88 2
88 6
88 9
88 11
88 12
88 17
88 21
88 22
88 24
88 35
88 36
88 38
88 39
88 40
88 41
88 45
88 46
88 48
88 49
88 50
88 52
88 54
88 59
88 60
88 61
88 63
88 65
88 68
88 69
88 70
88 76
88 78
88 83
88 84
88 85
88 86
88 88
88 89
88 90
88 92
88 94
88 95
88 96
88 100
88 101
88 104
88 107
88 110
88 111
88 115
88 117
88 119
88 121
88 129
88 130
88 132
88 134
88 135
88 136
88 137
88 142
88 143
88 147
88 148
88 149
89 3
89 5
89 6
89 8
89 10
89 16
89 20
89 21
89 23
89 25
89 28
89 31
89 32
89 33
89 37
89 38
89 39
89 40
89 44
89 48
89 49
89 50
89 53
89 54
89 55
89 56
89 62
89 64
89 66
89 67
89 68
89 69
89 70
89 71
89 73
89 74
89 76
89 79
89 80
89 88
89 94
89 96
89 97
89 99
89 100
89 102
89 106
89 107
89 108
89 111
89 112
89 113
89 119
89 120
89 121
89 122
89 123
89 124
89 126
89 128
89 130
89 132
89 135
89 137
89 147
90 0
90 5
90 10
90 11
90 15
90 18
90 20
90 22
90 23
90 26
90 32
90 33
90 34
90 35
90 36
90 39
90 41
90 42
90 48
90 49
90 50
90 51
90 52
90 54
90 58
90 59
90 61
90 62
90 63
90 65
90 68
90 70
90 75
90 77
90 78
90 79
90 83
90 86
90 89
90 92
90 93
90 96
90 100
90 101
90 102
90 104
90 106
90 113
90 116
90 127
90 128
90 129
90 130
90 134
90 136
90 139
90 142
90 145
90 149
91 0
91 3
91 6
91 9
91 10
91 18
91 19
91 22
91 24
91 25
91 31
91 32
91 35
91 36
91 37
91 38
91 40
91 42
91 43
91 44
91 46
91 50
91 55
91 58
91 60
91 62
91 65
91 67
91 70
91 78
91 80
91 82
91 92
91 93
91 95
91 96
91 98
91 100
91 103
91 106
91 111
91 115
91 116
91 118
91 121
91 122
91 124
91 125
91 126
91 127
91 128
91 129
91 132
91 133
91 134
91 135
91 140
91 143
91 145
91 147
91 148
91 149
92 1
92 2
92 3
92 6
92 10
92 13
92 15
92 20
92 21
92 25
92 26
92 27
92 31
92 32
92 33
92 38
92 39
92 41
92 42
92 44
92 45
92 48
92 49
92 50
92 55
92 56
92 57
92 63
92 64
92 66
92 67
92 69
92 73
92 74
92 75
92 76
92 79
92 85
92 94
92 96
92 99
92 101
92 104
92 108
92 112
92 113
92 114
92 115
92 117
92 118
92 120
92 122
92 123
92 125
92 126
92 127
92 129
92 131
92 132
92 134
92 145
92 146
92 149
93 0
93 4
93 6
93 7
93 12
93 13
93 14
93 15
93 17
93 19
93 25
93 30
93 33
93 34
93 35
93 38
93 41
93 42
93 43
93 45
93 57
93 58
93 61
93 62
93 65
93 66
93 67
93 68
93 71
93 73
93 75
93 76
93 80
93 81
93 82
93 83
93 84
93 89
93 92
93 94
93 98
93 100
93 101
93 103
93 107
93 112
93 115
93 117
93 121
93 122
93 123
93 124
93 125
93 126
93 132
93 133
93 135
93 137
93 139
93 143
93 144
93 146
93 148
94 3
94 6
94 7
94 8
94 9
94 12
94 13
94 15
94 19
94 21
94 23
94 24
94 25
94 29
94 30
94 33
94 34
94 37
94 39
94 40
94 45
94 49
94 53
94 56
94 57
94 60
94 61
94 63
94 65
94 68
94 69
94 72
94 74
94 75
94 76
94 77
94 78
94 81
94 84
94 85
94 88
94 91
94 93
94 94
94 95
94 104
94 106
94 107
94 110
94 111
94 112
94 114
94 115
94 116
94 121
94 122
94 123
94 125
94 126
94 128
94 130
94 133
94 135
94 137
94 138
94 142
94 144
94 145
94 146
95 2
95 3
95 5
95 8
95 10
95 12
95 13
95 14
95 17
95 20
95 21
95 25
95 26
95 31
95 33
95 40
95 45
95 46
95 47
95 49
95 50
95 53
95 55
95 60
95 61
95 63
95 64
95 66
95 68
95 69
95 72
95 73
95 74
95 75
95 76
95 77
95 80
95 85
95 86
95 87
95 89
95 90
95 91
95 93
95 95
95 98
95 101
95 106
95 107
95 111
95 114
95 115
95 117
95 120
95 123
95 125
95 126
95 128
95 129
95 132
95 139
95 141
95 143
95 144
95 146
95 149
96 0
96 2
96 3
96 4
96 6
96 8
96 9
96 12
96 18
96 19
96 20
96 22
96 24
96 26
96 27
96 30
96 36
96 37
96 43
96 46
96 48
96 49
96 51
96 52
96 54
96 57
96 59
96 63
96 64
96 67
96 68
96 69
96 70
96 71
96 74
96 77
96 83
96 85
96 86
96 89
96 90
96 96
96 98
96 99
96 100
96 101
96 104
96 105
96 107
96 109
96 124
96 125
96 128
96 129
96 130
96 137
96 140
96 142
96 145
97 0
97 6
97 7
97 10
97 11
97 12
97 13
97 17
97 19
97 21
97 23
97 25
97 27
97 29
97 31
97 33
97 34
97 38
97 39
97 40
97 41
97 45
97 52
97 53
97 55
97 57
97 63
97 72
97 75
97 76
97 77
97 78
97 84
97 87
97 88
97 90
97 97
97 99
97 102
97 103
97 108
97 109
97 111
97 113
97 115
97 116
97 117
97 118
97 119
97 121
97 128
97 130
97 131
97 133
97 135
97 137
97 139
97 141
97 142
97 146
97 147
97 148
98 0
98 4
98 7
98 8
98 9
98 13
98 15
98 24
98 26
98 27
98 31
98 37
98 38
98 39
98 40
98 41
98 43
98 45
98 48
98 49
98 50
98 53
98 55
98 61
98 63
98 64
98 65
98 66
98 67
98 68
98 70
98 71
98 72
98 73
98 75
98 78
98 79
98 84
98 91
98 92
98 96
98 102
98 105
98 106
98 108
98 110
98 115
98 116
98 117
98 119
98 120
98 121
98 122
98 124
98 125
98 128
98 132
98 135
98 136
98 137
98 139
98 140
98 141
98 143
98 144
98 145
98 146
98 148
99 0
99 5
99 6
99 8
99 10
99 12
99 20
99 22
99 27
99 29
99 32
99 35
99 36
99 39
99 43
99 45
99 46
99 49
99 52
99 54
99 55
99 56
99 57
99 58
99 59
99 60
99 62
99 64
99 66
99 67
99 68
99 69
99 71
99 75
99 78
99 79
99 81
99 87
99 88
99 90
99 91
99 92
99 93
99 95
99 98
99 99
99 103
99 104
99 105
99 106
99 115
99 116
99 118
99 120
99 121
99 122
99 129
99 132
99 134
99 136
99 140
99 141
99 142
99 143
99 145
99 147
99 148
100 1
100 2
100 3
100 8
100 11
100 12
100 15
100 18
100 19
100 22
100 24
100 25
100 26
100 27
100 30
100 34
100 38
100 39
100 44
100 45
100 47
100 48
100 59
100 62
100 63
100 64
100 67
100 71
100 75
100 81
100 83
100 96
100 97
100 100
100 102
100 103
100 104
100 109
100 111
100 113
100 116
100 119
100 121
100 122
100 126
100 129
100 130
100 131
100 134
100 135
100 136
100 137
100 139
100 142
100 143
100 145
100 148
101 18
101 20
101 22
101 27
101 28
101 30
101 32
101 33
101 35
101 36
101 38
101 39
101 41
101 44
101 45
101 48
101 49
101 52
101 59
101 62
101 63
101 66
101 67
101 69
101 70
101 71
101 72
101 75
101 82
101 85
101 88
101 91
101 94
101 95
101 97
101 98
101 99
101 102
101 104
101 108
101 117
101 118
101 121
101 123
101 125
101 128
101 130
101 131
101 135
101 136
101 139
101 141
101 147
102 2
102 4
102 6
102 7
102 8
102 15
102 17
102 19
102 22
102 26
102 27
102 28
102 29
102 30
102 32
102 33
102 35
102 37
102 43
102 44
102 48
102 53
102 60
102 62
102 66
102 67
102 68
102 83
102 91
102 95
102 96
102 100
102 102
102 108
102 109
102 110
102 111
102 112
102 113
102 115
102 116
102 117
102 119
102 122
102 127
102 129
102 132
102 134
102 140
102 142
102 148
103 1
103 5
103 8
103 9
103 13
103 16
103 17
103 21
103 22
103 24
103 26
103 31
103 32
103 42
103 43
103 45
103 46
103 49
103 50
103 52
103 55
103 77
103 80
103 87
103 88
103 94
103 95
103 96
103 99
103 100
103 107
103 109
103 111
103 112
103 113
103 114
103 116
103 118
103 119
103 120
103 121
103 125
103 126
103 127
103 128
103 129
103 130
103 132
103 133
103 138
103 144
103 146
103 147
103 148
103 149
104 0
104 2
104 3
104 5
104 13
104 15
104 16
104 19
104 22
104 27
104 29
104 30
104 31
104 33
104 34
104 37
104 39
104 46
104 48
104 50
104 53
104 54
104 55
104 56
104 60
104 63
104 64
104 65
104 68
104 69
104 70
104 71
104 72
104 75
104 76
104 77
104 78
104 79
104 81
104 84
104 85
104 88
104 90
104 96
104 99
104 100
104 101
104 102
104 107
104 108
104 110
104 111
104 120
104 123
104 126
104 128
104 130
104 134
104 137
104 139
104 144
104 145
105 0
105 2
105 3
105 4
105 10
105 11
105 13
105 17
105 21
105 25
105 30
105 31
105 32
105 34
105 35
105 40
105 41
105 46
105 48
105 50
105 52
105 53
105 56
105 62
105 63
105 64
105 66
105 67
105 69
105 70
105 73
105 82
105 83
105 85
105 86
105 89
105 92
105 94
105 96
105 100
105 102
105 104
105 109
105 110
105 111
105 116
105 121
105 123
105 126
105 128
105 129
105 134
105 137
105 142
105 143
105 145
105 146
105 147
105 148
106 1
106 2
106 6
106 7
106 8
106 10
106 16
106 18
106 22
106 24
106 28
106 29
106 33
106 38
106 42
106 45
106 47
106 50
106 51
106 56
106 58
106 59
106 61
106 62
106 64
106 65
106 68
106 69
106 70
106 72
106 79
106 81
106 82
106 84
106 86
106 88
106 90
106 92
106 93
106 95
106 96
106 97
106 98
106 100
106 102
106 105
106 106
106 109
106 110
106 116
106 118
106 121
106 125
106 126
106 128
106 129
106 133
106 134
106 136
106 139
106 145
107 1
107 2
107 3
107 4
107 8
107 9
107 13
107 14
107 17
107 23
107 25
107 29
107 33
107 34
107 35
107 38
107 41
107 43
107 46
107 47
107 48
107 50
107 51
107 53
107 58
107 62
107 65
107 68
107 73
107 78
107 81
107 82
107 83
107 84
107 86
107 87
107 88
107 90
107 94
107 96
107 97
107 98
107 100
107 105
107 106
107 112
107 117
107 120
107 122
107 123
107 127
107 129
107 130
107 134
107 136
107 139
107 141
107 142
107 143
107 147
108 2
108 9
108 12
108 17
108 19
108 20
108 25
108 26
108 28
108 29
108 30
108 31
108 32
108 33
108 34
108 36
108 39
108 40
108 41
108 47
108 57
108 58
108 62
108 65
108 66
108 70
108 75
108 78
108 83
108 85
108 86
108 88
108 91
108 93
108 96
108 97
108 99
108 102
108 105
108 108
108 110
108 111
108 113
108 115
108 116
108 118
108 119
108 121
108 122
108 123
108 130
108 131
108 142
108 145
108 146
108 147
108 148
108 149
109 0
109 3
109 5
109 8
109 10
109 11
109 14
109 15
109 16
109 17
109 19
109 22
109 25
109 26
109 30
109 35
109 38
109 41
109 42
109 43
109 44
109 45
109 46
109 48
109 49
109 50
109 53
109 55
109 56
109 65
109 67
109 69
109 71
109 73
109 74
109 75
109 76
109 80
109 82
109 86
109 88
109 89
109 93
109 94
109 95
109 99
109 100
109 101
109 103
109 106
109 108
109 110
109 111
109 112
109 116
109 117
109 118
109 123
109 127
109 128
109 133
109 134
109 139
109 140
109 146
110 0
110 2
110 4
110 9
110 10
110 14
110 16
110 19
110 21
110 23
110 24
110 25
110 26
110 29
110 32
110 40
110 41
110 42
110 43
110 47
110 49
110 52
110 56
110 59
110 60
110 62
110 64
110 65
110 68
110 70
110 71
110 73
110 75
110 76
110 79
110 80
110 82
110 83
110 84
110 88
110 93
110 94
110 96
110 99
110 100
110 102
110 103
110 105
110 115
110 116
110 122
110 123
110 133
110 135
110 137
110 139
110 143
110 144
110 146
110 148
110 149
111 1
111 4
111 5
111 6
111 11
111 12
111 13
111 15
111 16
111 19
111 21
111 25
111 26
111 27
111 28
111 31
111 32
111 34
111 37
111 40
111 42
111 44
111 50
111 52
111 53
111 54
111 61
111 62
111 63
111 66
111 67
111 68
111 70
111 71
111 74
111 75
111 77
111 78
111 81
111 83
111 85
111 92
111 93
111 95
111 97
111 101
111 105
111 108
111 112
111 114
111 119
111 120
111 127
111 128
111 129
111 130
111 131
111 135
111 137
111 143
111 145
111 146
112 0
112 4
112 5
112 6
112 8
112 11
112 13
112 20
112 25
112 27
112 28
112 30
112 32
112 33
112 35
112 36
112 38
112 42
112 44
112 45
112 46
112 48
112 51
112 52
112 54
112 55
112 57
112 58
112 59
112 61
112 63
112 65
112 69
112 71
112 72
112 73
112 75
112 76
112 78
112 79
112 82
112 88
112 90
112 96
112 98
112 99
112 100
112 103
112 104
112 105
112 107
112 108
112 110
112 111
112 112
112 114
112 120
112 121
112 125
112 126
112 127
112 133
112 137
112 138
112 141
112 144
112 145
112 147
112 149
113 0
113 2
113 9
113 10
113 12
113 14
113 21
113 25
113 26
113 27
113 28
113 32
113 39
113 40
113 46
113 47
113 49
113 50
113 51
113 53
113 56
113 58
113 60
113 61
113 63
113 65
113 68
113 72
113 74
113 75
113 76
113 78
113 79
113 84
113 90
113 93
113 94
113 96
113 97
113 98
113 99
113 102
113 103
113 104
113 108
113 112
113 114
113 121
113 125
113 126
113 129
113 132
113 135
113 136
113 137
113 140
113 141
113 143
113 149
114 1
114 2
114 3
114 8
114 10
114 11
114 12
114 13
114 14
114 18
114 19
114 21
114 23
114 26
114 27
114 28
114 32
114 36
114 38
114 40
114 43
114 45
114 48
114 52
114 55
114 58
114 59
114 62
114 63
114 65
114 66
114 67
114 70
114 71
114 72
114 73
114 74
114 78
114 83
114 89
114 91
114 94
114 96
114 97
114 100
114 102
114 103
114 106
114 109
114 110
114 112
114 114
114 115
114 120
114 121
114 123
114 124
114 127
114 129
114 131
114 132
114 138
114 140
114 145
114 148
115 3
115 4
115 6
115 9
115 10
115 13
115 15
115 17
115 18
115 19
115 20
115 21
115 23
115 24
115 25
115 28
115 31
115 32
115 35
115 36
115 39
115 42
115 46
115 53
115 54
115 56
115 57
115 60
115 61
115 62
115 63
115 64
115 65
115 67
115 68
115 69
115 71
115 72
115 73
115 74
115 76
115 83
115 84
115 86
115 94
115 95
115 99
115 105
115 107
115 108
115 109
115 110
115 112
115 113
115 117
115 119
115 121
115 122
115 123
115 124
115 130
115 132
115 133
115 135
115 140
115 141
115 144
115 145
115 147
115 148
116 1
116 3
116 4
116 6
116 10
116 13
116 15
116 17
116 19
116 20
116 24
116 25
116 26
116 27
116 28
116 35
116 36
116 37
116 38
116 39
116 40
116 42
116 44
116 45
116 48
116 49
116 51
116 55
116 58
116 64
116 67
116 68
116 69
116 72
116 75
116 77
116 79
116 80
116 81
116 83
116 86
116 88
116 94
116 95
116 96
116 97
116 98
116 100
116 101
116 103
116 106
116 107
116 110
116 112
116 114
116 115
116 117
116 119
116 121
116 122
116 123
116 129
116 130
116 131
116 134
116 135
116 136
116 137
116 138
116 139
116 140
116 142
116 144
116 147
116 149
117 1
117 13
117 17
117 18
117 19
117 23
117 25
117 32
117 34
117 38
117 39
117 40
117 42
117 47
117 48
117 49
117 50
117 52
117 53
117 54
117 55
117 56
117 59
117 61
117 68
117 69
117 72
117 74
117 77
117 78
117 79
117 81
117 82
117 83
117 86
117 87
117 89
117 90
117 95
117 96
117 98
117 99
117 100
117 101
117 103
117 104
117 105
117 106
117 109
117 112
117 114
117 115
117 119
117 120
117 125
117 126
117 127
117 128
117 129
117 135
117 137
117 141
117 142
117 143
117 146
117 147
117 148
117 149
118 0
118 1
118 3
118 5
118 6
118 10
118 12
118 19
118 24
118 29
118 31
118 32
118 33
118 36
118 37
118 42
118 44
118 46
118 48
118 50
118 52
118 54
118 55
118 60
118 61
118 67
118 71
118 72
118 75
118 81
118 82
118 85
118 86
118 87
118 90
118 92
118 93
118 94
118 98
118 102
118 104
118 106
118 107
118 108
118 110
118 113
118 115
118 117
118 124
118 125
118 126
118 129
118 138
118 141
118 142
118 149
119 0
119 1
119 5
119 7
119 8
119 9
119 11
119 12
119 16
119 18
119 22
119 24
119 25
119 34
119 38
119 39
119 40
119 41
119 43
119 48
119 51
119 54
119 56
119 59
119 64
119 71
119 75
119 77
119 80
119 82
119 84
119 89
119 90
119 91
119 93
119 96
119 98
119 101
119 102
119 106
119 108
119 111
119 113
119 115
119 121
119 122
119 132
119 135
119 139
119 149
120 3
120 4
120 6
120 7
120 12
120 13
120 16
120 17
120 25
120 28
120 29
120 31
120 33
120 36
120 38
120 41
120 43
120 46
120 49
120 50
120 55
120 58
120 59
120 60
120 63
120 66
120 68
120 69
120 72
120 75
120 76
120 77
120 78
120 79
120 80
120 85
120 86
120 87
120 89
120 97
120 98
120 99
120 101
120 102
120 104
120 105
120 106
120 107
120 109
120 110
120 111
120 112
120 113
120 114
120 116
120 119
120 125
120 127
120 132
120 136
120 137
120 138
120 142
120 143
120 144
120 148
121 3
121 4
121 5
121 6
121 8
121 9
121 11
121 17
121 18
121 20
121 25
121 26
121 28
121 30
121 31
121 34
121 36
121 38
121 40
121 41
121 43
121 44
121 45
121 48
121 53
121 56
121 57
121 59
121 60
121 61
121 66
121 70
121 72
121 77
121 79
121 80
121 83
121 85
121 86
121 90
121 92
121 93
121 94
121 95
121 101
121 104
121 107
121 108
121 110
121 111
121 118
121 119
121 128
121 131
121 134
121 139
121 140
121 141
121 145
121 149
122 0
122 2
122 4
122 10
122 14
122 17
122 22
122 25
122 38
122 39
122 43
122 46
122 51
122 52
122 60
122 61
122 64
122 66
122 71
122 72
122 84
122 88
122 89
122 90
122 91
122 93
122 94
122 95
122 100
122 101
122 102
122 105
122 108
122 112
122 113
122 114
122 118
122 122
122 123
122 128
122 129
122 130
122 132
122 136
122 138
122 141
122 142
122 143
122 145
122 147
122 149
123 0
123 1
123 2
123 3
123 6
123 7
123 9
123 10
123 12
123 13
123 14
123 16
123 20
123 22
123 24
123 25
123 26
123 27
123 29
123 31
123 35
123 40
123 42
123 44
123 45
123 47
123 52
123 58
123 59
123 61
123 64
123 69
123 71
123 72
123 74
123 76
123 84
123 86
123 88
123 92
123 94
123 98
123 100
123 105
123 110
123 111
123 113
123 115
123 121
123 122
123 125
123 126
123 128
123 129
123 133
123 134
123 136
123 144
123 148
124 1
124 8
124 10
124 11
124 12
124 14
124 15
124 18
124 19
124 21
124 22
124 23
124 24
124 25
124 26
124 27
124 30
124 35
124 37
124 38
124 40
124 41
124 43
124 44
124 45
124 46
124 49
124 50
124 53
124 56
124 57
124 60
124 62
124 65
124 66
124 69
124 71
124 74
124 75
124 76
124 77
124 79
124 81
124 82
124 83
124 85
124 89
124 92
124 93
124 94
124 95
124 96
124 97
124 99
124 102
124 103
124 107
124 108
124 109
124 113
124 120
124 122
124 128
124 129
124 130
124 131
124 132
124 134
124 135
124 137
124 143
124 144
124 146
124 147
124 149
125 1
125 4
125 6
125 7
125 9
125 12
125 18
125 19
125 23
125 27
125 29
125 30
125 32
125 33
125 35
125 37
125 38
125 40
125 43
125 44
125 45
125 46
125 48
125 49
125 50
125 51
125 55
125 57
125 58
125 62
125 63
125 65
125 70
125 72
125 77
125 80
125 81
125 82
125 83
125 84
125 86
125 88
125 90
125 91
125 92
125 96
125 97
125 102
125 103
125 105
125 106
125 107
125 110
125 113
125 117
125 120
125 121
125 123
125 124
125 125
125 126
125 127
125 132
125 137
125 144
125 145
125 146
126 2
126 3
126 4
126 8
126 9
126 11
126 13
126 20
126 22
126 25
126 26
126 27
126 28
126 31
126 32
126 35
126 37
126 41
126 45
126 47
126 50
126 61
126 63
126 64
126 68
126 70
126 71
126 72
126 74
126 78
126 80
126 82
126 89
126 96
126 97
126 98
126 100
126 101
126 102
126 104
126 106
126 107
126 108
126 110
126 111
126 112
126 114
126 116
126 118
126 119
126 120
126 124
126 125
126 129
126 132
126 136
126 137
126 139
126 148
127 1
127 2
127 3
127 8
127 10
127 12
127 13
127 14
127 17
127 18
127 20
127 24
127 26
127 30
127 31
127 34
127 35
127 42
127 45
127 54
127 56
127 57
127 60
127 65
127 68
127 72
127 75
127 78
127 80
127 82
127 85
127 87
127 89
127 91
127 92
127 95
127 98
127 100
127 101
127 102
127 113
127 115
127 118
127 120
127 129
127 130
127 132
127 133
127 135
127 136
127 138
127 141
127 145
128 2
128 3
128 5
128 6
128 9
128 10
128 11
128 12
128 14
128 17
128 19
128 21
128 22
128 26
128 28
128 36
128 37
128 38
128 39
128 40
128 42
128 45
128 48
128 50
128 54
128 58
128 59
128 66
128 67
128 70
128 71
128 72
128 74
128 75
128 79
128 80
128 81
128 84
128 88
128 89
128 93
128 98
128 99
128 101
128 103
128 106
128 107
128 108
128 113
128 120
128 121
128 127
128 130
128 131
128 135
128 137
128 139
128 140
128 141
128 143
128 144
128 147
129 0
129 1
129 4
129 9
129 11
129 20
129 21
129 23
129 25
129 29
129 30
129 33
129 36
129 37
129 40
129 47
129 48
129 51
129 55
129 57
129 58
129 59
129 72
129 74
129 76
129 79
129 80
129 86
129 88
129 89
129 102
129 110
129 111
129 112
129 117
129 120
129 122
129 126
129 127
129 128
129 129
129 131
129 133
129 134
129 135
129 137
129 138
129 141
129 145
129 146
129 148
130 1
130 4
130 5
130 7
130 9
130 20
130 21
130 23
130 25
130 26
130 27
130 28
130 29
130 30
130 32
130 38
130 40
130 43
130 47
130 49
130 51
130 52
130 55
130 57
130 61
130 65
130 72
130 73
130 74
130 76
130 77
130 78
130 79
130 81
130 83
130 84
130 88
130 92
130 96
130 103
130 104
130 105
130 106
130 108
130 109
130 112
130 116
130 117
130 118
130 119
130 123
130 124
130 126
130 127
130 129
130 130
130 133
130 138
130 139
130 140
130 141
130 142
130 148
131 0
131 2
131 6
131 14
131 22
131 24
131 27
131 28
131 30
131 36
131 37
131 40
131 43
131 44
131 45
131 46
131 48
131 49
131 50
131 51
131 52
131 55
131 58
131 60
131 62
131 63
131 64
131 65
131 67
131 68
131 69
131 70
131 74
131 81
131 82
131 85
131 87
131 88
131 89
131 90
131 91
131 94
131 95
131 96
131 98
131 100
131 102
131 105
131 107
131 108
131 110
131 116
131 118
131 122
131 127
131 130
131 131
131 133
131 135
131 138
131 139
131 140
131 142
131 145
131 146
131 148
132 0
132 6
132 9
132 10
132 11
132 13
132 19
132 26
132 27
132 31
132 32
132 34
132 35
132 36
132 37
132 38
132 40
132 41
132 42
132 44
132 45
132 47
132 50
132 52
132 56
132 58
132 59
132 60
132 61
132 62
132 64
132 66
132 67
132 70
132 72
132 74
132 75
132 79
132 81
132 82
132 83
132 85
132 87
132 88
132 90
132 91
132 92
132 93
132 95
132 99
132 100
132 103
132 106
132 108
132 110
132 111
132 114
132 115
132 116
132 118
132 120
132 123
132 124
132 125
132 126
132 137
132 140
132 141
132 144
132 146
132 148
133 0
133 3
133 6
133 13
133 14
133 16
133 19
133 20
133 21
133 23
133 27
133 33
133 34
133 36
133 38
133 40
133 44
133 45
133 46
133 47
133 56
133 57
133 58
133 63
133 65
133 67
133 72
133 73
133 81
133 83
133 84
133 86
133 88
133 91
133 92
133 95
133 96
133 99
133 100
133 103
133 106
133 107
133 109
133 110
133 111
133 112
133 114
133 115
133 116
133 117
133 118
133 119
133 121
133 122
133 129
133 131
133 138
133 142
133 146
134 6
134 7
134 10
134 11
134 12
134 13
134 14
134 15
134 18
134 22
134 23
134 29
134 31
134 32
134 33
134 38
134 41
134 42
134 44
134 48
134 49
134 53
134 54
134 56
134 59
134 60
134 62
134 64
134 66
134 69
134 74
134 76
134 79
134 80
134 81
134 84
134 85
134 87
134 92
134 103
134 106
134 107
134 110
134 111
134 115
134 117
134 119
134 127
134 130
134 131
134 133
134 134
134 135
134 136
134 137
134 138
134 144
134 146
134 147
135 1
135 3
135 6
135 9
135 12
135 13
135 14
135 15
135 16
135 18
135 20
135 21
135 22
135 24
135 25
135 32
135 39
135 40
135 42
135 46
135 49
135 53
135 56
135 59
135 62
135 64
135 65
135 67
135 68
135 74
135 75
135 77
135 78
135 80
135 81
135 88
135 90
135 92
135 93
135 98
135 105
135 106
135 109
135 110
135 111
135 112
135 114
135 115
135 119
135 124
135 128
135 136
135 140
135 146
135 148
136 0
136 7
136 10
136 11
136 12
136 13
136 14
136 20
136 26
136 29
136 32
136 33
136 34
136 35
136 43
136 46
136 48
136 49
136 51
136 53
136 54
136 56
136 59
136 61
136 68
136 72
136 75
136 77
136 80
136 81
136 82
136 83
136 84
136 85
136 86
136 89
136 90
136 92
136 96
136 97
136 101
136 103
136 105
136 107
136 109
136 111
136 115
136 116
136 119
136 125
136 126
136 130
136 135
136 137
136 138
136 139
136 140
136 142
136 145
136 146
136 148
137 1
137 4
137 5
137 6
137 7
137 11
137 14
137 15
137 17
137 22
137 23
137 25
137 26
137 28
137 29
137 32
137 34
137 37
137 38
137 42
137 44
137 47
137 48
137 49
137 50
137 51
137 56
137 59
137 64
137 65
137 67
137 68
137 72
137 73
137 75
137 76
137 79
137 80
137 83
137 85
137 98
137 102
137 108
137 109
137 114
137 118
137 119
137 120
137 122
137 123
137 127
137 128
137 129
137 130
137 134
137 136
137 137
137 139
137 140
137 141
137 142
137 143
137 144
137 148
138 0
138 1
138 4
138 6
138 7
138 8
138 9
138 11
138 13
138 15
138 16
138 18
138 20
138 23
138 26
138 27
138 30
138 31
138 33
138 38
138 45
138 48
138 49
138 50
138 51
138 52
138 55
138 60
138 62
138 66
138 70
138 72
138 73
138 74
138 75
138 79
138 83
138 85
138 87
138 88
138 92
138 94
138 96
138 97
138 100
138 101
138 106
138 107
138 109
138 112
138 115
138 120
138 122
138 125
138 127
138 128
138 129
138 132
138 133
138 134
138 135
138 136
138 137
138 139
138 140
138 142
138 143
138 144
138 145
138 146
139 2
139 3
139 5
139 8
139 10
139 18
139 20
139 25
139 26
139 27
139 28
139 35
139 36
139 37
139 38
139 39
139 40
139 41
139 46
139 50
139 51
139 54
139 58
139 59
139 60
139 63
139 65
139 71
139 80
139 81
139 83
139 87
139 98
139 102
139 103
139 106
139 107
139 108
139 112
139 115
139 116
139 119
139 123
139 124
139 127
139 128
139 130
139 135
139 139
139 143
139 144
139 145
139 148
140 0
140 3
140 5
140 7
140 8
140 10
140 12
140 13
140 17
140 18
140 20
140 21
140 24
140 28
140 29
140 32
140 40
140 42
140 43
140 49
140 50
140 56
140 61
140 63
140 64
140 65
140 74
140 79
140 85
140 86
140 89
140 90
140 91
140 93
140 94
140 96
140 101
140 102
140 104
140 106
140 112
140 113
140 120
140 122
140 125
140 126
140 130
140 138
140 140
140 142
140 143
140 144
140 147
141 2
141 3
141 4
141 5
141 8
141 9
141 10
141 12
141 14
141 16
141 17
141 21
141 22
141 26
141 28
141 31
141 40
141 41
141 44
141 45
141 48
141 49
141 51
141 53
141 54
141 55
141 59
141 60
141 61
141 63
141 66
141 68
141 69
141 74
141 76
141 78
141 80
141 81
141 82
141 84
141 85
141 88
141 89
141 90
141 91
141 96
141 98
141 99
141 100
141 102
141 103
141 105
141 106
141 108
141 111
141 112
141 114
141 115
141 116
141 122
141 126
141 130
141 137
141 138
141 139
141 141
141 143
141 144
141 145
141 148
141 149
142 4
142 7
142 9
142 10
142 11
142 12
142 17
142 20
142 21
142 28
142 30
142 32
142 35
142 39
142 40
142 41
142 42
142 48
142 51
142 52
142 59
142 61
142 63
142 64
142 65
142 67
142 71
142 73
142 74
142 78
142 84
142 87
142 88
142 89
142 90
142 92
142 93
142 94
142 100
142 102
142 103
142 104
142 107
142 108
142 112
142 113
142 120
142 122
142 124
142 127
142 128
142 129
142 131
142 136
142 139
142 140
142 142
142 144
142 147
142 148
143 0
143 1
143 5
143 7
143 9
143 12
143 13
143 14
143 16
143 17
143 21
143 25
143 26
143 31
143 32
143 33
143 34
143 36
143 45
143 47
143 53
143 54
143 60
143 66
143 67
143 70
143 75
143 76
143 77
143 78
143 80
143 82
143 83
143 87
143 91
143 94
143 101
143 103
143 104
143 105
143 106
143 109
143 111
143 112
143 115
143 116
143 117
143 120
143 121
143 123
143 129
143 131
143 141
143 144
144 1
144 2
144 9
144 11
144 13
144 14
144 17
144 18
144 21
144 22
144 24
144 26
144 27
144 29
144 32
144 36
144 38
144 42
144 44
144 45
144 47
144 48
144 49
144 53
144 55
144 58
144 65
144 69
144 72
144 73
144 75
144 76
144 77
144 78
144 80
144 81
144 83
144 84
144 85
144 86
144 88
144 90
144 91
144 92
144 94
144 99
144 100
144 104
144 107
144 108
144 109
144 113
144 117
144 119
144 120
144 123
144 127
144 136
144 138
144 139
144 142
144 145
144 147
144 148
145 1
145 3
145 5
145 15
145 16
145 17
145 22
145 23
145 24
145 29
145 30
145 32
145 34
145 36
145 38
145 43
145 47
145 50
145 51
145 55
145 56
145 58
145 59
145 61
145 62
145 64
145 66
145 67
145 70
145 71
145 72
145 73
145 77
145 79
145 82
145 85
145 89
145 94
145 96
145 98
145 101
145 103
145 104
145 107
145 109
145 112
145 114
145 116
145 117
145 120
145 122
145 124
145 126
145 127
145 129
145 134
145 142
145 145
145 147
145 148
145 149
146 4
146 8
146 9
146 10
146 13
146 14
146 25
146 27
146 29
146 31
146 35
146 42
146 46
146 50
146 52
146 53
146 59
146 63
146 67
146 68
146 73
146 75
146 77
146 89
146 91
146 92
146 93
146 98
146 99
146 103
146 104
146 105
146 106
146 107
146 109
146 111
146 114
146 115
146 116
146 117
146 122
146 124
146 126
146 127
146 129
146 131
146 136
146 139
146 141
146 145
146 147
146 148
147 5
147 11
147 12
147 16
147 17
147 18
147 29
147 30
147 33
147 39
147 40
147 46
147 47
147 50
147 51
147 54
147 61
147 66
147 67
147 71
147 75
147 76
147 78
147 79
147 83
147 85
147 86
147 87
147 92
147 94
147 98
147 99
147 104
147 106
147 109
147 115
147 116
147 119
147 120
147 121
147 124
147 125
147 129
147 132
147 139
147 143
147 144
147 145
148 2
148 5
148 8
148 21
148 22
148 24
148 26
148 27
148 28
148 29
148 31
148 32
148 34
148 36
148 38
148 39
148 43
148 44
148 49
148 53
148 54
148 61
148 63
148 64
148 67
148 74
148 75
148 78
148 81
148 85
148 86
148 92
148 93
148 94
148 96
148 97
148 101
148 103
148 105
148 111
148 114
148 116
148 117
148 119
148 121
148 122
148 127
148 130
148 131
148 132
148 135
148 142
148 143
148 144
148 149
149 1
149 3
149 4
149 5
149 7
149 11
149 15
149 17
149 19
149 20
149 21
149 24
149 25
149 26
149 30
149 36
149 37
149 38
149 39
149 40
149 44
149 45
149 49
149 52
149 54
149 56
149 58
149 59
149 60
149 61
149 63
149 65
149 67
149 69
149 70
149 74
149 76
149 78
149 81
149 82
149 83
149 86
149 92
149 93
149 95
149 98
149 99
149 100
149 104
149 106
149 107
149 109
149 112
149 113
149 119
149 120
149 123
149 125
149 126
149 127
149 128
149 130
149 131
149 134
149 135
149 137
149 138
149 139
149 140
149 141
149 147
