150
6750
0 7
0 9
0 10
0 19
0 22
0 27
0 32
0 33
0 42
0 47
0 51
0 55
0 57
0 59
0 60
0 61
0 67
0 69
0 71
0 73
0 74
0 77
0 79
0 81
0 83
0 84
0 86
0 93
0 96
0 97
0 106
0 108
0 109
0 112
0 115
0 118
0 123
0 125
0 126
0 127
0 130
0 135
0 137
0 138
0 140
0 143
0 144
0 149
1 4
1 17
1 18
1 20
1 27
1 31
1 36
1 37
1 45
1 55
1 56
1 57
1 58
1 60
1 61
1 66
1 68
1 74
1 78
1 79
1 80
1 86
1 90
1 91
1 94
1 95
1 98
1 100
1 102
1 103
1 104
1 105
1 108
1 109
1 119
1 123
1 127
1 128
1 133
1 135
1 140
1 141
1 145
1 146
1 147
2 1
2 5
2 7
2 19
2 21
2 25
2 29
2 36
2 39
2 42
2 46
2 48
2 50
2 51
2 52
2 58
2 59
2 62
2 63
2 67
2 72
2 80
2 81
2 82
2 83
2 84
2 87
2 92
2 99
2 107
2 115
2 116
2 117
2 119
2 124
2 127
2 129
2 132
2 134
2 136
2 141
2 144
3 0
3 3
3 5
3 6
3 7
3 10
3 16
3 19
3 21
3 22
3 26
3 28
3 29
3 30
3 35
3 38
3 40
3 41
3 43
3 47
3 49
3 52
3 54
3 58
3 60
3 61
3 65
3 71
3 74
3 80
3 89
3 91
3 94
3 95
3 98
3 99
3 101
3 103
3 105
3 113
3 114
3 119
3 120
3 121
3 123
3 125
3 132
3 133
3 134
3 135
3 136
3 138
3 139
3 143
3 144
3 147
4 0
4 2
4 3
4 6
4 8
4 25
4 31
4 36
4 37
4 42
4 43
4 47
4 54
4 57
4 59
4 61
4 64
4 66
4 68
4 69
4 74
4 75
4 76
4 81
4 83
4 86
4 87
4 89
4 93
4 101
4 104
4 107
4 109
4 110
4 112
4 114
4 115
4 116
4 120
4 122
4 125
4 126
4 129
4 131
4 137
4 138
4 141
4 142
4 143
4 145
4 146
4 148
5 2
5 3
5 4
5 5
5 7
5 9
5 12
5 13
5 15
5 28
5 30
5 34
5 36
5 49
5 51
5 52
5 60
5 63
5 64
5 67
5 68
5 72
5 73
5 75
5 83
5 86
5 87
5 88
5 91
5 99
5 100
5 101
5 103
5 105
5 111
5 112
5 115
5 120
5 126
5 134
5 136
5 138
5 144
5 145
5 146
5 147
5 149
6 1
6 3
6 4
6 11
6 12
6 13
6 14
6 16
6 21
6 24
6 25
6 31
6 34
6 36
6 39
6 40
6 41
6 42
6 44
6 45
6 46
6 48
6 51
6 52
6 54
6 56
6 57
6 58
6 59
6 60
6 61
6 63
6 74
6 75
6 76
6 79
6 81
6 82
6 90
6 91
6 93
6 96
6 100
6 105
6 106
6 112
6 113
6 114
6 115
6 117
6 118
6 120
6 124
6 125
6 126
6 129
6 134
6 142
7 6
7 15
7 19
7 20
7 21
7 36
7 37
7 43
7 46
7 47
7 49
7 50
7 52
7 54
7 57
7 58
7 59
7 60
7 61
7 77
7 79
7 81
7 82
7 87
7 88
7 90
7 96
7 99
7 100
7 110
7 112
7 115
7 116
7 117
7 119
7 120
7 122
7 123
7 128
7 129
7 131
7 134
7 135
7 136
7 138
7 144
7 147
8 0
8 2
8 3
8 6
8 10
8 14
8 18
8 20
8 25
8 27
8 29
8 31
8 35
8 36
8 39
8 41
8 43
8 49
8 50
8 57
8 58
8 64
8 65
8 67
8 72
8 76
8 78
8 81
8 87
8 90
8 92
8 97
8 101
8 107
8 108
8 111
8 114
8 116
8 117
8 119
8 120
8 122
8 129
8 133
8 134
8 138
8 140
8 142
8 145
8 146
9 5
9 6
9 7
9 9
9 10
9 16
9 21
9 23
9 25
9 26
9 31
9 36
9 39
9 41
9 42
9 47
9 50
9 55
9 57
9 61
9 63
9 69
9 72
9 75
9 76
9 81
9 84
9 88
9 89
9 91
9 94
9 96
9 100
9 103
9 106
9 111
9 112
9 113
9 117
9 118
9 121
9 122
9 126
9 128
9 129
9 131
9 135
9 136
9 140
9 142
9 144
9 145
10 3
10 4
10 6
10 9
10 17
10 21
10 23
10 25
10 34
10 46
10 47
10 53
10 56
10 58
10 59
10 60
10 62
10 64
10 71
10 73
10 74
10 75
10 78
10 81
10 86
10 93
10 95
10 100
10 101
10 102
10 103
10 105
10 107
10 109
10 110
10 111
10 116
10 118
10 119
10 121
10 127
10 129
10 131
10 134
10 138
10 144
10 145
10 146
11 1
11 2
11 7
11 11
11 22
11 24
11 27
11 31
11 34
11 36
11 41
11 50
11 52
11 60
11 64
11 72
11 73
11 74
11 77
11 79
11 84
11 85
11 86
11 90
11 95
11 96
11 101
11 103
11 106
11 107
11 109
11 110
11 112
11 113
11 115
11 118
11 119
11 129
11 133
11 143
11 144
11 149
12 3
12 6
12 9
12 12
12 17
12 18
12 19
12 26
12 33
12 41
12 43
12 48
12 49
12 50
12 57
12 58
12 62
12 63
12 66
12 68
12 72
12 73
12 74
12 75
12 82
12 85
12 87
12 89
12 92
12 95
12 98
12 101
12 103
12 104
12 107
12 108
12 109
12 111
12 112
12 123
12 128
12 133
12 139
12 143
12 147
12 149
13 0
13 4
13 6
13 13
13 20
13 25
13 26
13 28
13 31
13 34
13 35
13 36
13 41
13 43
13 44
13 54
13 56
13 65
13 66
13 67
13 70
13 71
13 74
13 81
13 86
13 89
13 91
13 95
13 96
13 98
13 101
13 107
13 112
13 114
13 116
13 124
13 128
13 133
13 141
13 145
14 0
14 1
14 3
14 6
14 9
14 11
14 15
14 17
14 18
14 21
14 25
14 27
14 29
14 30
14 35
14 38
14 44
14 49
14 51
14 52
14 58
14 67
14 68
14 71
14 75
14 83
14 84
14 85
14 89
14 93
14 95
14 96
14 98
14 100
14 109
14 110
14 111
14 112
14 125
14 128
14 129
14 133
14 135
14 141
15 2
15 5
15 16
15 19
15 21
15 24
15 29
15 34
15 38
15 39
15 42
15 47
15 49
15 51
15 55
15 56
15 66
15 70
15 71
15 81
15 82
15 85
15 86
15 90
15 92
15 96
15 100
15 108
15 109
15 114
15 115
15 117
15 119
15 121
15 124
15 126
15 127
15 128
15 131
15 133
15 135
15 136
15 138
15 143
15 148
16 0
16 8
16 9
16 10
16 11
16 14
16 17
16 19
16 22
16 26
16 27
16 29
16 31
16 33
16 36
16 37
16 38
16 40
16 41
16 44
16 49
16 50
16 53
16 55
16 60
16 63
16 64
16 66
16 72
16 73
16 74
16 77
16 78
16 79
16 88
16 89
16 93
16 96
16 97
16 101
16 102
16 105
16 115
16 117
16 123
16 124
16 127
16 130
16 134
16 136
16 137
16 138
16 139
16 140
16 146
16 149
17 3
17 4
17 7
17 10
17 20
17 21
17 22
17 28
17 29
17 30
17 31
17 34
17 35
17 36
17 37
17 43
17 45
17 49
17 51
17 59
17 60
17 62
17 65
17 69
17 70
17 73
17 77
17 80
17 81
17 88
17 89
17 94
17 99
17 101
17 103
17 105
17 107
17 108
17 118
17 119
17 122
17 124
17 129
17 133
17 138
17 139
17 142
17 144
17 148
17 149
18 0
18 5
18 10
18 12
18 20
18 24
18 29
18 30
18 33
18 34
18 37
18 39
18 40
18 44
18 47
18 50
18 53
18 57
18 59
18 60
18 62
18 65
18 67
18 68
18 69
18 72
18 74
18 75
18 78
18 80
18 82
18 88
18 90
18 91
18 92
18 97
18 100
18 101
18 102
18 105
18 108
18 109
18 111
18 115
18 116
18 122
18 123
18 126
18 129
18 131
18 134
18 135
18 136
18 139
18 143
18 145
18 148
19 1
19 8
19 12
19 18
19 20
19 22
19 26
19 27
19 28
19 29
19 30
19 34
19 35
19 36
19 38
19 39
19 43
19 44
19 48
19 51
19 58
19 63
19 66
19 72
19 73
19 76
19 78
19 79
19 84
19 88
19 89
19 92
19 96
19 103
19 110
19 111
19 113
19 114
19 115
19 120
19 128
19 129
19 133
19 134
19 138
19 139
19 141
19 143
20 3
20 6
20 11
20 16
20 20
20 22
20 24
20 30
20 31
20 32
20 38
20 40
20 42
20 46
20 55
20 60
20 63
20 67
20 69
20 71
20 76
20 78
20 80
20 82
20 84
20 86
20 94
20 95
20 96
20 98
20 102
20 104
20 108
20 129
20 130
20 133
20 136
20 138
20 139
20 142
20 143
20 148
20 149
21 1
21 4
21 6
21 11
21 15
21 16
21 17
21 18
21 20
21 24
21 25
21 26
21 31
21 34
21 36
21 40
21 45
21 46
21 48
21 58
21 59
21 62
21 64
21 66
21 73
21 77
21 79
21 86
21 87
21 92
21 97
21 98
21 110
21 111
21 114
21 115
21 117
21 118
21 120
21 123
21 128
21 135
21 136
21 143
21 145
22 5
22 8
22 11
22 12
22 20
22 23
22 24
22 31
22 41
22 46
22 47
22 48
22 55
22 56
22 58
22 59
22 68
22 73
22 74
22 78
22 84
22 85
22 87
22 89
22 90
22 102
22 103
22 107
22 110
22 113
22 116
22 121
22 123
22 125
22 130
22 131
22 133
22 140
22 144
23 5
23 11
23 12
23 13
23 17
23 18
23 20
23 21
23 22
23 23
23 24
23 30
23 34
23 38
23 45
23 56
23 57
23 60
23 61
23 63
23 68
23 71
23 72
23 75
23 77
23 78
23 79
23 80
23 81
23 84
23 86
23 87
23 89
23 93
23 96
23 101
23 102
23 104
23 105
23 107
23 108
23 109
23 110
23 111
23 115
23 118
23 119
23 120
23 122
23 123
23 124
23 128
23 130
23 133
23 135
23 136
23 141
23 144
23 145
23 149
24 1
24 2
24 10
24 11
24 14
24 15
24 17
24 20
24 25
24 28
24 31
24 46
24 53
24 57
24 58
24 59
24 67
24 70
24 78
24 79
24 80
24 90
24 91
24 96
24 97
24 102
24 106
24 107
24 109
24 117
24 125
24 126
24 131
24 133
24 135
24 139
24 143
25 1
25 5
25 6
25 7
25 9
25 10
25 11
25 19
25 21
25 22
25 23
25 24
25 27
25 30
25 35
25 37
25 40
25 42
25 44
25 47
25 54
25 55
25 57
25 61
25 62
25 67
25 72
25 74
25 77
25 78
25 81
25 82
25 85
25 98
25 100
25 104
25 107
25 110
25 111
25 116
25 121
25 122
25 123
25 124
25 125
25 126
25 127
25 130
25 136
25 141
25 144
25 145
25 147
25 149
26 8
26 9
26 15
26 16
26 32
26 34
26 36
26 38
26 42
26 43
26 52
26 56
26 61
26 63
26 66
26 70
26 79
26 84
26 89
26 90
26 98
26 100
26 101
26 104
26 105
26 107
26 108
26 109
26 112
26 113
26 120
26 123
26 127
26 129
26 131
26 135
26 138
26 139
26 141
26 142
26 143
26 144
26 146
26 148
26 149
27 10
27 11
27 12
27 16
27 17
27 26
27 27
27 38
27 44
27 45
27 47
27 49
27 52
27 53
27 54
27 57
27 62
27 63
27 66
27 67
27 69
27 70
27 71
27 72
27 76
27 83
27 90
27 92
27 96
27 98
27 99
27 105
27 111
27 115
27 121
27 122
27 125
27 126
27 134
27 139
27 142
28 0
28 1
28 7
28 8
28 13
28 14
28 17
28 22
28 24
28 40
28 43
28 47
28 48
28 49
28 52
28 55
28 56
28 63
28 64
28 70
28 71
28 75
28 76
28 77
28 78
28 82
28 83
28 89
28 92
28 93
28 95
28 96
28 99
28 105
28 109
28 115
28 118
28 121
28 124
28 125
28 127
28 128
28 130
28 136
28 138
28 141
28 142
28 145
28 149
29 1
29 3
29 11
29 15
29 20
29 27
29 32
29 35
29 37
29 42
29 43
29 45
29 47
29 53
29 57
29 58
29 68
29 82
29 86
29 91
29 92
29 96
29 100
29 102
29 109
29 110
29 111
29 113
29 116
29 123
29 126
29 132
29 137
29 138
29 145
30 5
30 8
30 11
30 13
30 24
30 26
30 31
30 34
30 35
30 36
30 39
30 40
30 44
30 45
30 47
30 49
30 50
30 51
30 52
30 54
30 55
30 61
30 66
30 70
30 71
30 75
30 78
30 81
30 82
30 83
30 87
30 91
30 92
30 93
30 98
30 99
30 102
30 103
30 109
30 110
30 111
30 112
30 113
30 121
30 122
30 129
30 132
30 136
30 138
30 139
30 143
30 144
30 145
30 147
31 2
31 9
31 13
31 15
31 16
31 18
31 19
31 21
31 23
31 25
31 26
31 27
31 29
31 32
31 36
31 42
31 46
31 47
31 49
31 50
31 53
31 67
31 68
31 70
31 73
31 76
31 78
31 80
31 86
31 87
31 96
31 99
31 101
31 107
31 109
31 113
31 118
31 124
31 125
31 132
31 136
31 137
31 145
31 146
32 0
32 3
32 4
32 8
32 11
32 12
32 15
32 16
32 17
32 22
32 27
32 29
32 34
32 36
32 38
32 39
32 42
32 50
32 56
32 58
32 69
32 78
32 79
32 80
32 82
32 88
32 91
32 92
32 97
32 98
32 99
32 109
32 110
32 111
32 115
32 116
32 123
32 126
32 128
32 129
32 131
32 135
32 136
32 140
32 141
32 145
32 147
32 148
32 149
33 1
33 2
33 4
33 8
33 9
33 14
33 15
33 18
33 25
33 32
33 37
33 38
33 46
33 48
33 50
33 51
33 52
33 59
33 64
33 71
33 79
33 81
33 87
33 89
33 90
33 92
33 100
33 107
33 108
33 113
33 121
33 122
33 124
33 126
33 128
33 130
33 131
33 132
33 134
33 139
33 144
33 145
33 146
34 1
34 6
34 7
34 8
34 10
34 11
34 13
34 18
34 19
34 22
34 23
34 24
34 25
34 32
34 37
34 39
34 46
34 50
34 54
34 55
34 57
34 58
34 70
34 74
34 75
34 76
34 92
34 96
34 98
34 103
34 105
34 106
34 107
34 108
34 113
34 114
34 117
34 120
34 121
34 122
34 128
34 130
34 133
34 134
34 136
34 143
34 146
34 147
34 148
35 0
35 2
35 3
35 4
35 5
35 7
35 8
35 14
35 16
35 21
35 22
35 23
35 24
35 26
35 31
35 32
35 33
35 35
35 47
35 48
35 50
35 53
35 56
35 60
35 63
35 64
35 65
35 69
35 73
35 74
35 78
35 85
35 86
35 88
35 90
35 94
35 99
35 104
35 105
35 110
35 112
35 115
35 118
35 125
35 126
35 133
35 135
35 144
36 1
36 4
36 5
36 9
36 17
36 22
36 24
36 25
36 27
36 28
36 30
36 38
36 41
36 48
36 52
36 61
36 63
36 68
36 70
36 74
36 76
36 80
36 83
36 85
36 89
36 90
36 96
36 99
36 101
36 112
36 113
36 118
36 122
36 126
36 127
36 128
36 133
36 139
36 140
36 141
36 143
36 148
37 4
37 6
37 7
37 10
37 12
37 16
37 22
37 25
37 28
37 30
37 35
37 37
37 39
37 42
37 55
37 56
37 57
37 58
37 67
37 69
37 71
37 74
37 75
37 76
37 80
37 81
37 83
37 91
37 95
37 100
37 102
37 111
37 120
37 121
37 122
37 123
37 130
37 143
38 1
38 4
38 7
38 10
38 15
38 16
38 17
38 18
38 24
38 28
38 40
38 44
38 45
38 46
38 49
38 50
38 52
38 53
38 56
38 60
38 65
38 68
38 69
38 70
38 73
38 83
38 84
38 89
38 90
38 92
38 99
38 100
38 105
38 111
38 112
38 118
38 119
38 123
38 128
38 133
38 137
39 1
39 2
39 7
39 8
39 15
39 20
39 22
39 26
39 27
39 30
39 32
39 38
39 39
39 45
39 46
39 49
39 54
39 56
39 64
39 65
39 72
39 73
39 75
39 78
39 80
39 81
39 84
39 85
39 87
39 89
39 94
39 95
39 96
39 97
39 104
39 106
39 107
39 122
39 126
39 128
39 134
39 143
39 146
39 147
40 0
40 2
40 9
40 10
40 11
40 14
40 20
40 21
40 22
40 24
40 26
40 29
40 32
40 35
40 38
40 41
40 43
40 45
40 49
40 50
40 54
40 73
40 84
40 90
40 91
40 98
40 102
40 104
40 105
40 110
40 113
40 114
40 116
40 119
40 128
40 129
40 130
40 133
40 134
40 135
40 144
40 149
41 7
41 8
41 9
41 10
41 12
41 13
41 16
41 24
41 26
41 29
41 32
41 41
41 42
41 45
41 50
41 63
41 65
41 68
41 71
41 73
41 78
41 79
41 81
41 83
41 84
41 88
41 92
41 93
41 97
41 100
41 115
41 118
41 121
41 123
41 125
41 128
41 136
41 137
41 139
41 142
42 1
42 3
42 4
42 21
42 22
42 25
42 27
42 31
42 39
42 49
42 54
42 56
42 58
42 62
42 69
42 70
42 72
42 76
42 80
42 82
42 93
42 105
42 107
42 111
42 115
42 118
42 122
42 124
42 125
42 129
42 130
42 137
42 139
42 140
42 142
42 148
43 3
43 4
43 6
43 9
43 15
43 20
43 23
43 25
43 29
43 30
43 32
43 33
43 34
43 41
43 43
43 44
43 48
43 51
43 52
43 54
43 55
43 61
43 62
43 63
43 64
43 66
43 68
43 69
43 80
43 81
43 88
43 90
43 91
43 98
43 103
43 104
43 108
43 125
43 133
43 136
43 142
43 143
43 144
43 145
43 146
43 147
44 1
44 3
44 11
44 14
44 15
44 16
44 18
44 24
44 25
44 26
44 28
44 33
44 38
44 39
44 42
44 44
44 59
44 67
44 70
44 72
44 73
44 74
44 78
44 85
44 86
44 87
44 91
44 94
44 96
44 116
44 117
44 118
44 131
44 132
44 133
44 141
44 144
44 145
44 146
44 148
44 149
45 18
45 24
45 25
45 30
45 32
45 34
45 44
45 47
45 48
45 50
45 51
45 53
45 55
45 56
45 60
45 64
45 65
45 68
45 69
45 77
45 81
45 88
45 89
45 92
45 93
45 94
45 95
45 96
45 98
45 102
45 107
45 109
45 110
45 112
45 113
45 114
45 115
45 117
45 128
45 129
45 132
45 133
45 134
45 135
45 136
45 137
45 142
45 143
45 144
45 149
46 0
46 2
46 3
46 9
46 16
46 23
46 28
46 30
46 35
46 36
46 38
46 42
46 49
46 55
46 57
46 59
46 61
46 63
46 66
46 73
46 79
46 81
46 82
46 86
46 107
46 108
46 112
46 113
46 116
46 121
46 126
46 127
46 130
46 136
46 140
46 144
46 146
46 148
47 2
47 7
47 17
47 18
47 21
47 27
47 30
47 32
47 33
47 36
47 37
47 38
47 39
47 41
47 44
47 48
47 50
47 52
47 54
47 56
47 57
47 59
47 60
47 65
47 71
47 80
47 84
47 86
47 87
47 88
47 91
47 101
47 107
47 108
47 110
47 112
47 113
47 128
47 133
47 141
47 142
47 146
47 149
48 0
48 6
48 7
48 10
48 22
48 25
48 29
48 35
48 42
48 43
48 46
48 47
48 50
48 52
48 55
48 56
48 59
48 63
48 66
48 67
48 69
48 72
48 74
48 78
48 80
48 81
48 87
48 89
48 97
48 101
48 106
48 115
48 118
48 122
48 123
48 128
48 130
48 131
48 139
48 141
48 143
48 144
48 147
49 2
49 8
49 11
49 17
49 21
49 23
49 29
49 31
49 33
49 35
49 38
49 40
49 41
49 47
49 48
49 50
49 56
49 61
49 62
49 63
49 68
49 69
49 73
49 74
49 79
49 84
49 85
49 86
49 88
49 90
49 92
49 94
49 97
49 100
49 109
49 110
49 119
49 121
49 122
49 124
49 127
49 128
49 131
49 139
49 140
49 141
49 142
49 147
49 149
50 1
50 2
50 3
50 7
50 11
50 12
50 17
50 20
50 21
50 22
50 23
50 33
50 35
50 40
50 52
50 54
50 57
50 64
50 67
50 73
50 75
50 83
50 88
50 89
50 91
50 96
50 99
50 109
50 110
50 111
50 113
50 115
50 117
50 118
50 124
50 125
50 126
50 130
50 134
50 136
50 142
50 143
50 145
50 148
50 149
51 1
51 4
51 17
51 24
51 27
51 30
51 33
51 34
51 35
51 39
51 42
51 43
51 44
51 46
51 49
51 53
51 55
51 59
51 68
51 83
51 84
51 87
51 88
51 99
51 100
51 101
51 105
51 112
51 117
51 126
51 128
51 130
51 136
51 139
51 145
51 146
51 148
51 149
52 8
52 11
52 16
52 17
52 24
52 28
52 33
52 39
52 40
52 45
52 46
52 47
52 53
52 54
52 55
52 56
52 60
52 62
52 64
52 70
52 71
52 73
52 77
52 78
52 79
52 80
52 81
52 83
52 87
52 88
52 93
52 94
52 98
52 101
52 108
52 115
52 121
52 122
52 125
52 128
52 135
52 141
52 142
52 145
53 0
53 3
53 4
53 8
53 12
53 19
53 20
53 33
53 36
53 37
53 39
53 40
53 41
53 43
53 46
53 48
53 51
53 52
53 53
53 54
53 61
53 63
53 64
53 66
53 67
53 68
53 72
53 76
53 78
53 79
53 81
53 92
53 98
53 99
53 108
53 116
53 122
53 125
53 127
53 128
53 129
53 138
53 139
53 142
53 144
53 147
53 149
54 5
54 9
54 12
54 18
54 19
54 30
54 32
54 36
54 39
54 45
54 46
54 47
54 52
54 53
54 54
54 58
54 62
54 64
54 68
54 76
54 81
54 83
54 84
54 90
54 91
54 93
54 95
54 99
54 104
54 107
54 112
54 115
54 119
54 122
54 123
54 126
54 130
54 142
54 143
54 148
55 5
55 9
55 12
55 14
55 15
55 18
55 20
55 29
55 33
55 35
55 36
55 38
55 41
55 43
55 47
55 54
55 61
55 62
55 73
55 74
55 77
55 87
55 91
55 93
55 96
55 98
55 99
55 100
55 104
55 108
55 111
55 115
55 119
55 126
55 130
55 135
55 137
55 142
55 147
55 148
56 1
56 6
56 7
56 8
56 9
56 14
56 15
56 21
56 24
56 32
56 34
56 35
56 36
56 37
56 39
56 44
56 52
56 55
56 57
56 58
56 62
56 67
56 69
56 73
56 76
56 81
56 83
56 87
56 90
56 93
56 94
56 97
56 107
56 113
56 115
56 127
56 128
56 130
56 131
56 138
56 148
57 3
57 10
57 13
57 14
57 16
57 18
57 22
57 29
57 32
57 33
57 35
57 36
57 37
57 42
57 44
57 46
57 51
57 54
57 56
57 57
57 65
57 66
57 69
57 70
57 77
57 81
57 92
57 95
57 96
57 98
57 107
57 117
57 126
57 129
57 136
57 138
57 143
57 144
58 0
58 4
58 6
58 9
58 11
58 12
58 19
58 22
58 24
58 28
58 31
58 33
58 36
58 38
58 40
58 44
58 54
58 57
58 61
58 62
58 63
58 64
58 65
58 67
58 74
58 75
58 77
58 78
58 81
58 82
58 83
58 84
58 85
58 86
58 87
58 90
58 92
58 96
58 98
58 101
58 103
58 104
58 107
58 108
58 110
58 111
58 112
58 113
58 116
58 119
58 124
58 126
58 128
58 129
58 135
58 138
58 140
58 142
58 144
59 10
59 12
59 13
59 16
59 18
59 22
59 23
59 24
59 32
59 37
59 40
59 46
59 48
59 51
59 54
59 55
59 60
59 64
59 68
59 72
59 74
59 76
59 89
59 92
59 94
59 95
59 96
59 111
59 112
59 118
59 126
59 131
59 134
59 137
59 139
59 144
60 0
60 4
60 8
60 9
60 10
60 11
60 14
60 20
60 21
60 23
60 34
60 36
60 41
60 44
60 50
60 51
60 54
60 61
60 78
60 81
60 82
60 90
60 98
60 100
60 112
60 113
60 117
60 119
60 126
60 127
60 128
60 134
60 138
60 140
60 143
60 148
61 1
61 2
61 5
61 7
61 8
61 10
61 12
61 14
61 15
61 18
61 29
61 30
61 33
61 39
61 40
61 42
61 47
61 48
61 52
61 57
61 58
61 65
61 66
61 75
61 80
61 81
61 88
61 89
61 92
61 93
61 94
61 97
61 98
61 106
61 108
61 110
61 111
61 118
61 122
61 125
61 126
61 127
61 128
61 130
61 133
61 143
61 144
61 145
61 146
62 2
62 5
62 7
62 10
62 12
62 13
62 16
62 17
62 18
62 24
62 28
62 31
62 44
62 47
62 49
62 52
62 57
62 64
62 65
62 73
62 74
62 77
62 82
62 86
62 91
62 95
62 102
62 105
62 107
62 122
62 123
62 124
62 128
62 130
62 132
62 137
62 143
63 2
63 3
63 8
63 9
63 11
63 17
63 18
63 19
63 25
63 29
63 31
63 32
63 36
63 40
63 41
63 44
63 45
63 46
63 48
63 51
63 52
63 53
63 56
63 59
63 65
63 68
63 72
63 76
63 81
63 83
63 87
63 90
63 96
63 97
63 101
63 102
63 108
63 112
63 113
63 122
63 124
63 132
63 134
63 135
63 144
64 4
64 15
64 20
64 23
64 25
64 28
64 29
64 32
64 39
64 41
64 46
64 47
64 54
64 55
64 58
64 61
64 64
64 69
64 71
64 72
64 75
64 80
64 82
64 83
64 86
64 87
64 90
64 97
64 100
64 103
64 106
64 113
64 114
64 120
64 126
64 127
64 128
64 130
64 137
64 143
65 5
65 10
65 14
65 17
65 22
65 24
65 25
65 26
65 34
65 39
65 41
65 47
65 49
65 51
65 53
65 56
65 57
65 60
65 64
65 71
65 72
65 87
65 89
65 92
65 93
65 100
65 101
65 106
65 109
65 112
65 128
65 131
65 133
65 136
65 141
65 144
65 148
65 149
66 2
66 7
66 11
66 13
66 18
66 19
66 20
66 23
66 25
66 30
66 32
66 34
66 38
66 41
66 42
66 43
66 47
66 50
66 53
66 55
66 57
66 59
66 60
66 63
66 67
66 68
66 71
66 77
66 78
66 81
66 90
66 96
66 97
66 100
66 101
66 102
66 103
66 108
66 116
66 125
66 126
66 128
66 131
66 133
66 134
66 137
66 142
66 146
66 147
67 10
67 15
67 18
67 19
67 22
67 32
67 33
67 36
67 39
67 40
67 41
67 47
67 52
67 54
67 57
67 58
67 59
67 65
67 69
67 76
67 79
67 80
67 81
67 82
67 86
67 87
67 89
67 94
67 95
67 106
67 111
67 115
67 116
67 119
67 121
67 137
67 143
67 144
67 146
67 147
68 1
68 6
68 7
68 11
68 15
68 17
68 19
68 20
68 21
68 23
68 32
68 39
68 42
68 44
68 45
68 59
68 67
68 69
68 72
68 73
68 74
68 77
68 78
68 83
68 84
68 87
68 92
68 93
68 95
68 97
68 100
68 101
68 102
68 106
68 108
68 109
68 118
68 120
68 121
68 123
68 125
68 126
68 129
68 134
68 137
68 140
68 143
69 12
69 14
69 15
69 16
69 27
69 30
69 31
69 33
69 43
69 48
69 53
69 55
69 57
69 60
69 61
69 62
69 65
69 66
69 71
69 73
69 75
69 76
69 77
69 81
69 84
69 85
69 91
69 92
69 96
69 99
69 100
69 103
69 105
69 109
69 112
69 115
69 120
69 130
69 131
69 136
69 137
69 140
69 141
69 146
70 4
70 7
70 11
70 16
70 17
70 18
70 19
70 20
70 22
70 25
70 27
70 32
70 37
70 38
70 39
70 42
70 46
70 47
70 50
70 53
70 54
70 62
70 63
70 67
70 69
70 70
70 82
70 93
70 107
70 109
70 111
70 113
70 118
70 120
70 121
70 123
70 126
70 130
70 134
70 141
70 147
71 1
71 2
71 4
71 6
71 14
71 16
71 19
71 23
71 27
71 28
71 29
71 30
71 32
71 39
71 47
71 49
71 51
71 56
71 57
71 58
71 59
71 64
71 66
71 71
71 72
71 75
71 82
71 83
71 91
71 93
71 94
71 97
71 104
71 106
71 108
71 111
71 115
71 118
71 120
71 123
71 126
71 129
71 133
71 138
71 145
71 147
71 148
72 1
72 5
72 10
72 11
72 13
72 17
72 18
72 22
72 23
72 26
72 28
72 30
72 38
72 39
72 42
72 43
72 47
72 49
72 50
72 54
72 58
72 62
72 63
72 78
72 80
72 83
72 97
72 101
72 103
72 106
72 108
72 114
72 118
72 119
72 120
72 123
72 125
72 126
72 128
72 139
72 140
72 146
72 148
72 149
73 2
73 3
73 6
73 10
73 13
73 14
73 21
73 25
73 29
73 36
73 38
73 44
73 47
73 50
73 51
73 52
73 53
73 54
73 55
73 64
73 69
73 71
73 76
73 77
73 90
73 92
73 94
73 96
73 100
73 104
73 114
73 118
73 120
73 122
73 126
73 128
73 138
73 141
74 1
74 3
74 4
74 7
74 8
74 10
74 11
74 13
74 22
74 24
74 34
74 35
74 38
74 39
74 45
74 49
74 51
74 52
74 54
74 55
74 58
74 61
74 65
74 67
74 70
74 72
74 76
74 78
74 81
74 82
74 84
74 93
74 96
74 99
74 100
74 103
74 104
74 108
74 109
74 110
74 114
74 122
74 129
74 130
74 132
74 133
74 134
74 135
74 137
74 138
74 139
74 141
74 145
74 146
75 0
75 2
75 9
75 18
75 24
75 25
75 31
75 43
75 44
75 46
75 48
75 51
75 54
75 56
75 60
75 63
75 64
75 65
75 71
75 78
75 81
75 86
75 88
75 89
75 93
75 95
75 98
75 100
75 101
75 103
75 104
75 107
75 108
75 114
75 115
75 117
75 118
75 119
75 121
75 125
75 126
75 130
75 132
75 136
75 143
75 145
76 2
76 4
76 7
76 9
76 12
76 18
76 20
76 24
76 28
76 34
76 35
76 39
76 40
76 44
76 46
76 50
76 51
76 54
76 57
76 61
76 62
76 65
76 68
76 71
76 72
76 75
76 79
76 85
76 89
76 95
76 102
76 107
76 109
76 112
76 114
76 121
76 125
76 130
76 132
76 134
76 135
76 137
76 139
76 142
76 144
76 147
76 148
76 149
77 4
77 5
77 17
77 22
77 23
77 25
77 28
77 31
77 36
77 39
77 43
77 45
77 46
77 48
77 52
77 53
77 55
77 56
77 59
77 64
77 65
77 68
77 71
77 73
77 76
77 80
77 88
77 90
77 92
77 105
77 108
77 112
77 117
77 122
77 123
77 124
77 125
77 126
77 127
77 130
77 134
77 136
77 137
77 138
77 144
77 146
78 3
78 4
78 5
78 7
78 8
78 11
78 12
78 15
78 16
78 25
78 26
78 27
78 28
78 29
78 34
78 36
78 38
78 39
78 41
78 45
78 47
78 50
78 51
78 54
78 55
78 56
78 57
78 62
78 63
78 67
78 69
78 72
78 77
78 85
78 88
78 95
78 102
78 103
78 104
78 106
78 109
78 121
78 124
78 129
78 131
78 132
78 133
78 136
78 140
78 142
78 144
78 145
78 146
78 148
79 3
79 5
79 7
79 10
79 12
79 13
79 16
79 17
79 22
79 25
79 26
79 28
79 32
79 36
79 40
79 47
79 50
79 51
79 56
79 57
79 58
79 63
79 65
79 76
79 78
79 80
79 85
79 92
79 96
79 97
79 102
79 103
79 104
79 105
79 113
79 114
79 118
79 124
79 126
79 127
79 136
79 138
79 139
79 147
80 0
80 7
80 11
80 14
80 16
80 17
80 25
80 27
80 28
80 30
80 33
80 36
80 37
80 40
80 43
80 47
80 49
80 50
80 51
80 52
80 57
80 65
80 70
80 78
80 79
80 83
80 84
80 85
80 87
80 90
80 92
80 93
80 96
80 98
80 102
80 103
80 107
80 111
80 116
80 118
80 121
80 124
80 126
80 127
80 130
80 136
80 139
80 140
80 143
80 145
80 148
81 1
81 6
81 7
81 9
81 14
81 26
81 27
81 28
81 32
81 33
81 35
81 37
81 38
81 42
81 44
81 47
81 49
81 54
81 55
81 64
81 66
81 67
81 70
81 73
81 75
81 76
81 78
81 85
81 87
81 88
81 92
81 93
81 94
81 98
81 101
81 108
81 112
81 114
81 115
81 117
81 120
81 124
81 125
81 128
81 136
81 138
81 140
81 144
81 145
81 146
82 1
82 9
82 13
82 17
82 25
82 29
82 33
82 39
82 47
82 50
82 52
82 56
82 57
82 61
82 67
82 79
82 81
82 84
82 88
82 89
82 90
82 91
82 95
82 98
82 103
82 112
82 114
82 115
82 118
82 120
82 121
82 125
82 128
82 129
82 131
82 135
82 137
82 138
82 143
82 144
83 1
83 2
83 7
83 8
83 10
83 12
83 21
83 24
83 25
83 26
83 38
83 40
83 42
83 47
83 51
83 56
83 58
83 72
83 73
83 74
83 79
83 80
83 81
83 84
83 85
83 86
83 90
83 93
83 97
83 100
83 101
83 105
83 106
83 109
83 110
83 113
83 117
83 121
83 126
83 128
83 131
83 132
83 134
83 135
83 137
83 143
83 145
83 146
83 149
84 4
84 5
84 7
84 9
84 10
84 11
84 14
84 23
84 24
84 27
84 29
84 33
84 36
84 39
84 43
84 46
84 47
84 58
84 60
84 62
84 72
84 75
84 79
84 82
84 88
84 94
84 96
84 97
84 105
84 110
84 113
84 120
84 123
84 124
84 125
84 130
84 131
84 139
84 142
84 145
84 147
84 148
85 0
85 4
85 5
85 6
85 8
85 10
85 11
85 17
85 18
85 21
85 23
85 24
85 32
85 34
85 39
85 41
85 43
85 44
85 50
85 52
85 54
85 59
85 61
85 63
85 69
85 75
85 78
85 79
85 83
85 84
85 89
85 92
85 95
85 100
85 104
85 105
85 106
85 107
85 109
85 113
85 121
85 122
85 123
85 129
85 131
85 134
85 136
85 138
85 140
85 141
85 142
85 145
86 6
86 9
86 12
86 15
86 17
86 21
86 24
86 26
86 35
86 37
86 41
86 42
86 46
86 47
86 50
86 52
86 54
86 55
86 56
86 58
86 68
86 72
86 73
86 76
86 77
86 78
86 79
86 87
86 88
86 92
86 93
86 94
86 95
86 96
86 100
86 103
86 108
86 111
86 113
86 116
86 123
86 124
86 127
86 128
86 131
86 133
86 134
86 136
86 138
86 140
86 142
86 143
86 144
86 147
87 0
87 5
87 7
87 8
87 11
87 13
87 14
87 15
87 16
87 18
87 21
87 26
87 31
87 37
87 38
87 42
87 43
87 45
87 52
87 58
87 59
87 66
87 69
87 71
87 77
87 83
87 86
87 88
87 91
87 93
87 95
87 98
87 100
87 104
87 105
87 106
87 108
87 110
87 111
87 112
87 116
87 123
87 125
87 126
87 127
87 131
87 138
87 139
87 145
87 149
88 0
88 1
88 2
88 8
88 14
88 21
88 26
88 33
88 34
88 36
88 39
88 43
88 45
88 47
88 48
88 49
88 56
88 57
88 59
88 60
88 61
88 63
88 64
88 65
88 68
88 71
88 73
88 77
88 79
88 84
88 86
88 89
88 90
88 97
88 98
88 100
88 103
88 109
88 116
88 119
88 120
88 122
88 126
88 128
88 129
88 130
88 133
88 134
88 138
88 142
88 143
88 146
89 1
89 7
89 11
89 14
89 15
89 16
89 18
89 21
89 24
89 29
89 30
89 33
89 35
89 38
89 42
89 44
89 46
89 48
89 49
89 58
89 59
89 66
89 68
89 69
89 71
89 75
89 76
89 77
89 78
89 79
89 81
89 83
89 85
89 89
89 91
89 93
89 97
89 103
89 106
89 115
89 120
89 122
89 124
89 128
89 130
89 131
89 136
89 142
89 147
90 0
90 7
90 9
90 12
90 25
90 35
90 36
90 38
90 39
90 40
90 46
90 48
90 55
90 62
90 74
90 75
90 76
90 81
90 84
90 85
90 89
90 93
90 98
90 100
90 101
90 103
90 108
90 110
90 115
90 132
90 134
90 136
90 138
90 139
90 140
90 145
91 0
91 1
91 2
91 4
91 6
91 7
91 8
91 9
91 12
91 14
91 15
91 19
91 20
91 27
91 30
91 31
91 32
91 39
91 40
91 41
91 42
91 43
91 44
91 45
91 57
91 61
91 68
91 71
91 73
91 79
91 80
91 85
91 101
91 102
91 104
91 106
91 108
91 109
91 112
91 114
91 116
91 118
91 125
91 129
91 130
91 132
91 140
91 144
92 1
92 7
92 12
92 13
92 18
92 26
92 28
92 31
92 34
92 35
92 40
92 41
92 45
92 46
92 50
92 51
92 52
92 58
92 59
92 66
92 68
92 71
92 81
92 83
92 85
92 86
92 87
92 88
92 91
92 95
92 105
92 111
92 113
92 119
92 121
92 128
92 131
92 136
92 142
92 143
92 145
92 146
92 148
92 149
93 3
93 4
93 5
93 9
93 11
93 12
93 18
93 25
93 26
93 28
93 30
93 33
93 35
93 40
93 44
93 50
93 51
93 54
93 58
93 61
93 64
93 70
93 75
93 78
93 79
93 81
93 85
93 90
93 91
93 95
93 99
93 100
93 103
93 105
93 106
93 107
93 111
93 114
93 119
93 121
93 127
93 130
93 137
93 139
93 145
93 148
94 6
94 7
94 11
94 13
94 15
94 23
94 29
94 39
94 41
94 42
94 44
94 49
94 53
94 55
94 58
94 59
94 62
94 68
94 73
94 74
94 77
94 78
94 79
94 80
94 81
94 91
94 92
94 94
94 97
94 98
94 104
94 105
94 107
94 108
94 109
94 110
94 112
94 114
94 117
94 119
94 120
94 122
94 126
94 127
94 130
94 141
94 147
95 0
95 2
95 5
95 7
95 10
95 17
95 21
95 30
95 37
95 41
95 48
95 49
95 52
95 54
95 55
95 57
95 59
95 61
95 64
95 67
95 73
95 82
95 84
95 85
95 88
95 89
95 92
95 93
95 94
95 95
95 100
95 102
95 104
95 105
95 106
95 107
95 108
95 115
95 117
95 118
95 122
95 126
95 128
95 129
95 131
95 135
95 136
96 2
96 3
96 4
96 6
96 9
96 11
96 13
96 15
96 21
96 22
96 25
96 32
96 41
96 44
96 48
96 50
96 52
96 53
96 58
96 65
96 66
96 67
96 68
96 72
96 74
96 77
96 78
96 80
96 82
96 91
96 94
96 100
96 101
96 102
96 111
96 118
96 120
96 121
96 124
96 126
96 127
96 133
96 138
96 139
96 141
96 143
96 145
97 9
97 11
97 16
97 17
97 18
97 20
97 22
97 24
97 39
97 45
97 47
97 48
97 59
97 60
97 61
97 63
97 69
97 72
97 74
97 76
97 82
97 84
97 94
97 95
97 97
97 99
97 105
97 109
97 112
97 117
97 121
97 122
97 127
97 136
97 141
97 142
97 143
97 148
97 149
98 1
98 2
98 11
98 13
98 21
98 29
98 33
98 34
98 37
98 38
98 40
98 41
98 43
98 44
98 49
98 51
98 52
98 54
98 61
98 62
98 65
98 68
98 72
98 74
98 75
98 80
98 81
98 84
98 86
98 90
98 92
98 95
98 100
98 106
98 111
98 112
98 113
98 115
98 117
98 119
98 120
98 121
98 122
98 124
98 128
98 129
98 130
98 143
98 144
98 148
99 4
99 5
99 6
99 7
99 8
99 13
99 14
99 15
99 20
99 23
99 29
99 37
99 38
99 40
99 41
99 45
99 46
99 50
99 53
99 55
99 56
99 58
99 62
99 65
99 66
99 75
99 77
99 80
99 85
99 90
99 95
99 99
99 101
99 103
99 104
99 105
99 106
99 114
99 116
99 118
99 119
99 126
99 128
99 132
99 135
99 137
99 142
99 147
99 148
99 149
100 2
100 4
100 17
100 24
100 29
100 30
100 35
100 36
100 40
100 42
100 45
100 46
100 48
100 51
100 55
100 60
100 66
100 70
100 80
100 83
100 92
100 93
100 97
100 101
100 103
100 108
100 114
100 115
100 120
100 121
100 124
100 137
100 141
100 142
100 143
100 145
101 4
101 5
101 16
101 22
101 30
101 36
101 42
101 44
101 49
101 52
101 60
101 62
101 65
101 67
101 68
101 70
101 75
101 76
101 78
101 79
101 82
101 87
101 92
101 96
101 103
101 104
101 111
101 118
101 127
101 128
101 131
101 133
101 136
101 138
101 141
101 142
101 143
101 147
101 149
102 2
102 3
102 17
102 33
102 38
102 47
102 50
102 51
102 55
102 58
102 59
102 63
102 65
102 66
102 68
102 70
102 74
102 75
102 79
102 81
102 83
102 85
102 87
102 88
102 89
102 92
102 93
102 95
102 99
102 100
102 102
102 103
102 104
102 113
102 115
102 116
102 117
102 119
102 124
102 134
102 138
102 145
103 6
103 9
103 12
103 13
103 14
103 16
103 17
103 19
103 21
103 25
103 29
103 32
103 33
103 44
103 47
103 54
103 55
103 59
103 60
103 63
103 66
103 67
103 69
103 71
103 73
103 80
103 81
103 84
103 85
103 86
103 87
103 90
103 91
103 94
103 95
103 97
103 98
103 102
103 104
103 116
103 119
103 126
103 136
103 138
103 143
104 1
104 6
104 7
104 17
104 21
104 22
104 23
104 37
104 40
104 45
104 46
104 48
104 53
104 54
104 56
104 62
104 63
104 67
104 68
104 73
104 75
104 78
104 80
104 81
104 88
104 89
104 96
104 99
104 102
104 104
104 105
104 109
104 132
104 136
104 137
104 138
104 139
104 141
104 142
104 143
104 146
105 7
105 11
105 12
105 15
105 21
105 24
105 26
105 27
105 31
105 40
105 42
105 53
105 55
105 56
105 66
105 69
105 70
105 71
105 74
105 78
105 87
105 90
105 96
105 99
105 100
105 107
105 111
105 112
105 117
105 121
105 125
105 128
105 131
105 136
105 140
105 146
105 148
106 1
106 3
106 4
106 8
106 10
106 14
106 16
106 17
106 18
106 19
106 21
106 22
106 33
106 34
106 36
106 40
106 41
106 42
106 50
106 52
106 61
106 67
106 70
106 72
106 73
106 77
106 78
106 79
106 81
106 83
106 88
106 92
106 96
106 99
106 103
106 110
106 111
106 113
106 116
106 123
106 130
106 131
106 133
106 136
106 142
106 143
106 144
106 145
106 149
107 0
107 1
107 6
107 7
107 8
107 14
107 15
107 17
107 18
107 19
107 26
107 28
107 29
107 39
107 40
107 43
107 46
107 49
107 50
107 55
107 57
107 59
107 61
107 63
107 66
107 71
107 74
107 80
107 85
107 88
107 90
107 91
107 92
107 97
107 98
107 100
107 106
107 107
107 111
107 112
107 114
107 117
107 119
107 129
107 130
107 134
107 135
107 137
107 138
107 139
107 140
107 144
107 147
107 149
108 1
108 3
108 10
108 11
108 13
108 14
108 15
108 16
108 20
108 24
108 27
108 30
108 31
108 32
108 33
108 34
108 37
108 41
108 48
108 52
108 56
108 57
108 69
108 72
108 73
108 75
108 82
108 83
108 86
108 91
108 93
108 98
108 100
108 101
108 102
108 104
108 108
108 110
108 116
108 117
108 118
108 119
108 121
108 124
108 132
108 133
108 136
108 137
108 138
108 140
108 141
108 145
108 149
109 2
109 5
109 9
109 13
109 18
109 19
109 20
109 22
109 27
109 29
109 30
109 31
109 39
109 42
109 47
109 48
109 51
109 52
109 53
109 54
109 57
109 58
109 59
109 61
109 65
109 67
109 70
109 79
109 80
109 83
109 85
109 87
109 92
109 97
109 98
109 99
109 105
109 109
109 121
109 124
109 127
109 132
109 138
109 140
109 141
109 144
109 145
109 148
110 0
110 3
110 7
110 11
110 16
110 18
110 21
110 23
110 27
110 29
110 30
110 31
110 32
110 34
110 35
110 36
110 39
110 41
110 43
110 54
110 56
110 58
110 59
110 61
110 65
110 67
110 72
110 77
110 81
110 83
110 84
110 85
110 89
110 90
110 96
110 98
110 99
110 101
110 106
110 114
110 118
110 128
110 130
110 132
110 134
110 136
110 140
111 4
111 9
111 21
111 23
111 24
111 26
111 27
111 29
111 30
111 32
111 37
111 38
111 41
111 49
111 55
111 60
111 69
111 71
111 75
111 81
111 84
111 85
111 87
111 90
111 91
111 95
111 97
111 98
111 100
111 105
111 111
111 114
111 119
111 122
111 125
111 127
111 132
111 137
111 142
111 146
112 3
112 5
112 12
112 14
112 18
112 19
112 21
112 23
112 25
112 26
112 30
112 35
112 39
112 41
112 42
112 43
112 48
112 53
112 59
112 62
112 64
112 66
112 70
112 71
112 73
112 74
112 76
112 80
112 88
112 89
112 93
112 94
112 97
112 104
112 106
112 110
112 111
112 119
112 122
112 123
112 130
112 133
112 135
112 140
112 143
112 146
112 147
112 148
113 0
113 5
113 6
113 9
113 12
113 13
113 14
113 18
113 23
113 31
113 33
113 34
113 36
113 44
113 45
113 46
113 52
113 58
113 59
113 63
113 68
113 72
113 73
113 75
113 76
113 79
113 81
113 86
113 97
113 109
113 115
113 118
113 120
113 122
113 123
113 124
113 127
113 132
113 137
113 138
113 140
113 141
113 143
113 146
113 147
113 149
114 3
114 4
114 5
114 8
114 11
114 12
114 13
114 15
114 17
114 18
114 23
114 28
114 34
114 35
114 41
114 42
114 44
114 47
114 52
114 54
114 60
114 69
114 74
114 75
114 77
114 78
114 87
114 90
114 93
114 94
114 98
114 99
114 100
114 103
114 113
114 121
114 122
114 124
114 129
114 130
114 131
114 134
114 139
114 149
115 2
115 3
115 5
115 6
115 7
115 14
115 15
115 16
115 27
115 28
115 33
115 37
115 38
115 45
115 46
115 50
115 51
115 52
115 56
115 61
115 62
115 68
115 74
115 76
115 79
115 93
115 99
115 100
115 104
115 114
115 115
115 116
115 119
115 123
115 126
115 127
115 128
115 129
115 132
115 138
115 146
115 147
115 149
116 9
116 12
116 13
116 16
116 19
116 22
116 24
116 26
116 27
116 30
116 36
116 41
116 46
116 51
116 53
116 57
116 59
116 63
116 64
116 65
116 66
116 67
116 68
116 70
116 71
116 79
116 83
116 86
116 87
116 89
116 90
116 93
116 95
116 97
116 102
116 103
116 106
116 108
116 111
116 116
116 117
116 120
116 123
116 124
116 125
116 129
116 131
116 132
116 135
116 138
116 141
116 144
117 1
117 9
117 10
117 16
117 25
117 26
117 28
117 38
117 39
117 40
117 41
117 45
117 46
117 48
117 50
117 57
117 62
117 63
117 64
117 65
117 69
117 73
117 75
117 81
117 85
117 87
117 89
117 92
117 96
117 100
117 101
117 104
117 108
117 109
117 111
117 115
117 116
117 120
117 121
117 127
117 134
117 135
117 140
117 145
117 148
118 1
118 3
118 4
118 5
118 8
118 11
118 15
118 25
118 32
118 35
118 49
118 57
118 59
118 69
118 72
118 74
118 75
118 80
118 81
118 82
118 85
118 87
118 92
118 96
118 99
118 103
118 109
118 112
118 113
118 114
118 116
118 117
118 118
118 121
118 123
118 124
118 125
118 126
118 141
118 149
119 2
119 6
119 7
119 10
119 13
119 24
119 29
119 32
119 36
119 38
119 40
119 43
119 48
119 50
119 53
119 59
119 63
119 65
119 67
119 73
119 78
119 81
119 82
119 84
119 85
119 90
119 101
119 110
119 115
119 118
119 120
119 121
119 126
119 138
119 143
119 144
119 146
120 2
120 8
120 10
120 13
120 14
120 15
120 16
120 17
120 20
120 22
120 26
120 31
120 33
120 37
120 40
120 50
120 51
120 53
120 59
120 60
120 68
120 69
120 71
120 73
120 74
120 76
120 78
120 84
120 88
120 91
120 93
120 95
120 96
120 102
120 110
120 111
120 118
120 122
120 128
120 134
120 140
120 147
120 149
121 2
121 6
121 12
121 14
121 19
121 23
121 32
121 37
121 40
121 42
121 53
121 54
121 57
121 58
121 59
121 63
121 77
121 80
121 81
121 85
121 88
121 92
121 94
121 97
121 98
121 100
121 103
121 104
121 105
121 107
121 108
121 114
121 117
121 118
121 121
121 124
121 127
121 132
121 138
121 141
121 144
121 145
121 149
122 3
122 4
122 6
122 7
122 11
122 12
122 17
122 20
122 26
122 29
122 30
122 35
122 44
122 45
122 48
122 53
122 55
122 57
122 61
122 66
122 67
122 68
122 78
122 81
122 87
122 88
122 94
122 100
122 101
122 102
122 103
122 104
122 107
122 110
122 114
122 115
122 116
122 118
122 123
122 127
122 128
122 131
122 135
123 2
123 8
123 9
123 12
123 13
123 15
123 20
123 22
123 27
123 30
123 31
123 34
123 35
123 43
123 56
123 59
123 62
123 63
123 64
123 67
123 68
123 71
123 73
123 78
123 83
123 85
123 87
123 88
123 90
123 95
123 97
123 98
123 104
123 108
123 111
123 113
123 116
123 117
123 119
123 127
123 128
123 139
123 146
123 148
123 149
124 2
124 4
124 8
124 9
124 10
124 11
124 13
124 20
124 21
124 26
124 27
124 29
124 32
124 41
124 47
124 53
124 55
124 56
124 58
124 59
124 62
124 66
124 68
124 73
124 74
124 75
124 79
124 82
124 84
124 86
124 89
124 93
124 95
124 107
124 108
124 116
124 119
124 122
124 123
124 124
124 126
124 128
124 130
124 133
124 134
124 135
124 137
124 141
125 3
125 7
125 9
125 10
125 12
125 13
125 17
125 20
125 23
125 26
125 28
125 34
125 36
125 37
125 38
125 40
125 42
125 53
125 55
125 57
125 60
125 62
125 64
125 66
125 70
125 72
125 82
125 86
125 90
125 92
125 95
125 96
125 105
125 108
125 109
125 110
125 112
125 115
125 116
125 120
125 125
125 126
125 127
125 131
125 136
125 141
125 143
125 144
125 146
126 0
126 4
126 5
126 12
126 14
126 16
126 19
126 20
126 21
126 22
126 24
126 25
126 28
126 33
126 38
126 39
126 42
126 45
126 46
126 49
126 50
126 51
126 52
126 54
126 58
126 60
126 64
126 67
126 79
126 82
126 85
126 104
126 111
126 112
126 115
126 120
126 122
126 137
126 143
126 147
127 5
127 6
127 9
127 10
127 13
127 14
127 30
127 37
127 42
127 44
127 45
127 47
127 51
127 60
127 61
127 63
127 64
127 65
127 70
127 71
127 75
127 76
127 80
127 86
127 90
127 94
127 97
127 109
127 110
127 112
127 113
127 114
127 116
127 123
127 125
127 131
127 139
127 141
127 142
127 143
128 10
128 17
128 20
128 22
128 23
128 33
128 34
128 38
128 39
128 42
128 46
128 48
128 49
128 50
128 53
128 54
128 55
128 56
128 58
128 59
128 64
128 65
128 71
128 72
128 74
128 79
128 81
128 84
128 87
128 91
128 92
128 93
128 96
128 102
128 107
128 114
128 117
128 119
128 124
128 127
128 134
128 139
128 141
128 142
128 149
129 0
129 1
129 6
129 8
129 10
129 11
129 13
129 15
129 21
129 22
129 34
129 35
129 52
129 54
129 57
129 58
129 60
129 64
129 66
129 72
129 75
129 78
129 82
129 86
129 88
129 91
129 94
129 95
129 99
129 102
129 105
129 113
129 118
129 127
129 128
129 130
129 133
129 134
129 139
129 140
129 142
129 149
130 1
130 2
130 8
130 12
130 14
130 17
130 18
130 21
130 25
130 26
130 31
130 33
130 34
130 37
130 38
130 42
130 44
130 46
130 49
130 50
130 56
130 61
130 62
130 64
130 65
130 66
130 84
130 86
130 87
130 88
130 89
130 93
130 96
130 107
130 110
130 115
130 120
130 123
130 124
130 131
130 132
130 138
130 139
130 140
131 3
131 9
131 15
131 16
131 18
131 20
131 22
131 24
131 28
131 29
131 31
131 33
131 35
131 44
131 47
131 51
131 53
131 58
131 70
131 74
131 79
131 84
131 85
131 86
131 93
131 98
131 107
131 108
131 112
131 113
131 117
131 118
131 123
131 124
131 126
131 134
131 135
131 140
132 0
132 1
132 3
132 4
132 28
132 29
132 32
132 34
132 39
132 44
132 47
132 52
132 53
132 58
132 59
132 60
132 62
132 70
132 77
132 80
132 81
132 82
132 86
132 88
132 90
132 91
132 93
132 103
132 104
132 109
132 110
132 111
132 113
132 114
132 116
132 118
132 119
132 125
132 127
132 133
132 139
132 141
132 145
132 147
132 148
133 0
133 1
133 3
133 6
133 15
133 16
133 18
133 20
133 22
133 23
133 24
133 25
133 26
133 27
133 30
133 32
133 37
133 40
133 48
133 49
133 56
133 57
133 62
133 63
133 68
133 72
133 73
133 75
133 84
133 88
133 91
133 93
133 97
133 98
133 99
133 100
133 103
133 105
133 108
133 110
133 116
133 123
133 130
133 131
133 137
133 141
133 143
133 144
133 146
133 147
133 148
134 2
134 3
134 5
134 9
134 10
134 13
134 19
134 24
134 29
134 32
134 37
134 41
134 43
134 46
134 47
134 49
134 53
134 55
134 61
134 65
134 76
134 79
134 89
134 90
134 93
134 96
134 98
134 100
134 102
134 104
134 105
134 107
134 111
134 112
134 115
134 117
134 126
134 127
134 128
134 132
134 136
134 139
134 140
134 142
134 143
134 147
134 148
134 149
135 1
135 5
135 11
135 12
135 23
135 27
135 28
135 29
135 31
135 33
135 35
135 38
135 42
135 43
135 46
135 50
135 53
135 56
135 58
135 60
135 78
135 79
135 82
135 87
135 91
135 92
135 93
135 96
135 99
135 106
135 107
135 110
135 112
135 120
135 121
135 122
135 123
135 131
135 135
135 136
135 137
135 138
135 140
135 143
135 146
135 147
136 3
136 7
136 13
136 14
136 16
136 19
136 25
136 28
136 33
136 43
136 49
136 52
136 53
136 55
136 60
136 65
136 75
136 77
136 80
136 81
136 86
136 93
136 95
136 103
136 104
136 106
136 109
136 111
136 116
136 117
136 120
136 122
136 124
136 132
136 135
136 140
136 145
136 149
137 2
137 7
137 12
137 16
137 18
137 20
137 24
137 30
137 37
137 39
137 40
137 45
137 47
137 51
137 56
137 60
137 62
137 67
137 68
137 71
137 73
137 76
137 77
137 78
137 82
137 83
137 86
137 88
137 92
137 93
137 100
137 108
137 115
137 116
137 126
137 128
137 142
137 143
137 144
137 145
137 147
137 149
138 4
138 6
138 14
138 21
138 23
138 31
138 34
138 36
138 37
138 41
138 42
138 46
138 51
138 56
138 64
138 69
138 72
138 74
138 75
138 76
138 78
138 81
138 84
138 86
138 94
138 95
138 98
138 99
138 108
138 120
138 122
138 126
138 128
138 130
138 131
138 143
138 145
138 146
139 1
139 2
139 3
139 4
139 5
139 7
139 10
139 11
139 15
139 17
139 19
139 20
139 29
139 30
139 36
139 37
139 44
139 48
139 53
139 55
139 65
139 70
139 71
139 75
139 76
139 81
139 83
139 84
139 87
139 92
139 94
139 95
139 99
139 103
139 106
139 107
139 110
139 112
139 115
139 116
139 117
139 118
139 119
139 129
139 131
139 134
139 149
140 1
140 4
140 6
140 9
140 11
140 17
140 19
140 26
140 39
140 40
140 42
140 44
140 45
140 55
140 56
140 58
140 59
140 60
140 63
140 64
140 65
140 67
140 72
140 75
140 78
140 79
140 81
140 83
140 84
140 93
140 95
140 99
140 100
140 101
140 104
140 108
140 109
140 111
140 113
140 116
140 122
140 125
140 128
140 130
140 131
140 133
140 143
140 145
140 146
141 4
141 5
141 7
141 12
141 24
141 30
141 37
141 47
141 51
141 53
141 54
141 57
141 59
141 69
141 74
141 80
141 81
141 83
141 84
141 87
141 96
141 99
141 100
141 102
141 103
141 104
141 105
141 110
141 111
141 113
141 116
141 117
141 121
141 125
141 126
141 128
141 129
141 141
141 142
141 144
141 145
142 4
142 16
142 19
142 20
142 23
142 25
142 26
142 28
142 33
142 36
142 37
142 45
142 46
142 55
142 58
142 65
142 66
142 69
142 72
142 73
142 75
142 79
142 81
142 85
142 87
142 88
142 89
142 90
142 91
142 93
142 94
142 96
142 98
142 100
142 105
142 113
142 118
142 121
142 123
142 126
142 128
142 130
142 140
143 2
143 3
143 5
143 6
143 11
143 12
143 16
143 17
143 19
143 22
143 29
143 45
143 52
143 57
143 68
143 69
143 76
143 83
143 89
143 90
143 93
143 94
143 98
143 104
143 106
143 109
143 110
143 111
143 119
143 120
143 121
143 123
143 126
143 131
143 136
143 141
143 142
143 144
143 148
144 1
144 2
144 4
144 5
144 7
144 10
144 15
144 19
144 20
144 32
144 33
144 36
144 40
144 45
144 49
144 52
144 59
144 67
144 68
144 76
144 79
144 80
144 82
144 87
144 90
144 91
144 92
144 102
144 103
144 107
144 111
144 112
144 117
144 120
144 121
144 123
144 125
144 127
144 129
144 130
144 131
144 132
144 135
144 139
144 143
144 144
144 146
145 2
145 3
145 4
145 7
145 8
145 11
145 16
145 22
145 26
145 27
145 29
145 33
145 37
145 42
145 54
145 62
145 63
145 68
145 77
145 83
145 84
145 90
145 92
145 96
145 109
145 110
145 114
145 121
145 124
145 129
145 135
145 137
145 139
145 142
145 147
146 0
146 2
146 7
146 10
146 12
146 13
146 15
146 16
146 17
146 19
146 20
146 23
146 24
146 26
146 30
146 36
146 37
146 42
146 43
146 48
146 49
146 50
146 58
146 62
146 63
146 66
146 72
146 76
146 77
146 83
146 84
146 87
146 88
146 90
146 91
146 92
146 94
146 95
146 98
146 99
146 101
146 105
146 107
146 110
146 116
146 132
146 133
146 138
146 146
146 149
147 3
147 5
147 8
147 9
147 10
147 14
147 15
147 21
147 25
147 26
147 37
147 45
147 48
147 59
147 64
147 66
147 70
147 73
147 76
147 82
147 83
147 87
147 88
147 92
147 95
147 98
147 107
147 109
147 110
147 112
147 115
147 117
147 120
147 126
147 138
147 140
147 143
147 145
148 1
148 2
148 6
148 8
148 16
148 17
148 19
148 20
148 26
148 27
148 33
148 41
148 48
148 49
148 54
148 58
148 62
148 63
148 64
148 66
148 67
148 69
148 70
148 78
148 79
148 86
148 91
148 97
148 99
148 103
148 104
148 105
148 109
148 112
148 116
148 118
148 119
148 126
148 131
148 132
148 139
148 143
148 145
149 0
149 1
149 5
149 10
149 11
149 13
149 19
149 21
149 25
149 29
149 31
149 32
149 33
149 36
149 43
149 49
149 56
149 59
149 64
149 70
149 71
149 74
149 81
149 89
149 94
149 97
149 99
149 107
149 113
149 116
149 119
149 120
149 123
149 124
149 126
149 131
149 132
149 133
149 134
149 135
149 136
149 137
149 143
149 144
149 149
