150
2250
0 3
0 8
0 24
0 25
0 35
0 42
0 50
0 53
0 68
0 73
0 92
0 113
0 120
0 127
0 148
1 3
1 9
1 18
1 20
1 30
1 39
1 41
1 45
1 47
1 51
1 53
1 63
1 65
1 75
1 76
1 95
1 111
1 114
1 115
1 120
1 122
1 137
1 140
1 141
1 145
1 148
2 7
2 10
2 11
2 17
2 26
2 30
2 35
2 58
2 64
2 66
2 81
2 82
2 93
2 107
2 111
2 118
2 130
2 136
2 146
2 149
3 16
3 29
3 36
3 45
3 53
3 78
3 89
3 104
3 105
3 108
3 124
3 126
3 128
3 149
4 1
4 5
4 24
4 39
4 43
4 71
4 72
4 77
4 80
4 91
4 93
4 104
4 108
4 129
4 143
5 39
5 63
5 66
5 84
5 88
5 94
5 101
5 114
5 120
5 123
5 127
5 131
6 2
6 25
6 32
6 54
6 71
6 84
6 86
6 95
6 101
6 105
6 106
6 112
6 116
6 118
6 138
7 7
7 13
7 22
7 23
7 25
7 51
7 57
7 72
7 79
7 91
7 117
7 122
7 130
7 135
7 147
7 149
8 20
8 23
8 24
8 46
8 50
8 53
8 54
8 60
8 61
8 76
8 93
8 97
8 100
8 104
8 105
8 107
8 110
8 119
8 121
8 141
8 149
9 9
9 22
9 30
9 32
9 35
9 38
9 45
9 53
9 80
9 90
9 91
9 97
9 103
9 113
9 122
9 140
9 143
9 147
10 0
10 11
10 17
10 25
10 36
10 55
10 71
10 77
10 80
10 81
10 83
10 101
10 104
10 120
10 127
10 132
11 6
11 25
11 28
11 50
11 57
11 58
11 68
11 78
11 85
11 86
11 116
11 121
11 124
11 129
11 135
11 136
11 139
11 146
12 9
12 15
12 37
12 51
12 64
12 71
12 82
12 89
12 90
12 118
12 121
12 128
12 139
13 1
13 25
13 30
13 46
13 51
13 55
13 59
13 62
13 76
13 81
13 90
13 98
13 107
13 112
13 131
13 135
13 137
14 0
14 19
14 23
14 25
14 28
14 39
14 41
14 44
14 58
14 60
14 66
14 73
14 74
14 87
14 101
14 108
14 110
14 118
14 135
14 143
15 1
15 6
15 10
15 15
15 41
15 59
15 74
15 78
15 81
15 91
15 108
15 136
15 140
15 147
16 1
16 8
16 12
16 13
16 20
16 33
16 34
16 36
16 41
16 45
16 48
16 57
16 68
16 108
16 111
16 119
16 121
16 124
16 130
16 148
17 0
17 18
17 24
17 32
17 52
17 67
17 81
17 88
17 114
17 119
17 127
17 129
17 136
17 141
17 148
17 149
18 10
18 16
18 24
18 27
18 43
18 48
18 60
18 70
18 92
18 113
18 141
19 5
19 12
19 16
19 21
19 30
19 37
19 70
19 74
19 94
19 110
19 114
19 130
19 135
20 16
20 21
20 22
20 31
20 33
20 36
20 54
20 58
20 72
20 76
20 80
20 81
20 92
20 93
20 115
20 127
20 135
21 7
21 11
21 14
21 23
21 27
21 40
21 48
21 50
21 67
21 74
21 81
21 84
21 88
21 89
21 99
21 117
21 136
21 140
22 25
22 41
22 75
22 76
22 81
22 89
22 100
22 131
22 132
22 143
23 15
23 27
23 40
23 49
23 57
23 59
23 88
23 94
23 129
23 135
23 139
23 141
24 5
24 23
24 53
24 58
24 60
24 109
24 119
24 126
24 129
24 136
24 144
25 0
25 14
25 34
25 45
25 62
25 69
25 72
25 91
25 96
25 118
25 135
26 6
26 9
26 23
26 26
26 56
26 60
26 61
26 67
26 69
26 70
26 86
26 88
26 113
26 120
26 143
26 149
27 67
27 75
27 76
27 86
27 115
27 119
27 130
28 0
28 5
28 9
28 13
28 18
28 52
28 63
28 76
28 78
28 86
28 92
28 94
28 127
28 133
28 134
29 12
29 13
29 38
29 43
29 44
29 64
29 67
29 71
29 87
29 89
29 112
29 119
29 138
29 146
30 25
30 29
30 31
30 32
30 34
30 36
30 46
30 59
30 89
30 92
30 112
31 9
31 44
31 45
31 54
31 59
31 68
31 81
31 86
31 103
31 131
31 133
31 138
32 11
32 13
32 20
32 28
32 49
32 53
32 67
32 74
32 79
32 80
32 88
32 110
32 122
32 126
32 128
33 7
33 10
33 14
33 21
33 22
33 27
33 43
33 47
33 48
33 69
33 72
33 111
33 114
33 122
33 123
33 138
33 144
34 6
34 17
34 20
34 23
34 24
34 44
34 49
34 57
34 76
34 84
34 90
34 94
34 101
34 103
34 104
34 107
34 110
34 112
34 130
34 144
35 4
35 10
35 22
35 30
35 32
35 43
35 44
35 56
35 64
35 68
35 82
35 98
35 106
35 109
35 117
35 122
35 127
35 128
35 137
35 143
36 20
36 64
36 116
37 2
37 9
37 18
37 22
37 46
37 47
37 51
37 55
37 61
37 85
37 89
37 97
37 109
37 110
37 146
38 3
38 7
38 11
38 20
38 22
38 32
38 53
38 68
38 79
38 81
38 88
38 102
39 2
39 47
39 55
39 58
39 64
39 75
39 81
39 89
39 90
39 91
39 114
39 130
39 139
39 144
40 2
40 6
40 9
40 10
40 30
40 37
40 48
40 54
40 55
40 69
40 83
40 87
40 97
40 102
40 118
41 37
41 41
41 48
41 50
41 65
41 81
41 84
41 97
41 99
41 112
41 139
41 142
42 1
42 5
42 18
42 19
42 37
42 97
42 113
42 127
42 145
43 5
43 7
43 27
43 47
43 92
43 98
43 115
43 118
43 136
43 143
44 25
44 29
44 49
44 61
44 63
44 70
44 72
44 109
44 116
44 144
45 23
45 43
45 47
45 53
45 66
45 68
45 71
45 76
45 78
45 81
45 91
45 93
45 95
45 100
45 105
45 109
45 113
45 115
45 123
45 132
45 143
46 7
46 20
46 26
46 31
46 47
46 58
46 73
46 76
46 83
46 87
46 95
46 97
46 111
46 117
46 120
46 127
46 135
46 145
47 33
47 34
47 39
47 54
47 56
47 81
47 83
47 92
47 95
47 104
47 106
47 119
47 120
47 124
48 29
48 49
48 56
48 59
48 61
48 65
48 95
48 105
48 106
48 108
48 112
48 118
48 121
48 131
48 144
48 149
49 3
49 38
49 75
49 79
49 96
49 102
49 125
49 128
49 136
49 139
49 140
49 145
50 15
50 24
50 38
50 40
50 45
50 55
50 62
50 67
50 73
50 77
50 98
50 100
50 111
50 116
50 121
50 130
50 131
50 149
51 2
51 20
51 27
51 31
51 36
51 40
51 43
51 52
51 54
51 64
51 70
51 80
51 87
51 99
51 116
51 138
52 10
52 13
52 17
52 29
52 32
52 34
52 38
52 39
52 41
52 45
52 76
52 101
52 106
52 111
52 114
52 124
52 144
52 147
53 6
53 23
53 27
53 28
53 34
53 40
53 45
53 61
53 65
53 85
53 87
53 88
53 101
53 106
53 107
53 110
53 116
53 117
53 127
53 134
53 136
54 4
54 15
54 16
54 26
54 40
54 49
54 55
54 57
54 58
54 67
54 69
54 72
54 84
54 86
54 127
54 142
54 143
54 146
55 4
55 11
55 13
55 16
55 36
55 45
55 54
55 55
55 60
55 70
55 82
55 88
55 90
55 105
55 114
55 121
55 123
55 126
55 132
56 10
56 12
56 34
56 42
56 44
56 64
56 86
56 90
56 105
56 124
56 129
56 138
56 144
57 5
57 22
57 61
57 62
57 65
57 74
57 81
57 82
57 105
57 145
58 7
58 9
58 18
58 33
58 43
58 46
58 50
58 68
58 101
58 109
58 121
58 131
59 3
59 4
59 5
59 13
59 23
59 29
59 38
59 51
59 56
59 73
59 94
59 112
59 128
59 133
59 143
59 145
59 146
60 22
60 42
60 47
60 64
60 84
60 100
60 101
60 108
60 112
60 130
60 143
60 147
61 0
61 4
61 17
61 20
61 35
61 45
61 56
61 74
61 77
61 87
61 88
61 95
61 107
61 120
61 137
61 142
61 143
62 35
62 54
62 62
62 68
62 69
62 74
62 91
62 102
62 106
62 117
62 119
62 125
62 128
63 3
63 19
63 28
63 61
63 64
63 70
63 111
63 121
63 136
63 144
64 6
64 36
64 37
64 51
64 52
64 54
64 57
64 58
64 89
64 101
64 103
64 127
64 128
64 129
64 133
64 143
65 26
65 60
65 63
65 66
65 69
65 72
65 77
65 120
65 124
65 130
65 145
66 13
66 20
66 33
66 39
66 43
66 50
66 63
66 73
66 86
66 100
66 126
66 137
66 145
67 15
67 27
67 30
67 31
67 75
67 84
67 88
67 99
67 135
68 3
68 8
68 17
68 24
68 53
68 58
68 62
68 63
68 88
68 92
68 108
68 111
68 122
68 130
68 135
69 24
69 26
69 36
69 40
69 45
69 56
69 82
69 106
69 109
69 114
69 124
69 139
69 142
69 148
70 5
70 9
70 11
70 23
70 27
70 37
70 40
70 60
70 68
70 89
70 101
70 144
71 5
71 12
71 20
71 23
71 47
71 48
71 64
71 76
71 78
71 87
71 88
71 99
71 108
71 113
71 115
71 126
71 139
71 140
71 145
72 1
72 7
72 11
72 12
72 16
72 40
72 54
72 82
72 93
72 105
72 127
72 132
72 134
72 140
72 149
73 1
73 3
73 13
73 16
73 34
73 37
73 39
73 49
73 53
73 54
73 69
73 70
73 75
73 85
73 94
73 95
73 114
73 127
73 133
73 145
73 149
74 0
74 4
74 7
74 34
74 36
74 51
74 61
74 64
74 69
74 75
74 86
74 110
74 115
74 124
75 39
75 43
75 49
75 56
75 59
75 71
75 78
75 79
75 93
75 119
75 123
75 136
76 11
76 17
76 26
76 31
76 41
76 44
76 58
76 59
76 68
76 70
76 78
76 82
76 92
76 100
76 119
76 131
76 138
76 146
77 7
77 9
77 24
77 58
77 62
77 95
77 119
77 133
77 142
78 6
78 12
78 16
78 21
78 31
78 32
78 42
78 64
78 87
78 103
78 109
78 110
78 124
78 133
78 140
79 2
79 12
79 14
79 28
79 33
79 36
79 41
79 52
79 63
79 74
79 84
79 86
79 96
79 103
79 106
79 115
79 120
79 121
79 123
79 149
80 2
80 12
80 16
80 19
80 20
80 22
80 39
80 60
80 73
80 84
80 98
80 99
80 106
80 109
81 3
81 13
81 23
81 28
81 43
81 47
81 57
81 71
81 80
81 81
81 84
81 87
81 92
81 101
81 108
81 126
81 129
81 138
82 13
82 34
82 45
82 69
82 95
82 101
82 108
82 109
82 111
82 119
82 121
82 124
82 134
82 135
82 140
82 143
83 10
83 29
83 31
83 35
83 86
83 90
83 110
83 112
84 4
84 7
84 14
84 34
84 54
84 89
84 91
84 103
84 105
84 120
84 121
84 140
84 143
84 147
85 2
85 5
85 16
85 47
85 48
85 51
85 54
85 69
85 71
85 85
85 94
85 102
85 108
85 120
85 134
85 139
85 141
85 144
86 0
86 5
86 23
86 31
86 68
86 79
86 82
86 87
86 88
86 104
86 132
86 134
86 136
86 137
87 11
87 13
87 16
87 24
87 25
87 31
87 47
87 55
87 59
87 87
87 106
87 114
87 121
87 125
87 126
87 141
88 10
88 15
88 23
88 24
88 30
88 35
88 77
88 84
88 100
88 115
88 118
88 123
88 128
88 131
88 149
89 3
89 25
89 35
89 36
89 45
89 61
89 96
89 111
89 117
89 127
89 131
89 135
89 139
89 143
89 149
90 4
90 12
90 21
90 36
90 38
90 63
90 65
90 81
90 82
90 87
90 103
90 112
90 118
90 137
90 142
91 7
91 9
91 22
91 24
91 25
91 46
91 54
91 63
91 73
91 87
91 89
91 93
91 96
91 101
91 103
91 104
91 115
91 120
91 147
92 22
92 25
92 78
92 91
92 95
92 112
92 124
93 18
93 19
93 34
93 36
93 39
93 50
93 54
93 68
93 79
93 97
93 106
93 111
93 116
93 118
93 132
93 144
93 147
94 4
94 10
94 16
94 32
94 40
94 49
94 58
94 59
94 71
94 72
94 75
94 88
94 111
94 127
94 144
95 25
95 37
95 42
95 68
95 70
95 73
95 84
95 109
95 120
95 126
95 128
95 144
96 6
96 22
96 23
96 24
96 35
96 44
96 46
96 52
96 58
96 67
96 87
96 95
96 108
96 115
96 124
96 126
97 5
97 62
97 64
97 67
97 72
97 75
97 85
97 89
97 97
97 109
97 126
97 129
98 13
98 44
98 66
98 74
98 77
98 79
98 82
98 115
98 120
98 130
98 142
99 13
99 25
99 28
99 29
99 34
99 37
99 38
99 41
99 52
99 62
99 71
99 74
99 76
99 108
99 115
99 120
99 127
99 136
99 139
99 140
99 143
100 9
100 19
100 53
100 55
100 66
100 68
100 99
100 115
100 119
100 133
100 136
100 140
100 144
101 1
101 2
101 5
101 6
101 11
101 19
101 21
101 36
101 42
101 44
101 52
101 58
101 72
101 76
101 77
101 99
101 118
101 119
101 122
101 130
102 21
102 24
102 34
102 41
102 43
102 58
102 63
102 64
102 77
102 92
102 100
102 102
102 107
102 109
102 111
102 130
102 133
103 6
103 17
103 24
103 31
103 34
103 44
103 47
103 51
103 60
103 61
103 62
103 64
103 65
103 73
103 94
103 104
103 110
103 124
103 143
104 10
104 26
104 58
104 62
104 70
104 83
104 91
104 132
104 135
104 138
104 142
105 2
105 19
105 22
105 27
105 33
105 37
105 46
105 57
105 58
105 61
105 67
105 111
105 118
105 119
105 122
105 147
105 149
106 9
106 25
106 36
106 44
106 45
106 51
106 64
106 87
106 90
106 93
106 103
106 107
106 120
106 137
106 139
106 140
106 148
107 0
107 13
107 27
107 32
107 52
107 55
107 57
107 62
107 66
107 69
107 78
107 90
107 95
107 127
107 130
107 139
107 143
107 144
107 145
107 149
108 18
108 28
108 35
108 44
108 52
108 62
108 80
108 95
108 110
108 129
108 130
108 131
108 137
108 145
109 6
109 16
109 21
109 46
109 59
109 60
109 72
109 85
109 88
109 91
109 93
109 104
109 107
109 112
109 138
109 146
110 7
110 11
110 23
110 53
110 56
110 63
110 64
110 77
110 86
110 102
110 106
110 116
110 131
111 10
111 12
111 23
111 25
111 39
111 45
111 63
111 84
111 86
111 123
111 129
111 137
111 139
112 0
112 7
112 8
112 14
112 25
112 27
112 76
112 83
112 89
112 91
112 93
112 105
112 112
112 119
112 120
112 127
113 0
113 10
113 12
113 22
113 38
113 44
113 65
113 78
113 91
113 98
113 101
113 115
113 119
113 122
113 123
113 137
113 148
114 9
114 15
114 21
114 39
114 48
114 63
114 87
114 103
114 104
114 106
114 110
114 115
114 127
114 136
114 148
115 8
115 31
115 40
115 69
115 73
115 90
115 96
115 97
115 102
115 104
115 119
115 127
115 128
116 5
116 13
116 15
116 19
116 22
116 26
116 37
116 40
116 55
116 65
116 78
116 83
116 87
116 96
116 97
116 100
116 127
116 141
116 143
117 13
117 22
117 30
117 33
117 34
117 51
117 58
117 61
117 74
117 82
117 86
117 89
117 103
117 106
117 107
117 115
117 131
117 135
117 140
118 2
118 15
118 25
118 34
118 37
118 49
118 50
118 51
118 54
118 74
118 80
118 92
118 107
118 112
118 129
118 134
118 137
119 2
119 12
119 17
119 18
119 20
119 22
119 23
119 38
119 41
119 45
119 51
119 66
119 84
119 88
119 93
119 99
119 108
119 117
119 130
119 137
120 4
120 5
120 7
120 24
120 30
120 42
120 46
120 52
120 56
120 71
120 84
120 90
120 96
120 119
120 136
120 139
120 149
121 10
121 14
121 29
121 39
121 58
121 61
121 81
121 86
121 97
121 103
121 105
121 116
121 128
121 133
121 138
121 142
122 16
122 72
122 79
122 94
122 99
122 108
122 123
122 124
122 143
122 144
122 147
123 1
123 5
123 11
123 15
123 21
123 31
123 41
123 72
123 85
123 90
123 96
123 100
123 105
123 106
123 107
123 114
123 123
123 125
124 4
124 6
124 15
124 17
124 27
124 37
124 39
124 43
124 47
124 52
124 64
124 75
124 80
124 85
124 89
124 93
124 98
124 104
124 106
124 110
124 123
124 134
124 138
124 141
125 12
125 14
125 15
125 36
125 48
125 58
125 64
125 83
125 93
125 99
125 105
125 106
125 117
125 127
125 131
125 148
126 9
126 34
126 44
126 56
126 68
126 76
126 79
126 90
126 95
126 116
126 121
126 128
126 134
126 145
126 148
127 44
127 104
127 110
127 114
127 115
127 119
127 123
127 130
127 134
127 136
128 5
128 16
128 55
128 65
128 74
128 84
128 98
128 110
128 117
128 135
128 139
129 0
129 7
129 10
129 19
129 41
129 57
129 75
129 77
129 94
129 108
129 115
129 133
129 144
129 148
130 22
130 26
130 40
130 60
130 61
130 71
130 77
130 78
130 90
130 94
130 99
130 124
131 3
131 10
131 17
131 24
131 37
131 39
131 44
131 49
131 60
131 84
131 86
131 95
131 126
132 8
132 18
132 21
132 24
132 26
132 34
132 37
132 44
132 51
132 53
132 64
132 79
132 81
132 115
132 119
132 121
132 122
132 123
132 137
133 11
133 25
133 30
133 35
133 84
133 90
133 96
133 137
133 144
133 147
134 1
134 6
134 59
134 62
134 66
134 76
134 80
134 88
134 143
134 146
135 3
135 4
135 5
135 16
135 21
135 58
135 67
135 83
135 88
135 117
136 2
136 9
136 11
136 18
136 20
136 30
136 50
136 52
136 63
136 64
136 69
136 77
136 79
136 85
136 95
136 99
136 100
136 111
136 124
136 125
136 134
136 140
137 16
137 17
137 26
137 38
137 40
137 45
137 50
137 56
137 65
137 66
137 71
137 73
137 74
137 85
137 89
137 101
137 130
137 139
138 12
138 13
138 23
138 24
138 30
138 60
138 62
138 63
138 75
138 76
138 81
138 92
138 98
138 108
138 110
138 114
138 115
138 132
138 136
138 146
139 9
139 12
139 13
139 22
139 29
139 45
139 46
139 48
139 58
139 63
139 89
139 97
139 102
139 119
139 136
139 144
140 0
140 3
140 15
140 18
140 20
140 23
140 44
140 45
140 86
140 91
140 105
140 113
140 119
140 120
140 121
140 129
140 145
140 149
141 1
141 9
141 17
141 25
141 35
141 87
141 88
141 89
141 90
141 95
141 107
141 111
141 121
142 9
142 16
142 25
142 35
142 36
142 62
142 67
142 70
142 76
142 87
142 94
142 99
142 120
142 124
142 125
142 135
142 140
142 141
142 142
143 28
143 34
143 47
143 57
143 60
143 72
143 85
143 102
143 104
143 128
143 148
143 149
144 0
144 21
144 34
144 36
144 37
144 43
144 50
144 55
144 73
144 74
144 93
144 94
144 97
144 100
144 119
144 127
144 142
145 11
145 38
145 51
145 64
145 93
145 116
145 118
145 135
145 138
145 142
145 147
146 14
146 17
146 23
146 28
146 37
146 39
146 44
146 55
146 57
146 59
146 67
146 75
146 90
146 99
146 146
147 8
147 16
147 22
147 24
147 66
147 72
147 87
147 88
147 93
147 129
147 136
147 138
148 5
148 7
148 17
148 23
148 24
148 39
148 51
148 64
148 70
148 75
148 78
148 111
148 123
149 9
149 10
149 18
149 31
149 41
149 46
149 67
149 68
149 99
149 113
149 119
149 125
149 137
149 147
149 148
