150
4500
0 3
0 5
0 6
0 8
0 29
0 30
0 32
0 55
0 59
0 60
0 62
0 63
0 64
0 72
0 73
0 74
0 85
0 94
0 95
0 103
0 117
0 122
0 124
0 133
1 3
1 14
1 15
1 18
1 22
1 24
1 28
1 31
1 32
1 33
1 43
1 50
1 60
1 65
1 73
1 74
1 85
1 91
1 94
1 97
1 100
1 111
1 123
1 127
1 135
1 143
1 147
2 1
2 5
2 23
2 28
2 42
2 43
2 44
2 57
2 60
2 65
2 66
2 71
2 72
2 73
2 74
2 78
2 85
2 86
2 87
2 88
2 92
2 95
2 100
2 106
2 107
2 114
2 118
2 121
2 126
2 134
2 137
2 140
2 144
2 145
2 148
3 7
3 10
3 16
3 18
3 20
3 21
3 27
3 34
3 36
3 47
3 49
3 58
3 61
3 71
3 79
3 82
3 85
3 91
3 94
3 112
3 116
3 118
3 137
3 139
3 140
3 143
3 144
3 148
4 0
4 3
4 5
4 8
4 12
4 18
4 22
4 32
4 33
4 35
4 41
4 42
4 53
4 71
4 85
4 86
4 90
4 92
4 101
4 118
4 120
4 121
4 122
4 132
5 2
5 9
5 13
5 24
5 30
5 31
5 33
5 44
5 50
5 60
5 75
5 80
5 82
5 86
5 89
5 103
5 107
5 111
5 112
5 114
5 117
5 118
5 119
5 122
5 123
5 130
5 133
6 4
6 5
6 6
6 14
6 19
6 23
6 28
6 30
6 38
6 52
6 58
6 61
6 63
6 64
6 73
6 77
6 78
6 81
6 97
6 102
6 114
6 115
6 117
6 122
6 123
6 126
6 132
6 142
6 146
6 149
7 2
7 6
7 7
7 8
7 9
7 10
7 13
7 19
7 20
7 22
7 25
7 26
7 37
7 42
7 46
7 55
7 57
7 59
7 63
7 66
7 70
7 76
7 86
7 92
7 97
7 106
7 119
7 125
7 128
7 131
7 140
7 143
7 144
8 6
8 7
8 11
8 13
8 15
8 17
8 21
8 25
8 26
8 27
8 36
8 37
8 43
8 44
8 49
8 50
8 53
8 57
8 62
8 70
8 73
8 83
8 84
8 86
8 89
8 98
8 101
8 102
8 109
8 112
8 113
8 117
8 123
8 128
8 129
8 135
8 136
8 140
8 143
8 146
9 1
9 18
9 32
9 33
9 36
9 40
9 47
9 50
9 51
9 53
9 61
9 62
9 69
9 72
9 74
9 76
9 83
9 86
9 93
9 98
9 101
9 120
9 122
9 129
9 144
9 147
10 1
10 6
10 14
10 18
10 23
10 24
10 25
10 27
10 31
10 38
10 40
10 49
10 50
10 51
10 64
10 65
10 69
10 70
10 72
10 74
10 75
10 81
10 85
10 89
10 94
10 100
10 105
10 106
10 112
10 126
10 127
10 128
10 132
10 138
10 139
10 144
10 145
10 148
10 149
11 9
11 16
11 18
11 22
11 28
11 31
11 34
11 41
11 53
11 55
11 61
11 64
11 67
11 69
11 72
11 73
11 80
11 91
11 103
11 104
11 108
11 114
11 116
11 117
11 119
11 120
11 126
11 128
11 132
11 135
11 137
11 140
11 142
11 144
11 146
11 147
11 148
12 5
12 8
12 12
12 18
12 20
12 35
12 58
12 60
12 65
12 67
12 70
12 86
12 88
12 101
12 103
12 108
12 113
12 115
12 117
12 126
12 134
12 139
12 140
12 142
12 148
13 0
13 1
13 3
13 4
13 5
13 14
13 16
13 17
13 28
13 29
13 30
13 32
13 47
13 48
13 52
13 55
13 59
13 67
13 70
13 78
13 94
13 98
13 109
13 119
13 122
13 124
13 125
14 0
14 3
14 12
14 14
14 17
14 20
14 22
14 24
14 31
14 32
14 34
14 37
14 50
14 53
14 66
14 73
14 82
14 84
14 91
14 98
14 106
14 110
14 116
14 124
14 126
14 127
14 129
14 132
15 3
15 14
15 15
15 16
15 18
15 19
15 21
15 22
15 23
15 24
15 30
15 36
15 38
15 44
15 45
15 47
15 52
15 54
15 59
15 61
15 62
15 63
15 65
15 68
15 78
15 83
15 92
15 97
15 99
15 100
15 108
15 118
15 120
15 122
15 124
15 128
15 130
15 131
15 132
15 137
15 146
16 2
16 3
16 14
16 16
16 19
16 20
16 22
16 27
16 32
16 35
16 37
16 48
16 56
16 71
16 79
16 87
16 89
16 90
16 92
16 97
16 101
16 102
16 110
16 142
16 143
17 7
17 13
17 19
17 27
17 32
17 34
17 69
17 70
17 72
17 73
17 79
17 81
17 86
17 88
17 90
17 93
17 98
17 107
17 112
17 113
17 115
17 116
17 118
17 121
17 126
17 135
17 141
17 143
17 147
18 5
18 9
18 10
18 11
18 22
18 30
18 40
18 42
18 53
18 54
18 59
18 60
18 64
18 65
18 66
18 73
18 74
18 75
18 80
18 88
18 92
18 94
18 98
18 117
18 120
18 123
18 124
18 126
18 130
18 134
18 135
18 140
18 144
18 149
19 1
19 4
19 17
19 27
19 28
19 29
19 37
19 42
19 43
19 49
19 50
19 55
19 59
19 61
19 65
19 70
19 78
19 81
19 83
19 100
19 114
19 123
19 129
19 139
19 146
20 5
20 8
20 9
20 14
20 16
20 18
20 20
20 21
20 22
20 23
20 24
20 42
20 43
20 45
20 49
20 51
20 56
20 58
20 61
20 62
20 65
20 68
20 69
20 84
20 85
20 86
20 93
20 106
20 107
20 116
20 129
20 134
20 136
20 137
20 142
20 144
20 145
20 146
21 3
21 11
21 22
21 26
21 27
21 30
21 37
21 43
21 44
21 49
21 55
21 56
21 57
21 62
21 63
21 64
21 65
21 80
21 84
21 87
21 92
21 95
21 100
21 102
21 115
21 118
21 120
21 123
21 140
21 148
22 17
22 18
22 22
22 26
22 30
22 32
22 34
22 37
22 46
22 61
22 63
22 66
22 74
22 77
22 79
22 82
22 84
22 86
22 88
22 90
22 95
22 98
22 106
22 111
22 125
22 137
22 138
22 139
22 145
22 149
23 11
23 14
23 15
23 17
23 23
23 32
23 33
23 34
23 50
23 72
23 77
23 79
23 84
23 93
23 98
23 110
23 119
23 122
23 123
23 129
23 134
23 137
23 141
23 146
23 148
24 3
24 13
24 14
24 17
24 21
24 22
24 31
24 38
24 40
24 42
24 43
24 46
24 49
24 50
24 52
24 54
24 58
24 59
24 60
24 61
24 77
24 88
24 106
24 108
24 122
24 125
24 127
24 129
24 138
24 140
24 146
24 149
25 0
25 21
25 23
25 26
25 39
25 48
25 51
25 54
25 55
25 63
25 66
25 78
25 88
25 90
25 92
25 101
25 107
25 116
25 120
25 130
25 132
25 135
25 136
25 148
25 149
26 15
26 16
26 20
26 21
26 25
26 26
26 30
26 31
26 35
26 36
26 37
26 49
26 56
26 59
26 65
26 67
26 70
26 72
26 74
26 81
26 83
26 86
26 88
26 90
26 100
26 102
26 105
26 106
26 113
26 117
26 119
26 120
26 122
26 124
26 126
26 138
26 139
27 0
27 5
27 8
27 13
27 22
27 32
27 37
27 38
27 39
27 44
27 47
27 53
27 58
27 67
27 70
27 73
27 74
27 81
27 85
27 96
27 113
27 115
27 127
27 136
27 141
28 14
28 17
28 18
28 22
28 24
28 27
28 44
28 45
28 49
28 50
28 57
28 68
28 74
28 75
28 86
28 87
28 90
28 91
28 96
28 100
28 103
28 106
28 111
28 114
28 116
28 119
28 125
28 126
28 133
28 136
28 137
28 140
28 142
28 146
29 5
29 6
29 11
29 30
29 36
29 39
29 45
29 53
29 59
29 61
29 70
29 72
29 82
29 87
29 96
29 97
29 108
29 110
29 112
29 115
29 118
29 119
29 121
29 128
29 132
29 135
29 141
29 147
29 148
30 2
30 5
30 9
30 12
30 14
30 24
30 26
30 31
30 41
30 43
30 49
30 69
30 74
30 83
30 85
30 100
30 106
30 110
30 112
30 114
30 123
30 127
30 130
30 134
30 139
30 140
30 142
30 145
30 148
31 2
31 3
31 4
31 14
31 20
31 21
31 24
31 26
31 30
31 37
31 39
31 41
31 42
31 46
31 49
31 52
31 53
31 55
31 56
31 60
31 62
31 73
31 80
31 91
31 92
31 97
31 99
31 105
31 110
31 111
31 113
31 116
31 121
31 124
31 128
31 130
31 137
32 0
32 1
32 11
32 14
32 32
32 34
32 39
32 43
32 51
32 53
32 57
32 58
32 60
32 61
32 74
32 84
32 88
32 92
32 95
32 96
32 100
32 102
32 122
32 132
32 133
32 136
32 137
32 141
32 148
33 1
33 4
33 5
33 6
33 8
33 11
33 14
33 17
33 24
33 26
33 27
33 35
33 36
33 52
33 60
33 67
33 75
33 76
33 77
33 78
33 79
33 86
33 95
33 96
33 98
33 99
33 109
33 116
33 120
33 121
33 125
33 127
33 137
33 145
34 6
34 8
34 15
34 19
34 26
34 27
34 30
34 34
34 36
34 46
34 62
34 70
34 73
34 76
34 78
34 79
34 83
34 85
34 86
34 89
34 90
34 99
34 106
34 124
34 131
34 135
34 136
34 146
34 147
35 6
35 7
35 13
35 15
35 16
35 18
35 19
35 21
35 24
35 26
35 30
35 48
35 74
35 80
35 81
35 83
35 89
35 91
35 92
35 98
35 110
35 113
35 114
35 117
35 119
35 120
35 123
35 134
35 135
35 137
35 138
35 148
36 1
36 2
36 5
36 20
36 23
36 24
36 31
36 34
36 36
36 37
36 45
36 54
36 55
36 60
36 73
36 79
36 81
36 86
36 95
36 98
36 101
36 102
36 106
36 111
36 119
36 124
36 127
36 132
36 134
36 141
37 2
37 4
37 9
37 12
37 15
37 21
37 22
37 28
37 41
37 43
37 51
37 52
37 55
37 63
37 66
37 78
37 80
37 86
37 88
37 90
37 91
37 92
37 96
37 100
37 110
37 115
37 118
37 124
37 133
37 134
37 142
37 149
38 7
38 8
38 14
38 19
38 26
38 31
38 35
38 44
38 46
38 48
38 57
38 66
38 67
38 90
38 103
38 121
38 123
38 128
38 133
38 137
38 139
38 149
39 0
39 3
39 4
39 14
39 15
39 17
39 22
39 25
39 27
39 44
39 51
39 72
39 74
39 82
39 84
39 85
39 92
39 97
39 98
39 109
39 115
39 121
39 123
39 124
39 125
39 126
39 131
39 136
39 143
39 147
40 5
40 7
40 9
40 11
40 30
40 33
40 53
40 55
40 57
40 61
40 63
40 74
40 75
40 85
40 88
40 94
40 105
40 112
40 118
40 121
40 123
40 126
40 128
40 138
40 139
40 140
40 144
41 0
41 3
41 6
41 9
41 10
41 11
41 14
41 18
41 20
41 23
41 24
41 25
41 32
41 33
41 40
41 44
41 46
41 47
41 48
41 55
41 62
41 64
41 66
41 67
41 68
41 85
41 89
41 100
41 106
41 123
41 135
41 144
41 149
42 4
42 15
42 20
42 21
42 28
42 45
42 46
42 57
42 59
42 67
42 68
42 71
42 72
42 73
42 76
42 83
42 88
42 89
42 91
42 97
42 103
42 104
42 109
42 112
42 118
42 119
42 120
42 128
42 133
42 134
42 141
42 143
42 144
43 1
43 8
43 14
43 15
43 16
43 17
43 23
43 30
43 33
43 36
43 37
43 42
43 43
43 47
43 51
43 57
43 59
43 62
43 68
43 71
43 76
43 77
43 79
43 82
43 84
43 85
43 87
43 88
43 90
43 93
43 102
43 106
43 110
43 112
43 127
43 128
43 132
43 142
43 143
44 12
44 13
44 16
44 22
44 27
44 29
44 30
44 35
44 40
44 43
44 46
44 47
44 48
44 51
44 55
44 57
44 58
44 63
44 70
44 73
44 75
44 77
44 86
44 94
44 99
44 104
44 105
44 107
44 113
44 114
44 115
44 122
44 126
44 129
44 131
44 132
45 5
45 8
45 12
45 20
45 23
45 25
45 28
45 29
45 30
45 34
45 38
45 47
45 48
45 49
45 52
45 53
45 57
45 62
45 65
45 70
45 73
45 80
45 86
45 95
45 101
45 112
45 113
45 127
45 135
45 145
45 148
46 8
46 9
46 11
46 15
46 18
46 25
46 29
46 34
46 35
46 44
46 47
46 51
46 54
46 56
46 57
46 62
46 68
46 75
46 77
46 78
46 81
46 82
46 84
46 86
46 88
46 92
46 95
46 96
46 99
46 101
46 102
46 106
46 109
46 111
46 113
46 119
46 126
46 128
46 145
47 4
47 7
47 15
47 23
47 24
47 30
47 35
47 42
47 49
47 56
47 59
47 77
47 83
47 91
47 94
47 97
47 112
47 115
47 122
47 123
47 134
48 2
48 4
48 6
48 8
48 12
48 17
48 20
48 24
48 31
48 35
48 45
48 46
48 51
48 60
48 62
48 64
48 66
48 73
48 74
48 76
48 77
48 87
48 88
48 91
48 95
48 98
48 99
48 106
48 108
48 109
48 114
48 115
48 125
48 134
48 144
48 145
48 146
49 0
49 4
49 8
49 13
49 16
49 21
49 32
49 39
49 40
49 42
49 50
49 53
49 58
49 62
49 67
49 73
49 74
49 88
49 100
49 108
49 111
49 117
49 118
49 120
49 121
49 122
49 127
49 138
49 143
49 146
50 1
50 9
50 19
50 25
50 30
50 31
50 35
50 38
50 43
50 45
50 50
50 53
50 55
50 61
50 67
50 70
50 72
50 74
50 93
50 96
50 102
50 111
50 112
50 116
50 120
50 137
50 147
50 148
50 149
51 7
51 9
51 18
51 19
51 22
51 30
51 36
51 37
51 42
51 43
51 46
51 50
51 55
51 56
51 68
51 73
51 77
51 86
51 88
51 98
51 105
51 106
51 107
51 109
51 119
51 125
51 130
51 132
51 135
51 146
52 6
52 26
52 27
52 47
52 52
52 56
52 59
52 70
52 78
52 79
52 83
52 90
52 92
52 94
52 100
52 101
52 102
52 105
52 109
52 111
52 115
52 125
52 132
52 138
52 142
52 147
53 0
53 1
53 3
53 4
53 5
53 9
53 23
53 35
53 36
53 42
53 45
53 47
53 52
53 56
53 63
53 66
53 68
53 72
53 83
53 86
53 88
53 95
53 100
53 105
53 107
53 111
53 119
53 131
53 141
53 143
53 144
53 147
54 1
54 31
54 32
54 34
54 35
54 43
54 46
54 55
54 60
54 71
54 74
54 78
54 87
54 89
54 92
54 94
54 106
54 110
54 117
54 118
54 120
54 124
54 129
54 137
54 140
55 2
55 6
55 9
55 11
55 16
55 21
55 23
55 27
55 33
55 35
55 41
55 43
55 45
55 51
55 54
55 59
55 62
55 66
55 68
55 71
55 74
55 77
55 79
55 80
55 81
55 89
55 92
55 98
55 103
55 107
55 115
55 125
55 131
55 140
55 142
55 144
56 8
56 11
56 20
56 23
56 27
56 28
56 32
56 33
56 39
56 41
56 43
56 45
56 54
56 61
56 64
56 68
56 69
56 75
56 79
56 85
56 88
56 98
56 99
56 100
56 108
56 109
56 112
56 114
56 124
56 129
56 134
56 145
56 146
57 2
57 13
57 30
57 45
57 46
57 47
57 48
57 51
57 70
57 89
57 91
57 95
57 96
57 97
57 98
57 99
57 106
57 110
57 116
57 118
57 129
57 136
57 140
58 2
58 5
58 9
58 10
58 16
58 17
58 35
58 43
58 53
58 57
58 67
58 77
58 80
58 87
58 93
58 106
58 110
58 113
58 114
58 115
58 120
58 136
58 139
58 143
58 149
59 2
59 3
59 8
59 22
59 23
59 25
59 31
59 35
59 36
59 42
59 44
59 47
59 51
59 57
59 61
59 65
59 68
59 71
59 72
59 74
59 80
59 88
59 91
59 97
59 100
59 101
59 104
59 110
59 115
59 128
59 130
59 132
59 133
59 144
59 145
59 147
59 149
60 2
60 5
60 8
60 11
60 16
60 22
60 27
60 34
60 37
60 42
60 44
60 45
60 48
60 51
60 53
60 56
60 62
60 70
60 78
60 83
60 86
60 89
60 91
60 93
60 106
60 107
60 118
60 120
60 131
60 133
60 138
60 144
60 147
61 5
61 8
61 10
61 11
61 16
61 24
61 28
61 31
61 48
61 51
61 58
61 60
61 61
61 62
61 63
61 66
61 74
61 75
61 77
61 93
61 102
61 106
61 111
61 112
61 119
61 121
61 125
61 131
61 140
61 149
62 1
62 11
62 14
62 19
62 22
62 27
62 40
62 46
62 48
62 57
62 61
62 63
62 73
62 75
62 83
62 91
62 95
62 106
62 121
62 123
62 131
62 133
62 136
62 137
62 147
63 3
63 6
63 8
63 15
63 22
63 23
63 25
63 30
63 40
63 41
63 51
63 52
63 56
63 57
63 60
63 67
63 68
63 73
63 75
63 93
63 99
63 107
63 108
63 109
63 116
63 119
63 121
63 124
63 130
63 131
63 133
63 134
63 137
63 138
63 146
64 3
64 5
64 6
64 9
64 10
64 17
64 18
64 21
64 22
64 25
64 40
64 59
64 64
64 69
64 70
64 75
64 76
64 77
64 78
64 88
64 98
64 99
64 102
64 103
64 104
64 107
64 111
64 118
64 120
64 123
64 126
64 130
64 132
64 134
64 135
64 138
64 143
64 146
65 5
65 9
65 12
65 19
65 28
65 35
65 39
65 45
65 52
65 61
65 62
65 63
65 65
65 73
65 82
65 101
65 106
65 111
65 113
65 116
65 117
65 119
65 125
65 133
65 135
65 139
65 140
65 141
66 3
66 4
66 13
66 19
66 55
66 59
66 66
66 67
66 72
66 89
66 103
66 104
66 106
66 113
66 115
66 126
66 134
66 137
66 139
66 141
66 145
66 146
67 7
67 10
67 11
67 18
67 28
67 29
67 47
67 51
67 53
67 55
67 80
67 89
67 91
67 100
67 102
67 115
67 123
67 127
67 133
67 134
67 137
67 139
67 142
67 143
67 144
68 2
68 11
68 18
68 19
68 26
68 29
68 31
68 39
68 40
68 42
68 54
68 58
68 63
68 64
68 65
68 80
68 88
68 92
68 94
68 98
68 101
68 118
68 123
68 125
68 127
68 131
68 142
68 147
69 1
69 7
69 9
69 24
69 29
69 32
69 34
69 40
69 43
69 46
69 74
69 77
69 81
69 83
69 85
69 91
69 108
69 109
69 110
69 121
69 126
69 127
69 136
69 137
69 138
69 142
69 143
69 145
69 148
69 149
70 2
70 16
70 17
70 18
70 24
70 26
70 32
70 34
70 36
70 37
70 43
70 49
70 54
70 60
70 64
70 67
70 78
70 85
70 86
70 87
70 91
70 106
70 112
70 120
70 125
70 126
70 135
70 136
70 144
70 147
70 148
70 149
71 8
71 13
71 14
71 24
71 29
71 30
71 40
71 49
71 51
71 52
71 55
71 59
71 64
71 71
71 76
71 78
71 84
71 86
71 90
71 91
71 103
71 104
71 113
71 118
71 124
71 125
71 135
71 145
71 147
71 148
72 12
72 15
72 20
72 27
72 41
72 42
72 43
72 45
72 51
72 54
72 55
72 56
72 61
72 62
72 64
72 83
72 88
72 89
72 90
72 91
72 102
72 117
72 121
72 123
72 137
72 138
72 144
73 2
73 14
73 28
73 46
73 47
73 49
73 54
73 56
73 59
73 68
73 79
73 81
73 86
73 91
73 98
73 105
73 111
73 114
73 115
73 120
73 125
73 129
73 131
73 132
73 139
73 141
74 0
74 5
74 7
74 9
74 14
74 16
74 22
74 26
74 31
74 40
74 41
74 47
74 49
74 55
74 62
74 67
74 77
74 79
74 86
74 89
74 91
74 94
74 109
74 124
74 127
74 134
74 136
74 147
74 149
75 2
75 5
75 13
75 17
75 26
75 27
75 28
75 35
75 37
75 40
75 41
75 46
75 57
75 73
75 82
75 88
75 90
75 94
75 97
75 100
75 102
75 107
75 108
75 110
75 116
75 118
75 123
75 124
75 128
75 131
75 132
75 137
75 138
75 147
76 0
76 9
76 10
76 18
76 19
76 25
76 31
76 42
76 43
76 44
76 54
76 59
76 60
76 68
76 69
76 70
76 72
76 76
76 100
76 107
76 108
76 119
76 120
76 121
76 124
76 135
76 140
76 142
76 144
77 3
77 10
77 16
77 23
77 27
77 30
77 34
77 38
77 39
77 54
77 57
77 58
77 64
77 68
77 70
77 71
77 72
77 75
77 83
77 84
77 93
77 95
77 96
77 98
77 99
77 100
77 102
77 103
77 107
77 118
77 123
77 124
77 133
77 137
77 146
77 148
78 2
78 4
78 5
78 7
78 10
78 17
78 23
78 39
78 58
78 59
78 61
78 68
78 73
78 74
78 75
78 84
78 94
78 100
78 103
78 116
78 130
78 131
78 143
78 146
79 0
79 5
79 7
79 8
79 15
79 21
79 23
79 24
79 30
79 32
79 36
79 42
79 43
79 49
79 56
79 57
79 63
79 71
79 74
79 85
79 92
79 97
79 98
79 124
79 125
79 131
79 137
79 144
79 147
79 148
80 6
80 9
80 10
80 13
80 16
80 25
80 30
80 31
80 36
80 37
80 39
80 42
80 47
80 55
80 56
80 58
80 59
80 64
80 71
80 73
80 81
80 82
80 83
80 84
80 85
80 93
80 95
80 102
80 106
80 110
80 111
80 126
80 127
80 128
80 129
80 134
80 135
80 137
80 139
81 6
81 7
81 10
81 11
81 14
81 15
81 22
81 30
81 49
81 53
81 55
81 57
81 66
81 69
81 70
81 71
81 74
81 76
81 84
81 88
81 92
81 96
81 109
81 119
81 130
81 133
81 144
81 146
81 148
82 1
82 9
82 10
82 11
82 12
82 16
82 17
82 23
82 27
82 30
82 31
82 32
82 34
82 35
82 39
82 51
82 62
82 75
82 81
82 82
82 89
82 93
82 97
82 106
82 116
82 118
82 119
82 123
82 127
82 128
82 131
82 142
82 147
82 149
83 0
83 1
83 2
83 13
83 14
83 17
83 25
83 26
83 30
83 32
83 43
83 44
83 45
83 49
83 54
83 56
83 61
83 63
83 65
83 74
83 75
83 95
83 96
83 97
83 107
83 111
83 116
83 117
83 124
83 127
83 133
83 134
83 137
83 142
83 144
83 146
84 12
84 18
84 24
84 25
84 26
84 29
84 33
84 37
84 42
84 50
84 51
84 53
84 56
84 63
84 71
84 77
84 80
84 81
84 87
84 89
84 96
84 103
84 104
84 106
84 112
84 117
84 123
84 133
85 7
85 12
85 29
85 32
85 35
85 41
85 46
85 49
85 52
85 53
85 70
85 75
85 86
85 98
85 100
85 103
85 125
85 129
85 133
85 142
85 143
85 146
85 149
86 6
86 20
86 27
86 32
86 33
86 38
86 42
86 44
86 54
86 60
86 63
86 81
86 82
86 93
86 95
86 102
86 107
86 110
86 111
86 113
86 122
86 126
86 130
86 131
86 135
86 138
86 147
86 149
87 0
87 1
87 2
87 8
87 13
87 16
87 18
87 20
87 21
87 28
87 33
87 35
87 38
87 40
87 41
87 46
87 47
87 48
87 53
87 57
87 61
87 64
87 67
87 68
87 83
87 93
87 97
87 100
87 102
87 107
87 114
87 115
87 116
87 120
87 121
87 127
87 136
87 137
87 142
87 143
88 6
88 9
88 12
88 14
88 31
88 35
88 38
88 50
88 51
88 53
88 57
88 58
88 74
88 75
88 80
88 82
88 86
88 87
88 106
88 116
88 127
88 132
88 133
88 139
88 140
89 6
89 9
89 11
89 16
89 23
89 30
89 31
89 32
89 34
89 37
89 43
89 49
89 64
89 68
89 74
89 78
89 94
89 95
89 97
89 108
89 111
89 118
89 121
89 125
89 131
89 132
89 133
89 140
89 141
89 142
89 147
89 149
90 11
90 12
90 15
90 16
90 17
90 22
90 25
90 26
90 46
90 49
90 50
90 79
90 80
90 81
90 92
90 93
90 102
90 109
90 141
90 148
90 149
91 3
91 6
91 8
91 10
91 15
91 26
91 30
91 32
91 36
91 50
91 78
91 83
91 86
91 91
91 98
91 103
91 105
91 108
91 111
91 112
91 114
91 117
91 120
91 124
91 128
91 132
91 144
92 2
92 4
92 10
92 19
92 28
92 31
92 32
92 35
92 39
92 45
92 47
92 48
92 55
92 62
92 63
92 69
92 78
92 88
92 90
92 93
92 102
92 108
92 114
92 116
92 120
92 128
92 130
92 131
92 132
92 137
92 143
92 149
93 0
93 3
93 8
93 13
93 15
93 21
93 22
93 24
93 25
93 29
93 37
93 55
93 73
93 79
93 81
93 83
93 94
93 96
93 99
93 100
93 105
93 107
93 114
93 115
93 117
93 119
93 127
93 129
93 136
93 137
93 140
93 146
93 147
93 149
94 0
94 2
94 6
94 7
94 10
94 20
94 24
94 31
94 36
94 37
94 41
94 42
94 48
94 52
94 58
94 71
94 73
94 77
94 78
94 82
94 87
94 97
94 100
94 104
94 106
94 108
94 113
94 118
94 123
94 125
94 127
94 130
94 133
94 134
94 141
94 146
95 1
95 11
95 12
95 18
95 19
95 20
95 25
95 32
95 40
95 50
95 51
95 54
95 55
95 61
95 66
95 68
95 69
95 75
95 76
95 82
95 93
95 99
95 110
95 115
95 120
95 129
95 136
95 147
96 2
96 3
96 4
96 5
96 6
96 8
96 19
96 29
96 38
96 42
96 55
96 58
96 67
96 70
96 80
96 96
96 98
96 120
96 127
96 128
96 129
96 136
96 140
96 143
96 149
97 0
97 6
97 8
97 12
97 18
97 20
97 24
97 29
97 32
97 33
97 34
97 35
97 36
97 38
97 40
97 42
97 45
97 52
97 56
97 59
97 62
97 66
97 69
97 76
97 79
97 81
97 84
97 89
97 95
97 96
97 97
97 104
97 114
97 115
97 118
97 119
97 121
97 124
97 127
97 142
97 148
98 0
98 4
98 11
98 14
98 16
98 20
98 22
98 29
98 32
98 34
98 35
98 45
98 52
98 61
98 63
98 68
98 83
98 93
98 97
98 101
98 110
98 113
98 118
98 122
98 126
98 133
98 142
98 146
98 149
99 2
99 5
99 7
99 8
99 11
99 20
99 32
99 41
99 44
99 46
99 52
99 57
99 67
99 69
99 72
99 75
99 76
99 84
99 90
99 92
99 98
99 100
99 103
99 112
99 121
99 130
99 138
99 147
100 2
100 12
100 15
100 18
100 19
100 21
100 24
100 25
100 26
100 32
100 38
100 39
100 40
100 51
100 54
100 56
100 60
100 62
100 63
100 64
100 75
100 81
100 94
100 107
100 108
100 112
100 123
100 136
100 148
100 149
101 1
101 8
101 13
101 22
101 24
101 29
101 48
101 52
101 69
101 77
101 82
101 101
101 118
101 124
101 129
101 130
101 131
101 134
101 144
101 146
102 4
102 10
102 26
102 28
102 30
102 44
102 49
102 51
102 52
102 55
102 60
102 61
102 67
102 71
102 80
102 84
102 90
102 92
102 96
102 99
102 101
102 111
102 124
102 127
102 129
102 134
102 136
102 137
102 145
103 3
103 4
103 5
103 8
103 12
103 15
103 20
103 21
103 24
103 32
103 34
103 35
103 40
103 41
103 44
103 46
103 54
103 63
103 73
103 74
103 76
103 84
103 90
103 96
103 100
103 102
103 109
103 122
103 126
103 128
103 141
103 145
104 1
104 2
104 4
104 7
104 10
104 11
104 13
104 15
104 18
104 25
104 30
104 38
104 51
104 56
104 59
104 67
104 69
104 71
104 75
104 77
104 78
104 87
104 95
104 106
104 107
104 119
104 122
104 127
104 149
105 4
105 9
105 11
105 16
105 20
105 35
105 42
105 43
105 50
105 53
105 56
105 63
105 72
105 86
105 87
105 88
105 93
105 94
105 102
105 103
105 104
105 105
105 109
105 111
105 112
105 114
105 120
105 131
105 138
105 140
105 146
105 147
106 6
106 9
106 12
106 15
106 16
106 19
106 20
106 21
106 38
106 45
106 52
106 54
106 57
106 59
106 63
106 70
106 84
106 86
106 95
106 100
106 106
106 112
106 113
106 118
106 124
106 127
106 129
106 130
106 133
106 135
106 139
106 140
107 4
107 7
107 8
107 19
107 21
107 25
107 33
107 39
107 41
107 43
107 61
107 67
107 72
107 76
107 92
107 96
107 107
107 129
107 137
107 140
107 142
107 144
108 1
108 9
108 11
108 18
108 26
108 31
108 32
108 35
108 36
108 42
108 43
108 44
108 58
108 61
108 71
108 73
108 79
108 93
108 111
108 114
108 129
108 131
108 133
108 134
108 137
108 138
108 147
109 9
109 13
109 15
109 21
109 25
109 34
109 42
109 43
109 50
109 51
109 53
109 57
109 72
109 74
109 89
109 92
109 93
109 102
109 107
109 113
109 117
109 122
109 134
109 141
110 3
110 8
110 9
110 12
110 22
110 35
110 36
110 42
110 51
110 63
110 100
110 110
110 122
110 126
110 132
110 133
110 136
110 137
110 141
110 148
110 149
111 1
111 6
111 10
111 11
111 18
111 22
111 24
111 25
111 27
111 29
111 30
111 31
111 33
111 38
111 49
111 56
111 67
111 70
111 88
111 91
111 99
111 106
111 111
111 118
111 124
111 134
111 142
112 6
112 9
112 13
112 16
112 23
112 26
112 29
112 32
112 36
112 40
112 44
112 45
112 54
112 57
112 59
112 60
112 65
112 81
112 85
112 102
112 111
112 112
112 113
112 114
112 131
112 133
112 143
113 1
113 3
113 9
113 11
113 12
113 15
113 24
113 28
113 32
113 38
113 46
113 66
113 76
113 83
113 84
113 86
113 92
113 106
113 112
113 120
113 125
113 131
113 132
113 136
113 137
113 140
114 3
114 7
114 16
114 21
114 24
114 28
114 30
114 35
114 37
114 43
114 58
114 67
114 71
114 73
114 80
114 84
114 90
114 108
114 113
114 115
114 118
114 119
114 124
114 125
114 127
114 133
114 136
114 140
114 144
114 147
115 1
115 5
115 7
115 8
115 10
115 16
115 30
115 32
115 34
115 35
115 37
115 38
115 39
115 41
115 49
115 58
115 68
115 80
115 83
115 85
115 87
115 97
115 113
115 117
115 120
115 122
115 132
115 136
115 143
115 145
116 0
116 4
116 10
116 13
116 20
116 30
116 31
116 32
116 34
116 35
116 36
116 38
116 45
116 49
116 57
116 60
116 72
116 74
116 76
116 77
116 80
116 82
116 102
116 106
116 110
116 122
116 123
116 135
116 137
116 142
116 149
117 6
117 10
117 22
117 24
117 26
117 36
117 38
117 40
117 49
117 51
117 52
117 56
117 60
117 61
117 63
117 69
117 70
117 73
117 78
117 85
117 92
117 94
117 97
117 105
117 106
117 109
117 121
117 137
117 142
117 146
118 10
118 11
118 12
118 17
118 19
118 23
118 39
118 43
118 51
118 58
118 62
118 66
118 70
118 78
118 88
118 90
118 91
118 92
118 109
118 111
118 122
118 123
118 126
118 136
118 139
118 140
118 145
119 5
119 14
119 18
119 21
119 24
119 35
119 55
119 61
119 67
119 74
119 77
119 83
119 89
119 95
119 100
119 101
119 107
119 113
119 122
119 125
119 130
119 134
119 139
119 145
119 147
120 2
120 8
120 9
120 10
120 12
120 21
120 25
120 27
120 28
120 31
120 39
120 47
120 48
120 56
120 58
120 61
120 66
120 68
120 75
120 90
120 94
120 100
120 107
120 110
120 111
120 120
120 123
120 125
120 126
120 129
120 132
120 135
120 139
120 142
120 146
120 149
121 8
121 14
121 20
121 24
121 26
121 29
121 30
121 32
121 36
121 39
121 40
121 42
121 44
121 45
121 49
121 52
121 63
121 65
121 69
121 76
121 85
121 86
121 93
121 100
121 120
121 123
121 126
121 129
121 138
121 140
121 142
121 144
122 4
122 9
122 12
122 15
122 16
122 24
122 25
122 38
122 53
122 54
122 61
122 73
122 74
122 75
122 78
122 83
122 84
122 86
122 87
122 98
122 103
122 109
122 112
122 114
122 117
122 126
122 127
122 141
122 145
123 16
123 18
123 24
123 28
123 39
123 40
123 42
123 43
123 47
123 67
123 70
123 80
123 81
123 91
123 95
123 101
123 102
123 107
123 110
123 113
123 117
123 126
123 129
123 132
123 137
123 141
123 143
123 144
123 145
123 147
123 148
124 3
124 6
124 13
124 17
124 21
124 26
124 28
124 29
124 31
124 33
124 36
124 42
124 54
124 55
124 60
124 62
124 63
124 64
124 72
124 75
124 78
124 84
124 94
124 98
124 108
124 111
124 117
124 121
124 128
124 131
124 133
124 135
124 139
124 146
125 3
125 6
125 8
125 10
125 13
125 14
125 21
125 30
125 31
125 34
125 38
125 43
125 45
125 51
125 54
125 64
125 74
125 75
125 84
125 94
125 99
125 103
125 104
125 108
125 115
125 120
125 129
125 133
125 138
125 139
125 140
125 144
126 4
126 8
126 18
126 26
126 27
126 31
126 33
126 34
126 39
126 45
126 47
126 49
126 52
126 59
126 66
126 67
126 70
126 73
126 84
126 85
126 89
126 97
126 102
126 104
126 106
126 112
126 115
126 116
126 123
126 126
126 128
126 142
126 145
126 146
127 11
127 20
127 21
127 29
127 37
127 42
127 53
127 55
127 57
127 61
127 67
127 74
127 80
127 82
127 86
127 96
127 97
127 108
127 110
127 121
127 131
127 132
127 140
127 141
127 144
128 2
128 3
128 4
128 13
128 18
128 25
128 33
128 38
128 39
128 42
128 44
128 52
128 53
128 55
128 56
128 70
128 71
128 83
128 84
128 86
128 87
128 94
128 100
128 101
128 102
128 107
128 108
128 116
128 117
128 121
128 125
128 137
128 143
128 146
129 1
129 2
129 5
129 10
129 11
129 14
129 21
129 22
129 23
129 25
129 37
129 38
129 44
129 47
129 55
129 58
129 63
129 64
129 65
129 67
129 80
129 86
129 87
129 115
129 117
129 125
129 138
129 148
130 3
130 10
130 14
130 16
130 19
130 23
130 24
130 29
130 39
130 44
130 47
130 53
130 54
130 55
130 60
130 63
130 66
130 70
130 85
130 90
130 95
130 105
130 110
130 112
130 115
130 123
130 125
130 128
130 147
130 149
131 14
131 17
131 18
131 19
131 20
131 29
131 32
131 39
131 43
131 50
131 51
131 52
131 65
131 76
131 77
131 82
131 83
131 87
131 89
131 90
131 93
131 112
131 114
131 119
131 124
131 126
131 135
131 139
131 145
132 1
132 12
132 14
132 32
132 39
132 47
132 50
132 51
132 56
132 58
132 60
132 66
132 72
132 80
132 85
132 87
132 99
132 101
132 105
132 109
132 131
132 140
133 0
133 4
133 12
133 17
133 18
133 25
133 26
133 29
133 34
133 35
133 40
133 41
133 43
133 44
133 46
133 55
133 56
133 62
133 66
133 70
133 74
133 75
133 77
133 78
133 81
133 83
133 90
133 96
133 97
133 117
133 119
133 124
133 134
133 135
133 141
133 148
134 8
134 12
134 18
134 28
134 33
134 38
134 47
134 54
134 57
134 59
134 61
134 62
134 69
134 72
134 73
134 74
134 87
134 90
134 108
134 110
134 115
134 117
134 118
134 124
134 135
134 137
134 140
134 144
134 147
135 2
135 3
135 10
135 11
135 14
135 15
135 21
135 38
135 39
135 44
135 49
135 56
135 66
135 67
135 71
135 75
135 77
135 82
135 86
135 88
135 94
135 97
135 100
135 102
135 112
135 113
135 117
135 124
135 125
135 126
135 128
135 132
135 133
135 134
135 140
136 2
136 4
136 9
136 12
136 17
136 22
136 35
136 37
136 40
136 45
136 46
136 48
136 57
136 65
136 72
136 80
136 92
136 95
136 104
136 113
136 115
136 124
136 129
136 134
136 142
136 143
136 146
137 2
137 4
137 7
137 22
137 23
137 26
137 35
137 45
137 50
137 54
137 55
137 58
137 62
137 70
137 75
137 81
137 83
137 86
137 87
137 99
137 105
137 110
137 122
137 140
137 147
137 149
138 0
138 3
138 7
138 18
138 19
138 27
138 30
138 34
138 36
138 38
138 39
138 41
138 46
138 64
138 67
138 72
138 75
138 79
138 81
138 83
138 85
138 86
138 87
138 91
138 96
138 99
138 102
138 105
138 114
138 128
138 130
138 132
138 148
138 149
139 2
139 3
139 4
139 5
139 7
139 9
139 15
139 22
139 25
139 29
139 33
139 35
139 46
139 53
139 54
139 63
139 68
139 69
139 70
139 73
139 74
139 75
139 80
139 83
139 98
139 99
139 102
139 108
139 117
139 124
139 129
139 134
139 141
139 142
140 6
140 25
140 42
140 43
140 46
140 53
140 54
140 58
140 65
140 69
140 75
140 81
140 84
140 85
140 87
140 91
140 94
140 95
140 99
140 103
140 104
140 105
140 113
140 114
140 120
140 121
140 144
140 145
141 6
141 7
141 8
141 9
141 13
141 15
141 16
141 17
141 33
141 35
141 36
141 37
141 45
141 57
141 68
141 69
141 78
141 84
141 101
141 110
141 133
141 138
141 147
142 28
142 29
142 38
142 39
142 41
142 48
142 49
142 50
142 52
142 53
142 54
142 58
142 68
142 70
142 83
142 84
142 86
142 91
142 107
142 109
142 117
142 122
142 124
142 125
142 132
142 136
142 141
143 3
143 7
143 13
143 20
143 36
143 40
143 41
143 47
143 49
143 50
143 61
143 63
143 68
143 72
143 73
143 78
143 79
143 87
143 93
143 94
143 97
143 99
143 101
143 114
143 115
143 117
143 121
143 125
143 131
143 132
143 140
143 146
143 148
143 149
144 3
144 5
144 11
144 16
144 18
144 29
144 31
144 36
144 48
144 50
144 53
144 54
144 55
144 58
144 59
144 64
144 67
144 68
144 76
144 80
144 86
144 93
144 99
144 108
144 110
144 111
144 128
144 138
144 139
144 140
144 143
145 0
145 5
145 13
145 20
145 29
145 47
145 51
145 54
145 64
145 71
145 72
145 78
145 80
145 87
145 99
145 106
145 112
145 115
145 120
145 123
145 125
145 130
145 131
145 132
145 135
145 140
145 144
146 3
146 10
146 16
146 19
146 27
146 33
146 36
146 41
146 48
146 53
146 56
146 60
146 82
146 86
146 90
146 92
146 98
146 102
146 103
146 110
146 113
146 119
146 124
146 125
146 126
146 128
146 135
146 149
147 17
147 22
147 23
147 31
147 32
147 33
147 51
147 53
147 62
147 72
147 75
147 78
147 85
147 86
147 87
147 93
147 101
147 116
147 118
147 126
147 135
147 148
148 7
148 13
148 18
148 22
148 26
148 29
148 32
148 37
148 39
148 43
148 48
148 51
148 56
148 59
148 63
148 68
148 69
148 71
148 74
148 78
148 80
148 83
148 85
148 86
148 88
148 97
148 98
148 104
148 105
148 108
148 109
148 117
148 132
148 134
148 141
148 146
148 147
148 148
148 149
149 2
149 20
149 23
149 27
149 28
149 34
149 37
149 38
149 42
149 43
149 44
149 58
149 64
149 65
149 78
149 80
149 81
149 88
149 92
149 96
149 97
149 99
149 106
149 110
149 118
149 126
149 132
149 139
149 143
149 145
149 146
149 148
