50
500
0 1
0 5
0 8
0 9
0 17
0 27
1 7
1 14
1 18
1 21
1 24
2 0
2 1
2 14
2 16
2 21
2 28
2 36
2 42
2 43
2 46
2 48
2 49
3 3
3 12
3 17
3 20
3 25
3 29
3 33
3 35
3 47
4 0
4 12
4 18
4 19
4 25
4 26
4 36
4 40
4 41
5 2
5 3
5 6
5 7
5 15
5 18
5 22
5 24
5 25
5 26
5 27
5 28
5 29
5 34
5 40
5 42
5 46
6 0
6 1
6 17
6 21
6 24
6 29
6 34
6 35
6 37
7 5
7 6
7 7
7 8
7 9
7 10
7 13
7 15
7 17
7 26
7 27
7 36
7 42
7 43
7 47
8 3
8 4
8 8
8 18
8 20
8 21
8 30
8 32
8 34
8 36
8 43
8 46
9 0
9 6
9 8
9 9
9 21
9 28
9 31
9 33
9 40
9 42
9 49
10 26
10 31
10 37
10 44
10 45
10 46
11 0
11 2
11 8
11 13
11 14
11 16
11 33
11 40
11 43
12 0
12 1
12 3
12 5
12 12
12 25
12 29
12 35
12 36
12 37
12 49
13 2
13 4
13 5
13 9
13 12
13 13
13 18
13 21
13 28
13 33
13 36
13 43
13 49
14 3
14 13
14 20
14 23
14 29
14 31
14 36
14 42
14 44
15 8
15 14
15 17
15 21
15 22
15 23
15 24
15 28
15 38
15 40
15 43
16 1
16 7
16 11
16 12
16 16
16 21
16 24
16 30
16 32
16 44
16 47
16 49
17 4
17 7
17 23
17 26
17 28
17 34
17 35
17 40
17 49
18 0
18 1
18 15
18 17
18 21
18 22
18 25
18 28
18 29
18 30
18 33
18 39
18 42
19 2
19 26
19 27
19 34
19 37
19 39
20 7
20 18
20 27
20 29
20 35
20 36
20 38
20 42
20 44
20 48
21 1
21 2
21 3
21 7
21 8
21 15
21 16
21 21
21 32
21 34
21 38
21 39
21 40
21 45
21 49
22 0
22 3
22 6
22 8
22 18
22 19
22 21
22 23
22 26
22 27
22 33
22 38
22 44
22 46
23 2
23 7
23 10
23 13
23 24
23 28
23 32
23 39
23 41
23 42
23 45
23 49
24 1
24 2
24 6
24 9
24 12
24 13
24 15
24 22
24 26
24 36
24 40
24 45
25 0
25 1
25 8
25 9
25 14
25 15
25 21
25 24
25 31
25 32
25 42
26 5
26 9
26 26
26 33
27 1
27 9
27 19
27 30
27 36
27 37
27 39
27 45
27 47
28 0
28 5
28 7
28 15
28 17
28 23
28 38
28 46
29 7
29 8
29 14
29 15
29 18
29 19
29 21
29 25
29 27
29 37
29 40
29 48
30 8
30 10
30 13
30 16
30 19
30 24
30 26
30 28
31 5
31 10
31 11
31 14
31 21
31 31
31 32
31 35
31 37
31 42
31 49
32 2
32 3
32 7
32 13
32 20
32 24
32 27
32 32
33 0
33 3
33 8
33 10
33 16
33 29
33 31
33 33
33 42
33 45
34 1
34 6
34 7
34 8
34 9
34 12
34 13
34 23
34 24
34 25
34 41
34 48
35 1
35 15
35 18
35 21
35 29
35 36
35 39
36 1
36 2
36 22
36 25
36 30
36 31
36 37
36 38
36 39
36 44
36 46
37 1
37 4
37 8
37 12
37 16
37 17
37 20
37 26
37 31
37 34
37 38
37 46
38 1
38 8
38 12
38 21
38 25
38 32
38 36
38 39
38 40
38 44
39 12
39 17
39 25
39 41
39 46
40 15
40 16
40 18
40 22
40 25
40 27
40 29
40 30
40 32
40 34
41 8
41 11
41 15
41 18
41 19
41 23
41 44
41 45
41 47
42 0
42 2
42 3
42 4
42 6
42 9
42 17
42 27
42 31
42 39
42 45
43 1
43 9
43 20
43 24
43 35
43 45
44 0
44 4
44 5
44 10
44 32
44 39
44 44
45 0
45 3
45 9
45 14
45 17
45 23
45 33
45 35
45 38
45 41
46 1
46 3
46 8
46 9
46 11
46 17
46 26
46 27
46 35
46 40
46 43
46 44
46 46
46 49
47 1
47 4
47 9
47 12
47 13
47 24
47 25
47 27
47 28
47 31
47 35
47 45
48 2
48 7
48 15
48 30
48 35
48 38
48 40
49 3
49 6
49 12
49 14
49 22
49 28
49 36
49 37
49 46
