50
250
0 2
0 3
0 12
0 14
0 19
0 20
0 28
0 29
0 38
0 39
1 4
1 14
1 19
1 22
1 32
1 36
1 38
2 8
2 26
3 0
3 15
3 18
3 28
4 0
4 6
4 15
4 27
4 29
4 30
4 47
4 49
5 5
5 9
5 15
5 20
5 23
5 34
6 9
6 12
6 25
6 39
6 40
6 41
6 44
7 0
7 15
8 5
8 6
8 16
9 11
9 24
9 30
9 31
9 36
9 38
9 45
9 48
10 1
10 15
10 19
10 29
11 27
11 33
11 49
12 48
13 1
13 13
13 40
13 44
14 5
14 20
14 47
15 2
15 21
15 24
15 25
15 31
15 37
15 41
15 46
15 49
16 4
16 9
16 10
16 14
16 18
16 24
16 38
16 40
16 42
16 45
17 3
17 43
17 48
18 9
18 15
18 32
18 35
18 43
19 18
19 19
19 28
19 29
19 31
19 45
20 11
20 23
20 27
20 37
20 39
21 13
21 19
21 22
21 31
21 32
21 33
21 48
21 49
22 1
22 11
22 23
22 30
22 37
22 40
23 3
23 9
23 14
23 39
24 7
24 19
24 26
24 32
25 10
25 14
25 18
25 23
25 35
26 12
26 37
27 8
27 9
27 13
27 34
27 39
28 8
28 32
28 33
28 34
28 43
29 1
29 2
29 3
29 9
29 11
29 28
29 37
29 44
30 30
30 35
30 39
30 46
31 1
31 38
31 40
31 47
31 48
32 9
32 18
32 25
32 26
32 33
32 43
32 46
32 47
33 1
33 8
33 10
33 32
33 39
34 4
34 7
34 24
34 29
34 30
34 32
34 46
34 47
35 7
35 33
35 38
36 3
36 4
36 32
37 6
37 7
37 16
37 41
37 42
38 38
39 15
39 26
39 36
39 45
40 17
40 31
40 48
41 12
41 26
41 29
41 46
42 2
42 9
42 19
42 21
42 26
42 36
42 37
42 49
43 0
43 2
43 5
43 32
43 35
43 37
44 5
44 8
44 10
44 24
44 32
45 7
45 14
45 21
45 40
45 48
46 2
46 20
46 42
47 2
47 3
47 27
47 28
48 3
48 26
48 28
48 31
49 13
49 20
49 25
49 35
49 36
