50
750
0 2
0 8
0 16
0 20
0 25
0 30
0 32
0 33
0 35
0 36
0 38
0 39
0 43
0 45
0 46
1 2
1 9
1 11
1 23
1 30
1 32
1 33
1 36
1 40
1 45
1 46
1 48
2 5
2 6
2 8
2 10
2 11
2 14
2 15
2 20
2 22
2 23
2 24
2 25
2 27
2 28
2 31
2 35
2 38
2 39
2 41
2 42
2 43
3 3
3 5
3 7
3 14
3 16
3 19
3 20
3 21
3 22
3 30
3 33
3 36
3 41
3 44
3 47
3 49
4 2
4 3
4 8
4 11
4 12
4 15
4 24
4 32
4 38
4 39
4 42
5 1
5 8
5 11
5 14
5 17
5 23
5 26
5 27
5 32
5 33
5 42
5 45
5 48
6 0
6 1
6 3
6 4
6 9
6 14
6 16
6 17
6 21
6 25
6 31
6 32
6 36
6 38
6 39
6 41
6 44
6 45
6 47
6 48
7 1
7 4
7 11
7 13
7 18
7 20
7 26
7 34
7 36
7 39
7 42
7 43
7 45
7 46
8 2
8 9
8 11
8 12
8 22
8 23
8 28
8 29
8 30
8 35
8 36
8 37
8 40
8 43
8 45
9 1
9 5
9 9
9 17
9 18
9 24
9 25
9 27
9 29
9 43
9 45
9 46
9 48
10 0
10 1
10 3
10 5
10 7
10 17
10 19
10 31
10 33
10 34
10 38
10 44
10 45
10 48
10 49
11 1
11 2
11 4
11 5
11 8
11 9
11 10
11 11
11 14
11 15
11 17
11 19
11 27
11 31
11 34
11 42
11 43
11 47
11 49
12 6
12 8
12 10
12 13
12 17
12 20
12 22
12 27
12 41
13 0
13 9
13 10
13 12
13 20
13 21
13 22
13 29
13 31
13 33
13 35
13 36
13 42
13 45
13 47
13 49
14 0
14 1
14 5
14 6
14 12
14 13
14 17
14 18
14 22
14 23
14 25
14 28
14 33
14 35
14 36
14 41
14 42
14 47
14 48
15 0
15 2
15 6
15 7
15 8
15 11
15 15
15 16
15 17
15 22
15 27
15 36
15 37
15 38
15 41
15 42
15 44
15 45
16 0
16 7
16 11
16 13
16 17
16 18
16 23
16 24
16 33
16 42
16 48
16 49
17 4
17 11
17 19
17 22
17 24
17 29
17 30
17 32
17 36
17 41
17 48
17 49
18 1
18 2
18 4
18 5
18 7
18 9
18 11
18 12
18 16
18 19
18 25
18 32
18 33
18 39
18 40
18 41
18 42
18 43
18 46
18 47
18 48
19 3
19 4
19 10
19 11
19 12
19 14
19 18
19 19
19 20
19 24
19 27
19 33
19 37
19 49
20 0
20 3
20 6
20 7
20 12
20 14
20 15
20 19
20 20
20 26
20 29
20 35
20 37
20 46
21 4
21 5
21 11
21 13
21 15
21 19
21 21
21 28
21 30
21 36
21 37
21 38
21 49
22 1
22 6
22 9
22 10
22 11
22 12
22 13
22 19
22 21
22 30
22 33
22 36
22 38
22 40
22 41
22 42
22 43
22 46
22 48
23 0
23 2
23 4
23 5
23 7
23 8
23 17
23 18
23 22
23 23
23 25
23 28
23 32
23 35
23 36
23 37
23 38
23 42
23 43
23 49
24 1
24 2
24 7
24 11
24 12
24 14
24 17
24 19
24 20
24 21
24 25
24 29
24 30
24 31
24 33
24 40
24 43
24 45
24 46
25 0
25 2
25 5
25 8
25 11
25 18
25 19
25 21
25 23
25 24
25 27
25 29
25 32
25 33
25 36
25 41
25 47
26 2
26 4
26 13
26 15
26 18
26 21
26 22
26 25
26 31
26 37
26 41
27 0
27 8
27 11
27 12
27 23
27 25
27 29
27 31
27 36
27 40
27 44
27 46
28 0
28 2
28 9
28 16
28 17
28 27
28 28
28 29
28 30
28 31
28 39
28 45
28 48
29 0
29 3
29 7
29 25
29 27
29 34
29 35
29 37
29 38
29 39
29 41
29 42
29 45
29 48
29 49
30 3
30 5
30 6
30 10
30 11
30 13
30 23
30 27
30 33
30 35
30 36
30 38
30 40
30 43
31 0
31 11
31 23
31 25
31 31
31 32
31 35
31 40
31 43
31 44
31 46
32 1
32 3
32 5
32 13
32 16
32 17
32 18
32 27
32 28
32 31
32 32
32 35
32 36
32 42
32 45
32 48
33 3
33 6
33 10
33 11
33 12
33 20
33 30
33 31
33 34
33 35
33 36
33 45
33 46
34 0
34 2
34 4
34 7
34 12
34 19
34 20
34 22
34 24
34 27
34 30
34 38
34 40
34 42
34 46
34 49
35 1
35 7
35 12
35 15
35 16
35 17
35 21
35 22
35 25
35 30
35 32
35 33
35 34
35 35
35 36
35 39
35 41
35 47
35 49
36 3
36 7
36 9
36 10
36 16
36 21
36 24
36 27
36 30
36 32
36 34
36 35
36 36
36 37
36 39
36 43
36 45
37 2
37 3
37 4
37 8
37 14
37 17
37 19
37 21
37 28
37 31
37 32
37 33
37 37
37 38
37 41
38 5
38 6
38 15
38 18
38 19
38 22
38 23
38 28
38 29
38 32
38 33
38 40
38 41
38 42
38 43
38 47
39 3
39 4
39 7
39 16
39 24
39 32
39 36
39 37
39 39
39 42
39 44
39 45
39 46
39 49
40 3
40 6
40 9
40 10
40 12
40 20
40 22
40 27
40 29
40 35
40 41
40 48
41 3
41 6
41 15
41 20
41 21
41 23
41 24
41 28
41 34
41 41
41 42
41 44
41 48
41 49
42 4
42 5
42 7
42 11
42 18
42 20
42 21
42 23
42 24
42 32
42 38
42 46
43 3
43 4
43 6
43 7
43 9
43 20
43 23
43 37
43 40
43 41
43 43
43 45
43 49
44 0
44 1
44 2
44 6
44 7
44 13
44 27
44 35
44 37
44 41
44 42
44 43
44 44
44 47
45 1
45 5
45 6
45 8
45 9
45 13
45 15
45 22
45 25
45 26
45 28
45 29
45 35
45 36
45 38
45 42
45 44
45 45
46 2
46 9
46 19
46 23
46 25
46 28
46 31
46 37
46 46
46 47
47 1
47 3
47 6
47 7
47 9
47 12
47 15
47 19
47 28
47 30
47 31
47 34
47 37
47 39
47 41
48 1
48 6
48 8
48 13
48 19
48 22
48 26
48 30
48 35
48 38
48 41
49 0
49 1
49 5
49 8
49 12
49 20
49 21
49 22
49 23
49 24
49 25
49 26
49 27
49 29
49 31
49 32
49 35
49 37
49 40
49 43
49 46
49 48
