250
12500
0 9
0 11
0 12
0 18
0 27
0 28
0 43
0 46
0 55
0 56
0 61
0 62
0 68
0 69
0 74
0 83
0 85
0 92
0 96
0 102
0 103
0 104
0 105
0 108
0 112
0 119
0 122
0 126
0 130
0 140
0 141
0 146
0 150
0 152
0 157
0 164
0 169
0 173
0 179
0 183
0 184
0 188
0 193
0 200
0 202
0 207
0 217
0 236
0 237
1 0
1 3
1 10
1 25
1 29
1 44
1 46
1 47
1 53
1 57
1 62
1 65
1 70
1 84
1 85
1 92
1 93
1 105
1 110
1 113
1 121
1 130
1 137
1 139
1 143
1 146
1 148
1 160
1 172
1 174
1 178
1 180
1 181
1 186
1 192
1 200
1 212
1 215
1 221
1 236
1 242
1 246
2 15
2 16
2 31
2 35
2 41
2 46
2 49
2 60
2 61
2 64
2 71
2 76
2 81
2 85
2 88
2 94
2 95
2 97
2 98
2 103
2 112
2 126
2 129
2 131
2 141
2 142
2 146
2 150
2 152
2 156
2 157
2 160
2 162
2 168
2 170
2 173
2 175
2 177
2 179
2 180
2 192
2 193
2 201
2 204
2 207
2 211
2 212
2 218
2 229
2 234
2 236
2 239
2 241
2 247
3 5
3 6
3 10
3 26
3 27
3 44
3 53
3 55
3 56
3 57
3 64
3 65
3 76
3 82
3 97
3 102
3 105
3 112
3 124
3 126
3 129
3 130
3 140
3 145
3 150
3 152
3 154
3 155
3 157
3 159
3 160
3 166
3 175
3 178
3 181
3 182
3 183
3 185
3 190
3 198
3 201
3 206
3 214
3 219
3 229
3 230
3 236
4 0
4 4
4 10
4 12
4 16
4 17
4 36
4 38
4 40
4 42
4 43
4 50
4 57
4 58
4 59
4 64
4 66
4 67
4 71
4 75
4 84
4 92
4 94
4 108
4 110
4 117
4 119
4 120
4 126
4 134
4 140
4 143
4 144
4 145
4 147
4 149
4 154
4 165
4 166
4 167
4 173
4 176
4 178
4 191
4 215
4 227
4 230
4 232
4 239
4 243
5 1
5 13
5 14
5 17
5 18
5 29
5 36
5 38
5 47
5 48
5 49
5 60
5 67
5 71
5 90
5 94
5 102
5 103
5 105
5 109
5 132
5 133
5 136
5 137
5 142
5 151
5 153
5 154
5 156
5 158
5 162
5 168
5 172
5 184
5 197
5 204
5 207
5 210
5 211
5 212
5 218
5 223
5 224
5 226
5 235
5 244
5 249
6 1
6 15
6 23
6 30
6 34
6 37
6 40
6 49
6 57
6 61
6 63
6 65
6 68
6 69
6 71
6 78
6 82
6 84
6 85
6 86
6 96
6 97
6 98
6 105
6 125
6 129
6 139
6 141
6 144
6 161
6 164
6 165
6 167
6 168
6 172
6 173
6 176
6 191
6 193
6 198
6 207
6 210
6 220
6 221
6 229
6 231
6 232
6 235
6 238
6 243
6 247
7 1
7 7
7 12
7 25
7 26
7 28
7 35
7 44
7 47
7 49
7 52
7 55
7 76
7 80
7 83
7 87
7 88
7 89
7 92
7 94
7 99
7 103
7 106
7 109
7 111
7 114
7 116
7 117
7 133
7 138
7 146
7 148
7 149
7 150
7 160
7 163
7 166
7 170
7 171
7 172
7 176
7 177
7 178
7 179
7 181
7 182
7 183
7 187
7 192
7 193
7 198
7 199
7 204
7 219
7 228
7 229
7 240
7 247
7 248
8 5
8 8
8 16
8 20
8 33
8 35
8 37
8 40
8 51
8 55
8 57
8 58
8 65
8 66
8 70
8 73
8 77
8 87
8 93
8 101
8 102
8 103
8 104
8 115
8 116
8 119
8 121
8 128
8 133
8 138
8 139
8 146
8 147
8 153
8 173
8 178
8 184
8 189
8 191
8 194
8 219
8 235
8 236
8 243
8 246
8 249
9 1
9 14
9 19
9 23
9 29
9 30
9 56
9 58
9 59
9 60
9 92
9 94
9 96
9 107
9 112
9 116
9 124
9 129
9 141
9 143
9 147
9 148
9 155
9 158
9 161
9 169
9 172
9 179
9 187
9 192
9 194
9 203
9 204
9 215
9 216
9 238
9 248
10 2
10 4
10 7
10 12
10 20
10 23
10 25
10 26
10 41
10 49
10 57
10 58
10 63
10 65
10 71
10 78
10 80
10 82
10 88
10 91
10 92
10 101
10 121
10 132
10 133
10 134
10 143
10 145
10 148
10 161
10 164
10 171
10 177
10 178
10 179
10 182
10 187
10 191
10 196
10 197
10 200
10 201
10 204
10 205
10 209
10 218
10 232
10 234
10 237
11 3
11 5
11 13
11 28
11 30
11 34
11 36
11 39
11 43
11 44
11 54
11 70
11 72
11 76
11 77
11 79
11 87
11 90
11 94
11 99
11 101
11 104
11 105
11 111
11 117
11 124
11 131
11 139
11 141
11 148
11 151
11 154
11 156
11 162
11 170
11 173
11 176
11 183
11 184
11 185
11 186
11 196
11 205
11 207
11 220
11 229
11 231
11 236
11 237
11 239
11 242
11 245
11 246
11 249
12 5
12 9
12 11
12 14
12 16
12 26
12 28
12 29
12 30
12 45
12 49
12 56
12 66
12 73
12 75
12 77
12 82
12 89
12 100
12 105
12 117
12 121
12 130
12 131
12 134
12 138
12 146
12 148
12 151
12 153
12 159
12 162
12 163
12 188
12 191
12 192
12 193
12 195
12 198
12 203
12 205
12 208
12 213
12 226
12 228
12 235
12 243
12 246
12 249
13 5
13 9
13 14
13 20
13 22
13 40
13 41
13 43
13 47
13 50
13 53
13 58
13 63
13 69
13 74
13 81
13 91
13 104
13 112
13 114
13 122
13 125
13 128
13 131
13 143
13 144
13 145
13 146
13 155
13 157
13 160
13 177
13 178
13 186
13 187
13 189
13 190
13 191
13 194
13 210
13 215
13 220
13 221
13 222
13 223
13 226
13 230
13 231
13 234
13 235
13 236
13 241
13 246
13 249
14 0
14 2
14 9
14 11
14 14
14 17
14 21
14 26
14 32
14 33
14 35
14 36
14 44
14 47
14 60
14 66
14 69
14 75
14 77
14 78
14 79
14 82
14 84
14 90
14 102
14 108
14 112
14 127
14 128
14 130
14 134
14 139
14 149
14 154
14 158
14 160
14 161
14 164
14 165
14 166
14 169
14 170
14 171
14 178
14 183
14 184
14 191
14 197
14 199
14 216
14 217
14 218
14 221
14 227
14 229
14 230
14 240
14 242
15 2
15 3
15 8
15 25
15 28
15 30
15 42
15 47
15 51
15 52
15 53
15 55
15 62
15 63
15 65
15 69
15 70
15 80
15 85
15 90
15 99
15 104
15 105
15 111
15 117
15 121
15 122
15 134
15 135
15 137
15 138
15 146
15 148
15 153
15 170
15 172
15 173
15 195
15 201
15 204
15 205
15 206
15 208
15 213
15 220
15 222
15 229
15 237
15 238
15 239
15 248
15 249
16 0
16 3
16 4
16 5
16 8
16 10
16 22
16 30
16 33
16 34
16 38
16 52
16 53
16 57
16 58
16 62
16 80
16 94
16 95
16 97
16 110
16 112
16 113
16 115
16 121
16 124
16 131
16 135
16 139
16 144
16 145
16 146
16 150
16 152
16 155
16 156
16 158
16 161
16 170
16 181
16 183
16 187
16 191
16 198
16 199
16 202
16 207
16 227
16 229
16 232
16 238
16 241
17 13
17 21
17 33
17 40
17 42
17 57
17 62
17 65
17 76
17 77
17 82
17 84
17 87
17 90
17 91
17 93
17 100
17 114
17 117
17 123
17 132
17 137
17 145
17 146
17 155
17 163
17 166
17 172
17 180
17 182
17 184
17 186
17 187
17 189
17 196
17 200
17 208
17 211
17 213
17 217
17 219
17 223
17 225
17 228
17 229
17 240
17 249
18 1
18 4
18 18
18 19
18 50
18 58
18 61
18 63
18 79
18 81
18 93
18 102
18 106
18 107
18 108
18 118
18 121
18 131
18 133
18 146
18 147
18 149
18 150
18 153
18 157
18 169
18 176
18 179
18 180
18 181
18 194
18 196
18 201
18 206
18 212
18 219
18 220
18 225
18 236
18 239
18 242
18 244
18 245
18 246
19 14
19 32
19 33
19 45
19 52
19 62
19 66
19 70
19 72
19 78
19 101
19 107
19 109
19 114
19 127
19 134
19 137
19 145
19 146
19 156
19 158
19 162
19 163
19 167
19 174
19 181
19 183
19 185
19 198
19 199
19 208
19 218
19 224
19 234
19 237
19 242
19 243
20 8
20 17
20 22
20 24
20 33
20 39
20 40
20 55
20 59
20 63
20 64
20 65
20 71
20 72
20 74
20 76
20 77
20 83
20 87
20 88
20 94
20 97
20 107
20 108
20 122
20 123
20 129
20 136
20 140
20 141
20 157
20 160
20 163
20 164
20 165
20 167
20 172
20 173
20 180
20 188
20 191
20 193
20 195
20 199
20 201
20 202
20 206
20 213
20 219
20 222
20 229
20 247
21 21
21 22
21 23
21 37
21 39
21 47
21 49
21 53
21 63
21 71
21 73
21 82
21 91
21 95
21 96
21 102
21 105
21 106
21 114
21 118
21 131
21 136
21 155
21 156
21 157
21 158
21 166
21 167
21 173
21 176
21 184
21 191
21 195
21 201
21 206
21 210
21 213
21 217
21 222
21 238
21 242
21 245
21 247
21 249
22 1
22 2
22 5
22 6
22 11
22 12
22 16
22 18
22 20
22 21
22 24
22 28
22 31
22 44
22 57
22 59
22 65
22 68
22 70
22 72
22 74
22 77
22 79
22 85
22 89
22 95
22 96
22 98
22 102
22 106
22 107
22 109
22 110
22 111
22 127
22 128
22 129
22 130
22 135
22 145
22 148
22 149
22 152
22 153
22 157
22 163
22 165
22 168
22 173
22 177
22 181
22 185
22 190
22 195
22 198
22 203
22 209
22 211
22 220
22 221
22 224
22 226
22 232
22 235
22 236
22 240
22 243
23 0
23 2
23 10
23 12
23 13
23 18
23 30
23 34
23 36
23 40
23 46
23 47
23 55
23 62
23 65
23 70
23 78
23 85
23 86
23 93
23 94
23 100
23 101
23 108
23 114
23 118
23 120
23 142
23 148
23 149
23 150
23 153
23 154
23 157
23 160
23 168
23 170
23 172
23 174
23 181
23 188
23 191
23 197
23 204
23 205
23 206
23 209
23 212
23 218
23 219
23 223
23 225
23 228
23 229
23 230
23 247
24 1
24 17
24 19
24 25
24 31
24 35
24 41
24 56
24 61
24 77
24 79
24 81
24 83
24 90
24 96
24 103
24 115
24 124
24 128
24 141
24 146
24 151
24 160
24 161
24 162
24 165
24 167
24 169
24 170
24 171
24 173
24 175
24 177
24 191
24 192
24 200
24 201
24 204
24 205
24 218
24 227
24 231
24 236
24 241
24 244
25 2
25 8
25 10
25 22
25 26
25 27
25 37
25 39
25 48
25 54
25 56
25 58
25 65
25 68
25 70
25 71
25 79
25 89
25 93
25 97
25 102
25 111
25 112
25 114
25 121
25 122
25 125
25 126
25 130
25 135
25 139
25 140
25 142
25 149
25 150
25 152
25 157
25 161
25 162
25 171
25 176
25 177
25 182
25 183
25 185
25 192
25 193
25 202
25 203
25 223
25 224
25 228
25 229
25 238
25 244
25 247
26 5
26 15
26 17
26 26
26 31
26 37
26 40
26 43
26 44
26 47
26 48
26 49
26 52
26 58
26 59
26 65
26 87
26 94
26 102
26 104
26 105
26 107
26 111
26 120
26 131
26 135
26 137
26 143
26 146
26 152
26 171
26 184
26 186
26 195
26 196
26 197
26 204
26 207
26 212
26 217
26 220
26 229
26 230
26 235
26 239
26 244
26 245
26 249
27 8
27 17
27 20
27 25
27 33
27 36
27 54
27 56
27 69
27 77
27 82
27 90
27 96
27 104
27 111
27 119
27 124
27 127
27 129
27 137
27 138
27 139
27 164
27 165
27 168
27 174
27 179
27 186
27 192
27 196
27 199
27 206
27 209
27 212
27 214
27 219
27 223
27 230
27 233
27 236
27 238
27 244
27 245
28 2
28 9
28 12
28 18
28 20
28 21
28 22
28 31
28 36
28 39
28 48
28 74
28 79
28 81
28 82
28 85
28 88
28 90
28 97
28 103
28 113
28 122
28 128
28 130
28 137
28 146
28 149
28 158
28 163
28 164
28 166
28 167
28 175
28 179
28 184
28 186
28 195
28 198
28 202
28 205
28 208
28 210
28 211
28 217
28 221
29 2
29 3
29 6
29 15
29 32
29 35
29 48
29 51
29 60
29 62
29 67
29 76
29 79
29 86
29 101
29 104
29 105
29 108
29 109
29 114
29 116
29 117
29 122
29 127
29 144
29 146
29 152
29 154
29 163
29 165
29 170
29 174
29 175
29 178
29 183
29 191
29 194
29 198
29 202
29 203
29 212
29 216
29 218
29 219
29 220
29 226
29 238
29 244
29 246
30 0
30 12
30 19
30 21
30 29
30 33
30 34
30 40
30 44
30 46
30 49
30 51
30 59
30 60
30 61
30 64
30 72
30 75
30 76
30 78
30 88
30 89
30 90
30 94
30 114
30 115
30 123
30 138
30 141
30 142
30 147
30 153
30 154
30 159
30 161
30 162
30 163
30 169
30 170
30 175
30 177
30 178
30 181
30 189
30 197
30 207
30 208
30 214
30 216
30 217
30 229
30 234
30 235
30 243
31 1
31 2
31 17
31 24
31 25
31 28
31 29
31 32
31 33
31 38
31 45
31 57
31 63
31 72
31 75
31 76
31 79
31 82
31 84
31 86
31 91
31 94
31 97
31 104
31 107
31 110
31 113
31 119
31 120
31 122
31 126
31 127
31 136
31 137
31 141
31 143
31 149
31 157
31 162
31 175
31 189
31 195
31 207
31 211
31 217
31 222
31 223
31 232
31 236
31 240
31 246
31 248
32 1
32 5
32 8
32 9
32 11
32 19
32 21
32 28
32 30
32 32
32 33
32 38
32 39
32 40
32 41
32 47
32 55
32 56
32 60
32 64
32 68
32 77
32 80
32 100
32 103
32 106
32 112
32 123
32 134
32 135
32 146
32 148
32 149
32 151
32 161
32 169
32 170
32 172
32 177
32 179
32 183
32 185
32 192
32 197
32 200
32 210
32 216
32 220
32 221
32 224
32 228
32 229
32 241
33 3
33 9
33 10
33 14
33 23
33 27
33 35
33 41
33 44
33 45
33 60
33 61
33 68
33 74
33 82
33 85
33 87
33 88
33 106
33 112
33 113
33 118
33 125
33 127
33 133
33 143
33 147
33 148
33 151
33 159
33 169
33 174
33 178
33 179
33 181
33 188
33 196
33 199
33 201
33 205
33 206
33 208
33 211
33 220
33 223
33 225
33 236
33 248
34 1
34 3
34 16
34 17
34 18
34 26
34 32
34 36
34 37
34 41
34 43
34 46
34 67
34 92
34 107
34 109
34 114
34 117
34 118
34 119
34 129
34 135
34 141
34 144
34 149
34 153
34 157
34 164
34 167
34 175
34 177
34 184
34 186
34 192
34 193
34 201
34 208
34 214
34 222
34 223
34 228
34 243
34 244
34 247
35 1
35 2
35 4
35 6
35 11
35 14
35 15
35 23
35 25
35 32
35 35
35 39
35 40
35 44
35 52
35 60
35 71
35 72
35 75
35 80
35 85
35 86
35 89
35 97
35 107
35 108
35 111
35 116
35 117
35 120
35 128
35 135
35 138
35 151
35 155
35 163
35 164
35 165
35 175
35 178
35 189
35 199
35 209
35 213
35 218
35 225
35 235
35 238
35 239
35 240
35 245
36 15
36 17
36 24
36 28
36 30
36 32
36 36
36 47
36 48
36 51
36 53
36 55
36 59
36 61
36 63
36 68
36 69
36 73
36 77
36 96
36 115
36 116
36 117
36 128
36 130
36 139
36 142
36 144
36 150
36 151
36 152
36 154
36 156
36 158
36 171
36 178
36 179
36 180
36 182
36 188
36 189
36 200
36 201
36 216
36 223
36 227
36 231
36 233
36 241
36 248
37 2
37 8
37 25
37 30
37 32
37 33
37 34
37 36
37 38
37 50
37 52
37 55
37 59
37 67
37 74
37 78
37 82
37 84
37 85
37 98
37 99
37 103
37 105
37 106
37 108
37 112
37 114
37 116
37 123
37 129
37 145
37 154
37 162
37 166
37 168
37 176
37 178
37 184
37 192
37 201
37 206
37 208
37 209
37 211
37 219
37 225
37 233
37 236
37 245
37 248
38 1
38 2
38 5
38 7
38 13
38 14
38 30
38 35
38 41
38 49
38 51
38 60
38 79
38 83
38 85
38 86
38 88
38 95
38 97
38 102
38 111
38 112
38 115
38 117
38 119
38 122
38 130
38 132
38 140
38 141
38 162
38 163
38 164
38 176
38 178
38 180
38 189
38 194
38 201
38 206
38 210
38 220
38 234
38 243
39 3
39 9
39 13
39 20
39 25
39 34
39 36
39 38
39 44
39 45
39 46
39 47
39 54
39 57
39 59
39 62
39 63
39 75
39 78
39 84
39 88
39 94
39 98
39 99
39 100
39 104
39 119
39 130
39 134
39 144
39 145
39 148
39 151
39 157
39 162
39 173
39 187
39 190
39 191
39 193
39 206
39 210
39 212
39 214
39 217
39 222
39 226
39 232
39 233
39 237
39 245
40 3
40 19
40 24
40 25
40 30
40 32
40 35
40 36
40 40
40 41
40 45
40 48
40 56
40 57
40 66
40 70
40 89
40 94
40 95
40 105
40 113
40 116
40 119
40 122
40 123
40 129
40 132
40 133
40 137
40 144
40 161
40 180
40 181
40 185
40 186
40 193
40 194
40 197
40 200
40 207
40 208
40 214
40 225
40 227
40 228
40 243
40 245
40 247
41 3
41 4
41 6
41 8
41 11
41 12
41 24
41 25
41 26
41 30
41 33
41 34
41 35
41 44
41 45
41 46
41 49
41 54
41 56
41 59
41 63
41 73
41 79
41 95
41 96
41 97
41 99
41 121
41 122
41 123
41 133
41 139
41 140
41 143
41 153
41 173
41 185
41 188
41 190
41 193
41 199
41 204
41 220
41 224
41 230
41 232
41 237
41 247
42 0
42 9
42 12
42 15
42 16
42 18
42 23
42 26
42 28
42 30
42 32
42 36
42 37
42 51
42 57
42 59
42 60
42 63
42 66
42 71
42 75
42 78
42 79
42 90
42 91
42 99
42 101
42 104
42 114
42 117
42 125
42 130
42 136
42 141
42 142
42 144
42 147
42 153
42 160
42 161
42 167
42 168
42 169
42 174
42 177
42 186
42 188
42 194
42 196
42 200
42 202
42 208
42 210
42 211
42 223
42 225
42 228
42 232
42 240
42 242
43 3
43 11
43 15
43 20
43 23
43 24
43 26
43 29
43 31
43 36
43 38
43 39
43 41
43 46
43 47
43 48
43 54
43 60
43 62
43 66
43 70
43 75
43 77
43 88
43 96
43 102
43 103
43 110
43 111
43 114
43 127
43 132
43 133
43 137
43 164
43 169
43 172
43 180
43 183
43 190
43 193
43 196
43 197
43 205
43 208
43 210
43 213
43 218
43 235
43 245
44 2
44 7
44 18
44 19
44 24
44 25
44 30
44 31
44 32
44 33
44 34
44 40
44 44
44 51
44 58
44 59
44 62
44 69
44 70
44 78
44 81
44 83
44 86
44 94
44 97
44 102
44 103
44 105
44 110
44 112
44 114
44 120
44 122
44 127
44 128
44 129
44 137
44 141
44 146
44 168
44 192
44 196
44 201
44 207
44 219
44 225
44 230
44 236
44 237
44 243
45 1
45 7
45 20
45 28
45 31
45 34
45 37
45 40
45 41
45 42
45 43
45 48
45 55
45 56
45 60
45 61
45 71
45 83
45 89
45 100
45 101
45 105
45 106
45 113
45 115
45 118
45 121
45 126
45 133
45 138
45 141
45 142
45 148
45 149
45 155
45 161
45 163
45 169
45 177
45 194
45 206
45 213
45 215
45 217
45 223
45 224
45 225
45 232
46 5
46 16
46 25
46 33
46 47
46 53
46 60
46 62
46 74
46 80
46 81
46 82
46 85
46 90
46 91
46 110
46 121
46 127
46 131
46 136
46 137
46 138
46 144
46 148
46 152
46 155
46 157
46 158
46 170
46 172
46 173
46 177
46 186
46 192
46 199
46 203
46 210
46 220
46 229
46 230
46 236
46 237
46 247
47 5
47 15
47 18
47 19
47 26
47 33
47 39
47 42
47 45
47 49
47 52
47 56
47 64
47 65
47 68
47 72
47 74
47 86
47 99
47 102
47 104
47 119
47 126
47 127
47 133
47 140
47 144
47 145
47 146
47 152
47 163
47 166
47 168
47 171
47 177
47 178
47 180
47 185
47 198
47 208
47 211
47 216
47 218
47 219
47 232
47 239
47 243
47 246
48 3
48 21
48 22
48 33
48 40
48 42
48 47
48 48
48 53
48 54
48 55
48 57
48 59
48 60
48 70
48 75
48 77
48 79
48 80
48 84
48 86
48 88
48 90
48 94
48 96
48 98
48 127
48 132
48 139
48 147
48 148
48 151
48 152
48 163
48 172
48 176
48 180
48 185
48 194
48 196
48 197
48 198
48 219
48 221
48 232
48 234
48 247
48 248
49 2
49 17
49 21
49 22
49 25
49 39
49 43
49 49
49 56
49 66
49 68
49 79
49 80
49 83
49 89
49 90
49 92
49 93
49 100
49 103
49 119
49 129
49 139
49 141
49 142
49 149
49 150
49 159
49 163
49 168
49 170
49 173
49 180
49 185
49 188
49 196
49 198
49 201
49 202
49 207
49 224
49 239
49 241
50 4
50 9
50 15
50 16
50 23
50 31
50 34
50 35
50 43
50 47
50 50
50 56
50 57
50 63
50 66
50 67
50 71
50 72
50 75
50 82
50 83
50 84
50 88
50 90
50 104
50 106
50 114
50 120
50 123
50 127
50 134
50 141
50 144
50 147
50 153
50 171
50 179
50 188
50 194
50 196
50 198
50 201
50 204
50 209
50 212
50 214
50 219
50 223
50 225
50 232
50 238
50 239
50 241
50 245
50 249
51 2
51 7
51 9
51 10
51 23
51 32
51 35
51 39
51 42
51 47
51 49
51 53
51 56
51 59
51 62
51 65
51 71
51 79
51 89
51 90
51 94
51 97
51 100
51 110
51 114
51 120
51 122
51 127
51 129
51 133
51 139
51 145
51 148
51 152
51 156
51 169
51 185
51 191
51 192
51 195
51 196
51 199
51 200
51 211
51 214
51 217
51 218
51 225
51 229
51 241
51 248
51 249
52 14
52 17
52 26
52 31
52 37
52 38
52 39
52 45
52 47
52 48
52 52
52 53
52 59
52 63
52 65
52 66
52 71
52 73
52 88
52 91
52 93
52 96
52 98
52 110
52 111
52 121
52 132
52 133
52 138
52 139
52 140
52 146
52 150
52 162
52 164
52 165
52 169
52 170
52 185
52 188
52 190
52 192
52 195
52 200
52 201
52 204
52 207
52 212
52 221
52 228
52 235
52 236
52 237
52 239
52 241
53 3
53 6
53 7
53 25
53 26
53 32
53 33
53 39
53 48
53 57
53 60
53 61
53 79
53 83
53 90
53 103
53 110
53 115
53 124
53 126
53 127
53 129
53 131
53 132
53 147
53 156
53 164
53 167
53 181
53 188
53 207
53 209
53 216
53 226
53 228
53 234
53 241
53 243
53 245
53 248
54 1
54 5
54 13
54 16
54 20
54 39
54 44
54 54
54 55
54 56
54 60
54 66
54 73
54 78
54 80
54 83
54 85
54 87
54 114
54 125
54 130
54 131
54 133
54 137
54 143
54 144
54 147
54 156
54 157
54 161
54 170
54 171
54 179
54 180
54 193
54 195
54 211
54 216
54 220
54 233
54 235
54 239
54 246
55 7
55 8
55 17
55 21
55 22
55 24
55 25
55 32
55 38
55 39
55 40
55 46
55 49
55 62
55 63
55 69
55 71
55 75
55 80
55 95
55 96
55 110
55 114
55 120
55 122
55 128
55 130
55 133
55 137
55 142
55 144
55 158
55 166
55 175
55 177
55 187
55 189
55 194
55 204
55 220
55 224
55 237
56 2
56 5
56 15
56 17
56 26
56 48
56 59
56 63
56 66
56 70
56 71
56 72
56 75
56 77
56 81
56 84
56 89
56 97
56 99
56 103
56 104
56 105
56 107
56 109
56 120
56 122
56 127
56 129
56 132
56 133
56 137
56 139
56 142
56 145
56 151
56 172
56 184
56 185
56 188
56 192
56 193
56 197
56 198
56 202
56 203
56 204
56 207
56 208
56 211
56 220
56 221
56 225
56 227
56 229
56 242
56 244
57 0
57 1
57 5
57 14
57 20
57 22
57 26
57 27
57 37
57 44
57 47
57 51
57 56
57 70
57 77
57 88
57 89
57 100
57 103
57 104
57 108
57 110
57 116
57 118
57 136
57 137
57 138
57 139
57 147
57 148
57 156
57 158
57 159
57 160
57 170
57 177
57 178
57 179
57 180
57 183
57 192
57 193
57 209
57 214
57 223
57 226
57 227
57 228
57 236
57 238
57 240
57 248
58 0
58 2
58 3
58 11
58 15
58 21
58 36
58 37
58 41
58 42
58 49
58 54
58 55
58 73
58 80
58 89
58 90
58 98
58 109
58 115
58 117
58 120
58 124
58 128
58 140
58 141
58 143
58 149
58 171
58 176
58 177
58 179
58 184
58 187
58 194
58 196
58 202
58 204
58 214
58 220
58 223
58 224
58 225
58 229
58 231
58 249
59 6
59 13
59 16
59 17
59 20
59 34
59 35
59 36
59 41
59 43
59 55
59 57
59 67
59 72
59 74
59 78
59 81
59 84
59 110
59 111
59 113
59 116
59 123
59 128
59 148
59 151
59 158
59 159
59 162
59 169
59 172
59 174
59 178
59 179
59 186
59 194
59 203
59 208
59 218
59 223
59 225
59 226
59 232
59 244
59 248
60 4
60 11
60 15
60 20
60 22
60 26
60 33
60 38
60 39
60 61
60 63
60 65
60 67
60 69
60 71
60 86
60 91
60 92
60 96
60 97
60 105
60 109
60 116
60 119
60 122
60 123
60 128
60 129
60 132
60 133
60 135
60 138
60 142
60 154
60 155
60 157
60 158
60 164
60 181
60 185
60 192
60 195
60 197
60 198
60 200
60 201
60 204
60 206
60 210
60 234
60 243
61 1
61 2
61 7
61 9
61 11
61 23
61 24
61 31
61 35
61 42
61 43
61 45
61 51
61 57
61 62
61 66
61 70
61 78
61 79
61 84
61 90
61 95
61 96
61 101
61 109
61 135
61 139
61 142
61 143
61 146
61 155
61 162
61 176
61 181
61 188
61 192
61 194
61 207
61 220
61 221
61 222
61 224
61 227
61 229
61 237
61 243
61 245
62 13
62 17
62 18
62 28
62 29
62 47
62 52
62 58
62 59
62 60
62 63
62 64
62 70
62 106
62 111
62 112
62 117
62 121
62 123
62 133
62 138
62 143
62 144
62 146
62 153
62 158
62 177
62 180
62 189
62 203
62 204
62 206
62 208
62 211
62 213
62 216
62 218
62 219
62 229
62 231
62 238
62 240
62 242
62 244
62 245
63 0
63 1
63 9
63 10
63 19
63 24
63 28
63 32
63 43
63 44
63 45
63 55
63 57
63 64
63 66
63 72
63 86
63 92
63 94
63 111
63 126
63 128
63 135
63 137
63 147
63 148
63 151
63 153
63 156
63 164
63 169
63 174
63 179
63 186
63 187
63 192
63 194
63 197
63 217
63 220
63 223
63 228
63 236
63 239
63 246
63 248
64 9
64 18
64 21
64 23
64 30
64 35
64 38
64 39
64 41
64 42
64 46
64 47
64 49
64 51
64 57
64 58
64 59
64 60
64 66
64 67
64 70
64 73
64 79
64 83
64 89
64 94
64 96
64 108
64 130
64 132
64 133
64 134
64 138
64 143
64 147
64 148
64 155
64 166
64 170
64 173
64 181
64 182
64 185
64 189
64 192
64 195
64 198
64 211
64 215
64 218
64 220
64 222
64 224
64 225
64 226
64 228
64 231
64 232
64 233
64 238
64 239
64 240
64 244
64 247
65 3
65 4
65 14
65 17
65 18
65 20
65 22
65 25
65 31
65 35
65 44
65 45
65 52
65 53
65 57
65 61
65 63
65 68
65 72
65 77
65 80
65 85
65 88
65 93
65 95
65 103
65 109
65 111
65 114
65 116
65 121
65 122
65 125
65 133
65 136
65 138
65 141
65 142
65 143
65 145
65 153
65 181
65 182
65 194
65 198
65 202
65 206
65 216
65 224
65 226
65 230
65 243
65 244
65 247
65 248
66 4
66 5
66 9
66 14
66 17
66 19
66 20
66 32
66 38
66 41
66 51
66 52
66 53
66 54
66 55
66 58
66 59
66 60
66 69
66 71
66 72
66 73
66 75
66 76
66 86
66 99
66 112
66 115
66 125
66 127
66 129
66 133
66 147
66 151
66 153
66 154
66 163
66 165
66 166
66 181
66 187
66 199
66 205
66 206
66 208
66 209
66 212
66 215
66 216
66 218
66 226
66 230
66 245
67 4
67 6
67 7
67 9
67 12
67 14
67 16
67 20
67 28
67 31
67 32
67 42
67 48
67 52
67 54
67 58
67 66
67 68
67 70
67 76
67 94
67 100
67 107
67 111
67 114
67 121
67 123
67 137
67 138
67 142
67 143
67 153
67 154
67 166
67 170
67 171
67 172
67 182
67 196
67 199
67 206
67 220
67 229
67 235
67 243
67 249
68 19
68 23
68 29
68 32
68 33
68 35
68 40
68 41
68 43
68 46
68 59
68 65
68 69
68 79
68 85
68 93
68 95
68 99
68 113
68 124
68 133
68 134
68 142
68 144
68 147
68 155
68 157
68 158
68 163
68 164
68 173
68 174
68 176
68 179
68 182
68 189
68 191
68 194
68 196
68 202
68 209
68 216
68 217
68 223
68 229
68 230
68 234
68 246
69 1
69 6
69 9
69 15
69 28
69 32
69 38
69 47
69 56
69 66
69 79
69 82
69 84
69 85
69 92
69 98
69 100
69 103
69 105
69 118
69 119
69 131
69 135
69 138
69 139
69 140
69 142
69 145
69 146
69 151
69 156
69 161
69 162
69 174
69 177
69 178
69 182
69 188
69 190
69 198
69 199
69 204
69 215
69 216
69 219
69 220
69 221
69 233
69 235
69 236
69 241
69 246
70 0
70 5
70 11
70 12
70 17
70 18
70 23
70 25
70 27
70 38
70 47
70 48
70 49
70 53
70 63
70 64
70 65
70 67
70 69
70 70
70 75
70 77
70 81
70 83
70 95
70 111
70 114
70 118
70 122
70 126
70 127
70 132
70 137
70 139
70 140
70 143
70 148
70 149
70 153
70 155
70 159
70 160
70 163
70 165
70 175
70 189
70 193
70 194
70 200
70 206
70 208
70 209
70 210
70 211
70 216
70 223
70 224
70 231
70 234
70 239
70 242
70 246
70 248
70 249
71 1
71 2
71 4
71 7
71 11
71 14
71 19
71 22
71 25
71 27
71 29
71 30
71 33
71 39
71 41
71 44
71 56
71 62
71 70
71 72
71 84
71 86
71 89
71 91
71 93
71 106
71 113
71 128
71 133
71 140
71 141
71 154
71 182
71 185
71 208
71 209
71 211
71 224
71 227
71 228
71 239
71 240
71 241
71 246
72 7
72 8
72 15
72 16
72 18
72 30
72 50
72 51
72 57
72 58
72 73
72 77
72 106
72 109
72 110
72 114
72 118
72 123
72 135
72 145
72 154
72 156
72 157
72 160
72 161
72 167
72 170
72 173
72 180
72 183
72 187
72 189
72 191
72 193
72 203
72 210
72 231
72 236
72 237
72 242
72 246
72 247
72 248
73 4
73 10
73 14
73 15
73 17
73 22
73 28
73 34
73 35
73 42
73 51
73 55
73 57
73 58
73 60
73 65
73 69
73 70
73 71
73 74
73 80
73 81
73 82
73 84
73 87
73 95
73 96
73 110
73 113
73 114
73 116
73 132
73 135
73 156
73 158
73 160
73 168
73 182
73 186
73 204
73 208
73 209
73 215
73 216
73 219
73 223
73 226
73 227
73 231
73 233
73 235
73 237
73 238
73 243
73 246
73 249
74 6
74 9
74 13
74 14
74 16
74 17
74 21
74 22
74 25
74 28
74 29
74 34
74 37
74 38
74 46
74 57
74 67
74 82
74 84
74 91
74 98
74 100
74 102
74 104
74 121
74 132
74 135
74 140
74 143
74 144
74 145
74 146
74 149
74 164
74 175
74 183
74 203
74 208
74 210
74 214
74 215
74 221
74 225
74 233
74 236
74 239
74 243
74 244
74 247
74 249
75 2
75 8
75 10
75 11
75 13
75 17
75 20
75 27
75 30
75 31
75 33
75 34
75 45
75 78
75 79
75 93
75 95
75 97
75 100
75 104
75 106
75 107
75 112
75 114
75 124
75 126
75 128
75 134
75 147
75 148
75 158
75 187
75 201
75 211
75 220
75 221
75 227
75 235
75 237
75 242
75 247
76 3
76 8
76 13
76 15
76 17
76 20
76 27
76 32
76 41
76 45
76 48
76 52
76 55
76 57
76 67
76 68
76 80
76 82
76 89
76 96
76 97
76 99
76 101
76 105
76 112
76 118
76 125
76 128
76 133
76 134
76 138
76 141
76 146
76 157
76 160
76 161
76 169
76 170
76 188
76 189
76 204
76 205
76 208
76 212
76 216
76 221
76 229
76 231
76 238
76 241
76 244
76 248
77 0
77 3
77 4
77 6
77 9
77 16
77 17
77 29
77 37
77 40
77 49
77 58
77 71
77 72
77 83
77 88
77 89
77 97
77 105
77 106
77 117
77 124
77 130
77 134
77 135
77 144
77 145
77 149
77 152
77 153
77 158
77 159
77 162
77 169
77 175
77 181
77 186
77 194
77 196
77 205
77 207
77 208
77 211
77 218
77 220
77 227
77 242
77 243
77 249
78 2
78 7
78 8
78 13
78 14
78 32
78 35
78 39
78 41
78 50
78 51
78 55
78 62
78 64
78 67
78 72
78 74
78 79
78 89
78 91
78 92
78 99
78 102
78 104
78 119
78 122
78 128
78 134
78 139
78 141
78 142
78 143
78 150
78 154
78 155
78 176
78 177
78 186
78 200
78 205
78 206
78 218
78 220
78 223
78 225
78 226
78 230
78 241
78 243
78 245
79 2
79 3
79 13
79 14
79 17
79 20
79 37
79 48
79 50
79 57
79 60
79 63
79 66
79 67
79 68
79 69
79 71
79 76
79 84
79 90
79 98
79 99
79 105
79 109
79 115
79 118
79 121
79 124
79 130
79 132
79 133
79 145
79 151
79 154
79 155
79 160
79 168
79 170
79 186
79 190
79 193
79 194
79 197
79 200
79 204
79 205
79 216
79 219
79 224
79 229
79 231
79 239
79 244
79 249
80 8
80 12
80 14
80 27
80 33
80 47
80 50
80 52
80 56
80 59
80 61
80 62
80 64
80 65
80 68
80 74
80 77
80 78
80 80
80 81
80 84
80 88
80 93
80 101
80 106
80 108
80 116
80 120
80 131
80 137
80 141
80 144
80 147
80 155
80 160
80 168
80 169
80 175
80 176
80 179
80 186
80 193
80 199
80 203
80 208
80 233
80 245
80 246
81 0
81 2
81 4
81 15
81 17
81 18
81 22
81 25
81 37
81 41
81 44
81 49
81 53
81 58
81 59
81 66
81 70
81 75
81 78
81 81
81 87
81 99
81 105
81 106
81 112
81 113
81 122
81 125
81 129
81 138
81 141
81 143
81 148
81 154
81 155
81 168
81 169
81 171
81 179
81 180
81 183
81 190
81 191
81 194
81 204
81 207
81 208
81 212
81 217
81 221
81 226
81 230
81 240
82 5
82 22
82 25
82 37
82 48
82 49
82 52
82 56
82 58
82 60
82 63
82 82
82 92
82 102
82 104
82 110
82 114
82 115
82 116
82 117
82 118
82 120
82 123
82 125
82 134
82 135
82 136
82 139
82 147
82 154
82 156
82 159
82 175
82 184
82 185
82 197
82 204
82 206
82 209
82 216
82 217
82 224
82 225
82 231
82 236
82 241
82 244
83 2
83 3
83 4
83 5
83 8
83 9
83 17
83 18
83 19
83 22
83 28
83 29
83 38
83 39
83 50
83 53
83 57
83 61
83 64
83 66
83 74
83 78
83 86
83 87
83 96
83 98
83 101
83 104
83 126
83 140
83 143
83 147
83 148
83 152
83 154
83 182
83 185
83 186
83 189
83 198
83 201
83 202
83 203
83 213
83 220
83 223
83 229
83 233
83 235
83 236
83 239
83 243
83 246
83 247
84 3
84 9
84 10
84 11
84 19
84 20
84 35
84 36
84 49
84 50
84 57
84 64
84 75
84 77
84 86
84 101
84 103
84 108
84 109
84 110
84 114
84 120
84 126
84 129
84 131
84 138
84 140
84 141
84 142
84 143
84 155
84 158
84 161
84 163
84 170
84 182
84 186
84 191
84 193
84 194
84 198
84 200
84 206
84 207
84 223
84 227
85 11
85 15
85 16
85 27
85 28
85 39
85 47
85 59
85 62
85 79
85 94
85 98
85 104
85 106
85 107
85 108
85 111
85 117
85 118
85 119
85 121
85 124
85 131
85 137
85 139
85 141
85 146
85 150
85 158
85 172
85 174
85 179
85 181
85 189
85 198
85 208
85 209
85 211
85 223
85 233
85 234
85 240
86 5
86 18
86 20
86 23
86 37
86 40
86 42
86 43
86 50
86 52
86 53
86 54
86 64
86 66
86 77
86 78
86 79
86 90
86 92
86 97
86 102
86 103
86 112
86 119
86 125
86 131
86 138
86 154
86 161
86 165
86 169
86 170
86 178
86 179
86 185
86 193
86 195
86 199
86 206
86 209
86 215
86 225
86 227
86 233
86 240
86 241
86 249
87 3
87 19
87 21
87 27
87 30
87 31
87 39
87 46
87 48
87 57
87 63
87 64
87 68
87 73
87 74
87 76
87 77
87 87
87 89
87 101
87 110
87 115
87 120
87 122
87 123
87 126
87 133
87 134
87 136
87 138
87 139
87 144
87 150
87 155
87 159
87 171
87 175
87 182
87 183
87 188
87 191
87 193
87 195
87 196
87 197
87 205
87 209
87 210
87 214
87 216
87 222
87 226
87 227
87 228
87 243
87 247
88 2
88 8
88 21
88 33
88 42
88 43
88 52
88 60
88 66
88 70
88 78
88 79
88 80
88 83
88 84
88 88
88 99
88 108
88 110
88 113
88 116
88 117
88 118
88 119
88 124
88 136
88 137
88 138
88 140
88 142
88 152
88 155
88 161
88 163
88 173
88 182
88 188
88 191
88 199
88 200
88 203
88 209
88 210
88 215
88 217
88 218
88 222
88 223
88 228
88 229
88 243
88 247
88 249
89 2
89 5
89 23
89 29
89 30
89 35
89 50
89 54
89 56
89 58
89 66
89 72
89 73
89 77
89 85
89 95
89 103
89 111
89 114
89 117
89 120
89 121
89 126
89 130
89 135
89 137
89 142
89 148
89 151
89 156
89 159
89 178
89 183
89 186
89 194
89 201
89 211
89 213
89 215
89 217
89 220
89 222
89 228
89 229
89 231
89 235
89 236
89 246
90 4
90 10
90 15
90 26
90 29
90 33
90 40
90 42
90 46
90 53
90 55
90 60
90 61
90 78
90 82
90 83
90 86
90 88
90 97
90 107
90 114
90 117
90 124
90 130
90 133
90 137
90 149
90 152
90 155
90 159
90 163
90 166
90 170
90 177
90 181
90 182
90 191
90 193
90 195
90 196
90 203
90 224
90 230
90 235
90 238
90 239
91 2
91 15
91 17
91 21
91 28
91 35
91 42
91 48
91 49
91 55
91 58
91 60
91 69
91 73
91 75
91 76
91 84
91 90
91 91
91 92
91 93
91 98
91 104
91 106
91 111
91 127
91 128
91 134
91 136
91 146
91 158
91 178
91 184
91 185
91 188
91 192
91 199
91 201
91 206
91 215
91 221
91 227
91 236
91 246
92 2
92 7
92 13
92 15
92 16
92 19
92 25
92 30
92 42
92 53
92 56
92 62
92 75
92 77
92 79
92 82
92 84
92 93
92 94
92 95
92 106
92 113
92 116
92 120
92 121
92 122
92 123
92 130
92 134
92 141
92 143
92 146
92 147
92 155
92 156
92 165
92 167
92 180
92 184
92 185
92 191
92 193
92 194
92 201
92 212
92 214
92 216
92 217
92 218
92 220
92 221
92 222
92 223
92 227
92 231
92 232
92 233
92 235
92 239
92 244
92 246
92 249
93 2
93 6
93 9
93 16
93 23
93 29
93 30
93 36
93 40
93 55
93 56
93 58
93 67
93 72
93 75
93 76
93 83
93 85
93 90
93 92
93 96
93 103
93 111
93 127
93 128
93 129
93 141
93 142
93 143
93 144
93 145
93 158
93 165
93 170
93 172
93 175
93 177
93 178
93 192
93 196
93 206
93 207
93 212
93 216
93 221
93 231
93 237
94 0
94 13
94 14
94 15
94 16
94 18
94 25
94 27
94 29
94 30
94 33
94 35
94 57
94 58
94 59
94 64
94 68
94 83
94 86
94 89
94 90
94 98
94 100
94 106
94 109
94 114
94 117
94 125
94 131
94 132
94 133
94 142
94 164
94 166
94 172
94 176
94 184
94 186
94 187
94 189
94 190
94 192
94 195
94 203
94 204
94 206
94 209
94 216
94 217
94 224
94 225
94 241
94 242
94 243
95 2
95 5
95 6
95 16
95 19
95 20
95 25
95 30
95 34
95 53
95 72
95 81
95 82
95 83
95 95
95 100
95 109
95 111
95 122
95 126
95 127
95 129
95 130
95 136
95 143
95 144
95 145
95 152
95 177
95 178
95 179
95 185
95 199
95 202
95 204
95 207
95 208
95 214
95 215
95 242
96 0
96 7
96 8
96 14
96 17
96 23
96 28
96 45
96 48
96 50
96 51
96 55
96 57
96 73
96 79
96 87
96 97
96 98
96 99
96 105
96 107
96 113
96 118
96 121
96 139
96 144
96 149
96 157
96 159
96 168
96 169
96 170
96 173
96 176
96 178
96 191
96 192
96 193
96 194
96 199
96 200
96 203
96 204
96 208
96 211
96 214
96 218
96 222
96 223
96 226
96 229
96 231
96 238
96 239
96 247
97 9
97 10
97 13
97 14
97 15
97 22
97 23
97 24
97 25
97 30
97 34
97 42
97 51
97 54
97 55
97 56
97 57
97 70
97 73
97 82
97 85
97 86
97 90
97 92
97 97
97 106
97 107
97 113
97 114
97 129
97 130
97 132
97 137
97 145
97 149
97 150
97 152
97 154
97 157
97 159
97 164
97 166
97 167
97 168
97 172
97 176
97 177
97 180
97 185
97 189
97 194
97 202
97 210
97 214
97 215
97 219
97 221
97 224
97 227
97 234
97 236
97 238
97 241
97 244
97 247
98 10
98 11
98 16
98 19
98 27
98 29
98 38
98 44
98 47
98 51
98 53
98 54
98 59
98 60
98 64
98 70
98 72
98 73
98 78
98 79
98 82
98 89
98 91
98 96
98 98
98 99
98 100
98 101
98 109
98 111
98 115
98 121
98 123
98 127
98 129
98 131
98 135
98 137
98 141
98 147
98 148
98 152
98 160
98 165
98 167
98 171
98 172
98 173
98 175
98 181
98 188
98 189
98 197
98 199
98 204
98 213
98 214
98 216
98 219
98 222
98 224
98 228
98 233
98 247
99 0
99 2
99 8
99 10
99 12
99 19
99 23
99 26
99 30
99 31
99 38
99 47
99 53
99 56
99 59
99 60
99 61
99 77
99 81
99 82
99 86
99 87
99 99
99 100
99 101
99 105
99 108
99 118
99 123
99 128
99 138
99 142
99 144
99 148
99 157
99 161
99 163
99 164
99 165
99 172
99 175
99 177
99 178
99 183
99 202
99 203
99 204
99 206
99 222
99 241
99 242
99 243
99 245
99 249
100 4
100 5
100 17
100 27
100 28
100 42
100 48
100 51
100 52
100 57
100 60
100 73
100 83
100 92
100 99
100 103
100 106
100 112
100 115
100 129
100 131
100 138
100 141
100 143
100 144
100 146
100 149
100 151
100 152
100 153
100 156
100 163
100 167
100 172
100 173
100 181
100 183
100 190
100 194
100 204
100 209
100 225
100 237
100 242
100 244
100 245
101 9
101 14
101 16
101 17
101 23
101 25
101 31
101 34
101 46
101 47
101 48
101 50
101 51
101 52
101 53
101 55
101 58
101 61
101 80
101 91
101 92
101 94
101 105
101 111
101 117
101 121
101 123
101 128
101 136
101 143
101 156
101 166
101 168
101 169
101 170
101 171
101 172
101 180
101 184
101 192
101 201
101 216
101 219
101 221
101 226
101 235
101 236
101 238
101 241
101 244
101 249
102 1
102 2
102 5
102 7
102 14
102 24
102 25
102 30
102 40
102 44
102 53
102 67
102 74
102 85
102 99
102 100
102 103
102 111
102 117
102 121
102 123
102 136
102 140
102 142
102 149
102 157
102 160
102 163
102 164
102 165
102 169
102 175
102 178
102 186
102 187
102 189
102 190
102 205
102 209
102 210
102 235
102 238
102 242
102 243
102 247
103 1
103 9
103 13
103 22
103 28
103 29
103 38
103 46
103 61
103 65
103 68
103 84
103 87
103 99
103 103
103 104
103 106
103 107
103 114
103 119
103 123
103 131
103 148
103 150
103 153
103 156
103 163
103 174
103 185
103 189
103 190
103 191
103 199
103 203
103 204
103 206
103 207
103 208
103 212
103 215
103 219
103 227
103 233
103 236
103 239
104 6
104 8
104 15
104 19
104 25
104 27
104 35
104 43
104 54
104 58
104 62
104 63
104 66
104 74
104 75
104 85
104 91
104 99
104 100
104 101
104 114
104 115
104 116
104 120
104 126
104 130
104 137
104 139
104 143
104 149
104 151
104 155
104 171
104 177
104 179
104 184
104 190
104 193
104 207
104 211
104 218
104 226
104 227
104 229
104 231
104 232
104 234
104 244
104 247
104 248
105 0
105 20
105 27
105 34
105 38
105 39
105 45
105 52
105 53
105 59
105 63
105 68
105 72
105 81
105 82
105 83
105 85
105 87
105 109
105 112
105 124
105 128
105 134
105 136
105 139
105 143
105 147
105 149
105 153
105 164
105 174
105 179
105 181
105 182
105 186
105 195
105 196
105 203
105 225
105 232
105 239
105 242
105 243
105 244
105 249
106 3
106 7
106 11
106 15
106 33
106 36
106 39
106 46
106 47
106 48
106 50
106 68
106 70
106 72
106 74
106 76
106 79
106 85
106 94
106 101
106 107
106 112
106 114
106 116
106 123
106 134
106 144
106 145
106 148
106 149
106 156
106 170
106 187
106 189
106 199
106 204
106 205
106 211
106 212
106 218
106 223
106 226
106 227
106 240
106 246
107 0
107 1
107 2
107 4
107 7
107 12
107 13
107 14
107 22
107 25
107 27
107 38
107 44
107 46
107 50
107 52
107 54
107 59
107 62
107 70
107 72
107 73
107 82
107 100
107 105
107 106
107 108
107 113
107 114
107 116
107 118
107 119
107 123
107 126
107 128
107 131
107 134
107 138
107 151
107 161
107 162
107 167
107 168
107 169
107 172
107 180
107 186
107 187
107 193
107 194
107 208
107 232
107 235
107 247
108 0
108 1
108 6
108 7
108 20
108 21
108 24
108 26
108 27
108 29
108 33
108 42
108 51
108 57
108 61
108 62
108 65
108 66
108 70
108 87
108 109
108 110
108 115
108 117
108 120
108 122
108 132
108 134
108 137
108 141
108 142
108 151
108 155
108 159
108 166
108 168
108 170
108 174
108 194
108 200
108 205
108 217
108 221
108 226
108 228
108 233
108 240
108 241
108 247
109 18
109 22
109 32
109 33
109 38
109 39
109 42
109 44
109 46
109 52
109 54
109 56
109 59
109 60
109 62
109 65
109 68
109 72
109 77
109 79
109 95
109 102
109 106
109 115
109 116
109 122
109 130
109 134
109 138
109 139
109 145
109 157
109 163
109 164
109 165
109 175
109 182
109 187
109 206
109 208
109 210
109 211
109 214
109 228
109 232
109 234
110 1
110 10
110 15
110 20
110 25
110 29
110 35
110 39
110 40
110 42
110 48
110 52
110 57
110 75
110 76
110 92
110 93
110 95
110 98
110 106
110 112
110 113
110 122
110 124
110 128
110 131
110 133
110 136
110 140
110 146
110 148
110 150
110 165
110 169
110 175
110 200
110 209
110 211
110 217
110 220
110 223
110 229
110 230
110 231
110 233
110 236
110 237
110 244
110 245
110 249
111 4
111 14
111 19
111 36
111 39
111 42
111 49
111 55
111 58
111 63
111 72
111 76
111 86
111 94
111 96
111 99
111 105
111 108
111 114
111 121
111 124
111 133
111 134
111 135
111 140
111 145
111 148
111 149
111 155
111 157
111 158
111 161
111 164
111 166
111 170
111 175
111 179
111 180
111 184
111 187
111 190
111 191
111 201
111 206
111 209
111 210
111 214
111 215
111 216
111 227
111 238
111 240
111 243
111 247
111 248
112 0
112 9
112 30
112 35
112 36
112 38
112 46
112 61
112 69
112 72
112 85
112 95
112 101
112 104
112 106
112 113
112 120
112 122
112 127
112 132
112 134
112 135
112 136
112 137
112 144
112 156
112 157
112 164
112 171
112 181
112 186
112 187
112 191
112 194
112 209
112 210
112 211
112 212
112 229
112 232
112 237
112 238
112 241
112 243
113 0
113 16
113 17
113 20
113 22
113 26
113 30
113 33
113 53
113 56
113 59
113 62
113 67
113 75
113 81
113 84
113 86
113 91
113 93
113 101
113 108
113 118
113 124
113 139
113 140
113 141
113 147
113 150
113 155
113 160
113 162
113 173
113 179
113 180
113 191
113 195
113 206
113 207
113 210
113 214
113 221
113 222
113 226
113 228
113 235
113 240
113 244
114 0
114 12
114 18
114 20
114 24
114 28
114 30
114 38
114 44
114 45
114 51
114 60
114 68
114 75
114 77
114 78
114 88
114 94
114 98
114 100
114 101
114 115
114 117
114 122
114 125
114 130
114 138
114 140
114 143
114 144
114 147
114 152
114 162
114 167
114 171
114 172
114 173
114 178
114 179
114 183
114 184
114 185
114 186
114 187
114 188
114 190
114 196
114 203
114 204
114 206
114 209
114 210
114 215
114 217
114 221
114 224
114 229
114 239
114 242
114 247
115 6
115 7
115 8
115 27
115 32
115 36
115 39
115 43
115 48
115 62
115 65
115 70
115 71
115 72
115 77
115 80
115 83
115 92
115 93
115 96
115 99
115 101
115 111
115 112
115 113
115 118
115 131
115 143
115 146
115 150
115 151
115 153
115 154
115 163
115 165
115 172
115 174
115 176
115 177
115 183
115 184
115 186
115 189
115 194
115 195
115 197
115 200
115 202
115 221
115 225
115 230
115 233
115 236
115 242
115 248
116 9
116 13
116 19
116 21
116 32
116 38
116 41
116 42
116 44
116 46
116 47
116 49
116 54
116 56
116 62
116 64
116 65
116 66
116 68
116 71
116 72
116 76
116 77
116 80
116 91
116 98
116 105
116 117
116 120
116 132
116 135
116 138
116 139
116 148
116 170
116 174
116 177
116 186
116 194
116 196
116 200
116 210
116 215
116 229
116 232
116 235
116 245
116 246
117 5
117 6
117 8
117 16
117 17
117 18
117 21
117 34
117 35
117 43
117 45
117 46
117 47
117 49
117 57
117 59
117 64
117 65
117 74
117 78
117 81
117 84
117 91
117 101
117 105
117 109
117 114
117 119
117 120
117 121
117 123
117 125
117 133
117 136
117 153
117 157
117 159
117 162
117 163
117 166
117 173
117 178
117 184
117 185
117 187
117 188
117 191
117 206
117 224
117 232
117 242
117 243
117 244
117 248
117 249
118 0
118 7
118 10
118 11
118 13
118 15
118 21
118 29
118 32
118 34
118 36
118 40
118 55
118 63
118 65
118 67
118 71
118 73
118 75
118 76
118 78
118 80
118 81
118 89
118 94
118 95
118 97
118 101
118 107
118 110
118 111
118 116
118 130
118 131
118 132
118 138
118 148
118 150
118 153
118 158
118 160
118 164
118 165
118 168
118 169
118 173
118 174
118 180
118 182
118 197
118 203
118 206
118 209
118 212
118 215
118 219
118 222
118 226
118 227
118 231
118 238
118 240
119 2
119 5
119 7
119 16
119 29
119 30
119 31
119 43
119 49
119 64
119 72
119 76
119 82
119 83
119 87
119 98
119 103
119 106
119 115
119 122
119 124
119 126
119 134
119 138
119 141
119 142
119 146
119 147
119 148
119 151
119 153
119 161
119 165
119 167
119 179
119 181
119 195
119 200
119 206
119 212
119 217
119 219
119 222
119 227
119 229
119 242
119 245
120 7
120 10
120 22
120 36
120 45
120 46
120 57
120 58
120 60
120 61
120 62
120 64
120 82
120 85
120 86
120 89
120 92
120 94
120 97
120 100
120 103
120 111
120 114
120 118
120 126
120 129
120 140
120 141
120 162
120 167
120 170
120 174
120 176
120 185
120 187
120 188
120 197
120 198
120 200
120 203
120 210
120 219
120 222
120 234
120 243
120 246
121 1
121 19
121 22
121 23
121 26
121 29
121 31
121 32
121 43
121 44
121 46
121 49
121 57
121 58
121 60
121 62
121 63
121 67
121 71
121 76
121 79
121 82
121 88
121 89
121 105
121 109
121 110
121 114
121 116
121 119
121 122
121 132
121 134
121 135
121 139
121 143
121 144
121 148
121 156
121 157
121 162
121 168
121 170
121 171
121 172
121 191
121 194
121 198
121 209
121 210
121 216
121 226
121 242
122 0
122 1
122 19
122 20
122 23
122 25
122 35
122 36
122 37
122 39
122 47
122 49
122 50
122 54
122 58
122 59
122 61
122 62
122 64
122 72
122 79
122 80
122 85
122 87
122 90
122 91
122 111
122 113
122 114
122 120
122 122
122 125
122 127
122 130
122 137
122 141
122 142
122 148
122 153
122 154
122 159
122 169
122 171
122 188
122 193
122 198
122 202
122 205
122 209
122 214
122 222
122 225
122 233
122 240
122 241
122 243
122 245
122 248
123 3
123 7
123 22
123 28
123 30
123 34
123 38
123 42
123 45
123 53
123 59
123 62
123 64
123 71
123 72
123 80
123 81
123 83
123 88
123 94
123 95
123 100
123 102
123 106
123 109
123 110
123 118
123 127
123 133
123 138
123 140
123 141
123 143
123 147
123 148
123 150
123 153
123 154
123 159
123 160
123 170
123 175
123 178
123 188
123 190
123 197
123 202
123 203
123 207
123 218
123 223
123 226
123 232
123 245
124 5
124 10
124 17
124 24
124 31
124 32
124 33
124 40
124 49
124 54
124 59
124 71
124 74
124 79
124 92
124 93
124 99
124 102
124 110
124 118
124 125
124 131
124 132
124 138
124 139
124 145
124 151
124 157
124 161
124 168
124 171
124 173
124 184
124 186
124 189
124 191
124 195
124 196
124 198
124 200
124 201
124 203
124 214
124 216
124 220
124 226
124 234
124 239
124 246
125 2
125 6
125 10
125 15
125 16
125 23
125 25
125 30
125 31
125 32
125 34
125 37
125 54
125 58
125 71
125 72
125 73
125 74
125 82
125 89
125 100
125 106
125 108
125 110
125 111
125 113
125 117
125 131
125 135
125 136
125 137
125 140
125 141
125 149
125 151
125 152
125 154
125 157
125 159
125 160
125 168
125 171
125 174
125 179
125 188
125 190
125 191
125 199
125 201
125 204
125 209
125 211
125 212
125 219
125 222
125 228
125 229
125 234
125 243
125 245
125 248
126 10
126 16
126 20
126 22
126 24
126 27
126 28
126 31
126 35
126 39
126 44
126 46
126 47
126 57
126 60
126 62
126 68
126 81
126 90
126 97
126 99
126 106
126 108
126 116
126 119
126 123
126 145
126 147
126 151
126 158
126 159
126 161
126 167
126 187
126 188
126 195
126 197
126 199
126 211
126 212
126 214
126 215
126 219
126 223
126 226
126 227
126 230
126 232
126 236
126 240
126 246
126 247
126 248
127 0
127 4
127 8
127 13
127 20
127 23
127 40
127 44
127 50
127 53
127 56
127 57
127 60
127 66
127 67
127 73
127 78
127 79
127 85
127 89
127 93
127 104
127 107
127 121
127 123
127 124
127 126
127 129
127 137
127 138
127 139
127 142
127 149
127 152
127 154
127 157
127 166
127 167
127 169
127 170
127 171
127 177
127 180
127 181
127 182
127 183
127 186
127 196
127 197
127 205
127 214
127 216
127 220
127 227
127 233
128 0
128 12
128 17
128 21
128 29
128 34
128 46
128 52
128 63
128 66
128 72
128 75
128 80
128 86
128 92
128 110
128 118
128 119
128 120
128 128
128 152
128 154
128 156
128 157
128 164
128 166
128 167
128 172
128 174
128 178
128 184
128 189
128 195
128 196
128 197
128 217
128 223
128 225
128 226
128 229
128 233
128 234
128 238
128 240
128 241
128 243
128 249
129 4
129 9
129 17
129 19
129 22
129 25
129 28
129 29
129 36
129 37
129 39
129 40
129 64
129 65
129 68
129 69
129 72
129 76
129 82
129 89
129 90
129 93
129 95
129 96
129 97
129 101
129 114
129 116
129 120
129 123
129 124
129 130
129 135
129 138
129 141
129 142
129 146
129 150
129 154
129 162
129 163
129 164
129 168
129 181
129 182
129 185
129 193
129 199
129 207
129 208
129 209
129 212
129 216
129 217
129 220
129 222
129 228
129 230
129 239
129 241
129 247
130 4
130 22
130 27
130 30
130 36
130 49
130 52
130 57
130 58
130 61
130 62
130 68
130 74
130 75
130 77
130 81
130 92
130 94
130 100
130 114
130 121
130 128
130 130
130 139
130 141
130 144
130 151
130 152
130 158
130 162
130 164
130 166
130 176
130 183
130 184
130 185
130 186
130 191
130 197
130 199
130 201
130 208
130 215
130 218
130 219
130 220
130 225
130 231
130 232
130 235
130 236
130 246
131 3
131 7
131 13
131 16
131 18
131 29
131 43
131 49
131 57
131 61
131 63
131 72
131 74
131 78
131 86
131 87
131 92
131 97
131 99
131 102
131 105
131 108
131 109
131 114
131 125
131 127
131 135
131 138
131 140
131 143
131 147
131 150
131 151
131 158
131 166
131 174
131 176
131 178
131 183
131 189
131 196
131 208
131 210
131 215
131 220
131 224
131 225
131 233
131 234
131 239
131 240
131 243
131 245
131 246
132 10
132 27
132 41
132 49
132 50
132 58
132 59
132 60
132 62
132 63
132 64
132 88
132 89
132 97
132 100
132 105
132 106
132 108
132 110
132 111
132 113
132 117
132 122
132 130
132 131
132 136
132 138
132 141
132 142
132 148
132 149
132 160
132 164
132 177
132 179
132 181
132 190
132 192
132 196
132 207
132 210
132 221
132 222
132 226
132 229
132 231
132 237
132 241
133 4
133 12
133 15
133 31
133 39
133 40
133 42
133 44
133 45
133 52
133 54
133 66
133 87
133 93
133 97
133 100
133 107
133 112
133 117
133 122
133 144
133 148
133 153
133 160
133 161
133 166
133 172
133 174
133 176
133 178
133 179
133 182
133 183
133 205
133 207
133 229
133 240
133 246
133 248
134 1
134 2
134 8
134 15
134 16
134 28
134 38
134 47
134 50
134 55
134 57
134 58
134 70
134 74
134 80
134 85
134 87
134 88
134 90
134 94
134 95
134 99
134 106
134 107
134 108
134 109
134 116
134 121
134 122
134 136
134 151
134 152
134 155
134 156
134 157
134 159
134 168
134 188
134 197
134 211
134 217
134 225
134 228
134 234
134 235
134 239
135 7
135 8
135 10
135 11
135 18
135 24
135 28
135 29
135 31
135 41
135 45
135 54
135 55
135 57
135 67
135 68
135 69
135 82
135 85
135 87
135 93
135 98
135 103
135 104
135 110
135 111
135 112
135 113
135 120
135 132
135 135
135 141
135 148
135 155
135 161
135 167
135 174
135 179
135 180
135 187
135 191
135 192
135 200
135 205
135 207
135 208
135 209
135 220
135 222
135 223
135 225
135 232
135 234
135 242
135 247
135 248
136 3
136 4
136 9
136 11
136 20
136 34
136 42
136 45
136 47
136 51
136 63
136 74
136 80
136 83
136 87
136 101
136 102
136 106
136 114
136 115
136 116
136 128
136 132
136 134
136 135
136 137
136 141
136 142
136 146
136 152
136 155
136 164
136 173
136 174
136 175
136 179
136 183
136 190
136 195
136 204
136 207
136 215
136 220
136 223
136 224
136 230
136 237
136 238
136 244
137 1
137 3
137 7
137 11
137 13
137 15
137 19
137 21
137 22
137 35
137 38
137 39
137 41
137 48
137 51
137 52
137 56
137 57
137 58
137 59
137 61
137 62
137 63
137 65
137 66
137 69
137 70
137 84
137 90
137 92
137 97
137 102
137 108
137 110
137 114
137 115
137 119
137 120
137 123
137 129
137 132
137 142
137 156
137 160
137 161
137 165
137 166
137 170
137 172
137 176
137 186
137 196
137 204
137 209
137 216
137 224
137 226
137 229
137 236
137 237
137 242
137 248
138 6
138 7
138 11
138 13
138 14
138 18
138 24
138 27
138 35
138 37
138 39
138 49
138 61
138 63
138 65
138 69
138 71
138 76
138 78
138 81
138 93
138 94
138 98
138 101
138 104
138 110
138 111
138 113
138 120
138 124
138 129
138 132
138 138
138 144
138 150
138 151
138 153
138 158
138 185
138 200
138 201
138 202
138 206
138 215
138 220
138 230
138 233
138 235
138 236
138 245
138 247
139 7
139 11
139 15
139 21
139 24
139 33
139 43
139 50
139 53
139 59
139 61
139 70
139 73
139 75
139 78
139 80
139 82
139 85
139 87
139 91
139 96
139 98
139 102
139 110
139 116
139 117
139 129
139 131
139 133
139 137
139 140
139 145
139 151
139 159
139 172
139 174
139 175
139 176
139 181
139 185
139 190
139 197
139 200
139 213
139 218
139 219
139 224
139 231
139 244
139 245
140 0
140 6
140 7
140 8
140 9
140 10
140 11
140 12
140 13
140 22
140 23
140 27
140 30
140 34
140 45
140 47
140 48
140 49
140 58
140 60
140 61
140 62
140 71
140 75
140 79
140 85
140 90
140 91
140 94
140 95
140 103
140 104
140 107
140 112
140 117
140 122
140 125
140 136
140 137
140 151
140 165
140 169
140 177
140 178
140 186
140 187
140 198
140 199
140 203
140 208
140 213
140 216
140 217
140 222
140 236
140 237
140 244
141 6
141 10
141 13
141 18
141 19
141 27
141 31
141 40
141 41
141 44
141 45
141 46
141 49
141 77
141 78
141 81
141 99
141 100
141 104
141 107
141 128
141 129
141 130
141 131
141 134
141 135
141 143
141 144
141 145
141 152
141 156
141 164
141 172
141 176
141 189
141 190
141 194
141 195
141 209
141 210
141 212
141 214
141 220
141 223
141 224
141 227
141 232
141 234
141 240
141 241
141 242
141 245
142 2
142 8
142 10
142 18
142 24
142 29
142 34
142 38
142 41
142 56
142 64
142 67
142 69
142 87
142 90
142 95
142 98
142 103
142 108
142 112
142 115
142 131
142 143
142 145
142 146
142 160
142 172
142 176
142 184
142 186
142 187
142 188
142 191
142 193
142 196
142 197
142 199
142 217
142 225
142 227
142 234
142 242
142 243
142 249
143 4
143 18
143 21
143 23
143 30
143 33
143 38
143 55
143 61
143 63
143 69
143 79
143 80
143 83
143 91
143 92
143 106
143 109
143 114
143 117
143 121
143 122
143 123
143 127
143 128
143 129
143 140
143 142
143 155
143 156
143 161
143 167
143 168
143 170
143 175
143 176
143 177
143 187
143 196
143 204
143 206
143 209
143 211
143 214
143 216
143 220
143 223
143 227
143 237
143 238
143 239
143 240
143 249
144 9
144 10
144 11
144 12
144 14
144 20
144 28
144 34
144 35
144 52
144 58
144 61
144 62
144 73
144 78
144 87
144 88
144 92
144 93
144 95
144 96
144 97
144 99
144 107
144 116
144 121
144 124
144 126
144 132
144 138
144 140
144 146
144 158
144 161
144 162
144 163
144 164
144 167
144 172
144 177
144 179
144 181
144 189
144 190
144 197
144 204
144 212
144 213
144 217
144 218
144 219
144 220
144 224
144 226
144 227
144 232
144 233
144 235
144 242
144 243
145 7
145 10
145 37
145 38
145 40
145 43
145 47
145 52
145 70
145 90
145 92
145 93
145 95
145 104
145 105
145 107
145 108
145 110
145 116
145 117
145 119
145 121
145 128
145 129
145 133
145 134
145 139
145 141
145 145
145 148
145 154
145 158
145 160
145 161
145 166
145 167
145 170
145 174
145 178
145 180
145 182
145 188
145 194
145 204
145 214
145 217
145 222
145 228
146 13
146 19
146 21
146 22
146 48
146 56
146 60
146 67
146 71
146 77
146 90
146 102
146 106
146 111
146 113
146 115
146 119
146 127
146 128
146 131
146 134
146 138
146 139
146 142
146 148
146 152
146 154
146 157
146 160
146 162
146 164
146 165
146 168
146 179
146 180
146 190
146 194
146 204
146 207
146 209
146 210
146 214
146 215
146 217
146 224
146 225
146 234
146 247
147 1
147 2
147 6
147 7
147 9
147 12
147 17
147 20
147 30
147 39
147 42
147 54
147 58
147 69
147 72
147 79
147 83
147 94
147 97
147 100
147 122
147 123
147 127
147 129
147 133
147 144
147 152
147 159
147 161
147 170
147 172
147 176
147 190
147 215
147 216
147 217
147 222
147 230
147 247
148 1
148 11
148 18
148 20
148 25
148 26
148 40
148 41
148 51
148 57
148 61
148 64
148 67
148 79
148 84
148 85
148 97
148 102
148 107
148 117
148 119
148 126
148 127
148 132
148 138
148 147
148 149
148 155
148 156
148 161
148 162
148 164
148 165
148 176
148 189
148 192
148 195
148 196
148 224
148 231
148 233
148 237
149 0
149 5
149 6
149 8
149 13
149 24
149 30
149 41
149 45
149 48
149 65
149 66
149 71
149 72
149 73
149 76
149 83
149 89
149 98
149 101
149 103
149 106
149 112
149 117
149 120
149 125
149 137
149 145
149 158
149 167
149 172
149 176
149 179
149 184
149 189
149 190
149 192
149 196
149 198
149 199
149 200
149 228
149 237
149 239
149 241
149 249
150 11
150 20
150 21
150 23
150 27
150 30
150 33
150 35
150 39
150 42
150 43
150 45
150 49
150 51
150 59
150 63
150 67
150 69
150 70
150 76
150 85
150 91
150 92
150 93
150 98
150 99
150 102
150 113
150 117
150 118
150 119
150 125
150 127
150 132
150 134
150 136
150 141
150 143
150 149
150 152
150 153
150 168
150 172
150 175
150 182
150 184
150 201
150 204
150 212
150 215
150 218
150 220
150 223
150 229
150 247
151 0
151 3
151 4
151 9
151 13
151 16
151 19
151 20
151 26
151 31
151 32
151 35
151 42
151 43
151 44
151 46
151 53
151 55
151 57
151 60
151 65
151 74
151 76
151 79
151 80
151 81
151 82
151 84
151 93
151 106
151 108
151 115
151 118
151 119
151 134
151 137
151 145
151 148
151 149
151 150
151 157
151 168
151 176
151 180
151 183
151 186
151 200
151 212
151 228
151 243
151 249
152 6
152 21
152 25
152 29
152 35
152 41
152 48
152 50
152 57
152 69
152 71
152 86
152 87
152 94
152 97
152 99
152 110
152 113
152 130
152 134
152 135
152 141
152 155
152 156
152 157
152 158
152 164
152 177
152 185
152 192
152 198
152 206
152 212
152 219
152 228
152 232
152 234
152 239
152 243
152 247
153 0
153 1
153 4
153 5
153 9
153 11
153 12
153 14
153 23
153 24
153 38
153 42
153 43
153 45
153 50
153 52
153 53
153 56
153 71
153 72
153 80
153 88
153 100
153 101
153 116
153 127
153 134
153 135
153 136
153 141
153 144
153 145
153 148
153 161
153 171
153 177
153 182
153 192
153 194
153 200
153 203
153 205
153 212
153 213
153 215
153 219
153 225
153 232
153 233
153 247
154 1
154 7
154 13
154 33
154 34
154 45
154 46
154 66
154 68
154 72
154 73
154 80
154 82
154 84
154 86
154 91
154 104
154 105
154 106
154 109
154 121
154 136
154 138
154 143
154 146
154 151
154 153
154 163
154 164
154 165
154 166
154 167
154 180
154 181
154 182
154 183
154 192
154 206
154 212
154 236
154 238
154 240
154 242
154 243
155 4
155 5
155 14
155 17
155 22
155 24
155 29
155 32
155 34
155 35
155 36
155 45
155 50
155 55
155 64
155 72
155 74
155 75
155 76
155 79
155 82
155 99
155 105
155 106
155 112
155 114
155 115
155 118
155 122
155 127
155 148
155 168
155 174
155 175
155 188
155 189
155 192
155 197
155 203
155 206
155 209
155 216
155 218
155 219
155 223
155 230
155 231
155 238
155 239
155 240
156 6
156 19
156 34
156 35
156 38
156 39
156 42
156 45
156 46
156 47
156 49
156 53
156 56
156 65
156 69
156 88
156 91
156 95
156 96
156 97
156 100
156 102
156 108
156 112
156 116
156 129
156 138
156 147
156 154
156 155
156 156
156 168
156 170
156 173
156 178
156 181
156 184
156 188
156 194
156 199
156 207
156 209
156 210
156 211
156 212
156 224
156 234
156 235
156 240
156 244
156 248
157 8
157 10
157 18
157 21
157 24
157 25
157 27
157 40
157 43
157 48
157 54
157 56
157 63
157 65
157 72
157 77
157 80
157 96
157 107
157 108
157 109
157 116
157 123
157 139
157 141
157 143
157 155
157 156
157 159
157 160
157 165
157 167
157 173
157 177
157 178
157 180
157 190
157 197
157 198
157 203
157 206
157 207
157 215
157 232
158 2
158 5
158 11
158 21
158 24
158 25
158 26
158 57
158 69
158 73
158 91
158 95
158 101
158 109
158 111
158 112
158 113
158 115
158 123
158 125
158 131
158 140
158 152
158 154
158 159
158 165
158 166
158 168
158 172
158 178
158 181
158 182
158 186
158 191
158 199
158 203
158 204
158 207
158 210
158 213
158 228
158 237
158 238
158 239
158 247
159 0
159 6
159 13
159 16
159 17
159 19
159 23
159 24
159 28
159 34
159 36
159 37
159 38
159 39
159 45
159 54
159 55
159 56
159 60
159 73
159 74
159 75
159 76
159 80
159 83
159 84
159 102
159 106
159 111
159 116
159 124
159 125
159 126
159 127
159 132
159 137
159 140
159 141
159 158
159 162
159 166
159 170
159 171
159 179
159 183
159 191
159 193
159 198
159 204
159 216
159 220
159 227
159 229
159 230
159 232
159 235
159 237
159 238
159 241
159 243
159 245
159 246
160 0
160 1
160 7
160 11
160 15
160 17
160 22
160 29
160 31
160 34
160 47
160 49
160 71
160 77
160 79
160 94
160 99
160 103
160 106
160 107
160 119
160 122
160 123
160 130
160 138
160 141
160 149
160 155
160 161
160 162
160 166
160 171
160 175
160 193
160 194
160 195
160 197
160 202
160 203
160 210
160 216
160 220
160 221
160 226
160 230
160 234
160 243
160 247
160 248
161 19
161 32
161 43
161 47
161 48
161 53
161 54
161 56
161 65
161 67
161 70
161 76
161 80
161 97
161 99
161 113
161 118
161 122
161 126
161 132
161 133
161 142
161 152
161 155
161 157
161 161
161 164
161 175
161 183
161 196
161 200
161 201
161 202
161 210
161 218
161 220
161 226
161 233
161 235
161 236
161 248
162 0
162 8
162 9
162 13
162 33
162 34
162 36
162 39
162 43
162 46
162 48
162 52
162 57
162 58
162 61
162 64
162 66
162 73
162 78
162 83
162 90
162 91
162 103
162 106
162 110
162 118
162 119
162 122
162 124
162 127
162 140
162 142
162 145
162 147
162 154
162 156
162 163
162 169
162 170
162 171
162 176
162 177
162 179
162 184
162 186
162 201
162 203
162 205
162 220
162 221
162 226
162 233
162 238
162 240
162 242
162 248
163 4
163 6
163 8
163 15
163 17
163 18
163 19
163 35
163 50
163 63
163 64
163 69
163 72
163 77
163 86
163 90
163 96
163 98
163 101
163 102
163 103
163 107
163 110
163 112
163 121
163 127
163 135
163 136
163 137
163 139
163 140
163 142
163 144
163 156
163 166
163 169
163 171
163 172
163 175
163 181
163 183
163 184
163 189
163 191
163 192
163 206
163 216
163 225
163 234
163 238
163 242
164 14
164 19
164 20
164 21
164 24
164 40
164 46
164 49
164 55
164 60
164 64
164 73
164 75
164 80
164 81
164 84
164 85
164 93
164 97
164 102
164 106
164 117
164 119
164 123
164 124
164 127
164 128
164 132
164 142
164 149
164 161
164 162
164 165
164 166
164 168
164 169
164 170
164 171
164 175
164 176
164 180
164 183
164 189
164 190
164 192
164 197
164 203
164 204
164 208
164 214
164 221
164 224
164 239
164 248
165 3
165 6
165 10
165 12
165 13
165 29
165 35
165 36
165 39
165 58
165 60
165 61
165 64
165 69
165 74
165 77
165 85
165 95
165 100
165 103
165 110
165 120
165 121
165 136
165 152
165 157
165 171
165 174
165 179
165 186
165 190
165 191
165 196
165 199
165 208
165 211
165 216
165 218
165 219
165 222
165 224
166 0
166 7
166 10
166 16
166 17
166 31
166 34
166 38
166 39
166 46
166 52
166 58
166 74
166 81
166 88
166 93
166 94
166 101
166 102
166 108
166 109
166 113
166 115
166 132
166 137
166 138
166 143
166 150
166 160
166 166
166 167
166 174
166 176
166 180
166 181
166 183
166 184
166 209
166 210
166 214
166 218
166 219
166 224
166 226
166 229
166 238
166 244
166 247
167 0
167 1
167 6
167 7
167 8
167 9
167 10
167 13
167 28
167 29
167 31
167 32
167 35
167 44
167 48
167 53
167 58
167 59
167 60
167 61
167 62
167 63
167 66
167 72
167 81
167 85
167 87
167 95
167 97
167 113
167 118
167 128
167 135
167 142
167 144
167 149
167 153
167 161
167 165
167 166
167 172
167 173
167 180
167 187
167 194
167 198
167 203
167 204
167 213
167 214
167 216
167 218
167 231
167 241
167 243
167 244
167 245
167 249
168 2
168 6
168 8
168 19
168 22
168 25
168 27
168 28
168 33
168 34
168 36
168 38
168 39
168 45
168 51
168 54
168 58
168 63
168 64
168 69
168 75
168 88
168 91
168 92
168 93
168 107
168 117
168 133
168 135
168 136
168 148
168 151
168 157
168 162
168 168
168 169
168 171
168 176
168 181
168 190
168 191
168 194
168 195
168 197
168 203
168 206
168 212
168 213
168 217
168 226
168 233
168 236
168 240
168 243
168 247
168 248
169 9
169 11
169 26
169 28
169 29
169 36
169 44
169 64
169 65
169 66
169 69
169 74
169 77
169 82
169 96
169 97
169 102
169 104
169 114
169 115
169 117
169 141
169 153
169 156
169 159
169 162
169 167
169 168
169 173
169 183
169 187
169 198
169 201
169 218
169 219
169 223
169 236
169 239
169 243
169 247
169 249
170 13
170 17
170 24
170 26
170 30
170 34
170 35
170 43
170 49
170 60
170 69
170 89
170 107
170 111
170 114
170 125
170 127
170 133
170 149
170 152
170 159
170 160
170 171
170 175
170 179
170 183
170 185
170 194
170 195
170 202
170 205
170 206
170 212
170 219
170 237
170 242
170 249
171 2
171 12
171 13
171 15
171 19
171 26
171 27
171 31
171 46
171 59
171 67
171 72
171 74
171 78
171 79
171 86
171 87
171 91
171 92
171 101
171 103
171 108
171 110
171 111
171 113
171 115
171 136
171 138
171 146
171 148
171 150
171 153
171 155
171 162
171 167
171 169
171 176
171 178
171 180
171 189
171 198
171 212
171 222
171 226
171 228
171 235
171 245
172 4
172 10
172 12
172 24
172 26
172 35
172 42
172 55
172 57
172 58
172 60
172 67
172 72
172 73
172 89
172 92
172 105
172 116
172 117
172 118
172 119
172 120
172 122
172 126
172 129
172 131
172 138
172 143
172 146
172 149
172 150
172 154
172 183
172 185
172 186
172 188
172 189
172 203
172 204
172 207
172 212
172 214
172 219
172 222
172 227
172 228
172 229
172 237
172 241
172 247
173 4
173 11
173 13
173 28
173 37
173 41
173 42
173 46
173 51
173 53
173 59
173 60
173 62
173 64
173 66
173 68
173 74
173 75
173 78
173 84
173 85
173 86
173 105
173 116
173 122
173 123
173 124
173 125
173 130
173 134
173 135
173 140
173 143
173 145
173 146
173 152
173 157
173 162
173 163
173 165
173 170
173 178
173 179
173 184
173 187
173 190
173 191
173 200
173 208
173 211
173 214
173 215
173 224
173 227
173 229
173 237
173 240
173 241
174 10
174 11
174 13
174 23
174 28
174 30
174 31
174 32
174 36
174 37
174 41
174 45
174 47
174 48
174 50
174 57
174 59
174 62
174 80
174 84
174 87
174 100
174 103
174 104
174 112
174 118
174 123
174 130
174 140
174 152
174 156
174 160
174 161
174 168
174 169
174 175
174 177
174 179
174 186
174 187
174 203
174 206
174 208
174 212
174 217
174 221
174 225
174 233
174 245
175 8
175 9
175 23
175 24
175 29
175 31
175 38
175 39
175 40
175 42
175 45
175 46
175 51
175 56
175 59
175 61
175 69
175 80
175 81
175 82
175 91
175 94
175 99
175 102
175 109
175 112
175 115
175 122
175 123
175 125
175 131
175 132
175 135
175 137
175 139
175 150
175 158
175 162
175 168
175 174
175 175
175 179
175 183
175 193
175 195
175 206
175 210
175 218
175 227
175 228
175 237
175 238
175 242
175 244
175 245
175 249
176 8
176 11
176 17
176 19
176 25
176 38
176 43
176 50
176 57
176 65
176 75
176 76
176 77
176 78
176 81
176 82
176 108
176 109
176 118
176 122
176 128
176 130
176 134
176 146
176 163
176 173
176 176
176 178
176 188
176 191
176 193
176 194
176 195
176 196
176 200
176 216
176 222
176 223
176 226
176 232
176 233
176 237
176 247
177 0
177 1
177 3
177 8
177 15
177 24
177 28
177 29
177 30
177 35
177 37
177 38
177 41
177 43
177 49
177 56
177 57
177 59
177 61
177 81
177 82
177 84
177 88
177 89
177 90
177 110
177 116
177 119
177 120
177 125
177 132
177 136
177 142
177 153
177 156
177 157
177 163
177 176
177 177
177 185
177 187
177 192
177 201
177 233
177 242
177 248
178 10
178 13
178 14
178 17
178 18
178 19
178 20
178 28
178 29
178 31
178 36
178 40
178 44
178 51
178 53
178 62
178 64
178 74
178 90
178 95
178 96
178 99
178 103
178 110
178 119
178 126
178 131
178 132
178 140
178 141
178 143
178 151
178 152
178 153
178 160
178 161
178 162
178 164
178 172
178 183
178 192
178 219
178 223
178 225
178 226
178 233
178 243
178 248
178 249
179 2
179 5
179 7
179 16
179 17
179 20
179 22
179 30
179 40
179 52
179 57
179 62
179 64
179 71
179 86
179 91
179 93
179 94
179 100
179 103
179 104
179 107
179 114
179 115
179 123
179 128
179 131
179 143
179 151
179 165
179 168
179 171
179 173
179 178
179 179
179 180
179 183
179 189
179 192
179 196
179 202
179 203
179 208
179 212
179 218
179 231
179 235
179 236
179 238
179 245
179 247
180 16
180 19
180 24
180 26
180 34
180 39
180 45
180 50
180 54
180 56
180 57
180 58
180 60
180 82
180 85
180 90
180 94
180 98
180 99
180 107
180 114
180 118
180 132
180 138
180 144
180 149
180 156
180 160
180 168
180 172
180 175
180 177
180 185
180 188
180 191
180 192
180 197
180 198
180 200
180 201
180 204
180 209
180 214
180 219
180 220
180 228
180 229
180 232
180 233
180 235
180 236
180 238
180 239
180 243
180 245
180 248
181 2
181 15
181 16
181 22
181 35
181 38
181 39
181 54
181 66
181 67
181 70
181 84
181 89
181 92
181 95
181 99
181 101
181 107
181 110
181 118
181 119
181 125
181 128
181 129
181 131
181 133
181 135
181 137
181 138
181 146
181 153
181 154
181 161
181 162
181 173
181 174
181 175
181 176
181 180
181 187
181 190
181 197
181 205
181 212
181 219
181 226
181 228
181 237
182 7
182 22
182 36
182 40
182 41
182 44
182 46
182 66
182 72
182 75
182 76
182 77
182 88
182 94
182 101
182 105
182 111
182 112
182 113
182 114
182 129
182 132
182 137
182 148
182 158
182 170
182 171
182 172
182 178
182 181
182 184
182 195
182 199
182 204
182 208
182 212
182 213
182 217
182 221
182 230
182 243
182 246
183 1
183 4
183 7
183 26
183 32
183 37
183 40
183 43
183 49
183 56
183 58
183 61
183 71
183 73
183 83
183 90
183 91
183 98
183 113
183 120
183 125
183 133
183 139
183 142
183 143
183 144
183 146
183 150
183 153
183 170
183 178
183 201
183 209
183 210
183 211
183 214
183 220
183 224
183 228
183 248
184 4
184 7
184 10
184 22
184 26
184 29
184 36
184 39
184 41
184 47
184 51
184 52
184 55
184 62
184 71
184 72
184 80
184 81
184 82
184 84
184 93
184 94
184 97
184 100
184 102
184 103
184 127
184 131
184 136
184 140
184 142
184 150
184 156
184 157
184 178
184 186
184 190
184 213
184 215
184 219
184 221
184 226
184 227
184 228
184 229
184 233
184 237
185 3
185 6
185 8
185 17
185 26
185 28
185 37
185 42
185 44
185 51
185 52
185 59
185 60
185 67
185 69
185 73
185 78
185 83
185 84
185 86
185 88
185 107
185 108
185 115
185 128
185 129
185 141
185 145
185 148
185 156
185 157
185 158
185 160
185 161
185 164
185 165
185 166
185 171
185 174
185 175
185 177
185 180
185 184
185 186
185 187
185 193
185 198
185 202
185 203
185 207
185 213
185 226
185 230
185 231
185 237
185 247
186 0
186 8
186 11
186 28
186 35
186 53
186 56
186 58
186 63
186 65
186 73
186 78
186 80
186 81
186 86
186 96
186 99
186 109
186 110
186 117
186 128
186 131
186 132
186 141
186 143
186 145
186 151
186 152
186 166
186 169
186 179
186 182
186 184
186 189
186 192
186 199
186 201
186 202
186 204
186 205
186 209
186 210
186 211
186 214
186 218
186 233
186 236
186 241
186 247
186 249
187 4
187 6
187 11
187 16
187 20
187 25
187 28
187 29
187 35
187 36
187 38
187 42
187 45
187 47
187 48
187 50
187 71
187 78
187 79
187 84
187 93
187 95
187 99
187 109
187 122
187 129
187 131
187 136
187 144
187 145
187 154
187 159
187 166
187 170
187 171
187 172
187 176
187 183
187 187
187 197
187 199
187 205
187 214
187 219
187 223
187 238
187 239
187 241
187 244
188 3
188 14
188 15
188 18
188 21
188 25
188 26
188 28
188 33
188 35
188 39
188 43
188 45
188 58
188 79
188 80
188 82
188 95
188 104
188 107
188 109
188 130
188 136
188 138
188 139
188 140
188 147
188 156
188 160
188 161
188 163
188 169
188 171
188 175
188 177
188 178
188 179
188 197
188 200
188 201
188 204
188 209
188 214
188 215
188 219
188 228
188 235
188 237
188 241
188 247
189 1
189 4
189 5
189 8
189 14
189 40
189 41
189 43
189 45
189 48
189 61
189 64
189 68
189 70
189 72
189 74
189 79
189 81
189 86
189 87
189 99
189 107
189 114
189 117
189 119
189 123
189 132
189 139
189 148
189 153
189 154
189 156
189 157
189 161
189 163
189 165
189 167
189 175
189 177
189 181
189 187
189 192
189 194
189 198
189 210
189 212
189 213
189 218
189 219
189 232
189 236
189 245
189 246
190 7
190 11
190 16
190 25
190 26
190 28
190 29
190 30
190 38
190 40
190 43
190 51
190 73
190 76
190 82
190 96
190 97
190 100
190 110
190 123
190 128
190 131
190 139
190 142
190 143
190 149
190 159
190 185
190 193
190 195
190 196
190 197
190 198
190 204
190 206
190 213
190 219
190 231
190 232
190 245
191 0
191 1
191 3
191 5
191 16
191 18
191 19
191 22
191 37
191 41
191 42
191 44
191 46
191 52
191 59
191 62
191 64
191 72
191 78
191 86
191 88
191 90
191 94
191 99
191 105
191 111
191 115
191 118
191 121
191 127
191 131
191 140
191 146
191 147
191 149
191 150
191 151
191 155
191 166
191 171
191 172
191 174
191 176
191 177
191 179
191 180
191 187
191 191
191 198
191 199
191 201
191 202
191 204
191 213
191 219
191 222
191 226
191 238
191 246
192 4
192 17
192 24
192 36
192 42
192 43
192 46
192 47
192 49
192 55
192 60
192 61
192 63
192 67
192 69
192 93
192 106
192 117
192 122
192 130
192 137
192 140
192 143
192 157
192 159
192 164
192 168
192 172
192 182
192 192
192 198
192 199
192 202
192 203
192 208
192 213
192 215
192 221
192 232
192 233
192 236
192 245
192 249
193 5
193 9
193 12
193 25
193 27
193 40
193 47
193 48
193 49
193 50
193 51
193 52
193 53
193 59
193 62
193 67
193 82
193 89
193 90
193 100
193 103
193 105
193 107
193 112
193 114
193 116
193 142
193 145
193 148
193 160
193 165
193 167
193 172
193 189
193 190
193 194
193 195
193 208
193 214
193 216
193 217
193 218
193 221
193 224
193 229
193 244
193 249
194 0
194 4
194 10
194 12
194 18
194 22
194 25
194 33
194 34
194 37
194 43
194 46
194 48
194 53
194 61
194 63
194 64
194 66
194 86
194 89
194 95
194 100
194 109
194 114
194 123
194 124
194 136
194 143
194 144
194 149
194 152
194 155
194 165
194 179
194 182
194 184
194 198
194 207
194 209
194 213
194 216
194 217
194 228
194 232
195 9
195 11
195 15
195 30
195 33
195 45
195 51
195 55
195 59
195 60
195 78
195 82
195 83
195 88
195 91
195 93
195 97
195 100
195 105
195 109
195 114
195 122
195 125
195 130
195 132
195 135
195 136
195 141
195 142
195 144
195 146
195 153
195 154
195 156
195 157
195 165
195 166
195 167
195 173
195 174
195 193
195 194
195 195
195 208
195 217
195 218
195 228
195 236
195 246
196 3
196 9
196 11
196 13
196 19
196 20
196 26
196 31
196 33
196 40
196 47
196 49
196 51
196 60
196 61
196 67
196 75
196 76
196 84
196 88
196 90
196 94
196 97
196 101
196 107
196 108
196 110
196 114
196 124
196 142
196 152
196 154
196 163
196 167
196 170
196 174
196 180
196 193
196 209
196 213
196 219
196 222
196 234
196 238
196 243
196 248
197 0
197 1
197 2
197 3
197 5
197 8
197 12
197 13
197 14
197 15
197 16
197 17
197 25
197 28
197 34
197 37
197 44
197 50
197 55
197 58
197 67
197 69
197 71
197 74
197 75
197 76
197 81
197 82
197 85
197 91
197 98
197 101
197 102
197 123
197 129
197 133
197 136
197 138
197 144
197 148
197 152
197 158
197 164
197 168
197 175
197 182
197 183
197 185
197 194
197 197
197 198
197 202
197 204
197 212
197 225
197 226
197 229
197 232
197 237
198 2
198 6
198 7
198 12
198 16
198 18
198 23
198 26
198 28
198 38
198 42
198 44
198 51
198 57
198 64
198 72
198 80
198 92
198 96
198 101
198 102
198 108
198 114
198 124
198 126
198 143
198 148
198 160
198 165
198 169
198 170
198 172
198 181
198 185
198 192
198 195
198 197
198 198
198 207
198 213
198 214
198 216
198 217
198 220
198 226
198 231
198 235
199 5
199 10
199 12
199 13
199 26
199 32
199 35
199 37
199 43
199 44
199 52
199 54
199 58
199 62
199 64
199 68
199 75
199 85
199 86
199 93
199 95
199 97
199 109
199 114
199 116
199 126
199 133
199 134
199 141
199 143
199 145
199 150
199 156
199 158
199 162
199 169
199 172
199 176
199 180
199 183
199 185
199 190
199 194
199 209
199 210
199 215
199 220
199 224
199 229
199 235
200 0
200 4
200 15
200 21
200 31
200 34
200 39
200 46
200 47
200 53
200 54
200 55
200 58
200 67
200 72
200 73
200 91
200 92
200 94
200 97
200 99
200 110
200 111
200 116
200 128
200 129
200 134
200 145
200 154
200 156
200 157
200 159
200 160
200 163
200 165
200 169
200 172
200 176
200 184
200 193
200 200
200 219
200 226
200 240
200 247
200 248
200 249
201 0
201 9
201 10
201 11
201 12
201 27
201 30
201 34
201 35
201 38
201 52
201 58
201 64
201 69
201 70
201 76
201 80
201 86
201 87
201 91
201 100
201 102
201 109
201 113
201 114
201 130
201 138
201 139
201 144
201 147
201 165
201 171
201 179
201 180
201 186
201 193
201 195
201 203
201 211
201 216
201 217
201 221
201 225
201 228
201 236
201 239
201 244
201 245
202 2
202 4
202 7
202 13
202 14
202 32
202 38
202 41
202 44
202 46
202 52
202 55
202 58
202 64
202 74
202 77
202 81
202 84
202 86
202 94
202 104
202 105
202 106
202 110
202 121
202 141
202 142
202 144
202 146
202 148
202 150
202 156
202 163
202 169
202 170
202 172
202 176
202 179
202 185
202 191
202 193
202 197
202 201
202 202
202 207
202 213
202 215
202 217
202 220
202 223
202 226
202 232
202 235
202 236
202 241
202 242
202 244
202 245
202 246
202 249
203 3
203 6
203 7
203 12
203 16
203 17
203 20
203 29
203 39
203 44
203 48
203 52
203 62
203 82
203 97
203 98
203 111
203 113
203 116
203 119
203 125
203 132
203 133
203 135
203 136
203 140
203 147
203 160
203 162
203 164
203 167
203 168
203 181
203 192
203 196
203 199
203 205
203 209
203 211
203 213
203 224
203 232
203 234
203 238
203 239
203 246
203 247
204 17
204 30
204 34
204 43
204 52
204 55
204 60
204 67
204 71
204 73
204 78
204 81
204 87
204 93
204 104
204 106
204 111
204 113
204 117
204 127
204 129
204 130
204 149
204 150
204 151
204 153
204 159
204 163
204 167
204 176
204 181
204 186
204 188
204 193
204 201
204 205
204 211
204 215
204 220
204 223
204 233
204 239
204 249
205 6
205 16
205 24
205 29
205 34
205 35
205 49
205 51
205 55
205 56
205 59
205 60
205 61
205 80
205 81
205 86
205 91
205 95
205 100
205 102
205 104
205 105
205 111
205 114
205 118
205 120
205 129
205 131
205 135
205 141
205 142
205 144
205 156
205 158
205 175
205 179
205 181
205 183
205 184
205 188
205 190
205 192
205 193
205 194
205 198
205 201
205 223
205 230
205 234
205 239
205 247
206 0
206 1
206 19
206 22
206 28
206 32
206 39
206 42
206 47
206 48
206 53
206 56
206 67
206 70
206 76
206 77
206 79
206 80
206 87
206 93
206 98
206 99
206 102
206 106
206 111
206 114
206 116
206 122
206 125
206 129
206 135
206 141
206 144
206 146
206 152
206 153
206 156
206 167
206 168
206 170
206 178
206 179
206 181
206 189
206 190
206 198
206 207
206 211
206 215
206 216
206 223
206 233
206 240
206 245
207 0
207 1
207 2
207 3
207 4
207 11
207 12
207 23
207 24
207 35
207 38
207 43
207 48
207 54
207 55
207 58
207 63
207 64
207 67
207 70
207 73
207 87
207 90
207 101
207 102
207 105
207 111
207 123
207 126
207 134
207 137
207 140
207 141
207 143
207 148
207 151
207 156
207 161
207 162
207 168
207 171
207 174
207 178
207 191
207 193
207 203
207 211
207 212
207 222
207 242
208 5
208 11
208 24
208 30
208 31
208 32
208 35
208 45
208 46
208 53
208 56
208 57
208 73
208 74
208 76
208 77
208 91
208 99
208 100
208 109
208 111
208 119
208 121
208 133
208 134
208 152
208 159
208 166
208 167
208 168
208 175
208 176
208 181
208 182
208 185
208 187
208 191
208 194
208 204
208 205
208 207
208 211
208 214
208 221
208 222
208 223
208 229
208 231
208 233
208 239
208 240
208 244
208 248
209 0
209 2
209 10
209 15
209 26
209 28
209 29
209 33
209 37
209 42
209 45
209 54
209 60
209 61
209 66
209 68
209 85
209 90
209 93
209 94
209 100
209 108
209 110
209 113
209 117
209 122
209 132
209 138
209 144
209 149
209 150
209 152
209 157
209 172
209 175
209 176
209 179
209 181
209 182
209 184
209 191
209 194
209 196
209 198
209 203
209 208
209 216
209 220
209 221
209 224
209 227
209 229
209 230
209 232
209 240
209 242
210 1
210 5
210 6
210 7
210 9
210 13
210 29
210 31
210 50
210 51
210 56
210 72
210 74
210 78
210 80
210 87
210 93
210 99
210 101
210 106
210 108
210 118
210 125
210 134
210 143
210 147
210 148
210 153
210 157
210 159
210 164
210 179
210 180
210 189
210 191
210 195
210 203
210 208
210 210
210 212
210 213
210 220
210 222
210 226
210 228
210 231
210 235
210 236
210 249
211 4
211 8
211 12
211 15
211 26
211 38
211 40
211 47
211 51
211 53
211 60
211 69
211 70
211 73
211 77
211 79
211 83
211 86
211 90
211 92
211 93
211 96
211 102
211 106
211 108
211 112
211 115
211 119
211 134
211 135
211 144
211 145
211 152
211 155
211 157
211 158
211 159
211 163
211 164
211 179
211 184
211 186
211 191
211 193
211 194
211 196
211 203
211 214
211 215
211 228
211 230
211 241
211 248
212 3
212 13
212 25
212 26
212 27
212 34
212 37
212 40
212 47
212 50
212 51
212 55
212 56
212 59
212 66
212 85
212 91
212 96
212 99
212 111
212 116
212 123
212 125
212 130
212 131
212 133
212 137
212 139
212 148
212 149
212 151
212 158
212 161
212 162
212 178
212 185
212 190
212 191
212 196
212 198
212 199
212 206
212 209
212 210
212 218
212 223
212 224
212 237
212 239
212 242
212 249
213 1
213 4
213 12
213 27
213 32
213 34
213 38
213 42
213 57
213 64
213 66
213 69
213 70
213 79
213 87
213 88
213 97
213 101
213 102
213 103
213 111
213 113
213 120
213 128
213 129
213 130
213 133
213 138
213 141
213 158
213 166
213 171
213 173
213 178
213 179
213 180
213 187
213 191
213 194
213 203
213 209
213 221
213 225
213 228
213 246
213 248
214 15
214 23
214 33
214 38
214 39
214 45
214 47
214 48
214 50
214 51
214 57
214 59
214 73
214 79
214 80
214 81
214 83
214 85
214 86
214 89
214 92
214 94
214 98
214 103
214 108
214 120
214 122
214 125
214 126
214 148
214 159
214 162
214 163
214 166
214 172
214 173
214 177
214 181
214 185
214 198
214 205
214 206
214 209
214 212
214 229
214 230
214 232
214 238
214 243
215 5
215 12
215 14
215 19
215 22
215 32
215 38
215 52
215 59
215 60
215 64
215 66
215 67
215 76
215 77
215 80
215 85
215 97
215 99
215 103
215 115
215 118
215 119
215 121
215 123
215 126
215 130
215 133
215 134
215 141
215 142
215 143
215 147
215 149
215 153
215 159
215 166
215 171
215 172
215 178
215 180
215 183
215 185
215 192
215 194
215 200
215 212
215 228
215 231
215 232
215 243
215 248
216 4
216 5
216 18
216 24
216 26
216 27
216 30
216 39
216 45
216 46
216 58
216 60
216 64
216 68
216 70
216 73
216 85
216 88
216 93
216 97
216 104
216 107
216 119
216 120
216 122
216 123
216 131
216 133
216 148
216 153
216 158
216 163
216 170
216 171
216 176
216 177
216 182
216 183
216 185
216 188
216 191
216 194
216 199
216 218
216 224
216 227
216 228
216 229
216 239
216 242
217 6
217 8
217 16
217 17
217 21
217 29
217 30
217 34
217 36
217 38
217 40
217 43
217 44
217 49
217 53
217 55
217 61
217 62
217 65
217 70
217 74
217 75
217 76
217 99
217 110
217 111
217 114
217 121
217 122
217 127
217 131
217 133
217 148
217 160
217 161
217 163
217 166
217 167
217 170
217 180
217 191
217 196
217 198
217 204
217 205
217 206
217 207
217 216
217 217
217 219
217 222
217 226
217 228
217 230
217 231
217 232
217 241
217 245
217 246
217 249
218 1
218 4
218 6
218 8
218 12
218 18
218 19
218 28
218 29
218 34
218 39
218 44
218 45
218 57
218 59
218 71
218 80
218 101
218 112
218 113
218 123
218 124
218 134
218 136
218 142
218 144
218 145
218 147
218 148
218 154
218 162
218 177
218 181
218 182
218 188
218 193
218 198
218 199
218 201
218 207
218 210
218 214
218 217
218 226
218 233
218 244
218 246
218 249
219 3
219 5
219 8
219 16
219 22
219 27
219 43
219 51
219 55
219 63
219 64
219 69
219 70
219 80
219 82
219 83
219 84
219 88
219 91
219 101
219 103
219 116
219 132
219 136
219 143
219 148
219 151
219 153
219 155
219 163
219 168
219 169
219 173
219 190
219 192
219 196
219 199
219 200
219 202
219 205
219 207
219 209
219 216
219 217
219 228
219 235
219 248
220 5
220 11
220 24
220 28
220 43
220 48
220 49
220 53
220 54
220 60
220 67
220 81
220 86
220 87
220 94
220 104
220 123
220 126
220 132
220 133
220 137
220 139
220 143
220 144
220 147
220 170
220 176
220 181
220 183
220 187
220 189
220 192
220 205
220 226
220 230
220 241
220 242
220 244
221 4
221 18
221 30
221 32
221 37
221 38
221 39
221 43
221 49
221 51
221 54
221 56
221 57
221 70
221 71
221 75
221 77
221 86
221 89
221 91
221 99
221 105
221 107
221 117
221 118
221 131
221 136
221 148
221 150
221 156
221 159
221 161
221 163
221 166
221 174
221 185
221 186
221 190
221 195
221 199
221 204
221 220
221 224
221 229
221 240
221 241
222 2
222 4
222 12
222 13
222 26
222 28
222 33
222 35
222 49
222 56
222 58
222 60
222 62
222 65
222 67
222 74
222 86
222 95
222 96
222 101
222 110
222 113
222 119
222 120
222 126
222 140
222 142
222 149
222 158
222 162
222 163
222 165
222 166
222 172
222 174
222 175
222 177
222 179
222 181
222 193
222 203
222 208
222 211
222 212
222 218
222 219
222 220
222 221
222 227
222 237
222 245
223 0
223 10
223 12
223 13
223 15
223 21
223 27
223 32
223 35
223 39
223 52
223 56
223 67
223 72
223 80
223 81
223 83
223 85
223 86
223 94
223 101
223 103
223 107
223 119
223 125
223 132
223 133
223 134
223 136
223 138
223 139
223 140
223 149
223 159
223 162
223 163
223 165
223 168
223 180
223 181
223 183
223 187
223 200
223 201
223 211
223 226
223 227
223 229
223 237
223 239
223 244
224 5
224 13
224 15
224 16
224 20
224 27
224 28
224 31
224 32
224 35
224 36
224 37
224 38
224 43
224 60
224 61
224 65
224 68
224 74
224 77
224 82
224 84
224 87
224 90
224 97
224 106
224 116
224 120
224 122
224 126
224 138
224 149
224 158
224 163
224 164
224 166
224 167
224 168
224 171
224 180
224 185
224 186
224 187
224 193
224 209
224 215
224 219
224 223
224 231
224 235
224 238
224 246
225 0
225 3
225 10
225 23
225 24
225 25
225 29
225 32
225 40
225 52
225 53
225 59
225 62
225 65
225 75
225 81
225 86
225 90
225 93
225 100
225 101
225 107
225 108
225 109
225 112
225 114
225 118
225 120
225 121
225 122
225 127
225 132
225 134
225 146
225 149
225 152
225 153
225 154
225 158
225 166
225 170
225 173
225 175
225 183
225 200
225 213
225 220
225 230
225 234
225 239
225 249
226 5
226 12
226 15
226 22
226 23
226 24
226 27
226 31
226 35
226 36
226 39
226 41
226 54
226 62
226 63
226 67
226 76
226 81
226 82
226 89
226 94
226 98
226 108
226 113
226 114
226 117
226 120
226 138
226 141
226 146
226 148
226 172
226 181
226 182
226 185
226 200
226 204
226 205
226 208
226 214
226 226
226 228
226 230
226 236
226 238
226 240
226 243
226 245
227 0
227 1
227 4
227 30
227 33
227 47
227 66
227 67
227 68
227 74
227 75
227 78
227 91
227 96
227 98
227 100
227 101
227 102
227 107
227 114
227 117
227 123
227 125
227 137
227 143
227 144
227 150
227 151
227 155
227 163
227 179
227 187
227 202
227 208
227 209
227 216
227 223
227 226
227 230
227 231
227 232
227 236
228 0
228 2
228 7
228 10
228 20
228 27
228 29
228 31
228 46
228 49
228 55
228 64
228 66
228 75
228 76
228 78
228 83
228 86
228 91
228 92
228 97
228 101
228 102
228 108
228 111
228 115
228 131
228 137
228 138
228 149
228 151
228 158
228 163
228 165
228 168
228 174
228 176
228 188
228 192
228 198
228 199
228 200
228 202
228 216
228 218
228 221
228 222
228 224
228 229
228 232
228 237
228 238
228 239
228 244
229 4
229 14
229 18
229 20
229 30
229 34
229 36
229 37
229 40
229 46
229 50
229 53
229 55
229 57
229 58
229 61
229 66
229 85
229 87
229 90
229 101
229 106
229 107
229 108
229 122
229 123
229 128
229 139
229 141
229 142
229 147
229 148
229 152
229 155
229 157
229 161
229 163
229 165
229 168
229 169
229 172
229 174
229 177
229 179
229 184
229 189
229 191
229 198
229 203
229 210
229 213
229 216
229 225
229 227
229 233
229 235
229 240
229 244
230 9
230 17
230 23
230 26
230 28
230 31
230 32
230 54
230 61
230 63
230 71
230 72
230 81
230 86
230 92
230 96
230 103
230 111
230 112
230 121
230 123
230 128
230 135
230 137
230 146
230 149
230 155
230 174
230 179
230 188
230 190
230 200
230 203
230 205
230 208
230 209
230 221
230 229
230 231
230 249
231 0
231 7
231 8
231 11
231 16
231 26
231 27
231 30
231 45
231 49
231 54
231 58
231 62
231 63
231 66
231 67
231 68
231 75
231 76
231 77
231 79
231 85
231 88
231 89
231 104
231 105
231 111
231 113
231 124
231 133
231 135
231 138
231 139
231 142
231 144
231 147
231 150
231 162
231 164
231 170
231 172
231 176
231 184
231 186
231 200
231 201
231 207
231 209
231 210
231 213
231 216
231 217
231 218
231 219
231 220
231 221
231 228
231 229
231 230
231 241
231 249
232 4
232 10
232 11
232 13
232 14
232 18
232 21
232 32
232 52
232 66
232 74
232 85
232 87
232 93
232 108
232 114
232 116
232 134
232 138
232 148
232 151
232 157
232 159
232 189
232 193
232 201
232 210
232 215
232 224
232 225
232 233
232 237
232 238
232 248
233 0
233 1
233 3
233 4
233 10
233 14
233 20
233 22
233 24
233 31
233 32
233 43
233 45
233 48
233 49
233 53
233 58
233 59
233 72
233 75
233 76
233 80
233 81
233 83
233 88
233 90
233 93
233 96
233 97
233 104
233 115
233 123
233 126
233 133
233 152
233 156
233 166
233 172
233 180
233 181
233 183
233 188
233 194
233 196
233 206
233 208
233 213
233 221
233 228
233 230
233 232
233 237
233 245
233 246
233 249
234 2
234 3
234 8
234 9
234 11
234 14
234 15
234 26
234 28
234 29
234 33
234 39
234 40
234 45
234 50
234 54
234 58
234 68
234 70
234 71
234 73
234 74
234 80
234 83
234 86
234 87
234 97
234 104
234 105
234 110
234 111
234 113
234 136
234 137
234 151
234 153
234 165
234 166
234 168
234 192
234 193
234 199
234 206
234 211
234 216
234 219
234 229
234 233
234 241
234 242
234 249
235 11
235 29
235 31
235 34
235 42
235 43
235 45
235 49
235 60
235 64
235 67
235 73
235 75
235 80
235 83
235 96
235 100
235 104
235 110
235 115
235 118
235 127
235 129
235 132
235 135
235 136
235 138
235 143
235 144
235 150
235 155
235 159
235 161
235 163
235 178
235 179
235 187
235 191
235 194
235 195
235 196
235 207
235 208
235 214
235 221
235 224
235 231
235 233
235 236
235 241
235 242
236 0
236 2
236 5
236 7
236 9
236 22
236 24
236 29
236 37
236 39
236 45
236 49
236 51
236 64
236 68
236 73
236 74
236 76
236 83
236 85
236 87
236 90
236 94
236 108
236 110
236 113
236 118
236 135
236 151
236 152
236 154
236 155
236 165
236 170
236 175
236 185
236 186
236 188
236 190
236 192
236 199
236 205
236 206
236 211
236 219
236 232
236 241
236 243
237 1
237 11
237 12
237 15
237 25
237 36
237 37
237 40
237 41
237 46
237 53
237 55
237 69
237 73
237 78
237 80
237 82
237 84
237 87
237 97
237 101
237 103
237 109
237 126
237 127
237 131
237 138
237 139
237 140
237 141
237 153
237 157
237 162
237 165
237 170
237 175
237 178
237 180
237 186
237 197
237 212
237 215
237 216
237 227
237 228
237 229
237 231
237 232
237 233
237 249
238 0
238 6
238 9
238 10
238 16
238 19
238 22
238 23
238 24
238 25
238 26
238 29
238 31
238 34
238 35
238 37
238 38
238 39
238 40
238 49
238 58
238 59
238 61
238 62
238 80
238 81
238 85
238 88
238 90
238 91
238 93
238 94
238 96
238 104
238 108
238 110
238 122
238 123
238 139
238 146
238 148
238 152
238 154
238 162
238 169
238 179
238 180
238 186
238 194
238 201
238 208
238 210
238 231
238 234
238 239
238 240
238 241
238 244
238 245
238 248
239 2
239 12
239 15
239 19
239 30
239 39
239 40
239 41
239 42
239 43
239 48
239 51
239 63
239 64
239 68
239 69
239 75
239 78
239 79
239 84
239 85
239 90
239 96
239 98
239 102
239 105
239 108
239 113
239 121
239 125
239 137
239 141
239 148
239 152
239 159
239 173
239 177
239 179
239 191
239 192
239 204
239 220
239 223
239 225
239 228
239 232
239 233
240 7
240 8
240 11
240 12
240 14
240 15
240 18
240 23
240 48
240 51
240 55
240 57
240 63
240 72
240 78
240 82
240 83
240 85
240 91
240 92
240 99
240 109
240 121
240 123
240 128
240 132
240 139
240 141
240 144
240 148
240 150
240 163
240 173
240 176
240 177
240 184
240 189
240 192
240 194
240 195
240 196
240 201
240 202
240 208
240 220
240 224
240 228
240 229
240 231
240 232
240 234
240 241
240 244
240 245
240 246
241 3
241 10
241 12
241 13
241 29
241 30
241 33
241 40
241 42
241 45
241 46
241 48
241 54
241 55
241 59
241 64
241 65
241 69
241 80
241 90
241 94
241 103
241 105
241 108
241 114
241 118
241 120
241 128
241 129
241 130
241 136
241 142
241 143
241 153
241 155
241 169
241 182
241 184
241 186
241 190
241 191
241 193
241 197
241 201
241 202
241 209
241 212
241 214
241 217
241 224
241 226
241 227
241 231
241 237
241 244
241 247
242 5
242 9
242 34
242 36
242 39
242 41
242 44
242 45
242 54
242 63
242 74
242 78
242 79
242 85
242 91
242 98
242 101
242 105
242 111
242 120
242 121
242 129
242 134
242 137
242 141
242 144
242 151
242 157
242 162
242 169
242 173
242 174
242 175
242 176
242 178
242 179
242 180
242 181
242 191
242 196
242 202
242 205
242 212
242 214
242 219
242 225
242 227
242 230
242 233
243 1
243 5
243 28
243 29
243 32
243 39
243 40
243 42
243 51
243 55
243 58
243 66
243 72
243 75
243 76
243 77
243 81
243 83
243 93
243 101
243 103
243 105
243 107
243 116
243 118
243 122
243 127
243 133
243 139
243 149
243 156
243 157
243 167
243 170
243 172
243 174
243 178
243 190
243 192
243 194
243 201
243 203
243 208
243 209
243 215
243 221
243 229
243 236
243 247
243 248
244 2
244 14
244 16
244 17
244 21
244 22
244 25
244 26
244 48
244 52
244 56
244 59
244 70
244 74
244 76
244 81
244 82
244 87
244 91
244 94
244 99
244 102
244 105
244 109
244 127
244 128
244 130
244 137
244 138
244 140
244 141
244 142
244 143
244 146
244 148
244 151
244 152
244 153
244 157
244 161
244 163
244 165
244 169
244 176
244 177
244 198
244 200
244 207
244 211
244 214
244 225
244 233
244 242
245 5
245 22
245 23
245 24
245 28
245 32
245 40
245 47
245 54
245 69
245 72
245 74
245 80
245 87
245 92
245 97
245 99
245 101
245 105
245 108
245 119
245 120
245 126
245 127
245 136
245 137
245 143
245 144
245 146
245 149
245 153
245 154
245 156
245 160
245 162
245 164
245 165
245 167
245 171
245 173
245 174
245 176
245 196
245 199
245 207
245 214
245 218
245 224
245 230
245 231
245 234
245 243
246 1
246 6
246 11
246 13
246 14
246 17
246 20
246 22
246 31
246 49
246 58
246 60
246 61
246 71
246 72
246 76
246 82
246 91
246 99
246 101
246 103
246 108
246 113
246 120
246 122
246 131
246 132
246 144
246 146
246 151
246 152
246 153
246 154
246 156
246 157
246 163
246 164
246 178
246 180
246 182
246 184
246 190
246 197
246 200
246 212
246 222
246 223
246 226
246 230
246 232
246 237
246 241
246 242
246 244
246 245
247 2
247 11
247 15
247 17
247 21
247 23
247 29
247 30
247 33
247 38
247 49
247 56
247 57
247 59
247 62
247 64
247 68
247 69
247 76
247 78
247 79
247 85
247 88
247 89
247 95
247 97
247 112
247 113
247 116
247 117
247 124
247 132
247 136
247 140
247 142
247 149
247 155
247 163
247 165
247 166
247 174
247 175
247 183
247 185
247 190
247 194
247 205
247 216
247 223
247 225
247 235
247 237
247 238
247 244
248 0
248 2
248 13
248 17
248 18
248 21
248 29
248 39
248 40
248 45
248 48
248 51
248 52
248 64
248 65
248 66
248 76
248 80
248 85
248 86
248 88
248 90
248 94
248 100
248 102
248 106
248 133
248 139
248 145
248 146
248 150
248 151
248 157
248 161
248 185
248 196
248 197
248 198
248 200
248 206
248 213
248 216
248 220
248 230
248 232
248 234
248 243
248 244
248 246
248 249
249 0
249 2
249 4
249 7
249 21
249 25
249 26
249 29
249 38
249 46
249 49
249 50
249 54
249 55
249 59
249 65
249 66
249 67
249 71
249 74
249 79
249 80
249 85
249 90
249 100
249 105
249 108
249 110
249 112
249 119
249 127
249 130
249 133
249 141
249 142
249 163
249 169
249 170
249 177
249 182
249 184
249 188
249 200
249 201
249 204
249 205
249 211
249 220
249 221
249 227
249 231
249 232
249 234
249 235
249 236
249 241
249 246
