250
6250
0 6
0 7
0 36
0 47
0 51
0 90
0 105
0 107
0 121
0 125
0 136
0 152
0 186
0 190
0 212
0 221
1 4
1 12
1 13
1 29
1 42
1 44
1 58
1 63
1 73
1 81
1 87
1 88
1 89
1 90
1 94
1 99
1 104
1 107
1 111
1 118
1 122
1 125
1 135
1 141
1 154
1 163
1 170
1 196
1 201
1 214
1 218
1 227
1 237
1 246
2 16
2 29
2 30
2 38
2 47
2 54
2 56
2 76
2 82
2 96
2 116
2 127
2 150
2 152
2 155
2 166
2 182
2 204
2 211
2 216
2 235
2 244
3 10
3 25
3 44
3 49
3 51
3 98
3 104
3 110
3 119
3 129
3 136
3 160
3 163
3 166
3 177
3 178
3 186
3 208
3 219
3 221
3 236
3 237
4 1
4 7
4 12
4 21
4 56
4 62
4 67
4 87
4 102
4 118
4 121
4 136
4 148
4 160
4 165
4 167
4 170
4 176
4 186
4 188
4 196
4 217
4 218
4 222
4 235
5 11
5 19
5 41
5 44
5 54
5 71
5 97
5 101
5 106
5 116
5 124
5 138
5 172
5 179
5 181
5 190
5 204
5 208
5 209
5 216
5 223
5 226
5 239
5 249
6 22
6 63
6 70
6 92
6 108
6 112
6 116
6 123
6 127
6 128
6 131
6 145
6 148
6 151
6 156
6 157
6 158
6 166
6 168
6 176
6 178
6 180
6 184
6 193
6 194
6 201
6 203
6 226
6 233
7 35
7 45
7 52
7 55
7 58
7 62
7 63
7 70
7 80
7 91
7 110
7 119
7 140
7 153
7 154
7 155
7 158
7 167
7 207
7 218
7 228
7 233
7 235
8 12
8 15
8 18
8 29
8 33
8 38
8 57
8 67
8 95
8 118
8 125
8 126
8 128
8 137
8 143
8 155
8 157
8 176
8 180
8 185
8 198
8 237
8 239
8 240
8 244
9 10
9 18
9 20
9 33
9 37
9 43
9 58
9 65
9 68
9 83
9 89
9 91
9 104
9 132
9 155
9 163
9 169
9 175
9 180
9 186
9 190
9 193
9 218
9 232
9 239
9 242
9 244
10 2
10 6
10 8
10 20
10 23
10 42
10 55
10 60
10 71
10 78
10 84
10 91
10 104
10 112
10 116
10 117
10 120
10 129
10 131
10 133
10 145
10 150
10 160
10 169
10 201
10 228
10 234
10 240
11 4
11 21
11 25
11 28
11 29
11 37
11 39
11 42
11 45
11 48
11 49
11 58
11 68
11 72
11 73
11 78
11 93
11 94
11 97
11 98
11 110
11 125
11 130
11 133
11 141
11 142
11 145
11 146
11 185
11 192
11 195
11 224
11 243
12 3
12 13
12 15
12 25
12 37
12 57
12 74
12 78
12 122
12 131
12 135
12 151
12 162
12 163
12 169
12 184
12 188
12 189
12 190
12 202
12 203
12 212
12 225
12 228
12 240
13 0
13 6
13 21
13 30
13 42
13 91
13 97
13 127
13 148
13 149
13 159
13 177
13 185
13 238
14 4
14 6
14 33
14 41
14 45
14 49
14 52
14 63
14 65
14 77
14 81
14 84
14 85
14 90
14 98
14 101
14 112
14 113
14 118
14 143
14 144
14 152
14 169
14 178
14 197
14 203
14 219
14 228
14 235
14 236
14 242
14 249
15 0
15 10
15 20
15 30
15 44
15 47
15 55
15 70
15 75
15 80
15 85
15 98
15 106
15 109
15 133
15 135
15 148
15 159
15 190
15 194
15 229
15 245
16 0
16 9
16 11
16 25
16 45
16 63
16 69
16 87
16 94
16 97
16 103
16 104
16 108
16 124
16 132
16 135
16 137
16 149
16 150
16 154
16 164
16 191
16 198
16 224
16 238
16 239
16 245
17 26
17 29
17 33
17 36
17 38
17 44
17 48
17 49
17 59
17 73
17 80
17 98
17 114
17 147
17 172
17 185
17 205
17 222
17 223
17 226
17 228
17 245
18 5
18 11
18 18
18 21
18 23
18 25
18 35
18 70
18 77
18 86
18 87
18 99
18 100
18 106
18 110
18 118
18 158
18 178
18 183
18 189
18 196
18 215
18 244
18 248
19 2
19 12
19 23
19 25
19 33
19 36
19 37
19 41
19 68
19 98
19 104
19 107
19 108
19 109
19 110
19 129
19 164
19 165
19 169
19 171
19 197
19 210
19 239
20 7
20 13
20 34
20 35
20 48
20 59
20 61
20 62
20 63
20 93
20 99
20 103
20 107
20 111
20 130
20 132
20 142
20 159
20 178
20 202
20 215
20 221
20 227
20 248
21 7
21 11
21 21
21 31
21 42
21 56
21 58
21 62
21 80
21 98
21 99
21 118
21 121
21 127
21 132
21 151
21 153
21 170
21 181
21 202
21 208
21 211
21 222
21 234
21 239
21 242
21 248
22 3
22 10
22 17
22 30
22 40
22 43
22 92
22 122
22 132
22 143
22 189
22 197
22 203
22 205
22 227
22 231
22 241
22 244
23 46
23 49
23 51
23 60
23 64
23 83
23 102
23 103
23 105
23 127
23 132
23 138
23 140
23 192
23 193
23 196
23 197
23 199
23 209
23 224
23 227
23 239
23 248
24 5
24 48
24 51
24 53
24 60
24 66
24 92
24 113
24 114
24 125
24 132
24 151
24 160
24 161
24 169
24 180
24 182
24 190
24 194
24 196
24 198
24 200
24 220
24 221
24 246
24 248
24 249
25 2
25 5
25 16
25 59
25 60
25 66
25 69
25 84
25 99
25 109
25 114
25 115
25 116
25 124
25 130
25 134
25 153
25 164
25 180
25 182
25 190
25 196
25 223
25 234
26 5
26 8
26 16
26 27
26 28
26 40
26 66
26 76
26 94
26 100
26 110
26 116
26 135
26 138
26 164
26 167
26 169
26 171
26 196
26 205
26 208
26 211
26 228
26 240
27 0
27 13
27 23
27 26
27 28
27 45
27 50
27 56
27 59
27 65
27 99
27 111
27 112
27 114
27 135
27 154
27 164
27 179
27 192
27 230
28 2
28 4
28 25
28 39
28 46
28 94
28 102
28 121
28 123
28 141
28 150
28 154
28 155
28 157
28 158
28 167
28 182
28 190
28 196
28 197
28 236
28 247
29 1
29 22
29 28
29 35
29 36
29 46
29 52
29 54
29 89
29 121
29 129
29 142
29 153
29 186
29 188
29 242
29 245
30 14
30 35
30 39
30 44
30 53
30 63
30 78
30 82
30 94
30 106
30 116
30 121
30 140
30 152
30 159
30 169
30 171
30 174
30 187
30 213
30 214
30 218
30 219
30 226
30 227
31 5
31 14
31 23
31 37
31 53
31 77
31 86
31 91
31 92
31 97
31 107
31 116
31 120
31 125
31 126
31 136
31 137
31 187
31 188
31 200
31 211
31 217
31 227
31 239
32 17
32 27
32 29
32 46
32 63
32 71
32 72
32 74
32 77
32 108
32 118
32 126
32 155
32 188
32 216
32 232
32 233
32 238
32 239
32 240
33 6
33 12
33 25
33 68
33 77
33 89
33 91
33 112
33 121
33 126
33 134
33 141
33 153
33 175
33 184
33 228
33 243
33 244
33 248
33 249
34 7
34 10
34 21
34 30
34 32
34 38
34 41
34 67
34 74
34 77
34 78
34 88
34 102
34 113
34 126
34 127
34 145
34 146
34 152
34 176
34 184
34 202
34 203
34 211
34 225
34 233
34 246
35 24
35 40
35 50
35 57
35 61
35 81
35 102
35 119
35 136
35 140
35 142
35 191
35 202
35 204
35 210
35 224
35 240
36 1
36 20
36 26
36 39
36 40
36 50
36 55
36 97
36 98
36 104
36 121
36 125
36 131
36 140
36 142
36 143
36 145
36 158
36 163
36 166
36 174
36 189
36 191
36 206
36 227
36 228
36 235
37 0
37 35
37 36
37 39
37 41
37 42
37 58
37 67
37 69
37 70
37 78
37 89
37 90
37 92
37 94
37 100
37 101
37 102
37 112
37 115
37 121
37 122
37 128
37 138
37 143
37 150
37 160
37 161
37 163
37 175
37 212
37 218
37 219
37 228
37 240
38 5
38 6
38 8
38 10
38 29
38 38
38 56
38 65
38 67
38 85
38 88
38 94
38 101
38 110
38 120
38 124
38 129
38 144
38 149
38 152
38 176
38 182
38 189
38 190
38 197
38 211
38 218
38 220
38 221
38 224
38 236
38 241
38 248
38 249
39 2
39 6
39 43
39 52
39 103
39 105
39 122
39 123
39 124
39 152
39 154
39 159
39 169
39 175
39 188
39 189
39 190
39 195
39 200
39 209
39 215
39 222
39 234
40 1
40 9
40 21
40 27
40 29
40 31
40 33
40 34
40 42
40 49
40 86
40 92
40 108
40 115
40 123
40 134
40 146
40 157
40 181
40 190
40 197
40 202
40 218
40 223
40 249
41 0
41 2
41 19
41 28
41 50
41 63
41 69
41 77
41 83
41 84
41 103
41 108
41 122
41 132
41 161
41 174
41 186
41 205
41 218
41 219
41 220
41 221
41 227
42 54
42 61
42 88
42 96
42 98
42 104
42 113
42 122
42 123
42 140
42 147
42 163
42 164
42 179
42 181
42 219
42 233
42 238
42 239
42 242
43 16
43 47
43 78
43 92
43 94
43 98
43 102
43 116
43 125
43 126
43 134
43 136
43 140
43 149
43 196
43 210
43 213
43 214
43 221
43 222
43 235
43 248
44 4
44 11
44 15
44 23
44 26
44 29
44 37
44 39
44 64
44 83
44 85
44 101
44 104
44 109
44 114
44 115
44 116
44 130
44 149
44 153
44 156
44 161
44 169
44 174
44 176
44 188
44 194
44 199
44 201
44 202
44 210
44 229
44 236
45 8
45 12
45 16
45 30
45 42
45 54
45 62
45 80
45 89
45 90
45 107
45 117
45 121
45 130
45 147
45 153
45 159
45 166
45 176
45 182
45 211
45 216
45 225
45 242
46 0
46 5
46 12
46 13
46 14
46 18
46 24
46 33
46 40
46 50
46 52
46 54
46 56
46 59
46 65
46 74
46 81
46 87
46 91
46 92
46 94
46 107
46 108
46 116
46 118
46 120
46 127
46 137
46 140
46 155
46 171
46 188
46 201
46 214
46 216
46 223
46 232
46 237
46 238
47 14
47 26
47 46
47 48
47 56
47 79
47 89
47 106
47 107
47 108
47 114
47 132
47 156
47 159
47 178
47 191
47 195
47 198
47 212
47 223
47 238
47 242
47 245
48 18
48 25
48 29
48 36
48 53
48 90
48 94
48 117
48 150
48 160
48 171
48 175
48 184
48 185
48 193
48 202
48 203
48 207
48 225
48 240
49 3
49 4
49 9
49 14
49 18
49 27
49 40
49 45
49 48
49 55
49 74
49 95
49 110
49 131
49 144
49 150
49 151
49 162
49 172
49 176
49 179
49 182
49 199
49 200
49 205
49 213
49 215
49 216
49 218
49 219
49 227
49 234
49 246
50 4
50 14
50 16
50 26
50 28
50 37
50 60
50 72
50 79
50 87
50 92
50 104
50 130
50 135
50 140
50 144
50 145
50 172
50 183
50 191
50 193
50 196
50 222
50 224
50 241
50 242
50 243
50 246
51 11
51 37
51 39
51 45
51 54
51 57
51 70
51 81
51 90
51 108
51 113
51 122
51 145
51 184
51 188
51 196
51 202
51 205
51 213
51 222
51 225
51 231
51 239
52 3
52 7
52 14
52 22
52 26
52 30
52 32
52 34
52 45
52 56
52 57
52 59
52 63
52 69
52 70
52 71
52 75
52 96
52 100
52 102
52 103
52 108
52 135
52 146
52 149
52 156
52 166
52 167
52 187
52 207
52 208
52 212
52 216
52 222
52 223
52 227
52 243
52 247
52 249
53 0
53 1
53 4
53 23
53 30
53 38
53 55
53 64
53 76
53 86
53 101
53 112
53 122
53 124
53 131
53 136
53 149
53 151
53 163
53 171
53 175
53 188
53 193
53 194
53 210
53 230
53 241
53 242
54 5
54 17
54 25
54 53
54 63
54 88
54 117
54 139
54 150
54 173
54 225
54 226
54 230
54 239
55 3
55 15
55 21
55 36
55 45
55 77
55 137
55 146
55 148
55 153
55 169
55 176
55 177
55 181
55 182
55 190
55 204
55 217
55 227
55 229
55 230
56 1
56 14
56 18
56 19
56 60
56 66
56 86
56 99
56 101
56 102
56 125
56 126
56 136
56 139
56 159
56 172
56 174
56 182
56 189
56 195
56 201
56 207
56 228
56 237
57 9
57 14
57 20
57 25
57 41
57 86
57 106
57 117
57 122
57 129
57 146
57 158
57 165
57 173
57 182
57 220
58 17
58 18
58 22
58 35
58 36
58 51
58 54
58 64
58 65
58 67
58 68
58 70
58 94
58 99
58 111
58 124
58 148
58 161
58 169
58 177
58 190
58 200
58 201
58 210
58 212
58 219
58 221
58 239
59 6
59 8
59 15
59 32
59 41
59 48
59 70
59 89
59 90
59 105
59 107
59 118
59 123
59 132
59 136
59 141
59 155
59 167
59 190
59 222
59 225
59 227
59 229
59 233
59 247
60 8
60 28
60 33
60 39
60 41
60 42
60 61
60 66
60 77
60 90
60 95
60 98
60 105
60 132
60 139
60 140
60 156
60 159
60 181
60 195
60 217
60 219
60 224
60 225
60 226
60 229
60 242
61 4
61 11
61 31
61 41
61 54
61 62
61 75
61 96
61 102
61 108
61 113
61 129
61 144
61 147
61 150
61 162
61 176
61 184
61 202
61 232
61 235
61 242
61 249
62 1
62 10
62 14
62 19
62 46
62 61
62 67
62 100
62 103
62 115
62 116
62 126
62 148
62 151
62 166
62 177
62 214
63 7
63 10
63 17
63 61
63 71
63 80
63 88
63 98
63 110
63 118
63 126
63 137
63 138
63 140
63 162
63 186
63 188
63 191
63 193
63 196
63 198
63 199
63 201
63 205
63 211
63 213
63 215
63 217
63 235
64 27
64 46
64 52
64 61
64 78
64 89
64 98
64 104
64 109
64 117
64 125
64 127
64 132
64 136
64 139
64 153
64 157
64 169
64 182
64 193
64 233
64 243
64 248
64 249
65 8
65 20
65 26
65 36
65 39
65 65
65 69
65 74
65 90
65 107
65 114
65 160
65 170
65 177
65 179
65 180
65 192
65 193
65 196
65 197
65 216
65 219
65 226
65 231
65 236
66 14
66 30
66 38
66 59
66 75
66 81
66 93
66 109
66 110
66 122
66 139
66 152
66 155
66 173
66 186
66 189
66 191
66 192
66 205
66 215
66 227
66 237
66 243
67 0
67 13
67 21
67 23
67 26
67 46
67 72
67 96
67 104
67 105
67 118
67 122
67 129
67 171
67 174
67 181
67 184
67 189
67 196
67 218
67 223
67 228
67 239
67 249
68 4
68 6
68 47
68 53
68 55
68 57
68 62
68 75
68 79
68 89
68 94
68 99
68 110
68 123
68 131
68 134
68 146
68 151
68 157
68 162
68 164
68 167
68 174
68 176
68 215
68 216
68 220
68 223
68 225
68 241
68 247
68 248
69 10
69 16
69 41
69 42
69 43
69 49
69 54
69 59
69 73
69 82
69 88
69 91
69 93
69 112
69 122
69 136
69 141
69 165
69 177
69 181
69 192
69 195
69 200
69 204
69 205
69 208
69 228
69 234
70 4
70 17
70 19
70 23
70 53
70 55
70 58
70 63
70 65
70 68
70 88
70 91
70 97
70 103
70 113
70 120
70 134
70 136
70 145
70 146
70 182
70 189
70 217
70 231
71 1
71 15
71 28
71 35
71 43
71 59
71 84
71 95
71 97
71 121
71 124
71 129
71 150
71 153
71 157
71 176
71 191
71 201
71 210
71 212
71 228
71 237
72 3
72 12
72 14
72 17
72 19
72 48
72 53
72 56
72 57
72 65
72 75
72 77
72 83
72 85
72 120
72 155
72 161
72 167
72 199
72 202
72 204
72 209
72 231
72 244
72 247
73 7
73 8
73 41
73 43
73 45
73 51
73 69
73 77
73 96
73 103
73 106
73 112
73 116
73 129
73 136
73 150
73 154
73 158
73 166
73 167
73 172
73 196
73 198
73 204
73 206
73 209
73 215
73 236
73 241
73 248
74 0
74 7
74 10
74 17
74 33
74 39
74 44
74 47
74 58
74 63
74 68
74 77
74 83
74 93
74 100
74 106
74 115
74 162
74 172
74 173
74 174
74 177
74 181
74 184
74 190
74 199
74 229
74 235
74 242
74 243
75 4
75 7
75 23
75 27
75 33
75 38
75 53
75 60
75 65
75 73
75 83
75 106
75 133
75 137
75 138
75 140
75 148
75 169
75 188
75 200
75 205
75 207
75 213
76 3
76 4
76 31
76 32
76 51
76 73
76 82
76 87
76 93
76 121
76 129
76 130
76 134
76 154
76 155
76 156
76 174
76 194
76 216
76 224
76 233
76 244
77 15
77 26
77 31
77 41
77 42
77 58
77 101
77 105
77 111
77 131
77 134
77 137
77 153
77 156
77 173
77 183
77 184
77 194
77 198
77 199
77 227
77 233
78 8
78 15
78 21
78 22
78 30
78 42
78 51
78 58
78 84
78 90
78 100
78 119
78 123
78 129
78 135
78 144
78 152
78 159
78 166
78 180
78 184
78 208
78 209
78 246
79 11
79 21
79 47
79 49
79 63
79 73
79 81
79 88
79 95
79 97
79 134
79 164
79 166
79 179
79 181
79 187
79 188
79 191
79 193
79 227
79 243
80 6
80 18
80 19
80 45
80 76
80 89
80 92
80 107
80 114
80 126
80 132
80 153
80 156
80 172
80 190
80 201
80 202
80 213
80 230
80 231
80 245
81 55
81 78
81 79
81 85
81 112
81 115
81 132
81 135
81 143
81 154
81 162
81 193
81 197
81 217
81 220
81 226
81 238
82 6
82 43
82 58
82 61
82 64
82 65
82 71
82 83
82 86
82 96
82 103
82 111
82 119
82 123
82 124
82 154
82 160
82 165
82 182
82 208
82 215
82 221
82 224
82 225
82 249
83 7
83 44
83 49
83 60
83 61
83 67
83 79
83 93
83 96
83 104
83 150
83 176
83 181
83 185
83 187
83 216
83 219
83 241
83 246
84 2
84 10
84 12
84 13
84 18
84 28
84 44
84 48
84 51
84 86
84 97
84 102
84 123
84 125
84 140
84 141
84 174
84 184
84 193
84 194
84 197
84 198
84 215
84 221
84 222
84 223
84 227
84 242
85 5
85 9
85 14
85 15
85 23
85 39
85 40
85 62
85 67
85 88
85 95
85 96
85 100
85 102
85 107
85 109
85 110
85 112
85 125
85 145
85 146
85 151
85 166
85 172
85 175
85 183
85 198
85 205
85 208
85 222
85 229
85 238
85 242
86 7
86 8
86 16
86 22
86 23
86 25
86 30
86 35
86 41
86 43
86 45
86 48
86 66
86 101
86 102
86 127
86 134
86 144
86 147
86 166
86 167
86 182
86 188
86 192
86 197
86 202
86 206
86 209
86 227
86 236
86 240
87 4
87 21
87 30
87 46
87 51
87 57
87 62
87 63
87 73
87 86
87 92
87 111
87 117
87 124
87 126
87 129
87 189
87 191
87 210
87 221
87 227
87 244
87 248
88 20
88 29
88 37
88 41
88 61
88 68
88 78
88 87
88 102
88 106
88 121
88 127
88 143
88 149
88 161
88 168
88 171
88 175
88 189
88 191
88 198
88 205
88 208
88 214
88 240
88 249
89 11
89 25
89 33
89 34
89 35
89 37
89 41
89 42
89 45
89 52
89 54
89 56
89 61
89 68
89 77
89 78
89 85
89 90
89 96
89 101
89 104
89 108
89 111
89 116
89 122
89 127
89 139
89 144
89 151
89 152
89 155
89 156
89 164
89 187
89 200
89 206
89 207
89 215
89 221
89 229
89 231
89 241
90 0
90 10
90 26
90 28
90 36
90 49
90 53
90 57
90 77
90 85
90 106
90 119
90 140
90 142
90 165
90 173
90 187
90 188
90 199
90 208
90 224
91 5
91 13
91 22
91 29
91 30
91 41
91 72
91 73
91 78
91 87
91 145
91 155
91 174
91 177
91 201
91 214
91 219
91 221
91 225
91 228
91 229
91 231
91 233
91 234
92 10
92 18
92 27
92 47
92 51
92 61
92 94
92 96
92 98
92 102
92 106
92 109
92 122
92 135
92 143
92 149
92 156
92 158
92 162
92 163
92 169
92 186
92 189
92 206
92 208
92 217
93 2
93 8
93 12
93 17
93 39
93 40
93 63
93 64
93 86
93 94
93 96
93 97
93 138
93 141
93 151
93 159
93 161
93 179
93 187
93 208
93 211
93 214
93 231
93 237
93 249
94 14
94 30
94 51
94 59
94 66
94 76
94 89
94 127
94 142
94 155
94 157
94 160
94 166
94 174
94 192
94 193
94 199
94 201
94 202
94 226
94 229
94 232
94 241
94 244
95 21
95 30
95 54
95 61
95 68
95 69
95 72
95 80
95 81
95 92
95 99
95 121
95 125
95 131
95 142
95 144
95 145
95 150
95 162
95 183
95 192
95 218
95 224
95 229
95 231
95 238
95 249
96 5
96 22
96 29
96 36
96 64
96 74
96 97
96 106
96 112
96 127
96 136
96 145
96 159
96 175
96 176
96 206
96 238
96 248
97 0
97 17
97 28
97 41
97 53
97 55
97 60
97 76
97 89
97 92
97 105
97 111
97 119
97 134
97 143
97 158
97 159
97 166
97 167
97 173
97 192
97 193
97 196
97 208
97 217
97 234
97 237
97 245
97 249
98 2
98 20
98 28
98 33
98 43
98 65
98 74
98 79
98 81
98 85
98 96
98 116
98 144
98 145
98 161
98 163
98 174
98 180
98 187
98 193
98 215
98 219
98 248
99 1
99 5
99 6
99 12
99 25
99 36
99 38
99 47
99 64
99 65
99 90
99 110
99 117
99 124
99 126
99 160
99 181
99 194
99 204
99 207
99 213
99 222
99 231
100 19
100 24
100 57
100 64
100 70
100 71
100 73
100 88
100 89
100 114
100 116
100 147
100 155
100 156
100 158
100 170
100 182
100 205
100 216
100 220
100 239
100 248
101 1
101 7
101 11
101 13
101 16
101 17
101 20
101 21
101 25
101 28
101 46
101 77
101 87
101 91
101 94
101 96
101 102
101 109
101 115
101 116
101 131
101 141
101 157
101 171
101 189
101 195
101 197
101 218
101 223
101 225
101 227
101 229
101 232
101 235
101 241
102 28
102 61
102 63
102 85
102 86
102 103
102 123
102 127
102 143
102 157
102 167
102 169
102 190
102 203
102 227
103 5
103 7
103 11
103 19
103 39
103 67
103 73
103 81
103 95
103 114
103 130
103 137
103 138
103 141
103 165
103 171
103 183
103 184
103 191
103 193
103 200
103 207
103 211
103 212
103 228
103 237
103 247
104 0
104 9
104 10
104 16
104 24
104 32
104 95
104 103
104 112
104 113
104 114
104 116
104 118
104 130
104 135
104 159
104 166
104 167
104 175
104 188
104 198
104 199
104 228
104 229
104 231
104 236
104 241
105 7
105 16
105 21
105 34
105 36
105 46
105 54
105 57
105 58
105 86
105 97
105 103
105 110
105 114
105 123
105 128
105 130
105 144
105 149
105 155
105 164
105 168
105 170
105 187
105 195
105 200
105 202
105 210
105 222
105 228
105 233
106 9
106 12
106 14
106 25
106 45
106 76
106 78
106 98
106 105
106 106
106 114
106 132
106 140
106 156
106 163
106 167
106 169
106 170
106 194
106 211
106 214
106 217
106 223
106 229
106 236
107 4
107 27
107 35
107 52
107 64
107 75
107 107
107 108
107 134
107 140
107 147
107 149
107 165
107 193
107 196
107 204
107 216
107 218
107 228
108 16
108 19
108 32
108 35
108 38
108 44
108 45
108 72
108 86
108 90
108 94
108 101
108 114
108 123
108 142
108 143
108 160
108 172
108 179
108 191
108 224
108 234
108 236
109 11
109 43
109 51
109 54
109 64
109 66
109 77
109 99
109 110
109 113
109 116
109 117
109 128
109 156
109 164
109 198
109 210
109 221
109 229
109 236
109 239
109 241
110 0
110 3
110 5
110 6
110 21
110 37
110 50
110 54
110 56
110 60
110 61
110 79
110 99
110 118
110 130
110 146
110 160
110 163
110 172
110 182
110 183
110 185
110 192
110 217
110 220
110 222
110 223
110 231
110 247
111 4
111 6
111 7
111 10
111 15
111 18
111 21
111 32
111 41
111 51
111 58
111 59
111 64
111 68
111 87
111 95
111 106
111 113
111 131
111 169
111 179
111 183
111 187
111 190
111 198
111 202
111 218
111 223
111 230
111 242
111 243
111 248
112 3
112 39
112 44
112 49
112 59
112 65
112 110
112 144
112 152
112 159
112 166
112 176
112 183
112 187
112 208
113 0
113 14
113 15
113 44
113 53
113 57
113 59
113 64
113 65
113 70
113 73
113 88
113 98
113 105
113 108
113 111
113 115
113 118
113 161
113 162
113 166
113 187
113 191
113 204
113 212
113 216
113 230
114 4
114 7
114 17
114 19
114 30
114 35
114 38
114 44
114 54
114 73
114 83
114 94
114 107
114 113
114 120
114 121
114 132
114 153
114 173
114 174
114 187
114 202
114 221
114 226
114 227
114 233
114 239
115 16
115 33
115 34
115 38
115 52
115 54
115 58
115 66
115 69
115 71
115 92
115 107
115 124
115 130
115 145
115 149
115 150
115 152
115 153
115 164
115 180
115 183
115 190
115 192
115 214
115 224
115 230
115 242
116 2
116 25
116 54
116 84
116 91
116 100
116 105
116 106
116 111
116 134
116 135
116 146
116 161
116 171
116 173
116 179
116 183
116 201
116 213
116 225
116 249
117 1
117 2
117 10
117 36
117 54
117 63
117 72
117 75
117 77
117 80
117 81
117 85
117 87
117 99
117 101
117 110
117 111
117 113
117 118
117 128
117 130
117 132
117 137
117 138
117 141
117 151
117 152
117 165
117 167
117 194
117 199
117 206
117 210
117 212
117 238
117 246
117 247
118 5
118 15
118 23
118 34
118 42
118 44
118 61
118 71
118 88
118 97
118 104
118 107
118 110
118 133
118 151
118 173
118 181
118 189
118 193
118 195
118 203
118 218
118 220
118 231
118 237
118 238
118 244
119 7
119 11
119 12
119 43
119 45
119 74
119 76
119 85
119 104
119 106
119 107
119 120
119 126
119 127
119 131
119 162
119 164
119 175
119 179
119 197
119 205
119 219
119 230
119 245
119 246
120 5
120 7
120 23
120 24
120 25
120 27
120 32
120 45
120 51
120 67
120 70
120 83
120 88
120 91
120 92
120 108
120 115
120 135
120 137
120 145
120 154
120 157
120 189
120 193
120 205
120 206
120 207
120 211
120 219
121 26
121 27
121 35
121 36
121 77
121 81
121 94
121 97
121 114
121 120
121 125
121 132
121 135
121 151
121 154
121 174
121 182
121 204
121 229
121 234
121 236
122 24
122 29
122 32
122 42
122 63
122 96
122 106
122 124
122 135
122 147
122 152
122 167
122 189
122 204
122 218
122 219
122 232
122 236
122 241
122 245
123 2
123 22
123 27
123 37
123 47
123 50
123 53
123 58
123 59
123 61
123 66
123 99
123 116
123 145
123 158
123 170
123 199
123 200
123 207
123 218
123 240
124 3
124 30
124 33
124 60
124 85
124 100
124 104
124 110
124 128
124 144
124 146
124 160
124 177
124 186
124 188
124 205
124 214
124 234
124 243
124 248
125 2
125 4
125 58
125 71
125 77
125 82
125 84
125 87
125 94
125 105
125 110
125 137
125 153
125 154
125 176
125 179
125 183
125 192
125 197
125 201
125 217
125 222
125 224
125 233
125 234
125 237
125 241
126 17
126 31
126 57
126 65
126 76
126 99
126 125
126 137
126 146
126 166
126 188
126 191
126 192
126 196
126 198
126 227
126 232
126 233
126 237
126 243
127 44
127 46
127 70
127 75
127 83
127 84
127 86
127 96
127 108
127 115
127 118
127 121
127 128
127 144
127 153
127 171
127 211
127 217
128 21
128 24
128 30
128 37
128 46
128 49
128 61
128 63
128 64
128 77
128 81
128 87
128 90
128 93
128 101
128 108
128 116
128 125
128 126
128 130
128 163
128 189
128 194
128 200
128 204
128 206
128 212
128 213
128 225
128 226
128 237
128 246
129 8
129 21
129 50
129 57
129 69
129 83
129 88
129 90
129 107
129 124
129 125
129 128
129 147
129 151
129 157
129 167
129 180
129 183
129 185
129 212
129 221
129 224
130 23
130 25
130 27
130 28
130 38
130 75
130 101
130 102
130 126
130 138
130 143
130 156
130 177
130 182
130 187
130 195
130 196
130 201
130 244
130 249
131 11
131 13
131 21
131 26
131 39
131 44
131 49
131 50
131 54
131 73
131 90
131 92
131 103
131 104
131 110
131 117
131 143
131 157
131 166
131 177
131 200
131 206
131 217
131 229
131 231
131 235
131 243
131 246
132 7
132 18
132 29
132 30
132 46
132 47
132 57
132 84
132 86
132 87
132 89
132 93
132 94
132 107
132 113
132 121
132 145
132 150
132 161
132 164
132 177
132 180
132 192
132 213
132 214
132 220
132 223
132 226
132 236
132 246
133 1
133 4
133 7
133 11
133 13
133 26
133 34
133 38
133 50
133 57
133 68
133 76
133 79
133 80
133 98
133 103
133 107
133 112
133 120
133 127
133 135
133 140
133 145
133 149
133 159
133 193
133 196
133 208
133 224
133 225
133 235
133 243
134 10
134 14
134 39
134 42
134 43
134 61
134 72
134 83
134 91
134 93
134 96
134 101
134 105
134 117
134 122
134 125
134 129
134 150
134 165
134 182
134 185
134 206
134 211
134 234
134 244
134 248
135 4
135 5
135 69
135 84
135 90
135 94
135 102
135 105
135 114
135 119
135 121
135 138
135 143
135 154
135 172
135 176
135 192
135 215
135 226
135 233
135 236
135 238
135 240
136 16
136 47
136 56
136 61
136 68
136 73
136 100
136 101
136 149
136 155
136 167
136 172
136 174
136 181
136 182
136 191
136 192
136 197
136 201
136 208
136 209
136 220
136 226
136 240
136 246
136 247
137 5
137 12
137 13
137 38
137 43
137 56
137 69
137 88
137 100
137 135
137 156
137 158
137 169
137 176
137 181
137 209
137 217
137 220
138 7
138 15
138 59
138 63
138 90
138 96
138 105
138 111
138 145
138 164
138 175
138 179
138 184
138 188
138 190
138 193
138 199
138 204
138 207
138 215
138 216
138 217
138 222
139 9
139 30
139 60
139 67
139 71
139 74
139 84
139 86
139 100
139 112
139 120
139 123
139 136
139 144
139 151
139 170
139 176
139 180
139 218
139 224
140 4
140 5
140 13
140 14
140 20
140 24
140 29
140 49
140 54
140 55
140 57
140 63
140 71
140 76
140 80
140 85
140 89
140 96
140 103
140 113
140 126
140 129
140 136
140 140
140 156
140 177
140 220
140 226
140 227
141 12
141 13
141 15
141 17
141 26
141 29
141 38
141 39
141 54
141 57
141 61
141 90
141 101
141 116
141 123
141 144
141 145
141 161
141 165
141 166
141 169
141 174
141 180
141 196
141 199
141 204
141 209
141 237
141 246
142 2
142 6
142 32
142 37
142 46
142 52
142 57
142 68
142 69
142 75
142 76
142 103
142 118
142 139
142 140
142 145
142 187
142 214
142 216
142 248
143 14
143 18
143 51
143 63
143 91
143 106
143 111
143 118
143 134
143 139
143 142
143 145
143 156
143 158
143 162
143 169
143 181
143 191
143 197
143 215
143 222
143 234
144 28
144 41
144 49
144 62
144 64
144 66
144 92
144 95
144 120
144 139
144 152
144 160
144 169
144 174
144 202
144 205
144 207
144 213
144 219
145 8
145 10
145 20
145 32
145 52
145 53
145 73
145 90
145 94
145 96
145 101
145 120
145 166
145 177
145 187
145 200
145 201
145 206
146 22
146 37
146 42
146 44
146 48
146 49
146 74
146 79
146 86
146 87
146 98
146 111
146 112
146 132
146 135
146 139
146 150
146 167
146 185
146 207
146 227
146 232
146 234
146 249
147 3
147 5
147 9
147 19
147 22
147 36
147 38
147 43
147 45
147 59
147 62
147 63
147 69
147 74
147 76
147 80
147 92
147 115
147 120
147 128
147 129
147 138
147 148
147 166
147 167
147 178
147 188
147 190
147 208
147 214
147 217
147 238
147 239
147 241
147 244
148 3
148 7
148 9
148 17
148 36
148 38
148 48
148 50
148 58
148 74
148 92
148 93
148 102
148 115
148 117
148 118
148 121
148 123
148 129
148 147
148 158
148 163
148 166
148 174
148 183
148 184
148 194
148 201
148 212
148 235
148 237
149 1
149 9
149 28
149 31
149 65
149 86
149 93
149 116
149 135
149 142
149 143
149 144
149 146
149 158
149 173
149 174
149 182
149 188
149 220
149 224
149 238
149 239
150 1
150 8
150 13
150 21
150 23
150 43
150 64
150 88
150 90
150 93
150 108
150 109
150 110
150 123
150 125
150 127
150 145
150 151
150 159
150 161
150 166
150 169
150 171
150 195
150 209
150 214
150 233
150 244
150 249
151 16
151 17
151 42
151 44
151 49
151 57
151 59
151 78
151 86
151 99
151 103
151 105
151 115
151 126
151 130
151 134
151 138
151 158
151 163
151 171
151 173
151 176
151 179
151 182
151 187
151 190
151 207
151 209
151 220
151 241
151 242
151 243
152 8
152 19
152 20
152 21
152 27
152 55
152 77
152 92
152 93
152 106
152 114
152 125
152 131
152 162
152 166
152 172
152 181
152 190
152 211
152 226
152 227
152 242
153 3
153 8
153 13
153 36
153 39
153 47
153 48
153 64
153 75
153 82
153 105
153 106
153 118
153 122
153 124
153 135
153 139
153 149
153 153
153 155
153 156
153 175
153 183
153 196
153 206
153 208
153 222
153 226
153 229
153 239
153 241
154 14
154 24
154 29
154 32
154 34
154 41
154 52
154 83
154 89
154 95
154 103
154 108
154 111
154 118
154 121
154 125
154 131
154 138
154 141
154 154
154 181
154 189
154 197
154 201
154 228
154 236
154 239
154 241
155 4
155 6
155 10
155 15
155 16
155 21
155 30
155 41
155 44
155 45
155 59
155 67
155 75
155 79
155 102
155 107
155 122
155 125
155 129
155 165
155 183
155 202
155 212
155 213
155 222
155 223
155 228
155 243
155 247
156 1
156 13
156 14
156 26
156 39
156 46
156 47
156 50
156 57
156 58
156 72
156 84
156 115
156 116
156 128
156 138
156 140
156 165
156 179
156 200
156 210
156 214
156 220
156 246
156 247
157 2
157 6
157 16
157 30
157 39
157 40
157 50
157 62
157 66
157 69
157 90
157 94
157 108
157 110
157 138
157 163
157 168
157 172
157 173
157 186
157 189
157 193
157 195
157 197
157 210
157 215
157 219
157 221
157 229
157 232
157 243
158 7
158 8
158 19
158 25
158 26
158 36
158 42
158 77
158 79
158 83
158 101
158 102
158 130
158 135
158 152
158 161
158 165
158 173
158 178
158 186
158 199
158 202
158 219
158 226
158 231
158 233
158 235
158 247
159 10
159 13
159 21
159 28
159 29
159 30
159 46
159 50
159 74
159 90
159 119
159 120
159 127
159 135
159 150
159 154
159 164
159 170
159 180
159 190
159 204
159 219
159 224
160 10
160 23
160 30
160 35
160 39
160 52
160 73
160 96
160 107
160 155
160 169
160 182
160 186
160 187
160 193
160 197
160 223
160 231
160 236
160 241
160 245
160 248
161 7
161 8
161 29
161 40
161 48
161 71
161 95
161 131
161 136
161 151
161 166
161 182
161 191
161 193
161 197
161 198
161 204
161 225
161 245
161 247
162 54
162 58
162 64
162 68
162 69
162 75
162 91
162 95
162 104
162 105
162 112
162 132
162 153
162 162
162 183
162 184
162 188
162 194
162 209
162 212
162 215
162 232
163 9
163 14
163 15
163 33
163 36
163 41
163 55
163 56
163 76
163 84
163 99
163 177
163 187
163 190
163 217
163 219
163 227
163 229
163 232
163 233
163 241
163 244
164 7
164 11
164 12
164 59
164 91
164 108
164 118
164 129
164 167
164 172
164 173
164 180
164 183
164 184
164 205
164 213
164 223
164 225
165 1
165 4
165 11
165 18
165 21
165 49
165 52
165 56
165 77
165 92
165 122
165 123
165 133
165 149
165 157
165 186
165 197
165 204
165 206
165 207
165 217
165 220
165 235
165 245
166 4
166 6
166 16
166 28
166 29
166 39
166 47
166 48
166 51
166 63
166 81
166 86
166 94
166 110
166 112
166 119
166 130
166 135
166 143
166 148
166 153
166 164
166 170
166 178
166 186
166 187
166 191
166 192
166 204
166 208
166 216
166 244
167 4
167 6
167 10
167 19
167 24
167 26
167 36
167 37
167 43
167 46
167 49
167 66
167 83
167 87
167 89
167 94
167 102
167 106
167 113
167 120
167 128
167 147
167 155
167 163
167 166
167 168
167 170
167 184
167 200
167 210
167 223
167 224
167 225
167 227
167 239
168 1
168 3
168 11
168 27
168 38
168 39
168 44
168 51
168 73
168 83
168 86
168 88
168 99
168 101
168 112
168 121
168 126
168 134
168 147
168 148
168 152
168 173
168 179
168 181
168 211
168 214
168 217
168 225
168 243
169 10
169 23
169 37
169 65
169 79
169 113
169 130
169 143
169 148
169 155
169 160
169 175
169 177
169 184
169 188
169 206
169 208
169 210
169 224
169 228
169 230
170 2
170 4
170 9
170 17
170 29
170 30
170 45
170 52
170 63
170 72
170 84
170 89
170 117
170 125
170 134
170 144
170 158
170 163
170 172
170 188
170 194
170 210
170 212
170 216
170 224
170 234
171 7
171 18
171 24
171 27
171 37
171 43
171 54
171 55
171 67
171 71
171 81
171 87
171 94
171 100
171 106
171 121
171 123
171 125
171 128
171 129
171 132
171 134
171 136
171 160
171 161
171 165
171 168
171 185
171 217
171 235
171 240
172 2
172 11
172 15
172 57
172 109
172 111
172 120
172 128
172 135
172 140
172 152
172 161
172 181
172 191
172 200
172 202
172 220
172 230
172 232
173 13
173 16
173 25
173 37
173 38
173 68
173 74
173 94
173 113
173 157
173 164
173 172
173 216
173 228
173 242
174 4
174 21
174 24
174 37
174 38
174 45
174 51
174 55
174 58
174 81
174 89
174 90
174 96
174 135
174 138
174 153
174 165
174 170
174 171
174 183
174 187
174 206
174 226
174 230
175 10
175 25
175 27
175 45
175 49
175 61
175 75
175 80
175 93
175 135
175 142
175 144
175 154
175 158
175 161
175 191
175 204
175 240
175 241
176 6
176 11
176 15
176 25
176 28
176 33
176 50
176 63
176 64
176 78
176 82
176 89
176 110
176 112
176 114
176 124
176 137
176 146
176 151
176 165
176 169
176 176
176 180
176 188
176 195
176 200
176 209
176 224
176 235
176 243
177 1
177 11
177 23
177 29
177 47
177 72
177 87
177 104
177 117
177 138
177 142
177 143
177 145
177 147
177 156
177 184
177 185
177 191
177 208
177 216
177 218
177 220
177 224
177 228
177 241
178 2
178 12
178 13
178 26
178 47
178 66
178 73
178 77
178 84
178 97
178 116
178 132
178 140
178 152
178 154
178 195
178 202
178 214
178 217
178 223
178 235
178 246
179 3
179 9
179 51
179 54
179 60
179 85
179 99
179 103
179 123
179 125
179 129
179 150
179 153
179 155
179 157
179 175
179 224
179 232
179 235
180 9
180 26
180 28
180 51
180 71
180 81
180 83
180 89
180 98
180 99
180 101
180 106
180 116
180 121
180 140
180 149
180 151
180 154
180 156
180 161
180 165
180 167
180 183
180 213
180 219
180 222
180 224
180 228
180 236
180 248
181 10
181 14
181 40
181 42
181 47
181 54
181 62
181 63
181 86
181 93
181 98
181 99
181 101
181 105
181 120
181 149
181 150
181 162
181 163
181 185
181 213
181 216
181 235
181 240
182 19
182 20
182 23
182 29
182 34
182 35
182 58
182 60
182 64
182 73
182 82
182 85
182 88
182 99
182 111
182 122
182 123
182 129
182 131
182 132
182 137
182 139
182 140
182 152
182 161
182 166
182 187
182 191
182 203
182 219
182 221
182 222
182 234
182 235
182 246
183 30
183 34
183 40
183 51
183 70
183 83
183 85
183 101
183 111
183 128
183 129
183 130
183 132
183 153
183 166
183 167
183 195
183 196
183 207
183 229
183 238
183 249
184 4
184 7
184 9
184 22
184 27
184 38
184 51
184 65
184 84
184 91
184 127
184 143
184 177
184 182
184 228
184 238
184 241
185 16
185 49
185 51
185 60
185 72
185 79
185 80
185 85
185 98
185 108
185 112
185 113
185 115
185 119
185 126
185 169
185 191
185 200
185 223
185 243
186 7
186 23
186 35
186 40
186 42
186 46
186 50
186 66
186 96
186 101
186 103
186 105
186 106
186 118
186 126
186 131
186 133
186 136
186 137
186 174
186 176
186 178
186 200
186 204
186 207
186 211
186 217
186 218
186 219
186 238
186 247
187 22
187 41
187 55
187 68
187 73
187 75
187 79
187 81
187 103
187 129
187 134
187 140
187 146
187 154
187 158
187 164
187 166
187 182
187 188
187 208
187 215
187 221
187 226
187 242
188 1
188 6
188 16
188 17
188 31
188 37
188 42
188 80
188 96
188 132
188 142
188 151
188 159
188 198
188 220
188 235
188 245
189 22
189 39
189 52
189 54
189 55
189 57
189 67
189 85
189 94
189 133
189 135
189 142
189 143
189 153
189 165
189 174
189 177
189 187
189 191
189 200
189 205
189 206
189 228
189 229
189 235
189 249
190 10
190 14
190 17
190 27
190 47
190 55
190 63
190 65
190 66
190 79
190 92
190 93
190 95
190 99
190 122
190 129
190 143
190 166
190 183
190 192
190 193
190 195
190 200
190 203
190 224
190 232
190 239
190 246
191 3
191 4
191 16
191 42
191 47
191 57
191 63
191 85
191 93
191 101
191 109
191 116
191 157
191 158
191 199
191 203
191 233
191 234
191 236
191 239
192 4
192 13
192 28
192 31
192 51
192 53
192 59
192 66
192 76
192 104
192 144
192 162
192 190
192 193
192 231
192 235
192 241
192 248
193 7
193 10
193 11
193 15
193 26
193 36
193 50
193 73
193 75
193 88
193 92
193 94
193 105
193 108
193 115
193 122
193 130
193 142
193 158
193 168
193 191
193 194
193 195
193 217
193 218
193 223
193 236
193 244
193 246
194 0
194 5
194 6
194 12
194 20
194 42
194 49
194 54
194 68
194 76
194 89
194 100
194 105
194 109
194 112
194 119
194 141
194 180
194 183
194 184
194 206
194 219
194 220
194 224
194 248
194 249
195 4
195 5
195 11
195 21
195 23
195 24
195 61
195 65
195 69
195 79
195 80
195 91
195 122
195 132
195 141
195 142
195 144
195 147
195 160
195 183
195 185
195 189
195 203
195 216
195 219
195 221
195 233
195 249
196 10
196 26
196 53
196 66
196 72
196 74
196 76
196 85
196 91
196 120
196 128
196 132
196 140
196 148
196 154
196 166
196 173
196 183
196 196
196 203
196 207
196 215
196 218
196 220
196 239
197 16
197 26
197 27
197 47
197 50
197 53
197 59
197 62
197 66
197 86
197 109
197 122
197 124
197 156
197 182
197 188
197 192
197 209
197 214
197 229
197 238
198 2
198 3
198 8
198 15
198 17
198 27
198 36
198 51
198 63
198 76
198 80
198 86
198 87
198 89
198 95
198 107
198 114
198 132
198 145
198 151
198 159
198 173
198 198
198 214
198 220
198 237
198 244
199 23
199 46
199 55
199 57
199 60
199 62
199 64
199 66
199 69
199 88
199 102
199 110
199 111
199 114
199 117
199 123
199 124
199 144
199 145
199 159
199 174
199 201
199 209
199 214
199 216
199 221
199 222
199 245
199 248
200 12
200 21
200 32
200 36
200 53
200 71
200 76
200 80
200 88
200 94
200 101
200 110
200 148
200 151
200 153
200 162
200 173
200 176
200 193
200 202
200 216
200 222
200 233
201 10
201 15
201 28
201 30
201 56
201 66
201 77
201 82
201 85
201 100
201 138
201 145
201 164
201 172
201 179
201 184
201 199
201 218
201 229
201 238
202 33
202 34
202 37
202 39
202 47
202 51
202 56
202 58
202 71
202 84
202 104
202 106
202 120
202 190
202 243
203 3
203 5
203 6
203 10
203 29
203 32
203 42
203 44
203 47
203 50
203 54
203 64
203 82
203 84
203 91
203 105
203 106
203 112
203 120
203 121
203 147
203 148
203 156
203 169
203 175
203 191
203 197
203 198
203 213
203 214
203 219
203 221
203 228
203 242
203 245
204 11
204 43
204 51
204 76
204 85
204 105
204 114
204 123
204 124
204 131
204 145
204 189
204 199
204 200
204 203
204 209
204 211
204 217
204 227
204 245
204 248
205 14
205 16
205 20
205 22
205 31
205 44
205 94
205 132
205 147
205 150
205 168
205 173
205 175
205 183
205 194
205 195
205 203
205 206
205 211
205 213
205 219
205 230
205 233
205 237
205 239
205 248
206 9
206 22
206 25
206 35
206 40
206 43
206 60
206 65
206 69
206 70
206 82
206 106
206 116
206 118
206 126
206 129
206 136
206 142
206 152
206 178
206 195
206 197
206 200
206 204
206 217
206 223
206 238
206 240
206 242
206 244
207 3
207 6
207 17
207 22
207 44
207 54
207 65
207 79
207 81
207 87
207 93
207 96
207 116
207 139
207 177
207 181
207 186
207 212
207 215
207 220
207 231
207 232
207 236
207 240
208 0
208 5
208 8
208 23
208 41
208 81
208 82
208 88
208 89
208 93
208 98
208 105
208 122
208 123
208 148
208 153
208 160
208 161
208 176
208 186
208 211
208 215
208 217
208 226
208 231
208 239
209 34
209 40
209 46
209 53
209 61
209 64
209 66
209 82
209 87
209 94
209 101
209 129
209 156
209 163
209 203
209 216
209 221
209 229
209 248
210 26
210 32
210 38
210 40
210 51
210 53
210 62
210 79
210 85
210 115
210 157
210 171
210 175
210 177
210 183
210 190
210 192
210 200
210 202
210 209
210 219
210 223
210 227
210 236
210 242
210 248
211 3
211 10
211 20
211 22
211 26
211 29
211 32
211 50
211 78
211 83
211 90
211 103
211 128
211 134
211 140
211 152
211 154
211 159
211 166
211 170
211 173
211 177
211 183
211 192
211 196
211 197
211 201
211 202
211 214
211 219
211 228
211 232
211 233
212 16
212 32
212 35
212 43
212 44
212 55
212 74
212 76
212 80
212 90
212 97
212 109
212 110
212 113
212 121
212 122
212 127
212 130
212 147
212 155
212 194
212 196
212 214
212 216
212 218
212 232
212 236
213 2
213 11
213 20
213 21
213 23
213 33
213 42
213 57
213 71
213 72
213 84
213 91
213 93
213 99
213 102
213 105
213 108
213 109
213 114
213 136
213 151
213 170
213 172
213 181
213 184
213 187
213 197
213 220
213 222
213 226
213 228
213 244
213 245
214 1
214 5
214 7
214 8
214 31
214 46
214 55
214 82
214 83
214 88
214 96
214 97
214 105
214 109
214 122
214 132
214 156
214 187
214 188
214 189
214 195
214 221
214 235
214 242
214 244
214 248
215 22
215 32
215 34
215 43
215 46
215 48
215 50
215 72
215 74
215 80
215 101
215 105
215 106
215 109
215 112
215 121
215 135
215 136
215 147
215 163
215 186
215 198
215 201
215 216
215 217
215 234
215 239
215 244
216 7
216 15
216 44
216 50
216 71
216 72
216 81
216 107
216 110
216 128
216 145
216 155
216 167
216 168
216 173
216 175
216 194
216 197
216 213
216 224
216 236
216 237
216 239
216 246
217 4
217 7
217 34
217 35
217 61
217 68
217 75
217 82
217 88
217 96
217 109
217 112
217 114
217 127
217 146
217 152
217 153
217 162
217 182
217 185
217 220
217 233
217 236
217 247
218 13
218 22
218 38
218 71
218 72
218 97
218 105
218 108
218 128
218 133
218 143
218 147
218 156
218 192
218 196
218 202
218 203
218 206
218 215
218 216
218 223
218 234
218 241
218 242
219 4
219 7
219 9
219 11
219 50
219 53
219 56
219 57
219 63
219 74
219 75
219 77
219 79
219 92
219 93
219 108
219 109
219 115
219 120
219 129
219 135
219 141
219 142
219 165
219 167
219 196
219 209
219 218
219 223
219 225
219 227
219 235
219 240
219 242
220 10
220 12
220 17
220 30
220 35
220 42
220 50
220 54
220 56
220 81
220 113
220 119
220 137
220 156
220 167
220 171
220 186
220 205
220 213
220 248
221 1
221 14
221 19
221 33
221 34
221 41
221 48
221 69
221 75
221 81
221 88
221 90
221 98
221 106
221 114
221 115
221 125
221 137
221 140
221 141
221 145
221 156
221 159
221 174
221 181
221 183
221 191
221 197
221 214
221 232
221 239
222 8
222 10
222 13
222 49
222 57
222 64
222 72
222 75
222 77
222 90
222 100
222 103
222 106
222 112
222 135
222 141
222 144
222 158
222 166
222 170
222 173
222 175
222 177
222 179
222 183
222 186
222 191
222 214
222 224
222 244
223 1
223 5
223 29
223 44
223 55
223 62
223 71
223 82
223 87
223 100
223 114
223 125
223 133
223 143
223 144
223 166
223 216
223 227
223 231
223 233
223 239
223 241
224 12
224 20
224 24
224 37
224 38
224 62
224 111
224 121
224 137
224 144
224 156
224 157
224 163
224 184
224 191
224 195
224 205
224 220
224 224
224 226
224 240
224 242
225 2
225 5
225 11
225 12
225 14
225 15
225 26
225 34
225 42
225 51
225 73
225 81
225 94
225 106
225 121
225 132
225 138
225 140
225 163
225 164
225 176
225 177
225 180
225 195
225 198
225 202
225 208
225 210
225 216
225 221
225 241
226 3
226 20
226 23
226 36
226 41
226 48
226 49
226 61
226 79
226 94
226 101
226 106
226 129
226 130
226 146
226 149
226 160
226 164
226 165
226 167
226 175
226 178
226 179
226 199
226 204
226 209
226 227
226 238
226 240
227 11
227 15
227 16
227 17
227 25
227 31
227 36
227 46
227 69
227 73
227 82
227 85
227 124
227 134
227 136
227 151
227 153
227 157
227 158
227 165
227 202
227 207
227 210
227 229
228 7
228 8
228 27
228 36
228 71
228 72
228 97
228 103
228 105
228 129
228 130
228 163
228 164
228 173
228 190
228 191
228 209
228 215
228 217
229 12
229 59
229 65
229 76
229 96
229 100
229 109
229 120
229 127
229 130
229 131
229 142
229 148
229 157
229 158
229 174
229 182
229 198
229 242
229 247
230 23
230 26
230 56
230 67
230 72
230 87
230 92
230 133
230 143
230 144
230 155
230 159
230 168
230 182
230 185
230 203
230 205
230 208
230 213
230 214
230 216
230 217
230 221
230 245
230 249
231 21
231 41
231 42
231 48
231 49
231 70
231 74
231 78
231 81
231 99
231 113
231 118
231 120
231 127
231 137
231 142
231 149
231 151
231 172
231 180
231 196
231 197
231 198
231 207
231 223
231 230
232 12
232 32
232 42
232 55
232 72
232 74
232 81
232 94
232 96
232 101
232 114
232 115
232 125
232 132
232 137
232 138
232 144
232 156
232 159
232 160
232 177
232 180
232 203
232 211
232 221
232 224
232 227
232 231
232 238
232 244
233 8
233 9
233 21
233 26
233 37
233 38
233 45
233 65
233 68
233 71
233 87
233 123
233 126
233 127
233 139
233 158
233 161
233 177
233 210
233 228
233 230
233 238
233 246
234 2
234 9
234 11
234 15
234 29
234 31
234 38
234 62
234 80
234 82
234 106
234 113
234 117
234 119
234 120
234 122
234 138
234 146
234 160
234 168
234 192
234 196
234 210
234 213
234 221
235 0
235 16
235 61
235 65
235 66
235 68
235 74
235 76
235 83
235 84
235 93
235 100
235 104
235 108
235 109
235 123
235 130
235 131
235 138
235 162
235 176
235 179
235 195
235 229
235 238
235 239
235 240
235 242
235 244
236 11
236 28
236 30
236 32
236 54
236 56
236 58
236 60
236 77
236 102
236 130
236 160
236 168
236 190
236 207
236 220
236 234
236 247
237 29
237 57
237 67
237 74
237 81
237 103
237 118
237 125
237 143
237 150
237 151
237 154
237 158
237 167
237 177
237 196
237 198
237 199
237 212
237 217
237 220
237 223
237 227
237 242
237 243
238 22
238 29
238 35
238 42
238 62
238 77
238 87
238 88
238 89
238 113
238 115
238 116
238 128
238 135
238 145
238 165
238 180
238 182
238 196
238 212
238 220
238 221
238 223
238 224
238 225
238 245
239 3
239 36
239 39
239 43
239 53
239 66
239 73
239 78
239 81
239 82
239 90
239 94
239 100
239 103
239 106
239 110
239 121
239 130
239 141
239 162
239 174
239 185
239 188
239 200
239 216
239 221
239 222
239 239
240 2
240 21
240 29
240 33
240 36
240 49
240 64
240 86
240 96
240 109
240 112
240 120
240 131
240 142
240 143
240 151
240 176
240 184
240 188
240 195
240 196
240 212
240 224
240 236
240 237
240 244
240 247
241 4
241 9
241 14
241 16
241 30
241 60
241 62
241 65
241 85
241 105
241 116
241 121
241 124
241 143
241 166
241 185
241 195
241 202
241 203
241 204
241 205
241 207
241 224
241 230
241 232
242 12
242 35
242 42
242 82
242 86
242 95
242 106
242 114
242 123
242 138
242 141
242 143
242 153
242 156
242 171
242 172
242 181
242 185
242 189
242 198
242 204
242 206
242 211
242 233
242 235
243 18
243 27
243 37
243 56
243 63
243 65
243 148
243 178
243 211
244 4
244 6
244 12
244 18
244 20
244 33
244 47
244 50
244 54
244 60
244 65
244 71
244 92
244 112
244 132
244 169
244 178
244 186
244 188
244 201
244 207
244 211
244 214
244 220
244 222
244 235
244 241
244 242
245 10
245 12
245 14
245 35
245 40
245 47
245 63
245 68
245 74
245 86
245 89
245 91
245 94
245 131
245 138
245 139
245 141
245 161
245 164
245 168
245 230
245 240
246 18
246 28
246 46
246 53
246 61
246 63
246 79
246 82
246 98
246 99
246 111
246 126
246 136
246 139
246 149
246 169
246 178
246 184
246 190
246 198
246 201
246 213
246 237
246 245
247 3
247 4
247 8
247 10
247 14
247 17
247 20
247 24
247 39
247 41
247 45
247 52
247 54
247 63
247 70
247 96
247 102
247 117
247 129
247 130
247 141
247 149
247 150
247 177
247 178
247 183
247 197
247 207
247 211
247 221
247 225
247 235
247 244
247 247
248 2
248 20
248 29
248 37
248 47
248 53
248 69
248 92
248 95
248 115
248 117
248 119
248 121
248 126
248 127
248 128
248 135
248 161
248 167
248 168
248 172
248 174
248 186
248 187
248 195
248 196
248 199
248 209
248 231
248 242
248 248
249 1
249 2
249 8
249 9
249 10
249 24
249 45
249 50
249 53
249 65
249 91
249 92
249 103
249 107
249 110
249 121
249 123
249 134
249 144
249 160
249 167
249 173
249 175
249 176
249 178
249 188
249 189
249 201
249 216
249 219
249 230
249 234
