250
6250
0 0
0 10
0 17
0 20
0 26
0 45
0 53
0 57
0 71
0 81
0 98
0 105
0 112
0 178
0 194
0 195
0 204
0 206
0 207
0 228
0 235
0 240
0 246
0 247
1 0
1 10
1 13
1 17
1 27
1 30
1 31
1 38
1 51
1 64
1 77
1 84
1 94
1 97
1 99
1 100
1 102
1 103
1 104
1 110
1 114
1 159
1 172
1 174
1 189
1 194
1 201
1 207
1 213
1 227
1 228
1 246
2 8
2 10
2 28
2 33
2 34
2 40
2 59
2 61
2 68
2 81
2 91
2 111
2 117
2 134
2 138
2 155
2 160
2 180
2 206
2 215
2 220
2 226
2 228
2 235
2 237
3 21
3 25
3 40
3 48
3 60
3 62
3 75
3 79
3 97
3 105
3 108
3 120
3 144
3 156
3 157
3 167
3 185
3 200
3 207
3 208
3 236
3 241
4 0
4 4
4 7
4 14
4 46
4 49
4 51
4 52
4 80
4 89
4 96
4 101
4 112
4 115
4 145
4 151
4 163
4 168
4 181
4 198
4 203
4 214
4 220
5 0
5 2
5 32
5 42
5 43
5 49
5 51
5 54
5 70
5 76
5 78
5 79
5 84
5 88
5 91
5 92
5 108
5 109
5 111
5 121
5 140
5 180
5 185
5 188
5 220
5 221
5 233
5 249
6 10
6 20
6 27
6 49
6 82
6 91
6 111
6 113
6 117
6 120
6 123
6 127
6 130
6 146
6 165
6 177
6 188
6 195
6 197
6 200
6 208
6 212
6 226
6 240
6 243
7 0
7 6
7 13
7 18
7 43
7 49
7 57
7 68
7 71
7 74
7 77
7 79
7 80
7 83
7 97
7 103
7 114
7 120
7 123
7 124
7 128
7 142
7 144
7 147
7 163
7 171
7 181
7 184
7 187
7 197
7 205
7 229
7 233
7 235
7 240
8 14
8 31
8 35
8 36
8 52
8 57
8 69
8 82
8 91
8 92
8 102
8 103
8 110
8 124
8 127
8 133
8 158
8 179
8 180
8 196
8 209
8 215
8 233
8 242
9 13
9 18
9 24
9 28
9 30
9 52
9 56
9 75
9 76
9 111
9 118
9 134
9 141
9 146
9 155
9 156
9 157
9 160
9 165
9 167
9 183
9 202
9 204
9 205
9 212
9 237
10 22
10 24
10 30
10 48
10 56
10 68
10 69
10 78
10 81
10 97
10 108
10 125
10 127
10 137
10 138
10 144
10 145
10 165
10 180
10 200
10 227
10 242
10 247
11 8
11 10
11 19
11 21
11 25
11 30
11 44
11 46
11 67
11 68
11 83
11 108
11 120
11 129
11 160
11 164
11 166
11 179
11 185
11 192
11 202
11 206
11 209
11 218
11 220
11 223
11 226
11 235
11 237
11 238
12 7
12 20
12 21
12 23
12 32
12 33
12 50
12 55
12 61
12 65
12 90
12 95
12 108
12 130
12 144
12 153
12 157
12 164
12 175
12 201
12 203
12 212
12 220
12 230
12 234
12 238
13 4
13 10
13 22
13 30
13 32
13 48
13 64
13 65
13 68
13 90
13 96
13 115
13 118
13 123
13 138
13 144
13 158
13 159
13 173
13 187
13 202
13 205
13 210
13 249
14 6
14 37
14 38
14 52
14 82
14 90
14 93
14 101
14 102
14 103
14 132
14 138
14 145
14 156
14 167
14 170
14 189
14 203
14 228
14 239
14 242
15 1
15 5
15 13
15 15
15 27
15 70
15 72
15 74
15 85
15 88
15 105
15 109
15 118
15 120
15 124
15 131
15 133
15 137
15 143
15 153
15 163
15 165
15 175
15 181
15 197
15 201
15 207
15 211
15 231
16 4
16 5
16 6
16 8
16 29
16 31
16 32
16 35
16 45
16 65
16 75
16 94
16 102
16 113
16 118
16 123
16 125
16 131
16 139
16 148
16 150
16 157
16 188
16 190
16 202
16 213
16 216
16 219
16 220
16 243
17 7
17 12
17 18
17 31
17 35
17 45
17 63
17 84
17 98
17 107
17 120
17 125
17 137
17 176
17 180
17 185
17 190
17 193
17 220
17 226
17 239
17 248
18 15
18 50
18 62
18 63
18 68
18 74
18 75
18 85
18 97
18 106
18 122
18 126
18 138
18 139
18 156
18 162
18 188
18 191
18 192
18 201
18 204
18 236
19 14
19 16
19 29
19 36
19 39
19 55
19 56
19 67
19 79
19 82
19 83
19 108
19 125
19 127
19 134
19 142
19 149
19 176
19 181
19 183
19 185
19 209
19 215
19 217
19 239
19 244
19 248
20 20
20 22
20 30
20 55
20 88
20 98
20 113
20 122
20 160
20 163
20 166
20 171
20 173
20 178
20 186
20 192
20 214
20 217
20 230
20 247
20 249
21 8
21 10
21 12
21 13
21 32
21 35
21 49
21 53
21 56
21 64
21 77
21 85
21 97
21 98
21 99
21 105
21 112
21 118
21 125
21 130
21 133
21 145
21 148
21 154
21 162
21 163
21 177
21 203
21 215
22 10
22 15
22 17
22 27
22 44
22 68
22 74
22 91
22 97
22 99
22 102
22 116
22 124
22 126
22 129
22 146
22 164
22 169
22 175
22 192
22 200
22 205
22 213
22 235
22 241
22 246
23 1
23 2
23 6
23 9
23 54
23 64
23 75
23 80
23 81
23 107
23 114
23 122
23 123
23 144
23 149
23 159
23 164
23 165
23 179
23 188
23 191
23 193
23 197
23 200
23 226
23 230
23 237
23 247
24 8
24 14
24 29
24 54
24 55
24 69
24 70
24 76
24 91
24 94
24 95
24 105
24 106
24 129
24 160
24 167
24 169
24 177
24 184
24 186
24 191
24 226
24 227
25 12
25 13
25 26
25 32
25 38
25 45
25 46
25 53
25 60
25 64
25 73
25 101
25 103
25 108
25 121
25 124
25 157
25 161
25 171
25 186
25 193
25 196
25 201
25 229
25 233
25 234
25 248
26 44
26 46
26 50
26 60
26 70
26 71
26 97
26 108
26 120
26 122
26 129
26 130
26 141
26 145
26 169
26 185
26 220
26 238
26 239
26 248
27 4
27 19
27 26
27 29
27 51
27 52
27 53
27 71
27 81
27 82
27 83
27 88
27 98
27 111
27 120
27 123
27 138
27 143
27 155
27 160
27 165
27 170
27 175
27 179
27 182
27 186
27 204
27 213
27 216
27 217
27 225
27 227
27 232
27 247
28 14
28 23
28 36
28 37
28 41
28 46
28 66
28 97
28 101
28 106
28 118
28 132
28 136
28 144
28 165
28 167
28 180
28 196
28 202
28 222
28 227
28 248
29 6
29 14
29 24
29 27
29 58
29 72
29 79
29 83
29 98
29 104
29 108
29 125
29 128
29 132
29 150
29 161
29 181
29 212
29 218
29 232
29 233
29 239
29 243
29 249
30 6
30 21
30 38
30 42
30 54
30 57
30 73
30 88
30 93
30 101
30 102
30 143
30 153
30 163
30 172
30 173
30 186
30 187
30 195
30 218
30 223
30 225
30 233
30 238
30 240
31 2
31 7
31 18
31 21
31 22
31 41
31 48
31 69
31 70
31 82
31 87
31 105
31 115
31 128
31 141
31 146
31 155
31 182
31 200
31 203
31 214
31 216
31 238
31 240
32 8
32 19
32 23
32 58
32 60
32 82
32 83
32 96
32 100
32 107
32 120
32 121
32 124
32 139
32 140
32 166
32 171
32 188
32 196
32 204
32 210
32 223
32 224
33 11
33 14
33 67
33 74
33 81
33 91
33 95
33 96
33 104
33 109
33 121
33 127
33 128
33 129
33 142
33 151
33 156
33 171
33 182
33 186
33 192
33 194
33 196
33 213
33 234
33 239
33 241
34 1
34 6
34 12
34 23
34 25
34 48
34 51
34 61
34 63
34 86
34 89
34 99
34 112
34 113
34 117
34 129
34 142
34 144
34 146
34 147
34 152
34 177
34 181
34 189
34 192
34 200
34 213
34 215
34 220
34 224
34 227
34 245
35 6
35 18
35 21
35 27
35 37
35 69
35 77
35 78
35 92
35 120
35 121
35 123
35 136
35 138
35 170
35 178
35 188
35 192
35 198
35 205
35 208
35 225
35 229
35 230
35 235
35 241
36 11
36 13
36 27
36 28
36 33
36 56
36 71
36 72
36 74
36 94
36 101
36 104
36 107
36 111
36 113
36 125
36 131
36 135
36 138
36 143
36 155
36 164
36 181
36 195
36 202
36 210
36 216
36 217
36 220
36 222
36 227
36 233
36 235
37 8
37 33
37 38
37 44
37 71
37 93
37 97
37 100
37 112
37 117
37 136
37 144
37 184
37 185
37 192
37 196
37 202
37 203
37 215
37 217
37 224
37 239
38 0
38 11
38 25
38 35
38 41
38 50
38 63
38 70
38 93
38 98
38 105
38 112
38 119
38 124
38 125
38 130
38 133
38 136
38 139
38 160
38 165
38 176
38 183
38 185
38 190
38 196
38 213
38 245
39 28
39 32
39 37
39 59
39 62
39 68
39 75
39 76
39 77
39 90
39 103
39 112
39 116
39 118
39 120
39 126
39 133
39 151
39 153
39 163
39 196
39 216
39 222
39 232
40 6
40 21
40 55
40 58
40 62
40 63
40 77
40 87
40 101
40 103
40 121
40 143
40 154
40 155
40 162
40 166
40 176
40 179
40 186
40 193
40 199
40 203
40 206
40 211
40 213
40 215
40 216
40 222
40 224
40 238
40 239
40 249
41 0
41 3
41 16
41 22
41 30
41 56
41 57
41 85
41 103
41 109
41 121
41 126
41 143
41 154
41 191
41 207
41 221
41 222
41 228
42 4
42 23
42 31
42 38
42 66
42 87
42 90
42 95
42 104
42 117
42 119
42 130
42 135
42 163
42 169
42 183
42 196
42 199
42 216
42 234
42 236
42 238
43 14
43 26
43 32
43 35
43 43
43 50
43 54
43 55
43 56
43 58
43 62
43 67
43 73
43 77
43 85
43 99
43 105
43 134
43 140
43 158
43 160
43 166
43 173
43 174
43 188
43 191
43 215
43 234
44 3
44 6
44 30
44 40
44 49
44 50
44 53
44 55
44 61
44 65
44 88
44 119
44 120
44 126
44 128
44 133
44 138
44 142
44 158
44 178
44 204
44 210
44 218
44 219
44 227
44 241
45 7
45 9
45 16
45 19
45 23
45 24
45 27
45 46
45 63
45 69
45 74
45 83
45 86
45 97
45 102
45 129
45 136
45 142
45 145
45 160
45 164
45 168
45 177
45 216
45 229
45 234
45 238
45 239
45 247
45 248
46 2
46 5
46 40
46 48
46 50
46 53
46 54
46 59
46 71
46 72
46 77
46 90
46 104
46 107
46 111
46 118
46 142
46 150
46 156
46 191
46 199
46 219
46 227
46 228
46 231
46 238
46 245
47 10
47 12
47 14
47 20
47 34
47 52
47 54
47 56
47 58
47 60
47 65
47 73
47 85
47 100
47 119
47 130
47 157
47 164
47 178
47 194
47 197
47 200
47 231
48 13
48 34
48 41
48 42
48 45
48 56
48 67
48 70
48 78
48 90
48 108
48 111
48 112
48 129
48 137
48 139
48 170
48 171
48 212
48 215
48 217
48 229
48 240
49 16
49 19
49 31
49 41
49 52
49 53
49 57
49 65
49 93
49 125
49 130
49 160
49 170
49 172
49 225
49 234
49 239
50 4
50 6
50 10
50 12
50 40
50 45
50 53
50 54
50 58
50 67
50 68
50 72
50 78
50 86
50 87
50 114
50 124
50 127
50 167
50 171
50 188
50 211
50 214
50 222
50 226
50 227
50 239
50 248
51 1
51 18
51 19
51 27
51 47
51 53
51 83
51 87
51 88
51 91
51 115
51 123
51 127
51 140
51 145
51 146
51 148
51 150
51 151
51 156
51 166
51 186
51 190
51 198
51 208
51 218
51 227
51 246
52 10
52 13
52 23
52 26
52 46
52 47
52 48
52 52
52 59
52 73
52 75
52 108
52 110
52 120
52 122
52 123
52 124
52 127
52 164
52 172
52 175
52 176
52 188
52 195
52 206
52 218
52 225
52 235
52 238
52 248
53 9
53 17
53 31
53 32
53 43
53 62
53 75
53 77
53 96
53 100
53 103
53 110
53 135
53 142
53 150
53 162
53 179
53 191
53 204
53 210
53 235
53 246
53 248
54 54
54 61
54 66
54 93
54 95
54 106
54 114
54 134
54 142
54 163
54 174
54 188
54 197
54 214
54 217
54 218
54 223
54 240
54 241
54 243
54 245
55 5
55 9
55 19
55 24
55 25
55 41
55 57
55 58
55 59
55 63
55 69
55 83
55 109
55 118
55 127
55 130
55 135
55 136
55 161
55 168
55 173
55 177
55 181
55 183
55 186
55 198
55 204
55 205
56 8
56 16
56 25
56 51
56 64
56 68
56 70
56 71
56 81
56 88
56 90
56 104
56 108
56 120
56 132
56 145
56 154
56 172
56 175
56 177
56 184
56 193
56 196
56 204
56 220
56 231
56 242
57 0
57 1
57 6
57 10
57 14
57 23
57 44
57 45
57 51
57 58
57 67
57 69
57 71
57 72
57 83
57 96
57 102
57 120
57 124
57 143
57 159
57 173
57 177
57 184
57 187
57 189
57 223
57 233
58 26
58 27
58 28
58 35
58 42
58 52
58 57
58 72
58 79
58 86
58 93
58 119
58 130
58 133
58 140
58 153
58 161
58 163
58 173
58 174
58 191
58 213
58 240
58 242
58 243
58 245
59 0
59 16
59 35
59 58
59 80
59 85
59 99
59 108
59 110
59 134
59 161
59 167
59 168
59 183
59 204
59 238
60 9
60 18
60 41
60 44
60 46
60 49
60 53
60 80
60 84
60 108
60 113
60 121
60 130
60 132
60 145
60 160
60 163
60 169
60 188
60 190
60 193
60 196
60 200
60 225
60 238
60 239
60 247
61 3
61 5
61 18
61 26
61 33
61 42
61 53
61 62
61 74
61 76
61 80
61 90
61 96
61 99
61 125
61 126
61 138
61 145
61 164
61 166
61 174
61 204
61 209
61 213
61 218
61 219
61 226
61 248
61 249
62 3
62 4
62 12
62 15
62 21
62 32
62 36
62 60
62 61
62 75
62 78
62 80
62 81
62 90
62 109
62 116
62 118
62 128
62 131
62 137
62 156
62 173
62 177
62 178
62 182
62 207
62 208
62 219
62 226
62 227
63 4
63 44
63 60
63 71
63 76
63 77
63 92
63 97
63 111
63 124
63 148
63 174
63 177
63 187
63 219
63 232
64 1
64 10
64 38
64 55
64 65
64 72
64 76
64 83
64 102
64 112
64 145
64 152
64 157
64 166
64 168
64 173
64 184
64 190
64 208
64 209
64 223
64 236
64 239
64 240
64 242
64 249
65 13
65 15
65 21
65 27
65 28
65 43
65 48
65 53
65 60
65 108
65 120
65 126
65 131
65 132
65 142
65 160
65 164
65 169
65 174
65 179
65 188
65 201
65 204
65 214
65 222
65 225
65 230
65 232
65 240
65 243
66 15
66 30
66 58
66 59
66 69
66 102
66 104
66 128
66 130
66 131
66 164
66 165
66 167
66 175
66 185
66 197
66 205
66 236
66 248
66 249
67 2
67 31
67 35
67 66
67 69
67 79
67 88
67 104
67 112
67 129
67 133
67 150
67 179
67 189
67 205
67 213
67 223
68 0
68 1
68 17
68 22
68 32
68 37
68 39
68 55
68 62
68 66
68 71
68 100
68 101
68 111
68 125
68 129
68 136
68 142
68 153
68 167
68 174
68 182
68 183
68 204
68 234
68 241
68 244
69 3
69 5
69 13
69 17
69 24
69 36
69 44
69 99
69 111
69 117
69 132
69 169
69 175
69 193
69 202
69 208
69 232
70 0
70 2
70 7
70 11
70 15
70 18
70 26
70 53
70 56
70 61
70 67
70 71
70 79
70 80
70 85
70 98
70 102
70 109
70 131
70 133
70 135
70 141
70 143
70 157
70 160
70 166
70 170
70 192
70 213
70 223
70 224
71 11
71 14
71 16
71 21
71 27
71 31
71 34
71 35
71 39
71 52
71 58
71 66
71 70
71 72
71 73
71 74
71 76
71 83
71 103
71 113
71 123
71 127
71 136
71 141
71 143
71 144
71 152
71 153
71 177
71 183
71 200
71 207
71 227
71 228
71 230
71 231
71 233
71 235
71 247
71 248
72 4
72 9
72 32
72 64
72 101
72 107
72 117
72 119
72 149
72 154
72 157
72 164
72 166
72 181
72 185
72 200
72 202
72 220
72 228
72 236
72 244
73 16
73 19
73 20
73 58
73 63
73 66
73 75
73 77
73 81
73 85
73 88
73 103
73 111
73 135
73 145
73 152
73 165
73 168
73 174
73 183
73 197
73 203
73 212
73 231
73 237
73 243
74 3
74 28
74 39
74 55
74 84
74 103
74 110
74 124
74 137
74 140
74 142
74 143
74 154
74 157
74 164
74 176
74 182
74 190
74 195
74 196
74 205
74 226
74 238
74 246
75 19
75 23
75 24
75 43
75 50
75 56
75 73
75 95
75 99
75 100
75 105
75 131
75 139
75 152
75 161
75 163
75 164
75 165
75 175
75 176
75 179
75 185
75 192
75 198
75 204
75 207
75 221
75 245
76 2
76 4
76 34
76 38
76 45
76 91
76 93
76 110
76 115
76 125
76 127
76 140
76 144
76 146
76 148
76 151
76 158
76 163
76 164
76 172
76 189
76 211
76 223
76 237
76 249
77 1
77 12
77 20
77 27
77 29
77 57
77 62
77 69
77 75
77 123
77 132
77 163
77 166
77 176
77 183
77 187
77 191
77 198
77 206
77 208
77 215
77 218
77 237
77 243
77 246
77 247
78 17
78 28
78 38
78 39
78 57
78 64
78 65
78 69
78 82
78 100
78 103
78 106
78 114
78 123
78 137
78 154
78 155
78 170
78 176
78 225
78 239
78 243
79 6
79 12
79 15
79 27
79 58
79 60
79 78
79 86
79 107
79 135
79 137
79 138
79 144
79 149
79 160
79 168
79 171
79 173
79 178
79 196
79 199
79 207
79 212
79 224
80 15
80 37
80 39
80 43
80 46
80 49
80 53
80 54
80 56
80 66
80 85
80 89
80 94
80 113
80 120
80 151
80 166
80 211
80 214
80 215
80 223
80 245
81 5
81 10
81 16
81 43
81 63
81 64
81 78
81 90
81 97
81 99
81 115
81 138
81 148
81 157
81 193
81 230
81 248
82 8
82 27
82 46
82 47
82 56
82 57
82 75
82 81
82 89
82 112
82 114
82 118
82 119
82 121
82 132
82 135
82 137
82 138
82 145
82 146
82 156
82 157
82 168
82 176
82 179
82 181
82 191
82 202
82 208
82 212
82 216
82 219
82 220
82 224
82 235
82 241
82 245
83 6
83 24
83 33
83 40
83 46
83 60
83 61
83 63
83 78
83 82
83 85
83 97
83 99
83 135
83 198
83 216
83 236
83 239
83 243
84 4
84 29
84 43
84 50
84 59
84 73
84 77
84 83
84 88
84 96
84 110
84 119
84 136
84 137
84 141
84 145
84 159
84 162
84 182
84 184
84 198
84 201
84 202
84 215
84 243
85 27
85 44
85 51
85 92
85 95
85 106
85 124
85 134
85 136
85 145
85 153
85 167
85 189
85 193
85 204
85 223
85 231
85 238
85 240
86 9
86 13
86 51
86 58
86 68
86 76
86 78
86 86
86 99
86 101
86 137
86 146
86 150
86 163
86 165
86 173
86 177
86 179
86 183
86 186
86 200
86 204
86 225
86 233
86 234
86 242
87 4
87 11
87 14
87 20
87 38
87 40
87 43
87 65
87 72
87 73
87 75
87 91
87 93
87 114
87 117
87 118
87 123
87 126
87 136
87 139
87 175
87 179
87 186
87 198
87 212
87 226
87 229
87 234
88 21
88 23
88 26
88 57
88 68
88 69
88 70
88 94
88 100
88 101
88 120
88 126
88 146
88 148
88 159
88 186
88 194
88 201
88 218
88 230
88 239
89 3
89 8
89 20
89 22
89 25
89 41
89 48
89 68
89 71
89 75
89 82
89 87
89 96
89 98
89 109
89 112
89 113
89 156
89 157
89 170
89 175
89 182
89 186
89 199
89 217
89 222
89 240
89 242
89 243
90 8
90 36
90 43
90 45
90 54
90 67
90 77
90 79
90 88
90 102
90 112
90 159
90 169
90 170
90 183
90 200
90 241
90 246
91 14
91 23
91 44
91 48
91 53
91 61
91 77
91 79
91 89
91 96
91 97
91 104
91 142
91 146
91 158
91 164
91 168
91 169
91 177
91 181
91 205
91 227
91 228
91 231
91 237
91 240
91 241
91 243
92 0
92 2
92 16
92 28
92 60
92 61
92 63
92 105
92 110
92 116
92 122
92 138
92 140
92 186
92 191
92 195
92 197
92 212
92 238
93 4
93 5
93 7
93 11
93 43
93 47
93 49
93 51
93 69
93 77
93 78
93 85
93 87
93 91
93 94
93 115
93 116
93 123
93 140
93 169
93 183
93 193
93 210
93 215
93 235
93 238
93 242
94 1
94 10
94 13
94 25
94 27
94 49
94 51
94 66
94 69
94 83
94 88
94 89
94 94
94 111
94 114
94 123
94 126
94 131
94 157
94 159
94 166
94 171
94 182
94 192
94 197
94 199
94 231
95 9
95 12
95 44
95 73
95 92
95 123
95 152
95 159
95 167
95 169
95 194
95 197
95 200
95 206
95 240
96 0
96 38
96 46
96 50
96 51
96 56
96 85
96 94
96 128
96 138
96 142
96 165
96 167
96 172
96 195
96 200
96 202
96 217
96 223
96 238
96 247
97 10
97 13
97 21
97 41
97 52
97 91
97 111
97 117
97 154
97 160
97 197
97 199
97 217
97 219
97 235
97 239
97 240
98 1
98 4
98 6
98 9
98 44
98 52
98 78
98 82
98 84
98 86
98 87
98 88
98 99
98 105
98 109
98 123
98 132
98 138
98 149
98 153
98 165
98 167
98 169
98 178
98 197
98 202
98 209
98 224
98 225
98 245
99 6
99 18
99 32
99 50
99 53
99 62
99 65
99 70
99 72
99 80
99 96
99 117
99 118
99 123
99 130
99 135
99 140
99 146
99 160
99 164
99 185
99 189
99 203
99 205
99 219
99 221
99 223
99 225
99 226
99 227
99 231
99 236
100 0
100 5
100 22
100 25
100 40
100 48
100 81
100 82
100 83
100 114
100 115
100 137
100 142
100 144
100 145
100 151
100 152
100 192
100 195
100 198
100 243
101 2
101 12
101 14
101 33
101 43
101 44
101 46
101 50
101 51
101 54
101 61
101 72
101 129
101 149
101 152
101 172
101 177
101 185
101 195
101 204
101 209
101 210
101 231
101 238
102 29
102 43
102 49
102 50
102 68
102 73
102 76
102 92
102 103
102 142
102 156
102 178
102 188
102 211
102 232
102 244
102 246
103 5
103 8
103 25
103 47
103 58
103 59
103 64
103 76
103 98
103 105
103 109
103 135
103 147
103 151
103 160
103 163
103 169
103 173
103 174
103 195
104 5
104 6
104 17
104 19
104 25
104 35
104 37
104 48
104 56
104 60
104 65
104 69
104 71
104 75
104 80
104 85
104 87
104 95
104 103
104 112
104 119
104 138
104 151
104 158
104 173
104 177
104 190
104 193
104 212
104 223
104 231
104 235
104 237
105 5
105 25
105 45
105 50
105 59
105 81
105 84
105 85
105 100
105 102
105 105
105 118
105 120
105 145
105 148
105 154
105 158
105 194
105 198
105 210
105 211
105 235
105 237
105 242
106 6
106 11
106 22
106 33
106 35
106 44
106 50
106 54
106 71
106 76
106 80
106 103
106 115
106 119
106 126
106 142
106 147
106 152
106 176
106 179
106 213
106 214
106 215
106 217
106 221
106 225
106 232
107 7
107 10
107 25
107 27
107 28
107 37
107 55
107 79
107 103
107 120
107 131
107 145
107 151
107 155
107 156
107 157
107 160
107 171
107 173
107 179
107 181
107 187
107 189
107 195
107 200
107 231
107 237
107 245
108 17
108 18
108 20
108 27
108 35
108 45
108 60
108 63
108 66
108 73
108 77
108 101
108 102
108 126
108 135
108 157
108 179
108 188
108 189
108 190
108 199
108 201
108 210
108 226
108 229
108 237
109 6
109 18
109 20
109 25
109 81
109 83
109 86
109 125
109 134
109 140
109 202
109 204
109 215
109 219
109 225
109 234
109 248
110 11
110 26
110 38
110 40
110 44
110 59
110 81
110 114
110 115
110 128
110 140
110 141
110 148
110 153
110 163
110 167
110 168
110 175
110 184
110 185
110 186
110 191
110 192
110 197
110 223
110 225
110 235
110 237
110 243
110 246
111 0
111 17
111 18
111 20
111 28
111 40
111 43
111 59
111 67
111 80
111 91
111 92
111 114
111 121
111 123
111 130
111 181
111 187
111 202
111 206
111 209
111 212
111 216
111 228
111 231
112 0
112 2
112 3
112 4
112 48
112 69
112 78
112 80
112 104
112 112
112 135
112 140
112 142
112 159
112 167
112 188
112 200
112 206
112 243
113 0
113 8
113 23
113 33
113 38
113 39
113 40
113 61
113 65
113 70
113 78
113 81
113 82
113 87
113 92
113 107
113 114
113 118
113 141
113 161
113 163
113 165
113 179
113 193
113 216
113 222
113 236
113 246
114 4
114 14
114 18
114 30
114 38
114 43
114 59
114 65
114 68
114 70
114 75
114 83
114 86
114 99
114 139
114 186
114 202
114 233
114 241
115 8
115 13
115 17
115 23
115 36
115 59
115 70
115 88
115 104
115 107
115 123
115 126
115 129
115 138
115 156
115 172
115 188
115 192
115 193
115 231
115 233
115 236
116 0
116 10
116 17
116 22
116 31
116 38
116 45
116 53
116 56
116 65
116 75
116 115
116 118
116 145
116 153
116 158
116 177
116 185
116 198
116 204
116 218
116 231
116 235
116 236
117 15
117 21
117 24
117 27
117 32
117 36
117 37
117 53
117 55
117 59
117 61
117 66
117 70
117 80
117 81
117 90
117 104
117 108
117 134
117 156
117 164
117 172
117 185
117 187
117 207
117 208
117 219
117 223
117 232
117 233
117 234
117 239
117 248
118 5
118 6
118 41
118 49
118 51
118 90
118 93
118 97
118 109
118 119
118 120
118 124
118 132
118 140
118 144
118 175
118 178
118 183
118 189
118 208
118 224
118 229
118 239
118 249
119 4
119 12
119 30
119 33
119 42
119 49
119 61
119 64
119 68
119 89
119 90
119 97
119 113
119 121
119 125
119 133
119 138
119 143
119 150
119 155
119 158
119 161
119 173
119 174
119 175
119 176
119 179
119 181
119 184
119 185
119 189
119 200
119 203
119 209
119 210
119 211
119 213
119 216
119 229
119 240
120 9
120 32
120 44
120 53
120 54
120 56
120 64
120 70
120 74
120 80
120 82
120 107
120 112
120 116
120 118
120 130
120 153
120 167
120 186
120 207
120 209
120 218
120 219
120 228
120 236
120 248
121 16
121 21
121 22
121 42
121 50
121 60
121 79
121 100
121 101
121 106
121 133
121 160
121 190
121 192
121 208
121 210
121 227
121 247
122 2
122 5
122 8
122 18
122 37
122 40
122 62
122 63
122 81
122 86
122 96
122 112
122 113
122 118
122 120
122 126
122 139
122 165
122 174
122 179
122 216
122 238
123 7
123 28
123 31
123 44
123 48
123 62
123 67
123 68
123 74
123 82
123 95
123 97
123 98
123 131
123 134
123 144
123 165
123 167
123 175
123 187
123 191
123 221
123 229
124 14
124 20
124 36
124 39
124 87
124 94
124 117
124 118
124 125
124 142
124 151
124 175
124 186
124 188
124 194
124 197
124 217
124 241
124 247
125 0
125 4
125 8
125 10
125 20
125 35
125 40
125 49
125 52
125 54
125 57
125 75
125 83
125 90
125 97
125 100
125 119
125 122
125 159
125 160
125 161
125 169
125 171
125 172
125 181
125 198
125 199
125 202
125 210
125 217
125 224
125 233
125 234
125 235
126 15
126 46
126 49
126 53
126 70
126 79
126 81
126 95
126 101
126 108
126 109
126 110
126 159
126 181
126 189
126 202
126 203
126 208
126 219
126 224
126 231
126 232
126 246
127 6
127 10
127 11
127 33
127 35
127 42
127 44
127 52
127 55
127 64
127 67
127 70
127 74
127 76
127 78
127 85
127 91
127 108
127 125
127 153
127 155
127 174
127 178
127 181
127 193
127 224
127 228
128 9
128 27
128 61
128 77
128 79
128 92
128 94
128 106
128 136
128 145
128 152
128 153
128 165
128 186
128 191
128 192
128 209
128 211
128 212
128 213
128 233
128 237
128 243
128 244
129 1
129 7
129 75
129 78
129 79
129 80
129 81
129 87
129 142
129 164
129 174
129 179
129 184
129 187
129 199
129 201
129 217
129 225
129 240
130 22
130 29
130 34
130 42
130 43
130 45
130 46
130 48
130 50
130 63
130 93
130 95
130 99
130 108
130 109
130 127
130 140
130 141
130 150
130 151
130 192
130 207
130 215
130 229
130 238
131 4
131 21
131 28
131 32
131 35
131 37
131 45
131 55
131 74
131 77
131 79
131 85
131 91
131 101
131 114
131 125
131 168
131 170
131 172
131 190
131 194
131 205
131 219
131 228
131 240
131 248
132 1
132 10
132 22
132 23
132 30
132 37
132 47
132 49
132 57
132 92
132 103
132 104
132 108
132 120
132 128
132 130
132 136
132 157
132 166
132 172
132 195
132 213
132 219
132 226
132 231
132 245
133 3
133 10
133 18
133 20
133 24
133 29
133 31
133 34
133 47
133 63
133 72
133 101
133 105
133 107
133 111
133 124
133 128
133 143
133 159
133 161
133 165
133 177
133 181
133 210
133 213
133 239
133 246
133 248
134 10
134 22
134 47
134 54
134 56
134 77
134 83
134 85
134 86
134 94
134 165
134 182
134 186
134 192
134 221
134 224
134 226
134 233
134 237
134 240
134 247
135 10
135 23
135 24
135 27
135 58
135 60
135 61
135 62
135 83
135 93
135 97
135 100
135 130
135 153
135 161
135 169
135 171
135 179
135 187
135 193
135 196
135 214
135 219
135 222
135 229
135 235
135 247
136 10
136 16
136 23
136 28
136 32
136 34
136 37
136 57
136 72
136 73
136 75
136 83
136 86
136 97
136 107
136 125
136 156
136 157
136 169
136 183
136 193
136 204
136 208
136 209
136 216
136 224
136 247
137 0
137 15
137 22
137 42
137 62
137 70
137 81
137 85
137 87
137 88
137 94
137 97
137 102
137 105
137 116
137 120
137 130
137 133
137 138
137 150
137 154
137 179
137 194
137 195
137 203
137 211
137 229
137 237
137 241
137 244
138 16
138 44
138 45
138 52
138 55
138 83
138 85
138 97
138 100
138 109
138 114
138 121
138 138
138 149
138 154
138 193
138 203
138 208
138 210
138 218
138 234
138 245
138 249
139 10
139 34
139 51
139 56
139 70
139 76
139 82
139 86
139 99
139 112
139 113
139 117
139 127
139 137
139 159
139 163
139 171
139 183
139 220
139 223
139 227
139 228
139 233
139 235
139 240
140 7
140 11
140 14
140 16
140 30
140 32
140 51
140 53
140 55
140 63
140 65
140 76
140 79
140 82
140 89
140 91
140 97
140 115
140 116
140 129
140 132
140 148
140 153
140 162
140 167
140 173
140 196
140 210
140 229
140 237
141 0
141 2
141 7
141 21
141 26
141 29
141 51
141 62
141 70
141 71
141 73
141 76
141 96
141 101
141 114
141 123
141 151
141 156
141 159
141 160
141 167
141 171
141 182
141 196
141 206
141 227
141 246
142 4
142 10
142 24
142 49
142 56
142 63
142 64
142 66
142 82
142 83
142 90
142 126
142 143
142 153
142 155
142 157
142 175
142 181
142 202
142 203
142 232
142 243
142 245
143 13
143 16
143 18
143 26
143 28
143 41
143 49
143 51
143 52
143 60
143 68
143 70
143 78
143 121
143 155
143 178
143 212
143 214
143 216
143 217
143 222
143 224
143 242
144 2
144 25
144 27
144 30
144 37
144 49
144 50
144 81
144 94
144 95
144 102
144 109
144 152
144 173
144 174
144 183
144 184
144 204
144 211
144 220
144 233
144 240
144 248
145 14
145 19
145 40
145 42
145 74
145 81
145 90
145 94
145 99
145 100
145 105
145 110
145 127
145 166
145 170
145 181
145 205
145 225
145 227
145 249
146 4
146 7
146 8
146 13
146 16
146 28
146 34
146 36
146 38
146 43
146 55
146 87
146 88
146 101
146 109
146 145
146 159
146 163
146 166
146 195
146 196
146 209
146 213
146 221
146 227
146 237
146 246
147 4
147 18
147 28
147 44
147 51
147 53
147 64
147 65
147 69
147 73
147 76
147 81
147 82
147 94
147 103
147 105
147 126
147 134
147 137
147 146
147 164
147 166
147 167
147 173
147 182
147 195
147 197
147 199
147 205
147 209
147 210
148 15
148 16
148 22
148 38
148 43
148 54
148 65
148 76
148 79
148 84
148 103
148 108
148 115
148 134
148 160
148 171
148 194
148 201
148 203
148 216
148 219
148 229
148 231
148 234
148 238
148 242
149 38
149 59
149 75
149 76
149 82
149 95
149 114
149 125
149 137
149 144
149 146
149 168
149 185
149 195
149 201
149 229
149 230
149 247
149 248
150 3
150 21
150 25
150 30
150 32
150 43
150 45
150 55
150 59
150 66
150 76
150 81
150 85
150 110
150 121
150 123
150 132
150 139
150 146
150 172
150 204
150 209
150 215
150 239
150 247
151 16
151 24
151 25
151 46
151 73
151 77
151 89
151 111
151 125
151 128
151 130
151 133
151 135
151 138
151 151
151 161
151 170
151 178
151 196
151 198
151 220
151 222
151 225
151 226
151 236
151 243
152 2
152 27
152 31
152 52
152 53
152 60
152 84
152 105
152 133
152 138
152 178
152 189
152 199
152 224
152 230
153 6
153 8
153 12
153 30
153 83
153 88
153 89
153 125
153 130
153 149
153 150
153 158
153 174
153 185
153 187
153 192
153 195
153 202
153 205
153 226
153 227
153 238
153 245
154 4
154 7
154 10
154 12
154 13
154 36
154 51
154 57
154 69
154 96
154 104
154 122
154 138
154 144
154 156
154 170
154 175
154 199
154 216
154 219
154 229
154 236
155 1
155 23
155 51
155 80
155 103
155 109
155 134
155 139
155 156
155 162
155 163
155 164
155 168
155 175
155 180
155 202
155 210
155 217
155 219
155 243
156 5
156 10
156 12
156 39
156 55
156 59
156 66
156 85
156 88
156 92
156 107
156 113
156 138
156 140
156 159
156 168
156 169
156 179
156 192
156 196
156 203
156 214
156 224
156 239
156 244
156 246
157 1
157 7
157 15
157 19
157 43
157 44
157 46
157 50
157 52
157 61
157 93
157 103
157 105
157 106
157 121
157 127
157 129
157 131
157 155
157 182
157 225
157 226
157 241
158 4
158 11
158 18
158 20
158 28
158 45
158 49
158 63
158 80
158 85
158 91
158 95
158 110
158 112
158 117
158 127
158 128
158 136
158 140
158 153
158 154
158 156
158 167
158 170
158 173
158 179
158 183
158 185
158 197
158 211
158 238
158 246
159 3
159 17
159 32
159 36
159 47
159 76
159 77
159 80
159 93
159 95
159 99
159 132
159 169
159 204
159 219
159 239
159 240
160 5
160 6
160 15
160 17
160 45
160 46
160 54
160 55
160 59
160 62
160 88
160 99
160 103
160 104
160 122
160 132
160 133
160 135
160 148
160 165
160 210
160 222
161 10
161 35
161 39
161 50
161 63
161 73
161 82
161 95
161 117
161 151
161 167
161 178
161 181
161 196
161 197
161 198
161 201
161 203
161 209
161 230
161 232
161 240
161 242
162 11
162 34
162 45
162 54
162 58
162 67
162 89
162 96
162 103
162 113
162 116
162 124
162 148
162 162
162 167
162 177
162 201
162 215
162 221
162 222
162 237
162 247
163 9
163 12
163 16
163 28
163 37
163 45
163 52
163 58
163 74
163 87
163 90
163 121
163 125
163 128
163 150
163 166
163 174
163 177
163 181
163 197
163 199
163 201
163 205
163 216
163 228
163 246
164 7
164 33
164 51
164 55
164 57
164 65
164 86
164 90
164 93
164 96
164 115
164 118
164 124
164 129
164 133
164 135
164 139
164 151
164 160
164 163
164 165
164 170
164 174
164 177
164 201
164 239
164 245
164 249
165 12
165 13
165 14
165 27
165 81
165 83
165 85
165 95
165 98
165 108
165 109
165 132
165 145
165 154
165 158
165 167
165 174
165 178
165 185
165 203
165 216
165 221
165 231
166 29
166 30
166 39
166 56
166 76
166 83
166 96
166 97
166 110
166 118
166 119
166 150
166 154
166 166
166 170
166 183
166 189
166 191
166 205
166 217
166 231
166 233
166 243
166 244
166 246
167 19
167 20
167 48
167 50
167 51
167 54
167 67
167 69
167 78
167 87
167 88
167 93
167 100
167 103
167 127
167 130
167 138
167 141
167 148
167 164
167 175
167 187
167 191
167 194
167 201
167 208
167 209
167 217
167 224
167 225
168 7
168 30
168 43
168 52
168 59
168 65
168 82
168 87
168 90
168 95
168 97
168 103
168 121
168 136
168 143
168 146
168 153
168 174
168 180
168 195
168 210
168 231
168 238
168 239
168 241
168 242
169 20
169 43
169 48
169 59
169 68
169 71
169 73
169 83
169 94
169 99
169 110
169 121
169 135
169 144
169 148
169 156
169 165
169 171
169 172
169 180
169 190
169 193
169 204
169 205
169 206
169 229
169 238
170 9
170 56
170 69
170 82
170 86
170 91
170 94
170 110
170 127
170 130
170 135
170 137
170 140
170 152
170 164
170 179
170 196
170 198
170 209
170 228
171 13
171 27
171 37
171 60
171 77
171 78
171 88
171 96
171 100
171 104
171 105
171 113
171 121
171 125
171 130
171 158
171 192
171 193
171 195
171 200
171 211
171 219
171 229
172 7
172 17
172 20
172 22
172 28
172 50
172 111
172 116
172 144
172 151
172 160
172 164
172 169
172 217
172 219
172 248
173 10
173 15
173 28
173 48
173 51
173 63
173 80
173 82
173 88
173 89
173 90
173 100
173 123
173 126
173 135
173 147
173 156
173 171
173 205
173 218
173 231
173 240
173 244
174 13
174 18
174 30
174 37
174 38
174 44
174 72
174 90
174 91
174 112
174 134
174 142
174 144
174 174
174 176
174 177
174 209
174 229
175 14
175 47
175 48
175 55
175 74
175 79
175 81
175 82
175 87
175 100
175 111
175 127
175 129
175 138
175 143
175 166
175 168
175 178
175 180
175 181
175 186
175 190
175 210
175 211
175 212
175 233
175 247
175 248
176 7
176 26
176 34
176 37
176 54
176 56
176 98
176 107
176 110
176 118
176 122
176 127
176 135
176 169
176 172
176 178
176 179
176 195
176 222
176 225
176 240
176 243
176 249
177 16
177 20
177 28
177 32
177 42
177 52
177 59
177 66
177 77
177 78
177 85
177 90
177 96
177 100
177 108
177 119
177 134
177 138
177 142
177 147
177 153
177 154
177 165
177 166
177 167
177 169
177 171
177 204
177 206
177 225
177 239
178 2
178 9
178 24
178 28
178 36
178 50
178 61
178 64
178 65
178 78
178 96
178 110
178 145
178 146
178 147
178 155
178 164
178 175
178 182
178 185
178 187
178 201
178 226
178 240
178 247
179 5
179 13
179 29
179 32
179 48
179 53
179 55
179 87
179 106
179 116
179 118
179 125
179 132
179 158
179 160
179 178
179 193
179 196
179 200
179 229
179 234
179 236
180 33
180 45
180 60
180 64
180 101
180 113
180 114
180 119
180 120
180 126
180 134
180 145
180 153
180 167
180 197
180 201
180 210
180 239
180 245
181 17
181 47
181 51
181 66
181 79
181 94
181 101
181 104
181 128
181 132
181 135
181 144
181 147
181 158
181 170
181 172
181 181
181 188
181 207
181 214
181 230
181 236
181 237
181 240
182 1
182 5
182 20
182 28
182 30
182 45
182 61
182 73
182 74
182 96
182 102
182 106
182 115
182 123
182 128
182 149
182 150
182 154
182 180
182 190
182 191
182 207
182 217
182 220
182 233
182 236
182 237
182 241
182 242
182 245
183 25
183 30
183 31
183 35
183 53
183 69
183 71
183 72
183 86
183 92
183 95
183 120
183 124
183 127
183 152
183 157
183 176
183 180
183 181
183 185
183 189
183 201
183 203
183 212
183 213
183 216
183 219
183 224
183 230
183 235
183 236
183 241
184 0
184 4
184 31
184 32
184 33
184 41
184 46
184 52
184 56
184 64
184 74
184 75
184 79
184 88
184 95
184 101
184 117
184 145
184 150
184 161
184 162
184 163
184 170
184 172
184 197
184 225
184 229
184 242
185 9
185 13
185 27
185 28
185 31
185 68
185 86
185 88
185 104
185 125
185 128
185 137
185 141
185 144
185 145
185 146
185 153
185 155
185 163
185 180
185 184
185 188
185 205
185 222
185 226
185 235
185 236
185 238
186 17
186 49
186 53
186 61
186 68
186 91
186 100
186 110
186 125
186 140
186 162
186 163
186 168
186 178
186 179
186 180
186 185
186 189
186 196
186 206
186 211
186 212
186 230
186 234
186 235
187 30
187 46
187 54
187 62
187 90
187 102
187 108
187 125
187 139
187 151
187 156
187 162
187 172
187 174
187 187
187 201
187 202
187 214
187 223
187 243
188 8
188 24
188 36
188 49
188 56
188 69
188 74
188 82
188 88
188 109
188 118
188 132
188 164
188 192
188 194
188 215
188 221
188 224
188 245
189 3
189 10
189 23
189 28
189 52
189 55
189 75
189 86
189 97
189 106
189 116
189 121
189 130
189 135
189 143
189 149
189 157
189 158
189 177
189 195
189 196
189 206
189 212
189 219
189 224
189 230
189 237
190 3
190 31
190 40
190 44
190 50
190 56
190 62
190 66
190 75
190 94
190 98
190 103
190 124
190 128
190 151
190 154
190 167
190 170
190 173
190 204
190 206
190 207
190 227
190 234
190 244
190 247
191 4
191 17
191 25
191 46
191 50
191 63
191 75
191 78
191 96
191 104
191 108
191 114
191 156
191 160
191 164
191 183
191 188
191 195
191 197
191 218
191 221
191 226
191 244
191 248
192 12
192 14
192 19
192 25
192 29
192 36
192 37
192 44
192 53
192 95
192 96
192 99
192 119
192 122
192 145
192 176
192 187
192 191
192 199
192 218
192 220
192 225
192 232
192 243
193 5
193 12
193 27
193 29
193 30
193 41
193 58
193 65
193 68
193 72
193 78
193 92
193 99
193 124
193 125
193 145
193 150
193 162
193 190
193 207
193 214
193 221
193 222
193 224
193 225
193 229
193 234
193 248
194 11
194 20
194 22
194 25
194 34
194 46
194 48
194 55
194 63
194 76
194 101
194 102
194 121
194 131
194 141
194 148
194 151
194 156
194 158
194 175
194 193
194 197
194 200
194 215
194 216
194 244
195 16
195 25
195 28
195 32
195 41
195 44
195 47
195 77
195 91
195 97
195 100
195 103
195 108
195 111
195 136
195 143
195 157
195 161
195 162
195 167
195 173
195 186
195 194
195 200
195 214
195 226
195 235
195 236
195 241
196 7
196 18
196 19
196 24
196 37
196 50
196 64
196 87
196 96
196 103
196 104
196 112
196 121
196 131
196 141
196 144
196 154
196 170
196 174
196 200
196 201
196 203
196 205
196 214
196 215
196 229
197 0
197 6
197 8
197 17
197 37
197 44
197 77
197 85
197 86
197 91
197 92
197 97
197 98
197 115
197 135
197 160
197 165
197 167
197 170
197 179
197 190
197 191
197 194
197 202
197 209
197 215
197 225
197 228
197 229
197 238
198 2
198 10
198 28
198 42
198 63
198 67
198 70
198 75
198 92
198 98
198 110
198 141
198 144
198 153
198 174
198 232
198 240
198 242
199 0
199 1
199 8
199 39
199 51
199 55
199 60
199 70
199 72
199 91
199 103
199 138
199 146
199 161
199 197
199 208
199 230
200 16
200 19
200 87
200 103
200 106
200 107
200 108
200 110
200 122
200 126
200 136
200 158
200 169
200 170
200 188
200 193
200 196
200 221
200 243
200 245
200 248
201 0
201 6
201 21
201 31
201 41
201 45
201 51
201 56
201 76
201 95
201 107
201 109
201 129
201 138
201 155
201 164
201 173
201 193
201 217
201 223
201 225
201 227
201 235
201 236
201 244
202 4
202 27
202 35
202 37
202 41
202 57
202 80
202 81
202 84
202 87
202 104
202 108
202 116
202 140
202 158
202 179
202 187
202 193
202 211
202 239
202 245
203 13
203 29
203 32
203 36
203 42
203 52
203 59
203 63
203 67
203 69
203 82
203 83
203 87
203 89
203 90
203 112
203 115
203 133
203 148
203 153
203 157
203 159
203 167
203 172
203 188
203 200
203 216
203 219
203 221
203 238
204 17
204 24
204 26
204 36
204 40
204 43
204 45
204 55
204 80
204 83
204 87
204 88
204 92
204 95
204 100
204 130
204 131
204 138
204 158
204 161
204 194
204 211
204 249
205 4
205 10
205 19
205 30
205 40
205 62
205 69
205 88
205 102
205 109
205 112
205 124
205 151
205 163
205 176
205 183
205 184
205 191
205 196
205 197
205 206
205 207
205 216
205 230
205 237
206 12
206 16
206 23
206 30
206 38
206 49
206 55
206 62
206 71
206 78
206 91
206 110
206 119
206 135
206 156
206 160
206 164
206 168
206 171
206 177
206 181
206 191
206 198
206 212
206 214
206 234
207 5
207 6
207 17
207 20
207 31
207 45
207 65
207 72
207 73
207 86
207 97
207 104
207 115
207 117
207 120
207 138
207 143
207 146
207 149
207 154
207 163
207 208
207 221
207 232
207 240
208 2
208 30
208 43
208 46
208 81
208 91
208 100
208 101
208 132
208 171
208 177
208 200
208 204
208 205
208 209
208 212
208 219
208 233
208 239
208 241
209 23
209 26
209 30
209 39
209 67
209 85
209 109
209 126
209 128
209 130
209 133
209 135
209 139
209 157
209 183
209 191
209 192
209 232
209 236
210 2
210 9
210 32
210 35
210 40
210 43
210 57
210 72
210 78
210 81
210 91
210 95
210 97
210 113
210 121
210 127
210 129
210 135
210 136
210 144
210 153
210 170
210 200
210 202
210 216
210 231
210 234
210 242
210 247
211 3
211 10
211 20
211 22
211 31
211 33
211 56
211 73
211 85
211 89
211 93
211 103
211 104
211 119
211 122
211 128
211 136
211 164
211 176
211 199
211 207
211 245
212 2
212 3
212 5
212 16
212 26
212 28
212 34
212 35
212 37
212 41
212 42
212 55
212 59
212 60
212 67
212 69
212 75
212 78
212 86
212 112
212 125
212 127
212 132
212 144
212 154
212 181
212 186
212 189
212 202
212 203
212 221
212 222
213 9
213 49
213 52
213 55
213 89
213 92
213 96
213 99
213 103
213 117
213 131
213 139
213 175
213 218
213 220
214 2
214 3
214 23
214 28
214 33
214 37
214 39
214 64
214 66
214 74
214 78
214 81
214 88
214 92
214 99
214 106
214 108
214 118
214 132
214 163
214 175
214 201
214 222
214 225
214 240
214 249
215 2
215 6
215 20
215 24
215 38
215 43
215 47
215 52
215 56
215 61
215 63
215 72
215 73
215 88
215 89
215 123
215 126
215 134
215 143
215 145
215 146
215 147
215 152
215 159
215 162
215 170
215 176
215 187
215 208
215 212
215 216
215 221
215 230
215 236
215 240
216 6
216 12
216 14
216 17
216 28
216 32
216 53
216 58
216 75
216 80
216 81
216 92
216 117
216 119
216 121
216 135
216 136
216 137
216 138
216 141
216 150
216 154
216 159
216 180
216 200
216 225
216 229
216 236
216 237
216 238
217 21
217 27
217 33
217 37
217 52
217 63
217 91
217 117
217 122
217 123
217 147
217 154
217 164
217 171
217 174
217 176
217 197
217 205
217 213
217 217
217 219
217 221
217 232
217 233
218 10
218 28
218 38
218 41
218 45
218 49
218 55
218 75
218 76
218 100
218 106
218 115
218 119
218 136
218 172
218 196
218 205
218 206
218 208
219 27
219 37
219 41
219 45
219 57
219 62
219 78
219 79
219 81
219 99
219 106
219 121
219 129
219 148
219 152
219 166
219 169
219 183
219 204
219 211
219 212
219 218
219 226
219 230
219 246
220 1
220 48
220 51
220 68
220 71
220 77
220 79
220 95
220 101
220 106
220 112
220 130
220 140
220 143
220 144
220 159
220 166
220 167
220 177
220 205
220 216
220 227
220 230
220 242
221 2
221 5
221 17
221 19
221 28
221 29
221 44
221 53
221 62
221 76
221 80
221 85
221 89
221 90
221 100
221 135
221 149
221 163
221 166
221 170
221 171
221 176
221 192
221 217
221 226
221 227
221 245
221 248
222 4
222 12
222 15
222 22
222 42
222 94
222 108
222 112
222 122
222 132
222 153
222 170
222 188
222 205
222 208
222 231
223 12
223 15
223 29
223 38
223 42
223 57
223 65
223 69
223 76
223 85
223 87
223 95
223 113
223 122
223 129
223 147
223 152
223 168
223 170
223 192
223 196
223 199
223 201
223 218
223 227
224 11
224 24
224 36
224 41
224 48
224 50
224 51
224 67
224 75
224 78
224 81
224 92
224 102
224 117
224 123
224 136
224 140
224 152
224 156
224 166
224 168
224 171
224 175
224 186
224 191
224 220
224 221
224 224
224 227
224 231
224 234
224 239
224 241
225 7
225 20
225 49
225 51
225 108
225 125
225 133
225 153
225 154
225 160
225 176
225 195
225 202
225 205
225 206
225 212
225 242
225 246
225 248
226 1
226 7
226 10
226 40
226 57
226 79
226 81
226 88
226 89
226 97
226 101
226 111
226 135
226 142
226 145
226 150
226 174
226 201
226 205
226 211
226 222
226 226
226 230
226 247
227 6
227 20
227 29
227 36
227 50
227 55
227 64
227 73
227 77
227 79
227 90
227 105
227 114
227 115
227 121
227 126
227 127
227 133
227 136
227 139
227 142
227 146
227 165
227 182
227 192
227 204
227 210
227 214
227 217
227 230
227 232
227 241
227 245
228 0
228 19
228 34
228 42
228 74
228 79
228 93
228 96
228 99
228 103
228 110
228 123
228 135
228 148
228 178
228 185
228 189
228 195
228 200
228 204
228 210
228 238
229 10
229 15
229 19
229 69
229 81
229 88
229 90
229 105
229 122
229 124
229 140
229 143
229 153
229 185
229 189
229 190
229 196
229 202
229 204
229 221
229 225
229 233
229 243
230 1
230 20
230 25
230 37
230 48
230 54
230 70
230 76
230 80
230 106
230 132
230 151
230 174
230 175
230 182
230 185
230 211
230 217
230 219
230 222
230 224
230 228
230 232
230 233
230 238
231 8
231 16
231 23
231 41
231 47
231 61
231 79
231 81
231 83
231 85
231 109
231 123
231 138
231 140
231 148
231 153
231 159
231 169
231 186
231 187
231 195
231 196
231 197
231 201
231 202
231 203
231 204
231 208
231 236
231 238
231 248
232 3
232 6
232 8
232 18
232 24
232 34
232 65
232 68
232 70
232 80
232 96
232 112
232 127
232 141
232 147
232 162
232 166
232 194
232 224
232 227
232 243
232 244
233 2
233 11
233 20
233 43
233 50
233 82
233 85
233 121
233 132
233 139
233 147
233 150
233 152
233 154
233 165
233 169
233 180
233 188
233 195
233 205
233 207
233 230
233 231
234 3
234 6
234 10
234 11
234 20
234 39
234 44
234 51
234 52
234 63
234 65
234 66
234 67
234 80
234 117
234 118
234 131
234 138
234 144
234 164
234 167
234 183
234 190
234 192
234 198
234 203
234 220
234 222
234 226
234 233
234 241
235 7
235 14
235 21
235 57
235 58
235 62
235 119
235 120
235 122
235 129
235 135
235 138
235 150
235 159
235 222
235 223
235 235
235 236
236 0
236 6
236 8
236 9
236 12
236 13
236 20
236 23
236 24
236 25
236 27
236 35
236 45
236 46
236 56
236 66
236 73
236 94
236 96
236 114
236 131
236 132
236 136
236 146
236 162
236 165
236 166
236 186
236 188
236 190
236 193
236 231
236 235
236 239
236 245
237 2
237 4
237 5
237 12
237 22
237 23
237 34
237 45
237 48
237 51
237 55
237 92
237 95
237 126
237 132
237 139
237 142
237 146
237 149
237 159
237 162
237 169
237 170
237 184
237 188
237 214
237 226
237 227
237 238
237 241
238 4
238 17
238 23
238 24
238 26
238 28
238 33
238 49
238 59
238 73
238 77
238 87
238 95
238 103
238 131
238 137
238 143
238 166
238 172
238 179
238 181
238 186
238 218
238 224
238 228
238 238
238 240
238 241
238 244
238 248
239 4
239 14
239 21
239 26
239 43
239 49
239 61
239 64
239 67
239 71
239 82
239 83
239 86
239 96
239 108
239 110
239 111
239 134
239 150
239 161
239 166
239 169
239 170
239 176
239 177
239 179
239 181
239 187
239 191
239 192
239 203
239 210
239 231
239 240
239 247
240 3
240 10
240 12
240 15
240 24
240 30
240 50
240 75
240 82
240 94
240 114
240 115
240 122
240 126
240 135
240 152
240 173
240 196
240 199
240 209
240 215
240 220
240 225
241 17
241 29
241 44
241 46
241 50
241 54
241 55
241 60
241 66
241 92
241 100
241 111
241 112
241 124
241 126
241 129
241 139
241 143
241 144
241 158
241 164
241 177
241 191
241 200
241 208
241 212
242 13
242 15
242 17
242 34
242 35
242 40
242 49
242 54
242 59
242 62
242 72
242 86
242 93
242 98
242 106
242 121
242 132
242 146
242 148
242 155
242 158
242 163
242 173
242 184
242 193
242 204
242 212
242 217
242 220
242 221
242 230
242 243
243 9
243 15
243 23
243 24
243 37
243 38
243 48
243 57
243 69
243 73
243 87
243 104
243 124
243 136
243 152
243 164
243 165
243 216
243 220
243 233
243 246
243 247
244 16
244 29
244 32
244 47
244 52
244 53
244 54
244 65
244 75
244 81
244 82
244 84
244 120
244 135
244 136
244 155
244 177
244 188
244 198
244 200
244 204
244 215
244 218
244 231
245 8
245 13
245 16
245 29
245 37
245 43
245 60
245 68
245 75
245 90
245 92
245 95
245 114
245 116
245 122
245 133
245 176
245 186
245 206
245 229
245 233
245 243
246 0
246 13
246 16
246 29
246 43
246 49
246 50
246 75
246 76
246 85
246 87
246 91
246 100
246 104
246 108
246 112
246 120
246 124
246 152
246 155
246 159
246 164
246 169
246 190
246 191
246 196
246 198
246 209
246 214
246 223
246 230
246 242
247 13
247 42
247 52
247 58
247 63
247 67
247 68
247 75
247 80
247 95
247 105
247 109
247 122
247 136
247 142
247 156
247 157
247 182
247 195
247 232
248 20
248 22
248 42
248 44
248 47
248 52
248 55
248 56
248 65
248 74
248 80
248 89
248 105
248 109
248 119
248 122
248 123
248 124
248 131
248 135
248 136
248 143
248 151
248 167
248 168
248 173
248 177
248 187
248 195
248 206
248 245
249 8
249 17
249 34
249 40
249 49
249 52
249 61
249 73
249 91
249 97
249 128
249 129
249 130
249 132
249 137
249 141
249 142
249 143
249 146
249 166
249 175
249 226
249 234
249 237
249 244
