250
12500
0 1
0 3
0 7
0 11
0 13
0 16
0 17
0 22
0 33
0 34
0 35
0 55
0 67
0 71
0 78
0 87
0 88
0 94
0 99
0 106
0 112
0 121
0 122
0 129
0 134
0 137
0 139
0 146
0 147
0 151
0 165
0 171
0 175
0 181
0 183
0 187
0 191
0 200
0 207
0 211
0 212
0 218
0 221
0 222
0 228
0 229
0 237
0 239
0 241
0 247
1 7
1 10
1 20
1 23
1 28
1 29
1 37
1 43
1 45
1 48
1 50
1 51
1 52
1 54
1 57
1 58
1 62
1 63
1 65
1 66
1 67
1 80
1 83
1 87
1 92
1 95
1 102
1 106
1 108
1 118
1 127
1 131
1 135
1 148
1 159
1 160
1 170
1 182
1 186
1 187
1 196
1 205
1 206
1 210
1 211
1 213
1 214
1 215
1 218
1 224
1 226
1 232
1 240
1 247
2 3
2 6
2 9
2 12
2 15
2 24
2 27
2 32
2 34
2 39
2 48
2 49
2 50
2 51
2 56
2 67
2 69
2 74
2 76
2 79
2 84
2 92
2 93
2 98
2 111
2 114
2 125
2 130
2 147
2 148
2 150
2 154
2 164
2 167
2 172
2 178
2 182
2 185
2 189
2 190
2 191
2 198
2 200
2 206
2 207
2 217
2 218
2 224
2 228
2 236
2 238
2 240
2 246
2 247
3 11
3 13
3 17
3 18
3 20
3 27
3 34
3 36
3 42
3 57
3 58
3 66
3 74
3 76
3 85
3 88
3 91
3 95
3 104
3 108
3 119
3 130
3 139
3 151
3 157
3 163
3 174
3 182
3 183
3 189
3 190
3 198
3 205
3 206
3 223
3 226
3 228
3 245
3 246
4 0
4 3
4 4
4 10
4 17
4 36
4 38
4 44
4 63
4 66
4 76
4 78
4 85
4 87
4 94
4 95
4 96
4 98
4 99
4 110
4 115
4 117
4 121
4 122
4 126
4 129
4 130
4 131
4 137
4 152
4 160
4 164
4 168
4 174
4 177
4 178
4 182
4 188
4 189
4 194
4 199
4 210
4 213
4 217
4 224
4 225
4 237
4 240
4 242
4 243
4 244
4 247
5 8
5 11
5 12
5 15
5 24
5 29
5 35
5 40
5 42
5 53
5 56
5 64
5 65
5 77
5 82
5 93
5 99
5 105
5 106
5 111
5 124
5 129
5 134
5 136
5 141
5 144
5 154
5 156
5 162
5 163
5 167
5 174
5 175
5 190
5 199
5 200
5 209
5 211
5 225
5 233
5 234
5 235
5 236
5 237
6 2
6 10
6 12
6 16
6 18
6 32
6 57
6 61
6 68
6 69
6 72
6 87
6 103
6 112
6 113
6 116
6 117
6 119
6 123
6 128
6 131
6 154
6 157
6 167
6 172
6 180
6 183
6 188
6 189
6 190
6 197
6 200
6 204
6 209
6 219
6 230
6 231
6 234
6 235
6 241
6 242
6 247
7 0
7 5
7 13
7 17
7 18
7 30
7 41
7 42
7 43
7 44
7 52
7 53
7 60
7 64
7 79
7 89
7 93
7 100
7 101
7 103
7 105
7 108
7 117
7 128
7 138
7 143
7 152
7 153
7 164
7 169
7 178
7 184
7 186
7 193
7 197
7 204
7 205
7 210
7 211
7 214
7 218
7 222
7 223
7 227
7 247
7 248
8 4
8 14
8 15
8 17
8 22
8 29
8 30
8 31
8 35
8 44
8 54
8 61
8 64
8 69
8 70
8 73
8 74
8 75
8 79
8 81
8 84
8 85
8 91
8 92
8 97
8 110
8 111
8 115
8 117
8 119
8 123
8 126
8 145
8 154
8 159
8 163
8 167
8 172
8 173
8 177
8 184
8 189
8 190
8 197
8 198
8 201
8 211
8 213
8 224
8 227
8 228
8 230
8 232
8 234
8 236
8 242
8 245
8 247
9 3
9 11
9 22
9 29
9 30
9 32
9 36
9 40
9 65
9 66
9 74
9 76
9 80
9 82
9 87
9 88
9 91
9 93
9 98
9 103
9 117
9 121
9 128
9 132
9 135
9 137
9 142
9 146
9 151
9 152
9 155
9 162
9 169
9 170
9 174
9 177
9 179
9 180
9 186
9 187
9 188
9 191
9 197
9 199
9 201
9 208
9 213
9 215
9 220
9 224
9 238
9 239
9 247
10 5
10 6
10 9
10 10
10 15
10 21
10 22
10 23
10 26
10 35
10 39
10 40
10 51
10 58
10 68
10 74
10 79
10 80
10 86
10 87
10 88
10 91
10 103
10 105
10 112
10 119
10 123
10 128
10 131
10 142
10 143
10 144
10 155
10 157
10 158
10 175
10 178
10 183
10 187
10 189
10 199
10 202
10 203
10 204
10 209
10 219
10 234
10 242
10 246
10 247
10 249
11 5
11 17
11 23
11 26
11 30
11 53
11 56
11 65
11 70
11 75
11 79
11 83
11 94
11 96
11 99
11 111
11 121
11 130
11 138
11 141
11 154
11 160
11 161
11 164
11 167
11 173
11 181
11 182
11 184
11 193
11 194
11 200
11 201
11 202
11 211
11 212
11 213
11 215
11 218
11 219
11 222
11 226
11 227
11 229
11 233
11 234
12 3
12 10
12 17
12 20
12 21
12 28
12 38
12 39
12 43
12 48
12 64
12 74
12 78
12 88
12 89
12 95
12 97
12 109
12 115
12 117
12 118
12 123
12 125
12 127
12 129
12 135
12 138
12 141
12 143
12 145
12 148
12 152
12 156
12 174
12 176
12 180
12 188
12 191
12 195
12 198
12 200
12 203
12 207
12 209
12 217
12 222
12 235
12 236
12 237
12 239
12 240
12 242
12 244
13 4
13 7
13 8
13 10
13 17
13 29
13 32
13 33
13 38
13 56
13 60
13 69
13 71
13 72
13 76
13 92
13 106
13 107
13 112
13 124
13 125
13 129
13 130
13 131
13 133
13 138
13 139
13 142
13 143
13 150
13 151
13 163
13 171
13 178
13 181
13 189
13 193
13 204
13 206
13 209
13 212
13 213
13 225
13 230
13 235
14 2
14 3
14 4
14 13
14 15
14 22
14 24
14 26
14 29
14 41
14 53
14 56
14 59
14 67
14 72
14 85
14 90
14 100
14 104
14 110
14 111
14 112
14 114
14 116
14 117
14 119
14 131
14 145
14 151
14 155
14 157
14 158
14 160
14 164
14 165
14 168
14 174
14 175
14 179
14 197
14 200
14 209
14 218
14 222
14 223
14 226
14 227
14 230
14 240
14 246
14 247
14 248
15 4
15 8
15 10
15 17
15 22
15 34
15 37
15 39
15 45
15 49
15 54
15 61
15 69
15 70
15 72
15 88
15 106
15 114
15 115
15 117
15 118
15 129
15 133
15 135
15 137
15 140
15 141
15 154
15 157
15 158
15 159
15 161
15 163
15 168
15 174
15 175
15 184
15 192
15 196
15 199
15 207
15 211
15 213
15 218
15 221
15 224
15 225
15 232
15 234
16 4
16 7
16 10
16 15
16 17
16 18
16 32
16 37
16 39
16 41
16 45
16 48
16 60
16 68
16 80
16 84
16 89
16 114
16 125
16 130
16 133
16 144
16 146
16 149
16 154
16 156
16 157
16 162
16 170
16 187
16 188
16 193
16 194
16 208
16 214
16 217
16 220
16 224
16 230
16 232
16 247
17 9
17 12
17 19
17 26
17 30
17 36
17 37
17 38
17 40
17 44
17 45
17 47
17 53
17 74
17 75
17 77
17 79
17 88
17 89
17 96
17 99
17 110
17 111
17 113
17 123
17 125
17 142
17 150
17 151
17 157
17 159
17 171
17 173
17 182
17 190
17 197
17 198
17 212
17 213
17 215
17 218
17 220
17 227
17 232
17 234
17 243
17 245
17 248
18 3
18 13
18 15
18 16
18 19
18 20
18 44
18 61
18 74
18 82
18 86
18 91
18 95
18 100
18 102
18 104
18 111
18 112
18 115
18 127
18 131
18 138
18 139
18 152
18 155
18 161
18 171
18 173
18 175
18 177
18 182
18 183
18 184
18 186
18 187
18 189
18 190
18 196
18 197
18 201
18 206
18 217
18 222
18 228
18 241
18 244
18 247
19 6
19 10
19 12
19 15
19 18
19 19
19 22
19 32
19 34
19 37
19 41
19 42
19 53
19 70
19 74
19 80
19 81
19 89
19 91
19 101
19 119
19 121
19 122
19 125
19 129
19 132
19 135
19 136
19 142
19 145
19 150
19 151
19 156
19 163
19 167
19 170
19 174
19 177
19 184
19 187
19 191
19 192
19 195
19 200
19 204
19 207
19 209
19 213
19 226
19 227
19 229
19 236
19 239
20 0
20 1
20 4
20 5
20 7
20 10
20 12
20 19
20 21
20 23
20 36
20 40
20 47
20 48
20 56
20 57
20 59
20 64
20 65
20 68
20 71
20 72
20 75
20 76
20 81
20 83
20 87
20 99
20 108
20 109
20 110
20 112
20 118
20 125
20 132
20 134
20 143
20 148
20 149
20 151
20 155
20 158
20 167
20 169
20 172
20 179
20 186
20 191
20 194
20 210
20 213
20 215
20 216
20 219
20 233
20 235
20 240
20 241
20 244
20 246
20 248
20 249
21 6
21 7
21 17
21 23
21 25
21 26
21 27
21 29
21 30
21 31
21 32
21 33
21 38
21 39
21 43
21 46
21 52
21 60
21 66
21 68
21 71
21 80
21 83
21 88
21 93
21 96
21 99
21 104
21 105
21 110
21 113
21 119
21 122
21 125
21 131
21 139
21 142
21 151
21 156
21 160
21 169
21 179
21 184
21 185
21 198
21 201
21 210
21 211
21 217
21 224
21 226
21 238
21 239
21 242
21 244
22 9
22 18
22 21
22 28
22 48
22 62
22 63
22 68
22 73
22 78
22 91
22 100
22 101
22 105
22 106
22 110
22 117
22 121
22 125
22 156
22 160
22 167
22 173
22 181
22 187
22 192
22 205
22 208
22 209
22 210
22 211
22 212
22 213
22 218
22 225
22 234
22 235
22 242
22 247
22 249
23 4
23 18
23 26
23 27
23 35
23 43
23 46
23 48
23 59
23 62
23 68
23 71
23 78
23 87
23 96
23 100
23 106
23 113
23 117
23 121
23 125
23 127
23 132
23 140
23 153
23 162
23 165
23 167
23 178
23 181
23 197
23 198
23 202
23 205
23 206
23 217
23 218
23 220
23 222
23 226
23 231
23 234
23 235
23 240
23 242
23 247
24 1
24 9
24 10
24 27
24 29
24 33
24 35
24 39
24 47
24 61
24 65
24 73
24 80
24 81
24 82
24 89
24 92
24 93
24 99
24 106
24 115
24 129
24 131
24 140
24 150
24 157
24 161
24 163
24 165
24 183
24 185
24 187
24 189
24 197
24 213
24 219
24 225
24 231
24 233
24 244
24 249
25 2
25 4
25 6
25 8
25 9
25 28
25 29
25 38
25 41
25 52
25 69
25 70
25 74
25 79
25 80
25 84
25 87
25 88
25 96
25 98
25 103
25 104
25 106
25 108
25 117
25 119
25 125
25 133
25 135
25 138
25 147
25 148
25 150
25 156
25 159
25 164
25 166
25 168
25 173
25 186
25 188
25 192
25 194
25 204
25 214
25 225
25 229
25 233
25 245
25 249
26 4
26 8
26 9
26 10
26 23
26 26
26 32
26 35
26 38
26 54
26 56
26 59
26 63
26 65
26 66
26 77
26 78
26 79
26 87
26 92
26 93
26 109
26 113
26 127
26 131
26 144
26 150
26 155
26 156
26 166
26 167
26 173
26 178
26 183
26 185
26 188
26 193
26 202
26 212
26 220
26 223
26 231
26 239
26 240
26 243
26 247
27 5
27 7
27 8
27 15
27 17
27 20
27 25
27 30
27 32
27 41
27 45
27 56
27 58
27 59
27 62
27 69
27 70
27 73
27 78
27 88
27 99
27 100
27 101
27 102
27 104
27 106
27 109
27 110
27 119
27 122
27 133
27 138
27 140
27 141
27 142
27 144
27 146
27 151
27 154
27 168
27 170
27 173
27 178
27 186
27 189
27 190
27 196
27 197
27 198
27 201
27 207
27 215
27 216
27 220
27 223
27 229
27 234
27 236
27 238
28 9
28 16
28 20
28 23
28 25
28 26
28 30
28 32
28 33
28 34
28 62
28 64
28 72
28 77
28 82
28 87
28 97
28 100
28 101
28 110
28 112
28 114
28 118
28 137
28 138
28 140
28 143
28 152
28 153
28 155
28 160
28 161
28 164
28 165
28 180
28 191
28 197
28 201
28 204
28 205
28 206
28 207
28 211
28 215
28 219
28 220
28 224
28 225
28 234
28 235
28 245
28 247
29 1
29 6
29 7
29 10
29 17
29 29
29 39
29 43
29 44
29 49
29 51
29 56
29 62
29 67
29 72
29 79
29 80
29 81
29 83
29 84
29 86
29 88
29 105
29 108
29 125
29 126
29 136
29 146
29 147
29 151
29 158
29 159
29 162
29 166
29 176
29 180
29 199
29 200
29 201
29 204
29 206
29 208
29 215
29 221
29 222
29 232
29 237
29 248
30 4
30 5
30 10
30 14
30 20
30 24
30 28
30 35
30 41
30 42
30 43
30 44
30 51
30 58
30 61
30 62
30 64
30 65
30 69
30 80
30 81
30 82
30 84
30 89
30 90
30 93
30 94
30 96
30 103
30 105
30 107
30 109
30 112
30 116
30 117
30 126
30 127
30 134
30 138
30 144
30 150
30 154
30 159
30 162
30 173
30 175
30 177
30 180
30 184
30 187
30 188
30 204
30 207
30 210
30 221
30 222
30 224
30 225
30 230
30 233
30 241
30 247
31 3
31 9
31 10
31 11
31 13
31 17
31 18
31 24
31 33
31 34
31 35
31 38
31 40
31 50
31 57
31 58
31 67
31 68
31 70
31 71
31 73
31 78
31 81
31 93
31 94
31 99
31 101
31 104
31 106
31 112
31 113
31 123
31 125
31 128
31 147
31 151
31 153
31 155
31 162
31 164
31 168
31 173
31 176
31 179
31 180
31 185
31 190
31 192
31 199
31 205
31 207
31 218
31 224
31 225
31 235
31 238
31 243
31 244
31 245
32 0
32 9
32 20
32 21
32 34
32 36
32 39
32 49
32 51
32 56
32 61
32 62
32 67
32 68
32 76
32 82
32 89
32 92
32 94
32 100
32 103
32 104
32 108
32 109
32 110
32 118
32 119
32 128
32 142
32 143
32 147
32 164
32 168
32 172
32 176
32 178
32 185
32 199
32 201
32 206
32 208
32 209
32 214
32 215
32 216
32 218
32 219
32 224
32 232
32 234
32 237
32 239
32 242
32 247
33 1
33 2
33 11
33 14
33 16
33 21
33 29
33 30
33 32
33 33
33 35
33 38
33 40
33 42
33 43
33 44
33 47
33 52
33 54
33 64
33 70
33 75
33 76
33 77
33 82
33 86
33 87
33 88
33 96
33 99
33 100
33 104
33 113
33 116
33 119
33 120
33 128
33 129
33 133
33 143
33 144
33 145
33 148
33 149
33 152
33 154
33 169
33 170
33 176
33 188
33 195
33 206
33 210
33 212
33 213
33 225
33 231
33 233
33 235
33 236
33 237
33 240
33 243
34 4
34 13
34 16
34 17
34 18
34 29
34 31
34 33
34 47
34 50
34 60
34 63
34 67
34 76
34 77
34 79
34 85
34 105
34 111
34 124
34 127
34 129
34 130
34 141
34 143
34 146
34 151
34 166
34 168
34 185
34 195
34 196
34 197
34 204
34 207
34 214
34 230
34 235
34 236
35 3
35 9
35 16
35 19
35 22
35 25
35 30
35 32
35 34
35 35
35 43
35 53
35 62
35 65
35 66
35 67
35 68
35 75
35 76
35 77
35 81
35 90
35 92
35 115
35 117
35 126
35 127
35 133
35 135
35 140
35 162
35 164
35 170
35 171
35 176
35 177
35 181
35 193
35 200
35 210
35 211
35 217
35 218
35 222
35 232
35 246
35 248
36 1
36 11
36 12
36 15
36 17
36 20
36 35
36 38
36 40
36 41
36 45
36 47
36 66
36 77
36 92
36 102
36 106
36 114
36 121
36 125
36 128
36 135
36 139
36 151
36 160
36 163
36 164
36 170
36 172
36 179
36 180
36 182
36 188
36 193
36 210
36 214
36 224
36 225
36 241
37 1
37 8
37 9
37 11
37 21
37 24
37 25
37 31
37 32
37 37
37 39
37 42
37 47
37 49
37 54
37 57
37 58
37 60
37 70
37 72
37 76
37 78
37 80
37 87
37 92
37 93
37 96
37 98
37 110
37 114
37 122
37 127
37 137
37 146
37 159
37 163
37 166
37 167
37 171
37 172
37 174
37 175
37 176
37 185
37 197
37 204
37 207
37 210
37 216
37 222
37 223
37 231
37 232
37 238
37 242
37 243
37 248
38 6
38 7
38 8
38 11
38 15
38 17
38 20
38 30
38 32
38 51
38 53
38 54
38 56
38 58
38 63
38 72
38 77
38 85
38 89
38 98
38 99
38 100
38 114
38 119
38 122
38 125
38 126
38 128
38 130
38 136
38 137
38 139
38 143
38 147
38 157
38 160
38 164
38 171
38 179
38 184
38 194
38 204
38 205
38 207
38 209
38 211
38 220
38 240
38 249
39 11
39 17
39 19
39 22
39 29
39 32
39 34
39 36
39 41
39 46
39 48
39 56
39 61
39 65
39 67
39 75
39 83
39 87
39 98
39 99
39 103
39 107
39 119
39 125
39 130
39 136
39 147
39 148
39 149
39 155
39 160
39 161
39 165
39 166
39 176
39 194
39 195
39 201
39 206
39 207
39 208
39 215
39 224
39 225
39 236
39 237
39 239
39 243
39 245
40 17
40 24
40 26
40 39
40 40
40 43
40 56
40 58
40 59
40 62
40 72
40 73
40 77
40 78
40 79
40 88
40 89
40 90
40 93
40 98
40 106
40 108
40 111
40 118
40 120
40 123
40 130
40 139
40 140
40 145
40 146
40 147
40 154
40 156
40 163
40 169
40 170
40 177
40 188
40 189
40 190
40 200
40 202
40 210
40 219
40 228
40 231
40 233
40 236
40 249
41 1
41 5
41 8
41 9
41 15
41 31
41 36
41 43
41 44
41 47
41 48
41 55
41 59
41 63
41 64
41 78
41 83
41 95
41 103
41 109
41 112
41 114
41 115
41 123
41 126
41 128
41 145
41 150
41 168
41 190
41 194
41 200
41 208
41 219
41 227
41 235
41 243
41 244
42 3
42 5
42 11
42 12
42 13
42 28
42 31
42 33
42 41
42 42
42 43
42 49
42 54
42 58
42 59
42 64
42 67
42 68
42 80
42 83
42 87
42 90
42 94
42 95
42 98
42 112
42 115
42 118
42 129
42 134
42 139
42 143
42 150
42 154
42 157
42 158
42 164
42 165
42 166
42 167
42 177
42 192
42 193
42 200
42 202
42 209
42 215
42 216
42 217
42 227
42 228
42 245
42 247
43 0
43 7
43 20
43 28
43 43
43 55
43 60
43 61
43 72
43 96
43 97
43 98
43 100
43 101
43 113
43 114
43 117
43 118
43 119
43 121
43 126
43 128
43 134
43 140
43 142
43 146
43 147
43 170
43 177
43 179
43 180
43 186
43 190
43 200
43 203
43 209
43 211
43 214
43 220
43 222
43 227
43 229
43 239
43 245
43 247
44 9
44 12
44 25
44 27
44 30
44 31
44 32
44 36
44 45
44 50
44 52
44 55
44 56
44 58
44 63
44 65
44 67
44 68
44 78
44 80
44 85
44 86
44 89
44 92
44 96
44 98
44 102
44 104
44 112
44 122
44 123
44 124
44 126
44 140
44 141
44 143
44 152
44 156
44 160
44 168
44 170
44 186
44 191
44 197
44 199
44 206
44 207
44 217
44 219
44 221
44 222
44 223
44 226
44 236
44 237
44 244
44 247
44 248
45 3
45 5
45 19
45 26
45 33
45 36
45 37
45 42
45 47
45 49
45 50
45 51
45 52
45 59
45 63
45 87
45 91
45 92
45 102
45 103
45 106
45 108
45 112
45 114
45 115
45 123
45 127
45 128
45 131
45 132
45 148
45 149
45 150
45 154
45 155
45 161
45 175
45 180
45 194
45 203
45 212
45 223
45 228
45 234
45 239
45 247
46 2
46 12
46 18
46 22
46 24
46 26
46 31
46 33
46 40
46 43
46 44
46 46
46 58
46 59
46 64
46 74
46 101
46 103
46 105
46 118
46 125
46 133
46 141
46 150
46 158
46 160
46 163
46 164
46 167
46 169
46 174
46 178
46 197
46 198
46 208
46 224
46 232
46 245
46 248
47 2
47 22
47 26
47 31
47 34
47 37
47 44
47 47
47 50
47 51
47 57
47 63
47 71
47 77
47 79
47 83
47 85
47 87
47 92
47 95
47 97
47 103
47 106
47 115
47 120
47 124
47 127
47 131
47 132
47 133
47 138
47 141
47 144
47 156
47 165
47 166
47 181
47 187
47 188
47 193
47 201
47 204
47 206
47 209
47 213
47 214
47 221
47 223
47 227
47 229
47 230
47 232
47 234
47 235
47 240
47 245
48 4
48 5
48 7
48 24
48 25
48 31
48 33
48 36
48 38
48 39
48 48
48 53
48 62
48 63
48 75
48 76
48 78
48 85
48 97
48 103
48 106
48 113
48 120
48 122
48 125
48 130
48 142
48 144
48 148
48 149
48 150
48 191
48 195
48 206
48 210
48 218
48 224
48 225
48 228
48 233
48 236
48 237
48 239
48 241
48 245
48 248
49 0
49 4
49 5
49 6
49 9
49 12
49 15
49 20
49 29
49 30
49 38
49 39
49 43
49 46
49 47
49 50
49 53
49 70
49 72
49 85
49 88
49 95
49 96
49 97
49 103
49 106
49 113
49 128
49 129
49 135
49 140
49 144
49 153
49 160
49 161
49 165
49 177
49 180
49 183
49 188
49 189
49 196
49 197
49 200
49 203
49 204
49 208
49 209
49 225
49 229
49 241
49 248
50 1
50 2
50 3
50 5
50 6
50 16
50 21
50 29
50 39
50 46
50 47
50 54
50 61
50 62
50 63
50 67
50 68
50 81
50 83
50 84
50 85
50 92
50 93
50 94
50 100
50 103
50 109
50 118
50 120
50 123
50 129
50 145
50 147
50 149
50 158
50 159
50 160
50 168
50 179
50 184
50 185
50 188
50 190
50 207
50 209
50 228
50 239
50 242
50 245
50 248
51 5
51 8
51 9
51 13
51 20
51 21
51 25
51 29
51 33
51 35
51 38
51 47
51 50
51 52
51 55
51 60
51 63
51 64
51 70
51 73
51 81
51 82
51 88
51 108
51 109
51 130
51 135
51 136
51 139
51 141
51 142
51 149
51 154
51 159
51 161
51 164
51 167
51 183
51 186
51 190
51 194
51 198
51 199
51 210
51 213
51 215
51 217
51 219
51 227
51 229
51 240
51 243
51 245
51 246
52 1
52 2
52 3
52 12
52 14
52 20
52 28
52 32
52 35
52 36
52 37
52 40
52 49
52 53
52 54
52 61
52 69
52 71
52 73
52 75
52 76
52 79
52 83
52 88
52 94
52 100
52 102
52 105
52 116
52 125
52 133
52 136
52 137
52 142
52 145
52 149
52 150
52 151
52 153
52 156
52 170
52 179
52 186
52 195
52 201
52 205
52 212
52 221
52 222
52 225
52 232
52 238
52 242
53 4
53 8
53 9
53 12
53 21
53 24
53 42
53 43
53 56
53 58
53 61
53 64
53 65
53 74
53 81
53 94
53 97
53 101
53 103
53 105
53 110
53 113
53 120
53 123
53 125
53 127
53 133
53 136
53 139
53 142
53 145
53 146
53 147
53 155
53 168
53 169
53 193
53 195
53 203
53 212
53 214
53 217
53 221
53 223
53 232
53 238
53 241
53 244
54 0
54 2
54 12
54 21
54 43
54 48
54 54
54 64
54 71
54 74
54 75
54 79
54 82
54 85
54 94
54 105
54 107
54 111
54 114
54 126
54 132
54 134
54 140
54 146
54 151
54 152
54 156
54 159
54 168
54 172
54 174
54 176
54 197
54 198
54 204
54 208
54 213
54 222
54 225
54 230
54 236
54 239
54 249
55 4
55 6
55 7
55 21
55 23
55 24
55 31
55 39
55 40
55 42
55 52
55 58
55 59
55 61
55 62
55 67
55 75
55 78
55 92
55 93
55 94
55 111
55 114
55 126
55 136
55 137
55 141
55 146
55 147
55 150
55 155
55 162
55 168
55 169
55 174
55 178
55 183
55 189
55 191
55 202
55 209
55 214
55 216
55 217
55 229
55 238
55 241
55 246
56 2
56 6
56 9
56 16
56 21
56 26
56 36
56 42
56 55
56 57
56 59
56 60
56 67
56 71
56 74
56 76
56 88
56 93
56 97
56 98
56 110
56 111
56 115
56 117
56 118
56 126
56 129
56 130
56 134
56 136
56 137
56 145
56 147
56 150
56 152
56 162
56 183
56 190
56 192
56 203
56 207
56 220
56 223
56 225
56 232
57 1
57 2
57 10
57 11
57 13
57 22
57 26
57 34
57 41
57 48
57 53
57 59
57 60
57 62
57 66
57 72
57 78
57 79
57 93
57 100
57 101
57 102
57 103
57 107
57 108
57 116
57 120
57 123
57 135
57 148
57 149
57 166
57 169
57 172
57 180
57 183
57 186
57 189
57 191
57 204
57 207
57 209
57 211
57 213
57 215
57 221
57 224
57 225
57 231
57 232
57 235
57 241
57 243
57 245
58 1
58 3
58 5
58 7
58 8
58 10
58 20
58 21
58 28
58 31
58 45
58 48
58 49
58 59
58 64
58 75
58 77
58 83
58 85
58 88
58 89
58 90
58 92
58 93
58 94
58 96
58 103
58 105
58 108
58 110
58 115
58 128
58 129
58 131
58 135
58 141
58 147
58 148
58 150
58 155
58 157
58 161
58 163
58 169
58 186
58 187
58 189
58 192
58 193
58 195
58 197
58 198
58 211
58 213
58 215
58 221
58 223
58 238
58 242
58 244
58 249
59 2
59 10
59 19
59 20
59 34
59 41
59 46
59 47
59 50
59 52
59 56
59 57
59 63
59 76
59 90
59 94
59 100
59 103
59 106
59 109
59 110
59 112
59 115
59 119
59 129
59 146
59 149
59 158
59 159
59 160
59 161
59 162
59 168
59 169
59 173
59 179
59 182
59 187
59 192
59 193
59 202
59 203
59 205
59 206
59 209
59 235
59 242
59 244
59 245
59 248
59 249
60 1
60 4
60 9
60 14
60 16
60 17
60 20
60 23
60 26
60 33
60 48
60 49
60 52
60 57
60 58
60 60
60 64
60 65
60 74
60 85
60 89
60 98
60 108
60 115
60 116
60 117
60 128
60 131
60 134
60 136
60 144
60 148
60 149
60 151
60 153
60 157
60 158
60 162
60 163
60 173
60 182
60 186
60 193
60 195
60 200
60 204
60 206
60 210
60 217
60 219
60 224
60 225
60 228
60 231
60 236
60 243
60 247
61 5
61 12
61 13
61 19
61 20
61 22
61 27
61 28
61 30
61 36
61 49
61 53
61 55
61 74
61 75
61 76
61 79
61 88
61 90
61 91
61 93
61 113
61 116
61 118
61 120
61 122
61 124
61 127
61 130
61 132
61 137
61 138
61 145
61 149
61 161
61 164
61 166
61 174
61 179
61 185
61 186
61 190
61 191
61 194
61 210
61 213
61 221
61 222
61 224
61 228
61 230
61 235
61 237
61 240
61 246
61 248
62 1
62 6
62 7
62 9
62 13
62 23
62 24
62 30
62 31
62 32
62 59
62 72
62 74
62 89
62 97
62 106
62 110
62 118
62 127
62 132
62 135
62 137
62 138
62 139
62 154
62 155
62 158
62 160
62 169
62 177
62 179
62 182
62 186
62 193
62 196
62 211
62 217
62 220
62 221
62 223
62 224
62 225
62 230
62 240
62 241
62 242
62 243
63 2
63 16
63 24
63 26
63 28
63 36
63 43
63 44
63 45
63 63
63 70
63 72
63 74
63 81
63 88
63 95
63 101
63 102
63 107
63 119
63 121
63 126
63 127
63 143
63 154
63 157
63 164
63 177
63 178
63 186
63 190
63 200
63 201
63 205
63 207
63 214
63 230
63 235
63 238
63 240
63 245
63 247
64 1
64 4
64 10
64 12
64 14
64 17
64 21
64 32
64 34
64 47
64 50
64 64
64 65
64 76
64 84
64 85
64 86
64 89
64 90
64 92
64 100
64 103
64 116
64 127
64 135
64 138
64 142
64 147
64 155
64 159
64 162
64 165
64 169
64 170
64 171
64 173
64 178
64 179
64 181
64 182
64 183
64 185
64 189
64 207
64 218
64 224
64 225
64 229
64 231
64 240
64 245
64 246
65 7
65 14
65 15
65 17
65 19
65 23
65 36
65 50
65 53
65 56
65 68
65 75
65 79
65 84
65 85
65 86
65 88
65 91
65 97
65 101
65 103
65 106
65 109
65 110
65 116
65 117
65 122
65 125
65 128
65 135
65 138
65 160
65 163
65 176
65 181
65 182
65 197
65 205
65 207
65 209
65 214
65 223
65 228
65 233
65 237
65 241
65 246
66 1
66 14
66 23
66 25
66 26
66 27
66 37
66 42
66 45
66 46
66 71
66 74
66 77
66 80
66 82
66 96
66 101
66 106
66 107
66 112
66 116
66 119
66 131
66 137
66 138
66 147
66 181
66 183
66 184
66 187
66 192
66 194
66 212
66 213
66 220
66 222
66 229
66 231
66 235
66 241
66 242
66 243
66 248
67 1
67 5
67 16
67 18
67 24
67 33
67 36
67 41
67 44
67 46
67 52
67 53
67 67
67 69
67 70
67 71
67 72
67 73
67 74
67 75
67 81
67 87
67 94
67 96
67 100
67 103
67 105
67 106
67 108
67 109
67 124
67 128
67 139
67 141
67 148
67 150
67 157
67 159
67 164
67 165
67 167
67 168
67 172
67 174
67 177
67 178
67 195
67 203
67 205
67 218
67 223
67 226
67 227
67 230
67 234
67 235
67 238
67 246
67 247
68 7
68 10
68 11
68 31
68 32
68 34
68 37
68 39
68 42
68 43
68 45
68 46
68 50
68 52
68 53
68 57
68 67
68 68
68 78
68 85
68 89
68 90
68 94
68 105
68 106
68 107
68 110
68 112
68 114
68 121
68 130
68 131
68 133
68 142
68 145
68 147
68 149
68 156
68 158
68 167
68 168
68 170
68 173
68 176
68 178
68 186
68 187
68 190
68 192
68 195
68 198
68 207
68 214
68 216
68 220
68 222
68 225
68 230
68 232
68 233
68 235
68 238
68 240
68 245
68 249
69 0
69 3
69 6
69 11
69 13
69 23
69 24
69 27
69 32
69 36
69 45
69 48
69 49
69 59
69 62
69 64
69 76
69 87
69 92
69 97
69 104
69 117
69 134
69 135
69 138
69 145
69 152
69 162
69 167
69 168
69 175
69 183
69 184
69 188
69 189
69 193
69 194
69 195
69 203
69 206
69 214
69 234
69 238
69 240
69 243
70 3
70 14
70 15
70 17
70 42
70 43
70 49
70 50
70 57
70 64
70 91
70 94
70 95
70 100
70 104
70 105
70 108
70 115
70 128
70 130
70 144
70 146
70 148
70 149
70 155
70 157
70 161
70 173
70 186
70 187
70 189
70 198
70 199
70 205
70 212
70 213
70 214
70 216
70 224
70 228
70 235
70 239
70 244
70 245
71 4
71 15
71 23
71 30
71 32
71 40
71 43
71 47
71 53
71 54
71 62
71 66
71 72
71 81
71 97
71 101
71 114
71 124
71 135
71 138
71 139
71 146
71 148
71 149
71 152
71 153
71 156
71 157
71 159
71 163
71 185
71 188
71 197
71 198
71 205
71 218
71 220
71 221
71 224
71 228
71 229
71 233
71 234
71 241
71 242
71 245
71 246
71 247
71 249
72 6
72 9
72 15
72 16
72 17
72 21
72 23
72 27
72 35
72 37
72 38
72 43
72 44
72 45
72 58
72 60
72 65
72 66
72 68
72 69
72 81
72 88
72 94
72 106
72 126
72 129
72 132
72 144
72 145
72 146
72 149
72 156
72 157
72 159
72 165
72 168
72 183
72 192
72 195
72 196
72 200
72 203
72 204
72 205
72 211
72 226
72 230
72 231
72 238
72 249
73 2
73 4
73 9
73 15
73 16
73 34
73 39
73 54
73 56
73 60
73 74
73 79
73 89
73 98
73 105
73 122
73 129
73 132
73 137
73 166
73 167
73 171
73 186
73 195
73 199
73 201
73 204
73 212
73 213
73 214
73 216
73 217
73 222
73 226
73 228
73 229
73 231
73 235
73 238
73 246
73 249
74 0
74 7
74 9
74 24
74 33
74 34
74 45
74 48
74 49
74 50
74 54
74 56
74 59
74 61
74 80
74 85
74 93
74 99
74 100
74 106
74 136
74 140
74 145
74 151
74 154
74 160
74 175
74 179
74 185
74 188
74 190
74 192
74 194
74 201
74 211
74 220
74 235
74 239
74 245
74 248
75 8
75 12
75 14
75 16
75 24
75 30
75 31
75 38
75 39
75 47
75 48
75 52
75 53
75 56
75 57
75 61
75 74
75 80
75 81
75 85
75 92
75 107
75 113
75 119
75 120
75 121
75 123
75 133
75 136
75 137
75 139
75 141
75 142
75 148
75 149
75 150
75 161
75 165
75 169
75 175
75 178
75 184
75 187
75 188
75 192
75 193
75 206
75 211
75 214
75 219
75 234
75 238
75 242
75 247
75 249
76 3
76 4
76 8
76 20
76 39
76 43
76 44
76 45
76 47
76 52
76 53
76 55
76 58
76 59
76 61
76 62
76 71
76 72
76 74
76 77
76 85
76 87
76 97
76 101
76 108
76 109
76 111
76 113
76 114
76 116
76 120
76 133
76 134
76 137
76 142
76 143
76 144
76 145
76 154
76 158
76 167
76 170
76 175
76 176
76 177
76 179
76 187
76 190
76 199
76 203
76 206
76 209
76 215
76 217
76 223
76 224
76 225
76 229
76 231
76 232
76 233
76 235
76 240
76 245
76 246
77 0
77 3
77 6
77 11
77 15
77 21
77 30
77 44
77 45
77 50
77 51
77 57
77 73
77 74
77 82
77 85
77 95
77 102
77 105
77 107
77 108
77 110
77 118
77 121
77 128
77 135
77 141
77 145
77 154
77 161
77 163
77 167
77 172
77 184
77 185
77 190
77 191
77 200
77 203
77 207
77 208
77 215
77 218
77 228
77 232
77 234
78 1
78 4
78 6
78 8
78 11
78 16
78 27
78 28
78 29
78 33
78 38
78 39
78 40
78 61
78 62
78 66
78 69
78 71
78 77
78 81
78 96
78 99
78 108
78 111
78 112
78 113
78 117
78 120
78 121
78 124
78 127
78 128
78 130
78 145
78 156
78 166
78 176
78 184
78 185
78 187
78 193
78 198
78 202
78 210
78 211
78 214
78 225
78 233
78 236
78 242
78 245
79 6
79 7
79 12
79 15
79 19
79 28
79 29
79 32
79 34
79 37
79 38
79 42
79 45
79 52
79 53
79 56
79 60
79 62
79 72
79 75
79 77
79 93
79 96
79 97
79 98
79 102
79 111
79 113
79 116
79 119
79 128
79 129
79 138
79 143
79 146
79 149
79 152
79 163
79 184
79 187
79 192
79 193
79 199
79 212
79 218
79 220
79 223
79 234
79 238
79 243
79 249
80 5
80 21
80 34
80 50
80 53
80 56
80 59
80 60
80 72
80 75
80 83
80 84
80 87
80 94
80 101
80 104
80 109
80 117
80 128
80 136
80 139
80 143
80 150
80 154
80 155
80 158
80 162
80 169
80 171
80 182
80 184
80 196
80 203
80 209
80 214
80 216
80 227
80 232
80 233
80 238
80 240
80 241
80 242
81 0
81 5
81 9
81 15
81 16
81 17
81 25
81 31
81 36
81 56
81 59
81 65
81 74
81 85
81 86
81 95
81 99
81 112
81 118
81 126
81 129
81 130
81 137
81 139
81 140
81 145
81 151
81 153
81 155
81 157
81 162
81 171
81 174
81 190
81 201
81 202
81 203
81 210
81 222
81 227
81 229
81 237
81 242
81 243
81 246
82 5
82 12
82 15
82 16
82 17
82 27
82 29
82 31
82 32
82 36
82 38
82 41
82 49
82 53
82 54
82 61
82 72
82 73
82 75
82 91
82 100
82 102
82 107
82 118
82 129
82 131
82 132
82 137
82 139
82 145
82 150
82 156
82 159
82 161
82 167
82 168
82 172
82 178
82 198
82 202
82 220
82 226
82 228
82 233
82 248
83 2
83 5
83 8
83 13
83 14
83 16
83 17
83 21
83 30
83 34
83 42
83 47
83 48
83 53
83 56
83 66
83 73
83 76
83 81
83 84
83 86
83 98
83 110
83 117
83 132
83 133
83 137
83 140
83 141
83 143
83 145
83 154
83 156
83 168
83 182
83 184
83 187
83 188
83 189
83 190
83 198
83 201
83 207
83 211
83 221
83 222
83 225
83 227
83 237
83 239
83 240
84 2
84 4
84 9
84 13
84 16
84 21
84 35
84 52
84 54
84 70
84 85
84 86
84 92
84 107
84 110
84 112
84 115
84 122
84 123
84 129
84 133
84 137
84 139
84 141
84 146
84 151
84 152
84 157
84 159
84 174
84 175
84 176
84 180
84 187
84 192
84 196
84 198
84 202
84 205
84 210
84 221
84 225
84 227
84 233
84 235
84 239
84 240
84 242
84 243
84 245
84 247
85 4
85 7
85 10
85 14
85 24
85 51
85 58
85 66
85 70
85 72
85 74
85 87
85 88
85 93
85 102
85 104
85 109
85 113
85 117
85 123
85 124
85 125
85 129
85 132
85 134
85 135
85 136
85 138
85 144
85 145
85 151
85 156
85 168
85 171
85 174
85 175
85 178
85 180
85 183
85 189
85 190
85 191
85 195
85 197
85 203
85 212
85 224
85 229
85 239
85 240
85 241
85 243
86 6
86 8
86 17
86 19
86 28
86 29
86 30
86 38
86 44
86 46
86 54
86 60
86 71
86 75
86 76
86 79
86 85
86 86
86 96
86 101
86 102
86 103
86 105
86 117
86 120
86 129
86 134
86 136
86 147
86 149
86 153
86 156
86 158
86 162
86 171
86 175
86 186
86 190
86 193
86 203
86 208
86 209
86 221
86 226
86 234
86 236
86 237
86 240
86 242
86 246
86 247
87 1
87 9
87 11
87 18
87 20
87 22
87 38
87 39
87 41
87 42
87 43
87 44
87 48
87 54
87 64
87 67
87 68
87 72
87 75
87 78
87 79
87 99
87 100
87 108
87 110
87 112
87 114
87 116
87 120
87 136
87 137
87 139
87 140
87 143
87 148
87 149
87 154
87 159
87 170
87 177
87 180
87 186
87 189
87 191
87 192
87 194
87 201
87 202
87 204
87 208
87 209
87 210
87 211
87 213
87 214
87 216
87 217
87 220
87 227
87 230
87 246
88 5
88 12
88 15
88 19
88 39
88 42
88 43
88 44
88 45
88 47
88 49
88 52
88 60
88 62
88 72
88 82
88 91
88 95
88 100
88 103
88 105
88 107
88 109
88 110
88 111
88 112
88 116
88 118
88 123
88 125
88 134
88 142
88 147
88 154
88 155
88 161
88 162
88 165
88 166
88 173
88 175
88 176
88 192
88 193
88 194
88 202
88 205
88 206
88 210
88 215
88 218
88 220
88 221
88 223
88 230
88 238
88 244
89 3
89 5
89 6
89 7
89 19
89 21
89 38
89 45
89 55
89 56
89 82
89 101
89 102
89 103
89 115
89 118
89 121
89 135
89 137
89 138
89 139
89 141
89 149
89 155
89 157
89 181
89 187
89 190
89 200
89 215
89 216
89 217
89 221
89 222
89 232
89 242
89 248
90 0
90 8
90 9
90 13
90 15
90 17
90 21
90 26
90 37
90 38
90 44
90 49
90 52
90 55
90 57
90 66
90 67
90 75
90 80
90 97
90 112
90 114
90 126
90 133
90 136
90 138
90 140
90 145
90 148
90 149
90 150
90 151
90 153
90 156
90 163
90 164
90 175
90 179
90 186
90 190
90 196
90 197
90 198
90 199
90 203
90 213
90 217
90 223
90 224
90 225
90 227
90 231
90 232
90 237
90 239
90 243
91 1
91 5
91 13
91 14
91 19
91 22
91 23
91 27
91 32
91 49
91 65
91 71
91 80
91 82
91 89
91 90
91 92
91 95
91 105
91 106
91 116
91 119
91 121
91 128
91 129
91 132
91 133
91 145
91 148
91 164
91 166
91 171
91 173
91 185
91 190
91 191
91 194
91 195
91 204
91 207
91 211
91 212
91 214
91 218
91 221
91 233
91 242
91 245
92 0
92 3
92 4
92 7
92 9
92 11
92 23
92 29
92 31
92 33
92 38
92 43
92 49
92 52
92 56
92 67
92 71
92 74
92 75
92 76
92 81
92 82
92 89
92 101
92 102
92 103
92 104
92 108
92 119
92 120
92 137
92 148
92 149
92 152
92 155
92 156
92 159
92 163
92 166
92 169
92 176
92 184
92 193
92 200
92 239
92 241
92 244
92 245
92 246
92 247
92 248
93 0
93 5
93 10
93 15
93 22
93 23
93 24
93 25
93 26
93 27
93 32
93 40
93 42
93 43
93 48
93 49
93 52
93 57
93 60
93 62
93 69
93 79
93 82
93 86
93 89
93 90
93 95
93 101
93 102
93 111
93 113
93 117
93 123
93 132
93 134
93 147
93 149
93 152
93 164
93 166
93 181
93 182
93 186
93 192
93 197
93 209
93 215
93 241
93 247
94 2
94 3
94 5
94 6
94 10
94 13
94 21
94 22
94 26
94 27
94 28
94 29
94 30
94 39
94 40
94 41
94 42
94 49
94 52
94 53
94 55
94 59
94 63
94 68
94 72
94 74
94 78
94 79
94 80
94 81
94 84
94 87
94 88
94 91
94 94
94 108
94 115
94 120
94 124
94 131
94 138
94 141
94 142
94 149
94 154
94 166
94 167
94 171
94 183
94 190
94 192
94 195
94 206
94 218
94 221
94 228
94 238
94 242
95 5
95 9
95 15
95 34
95 38
95 54
95 57
95 61
95 65
95 78
95 80
95 83
95 95
95 99
95 110
95 113
95 131
95 139
95 150
95 153
95 157
95 158
95 160
95 161
95 169
95 181
95 190
95 195
95 196
95 198
95 205
95 207
95 210
95 225
95 228
95 229
95 231
95 233
95 237
95 239
96 2
96 10
96 11
96 14
96 16
96 27
96 30
96 33
96 35
96 42
96 48
96 54
96 57
96 67
96 71
96 83
96 84
96 88
96 90
96 91
96 94
96 108
96 112
96 113
96 119
96 120
96 122
96 123
96 124
96 140
96 147
96 148
96 165
96 188
96 192
96 194
96 200
96 208
96 216
96 221
96 225
96 227
96 228
96 233
96 234
96 236
96 242
97 9
97 17
97 24
97 35
97 42
97 49
97 53
97 54
97 59
97 61
97 62
97 63
97 66
97 69
97 73
97 77
97 79
97 87
97 95
97 98
97 101
97 102
97 104
97 105
97 108
97 110
97 114
97 115
97 124
97 126
97 132
97 133
97 134
97 135
97 136
97 141
97 142
97 145
97 154
97 168
97 196
97 199
97 204
97 205
97 215
97 216
97 217
97 223
97 224
97 230
97 232
97 243
97 248
98 0
98 2
98 4
98 5
98 8
98 10
98 16
98 22
98 23
98 26
98 28
98 30
98 31
98 34
98 40
98 44
98 47
98 49
98 54
98 55
98 58
98 69
98 70
98 75
98 83
98 90
98 103
98 105
98 108
98 111
98 118
98 141
98 145
98 149
98 152
98 156
98 161
98 170
98 174
98 179
98 182
98 192
98 193
98 207
98 209
98 211
98 218
98 222
98 225
98 227
98 229
98 232
98 241
98 246
99 8
99 16
99 17
99 19
99 25
99 27
99 28
99 32
99 39
99 41
99 42
99 44
99 46
99 52
99 69
99 70
99 73
99 75
99 77
99 78
99 80
99 82
99 83
99 88
99 89
99 99
99 102
99 105
99 106
99 107
99 110
99 112
99 116
99 118
99 120
99 122
99 128
99 129
99 130
99 131
99 136
99 140
99 143
99 150
99 151
99 154
99 158
99 163
99 172
99 175
99 177
99 181
99 189
99 194
99 196
99 197
99 201
99 202
99 205
99 208
99 209
99 224
99 227
99 229
99 238
99 248
99 249
100 6
100 18
100 19
100 21
100 24
100 30
100 46
100 47
100 54
100 64
100 73
100 75
100 78
100 80
100 86
100 92
100 100
100 104
100 106
100 123
100 125
100 126
100 130
100 132
100 133
100 135
100 136
100 138
100 142
100 143
100 167
100 168
100 173
100 174
100 182
100 184
100 190
100 191
100 192
100 194
100 199
100 201
100 209
100 216
100 218
100 221
100 222
100 224
100 226
100 233
100 236
101 9
101 24
101 29
101 31
101 33
101 40
101 47
101 49
101 50
101 53
101 57
101 59
101 63
101 68
101 75
101 78
101 84
101 85
101 87
101 88
101 89
101 90
101 96
101 116
101 122
101 125
101 145
101 147
101 151
101 168
101 169
101 170
101 171
101 172
101 173
101 174
101 180
101 183
101 184
101 186
101 197
101 200
101 203
101 205
101 219
101 230
101 242
101 245
102 10
102 20
102 25
102 27
102 36
102 49
102 52
102 68
102 69
102 76
102 85
102 93
102 101
102 102
102 103
102 117
102 120
102 127
102 135
102 146
102 148
102 154
102 161
102 165
102 166
102 170
102 172
102 174
102 179
102 183
102 188
102 191
102 192
102 194
102 200
102 202
102 205
102 208
102 214
102 215
102 216
102 225
102 228
102 233
102 238
103 1
103 10
103 19
103 25
103 26
103 32
103 34
103 36
103 40
103 48
103 54
103 58
103 62
103 63
103 72
103 76
103 90
103 95
103 101
103 104
103 108
103 110
103 111
103 114
103 128
103 136
103 142
103 154
103 160
103 164
103 165
103 166
103 175
103 177
103 183
103 184
103 185
103 191
103 193
103 197
103 199
103 200
103 201
103 203
103 207
103 209
103 218
103 222
103 224
103 226
103 233
103 237
103 242
103 245
103 248
104 5
104 8
104 15
104 22
104 23
104 28
104 33
104 39
104 41
104 46
104 52
104 55
104 56
104 76
104 79
104 82
104 91
104 96
104 98
104 101
104 122
104 130
104 136
104 139
104 140
104 141
104 143
104 163
104 164
104 165
104 170
104 171
104 173
104 174
104 179
104 190
104 192
104 194
104 201
104 214
104 216
104 224
104 230
104 235
104 236
104 247
104 248
105 4
105 8
105 10
105 16
105 18
105 19
105 21
105 33
105 39
105 50
105 60
105 73
105 77
105 81
105 85
105 97
105 102
105 115
105 119
105 124
105 133
105 140
105 142
105 143
105 148
105 152
105 167
105 171
105 173
105 176
105 195
105 198
105 203
105 208
105 226
106 9
106 13
106 15
106 20
106 23
106 29
106 30
106 31
106 37
106 42
106 45
106 47
106 57
106 64
106 67
106 68
106 71
106 89
106 93
106 95
106 97
106 102
106 109
106 112
106 114
106 120
106 125
106 131
106 134
106 141
106 148
106 155
106 156
106 161
106 163
106 168
106 172
106 173
106 174
106 192
106 194
106 195
106 202
106 205
106 214
106 219
106 223
106 228
106 233
106 236
106 242
106 245
107 3
107 4
107 5
107 8
107 10
107 17
107 24
107 28
107 46
107 53
107 62
107 68
107 69
107 70
107 71
107 72
107 73
107 86
107 92
107 98
107 100
107 105
107 106
107 121
107 131
107 136
107 144
107 146
107 150
107 164
107 166
107 167
107 174
107 176
107 177
107 182
107 188
107 190
107 195
107 199
107 204
107 212
107 215
107 222
107 232
107 233
107 235
108 2
108 6
108 7
108 14
108 23
108 25
108 32
108 34
108 42
108 43
108 48
108 54
108 58
108 63
108 69
108 70
108 79
108 87
108 88
108 90
108 91
108 94
108 96
108 99
108 110
108 111
108 116
108 124
108 125
108 139
108 146
108 148
108 150
108 156
108 166
108 178
108 182
108 190
108 196
108 201
108 204
108 208
108 210
108 222
108 224
108 229
108 230
108 234
108 236
108 244
109 11
109 14
109 18
109 29
109 32
109 33
109 46
109 49
109 50
109 59
109 64
109 67
109 69
109 71
109 73
109 82
109 89
109 94
109 96
109 101
109 105
109 110
109 111
109 112
109 114
109 122
109 126
109 129
109 133
109 135
109 141
109 159
109 164
109 176
109 177
109 190
109 191
109 195
109 205
109 208
109 217
109 218
109 223
109 238
109 240
109 244
110 0
110 1
110 5
110 11
110 19
110 22
110 30
110 35
110 38
110 46
110 47
110 51
110 62
110 63
110 68
110 69
110 75
110 79
110 86
110 95
110 117
110 124
110 126
110 137
110 153
110 164
110 167
110 169
110 171
110 172
110 175
110 179
110 181
110 184
110 201
110 206
110 207
110 212
110 218
110 220
110 228
110 229
110 230
110 234
110 235
110 236
110 238
110 239
110 244
110 246
111 3
111 14
111 15
111 17
111 18
111 24
111 29
111 36
111 37
111 39
111 41
111 42
111 45
111 49
111 53
111 55
111 73
111 76
111 77
111 79
111 88
111 89
111 95
111 99
111 105
111 106
111 108
111 111
111 115
111 124
111 129
111 131
111 135
111 138
111 140
111 152
111 163
111 169
111 180
111 181
111 184
111 192
111 196
111 203
111 205
111 212
111 228
111 229
111 237
112 7
112 18
112 22
112 23
112 26
112 31
112 50
112 52
112 70
112 91
112 94
112 99
112 100
112 103
112 119
112 120
112 126
112 127
112 131
112 137
112 139
112 148
112 154
112 161
112 168
112 169
112 176
112 178
112 187
112 191
112 192
112 202
112 212
112 215
112 216
112 242
112 245
113 2
113 3
113 9
113 14
113 17
113 32
113 37
113 40
113 47
113 51
113 58
113 63
113 64
113 66
113 73
113 81
113 84
113 87
113 88
113 97
113 101
113 125
113 134
113 141
113 145
113 151
113 154
113 163
113 167
113 175
113 179
113 197
113 214
113 221
113 223
113 226
113 243
113 244
113 247
114 0
114 10
114 12
114 37
114 40
114 43
114 47
114 63
114 75
114 76
114 77
114 82
114 87
114 98
114 105
114 127
114 135
114 137
114 147
114 150
114 167
114 169
114 170
114 174
114 176
114 186
114 187
114 193
114 195
114 198
114 201
114 204
114 205
114 209
114 213
114 214
114 216
114 218
114 219
114 227
114 228
114 229
114 237
114 241
114 248
115 3
115 8
115 15
115 18
115 23
115 30
115 31
115 33
115 34
115 41
115 42
115 46
115 52
115 53
115 54
115 60
115 70
115 77
115 88
115 99
115 102
115 106
115 109
115 113
115 114
115 116
115 128
115 132
115 155
115 161
115 162
115 165
115 176
115 188
115 191
115 194
115 203
115 209
115 212
115 213
115 217
115 221
115 223
115 229
115 233
115 236
115 237
115 241
115 243
116 2
116 8
116 10
116 19
116 20
116 32
116 36
116 44
116 47
116 48
116 50
116 51
116 67
116 73
116 74
116 77
116 93
116 94
116 96
116 107
116 114
116 117
116 123
116 134
116 141
116 142
116 148
116 153
116 154
116 158
116 159
116 168
116 169
116 170
116 186
116 192
116 195
116 208
116 209
116 211
116 220
116 229
116 233
116 238
116 240
116 241
116 242
116 244
116 245
116 249
117 1
117 2
117 4
117 6
117 10
117 19
117 22
117 26
117 29
117 32
117 33
117 35
117 37
117 43
117 53
117 55
117 69
117 75
117 80
117 86
117 94
117 96
117 106
117 107
117 110
117 111
117 114
117 116
117 118
117 122
117 127
117 131
117 136
117 137
117 149
117 157
117 162
117 163
117 169
117 175
117 177
117 184
117 185
117 190
117 196
117 197
117 223
117 233
117 239
117 246
117 248
118 0
118 1
118 3
118 4
118 7
118 10
118 13
118 15
118 16
118 18
118 20
118 21
118 23
118 27
118 28
118 32
118 34
118 37
118 42
118 55
118 57
118 59
118 61
118 68
118 71
118 73
118 76
118 77
118 79
118 88
118 90
118 92
118 94
118 109
118 113
118 114
118 126
118 135
118 146
118 149
118 171
118 172
118 180
118 181
118 183
118 184
118 187
118 188
118 205
118 207
118 212
118 214
118 217
118 220
118 222
118 226
118 228
118 231
118 232
118 233
118 237
118 239
118 242
118 243
118 248
119 1
119 7
119 14
119 15
119 19
119 20
119 22
119 24
119 25
119 40
119 41
119 45
119 47
119 49
119 50
119 51
119 53
119 55
119 58
119 72
119 76
119 78
119 79
119 80
119 81
119 85
119 101
119 105
119 109
119 111
119 115
119 119
119 120
119 129
119 130
119 144
119 148
119 152
119 158
119 162
119 165
119 169
119 170
119 172
119 177
119 179
119 180
119 184
119 187
119 188
119 190
119 209
119 215
119 224
119 227
119 229
119 232
119 239
119 241
119 245
119 249
120 3
120 4
120 11
120 13
120 17
120 20
120 22
120 23
120 24
120 25
120 32
120 39
120 43
120 55
120 59
120 67
120 72
120 75
120 77
120 79
120 83
120 90
120 96
120 106
120 107
120 108
120 111
120 121
120 128
120 129
120 131
120 132
120 142
120 146
120 148
120 156
120 157
120 160
120 163
120 172
120 174
120 186
120 192
120 195
120 196
120 209
120 215
120 217
120 224
120 225
120 227
120 230
120 238
120 239
120 243
120 246
120 249
121 2
121 7
121 13
121 16
121 20
121 21
121 22
121 24
121 28
121 33
121 35
121 36
121 40
121 58
121 61
121 67
121 68
121 74
121 76
121 80
121 82
121 89
121 98
121 102
121 103
121 110
121 112
121 113
121 118
121 119
121 122
121 126
121 127
121 130
121 145
121 151
121 156
121 158
121 159
121 162
121 164
121 167
121 172
121 182
121 184
121 195
121 203
121 226
121 232
121 233
121 237
121 244
121 248
122 0
122 1
122 7
122 20
122 21
122 26
122 29
122 34
122 35
122 38
122 57
122 58
122 64
122 72
122 83
122 84
122 86
122 95
122 96
122 97
122 98
122 110
122 119
122 121
122 127
122 136
122 141
122 143
122 146
122 151
122 155
122 160
122 161
122 170
122 171
122 177
122 178
122 187
122 198
122 208
122 213
122 215
122 218
122 226
122 246
123 0
123 1
123 6
123 10
123 14
123 15
123 17
123 26
123 30
123 32
123 34
123 42
123 55
123 63
123 66
123 76
123 86
123 97
123 100
123 108
123 110
123 111
123 117
123 122
123 129
123 133
123 135
123 136
123 137
123 159
123 170
123 176
123 178
123 192
123 193
123 198
123 199
123 202
123 203
123 212
123 231
123 232
123 233
123 246
124 2
124 7
124 19
124 36
124 38
124 42
124 47
124 49
124 55
124 56
124 60
124 63
124 68
124 78
124 90
124 95
124 99
124 107
124 112
124 121
124 124
124 134
124 137
124 143
124 151
124 154
124 156
124 159
124 172
124 178
124 180
124 183
124 189
124 197
124 207
124 211
124 212
124 217
124 221
124 226
124 231
124 236
124 239
124 241
124 243
125 3
125 6
125 11
125 12
125 20
125 24
125 35
125 47
125 52
125 61
125 78
125 79
125 87
125 94
125 100
125 110
125 111
125 115
125 117
125 119
125 123
125 136
125 141
125 143
125 149
125 153
125 155
125 164
125 167
125 171
125 174
125 183
125 191
125 193
125 195
125 198
125 201
125 210
125 212
125 214
125 217
125 218
125 220
125 225
125 229
125 231
125 240
125 248
126 1
126 3
126 11
126 14
126 19
126 25
126 33
126 39
126 42
126 45
126 50
126 52
126 58
126 60
126 63
126 67
126 68
126 70
126 75
126 78
126 99
126 106
126 112
126 114
126 115
126 126
126 127
126 131
126 134
126 138
126 139
126 141
126 142
126 148
126 153
126 162
126 165
126 166
126 195
126 196
126 198
126 201
126 205
126 212
126 218
126 221
126 229
126 236
126 237
126 246
126 248
127 1
127 4
127 7
127 8
127 12
127 25
127 27
127 35
127 36
127 44
127 49
127 50
127 51
127 53
127 59
127 60
127 65
127 74
127 77
127 80
127 83
127 84
127 86
127 87
127 93
127 99
127 101
127 106
127 108
127 110
127 128
127 129
127 136
127 137
127 139
127 144
127 152
127 154
127 157
127 158
127 170
127 173
127 181
127 191
127 192
127 200
127 208
127 209
127 212
127 217
127 226
127 228
127 232
127 233
127 236
127 239
127 243
127 248
128 6
128 20
128 22
128 30
128 35
128 53
128 55
128 57
128 71
128 81
128 82
128 83
128 86
128 90
128 91
128 98
128 101
128 103
128 107
128 108
128 109
128 120
128 121
128 122
128 135
128 137
128 138
128 140
128 153
128 156
128 161
128 165
128 166
128 173
128 178
128 180
128 181
128 185
128 188
128 193
128 199
128 200
128 219
128 220
128 222
128 223
128 230
128 232
128 237
128 247
129 6
129 8
129 16
129 20
129 22
129 29
129 40
129 41
129 43
129 52
129 55
129 61
129 67
129 73
129 80
129 81
129 82
129 84
129 93
129 99
129 107
129 114
129 116
129 120
129 125
129 126
129 131
129 133
129 138
129 141
129 152
129 153
129 156
129 167
129 175
129 179
129 185
129 195
129 200
129 203
129 204
129 205
129 209
129 211
129 217
129 220
129 221
129 225
129 229
129 231
130 4
130 5
130 9
130 24
130 26
130 27
130 30
130 31
130 35
130 36
130 38
130 42
130 51
130 55
130 56
130 58
130 63
130 65
130 72
130 77
130 78
130 79
130 94
130 95
130 103
130 106
130 109
130 110
130 113
130 125
130 140
130 143
130 158
130 161
130 166
130 167
130 168
130 175
130 183
130 187
130 196
130 199
130 200
130 208
130 211
130 216
130 220
130 226
130 241
131 2
131 6
131 8
131 10
131 15
131 16
131 17
131 19
131 22
131 23
131 24
131 28
131 29
131 32
131 43
131 49
131 57
131 64
131 72
131 77
131 97
131 102
131 110
131 115
131 123
131 128
131 130
131 133
131 144
131 148
131 157
131 160
131 161
131 162
131 165
131 169
131 171
131 173
131 176
131 177
131 183
131 184
131 185
131 191
131 202
131 204
131 211
131 221
131 227
131 239
131 242
132 5
132 6
132 32
132 52
132 57
132 67
132 72
132 73
132 88
132 92
132 95
132 97
132 100
132 129
132 135
132 148
132 151
132 152
132 162
132 167
132 169
132 170
132 190
132 197
132 207
132 208
132 213
132 217
132 225
132 228
132 231
132 236
132 238
132 247
133 1
133 2
133 5
133 11
133 14
133 16
133 23
133 35
133 49
133 54
133 61
133 66
133 71
133 73
133 77
133 81
133 82
133 84
133 95
133 97
133 99
133 102
133 104
133 105
133 108
133 109
133 113
133 115
133 121
133 123
133 124
133 125
133 127
133 136
133 137
133 139
133 142
133 146
133 154
133 160
133 167
133 179
133 191
133 199
133 216
133 217
133 219
133 220
133 224
133 233
133 241
134 0
134 4
134 7
134 12
134 17
134 21
134 24
134 26
134 28
134 32
134 33
134 35
134 37
134 40
134 44
134 45
134 50
134 51
134 54
134 55
134 56
134 58
134 60
134 71
134 74
134 80
134 81
134 82
134 85
134 89
134 97
134 99
134 110
134 117
134 119
134 128
134 131
134 135
134 138
134 140
134 143
134 147
134 154
134 156
134 160
134 161
134 174
134 182
134 190
134 197
134 205
134 212
134 213
134 214
134 221
134 227
134 229
134 231
134 236
134 247
135 3
135 6
135 18
135 23
135 31
135 34
135 36
135 38
135 44
135 47
135 51
135 66
135 68
135 70
135 72
135 73
135 81
135 90
135 91
135 101
135 105
135 108
135 116
135 118
135 137
135 138
135 139
135 155
135 158
135 163
135 177
135 179
135 187
135 195
135 201
135 213
135 220
135 233
135 247
136 6
136 7
136 8
136 9
136 12
136 26
136 27
136 30
136 37
136 50
136 53
136 68
136 90
136 91
136 92
136 95
136 96
136 120
136 122
136 124
136 126
136 131
136 133
136 134
136 136
136 153
136 162
136 163
136 164
136 165
136 167
136 170
136 175
136 191
136 193
136 195
136 201
136 202
136 204
136 209
136 225
136 241
136 242
136 247
136 249
137 3
137 9
137 11
137 12
137 18
137 31
137 36
137 37
137 40
137 49
137 60
137 62
137 63
137 67
137 74
137 75
137 76
137 85
137 90
137 98
137 100
137 106
137 108
137 118
137 119
137 126
137 127
137 130
137 134
137 147
137 156
137 163
137 166
137 167
137 168
137 179
137 180
137 188
137 190
137 195
137 197
137 198
137 208
137 214
137 220
137 222
137 225
137 236
137 238
137 239
138 5
138 21
138 22
138 24
138 25
138 28
138 30
138 48
138 52
138 54
138 55
138 56
138 66
138 72
138 73
138 76
138 80
138 81
138 84
138 85
138 88
138 90
138 91
138 104
138 115
138 116
138 125
138 129
138 133
138 137
138 156
138 159
138 160
138 167
138 169
138 173
138 175
138 186
138 200
138 202
138 213
138 223
138 236
138 237
138 240
138 245
139 0
139 29
139 30
139 38
139 42
139 47
139 50
139 51
139 52
139 55
139 58
139 66
139 78
139 87
139 93
139 101
139 103
139 107
139 115
139 134
139 135
139 137
139 140
139 141
139 147
139 148
139 151
139 157
139 180
139 188
139 189
139 191
139 193
139 200
139 204
139 207
139 208
139 209
139 211
139 225
139 238
139 240
139 243
139 245
140 0
140 2
140 4
140 9
140 16
140 23
140 27
140 32
140 36
140 38
140 48
140 50
140 53
140 58
140 62
140 73
140 78
140 86
140 90
140 91
140 95
140 99
140 104
140 111
140 114
140 116
140 117
140 120
140 125
140 134
140 137
140 142
140 154
140 157
140 162
140 164
140 165
140 177
140 189
140 194
140 195
140 215
140 224
140 227
140 233
140 243
140 245
141 1
141 3
141 8
141 16
141 19
141 25
141 32
141 39
141 51
141 52
141 53
141 55
141 56
141 62
141 66
141 68
141 70
141 72
141 78
141 83
141 92
141 93
141 97
141 113
141 114
141 116
141 119
141 122
141 125
141 137
141 138
141 145
141 146
141 147
141 148
141 153
141 156
141 158
141 161
141 164
141 169
141 183
141 188
141 191
141 193
141 198
141 199
141 202
141 211
141 219
141 221
141 231
141 236
141 237
141 238
141 241
141 247
142 11
142 24
142 35
142 37
142 47
142 50
142 59
142 69
142 78
142 91
142 99
142 103
142 109
142 115
142 116
142 117
142 127
142 135
142 140
142 143
142 149
142 150
142 152
142 157
142 159
142 174
142 179
142 185
142 188
142 190
142 194
142 203
142 207
142 211
142 213
142 217
142 220
142 224
142 225
142 226
142 233
142 236
142 245
142 249
143 2
143 4
143 19
143 23
143 25
143 30
143 43
143 49
143 58
143 63
143 65
143 70
143 76
143 93
143 94
143 95
143 96
143 100
143 102
143 107
143 118
143 123
143 130
143 132
143 144
143 154
143 156
143 159
143 161
143 163
143 164
143 167
143 179
143 192
143 203
143 208
143 221
143 233
143 235
143 248
143 249
144 0
144 1
144 15
144 18
144 19
144 29
144 33
144 35
144 41
144 48
144 51
144 53
144 55
144 62
144 66
144 77
144 78
144 85
144 91
144 93
144 100
144 103
144 112
144 120
144 121
144 126
144 127
144 128
144 129
144 130
144 136
144 139
144 141
144 144
144 152
144 154
144 161
144 164
144 167
144 172
144 177
144 187
144 192
144 201
144 204
144 209
144 210
144 219
144 224
144 233
144 234
144 238
144 244
144 246
145 2
145 3
145 9
145 10
145 17
145 18
145 22
145 23
145 29
145 38
145 39
145 40
145 42
145 44
145 46
145 48
145 60
145 62
145 67
145 68
145 77
145 81
145 82
145 83
145 84
145 90
145 101
145 104
145 116
145 117
145 120
145 124
145 125
145 128
145 135
145 138
145 143
145 146
145 156
145 157
145 158
145 164
145 165
145 168
145 175
145 180
145 188
145 191
145 200
145 207
145 211
145 213
145 217
145 221
145 226
145 232
145 236
146 0
146 4
146 6
146 7
146 17
146 22
146 26
146 33
146 40
146 41
146 42
146 43
146 44
146 49
146 70
146 71
146 74
146 75
146 83
146 89
146 94
146 104
146 106
146 112
146 113
146 114
146 121
146 123
146 127
146 144
146 155
146 156
146 168
146 169
146 186
146 192
146 194
146 196
146 199
146 208
146 210
146 211
146 219
146 229
146 237
146 238
146 239
146 240
147 0
147 2
147 4
147 5
147 6
147 8
147 9
147 24
147 32
147 42
147 60
147 70
147 83
147 84
147 85
147 93
147 114
147 116
147 131
147 135
147 140
147 146
147 150
147 151
147 152
147 167
147 176
147 178
147 181
147 195
147 199
147 203
147 205
147 207
147 209
147 210
147 211
147 215
147 218
147 220
147 221
147 229
147 231
147 242
147 243
147 244
148 1
148 9
148 13
148 15
148 17
148 18
148 28
148 31
148 40
148 44
148 46
148 54
148 57
148 59
148 69
148 71
148 88
148 91
148 92
148 94
148 98
148 109
148 111
148 119
148 127
148 132
148 134
148 136
148 137
148 146
148 148
148 152
148 160
148 167
148 172
148 173
148 175
148 179
148 180
148 183
148 185
148 189
148 193
148 198
148 201
148 205
148 212
148 213
148 214
148 218
148 225
148 228
148 236
148 237
148 240
148 249
149 4
149 6
149 15
149 17
149 21
149 22
149 25
149 32
149 33
149 37
149 38
149 40
149 41
149 42
149 44
149 51
149 53
149 55
149 57
149 59
149 66
149 68
149 69
149 76
149 77
149 84
149 89
149 92
149 94
149 95
149 107
149 112
149 119
149 126
149 130
149 131
149 134
149 139
149 145
149 146
149 147
149 150
149 152
149 179
149 180
149 186
149 198
149 199
149 201
149 212
149 213
149 222
149 225
149 232
149 234
149 241
149 245
150 2
150 5
150 13
150 18
150 19
150 26
150 28
150 37
150 38
150 48
150 51
150 59
150 61
150 63
150 68
150 76
150 80
150 82
150 84
150 93
150 102
150 103
150 108
150 114
150 120
150 130
150 131
150 136
150 140
150 142
150 151
150 162
150 166
150 167
150 168
150 170
150 172
150 175
150 176
150 196
150 198
150 205
150 208
150 212
150 217
150 235
150 238
150 242
150 243
151 0
151 7
151 8
151 9
151 12
151 16
151 17
151 20
151 22
151 30
151 36
151 37
151 40
151 45
151 55
151 58
151 61
151 64
151 69
151 80
151 81
151 82
151 84
151 90
151 91
151 95
151 103
151 106
151 110
151 114
151 115
151 117
151 119
151 120
151 125
151 128
151 139
151 147
151 150
151 154
151 157
151 166
151 169
151 170
151 178
151 179
151 185
151 187
151 188
151 189
151 192
151 199
151 200
151 203
151 206
151 209
151 211
151 218
151 219
151 220
151 223
151 226
151 234
151 239
151 245
151 247
152 10
152 16
152 18
152 19
152 28
152 30
152 47
152 52
152 53
152 57
152 60
152 61
152 64
152 67
152 70
152 80
152 87
152 88
152 90
152 95
152 104
152 113
152 120
152 124
152 146
152 149
152 157
152 158
152 170
152 175
152 176
152 180
152 195
152 197
152 201
152 207
152 208
152 209
152 216
152 217
152 222
152 223
152 224
152 227
152 235
152 237
152 246
152 249
153 1
153 27
153 28
153 31
153 36
153 39
153 40
153 50
153 52
153 58
153 65
153 66
153 67
153 68
153 74
153 77
153 82
153 89
153 90
153 91
153 115
153 116
153 123
153 127
153 134
153 138
153 141
153 155
153 163
153 165
153 174
153 176
153 184
153 187
153 188
153 195
153 198
153 200
153 203
153 207
153 215
153 233
154 3
154 19
154 24
154 36
154 39
154 44
154 45
154 46
154 56
154 60
154 61
154 71
154 72
154 74
154 76
154 80
154 86
154 87
154 93
154 98
154 101
154 107
154 109
154 114
154 115
154 116
154 120
154 121
154 124
154 131
154 136
154 148
154 150
154 160
154 162
154 171
154 177
154 188
154 198
154 202
154 204
154 212
154 214
154 218
154 222
154 230
154 231
154 241
154 245
155 0
155 4
155 5
155 8
155 15
155 17
155 18
155 20
155 22
155 23
155 39
155 40
155 44
155 52
155 61
155 65
155 70
155 72
155 73
155 76
155 89
155 96
155 101
155 102
155 108
155 115
155 120
155 121
155 127
155 132
155 139
155 140
155 146
155 149
155 152
155 155
155 157
155 159
155 163
155 164
155 166
155 172
155 176
155 181
155 191
155 202
155 204
155 209
155 214
155 221
155 240
155 245
156 0
156 1
156 10
156 13
156 17
156 20
156 27
156 29
156 37
156 39
156 42
156 51
156 54
156 58
156 62
156 65
156 79
156 82
156 93
156 105
156 113
156 117
156 120
156 127
156 130
156 131
156 137
156 140
156 142
156 147
156 155
156 160
156 172
156 174
156 180
156 187
156 188
156 191
156 196
156 205
156 216
156 218
156 224
156 227
156 231
156 232
156 236
156 240
156 242
157 0
157 3
157 12
157 29
157 42
157 43
157 46
157 47
157 49
157 55
157 60
157 64
157 65
157 76
157 77
157 84
157 89
157 92
157 94
157 102
157 108
157 110
157 112
157 127
157 136
157 139
157 142
157 156
157 160
157 171
157 172
157 173
157 174
157 186
157 195
157 199
157 201
157 203
157 213
157 221
157 222
157 226
157 232
157 237
157 241
157 243
158 10
158 14
158 16
158 25
158 27
158 48
158 51
158 56
158 65
158 70
158 73
158 76
158 82
158 83
158 87
158 88
158 89
158 93
158 96
158 99
158 107
158 110
158 114
158 120
158 129
158 130
158 143
158 153
158 155
158 156
158 158
158 159
158 161
158 167
158 168
158 181
158 187
158 190
158 195
158 198
158 200
158 204
158 205
158 212
158 227
158 229
158 239
158 247
158 248
159 11
159 16
159 17
159 28
159 37
159 42
159 43
159 44
159 45
159 47
159 48
159 53
159 56
159 60
159 61
159 63
159 72
159 73
159 84
159 85
159 86
159 95
159 97
159 99
159 104
159 107
159 115
159 116
159 134
159 149
159 150
159 152
159 155
159 157
159 158
159 168
159 176
159 177
159 179
159 180
159 191
159 194
159 201
159 203
159 204
159 207
159 209
159 216
159 219
159 226
159 229
159 237
159 238
159 247
159 249
160 2
160 6
160 10
160 13
160 19
160 21
160 28
160 35
160 43
160 44
160 46
160 47
160 49
160 55
160 61
160 64
160 70
160 71
160 78
160 87
160 89
160 92
160 102
160 113
160 119
160 121
160 131
160 133
160 136
160 138
160 143
160 144
160 151
160 153
160 156
160 163
160 171
160 176
160 177
160 178
160 185
160 203
160 206
160 207
160 213
160 217
160 221
160 227
160 232
160 238
160 241
161 1
161 5
161 7
161 9
161 10
161 15
161 20
161 25
161 28
161 31
161 38
161 45
161 56
161 66
161 67
161 68
161 78
161 80
161 85
161 99
161 102
161 104
161 107
161 109
161 110
161 111
161 115
161 116
161 127
161 128
161 131
161 134
161 138
161 141
161 156
161 167
161 173
161 174
161 180
161 181
161 182
161 185
161 189
161 193
161 199
161 200
161 201
161 220
161 223
161 224
161 227
161 238
162 0
162 5
162 6
162 7
162 20
162 24
162 34
162 52
162 53
162 59
162 62
162 70
162 85
162 88
162 93
162 94
162 98
162 111
162 113
162 114
162 117
162 125
162 129
162 130
162 134
162 138
162 153
162 155
162 161
162 167
162 171
162 177
162 178
162 180
162 184
162 191
162 192
162 194
162 199
162 201
162 204
162 213
162 233
162 235
162 240
163 0
163 1
163 5
163 7
163 17
163 19
163 20
163 23
163 24
163 25
163 31
163 35
163 36
163 40
163 44
163 46
163 50
163 51
163 61
163 64
163 74
163 82
163 83
163 88
163 107
163 111
163 112
163 114
163 117
163 118
163 125
163 127
163 131
163 133
163 136
163 140
163 148
163 152
163 159
163 164
163 171
163 178
163 182
163 184
163 192
163 193
163 198
163 206
163 208
163 209
163 212
163 214
163 215
163 216
163 220
163 230
163 237
163 240
163 243
163 246
164 10
164 12
164 14
164 16
164 18
164 21
164 33
164 34
164 35
164 42
164 49
164 50
164 52
164 56
164 58
164 61
164 63
164 66
164 67
164 68
164 70
164 74
164 76
164 78
164 89
164 90
164 98
164 100
164 102
164 106
164 110
164 114
164 121
164 128
164 129
164 132
164 141
164 143
164 144
164 145
164 154
164 155
164 159
164 162
164 164
164 165
164 170
164 172
164 175
164 177
164 180
164 181
164 182
164 184
164 188
164 189
164 192
164 199
164 203
164 214
164 218
164 225
164 228
164 231
164 234
164 236
164 248
165 0
165 2
165 5
165 6
165 11
165 16
165 21
165 26
165 28
165 31
165 37
165 39
165 40
165 41
165 51
165 57
165 61
165 64
165 70
165 71
165 75
165 79
165 91
165 92
165 93
165 94
165 95
165 96
165 101
165 102
165 103
165 104
165 108
165 113
165 115
165 117
165 121
165 125
165 130
165 133
165 137
165 139
165 144
165 146
165 153
165 158
165 163
165 167
165 169
165 173
165 175
165 177
165 180
165 181
165 186
165 192
165 198
165 199
165 208
165 209
165 214
165 223
165 224
165 230
165 234
165 242
166 8
166 9
166 13
166 25
166 32
166 37
166 40
166 42
166 54
166 55
166 62
166 66
166 69
166 72
166 75
166 88
166 89
166 97
166 98
166 99
166 103
166 106
166 112
166 116
166 120
166 121
166 123
166 124
166 131
166 134
166 142
166 148
166 152
166 153
166 160
166 162
166 179
166 181
166 188
166 191
166 195
166 201
166 202
166 208
166 210
166 216
166 222
166 226
166 228
166 230
166 233
166 235
166 237
166 239
166 245
167 8
167 13
167 14
167 18
167 19
167 22
167 24
167 26
167 27
167 29
167 40
167 51
167 53
167 61
167 63
167 66
167 71
167 74
167 75
167 76
167 80
167 84
167 90
167 92
167 96
167 99
167 101
167 106
167 109
167 136
167 144
167 147
167 150
167 152
167 154
167 161
167 163
167 164
167 167
167 168
167 176
167 177
167 180
167 181
167 184
167 189
167 197
167 199
167 204
167 206
167 208
167 209
167 213
167 216
167 222
167 225
167 233
167 234
167 235
167 239
167 241
167 242
167 243
168 4
168 10
168 17
168 18
168 19
168 23
168 25
168 29
168 32
168 37
168 39
168 40
168 49
168 51
168 60
168 62
168 94
168 99
168 106
168 108
168 116
168 117
168 120
168 122
168 127
168 130
168 134
168 142
168 150
168 152
168 157
168 164
168 177
168 179
168 185
168 186
168 191
168 196
168 206
168 208
168 217
168 218
168 229
168 230
168 233
168 240
168 244
168 246
169 7
169 10
169 14
169 18
169 20
169 21
169 22
169 28
169 33
169 37
169 44
169 45
169 46
169 48
169 50
169 52
169 56
169 57
169 61
169 73
169 90
169 94
169 99
169 118
169 135
169 147
169 157
169 161
169 162
169 178
169 181
169 187
169 191
169 211
169 220
169 228
169 234
169 239
169 246
169 247
169 249
170 0
170 4
170 8
170 9
170 14
170 15
170 22
170 24
170 25
170 26
170 28
170 31
170 33
170 44
170 46
170 48
170 57
170 66
170 71
170 79
170 83
170 102
170 104
170 122
170 125
170 126
170 129
170 131
170 135
170 144
170 154
170 159
170 163
170 173
170 174
170 175
170 177
170 180
170 183
170 191
170 196
170 198
170 201
170 206
170 209
170 218
170 231
170 237
170 245
171 0
171 11
171 15
171 27
171 33
171 40
171 41
171 42
171 48
171 50
171 56
171 57
171 59
171 74
171 77
171 82
171 83
171 100
171 102
171 110
171 112
171 123
171 131
171 134
171 136
171 144
171 153
171 155
171 164
171 166
171 167
171 168
171 186
171 195
171 209
171 211
171 228
171 229
171 231
171 232
171 234
171 237
171 245
171 248
171 249
172 3
172 13
172 22
172 26
172 36
172 40
172 42
172 50
172 52
172 64
172 67
172 73
172 74
172 78
172 82
172 85
172 92
172 94
172 97
172 99
172 109
172 112
172 114
172 118
172 121
172 129
172 141
172 144
172 147
172 150
172 151
172 152
172 155
172 158
172 161
172 168
172 170
172 173
172 176
172 186
172 192
172 197
172 198
172 200
172 204
172 208
172 212
172 216
172 228
172 231
172 234
172 236
172 247
172 248
173 3
173 6
173 10
173 21
173 23
173 24
173 33
173 35
173 53
173 62
173 69
173 70
173 72
173 73
173 78
173 84
173 85
173 88
173 89
173 92
173 97
173 102
173 105
173 108
173 112
173 113
173 123
173 124
173 125
173 127
173 138
173 139
173 144
173 146
173 148
173 149
173 152
173 155
173 156
173 159
173 163
173 172
173 175
173 181
173 182
173 189
173 200
173 201
173 205
173 206
173 207
173 210
173 212
173 216
173 225
173 230
173 236
173 243
174 0
174 12
174 24
174 26
174 29
174 31
174 34
174 40
174 59
174 61
174 63
174 72
174 78
174 91
174 96
174 104
174 109
174 114
174 116
174 117
174 129
174 132
174 134
174 143
174 145
174 146
174 148
174 156
174 160
174 170
174 173
174 176
174 182
174 196
174 205
174 208
174 211
174 213
174 225
174 227
174 231
174 237
174 244
174 245
175 7
175 8
175 12
175 15
175 24
175 27
175 30
175 45
175 56
175 65
175 67
175 70
175 72
175 76
175 81
175 82
175 83
175 98
175 102
175 106
175 108
175 109
175 112
175 113
175 115
175 123
175 125
175 133
175 141
175 149
175 151
175 156
175 164
175 168
175 176
175 183
175 187
175 188
175 189
175 190
175 195
175 199
175 201
175 202
175 204
175 210
175 216
175 217
175 218
175 242
175 243
175 244
176 10
176 13
176 16
176 27
176 35
176 36
176 37
176 40
176 50
176 53
176 69
176 72
176 74
176 75
176 104
176 107
176 110
176 111
176 120
176 123
176 127
176 128
176 134
176 135
176 140
176 166
176 170
176 174
176 185
176 190
176 192
176 199
176 200
176 207
176 220
176 233
176 239
176 245
176 247
177 10
177 17
177 30
177 43
177 49
177 51
177 52
177 65
177 69
177 70
177 75
177 84
177 87
177 93
177 101
177 104
177 108
177 109
177 117
177 127
177 131
177 133
177 135
177 136
177 138
177 140
177 146
177 166
177 168
177 180
177 194
177 197
177 201
177 202
177 206
177 217
177 218
177 220
177 224
177 233
177 239
177 249
178 9
178 25
178 26
178 27
178 33
178 40
178 42
178 43
178 50
178 53
178 57
178 58
178 61
178 64
178 74
178 76
178 83
178 84
178 90
178 92
178 99
178 109
178 110
178 111
178 114
178 125
178 141
178 143
178 146
178 152
178 158
178 161
178 167
178 170
178 177
178 182
178 185
178 190
178 194
178 198
178 199
178 203
178 211
178 221
178 222
178 226
178 227
178 230
178 233
178 237
178 243
178 244
178 245
179 1
179 9
179 12
179 14
179 30
179 31
179 38
179 40
179 45
179 46
179 48
179 50
179 52
179 60
179 67
179 68
179 85
179 91
179 97
179 104
179 113
179 121
179 129
179 138
179 139
179 151
179 152
179 154
179 157
179 160
179 163
179 172
179 181
179 183
179 184
179 197
179 200
179 203
179 220
179 221
179 225
179 227
179 228
179 230
179 235
179 243
179 244
179 247
180 3
180 21
180 25
180 30
180 34
180 38
180 53
180 55
180 60
180 66
180 70
180 73
180 76
180 78
180 84
180 89
180 93
180 94
180 103
180 104
180 114
180 132
180 138
180 141
180 142
180 144
180 153
180 154
180 155
180 166
180 169
180 171
180 172
180 190
180 194
180 198
180 199
180 203
180 214
180 218
180 220
180 231
180 238
180 239
180 242
180 248
181 2
181 5
181 7
181 15
181 17
181 18
181 19
181 22
181 24
181 28
181 29
181 33
181 36
181 41
181 43
181 44
181 52
181 55
181 58
181 68
181 69
181 74
181 86
181 87
181 88
181 94
181 99
181 100
181 106
181 111
181 116
181 124
181 126
181 133
181 135
181 147
181 148
181 154
181 158
181 161
181 167
181 170
181 173
181 182
181 184
181 185
181 198
181 202
181 203
181 205
181 207
181 208
181 217
181 222
181 224
181 248
182 6
182 7
182 11
182 14
182 30
182 31
182 39
182 49
182 50
182 51
182 58
182 62
182 75
182 79
182 81
182 83
182 84
182 93
182 97
182 99
182 100
182 103
182 104
182 111
182 113
182 122
182 127
182 136
182 138
182 141
182 151
182 152
182 162
182 168
182 181
182 186
182 196
182 198
182 201
182 202
182 205
182 208
182 210
182 213
182 218
182 223
182 228
182 231
182 240
182 241
182 245
183 4
183 6
183 9
183 14
183 21
183 23
183 24
183 26
183 31
183 36
183 39
183 47
183 48
183 56
183 58
183 60
183 63
183 64
183 68
183 74
183 78
183 82
183 83
183 91
183 92
183 96
183 112
183 115
183 119
183 125
183 128
183 132
183 136
183 138
183 144
183 149
183 157
183 160
183 161
183 165
183 175
183 179
183 185
183 187
183 189
183 191
183 197
183 205
183 210
183 216
183 217
183 220
183 221
183 222
183 224
183 225
183 227
183 229
183 231
183 232
183 239
184 2
184 4
184 8
184 10
184 20
184 27
184 45
184 47
184 49
184 52
184 54
184 55
184 69
184 71
184 73
184 74
184 75
184 77
184 79
184 82
184 84
184 90
184 100
184 109
184 110
184 112
184 113
184 114
184 119
184 121
184 123
184 126
184 128
184 133
184 143
184 144
184 145
184 151
184 159
184 166
184 170
184 177
184 178
184 185
184 188
184 193
184 196
184 198
184 201
184 203
184 205
184 211
184 212
184 223
184 229
184 230
184 231
184 233
184 236
185 25
185 31
185 35
185 36
185 42
185 47
185 58
185 65
185 73
185 74
185 77
185 83
185 88
185 89
185 91
185 96
185 97
185 99
185 106
185 109
185 122
185 126
185 137
185 146
185 150
185 155
185 156
185 160
185 174
185 176
185 178
185 186
185 187
185 189
185 216
185 217
185 219
185 221
185 225
185 226
185 227
185 246
186 4
186 21
186 27
186 40
186 43
186 49
186 53
186 58
186 64
186 69
186 72
186 73
186 79
186 82
186 98
186 101
186 106
186 117
186 120
186 129
186 135
186 136
186 142
186 143
186 157
186 160
186 166
186 176
186 178
186 181
186 190
186 191
186 193
186 194
186 195
186 196
186 210
186 220
186 226
186 228
186 236
187 4
187 15
187 22
187 28
187 31
187 33
187 34
187 42
187 47
187 51
187 53
187 57
187 59
187 65
187 66
187 71
187 91
187 94
187 98
187 102
187 103
187 114
187 119
187 131
187 136
187 140
187 141
187 154
187 161
187 166
187 169
187 178
187 186
187 190
187 195
187 204
187 207
187 210
187 215
187 218
187 225
187 226
187 230
187 237
187 238
187 240
187 243
188 1
188 4
188 5
188 12
188 18
188 23
188 27
188 31
188 33
188 35
188 37
188 42
188 44
188 45
188 48
188 50
188 55
188 56
188 57
188 65
188 70
188 76
188 81
188 87
188 90
188 91
188 98
188 104
188 107
188 118
188 120
188 122
188 128
188 129
188 130
188 132
188 146
188 148
188 157
188 160
188 168
188 170
188 171
188 172
188 175
188 182
188 191
188 200
188 203
188 207
188 211
188 221
188 226
188 232
188 234
188 238
189 0
189 5
189 10
189 11
189 13
189 15
189 35
189 38
189 40
189 45
189 46
189 55
189 57
189 58
189 61
189 66
189 72
189 76
189 77
189 79
189 80
189 89
189 93
189 98
189 100
189 104
189 108
189 113
189 122
189 125
189 128
189 130
189 132
189 134
189 136
189 140
189 141
189 145
189 147
189 149
189 153
189 160
189 164
189 165
189 166
189 169
189 174
189 179
189 199
189 202
189 207
189 217
189 218
189 225
189 228
189 242
189 244
189 247
190 0
190 1
190 5
190 10
190 25
190 35
190 37
190 40
190 66
190 70
190 71
190 75
190 84
190 86
190 91
190 92
190 110
190 114
190 124
190 127
190 130
190 137
190 141
190 143
190 157
190 165
190 166
190 174
190 181
190 182
190 188
190 190
190 201
190 204
190 206
190 212
190 217
190 220
190 230
190 231
190 232
190 239
190 241
191 15
191 16
191 20
191 22
191 25
191 34
191 36
191 43
191 44
191 46
191 55
191 62
191 65
191 72
191 75
191 77
191 79
191 80
191 84
191 90
191 101
191 102
191 108
191 118
191 119
191 126
191 129
191 131
191 137
191 139
191 143
191 146
191 149
191 156
191 161
191 163
191 174
191 175
191 176
191 177
191 178
191 184
191 200
191 204
191 213
191 216
191 219
191 226
191 231
191 235
191 238
191 245
191 247
191 249
192 0
192 3
192 13
192 18
192 19
192 21
192 22
192 26
192 31
192 32
192 34
192 37
192 38
192 51
192 61
192 66
192 68
192 70
192 75
192 76
192 82
192 86
192 87
192 88
192 91
192 101
192 106
192 107
192 111
192 114
192 115
192 122
192 129
192 131
192 137
192 138
192 140
192 145
192 153
192 154
192 161
192 163
192 171
192 180
192 190
192 197
192 208
192 221
192 231
193 1
193 4
193 7
193 23
193 26
193 43
193 51
193 64
193 72
193 75
193 76
193 97
193 111
193 113
193 114
193 117
193 125
193 127
193 128
193 132
193 133
193 136
193 140
193 141
193 142
193 145
193 146
193 150
193 153
193 157
193 160
193 165
193 167
193 169
193 175
193 176
193 183
193 184
193 186
193 187
193 196
193 197
193 203
193 220
193 222
193 224
193 228
193 230
193 232
193 238
193 240
193 244
194 1
194 3
194 14
194 15
194 16
194 17
194 19
194 32
194 34
194 35
194 37
194 38
194 42
194 50
194 54
194 55
194 60
194 61
194 71
194 72
194 76
194 86
194 87
194 93
194 94
194 109
194 110
194 119
194 124
194 131
194 139
194 159
194 161
194 168
194 175
194 176
194 181
194 182
194 187
194 199
194 202
194 203
194 206
194 207
194 211
194 213
194 216
194 228
194 231
194 243
194 248
194 249
195 9
195 13
195 50
195 52
195 59
195 62
195 68
195 79
195 86
195 90
195 98
195 100
195 102
195 104
195 105
195 110
195 118
195 123
195 129
195 144
195 146
195 147
195 148
195 149
195 152
195 155
195 156
195 158
195 162
195 164
195 168
195 170
195 175
195 179
195 186
195 188
195 189
195 190
195 192
195 194
195 196
195 200
195 210
195 216
195 227
195 238
195 239
195 243
196 0
196 1
196 7
196 12
196 14
196 18
196 26
196 29
196 33
196 41
196 44
196 45
196 48
196 52
196 55
196 59
196 62
196 67
196 68
196 79
196 81
196 82
196 83
196 84
196 85
196 89
196 91
196 99
196 100
196 104
196 107
196 110
196 115
196 116
196 123
196 126
196 128
196 134
196 136
196 139
196 152
196 157
196 158
196 163
196 166
196 168
196 169
196 178
196 180
196 185
196 187
196 188
196 194
196 195
196 197
196 202
196 203
196 208
196 213
196 216
196 219
196 224
196 227
196 229
196 231
196 236
196 242
196 247
197 5
197 10
197 12
197 23
197 24
197 27
197 31
197 35
197 40
197 60
197 63
197 64
197 82
197 86
197 89
197 91
197 95
197 96
197 100
197 103
197 104
197 112
197 116
197 118
197 121
197 125
197 132
197 139
197 149
197 152
197 156
197 157
197 160
197 163
197 165
197 166
197 168
197 171
197 172
197 185
197 188
197 194
197 204
197 205
197 206
197 210
197 212
197 213
197 219
197 221
197 228
197 229
197 231
197 248
198 2
198 5
198 10
198 12
198 15
198 20
198 28
198 35
198 44
198 53
198 55
198 69
198 73
198 77
198 78
198 92
198 93
198 104
198 107
198 108
198 110
198 114
198 115
198 120
198 137
198 139
198 149
198 150
198 161
198 164
198 168
198 172
198 176
198 181
198 182
198 183
198 184
198 187
198 197
198 199
198 200
198 204
198 220
198 223
198 226
198 233
198 236
199 1
199 8
199 18
199 36
199 42
199 43
199 46
199 50
199 52
199 63
199 72
199 78
199 80
199 83
199 101
199 104
199 109
199 113
199 119
199 133
199 139
199 144
199 146
199 148
199 157
199 166
199 168
199 172
199 182
199 191
199 192
199 196
199 217
199 220
199 233
199 235
199 236
199 239
199 242
199 244
200 2
200 3
200 7
200 15
200 23
200 30
200 33
200 39
200 41
200 47
200 52
200 54
200 55
200 57
200 63
200 68
200 72
200 74
200 78
200 86
200 87
200 88
200 96
200 108
200 112
200 113
200 116
200 117
200 118
200 121
200 131
200 132
200 140
200 145
200 147
200 153
200 155
200 163
200 164
200 181
200 188
200 202
200 203
200 207
200 208
200 209
200 219
200 221
200 222
200 227
200 237
200 241
200 246
201 1
201 6
201 8
201 12
201 14
201 15
201 16
201 20
201 21
201 27
201 30
201 44
201 48
201 51
201 53
201 57
201 59
201 65
201 66
201 68
201 71
201 74
201 89
201 101
201 106
201 108
201 109
201 112
201 114
201 115
201 122
201 132
201 137
201 138
201 154
201 161
201 162
201 165
201 166
201 172
201 175
201 178
201 183
201 188
201 204
201 210
201 212
201 217
201 221
201 228
201 236
201 243
202 13
202 14
202 18
202 20
202 21
202 33
202 34
202 40
202 46
202 54
202 57
202 59
202 61
202 62
202 63
202 69
202 76
202 77
202 80
202 90
202 94
202 95
202 97
202 105
202 121
202 128
202 135
202 144
202 152
202 155
202 165
202 170
202 180
202 185
202 188
202 194
202 199
202 200
202 205
202 206
202 210
202 211
202 220
202 233
202 236
202 238
202 241
203 8
203 9
203 14
203 17
203 26
203 27
203 35
203 38
203 39
203 45
203 56
203 63
203 64
203 65
203 89
203 95
203 98
203 102
203 106
203 109
203 110
203 117
203 120
203 124
203 128
203 143
203 152
203 154
203 155
203 156
203 162
203 172
203 184
203 189
203 195
203 202
203 211
203 213
203 215
203 223
203 225
203 228
203 232
203 234
203 235
203 238
203 240
204 0
204 2
204 8
204 14
204 21
204 26
204 32
204 37
204 39
204 45
204 47
204 52
204 54
204 56
204 59
204 64
204 69
204 73
204 78
204 84
204 99
204 102
204 104
204 106
204 108
204 112
204 121
204 128
204 130
204 133
204 141
204 142
204 146
204 148
204 153
204 168
204 170
204 171
204 172
204 174
204 182
204 185
204 191
204 193
204 202
204 203
204 207
204 208
204 210
204 213
204 214
204 216
204 224
204 225
204 229
204 232
205 2
205 4
205 19
205 32
205 44
205 45
205 50
205 52
205 60
205 68
205 73
205 74
205 79
205 81
205 90
205 92
205 96
205 105
205 108
205 116
205 119
205 132
205 139
205 149
205 150
205 153
205 154
205 161
205 165
205 166
205 172
205 177
205 179
205 187
205 188
205 189
205 192
205 193
205 199
205 200
205 207
205 210
205 217
205 223
205 224
205 234
205 236
205 237
205 238
205 239
205 242
205 243
206 9
206 11
206 18
206 20
206 33
206 34
206 35
206 37
206 38
206 42
206 56
206 57
206 65
206 67
206 78
206 81
206 84
206 86
206 87
206 102
206 104
206 107
206 109
206 111
206 117
206 118
206 130
206 131
206 139
206 142
206 144
206 150
206 152
206 156
206 157
206 164
206 171
206 173
206 182
206 188
206 190
206 191
206 193
206 197
206 198
206 199
206 203
206 206
206 208
206 213
206 214
206 221
206 229
206 230
206 233
207 2
207 3
207 5
207 8
207 29
207 30
207 36
207 40
207 43
207 46
207 50
207 54
207 57
207 58
207 63
207 65
207 68
207 72
207 75
207 76
207 88
207 96
207 98
207 99
207 101
207 106
207 112
207 116
207 117
207 125
207 129
207 131
207 133
207 136
207 137
207 142
207 143
207 150
207 152
207 157
207 161
207 169
207 173
207 176
207 180
207 181
207 182
207 184
207 187
207 190
207 196
207 211
207 223
207 225
207 226
207 233
207 236
207 238
208 9
208 16
208 21
208 28
208 33
208 48
208 51
208 62
208 63
208 75
208 79
208 117
208 119
208 120
208 139
208 140
208 149
208 160
208 163
208 164
208 166
208 169
208 174
208 175
208 177
208 186
208 187
208 192
208 196
208 197
208 198
208 204
208 205
208 208
208 209
208 217
208 218
208 219
208 245
208 247
209 9
209 10
209 19
209 22
209 23
209 25
209 41
209 42
209 61
209 73
209 74
209 75
209 80
209 83
209 85
209 91
209 96
209 97
209 100
209 102
209 104
209 105
209 114
209 115
209 127
209 133
209 137
209 148
209 154
209 161
209 164
209 165
209 177
209 179
209 180
209 183
209 188
209 192
209 193
209 198
209 218
209 219
209 221
209 222
209 223
209 225
209 238
209 241
209 243
209 249
210 10
210 18
210 23
210 38
210 40
210 41
210 48
210 65
210 80
210 96
210 101
210 102
210 107
210 112
210 113
210 116
210 128
210 129
210 139
210 142
210 144
210 147
210 173
210 176
210 180
210 181
210 186
210 189
210 203
210 208
210 209
210 214
210 216
210 219
210 220
210 223
210 224
210 228
210 229
210 244
211 6
211 7
211 17
211 22
211 23
211 42
211 45
211 51
211 59
211 60
211 61
211 69
211 74
211 77
211 79
211 88
211 90
211 92
211 94
211 95
211 97
211 111
211 116
211 117
211 119
211 126
211 127
211 136
211 141
211 145
211 148
211 151
211 152
211 155
211 157
211 158
211 162
211 172
211 175
211 179
211 180
211 181
211 187
211 189
211 190
211 192
211 197
211 200
211 203
211 209
211 219
211 231
211 233
211 239
211 245
212 1
212 3
212 20
212 30
212 32
212 39
212 43
212 56
212 61
212 62
212 64
212 65
212 83
212 85
212 92
212 94
212 97
212 108
212 109
212 112
212 136
212 142
212 145
212 155
212 157
212 163
212 180
212 193
212 195
212 213
212 214
212 223
212 227
212 230
212 238
212 241
212 243
212 244
212 246
212 248
213 3
213 6
213 15
213 16
213 29
213 30
213 32
213 44
213 47
213 48
213 50
213 56
213 58
213 59
213 62
213 67
213 82
213 85
213 86
213 92
213 95
213 96
213 99
213 102
213 105
213 111
213 112
213 117
213 120
213 133
213 137
213 138
213 139
213 143
213 148
213 152
213 157
213 158
213 160
213 162
213 163
213 165
213 171
213 174
213 176
213 178
213 188
213 197
213 202
213 203
213 204
213 209
213 210
213 216
213 222
213 224
213 230
213 248
214 1
214 12
214 20
214 28
214 39
214 48
214 51
214 55
214 58
214 73
214 74
214 77
214 78
214 79
214 89
214 95
214 96
214 97
214 98
214 107
214 108
214 111
214 123
214 124
214 128
214 132
214 138
214 139
214 152
214 154
214 160
214 161
214 187
214 188
214 191
214 210
214 213
214 224
214 227
214 228
214 232
214 238
214 241
215 3
215 10
215 13
215 20
215 23
215 31
215 41
215 43
215 44
215 50
215 53
215 55
215 60
215 63
215 70
215 71
215 72
215 80
215 81
215 89
215 97
215 101
215 104
215 105
215 123
215 126
215 127
215 140
215 152
215 167
215 183
215 193
215 202
215 203
215 212
215 213
215 215
215 226
215 227
215 229
215 232
215 235
215 236
215 239
215 248
216 0
216 8
216 19
216 26
216 29
216 32
216 39
216 46
216 47
216 55
216 59
216 61
216 91
216 105
216 115
216 120
216 121
216 122
216 123
216 125
216 129
216 142
216 145
216 147
216 150
216 161
216 175
216 176
216 182
216 186
216 188
216 195
216 196
216 199
216 202
216 203
216 208
216 209
216 210
216 213
216 228
216 232
216 233
216 241
216 243
216 244
216 248
217 0
217 2
217 3
217 4
217 7
217 13
217 21
217 23
217 27
217 29
217 30
217 37
217 55
217 60
217 64
217 66
217 70
217 71
217 75
217 82
217 85
217 86
217 100
217 112
217 114
217 117
217 118
217 121
217 132
217 136
217 142
217 151
217 153
217 155
217 181
217 182
217 184
217 187
217 188
217 191
217 192
217 193
217 201
217 203
217 205
217 212
217 216
217 217
217 221
217 225
217 229
217 232
217 239
217 244
217 245
218 7
218 11
218 12
218 17
218 20
218 32
218 45
218 46
218 53
218 59
218 63
218 69
218 73
218 75
218 80
218 82
218 92
218 99
218 100
218 105
218 117
218 129
218 131
218 143
218 145
218 146
218 148
218 157
218 159
218 172
218 183
218 196
218 203
218 206
218 215
218 217
218 227
218 231
218 232
218 235
218 237
218 242
218 249
219 4
219 17
219 18
219 20
219 32
219 33
219 34
219 35
219 36
219 53
219 54
219 55
219 69
219 74
219 82
219 86
219 89
219 91
219 96
219 101
219 108
219 109
219 111
219 112
219 113
219 114
219 116
219 123
219 124
219 126
219 140
219 143
219 145
219 146
219 150
219 159
219 161
219 162
219 166
219 167
219 172
219 174
219 181
219 186
219 189
219 191
219 194
219 201
219 202
219 203
219 211
219 213
219 214
219 222
219 225
219 227
219 228
219 236
219 239
219 240
219 241
220 7
220 8
220 10
220 15
220 19
220 20
220 32
220 33
220 44
220 45
220 46
220 47
220 53
220 61
220 63
220 74
220 84
220 85
220 99
220 109
220 113
220 120
220 123
220 125
220 128
220 133
220 136
220 140
220 144
220 147
220 150
220 157
220 161
220 162
220 163
220 172
220 175
220 184
220 186
220 190
220 201
220 206
220 218
220 234
220 235
220 236
221 1
221 6
221 10
221 12
221 15
221 18
221 19
221 20
221 21
221 22
221 36
221 37
221 41
221 54
221 56
221 58
221 60
221 63
221 65
221 74
221 79
221 89
221 100
221 110
221 111
221 115
221 133
221 137
221 141
221 145
221 164
221 171
221 172
221 177
221 181
221 182
221 187
221 192
221 193
221 199
221 201
221 211
221 217
221 222
221 226
221 227
221 233
221 238
221 240
221 241
221 246
221 248
222 1
222 13
222 14
222 19
222 24
222 36
222 39
222 40
222 45
222 47
222 49
222 51
222 52
222 54
222 55
222 63
222 66
222 67
222 71
222 79
222 80
222 81
222 82
222 91
222 93
222 94
222 98
222 99
222 101
222 119
222 123
222 127
222 141
222 149
222 150
222 154
222 159
222 160
222 161
222 164
222 173
222 180
222 186
222 197
222 217
222 219
222 222
222 223
222 225
222 228
222 230
222 233
222 240
222 247
223 1
223 8
223 9
223 10
223 15
223 18
223 19
223 29
223 35
223 36
223 37
223 38
223 43
223 56
223 65
223 70
223 71
223 72
223 77
223 79
223 84
223 88
223 93
223 95
223 98
223 99
223 103
223 107
223 110
223 112
223 114
223 120
223 124
223 130
223 139
223 140
223 145
223 146
223 147
223 154
223 163
223 170
223 175
223 188
223 194
223 199
223 200
223 201
223 205
223 210
223 212
223 219
223 224
223 227
223 229
223 234
223 242
224 6
224 9
224 11
224 15
224 16
224 21
224 25
224 32
224 36
224 49
224 50
224 64
224 69
224 78
224 82
224 95
224 98
224 100
224 109
224 111
224 117
224 130
224 134
224 138
224 156
224 159
224 174
224 178
224 196
224 199
224 201
224 203
224 207
224 213
224 222
224 225
224 228
224 241
224 243
225 0
225 10
225 17
225 23
225 32
225 38
225 39
225 64
225 66
225 68
225 70
225 71
225 74
225 80
225 88
225 89
225 93
225 96
225 102
225 105
225 106
225 109
225 111
225 116
225 119
225 120
225 123
225 128
225 132
225 154
225 160
225 166
225 169
225 179
225 195
225 196
225 200
225 206
225 214
225 220
225 221
225 223
225 225
225 238
226 5
226 12
226 18
226 19
226 28
226 37
226 38
226 49
226 58
226 64
226 67
226 75
226 79
226 83
226 95
226 100
226 101
226 104
226 114
226 116
226 119
226 120
226 130
226 134
226 137
226 139
226 144
226 149
226 156
226 162
226 163
226 164
226 181
226 183
226 184
226 188
226 190
226 193
226 194
226 208
226 214
226 217
226 218
226 219
226 222
226 229
226 230
226 235
226 241
226 245
226 246
227 7
227 9
227 11
227 19
227 24
227 28
227 29
227 44
227 48
227 52
227 55
227 61
227 69
227 75
227 78
227 92
227 101
227 105
227 113
227 114
227 117
227 121
227 127
227 154
227 159
227 179
227 185
227 199
227 204
227 207
227 211
227 226
227 228
227 232
227 235
227 238
227 245
228 1
228 12
228 14
228 15
228 20
228 38
228 70
228 71
228 76
228 81
228 93
228 94
228 96
228 101
228 105
228 114
228 117
228 119
228 120
228 128
228 129
228 130
228 132
228 136
228 148
228 149
228 150
228 192
228 196
228 200
228 209
228 218
228 222
228 224
228 230
228 238
228 239
228 240
228 241
228 242
228 247
229 0
229 6
229 12
229 16
229 23
229 47
229 51
229 54
229 59
229 78
229 84
229 92
229 93
229 99
229 100
229 103
229 107
229 108
229 112
229 129
229 131
229 132
229 135
229 137
229 139
229 140
229 149
229 152
229 155
229 158
229 159
229 160
229 165
229 168
229 177
229 181
229 192
229 198
229 202
229 214
229 215
229 223
229 224
229 226
229 229
229 236
229 247
230 0
230 9
230 18
230 36
230 37
230 42
230 48
230 52
230 57
230 62
230 64
230 67
230 75
230 80
230 88
230 91
230 94
230 96
230 98
230 102
230 106
230 110
230 116
230 129
230 132
230 139
230 150
230 160
230 172
230 178
230 180
230 181
230 182
230 195
230 203
230 210
230 225
230 228
230 231
230 232
230 240
230 248
231 5
231 6
231 10
231 14
231 22
231 34
231 36
231 37
231 39
231 40
231 44
231 48
231 50
231 54
231 62
231 63
231 70
231 75
231 77
231 80
231 82
231 84
231 85
231 100
231 103
231 108
231 109
231 111
231 112
231 115
231 120
231 121
231 124
231 135
231 136
231 148
231 149
231 150
231 157
231 161
231 171
231 182
231 189
231 200
231 208
231 213
231 214
231 217
231 219
231 224
231 226
231 228
231 233
231 234
231 242
231 247
231 248
232 1
232 4
232 11
232 27
232 28
232 29
232 35
232 38
232 39
232 52
232 62
232 64
232 68
232 70
232 71
232 74
232 80
232 82
232 83
232 84
232 88
232 89
232 91
232 99
232 105
232 115
232 117
232 124
232 134
232 137
232 138
232 139
232 140
232 141
232 143
232 145
232 147
232 152
232 159
232 164
232 173
232 177
232 178
232 180
232 190
232 199
232 200
232 215
232 219
232 221
232 223
232 224
232 225
232 226
232 227
232 232
232 234
232 237
233 7
233 8
233 9
233 10
233 13
233 18
233 21
233 40
233 42
233 45
233 47
233 48
233 50
233 54
233 62
233 66
233 74
233 86
233 91
233 100
233 107
233 109
233 118
233 125
233 135
233 146
233 150
233 154
233 156
233 159
233 160
233 163
233 169
233 176
233 179
233 181
233 182
233 196
233 205
233 219
233 220
233 223
233 230
233 233
233 236
233 246
233 248
233 249
234 4
234 6
234 9
234 26
234 30
234 31
234 36
234 39
234 41
234 51
234 52
234 58
234 62
234 66
234 67
234 78
234 84
234 91
234 93
234 97
234 100
234 108
234 111
234 113
234 115
234 125
234 132
234 145
234 153
234 154
234 155
234 156
234 161
234 162
234 175
234 181
234 187
234 188
234 193
234 194
234 197
234 210
234 213
234 216
234 220
234 224
234 228
234 230
234 239
234 248
235 0
235 4
235 10
235 11
235 14
235 15
235 16
235 35
235 36
235 37
235 39
235 54
235 58
235 60
235 63
235 69
235 71
235 79
235 87
235 88
235 89
235 91
235 92
235 98
235 99
235 103
235 112
235 118
235 121
235 124
235 128
235 129
235 130
235 131
235 133
235 139
235 142
235 145
235 147
235 150
235 159
235 176
235 179
235 183
235 188
235 198
235 203
235 211
235 213
235 219
235 220
235 223
235 227
235 229
235 232
235 240
236 1
236 10
236 14
236 21
236 24
236 25
236 28
236 29
236 32
236 43
236 46
236 49
236 51
236 65
236 83
236 85
236 89
236 90
236 91
236 102
236 110
236 111
236 112
236 116
236 119
236 127
236 153
236 155
236 156
236 167
236 168
236 174
236 182
236 183
236 187
236 192
236 209
236 211
236 214
236 216
236 229
236 230
236 231
236 232
236 234
236 237
236 242
236 245
236 247
237 3
237 9
237 19
237 22
237 28
237 46
237 50
237 53
237 54
237 55
237 71
237 72
237 77
237 84
237 89
237 92
237 96
237 109
237 112
237 123
237 127
237 132
237 133
237 135
237 139
237 146
237 151
237 156
237 157
237 195
237 200
237 206
237 208
237 209
237 211
237 215
237 217
237 220
237 229
237 233
237 245
237 249
238 11
238 15
238 16
238 19
238 23
238 24
238 27
238 29
238 31
238 32
238 42
238 52
238 70
238 80
238 91
238 94
238 107
238 108
238 113
238 115
238 119
238 130
238 133
238 137
238 138
238 139
238 141
238 142
238 145
238 151
238 160
238 164
238 166
238 171
238 172
238 174
238 176
238 178
238 182
238 192
238 195
238 205
238 206
238 207
238 216
238 219
238 222
238 223
238 224
238 225
238 227
238 234
238 235
238 238
239 15
239 20
239 22
239 29
239 33
239 40
239 50
239 59
239 64
239 67
239 70
239 71
239 74
239 79
239 84
239 86
239 96
239 99
239 103
239 106
239 112
239 114
239 116
239 118
239 119
239 122
239 125
239 129
239 134
239 135
239 140
239 142
239 143
239 161
239 165
239 168
239 170
239 172
239 177
239 178
239 179
239 183
239 187
239 190
239 191
239 193
239 195
239 200
239 216
239 217
239 218
239 220
239 224
239 228
239 229
239 248
239 249
240 0
240 9
240 22
240 34
240 35
240 40
240 42
240 43
240 48
240 51
240 60
240 63
240 96
240 111
240 113
240 116
240 120
240 124
240 126
240 128
240 140
240 142
240 148
240 149
240 152
240 158
240 169
240 177
240 178
240 182
240 185
240 189
240 192
240 209
240 216
240 218
240 219
240 221
240 222
240 226
240 233
240 234
240 236
240 241
240 244
240 245
240 248
241 1
241 18
241 23
241 29
241 36
241 41
241 43
241 48
241 56
241 58
241 74
241 78
241 82
241 89
241 90
241 91
241 95
241 98
241 99
241 100
241 103
241 108
241 109
241 127
241 136
241 139
241 140
241 145
241 151
241 152
241 158
241 162
241 165
241 166
241 175
241 178
241 184
241 185
241 193
241 195
241 199
241 203
241 204
241 206
241 213
241 223
241 224
242 1
242 2
242 7
242 11
242 20
242 24
242 31
242 33
242 36
242 38
242 44
242 52
242 58
242 59
242 64
242 72
242 75
242 79
242 81
242 82
242 83
242 86
242 90
242 94
242 97
242 100
242 102
242 109
242 117
242 139
242 140
242 143
242 149
242 154
242 168
242 176
242 188
242 192
242 195
242 196
242 204
242 207
242 208
242 209
242 216
242 218
242 221
242 227
242 236
242 238
242 239
242 241
243 3
243 9
243 27
243 32
243 33
243 64
243 66
243 70
243 77
243 79
243 89
243 94
243 95
243 107
243 110
243 111
243 116
243 118
243 120
243 127
243 132
243 134
243 135
243 140
243 146
243 153
243 154
243 160
243 163
243 166
243 170
243 172
243 174
243 175
243 176
243 182
243 196
243 197
243 199
243 206
243 211
243 217
243 228
243 236
243 237
243 239
243 247
244 6
244 7
244 8
244 18
244 21
244 22
244 24
244 28
244 30
244 36
244 40
244 41
244 42
244 53
244 72
244 89
244 90
244 92
244 96
244 104
244 109
244 110
244 122
244 124
244 125
244 126
244 127
244 133
244 134
244 141
244 145
244 155
244 165
244 174
244 177
244 183
244 186
244 197
244 202
244 207
244 211
244 217
244 218
244 219
244 221
244 227
244 229
244 230
244 234
245 0
245 5
245 7
245 8
245 9
245 20
245 26
245 29
245 35
245 36
245 39
245 45
245 48
245 52
245 54
245 57
245 70
245 76
245 78
245 80
245 82
245 85
245 93
245 100
245 105
245 114
245 118
245 127
245 129
245 135
245 136
245 138
245 141
245 142
245 143
245 146
245 147
245 150
245 156
245 158
245 159
245 160
245 165
245 173
245 180
245 181
245 184
245 186
245 202
245 203
245 217
245 219
245 221
245 226
245 229
245 231
245 237
245 238
245 241
245 243
245 245
246 13
246 16
246 18
246 23
246 32
246 35
246 36
246 38
246 40
246 42
246 53
246 55
246 60
246 63
246 64
246 72
246 74
246 84
246 89
246 92
246 96
246 97
246 102
246 104
246 105
246 106
246 116
246 125
246 126
246 131
246 133
246 136
246 140
246 145
246 154
246 157
246 168
246 173
246 176
246 177
246 185
246 187
246 188
246 200
246 208
246 217
246 221
246 228
246 233
246 234
246 237
246 239
246 241
246 243
247 4
247 17
247 19
247 21
247 29
247 36
247 50
247 59
247 60
247 63
247 67
247 68
247 78
247 88
247 92
247 94
247 96
247 101
247 103
247 111
247 113
247 118
247 119
247 121
247 123
247 125
247 128
247 129
247 130
247 131
247 139
247 140
247 150
247 158
247 173
247 175
247 182
247 186
247 193
247 194
247 198
247 205
247 206
247 209
247 210
247 211
247 212
247 213
247 227
247 231
247 238
247 239
247 249
248 0
248 1
248 7
248 11
248 13
248 15
248 24
248 25
248 26
248 30
248 35
248 40
248 41
248 43
248 44
248 47
248 59
248 68
248 79
248 82
248 88
248 89
248 100
248 102
248 104
248 115
248 120
248 121
248 124
248 134
248 136
248 137
248 139
248 148
248 174
248 189
248 191
248 196
248 202
248 210
248 214
248 215
248 216
248 220
248 222
248 232
248 234
248 245
248 248
248 249
249 0
249 2
249 12
249 14
249 29
249 30
249 32
249 34
249 39
249 52
249 54
249 60
249 72
249 75
249 83
249 86
249 90
249 92
249 96
249 106
249 112
249 114
249 115
249 121
249 126
249 127
249 136
249 141
249 145
249 148
249 149
249 152
249 157
249 161
249 162
249 169
249 181
249 182
249 189
249 195
249 207
249 211
249 227
249 228
249 229
249 240
249 246
