130
3354
0 5
0 6
0 7
0 12
0 18
0 37
0 39
0 41
0 49
0 51
0 55
0 56
0 57
0 58
0 81
0 84
0 88
0 89
0 107
0 110
0 116
0 118
0 125
0 127
1 1
1 4
1 6
1 7
1 8
1 13
1 15
1 18
1 20
1 21
1 30
1 36
1 51
1 56
1 61
1 62
1 63
1 72
1 83
1 84
1 89
1 93
1 94
1 100
1 105
1 111
1 112
1 115
1 116
1 123
2 2
2 4
2 5
2 6
2 13
2 26
2 28
2 31
2 33
2 41
2 42
2 57
2 61
2 66
2 67
2 68
2 70
2 72
2 85
2 86
2 95
2 97
2 100
2 101
2 105
2 110
2 112
2 114
3 4
3 13
3 14
3 21
3 25
3 26
3 41
3 46
3 49
3 58
3 73
3 79
3 83
3 84
3 96
3 104
3 105
3 108
3 112
3 114
3 115
3 117
3 122
4 14
4 25
4 26
4 32
4 39
4 46
4 48
4 49
4 58
4 63
4 67
4 73
4 88
4 95
4 101
4 105
4 108
4 114
4 116
4 121
4 123
5 2
5 9
5 21
5 23
5 25
5 27
5 29
5 36
5 40
5 44
5 45
5 48
5 49
5 58
5 64
5 87
5 91
5 94
5 97
5 99
5 102
5 103
5 104
5 106
5 126
6 0
6 2
6 14
6 22
6 25
6 26
6 28
6 30
6 33
6 37
6 38
6 39
6 41
6 44
6 46
6 52
6 61
6 65
6 66
6 75
6 78
6 79
6 98
6 104
6 109
6 114
6 118
7 4
7 5
7 14
7 18
7 22
7 27
7 43
7 48
7 53
7 54
7 61
7 62
7 64
7 68
7 69
7 70
7 82
7 88
7 91
7 96
7 102
7 108
7 128
8 0
8 1
8 6
8 8
8 12
8 14
8 17
8 19
8 29
8 30
8 32
8 33
8 34
8 42
8 49
8 54
8 78
8 100
8 106
8 117
8 122
9 9
9 15
9 21
9 26
9 31
9 32
9 36
9 37
9 45
9 47
9 49
9 64
9 74
9 77
9 82
9 83
9 87
9 92
9 93
9 111
9 119
9 126
10 0
10 3
10 5
10 11
10 21
10 35
10 38
10 41
10 42
10 52
10 56
10 57
10 65
10 71
10 75
10 93
10 94
10 96
10 100
10 101
10 107
10 108
10 113
10 116
10 119
10 127
11 1
11 12
11 13
11 17
11 18
11 19
11 21
11 25
11 28
11 37
11 51
11 52
11 53
11 59
11 66
11 68
11 76
11 83
11 90
11 99
11 100
11 108
11 114
11 117
11 119
11 129
12 3
12 18
12 19
12 21
12 23
12 24
12 28
12 33
12 36
12 37
12 39
12 41
12 44
12 53
12 54
12 59
12 72
12 76
12 94
12 99
12 101
12 104
12 105
12 109
12 122
13 11
13 14
13 15
13 18
13 19
13 30
13 43
13 51
13 60
13 65
13 66
13 67
13 68
13 71
13 73
13 75
13 84
13 86
13 88
13 102
13 112
13 115
13 116
13 118
13 121
14 10
14 12
14 29
14 30
14 47
14 48
14 52
14 59
14 68
14 82
14 84
14 90
14 91
14 95
14 108
14 109
14 126
14 127
15 0
15 1
15 7
15 8
15 10
15 11
15 13
15 24
15 25
15 33
15 39
15 46
15 48
15 55
15 80
15 81
15 84
15 98
15 104
15 108
15 113
15 114
15 125
16 1
16 3
16 7
16 9
16 13
16 15
16 23
16 37
16 43
16 48
16 54
16 57
16 62
16 71
16 75
16 85
16 92
16 93
16 99
16 100
16 104
16 107
16 114
16 128
16 129
17 1
17 7
17 10
17 12
17 17
17 26
17 27
17 28
17 34
17 36
17 38
17 41
17 43
17 47
17 64
17 66
17 68
17 72
17 75
17 85
17 88
17 100
17 102
17 106
17 107
17 108
17 115
17 127
18 9
18 12
18 16
18 21
18 22
18 26
18 28
18 33
18 41
18 46
18 50
18 53
18 55
18 56
18 58
18 61
18 74
18 80
18 90
18 97
18 100
18 101
18 102
18 108
18 110
18 113
19 9
19 18
19 19
19 20
19 21
19 31
19 32
19 36
19 42
19 45
19 48
19 50
19 51
19 57
19 65
19 68
19 71
19 74
19 81
19 82
19 83
19 86
19 87
19 90
19 107
19 109
19 115
19 119
19 122
20 2
20 5
20 15
20 18
20 19
20 21
20 39
20 43
20 46
20 56
20 58
20 59
20 78
20 81
20 87
20 94
20 101
20 103
20 110
20 113
20 114
20 118
20 119
20 121
20 123
21 3
21 6
21 9
21 11
21 13
21 17
21 20
21 21
21 23
21 26
21 34
21 50
21 56
21 58
21 60
21 61
21 65
21 69
21 70
21 71
21 73
21 86
21 93
21 102
21 106
21 129
22 1
22 5
22 7
22 12
22 14
22 29
22 30
22 40
22 43
22 46
22 47
22 52
22 56
22 58
22 63
22 74
22 79
22 80
22 86
22 102
22 105
22 106
22 109
22 110
22 113
22 114
22 116
22 119
22 121
22 122
23 1
23 2
23 21
23 25
23 29
23 30
23 33
23 34
23 35
23 40
23 44
23 49
23 52
23 63
23 69
23 75
23 78
23 87
23 92
23 100
23 102
23 106
23 109
23 117
23 119
23 128
23 129
24 0
24 6
24 16
24 18
24 22
24 27
24 41
24 56
24 60
24 66
24 67
24 72
24 90
24 101
24 102
24 103
24 105
24 110
24 111
24 112
24 113
24 115
24 116
25 2
25 5
25 9
25 20
25 23
25 24
25 29
25 30
25 40
25 41
25 43
25 52
25 56
25 58
25 59
25 60
25 71
25 73
25 76
25 80
25 82
25 111
25 113
25 118
25 126
25 128
25 129
26 2
26 4
26 8
26 9
26 16
26 17
26 21
26 27
26 31
26 32
26 36
26 37
26 48
26 50
26 52
26 54
26 56
26 59
26 65
26 83
26 89
26 90
26 94
26 108
26 116
26 118
26 119
26 125
26 129
27 6
27 9
27 17
27 19
27 30
27 31
27 33
27 36
27 43
27 47
27 49
27 51
27 59
27 60
27 62
27 63
27 79
27 82
27 91
27 94
27 98
27 102
27 103
27 109
27 112
27 122
28 18
28 25
28 28
28 31
28 33
28 44
28 46
28 49
28 56
28 63
28 64
28 66
28 67
28 74
28 76
28 78
28 82
28 86
28 90
28 94
28 97
28 99
28 104
28 106
28 108
28 114
28 122
28 124
28 126
29 3
29 11
29 12
29 13
29 14
29 15
29 20
29 21
29 27
29 37
29 40
29 52
29 58
29 64
29 65
29 67
29 73
29 74
29 76
29 78
29 91
29 94
29 102
29 105
29 111
29 114
29 115
30 4
30 14
30 20
30 26
30 34
30 40
30 50
30 58
30 66
30 68
30 86
30 87
30 89
30 96
30 99
30 101
30 103
30 105
30 108
30 113
30 114
30 124
30 125
30 127
31 6
31 7
31 17
31 26
31 29
31 30
31 41
31 42
31 48
31 51
31 57
31 62
31 67
31 69
31 71
31 75
31 79
31 85
31 86
31 100
31 112
31 120
31 121
31 124
31 127
31 128
32 4
32 5
32 10
32 11
32 13
32 22
32 25
32 27
32 35
32 37
32 41
32 43
32 50
32 51
32 56
32 57
32 59
32 65
32 67
32 68
32 69
32 73
32 79
32 80
32 81
32 85
32 87
32 90
32 96
32 99
32 103
32 109
32 110
32 113
32 115
32 119
33 2
33 11
33 18
33 46
33 47
33 54
33 60
33 64
33 68
33 69
33 77
33 79
33 84
33 85
33 89
33 90
33 96
33 104
33 113
33 124
33 126
33 129
34 6
34 7
34 9
34 11
34 12
34 15
34 16
34 18
34 28
34 29
34 38
34 41
34 50
34 51
34 55
34 59
34 62
34 63
34 78
34 88
34 95
34 116
34 118
34 119
34 121
34 125
34 127
35 5
35 15
35 22
35 23
35 24
35 28
35 29
35 30
35 34
35 36
35 40
35 43
35 45
35 47
35 48
35 52
35 54
35 55
35 57
35 62
35 71
35 75
35 78
35 79
35 101
35 111
35 115
35 122
35 129
36 1
36 9
36 18
36 28
36 29
36 35
36 39
36 49
36 50
36 52
36 58
36 64
36 65
36 77
36 92
36 93
36 94
36 99
36 113
36 114
36 115
36 116
36 120
36 122
36 123
37 3
37 14
37 28
37 30
37 43
37 54
37 57
37 58
37 72
37 74
37 82
37 83
37 86
37 92
37 97
37 99
37 100
37 101
37 108
37 117
37 119
37 122
38 13
38 25
38 28
38 29
38 35
38 36
38 39
38 54
38 62
38 68
38 71
38 74
38 76
38 81
38 88
38 91
38 94
38 97
38 101
38 110
38 111
38 112
38 114
38 122
38 124
38 125
38 129
39 4
39 8
39 13
39 20
39 24
39 25
39 28
39 33
39 45
39 49
39 69
39 73
39 75
39 83
39 85
39 86
39 88
39 91
39 95
39 97
39 105
39 110
39 117
39 119
39 121
39 123
39 128
40 6
40 12
40 15
40 28
40 33
40 37
40 43
40 44
40 48
40 54
40 58
40 59
40 62
40 63
40 65
40 66
40 68
40 74
40 77
40 89
40 96
40 97
40 99
40 104
40 105
40 106
40 107
40 113
40 118
40 128
40 129
41 19
41 27
41 29
41 31
41 33
41 34
41 42
41 52
41 59
41 65
41 68
41 70
41 75
41 77
41 86
41 88
41 101
41 104
41 115
41 118
41 120
41 123
41 124
41 125
42 3
42 8
42 15
42 22
42 24
42 31
42 32
42 36
42 42
42 47
42 64
42 70
42 74
42 77
42 79
42 91
42 96
42 98
42 106
42 112
42 119
42 120
43 0
43 1
43 3
43 8
43 10
43 12
43 15
43 16
43 25
43 30
43 39
43 43
43 49
43 51
43 54
43 55
43 58
43 64
43 66
43 69
43 71
43 79
43 87
43 91
43 96
43 98
43 100
43 101
43 102
43 104
43 117
43 119
43 120
43 123
43 126
44 4
44 5
44 10
44 14
44 28
44 32
44 33
44 44
44 47
44 54
44 60
44 63
44 88
44 90
44 92
44 95
44 96
44 98
44 99
44 100
44 102
44 113
44 115
44 123
45 4
45 8
45 11
45 16
45 17
45 20
45 21
45 34
45 46
45 50
45 51
45 54
45 57
45 62
45 67
45 73
45 75
45 77
45 80
45 83
45 91
45 95
45 96
45 115
45 119
45 123
45 124
45 126
46 1
46 4
46 5
46 10
46 27
46 61
46 62
46 70
46 73
46 77
46 81
46 89
46 93
46 98
46 100
46 102
46 107
46 110
46 113
46 117
46 125
47 4
47 10
47 11
47 18
47 26
47 31
47 38
47 40
47 42
47 45
47 48
47 51
47 52
47 54
47 55
47 56
47 63
47 65
47 66
47 67
47 74
47 78
47 81
47 85
47 100
47 109
47 116
48 3
48 9
48 11
48 13
48 17
48 20
48 22
48 23
48 32
48 38
48 46
48 49
48 53
48 54
48 60
48 62
48 66
48 67
48 71
48 75
48 84
48 88
48 90
48 91
48 93
48 96
48 106
48 114
48 117
48 121
48 125
49 0
49 4
49 8
49 17
49 22
49 25
49 26
49 32
49 63
49 70
49 71
49 82
49 91
49 95
49 102
49 104
49 106
49 108
49 116
49 120
49 123
49 127
50 10
50 18
50 22
50 25
50 32
50 39
50 47
50 58
50 65
50 66
50 69
50 75
50 76
50 77
50 80
50 91
50 105
50 107
50 109
50 110
50 113
50 117
50 126
51 1
51 10
51 12
51 13
51 14
51 18
51 19
51 21
51 28
51 30
51 36
51 42
51 53
51 57
51 66
51 67
51 72
51 73
51 74
51 83
51 91
51 94
51 96
51 102
51 107
51 110
51 115
51 116
51 117
51 122
52 11
52 14
52 17
52 22
52 25
52 26
52 51
52 53
52 55
52 56
52 61
52 71
52 84
52 96
52 98
52 107
52 112
52 115
52 119
52 120
52 121
52 126
52 129
53 5
53 9
53 16
53 30
53 35
53 36
53 45
53 55
53 58
53 61
53 64
53 66
53 74
53 76
53 77
53 87
53 90
53 103
53 105
53 117
53 118
53 127
54 3
54 10
54 13
54 30
54 32
54 33
54 34
54 35
54 52
54 59
54 60
54 65
54 67
54 71
54 74
54 79
54 95
54 102
54 103
54 111
54 124
55 4
55 14
55 19
55 29
55 39
55 41
55 45
55 48
55 54
55 78
55 79
55 96
55 103
55 106
55 114
55 117
55 119
55 122
56 3
56 5
56 8
56 15
56 18
56 22
56 23
56 46
56 53
56 69
56 79
56 82
56 86
56 92
56 96
56 97
56 98
56 99
56 101
56 103
56 104
56 108
56 109
56 114
57 7
57 14
57 19
57 28
57 38
57 40
57 43
57 47
57 48
57 52
57 53
57 54
57 63
57 69
57 71
57 75
57 80
57 86
57 88
57 89
57 112
57 115
57 117
57 123
57 128
58 0
58 4
58 6
58 9
58 16
58 26
58 27
58 32
58 36
58 46
58 50
58 58
58 61
58 64
58 65
58 70
58 71
58 73
58 76
58 82
59 1
59 5
59 10
59 12
59 13
59 15
59 19
59 21
59 25
59 28
59 32
59 39
59 40
59 41
59 43
59 45
59 64
59 66
59 67
59 69
59 71
59 75
59 80
59 83
59 86
59 87
59 88
59 92
59 96
59 101
59 103
59 105
59 108
59 110
59 111
59 113
59 121
59 129
60 3
60 14
60 25
60 29
60 33
60 36
60 40
60 41
60 45
60 48
60 52
60 57
60 58
60 63
60 65
60 75
60 78
60 80
60 81
60 86
60 101
60 104
60 108
60 110
60 114
60 117
60 126
60 128
61 1
61 2
61 5
61 25
61 35
61 43
61 45
61 47
61 56
61 62
61 65
61 76
61 99
61 100
61 101
61 115
61 120
61 121
61 123
61 124
62 1
62 7
62 15
62 25
62 28
62 29
62 31
62 43
62 46
62 55
62 57
62 60
62 77
62 80
62 87
62 89
62 96
62 107
62 108
62 112
62 113
62 117
62 118
62 126
62 127
63 2
63 8
63 27
63 29
63 33
63 38
63 40
63 44
63 46
63 49
63 50
63 51
63 52
63 54
63 71
63 73
63 78
63 83
63 87
63 90
63 99
63 101
63 104
63 111
63 113
63 114
63 116
63 118
63 121
63 124
64 0
64 5
64 12
64 26
64 29
64 30
64 31
64 33
64 34
64 39
64 41
64 46
64 57
64 61
64 64
64 69
64 71
64 72
64 78
64 87
64 88
64 107
64 114
64 128
65 2
65 6
65 21
65 22
65 33
65 39
65 44
65 54
65 55
65 68
65 76
65 77
65 86
65 88
65 90
65 95
65 96
65 103
65 109
65 110
65 124
66 5
66 7
66 9
66 11
66 14
66 25
66 40
66 47
66 48
66 52
66 61
66 62
66 63
66 71
66 79
66 81
66 84
66 85
66 86
66 88
66 91
66 104
66 105
66 107
66 112
66 113
66 114
66 116
66 119
66 128
67 6
67 9
67 15
67 18
67 20
67 23
67 28
67 30
67 39
67 41
67 47
67 60
67 67
67 71
67 75
67 76
67 87
67 90
67 91
67 99
67 106
67 111
67 115
67 116
67 118
67 122
67 126
67 129
68 9
68 11
68 13
68 15
68 33
68 38
68 43
68 47
68 48
68 56
68 57
68 61
68 62
68 68
68 70
68 73
68 75
68 76
68 82
68 83
68 93
68 111
68 113
68 119
68 122
69 5
69 7
69 8
69 10
69 13
69 14
69 19
69 21
69 27
69 28
69 38
69 42
69 50
69 51
69 53
69 66
69 76
69 77
69 78
69 82
69 84
69 90
69 96
69 98
69 112
69 120
70 0
70 4
70 6
70 7
70 10
70 20
70 31
70 42
70 46
70 48
70 49
70 55
70 56
70 59
70 61
70 63
70 65
70 69
70 71
70 72
70 79
70 84
70 90
70 95
70 108
70 111
70 119
70 121
70 127
70 128
70 129
71 5
71 8
71 15
71 18
71 19
71 23
71 27
71 33
71 38
71 44
71 50
71 51
71 52
71 54
71 59
71 78
71 80
71 86
71 97
71 100
71 101
71 106
71 111
71 115
71 117
71 124
71 126
71 128
72 1
72 6
72 12
72 25
72 39
72 47
72 59
72 60
72 64
72 85
72 87
72 89
72 93
72 100
72 103
72 107
72 114
72 123
73 0
73 4
73 6
73 7
73 25
73 30
73 38
73 44
73 45
73 54
73 56
73 60
73 62
73 68
73 69
73 70
73 72
73 88
73 101
73 103
73 104
73 114
73 124
73 127
74 0
74 1
74 24
74 26
74 35
74 36
74 39
74 42
74 44
74 45
74 47
74 50
74 54
74 66
74 72
74 82
74 84
74 87
74 89
74 98
74 99
74 102
74 103
74 108
74 110
74 111
74 116
74 118
74 121
74 122
74 128
75 17
75 33
75 45
75 52
75 56
75 63
75 73
75 79
75 80
75 89
75 92
75 94
75 102
75 104
75 105
75 108
75 116
75 117
75 126
75 129
76 1
76 16
76 20
76 30
76 31
76 36
76 46
76 56
76 66
76 69
76 72
76 74
76 81
76 85
76 91
76 102
76 110
76 120
76 121
76 122
76 127
76 129
77 3
77 7
77 8
77 17
77 18
77 21
77 24
77 35
77 41
77 42
77 67
77 69
77 78
77 83
77 87
77 89
77 92
77 94
77 98
77 99
77 102
77 104
77 109
77 115
77 116
77 125
77 128
77 129
78 1
78 2
78 14
78 15
78 23
78 24
78 31
78 32
78 34
78 39
78 40
78 46
78 50
78 55
78 69
78 72
78 78
78 84
78 92
78 101
78 104
78 114
78 121
79 0
79 3
79 6
79 7
79 18
79 19
79 20
79 22
79 25
79 40
79 49
79 83
79 91
79 109
79 110
79 122
79 123
80 2
80 3
80 13
80 16
80 27
80 28
80 33
80 35
80 37
80 43
80 46
80 57
80 71
80 72
80 90
80 94
80 97
80 103
80 108
80 113
80 121
80 125
80 128
80 129
81 3
81 5
81 12
81 19
81 22
81 25
81 40
81 41
81 45
81 46
81 48
81 50
81 52
81 55
81 57
81 61
81 62
81 64
81 68
81 75
81 85
81 91
81 104
81 108
81 109
81 119
81 121
81 122
81 124
81 127
81 129
82 1
82 2
82 4
82 7
82 9
82 10
82 11
82 16
82 17
82 22
82 30
82 34
82 36
82 39
82 43
82 46
82 48
82 56
82 61
82 64
82 66
82 67
82 73
82 86
82 97
82 103
82 108
82 116
82 123
82 124
83 2
83 7
83 10
83 12
83 30
83 41
83 43
83 49
83 51
83 55
83 67
83 91
83 94
83 106
83 108
83 114
83 116
83 117
83 120
83 121
83 127
83 128
83 129
84 3
84 10
84 14
84 15
84 28
84 32
84 33
84 38
84 41
84 44
84 47
84 51
84 60
84 61
84 63
84 70
84 71
84 75
84 86
84 91
84 93
84 95
84 96
84 103
84 107
84 119
84 120
84 129
85 12
85 15
85 21
85 24
85 35
85 38
85 39
85 45
85 49
85 58
85 63
85 67
85 68
85 72
85 91
85 94
85 97
85 101
85 111
85 112
85 115
85 116
85 122
85 123
85 124
85 125
86 1
86 6
86 8
86 14
86 18
86 24
86 43
86 48
86 58
86 65
86 66
86 68
86 72
86 75
86 76
86 86
86 88
86 91
86 95
86 97
86 98
86 100
86 115
86 118
87 2
87 9
87 14
87 31
87 32
87 37
87 38
87 44
87 46
87 47
87 48
87 51
87 53
87 58
87 62
87 63
87 64
87 67
87 79
87 83
87 92
87 94
87 95
87 100
87 102
87 104
87 108
87 109
87 111
87 113
87 116
87 120
87 124
87 125
87 128
87 129
88 2
88 12
88 14
88 21
88 23
88 28
88 34
88 35
88 38
88 41
88 59
88 64
88 65
88 76
88 86
88 89
88 91
88 92
88 93
88 94
88 101
88 116
88 119
88 122
88 123
88 129
89 4
89 12
89 15
89 17
89 22
89 37
89 42
89 44
89 47
89 48
89 52
89 55
89 56
89 63
89 72
89 77
89 81
89 83
89 84
89 85
89 103
89 114
89 121
89 122
90 7
90 13
90 14
90 19
90 31
90 32
90 37
90 39
90 40
90 52
90 63
90 69
90 73
90 75
90 79
90 80
90 83
90 90
90 95
90 99
90 103
90 105
90 114
90 116
90 118
90 119
90 123
90 124
90 129
91 0
91 4
91 5
91 8
91 11
91 13
91 32
91 33
91 38
91 68
91 73
91 76
91 78
91 84
91 95
91 99
91 100
91 101
91 110
91 113
91 121
91 123
91 124
92 11
92 14
92 19
92 22
92 33
92 34
92 35
92 44
92 47
92 49
92 57
92 65
92 81
92 83
92 85
92 90
92 92
92 94
92 97
92 100
92 118
92 123
92 127
93 1
93 2
93 8
93 11
93 15
93 24
93 25
93 30
93 31
93 36
93 37
93 51
93 58
93 66
93 70
93 76
93 80
93 83
93 84
93 90
93 92
93 96
93 100
93 101
93 102
93 103
93 111
93 116
93 118
93 120
93 127
94 2
94 10
94 20
94 24
94 30
94 34
94 40
94 42
94 43
94 45
94 54
94 55
94 59
94 68
94 70
94 71
94 73
94 86
94 90
94 104
95 15
95 16
95 25
95 26
95 28
95 29
95 38
95 41
95 48
95 52
95 53
95 56
95 62
95 66
95 70
95 80
95 94
95 97
95 105
95 106
95 113
95 118
95 119
95 124
96 12
96 15
96 23
96 27
96 28
96 31
96 36
96 39
96 41
96 43
96 44
96 53
96 54
96 64
96 67
96 68
96 72
96 73
96 83
96 85
96 86
96 90
96 97
96 98
96 99
96 106
96 109
96 112
96 113
96 116
96 123
97 9
97 11
97 12
97 25
97 31
97 32
97 38
97 49
97 51
97 62
97 64
97 67
97 71
97 73
97 84
97 89
97 95
97 96
97 98
97 109
97 119
97 123
98 3
98 16
98 18
98 21
98 26
98 31
98 32
98 38
98 42
98 44
98 45
98 46
98 49
98 51
98 53
98 66
98 67
98 70
98 74
98 77
98 91
98 92
98 107
98 108
98 126
98 127
99 1
99 2
99 4
99 10
99 12
99 13
99 21
99 22
99 29
99 32
99 41
99 45
99 48
99 65
99 82
99 88
99 102
99 104
99 108
99 109
99 118
99 126
99 129
100 0
100 5
100 8
100 9
100 10
100 13
100 25
100 26
100 27
100 29
100 32
100 41
100 65
100 66
100 74
100 85
100 88
100 94
100 97
100 98
100 102
100 107
100 109
100 110
100 111
100 123
101 4
101 5
101 7
101 14
101 21
101 26
101 28
101 31
101 35
101 50
101 53
101 56
101 57
101 67
101 72
101 76
101 81
101 94
101 95
101 101
101 103
101 106
101 127
101 128
102 2
102 3
102 6
102 13
102 14
102 15
102 23
102 28
102 41
102 42
102 46
102 48
102 53
102 55
102 62
102 64
102 76
102 79
102 82
102 89
102 102
102 111
102 122
102 127
103 3
103 5
103 8
103 18
103 23
103 37
103 43
103 46
103 50
103 52
103 53
103 56
103 60
103 63
103 69
103 78
103 80
103 81
103 87
103 95
103 97
103 106
103 110
103 111
103 117
103 120
103 123
103 129
104 6
104 12
104 14
104 19
104 22
104 23
104 24
104 27
104 33
104 36
104 37
104 50
104 58
104 61
104 64
104 66
104 69
104 73
104 81
104 87
104 94
104 95
104 106
104 108
104 112
104 118
104 125
105 1
105 5
105 6
105 8
105 21
105 29
105 31
105 33
105 44
105 53
105 57
105 58
105 60
105 63
105 67
105 68
105 71
105 76
105 81
105 82
105 92
105 95
105 97
105 103
105 107
106 0
106 2
106 8
106 24
106 31
106 37
106 45
106 50
106 52
106 60
106 61
106 62
106 64
106 65
106 66
106 70
106 73
106 76
106 81
106 96
106 99
106 101
106 102
106 103
106 106
106 112
106 117
106 122
107 1
107 3
107 4
107 8
107 10
107 11
107 20
107 24
107 27
107 31
107 32
107 55
107 63
107 64
107 67
107 74
107 75
107 76
107 80
107 84
107 87
107 90
107 92
107 99
107 104
107 108
107 109
107 112
107 113
107 114
107 116
107 117
107 118
107 122
108 2
108 12
108 13
108 19
108 28
108 32
108 36
108 41
108 42
108 48
108 53
108 61
108 66
108 67
108 69
108 74
108 76
108 81
108 87
108 88
108 93
108 99
108 106
108 110
108 112
108 113
108 114
108 115
108 118
108 119
108 120
108 121
108 122
108 123
109 2
109 3
109 13
109 14
109 18
109 21
109 23
109 24
109 27
109 28
109 29
109 30
109 31
109 32
109 35
109 37
109 38
109 42
109 44
109 45
109 48
109 50
109 51
109 53
109 58
109 60
109 62
109 63
109 64
109 67
109 68
109 69
109 72
109 73
109 75
109 77
109 78
109 86
109 87
109 89
109 100
109 111
109 112
109 115
109 118
109 121
109 124
109 129
110 0
110 3
110 9
110 11
110 12
110 15
110 24
110 26
110 51
110 55
110 58
110 59
110 60
110 65
110 84
110 85
110 90
110 92
110 94
110 97
110 102
110 104
111 10
111 12
111 15
111 22
111 24
111 25
111 27
111 33
111 34
111 48
111 57
111 61
111 67
111 68
111 75
111 76
111 86
111 87
111 91
111 104
111 111
111 115
111 116
111 118
111 124
112 2
112 3
112 7
112 12
112 22
112 23
112 27
112 32
112 36
112 38
112 46
112 50
112 51
112 56
112 68
112 76
112 77
112 79
112 93
112 96
112 100
112 111
112 121
113 0
113 2
113 7
113 12
113 15
113 20
113 23
113 24
113 30
113 36
113 38
113 44
113 45
113 46
113 51
113 53
113 66
113 79
113 82
113 92
113 93
113 94
113 105
113 109
113 113
113 114
113 117
113 119
113 128
114 3
114 5
114 26
114 31
114 32
114 37
114 39
114 43
114 61
114 75
114 77
114 87
114 89
114 90
114 96
114 99
114 102
114 106
114 110
114 112
114 114
114 115
115 2
115 15
115 17
115 19
115 29
115 33
115 42
115 48
115 70
115 74
115 75
115 80
115 81
115 92
115 93
115 116
115 121
115 128
116 5
116 6
116 9
116 14
116 24
116 34
116 36
116 39
116 41
116 50
116 53
116 66
116 71
116 77
116 78
116 80
116 81
116 91
116 95
116 107
116 109
116 114
117 1
117 13
117 14
117 15
117 17
117 18
117 21
117 23
117 27
117 30
117 31
117 37
117 38
117 39
117 46
117 54
117 59
117 62
117 63
117 64
117 67
117 77
117 78
117 79
117 92
117 95
117 103
117 107
117 109
117 110
117 122
117 126
118 4
118 12
118 14
118 16
118 22
118 40
118 59
118 62
118 65
118 66
118 67
118 76
118 77
118 85
118 86
118 88
118 92
118 95
118 100
118 101
118 103
118 110
118 113
118 117
119 2
119 9
119 11
119 19
119 21
119 22
119 27
119 28
119 30
119 37
119 47
119 48
119 50
119 52
119 55
119 60
119 71
119 73
119 87
119 91
119 96
119 112
119 115
119 127
119 129
120 1
120 18
120 21
120 23
120 24
120 27
120 36
120 40
120 45
120 53
120 57
120 64
120 67
120 72
120 77
120 91
120 92
120 93
120 96
120 97
120 100
120 103
120 104
120 107
120 110
120 113
120 118
121 0
121 4
121 14
121 17
121 18
121 19
121 29
121 35
121 36
121 49
121 50
121 54
121 61
121 68
121 71
121 73
121 74
121 75
121 78
121 80
121 91
121 99
121 103
121 105
121 109
121 117
121 120
122 1
122 5
122 6
122 8
122 13
122 19
122 20
122 34
122 35
122 36
122 42
122 44
122 50
122 54
122 55
122 59
122 68
122 81
122 87
122 88
122 90
122 97
122 105
122 112
122 113
122 121
122 126
122 128
122 129
123 0
123 1
123 3
123 7
123 12
123 14
123 19
123 30
123 31
123 34
123 40
123 43
123 44
123 45
123 62
123 63
123 81
123 82
123 86
123 92
123 93
123 102
123 110
123 118
123 122
124 2
124 3
124 7
124 12
124 15
124 29
124 38
124 40
124 58
124 74
124 85
124 90
124 93
124 102
124 110
124 113
124 119
124 120
124 129
125 11
125 13
125 20
125 32
125 35
125 36
125 38
125 44
125 46
125 49
125 57
125 63
125 73
125 75
125 76
125 79
125 81
125 85
125 86
125 90
125 99
125 103
125 108
125 109
125 111
125 113
125 120
125 124
126 3
126 4
126 10
126 12
126 16
126 24
126 25
126 28
126 34
126 41
126 45
126 49
126 50
126 52
126 53
126 56
126 61
126 66
126 67
126 77
126 79
126 84
126 89
126 92
126 104
126 108
126 110
126 125
127 1
127 3
127 4
127 14
127 18
127 22
127 25
127 31
127 39
127 42
127 53
127 55
127 71
127 74
127 76
127 81
127 92
127 93
127 95
127 98
127 103
127 108
127 121
128 8
128 9
128 12
128 13
128 18
128 20
128 24
128 26
128 34
128 36
128 37
128 44
128 53
128 56
128 59
128 60
128 65
128 94
128 105
128 110
128 125
129 1
129 8
129 9
129 15
129 16
129 21
129 27
129 37
129 40
129 45
129 53
129 57
129 58
129 66
129 71
129 75
129 77
129 78
129 87
129 92
129 94
129 102
129 121
129 126
129 128
129 129
