180
6444
0 3
0 5
0 8
0 11
0 22
0 29
0 36
0 46
0 48
0 55
0 67
0 72
0 73
0 74
0 98
0 102
0 103
0 111
0 114
0 119
0 124
0 126
0 128
0 131
0 134
0 139
0 144
0 153
0 159
0 170
0 172
1 7
1 16
1 17
1 23
1 24
1 29
1 30
1 31
1 32
1 40
1 48
1 54
1 61
1 65
1 80
1 88
1 89
1 100
1 103
1 109
1 111
1 112
1 113
1 119
1 123
1 127
1 136
1 141
1 143
1 148
1 159
1 162
2 3
2 7
2 8
2 13
2 15
2 16
2 17
2 25
2 26
2 39
2 41
2 47
2 49
2 54
2 71
2 76
2 85
2 94
2 97
2 98
2 99
2 103
2 109
2 118
2 121
2 124
2 128
2 134
2 139
2 142
2 143
2 144
2 147
2 150
2 155
2 157
2 164
2 165
2 174
2 175
2 176
3 0
3 30
3 36
3 48
3 53
3 62
3 64
3 73
3 74
3 77
3 82
3 86
3 90
3 91
3 92
3 97
3 106
3 108
3 118
3 134
3 142
3 144
3 147
3 150
3 152
3 169
3 174
4 0
4 8
4 11
4 22
4 26
4 40
4 44
4 56
4 58
4 59
4 61
4 66
4 68
4 69
4 74
4 83
4 85
4 90
4 99
4 100
4 102
4 103
4 110
4 112
4 117
4 121
4 126
4 129
4 130
4 137
4 138
4 144
4 156
4 160
4 165
4 168
4 169
4 177
4 178
5 2
5 9
5 21
5 24
5 30
5 35
5 42
5 44
5 46
5 49
5 50
5 61
5 62
5 66
5 69
5 70
5 80
5 83
5 88
5 93
5 94
5 101
5 102
5 107
5 117
5 126
5 128
5 132
5 134
5 138
5 146
5 148
5 152
5 161
5 164
5 167
5 169
5 173
5 175
5 179
6 6
6 12
6 23
6 37
6 44
6 45
6 46
6 50
6 58
6 64
6 71
6 73
6 100
6 107
6 109
6 110
6 112
6 132
6 134
6 136
6 143
6 148
6 150
6 153
6 154
6 168
6 174
6 177
7 0
7 3
7 9
7 13
7 18
7 19
7 21
7 22
7 23
7 31
7 35
7 39
7 41
7 46
7 57
7 65
7 67
7 68
7 90
7 91
7 95
7 104
7 114
7 115
7 122
7 133
7 145
7 178
7 179
8 6
8 16
8 19
8 31
8 37
8 42
8 43
8 44
8 49
8 52
8 56
8 63
8 73
8 75
8 79
8 82
8 85
8 86
8 87
8 89
8 93
8 95
8 98
8 106
8 109
8 114
8 127
8 131
8 144
8 148
8 149
8 151
8 154
8 161
8 171
8 177
8 178
9 3
9 10
9 19
9 31
9 36
9 46
9 47
9 56
9 68
9 70
9 71
9 73
9 74
9 77
9 79
9 80
9 81
9 82
9 86
9 87
9 89
9 94
9 95
9 108
9 114
9 130
9 133
9 134
9 137
9 138
9 147
9 150
9 151
9 152
9 154
9 155
9 157
9 158
9 160
9 162
9 164
9 166
10 5
10 8
10 12
10 13
10 33
10 38
10 39
10 56
10 60
10 62
10 73
10 75
10 79
10 88
10 90
10 93
10 94
10 101
10 103
10 114
10 119
10 127
10 130
10 134
10 135
10 137
10 154
10 157
10 162
10 165
10 166
10 171
11 2
11 3
11 11
11 13
11 18
11 30
11 39
11 54
11 69
11 71
11 76
11 77
11 80
11 81
11 88
11 92
11 100
11 107
11 120
11 126
11 136
11 145
11 146
11 156
11 162
11 170
11 171
12 0
12 2
12 3
12 6
12 9
12 11
12 20
12 23
12 31
12 32
12 38
12 39
12 41
12 42
12 47
12 58
12 60
12 70
12 72
12 76
12 77
12 80
12 85
12 93
12 94
12 96
12 105
12 116
12 120
12 126
12 137
12 149
12 150
12 157
12 158
12 164
12 165
12 167
12 169
12 175
13 1
13 3
13 16
13 25
13 31
13 33
13 44
13 48
13 51
13 55
13 68
13 69
13 76
13 77
13 78
13 83
13 86
13 90
13 95
13 96
13 107
13 108
13 109
13 111
13 118
13 120
13 123
13 127
13 135
13 138
13 143
13 145
13 148
13 149
13 150
13 152
13 158
13 159
13 162
13 165
13 168
13 173
13 177
14 0
14 21
14 26
14 33
14 34
14 35
14 39
14 41
14 43
14 48
14 79
14 80
14 81
14 82
14 86
14 87
14 90
14 92
14 93
14 94
14 101
14 108
14 113
14 118
14 120
14 129
14 142
14 144
14 155
14 163
14 164
14 167
15 8
15 9
15 11
15 12
15 19
15 20
15 56
15 63
15 67
15 71
15 75
15 77
15 90
15 91
15 95
15 100
15 102
15 110
15 117
15 121
15 131
15 134
15 136
15 155
15 156
15 161
15 164
15 168
15 176
16 0
16 7
16 13
16 22
16 24
16 25
16 27
16 34
16 37
16 64
16 70
16 74
16 80
16 83
16 86
16 95
16 100
16 101
16 103
16 105
16 114
16 120
16 121
16 123
16 128
16 134
16 135
16 137
16 142
16 146
16 149
16 150
16 152
16 158
16 162
16 166
16 169
16 174
17 8
17 9
17 22
17 25
17 27
17 29
17 31
17 32
17 34
17 41
17 42
17 46
17 60
17 62
17 63
17 70
17 73
17 80
17 83
17 104
17 110
17 113
17 125
17 129
17 139
17 140
17 141
17 146
17 151
17 152
17 154
17 157
17 160
17 161
17 162
17 167
17 177
18 1
18 4
18 26
18 44
18 52
18 66
18 67
18 72
18 75
18 76
18 77
18 78
18 81
18 86
18 91
18 99
18 100
18 103
18 104
18 114
18 117
18 124
18 126
18 127
18 129
18 137
18 141
18 149
18 151
18 165
18 177
18 179
19 4
19 8
19 10
19 16
19 20
19 23
19 32
19 35
19 36
19 38
19 40
19 51
19 53
19 58
19 59
19 79
19 82
19 90
19 94
19 115
19 117
19 122
19 129
19 130
19 133
19 147
19 149
19 157
19 162
19 163
19 167
19 177
20 4
20 5
20 14
20 20
20 22
20 24
20 36
20 47
20 49
20 52
20 60
20 61
20 68
20 72
20 74
20 75
20 84
20 88
20 92
20 95
20 96
20 97
20 102
20 106
20 108
20 113
20 114
20 118
20 122
20 125
20 135
20 136
20 137
20 139
20 143
20 150
20 155
20 163
20 166
20 172
20 173
20 174
21 1
21 4
21 6
21 8
21 9
21 10
21 11
21 12
21 15
21 35
21 52
21 56
21 64
21 68
21 70
21 81
21 85
21 87
21 93
21 106
21 107
21 110
21 111
21 115
21 116
21 119
21 127
21 144
21 153
21 161
21 163
21 164
21 176
22 6
22 7
22 9
22 13
22 21
22 26
22 35
22 40
22 42
22 43
22 47
22 54
22 74
22 75
22 78
22 79
22 81
22 85
22 91
22 96
22 100
22 103
22 108
22 110
22 117
22 121
22 124
22 136
22 141
22 150
22 159
22 162
22 170
22 174
22 176
22 177
22 179
23 2
23 5
23 6
23 10
23 18
23 21
23 45
23 46
23 48
23 49
23 65
23 71
23 72
23 77
23 82
23 88
23 100
23 127
23 131
23 142
23 155
23 156
23 157
23 161
23 163
23 165
23 167
23 171
23 173
24 6
24 8
24 10
24 12
24 14
24 16
24 29
24 41
24 48
24 55
24 57
24 61
24 65
24 66
24 82
24 83
24 87
24 91
24 98
24 103
24 104
24 113
24 114
24 119
24 126
24 136
24 139
24 144
24 145
24 146
24 158
24 160
24 161
24 164
25 3
25 4
25 6
25 8
25 9
25 11
25 25
25 27
25 37
25 38
25 39
25 41
25 51
25 55
25 59
25 63
25 80
25 83
25 84
25 91
25 102
25 115
25 132
25 133
25 137
25 140
25 142
25 147
25 151
25 155
25 164
25 165
25 166
25 174
25 176
25 177
26 0
26 10
26 12
26 26
26 33
26 35
26 41
26 43
26 45
26 53
26 60
26 62
26 63
26 69
26 80
26 97
26 100
26 101
26 116
26 118
26 119
26 121
26 122
26 123
26 124
26 127
26 130
26 138
26 141
26 150
26 153
26 155
26 158
26 160
26 169
26 174
26 179
27 1
27 3
27 5
27 7
27 14
27 17
27 19
27 20
27 35
27 38
27 40
27 60
27 62
27 64
27 73
27 75
27 78
27 83
27 86
27 92
27 93
27 97
27 100
27 106
27 108
27 114
27 120
27 128
27 131
27 135
27 136
27 138
27 141
27 143
27 160
27 167
28 0
28 4
28 7
28 8
28 15
28 16
28 17
28 25
28 47
28 48
28 55
28 58
28 59
28 62
28 67
28 68
28 73
28 79
28 91
28 101
28 104
28 106
28 107
28 109
28 128
28 133
28 140
28 151
28 153
28 155
28 160
28 171
28 174
29 13
29 14
29 15
29 20
29 31
29 39
29 40
29 43
29 46
29 58
29 68
29 70
29 71
29 81
29 89
29 90
29 100
29 109
29 112
29 113
29 131
29 132
29 136
29 139
29 145
29 146
29 151
29 160
29 165
29 171
30 0
30 15
30 16
30 20
30 21
30 27
30 31
30 34
30 36
30 41
30 43
30 50
30 52
30 54
30 62
30 66
30 67
30 71
30 78
30 88
30 91
30 107
30 108
30 112
30 118
30 119
30 128
30 137
30 139
30 142
30 157
30 163
30 164
30 169
30 170
30 171
30 177
30 179
31 1
31 2
31 4
31 8
31 25
31 28
31 30
31 34
31 39
31 46
31 52
31 62
31 67
31 68
31 72
31 76
31 88
31 92
31 94
31 96
31 99
31 100
31 104
31 112
31 123
31 128
31 131
31 135
31 139
31 148
31 150
31 166
31 170
31 171
31 174
31 175
32 6
32 7
32 9
32 14
32 20
32 44
32 48
32 50
32 51
32 54
32 65
32 67
32 70
32 71
32 75
32 78
32 82
32 111
32 119
32 121
32 122
32 133
32 136
32 145
32 148
32 150
32 155
32 166
32 167
32 171
32 173
32 177
33 1
33 5
33 12
33 15
33 21
33 22
33 23
33 25
33 26
33 29
33 30
33 31
33 35
33 37
33 46
33 51
33 61
33 75
33 82
33 85
33 91
33 95
33 109
33 113
33 114
33 119
33 123
33 135
33 162
33 163
33 177
34 1
34 5
34 8
34 10
34 14
34 32
34 38
34 40
34 42
34 44
34 46
34 54
34 59
34 65
34 66
34 70
34 73
34 74
34 78
34 81
34 82
34 83
34 86
34 90
34 97
34 99
34 101
34 108
34 109
34 132
34 136
34 137
34 160
34 161
34 169
34 177
35 5
35 27
35 32
35 41
35 46
35 49
35 50
35 56
35 58
35 63
35 66
35 67
35 71
35 74
35 76
35 82
35 85
35 86
35 90
35 103
35 107
35 122
35 129
35 130
35 133
35 136
35 144
35 145
35 151
35 158
35 173
35 177
36 4
36 6
36 15
36 40
36 41
36 43
36 52
36 58
36 60
36 67
36 81
36 92
36 98
36 105
36 111
36 121
36 123
36 131
36 135
36 144
36 149
36 151
36 154
36 155
36 157
36 165
36 172
36 177
36 178
37 4
37 6
37 7
37 16
37 23
37 24
37 34
37 43
37 47
37 55
37 56
37 58
37 60
37 81
37 83
37 89
37 99
37 101
37 107
37 116
37 137
37 145
37 150
37 151
37 153
37 160
37 164
37 169
37 177
38 1
38 4
38 6
38 18
38 21
38 33
38 41
38 45
38 50
38 53
38 54
38 56
38 57
38 70
38 79
38 80
38 81
38 86
38 89
38 93
38 103
38 115
38 124
38 125
38 126
38 131
38 132
38 141
38 146
38 147
38 152
38 157
38 160
38 165
38 168
38 173
39 0
39 1
39 7
39 8
39 10
39 29
39 44
39 48
39 49
39 50
39 53
39 62
39 64
39 66
39 67
39 80
39 81
39 86
39 105
39 112
39 116
39 119
39 120
39 123
39 126
39 128
39 132
39 133
39 136
39 141
39 148
39 153
39 156
39 159
39 161
39 164
39 165
39 168
39 172
39 177
40 3
40 11
40 17
40 21
40 24
40 25
40 28
40 37
40 41
40 51
40 55
40 57
40 58
40 65
40 74
40 76
40 79
40 83
40 93
40 94
40 95
40 96
40 98
40 99
40 100
40 105
40 109
40 110
40 112
40 114
40 121
40 122
40 129
40 135
40 138
40 139
40 140
40 142
40 156
40 157
40 158
40 163
40 167
40 172
40 175
41 2
41 6
41 10
41 11
41 19
41 21
41 27
41 33
41 36
41 38
41 48
41 50
41 52
41 56
41 61
41 69
41 89
41 94
41 95
41 98
41 103
41 106
41 107
41 112
41 124
41 130
41 138
41 144
41 147
41 150
41 152
41 155
41 158
41 159
41 163
41 167
41 170
41 175
42 3
42 5
42 8
42 15
42 24
42 25
42 29
42 32
42 38
42 39
42 42
42 45
42 48
42 59
42 60
42 68
42 72
42 74
42 75
42 89
42 92
42 96
42 106
42 115
42 117
42 118
42 125
42 129
42 130
42 140
42 143
42 155
42 160
42 162
42 167
42 171
42 173
42 174
43 4
43 27
43 34
43 35
43 41
43 42
43 43
43 46
43 48
43 53
43 62
43 63
43 73
43 74
43 80
43 82
43 90
43 93
43 94
43 95
43 96
43 100
43 103
43 107
43 118
43 119
43 131
43 141
43 150
43 152
43 154
43 172
44 3
44 4
44 8
44 18
44 20
44 21
44 31
44 33
44 37
44 41
44 44
44 48
44 49
44 51
44 54
44 61
44 64
44 68
44 70
44 72
44 74
44 79
44 84
44 85
44 86
44 87
44 91
44 93
44 95
44 107
44 117
44 120
44 129
44 134
44 137
44 139
44 153
44 155
44 161
44 163
44 175
45 4
45 14
45 17
45 21
45 35
45 42
45 43
45 47
45 48
45 51
45 58
45 67
45 71
45 77
45 78
45 83
45 86
45 87
45 93
45 94
45 95
45 110
45 113
45 115
45 127
45 135
45 136
45 141
45 143
45 149
45 151
45 152
45 161
45 168
45 170
45 174
46 3
46 5
46 9
46 15
46 18
46 23
46 24
46 30
46 36
46 38
46 44
46 47
46 51
46 56
46 62
46 64
46 65
46 66
46 68
46 71
46 76
46 79
46 80
46 84
46 86
46 94
46 96
46 101
46 111
46 114
46 121
46 125
46 129
46 133
46 142
46 150
46 153
46 158
46 159
46 161
46 167
47 2
47 12
47 14
47 20
47 22
47 38
47 41
47 43
47 44
47 48
47 57
47 59
47 63
47 67
47 68
47 70
47 71
47 73
47 80
47 86
47 88
47 93
47 94
47 97
47 98
47 99
47 102
47 104
47 105
47 107
47 111
47 123
47 131
47 135
47 151
47 152
47 156
47 169
47 179
48 7
48 9
48 11
48 14
48 15
48 17
48 19
48 20
48 23
48 25
48 27
48 29
48 30
48 38
48 40
48 49
48 54
48 72
48 73
48 75
48 81
48 88
48 95
48 96
48 106
48 108
48 111
48 115
48 116
48 118
48 133
48 135
48 136
48 144
48 150
48 154
48 156
48 161
48 166
48 167
48 173
49 7
49 11
49 16
49 24
49 25
49 29
49 32
49 35
49 40
49 47
49 59
49 63
49 67
49 78
49 81
49 84
49 85
49 89
49 102
49 109
49 114
49 119
49 120
49 124
49 127
49 130
49 149
49 151
49 155
49 166
49 173
49 177
50 1
50 5
50 6
50 14
50 28
50 48
50 52
50 57
50 65
50 67
50 91
50 97
50 112
50 113
50 119
50 121
50 123
50 138
50 139
50 144
50 150
50 153
50 160
50 166
51 0
51 9
51 10
51 14
51 23
51 25
51 29
51 35
51 42
51 45
51 48
51 55
51 56
51 59
51 60
51 75
51 77
51 81
51 82
51 88
51 100
51 101
51 102
51 107
51 109
51 110
51 114
51 116
51 117
51 118
51 123
51 124
51 125
51 129
51 133
51 137
51 138
51 139
51 141
51 145
51 148
51 149
51 177
51 178
52 1
52 10
52 13
52 20
52 26
52 28
52 30
52 39
52 41
52 52
52 55
52 61
52 69
52 71
52 73
52 75
52 76
52 77
52 81
52 86
52 87
52 88
52 89
52 94
52 99
52 103
52 108
52 109
52 126
52 127
52 133
52 134
52 136
52 140
52 148
52 149
52 153
52 156
52 163
52 174
53 1
53 2
53 18
53 21
53 24
53 28
53 36
53 39
53 42
53 48
53 49
53 53
53 63
53 67
53 68
53 70
53 73
53 80
53 83
53 111
53 118
53 119
53 122
53 125
53 137
53 146
53 157
53 170
53 173
53 175
53 176
54 20
54 21
54 22
54 26
54 32
54 41
54 45
54 56
54 70
54 71
54 75
54 77
54 86
54 87
54 89
54 90
54 97
54 100
54 102
54 108
54 109
54 121
54 128
54 135
54 136
54 143
54 146
54 154
54 158
54 164
54 165
54 173
54 175
54 177
55 1
55 2
55 8
55 21
55 22
55 23
55 36
55 39
55 40
55 51
55 56
55 69
55 73
55 78
55 87
55 90
55 98
55 99
55 107
55 108
55 115
55 117
55 118
55 127
55 130
55 135
55 138
55 143
55 149
55 155
55 159
55 165
55 174
55 177
55 179
56 9
56 15
56 25
56 40
56 51
56 63
56 67
56 71
56 73
56 76
56 83
56 84
56 86
56 92
56 95
56 96
56 98
56 100
56 106
56 107
56 110
56 112
56 113
56 116
56 117
56 123
56 125
56 128
56 129
56 138
56 153
56 155
56 167
56 168
56 169
56 172
56 176
56 178
57 7
57 19
57 20
57 21
57 22
57 24
57 29
57 37
57 45
57 49
57 56
57 65
57 87
57 94
57 98
57 110
57 117
57 121
57 122
57 127
57 134
57 136
57 151
57 154
57 164
57 165
57 166
57 167
58 1
58 2
58 4
58 6
58 11
58 12
58 15
58 17
58 22
58 25
58 27
58 32
58 33
58 34
58 49
58 50
58 59
58 60
58 66
58 81
58 85
58 99
58 100
58 102
58 107
58 108
58 109
58 116
58 123
58 126
58 131
58 136
58 138
58 148
58 152
58 157
58 158
58 166
58 177
58 179
59 1
59 2
59 10
59 16
59 21
59 34
59 44
59 53
59 55
59 56
59 58
59 65
59 68
59 86
59 96
59 99
59 102
59 114
59 115
59 126
59 128
59 132
59 133
59 137
59 143
59 145
59 147
59 150
59 151
59 156
59 159
59 162
59 165
59 170
59 179
60 2
60 4
60 6
60 11
60 17
60 24
60 28
60 32
60 34
60 35
60 36
60 38
60 57
60 62
60 72
60 73
60 75
60 76
60 79
60 85
60 86
60 89
60 91
60 95
60 98
60 99
60 106
60 107
60 113
60 119
60 126
60 134
60 146
60 148
60 150
60 151
60 157
60 160
60 161
60 162
60 163
60 167
60 170
60 173
61 1
61 2
61 18
61 25
61 27
61 36
61 40
61 42
61 45
61 46
61 48
61 54
61 62
61 73
61 75
61 81
61 85
61 90
61 91
61 92
61 93
61 94
61 102
61 103
61 104
61 113
61 119
61 136
61 141
61 144
61 150
61 151
61 154
61 161
61 164
61 167
61 177
62 2
62 8
62 10
62 22
62 23
62 24
62 25
62 28
62 35
62 43
62 44
62 50
62 55
62 56
62 57
62 61
62 66
62 67
62 72
62 80
62 86
62 91
62 95
62 96
62 99
62 106
62 114
62 117
62 118
62 135
62 137
62 142
62 145
62 152
62 154
62 156
62 167
62 168
62 172
62 179
63 5
63 9
63 12
63 14
63 15
63 27
63 33
63 35
63 39
63 41
63 45
63 55
63 58
63 61
63 66
63 67
63 72
63 73
63 79
63 82
63 94
63 96
63 103
63 110
63 112
63 115
63 125
63 130
63 133
63 135
63 139
63 156
63 157
63 159
63 168
63 170
63 175
63 179
64 8
64 10
64 11
64 22
64 23
64 24
64 30
64 43
64 46
64 47
64 56
64 66
64 69
64 72
64 80
64 87
64 88
64 90
64 95
64 113
64 118
64 126
64 127
64 130
64 133
64 144
64 145
64 150
64 154
64 175
65 20
65 31
65 33
65 48
65 54
65 55
65 58
65 64
65 79
65 82
65 83
65 96
65 99
65 102
65 112
65 122
65 126
65 136
65 143
65 148
65 153
65 155
65 160
65 176
65 179
66 3
66 11
66 12
66 13
66 15
66 16
66 21
66 27
66 28
66 30
66 40
66 42
66 45
66 51
66 55
66 56
66 91
66 94
66 98
66 100
66 106
66 111
66 119
66 141
66 142
66 144
66 146
66 152
66 160
66 167
66 173
66 177
66 178
67 0
67 4
67 9
67 15
67 16
67 20
67 25
67 28
67 30
67 35
67 37
67 46
67 50
67 55
67 56
67 59
67 60
67 64
67 65
67 68
67 69
67 70
67 82
67 86
67 90
67 93
67 98
67 99
67 101
67 102
67 106
67 109
67 119
67 122
67 123
67 126
67 132
67 147
67 149
67 152
67 153
67 156
67 158
67 159
67 160
67 162
67 163
67 164
67 168
67 171
67 176
68 17
68 20
68 26
68 29
68 33
68 35
68 36
68 39
68 46
68 51
68 54
68 64
68 68
68 74
68 75
68 76
68 78
68 79
68 82
68 84
68 89
68 90
68 92
68 96
68 99
68 110
68 111
68 115
68 121
68 135
68 139
68 154
68 157
68 160
68 164
68 171
69 1
69 3
69 6
69 13
69 17
69 28
69 32
69 34
69 35
69 36
69 38
69 39
69 41
69 45
69 52
69 74
69 78
69 83
69 84
69 86
69 88
69 95
69 110
69 111
69 125
69 126
69 128
69 129
69 134
69 144
69 152
69 153
69 157
69 159
69 167
70 0
70 14
70 18
70 22
70 26
70 36
70 39
70 49
70 50
70 56
70 65
70 70
70 74
70 83
70 88
70 91
70 100
70 101
70 103
70 114
70 116
70 118
70 130
70 133
70 136
70 138
70 141
70 151
70 159
70 163
70 165
70 167
70 169
70 170
70 172
71 3
71 8
71 12
71 18
71 25
71 28
71 30
71 34
71 43
71 47
71 48
71 49
71 50
71 62
71 63
71 64
71 69
71 75
71 80
71 84
71 87
71 90
71 94
71 101
71 103
71 104
71 105
71 112
71 114
71 119
71 122
71 130
71 133
71 135
71 143
71 153
71 162
71 167
71 169
72 1
72 4
72 6
72 18
72 20
72 28
72 30
72 42
72 51
72 58
72 64
72 73
72 74
72 75
72 87
72 103
72 104
72 106
72 111
72 117
72 118
72 131
72 132
72 138
72 140
72 141
72 146
72 151
72 165
72 166
73 0
73 1
73 3
73 7
73 9
73 10
73 18
73 21
73 27
73 31
73 35
73 37
73 38
73 41
73 47
73 52
73 53
73 57
73 58
73 75
73 76
73 82
73 87
73 95
73 96
73 99
73 102
73 109
73 115
73 122
73 123
73 124
73 127
73 130
73 140
73 155
73 176
73 177
74 9
74 12
74 26
74 27
74 32
74 38
74 48
74 54
74 59
74 61
74 66
74 67
74 68
74 80
74 85
74 86
74 89
74 90
74 103
74 104
74 115
74 122
74 128
74 136
74 141
74 143
74 154
74 156
74 158
74 159
74 166
74 174
74 175
75 8
75 14
75 15
75 29
75 41
75 42
75 44
75 45
75 54
75 62
75 63
75 67
75 70
75 71
75 88
75 105
75 107
75 114
75 118
75 128
75 130
75 137
75 139
75 141
75 150
75 154
75 156
75 157
75 160
75 168
75 173
75 177
76 1
76 13
76 16
76 20
76 22
76 23
76 36
76 43
76 66
76 70
76 74
76 75
76 83
76 84
76 86
76 98
76 102
76 106
76 111
76 114
76 115
76 116
76 118
76 119
76 120
76 122
76 129
76 130
76 132
76 136
76 139
76 142
76 154
76 157
76 163
76 169
76 170
76 177
76 179
77 9
77 10
77 13
77 20
77 22
77 33
77 36
77 40
77 54
77 55
77 56
77 58
77 60
77 63
77 64
77 67
77 78
77 82
77 87
77 94
77 103
77 125
77 128
77 132
77 140
77 150
77 153
77 155
77 156
77 158
77 167
77 169
77 171
77 173
77 175
78 0
78 17
78 19
78 24
78 26
78 29
78 35
78 39
78 47
78 60
78 78
78 81
78 85
78 101
78 104
78 113
78 114
78 119
78 129
78 132
78 139
78 141
78 146
78 151
78 152
78 154
78 155
78 158
78 163
78 167
78 170
78 178
79 7
79 8
79 9
79 12
79 30
79 40
79 42
79 44
79 45
79 46
79 47
79 50
79 57
79 67
79 68
79 69
79 70
79 79
79 80
79 88
79 94
79 98
79 104
79 110
79 135
79 136
79 139
79 142
79 143
79 148
79 155
79 165
79 166
79 169
80 0
80 3
80 7
80 8
80 15
80 22
80 24
80 25
80 26
80 36
80 37
80 43
80 44
80 45
80 46
80 48
80 50
80 68
80 72
80 75
80 76
80 78
80 83
80 86
80 92
80 94
80 97
80 99
80 100
80 101
80 103
80 106
80 113
80 114
80 128
80 130
80 135
80 136
80 144
80 145
80 150
80 156
80 161
80 165
80 179
81 1
81 10
81 20
81 22
81 24
81 27
81 28
81 30
81 37
81 41
81 42
81 43
81 46
81 53
81 60
81 68
81 69
81 73
81 76
81 92
81 101
81 107
81 111
81 117
81 119
81 121
81 126
81 127
81 132
81 133
81 139
81 142
81 143
81 149
81 154
81 157
81 159
81 164
82 3
82 7
82 10
82 26
82 29
82 31
82 35
82 38
82 41
82 42
82 47
82 52
82 58
82 70
82 85
82 96
82 99
82 103
82 104
82 114
82 123
82 124
82 133
82 135
82 143
82 145
82 148
82 152
82 156
82 158
82 161
82 173
83 0
83 3
83 8
83 19
83 22
83 26
83 35
83 47
83 49
83 52
83 59
83 69
83 73
83 78
83 81
83 83
83 84
83 87
83 93
83 96
83 97
83 109
83 121
83 122
83 126
83 128
83 133
83 148
83 150
83 153
83 160
83 167
83 174
83 176
83 177
83 178
84 3
84 9
84 13
84 14
84 25
84 26
84 34
84 35
84 46
84 54
84 57
84 58
84 61
84 62
84 77
84 85
84 91
84 94
84 95
84 98
84 104
84 106
84 115
84 121
84 129
84 137
84 145
84 146
84 147
84 149
84 152
84 157
84 166
84 173
85 6
85 7
85 13
85 18
85 22
85 24
85 25
85 33
85 44
85 45
85 46
85 56
85 61
85 62
85 65
85 77
85 94
85 96
85 97
85 107
85 110
85 111
85 112
85 122
85 125
85 136
85 141
85 144
85 153
85 158
85 162
85 171
85 176
85 177
85 178
86 1
86 5
86 7
86 14
86 27
86 34
86 51
86 64
86 65
86 67
86 70
86 71
86 72
86 73
86 85
86 91
86 96
86 114
86 116
86 119
86 120
86 123
86 127
86 129
86 139
86 142
86 151
86 153
86 157
86 161
86 165
86 167
87 11
87 13
87 14
87 18
87 19
87 27
87 31
87 32
87 33
87 35
87 40
87 45
87 48
87 49
87 50
87 62
87 72
87 74
87 75
87 80
87 81
87 86
87 88
87 90
87 97
87 110
87 115
87 116
87 117
87 118
87 120
87 121
87 125
87 129
87 130
87 135
87 136
87 138
87 140
87 142
87 143
87 146
87 148
87 150
87 154
87 159
88 4
88 13
88 15
88 48
88 51
88 68
88 69
88 74
88 81
88 94
88 99
88 102
88 104
88 114
88 115
88 117
88 124
88 132
88 145
88 146
88 148
88 154
88 163
88 172
88 178
88 179
89 2
89 8
89 12
89 21
89 22
89 25
89 28
89 29
89 37
89 44
89 51
89 54
89 55
89 56
89 57
89 59
89 73
89 75
89 80
89 81
89 82
89 83
89 84
89 85
89 87
89 99
89 101
89 104
89 118
89 125
89 126
89 127
89 136
89 139
89 145
89 151
89 154
89 157
89 159
89 160
89 165
89 166
89 168
90 0
90 8
90 12
90 18
90 19
90 29
90 30
90 32
90 33
90 34
90 47
90 52
90 54
90 60
90 66
90 67
90 78
90 81
90 90
90 94
90 95
90 100
90 103
90 104
90 115
90 122
90 123
90 126
90 128
90 141
90 145
90 147
90 158
90 159
90 160
90 164
90 165
90 168
90 175
91 7
91 8
91 10
91 22
91 24
91 26
91 27
91 29
91 32
91 36
91 37
91 41
91 45
91 46
91 49
91 55
91 61
91 62
91 67
91 69
91 83
91 87
91 88
91 89
91 90
91 95
91 96
91 98
91 104
91 113
91 114
91 115
91 117
91 120
91 127
91 130
91 137
91 140
91 145
91 146
91 149
91 153
91 160
91 163
91 168
91 171
91 172
91 173
92 7
92 8
92 30
92 33
92 35
92 38
92 42
92 47
92 49
92 58
92 60
92 68
92 72
92 78
92 85
92 89
92 96
92 104
92 106
92 109
92 119
92 121
92 122
92 129
92 133
92 139
92 151
92 154
92 162
92 163
92 166
92 169
92 177
93 0
93 1
93 3
93 5
93 15
93 24
93 25
93 26
93 31
93 37
93 41
93 43
93 45
93 51
93 53
93 59
93 61
93 64
93 67
93 71
93 73
93 74
93 76
93 78
93 81
93 82
93 99
93 104
93 105
93 113
93 121
93 125
93 126
93 131
93 135
93 138
93 143
93 147
93 150
93 158
93 169
93 170
93 175
93 178
94 7
94 9
94 11
94 33
94 35
94 39
94 43
94 45
94 59
94 60
94 65
94 66
94 73
94 74
94 82
94 84
94 85
94 87
94 99
94 107
94 110
94 127
94 138
94 143
94 150
94 156
94 162
94 167
94 168
94 178
95 0
95 2
95 13
95 19
95 23
95 31
95 38
95 41
95 45
95 54
95 67
95 70
95 76
95 81
95 84
95 85
95 87
95 94
95 99
95 103
95 118
95 120
95 124
95 126
95 139
95 140
95 142
95 143
95 150
95 158
95 159
95 162
95 167
95 174
95 176
95 177
96 17
96 18
96 23
96 25
96 28
96 30
96 52
96 53
96 54
96 56
96 57
96 61
96 63
96 67
96 68
96 70
96 72
96 81
96 102
96 109
96 116
96 118
96 122
96 129
96 130
96 132
96 157
96 158
96 164
96 170
96 171
96 175
96 176
97 13
97 23
97 34
97 36
97 41
97 54
97 58
97 67
97 74
97 75
97 79
97 82
97 87
97 94
97 105
97 107
97 111
97 117
97 120
97 123
97 128
97 130
97 134
97 138
97 140
97 141
97 142
97 144
97 146
97 149
97 153
97 154
97 155
97 162
97 165
97 172
97 173
97 177
98 2
98 8
98 9
98 11
98 12
98 32
98 45
98 49
98 55
98 56
98 60
98 62
98 67
98 71
98 83
98 84
98 89
98 97
98 100
98 102
98 104
98 107
98 122
98 123
98 134
98 143
98 147
98 148
98 152
98 153
98 154
98 158
99 8
99 11
99 17
99 26
99 29
99 30
99 36
99 45
99 46
99 49
99 51
99 52
99 54
99 55
99 57
99 61
99 62
99 64
99 68
99 70
99 73
99 75
99 76
99 77
99 86
99 89
99 97
99 100
99 103
99 106
99 109
99 122
99 137
99 138
99 142
99 147
99 149
99 153
99 161
99 163
99 164
99 166
99 169
99 172
99 173
99 176
99 178
100 1
100 2
100 9
100 20
100 34
100 40
100 41
100 44
100 47
100 49
100 57
100 60
100 75
100 79
100 82
100 93
100 99
100 101
100 102
100 104
100 106
100 111
100 121
100 125
100 131
100 134
100 136
100 140
100 141
100 146
100 155
100 157
100 163
100 166
100 169
100 172
100 174
101 6
101 10
101 11
101 14
101 25
101 33
101 38
101 41
101 42
101 46
101 47
101 50
101 55
101 70
101 71
101 76
101 78
101 81
101 90
101 95
101 99
101 101
101 103
101 106
101 111
101 120
101 122
101 133
101 136
101 142
101 148
101 154
101 156
101 164
101 172
101 175
101 178
102 6
102 7
102 11
102 12
102 17
102 23
102 31
102 41
102 42
102 44
102 45
102 51
102 61
102 64
102 65
102 66
102 69
102 76
102 88
102 89
102 94
102 96
102 97
102 98
102 99
102 114
102 119
102 129
102 130
102 131
102 134
102 135
102 178
103 4
103 12
103 13
103 17
103 19
103 24
103 26
103 45
103 48
103 53
103 55
103 57
103 74
103 82
103 88
103 92
103 93
103 94
103 100
103 122
103 124
103 129
103 134
103 136
103 140
103 142
103 147
103 155
103 157
103 160
103 176
104 0
104 29
104 32
104 34
104 39
104 45
104 60
104 65
104 70
104 74
104 75
104 80
104 84
104 90
104 91
104 102
104 112
104 115
104 120
104 122
104 133
104 143
104 149
104 151
104 153
104 157
104 166
104 168
104 172
104 174
104 177
104 178
105 5
105 7
105 9
105 14
105 18
105 38
105 40
105 49
105 55
105 56
105 59
105 64
105 68
105 74
105 77
105 79
105 86
105 96
105 97
105 98
105 100
105 103
105 106
105 119
105 123
105 130
105 136
105 148
105 150
105 157
105 162
105 164
105 167
105 168
105 173
106 4
106 6
106 14
106 19
106 20
106 46
106 48
106 50
106 57
106 66
106 82
106 84
106 97
106 99
106 100
106 118
106 120
106 123
106 126
106 127
106 129
106 131
106 143
106 152
106 158
106 159
106 160
106 163
106 172
106 175
106 179
107 11
107 13
107 22
107 23
107 28
107 32
107 37
107 39
107 40
107 43
107 51
107 59
107 64
107 67
107 69
107 71
107 76
107 77
107 78
107 84
107 89
107 92
107 95
107 99
107 104
107 105
107 115
107 126
107 135
107 141
107 146
107 150
107 151
107 155
107 161
107 168
107 169
107 170
107 173
107 177
108 1
108 7
108 16
108 19
108 27
108 32
108 34
108 48
108 54
108 55
108 57
108 63
108 67
108 69
108 80
108 84
108 88
108 101
108 104
108 111
108 114
108 117
108 122
108 123
108 126
108 130
108 132
108 135
108 136
108 139
108 141
108 143
108 145
108 148
108 149
108 163
108 167
108 168
108 169
108 171
108 175
109 3
109 4
109 10
109 13
109 14
109 40
109 52
109 53
109 60
109 63
109 65
109 68
109 75
109 78
109 81
109 83
109 86
109 88
109 94
109 103
109 104
109 115
109 119
109 125
109 129
109 132
109 144
109 147
109 155
109 156
109 157
110 5
110 8
110 14
110 15
110 21
110 26
110 27
110 28
110 33
110 34
110 36
110 37
110 39
110 40
110 42
110 46
110 52
110 54
110 55
110 57
110 59
110 63
110 75
110 76
110 78
110 80
110 81
110 90
110 98
110 111
110 115
110 117
110 132
110 149
110 153
110 164
110 174
111 2
111 6
111 7
111 13
111 25
111 30
111 41
111 45
111 46
111 56
111 60
111 65
111 72
111 77
111 80
111 83
111 84
111 87
111 93
111 94
111 99
111 106
111 109
111 115
111 116
111 119
111 131
111 136
111 139
111 144
111 145
111 160
111 166
111 168
111 173
112 1
112 9
112 13
112 16
112 17
112 23
112 27
112 32
112 36
112 39
112 41
112 42
112 46
112 48
112 52
112 54
112 57
112 59
112 78
112 86
112 87
112 112
112 119
112 122
112 127
112 128
112 148
112 151
112 154
112 157
112 161
112 164
113 3
113 8
113 10
113 16
113 17
113 29
113 37
113 46
113 48
113 49
113 50
113 51
113 56
113 58
113 61
113 62
113 66
113 67
113 78
113 79
113 90
113 91
113 93
113 103
113 115
113 118
113 120
113 121
113 129
113 132
113 135
113 137
113 139
113 141
113 147
113 152
113 159
113 169
113 170
113 172
113 173
114 1
114 4
114 14
114 19
114 23
114 28
114 48
114 54
114 57
114 69
114 70
114 71
114 73
114 77
114 78
114 84
114 90
114 91
114 93
114 95
114 109
114 112
114 114
114 117
114 119
114 122
114 134
114 140
114 141
114 143
114 149
114 151
114 159
114 162
114 164
114 166
114 176
114 178
114 179
115 0
115 1
115 4
115 12
115 29
115 40
115 46
115 50
115 57
115 64
115 67
115 68
115 75
115 95
115 106
115 114
115 118
115 122
115 123
115 136
115 140
115 150
115 152
115 155
115 158
115 162
115 163
115 164
115 165
115 173
115 179
116 2
116 11
116 15
116 20
116 22
116 24
116 44
116 46
116 49
116 50
116 51
116 57
116 58
116 59
116 60
116 65
116 66
116 67
116 75
116 76
116 78
116 86
116 92
116 94
116 111
116 112
116 114
116 125
116 133
116 146
116 148
116 150
116 151
116 154
116 157
116 159
116 160
116 161
116 166
116 169
116 172
116 175
116 177
116 179
117 0
117 1
117 5
117 6
117 9
117 10
117 20
117 21
117 23
117 30
117 31
117 33
117 45
117 49
117 53
117 61
117 62
117 74
117 75
117 84
117 85
117 91
117 96
117 108
117 110
117 121
117 124
117 135
117 138
117 144
117 152
117 156
117 157
117 160
117 166
117 170
117 171
117 172
118 0
118 9
118 17
118 28
118 32
118 40
118 46
118 48
118 55
118 57
118 62
118 74
118 81
118 82
118 90
118 93
118 99
118 101
118 105
118 122
118 130
118 131
118 139
118 151
118 152
118 164
118 165
118 167
118 170
118 171
118 176
119 3
119 20
119 27
119 38
119 42
119 43
119 46
119 49
119 57
119 60
119 63
119 66
119 71
119 74
119 75
119 87
119 99
119 103
119 109
119 124
119 141
119 148
119 153
119 161
119 169
119 174
120 11
120 13
120 14
120 17
120 18
120 25
120 34
120 37
120 40
120 51
120 52
120 63
120 71
120 72
120 73
120 83
120 84
120 85
120 86
120 88
120 89
120 90
120 96
120 107
120 108
120 123
120 125
120 134
120 142
120 143
120 145
120 150
120 154
120 162
120 164
120 165
120 166
120 169
120 174
120 176
120 179
121 9
121 20
121 21
121 22
121 23
121 28
121 31
121 34
121 36
121 46
121 61
121 62
121 65
121 69
121 77
121 88
121 99
121 112
121 115
121 133
121 139
121 143
121 148
121 155
121 179
122 10
122 13
122 17
122 19
122 21
122 22
122 23
122 33
122 39
122 42
122 51
122 52
122 53
122 57
122 58
122 66
122 67
122 73
122 74
122 77
122 91
122 115
122 120
122 122
122 124
122 125
122 126
122 127
122 135
122 145
122 151
122 157
122 164
122 176
123 1
123 2
123 4
123 10
123 15
123 17
123 24
123 26
123 32
123 40
123 41
123 42
123 44
123 45
123 61
123 68
123 69
123 87
123 95
123 99
123 100
123 102
123 107
123 108
123 111
123 112
123 114
123 116
123 121
123 125
123 128
123 132
123 139
123 140
123 144
123 153
123 164
123 165
123 166
123 175
123 177
124 1
124 3
124 7
124 14
124 22
124 27
124 29
124 40
124 44
124 48
124 49
124 52
124 54
124 55
124 56
124 58
124 68
124 72
124 85
124 91
124 93
124 97
124 99
124 101
124 105
124 107
124 116
124 117
124 122
124 123
124 125
124 129
124 132
124 135
124 137
124 140
124 141
124 142
124 145
124 148
124 149
124 152
124 154
124 158
124 159
124 160
124 165
124 167
124 170
124 173
124 175
124 176
125 9
125 21
125 27
125 35
125 36
125 38
125 39
125 43
125 46
125 49
125 58
125 60
125 69
125 75
125 78
125 88
125 90
125 97
125 113
125 119
125 126
125 131
125 152
125 155
125 160
125 163
125 171
125 174
125 179
126 0
126 4
126 6
126 10
126 13
126 15
126 16
126 17
126 20
126 22
126 41
126 50
126 52
126 53
126 55
126 58
126 59
126 62
126 64
126 65
126 72
126 81
126 95
126 97
126 102
126 107
126 109
126 110
126 113
126 122
126 131
126 132
126 136
126 138
126 145
126 146
126 148
126 160
126 164
126 168
126 173
127 5
127 6
127 12
127 15
127 21
127 27
127 28
127 32
127 37
127 47
127 58
127 74
127 76
127 83
127 84
127 85
127 87
127 94
127 97
127 98
127 99
127 103
127 106
127 111
127 117
127 118
127 119
127 126
127 139
127 146
127 151
127 152
127 155
127 157
127 160
127 163
127 172
127 177
128 2
128 7
128 10
128 21
128 23
128 30
128 31
128 32
128 34
128 38
128 46
128 49
128 51
128 62
128 71
128 72
128 73
128 78
128 80
128 81
128 85
128 90
128 91
128 92
128 95
128 100
128 102
128 110
128 115
128 117
128 118
128 121
128 124
128 127
128 129
128 130
128 132
128 137
128 140
128 142
128 143
128 154
128 158
128 176
128 177
129 4
129 11
129 15
129 19
129 20
129 37
129 38
129 41
129 46
129 52
129 60
129 61
129 67
129 68
129 70
129 80
129 84
129 97
129 99
129 108
129 109
129 113
129 120
129 122
129 147
129 156
129 159
129 161
129 167
129 170
129 173
129 176
129 177
130 4
130 5
130 6
130 7
130 14
130 16
130 24
130 28
130 35
130 39
130 49
130 57
130 59
130 65
130 67
130 68
130 71
130 81
130 89
130 90
130 95
130 107
130 109
130 113
130 121
130 122
130 125
130 126
130 127
130 134
130 136
130 140
130 141
130 146
130 153
130 154
130 155
130 160
130 174
131 6
131 10
131 12
131 14
131 21
131 29
131 35
131 36
131 40
131 42
131 43
131 50
131 56
131 60
131 62
131 63
131 70
131 72
131 75
131 76
131 81
131 89
131 94
131 99
131 101
131 111
131 117
131 118
131 121
131 133
131 134
131 135
131 142
131 146
131 153
131 162
131 163
131 171
131 177
132 10
132 23
132 24
132 25
132 31
132 38
132 41
132 43
132 45
132 49
132 52
132 57
132 58
132 61
132 65
132 70
132 75
132 79
132 81
132 82
132 86
132 89
132 93
132 98
132 101
132 102
132 105
132 107
132 108
132 114
132 117
132 122
132 127
132 134
132 141
132 144
132 145
132 148
132 167
132 169
132 171
132 173
132 175
133 2
133 6
133 10
133 16
133 17
133 18
133 32
133 42
133 51
133 54
133 59
133 60
133 61
133 63
133 74
133 77
133 79
133 91
133 97
133 98
133 101
133 110
133 114
133 116
133 119
133 124
133 133
133 138
133 144
133 166
133 174
134 1
134 13
134 21
134 25
134 32
134 40
134 44
134 45
134 50
134 54
134 64
134 65
134 67
134 75
134 78
134 79
134 89
134 96
134 97
134 98
134 100
134 105
134 115
134 130
134 133
134 135
134 142
134 151
134 154
134 157
134 164
134 168
134 171
134 179
135 28
135 36
135 40
135 44
135 62
135 65
135 68
135 69
135 73
135 77
135 78
135 81
135 85
135 86
135 116
135 118
135 127
135 128
135 130
135 139
135 146
135 147
135 162
135 164
135 174
135 177
136 2
136 4
136 7
136 13
136 15
136 18
136 22
136 24
136 27
136 32
136 49
136 58
136 69
136 73
136 77
136 89
136 93
136 101
136 102
136 116
136 117
136 119
136 125
136 129
136 130
136 133
136 139
136 140
136 145
136 151
136 154
136 155
136 156
136 157
136 160
136 172
136 173
137 10
137 13
137 14
137 18
137 21
137 26
137 46
137 48
137 50
137 52
137 60
137 62
137 64
137 65
137 69
137 71
137 72
137 74
137 77
137 78
137 84
137 89
137 91
137 96
137 105
137 108
137 109
137 111
137 115
137 116
137 118
137 123
137 125
137 126
137 128
137 141
137 142
137 148
137 150
137 153
137 156
137 161
137 166
137 172
137 174
138 12
138 15
138 16
138 18
138 21
138 22
138 31
138 35
138 42
138 55
138 59
138 64
138 66
138 70
138 74
138 80
138 82
138 86
138 87
138 88
138 95
138 96
138 97
138 103
138 107
138 114
138 136
138 140
138 143
138 156
138 158
138 165
138 167
138 169
138 170
138 175
139 1
139 3
139 15
139 19
139 21
139 31
139 34
139 40
139 45
139 48
139 51
139 52
139 62
139 66
139 70
139 71
139 75
139 85
139 102
139 103
139 105
139 112
139 114
139 121
139 140
139 144
139 153
139 154
139 160
139 174
139 176
139 178
139 179
140 2
140 12
140 20
140 26
140 43
140 53
140 57
140 61
140 67
140 73
140 76
140 78
140 79
140 81
140 84
140 87
140 88
140 89
140 90
140 92
140 95
140 97
140 98
140 100
140 105
140 107
140 111
140 114
140 115
140 124
140 127
140 135
140 147
140 150
140 151
140 156
140 164
140 170
140 174
140 175
140 177
141 4
141 8
141 9
141 13
141 14
141 20
141 21
141 23
141 24
141 26
141 31
141 37
141 45
141 46
141 47
141 48
141 56
141 59
141 60
141 65
141 67
141 75
141 83
141 95
141 102
141 107
141 114
141 115
141 119
141 124
141 129
141 136
141 141
141 153
141 154
141 156
141 158
141 165
141 169
141 175
141 176
141 178
142 8
142 13
142 14
142 17
142 24
142 25
142 26
142 29
142 33
142 36
142 43
142 44
142 47
142 49
142 50
142 51
142 58
142 66
142 106
142 111
142 112
142 116
142 129
142 136
142 144
142 163
142 165
142 173
142 176
143 0
143 5
143 9
143 10
143 13
143 20
143 38
143 49
143 50
143 61
143 66
143 67
143 73
143 75
143 79
143 88
143 91
143 93
143 95
143 96
143 102
143 107
143 109
143 112
143 119
143 124
143 133
143 139
143 151
143 152
143 153
143 162
143 165
143 173
143 177
144 0
144 6
144 19
144 21
144 22
144 29
144 53
144 54
144 57
144 69
144 76
144 83
144 86
144 107
144 111
144 118
144 119
144 124
144 125
144 139
144 142
144 143
144 147
144 156
144 160
144 164
145 3
145 4
145 8
145 13
145 24
145 30
145 33
145 36
145 48
145 61
145 63
145 69
145 72
145 84
145 91
145 95
145 101
145 103
145 106
145 127
145 128
145 136
145 143
145 151
145 155
145 156
145 165
145 175
146 3
146 6
146 7
146 9
146 15
146 17
146 22
146 25
146 26
146 27
146 30
146 31
146 42
146 43
146 52
146 62
146 69
146 75
146 77
146 80
146 92
146 94
146 99
146 101
146 102
146 116
146 117
146 118
146 121
146 126
146 134
146 135
146 136
146 137
146 145
146 149
146 151
146 157
146 170
146 171
146 175
146 177
146 178
147 1
147 9
147 12
147 13
147 17
147 25
147 34
147 56
147 59
147 63
147 69
147 73
147 74
147 75
147 80
147 82
147 89
147 93
147 97
147 99
147 104
147 106
147 117
147 124
147 127
147 135
147 137
147 140
147 142
147 144
147 147
147 160
147 161
147 164
147 167
147 172
147 175
148 0
148 10
148 12
148 22
148 35
148 37
148 40
148 44
148 45
148 52
148 54
148 55
148 57
148 61
148 63
148 64
148 73
148 74
148 76
148 84
148 87
148 95
148 97
148 101
148 106
148 110
148 117
148 136
148 145
148 152
148 167
148 171
148 175
149 1
149 3
149 6
149 12
149 17
149 24
149 30
149 43
149 45
149 46
149 48
149 50
149 51
149 56
149 58
149 66
149 81
149 86
149 87
149 90
149 97
149 106
149 111
149 112
149 113
149 120
149 131
149 136
149 147
149 149
149 156
149 159
149 162
149 175
149 176
149 177
150 0
150 33
150 36
150 38
150 39
150 42
150 51
150 59
150 60
150 63
150 72
150 73
150 80
150 85
150 92
150 94
150 99
150 105
150 116
150 120
150 125
150 126
150 131
150 138
150 140
150 143
150 144
150 145
150 150
150 151
150 153
150 167
150 170
150 172
150 175
150 178
150 179
151 0
151 5
151 11
151 17
151 26
151 32
151 35
151 44
151 45
151 50
151 51
151 54
151 63
151 66
151 73
151 74
151 77
151 79
151 86
151 96
151 97
151 98
151 101
151 107
151 119
151 132
151 140
151 146
151 147
151 155
151 160
151 171
152 4
152 9
152 11
152 14
152 25
152 27
152 28
152 30
152 33
152 34
152 37
152 38
152 40
152 41
152 55
152 57
152 61
152 62
152 67
152 70
152 71
152 87
152 96
152 100
152 109
152 113
152 117
152 119
152 120
152 123
152 127
152 129
152 131
152 133
152 136
152 137
152 138
152 141
152 143
152 151
152 153
152 159
152 161
152 170
152 173
153 0
153 2
153 3
153 7
153 8
153 13
153 17
153 22
153 25
153 26
153 27
153 30
153 34
153 40
153 42
153 45
153 46
153 52
153 55
153 62
153 66
153 68
153 70
153 86
153 89
153 91
153 106
153 111
153 114
153 119
153 121
153 127
153 128
153 133
153 135
153 136
153 145
153 146
153 164
153 165
153 172
153 174
154 11
154 19
154 22
154 25
154 29
154 37
154 43
154 48
154 60
154 72
154 73
154 77
154 106
154 108
154 111
154 113
154 135
154 139
154 140
154 142
154 146
154 148
154 159
154 164
154 170
154 171
154 173
154 174
155 0
155 2
155 3
155 6
155 13
155 23
155 26
155 27
155 32
155 37
155 38
155 48
155 54
155 56
155 57
155 76
155 78
155 79
155 84
155 91
155 93
155 94
155 99
155 101
155 102
155 110
155 116
155 118
155 120
155 128
155 129
155 134
155 137
155 139
155 140
155 142
155 157
155 159
155 165
155 173
155 177
156 6
156 8
156 12
156 17
156 22
156 23
156 32
156 40
156 50
156 56
156 57
156 60
156 67
156 69
156 76
156 78
156 80
156 82
156 86
156 92
156 95
156 98
156 102
156 109
156 124
156 131
156 142
156 143
156 147
156 158
156 164
156 169
156 171
156 172
156 175
157 6
157 8
157 13
157 34
157 36
157 45
157 46
157 47
157 50
157 53
157 54
157 58
157 83
157 91
157 92
157 93
157 98
157 100
157 101
157 108
157 115
157 118
157 122
157 133
157 141
157 152
157 168
157 173
158 3
158 18
158 22
158 24
158 40
158 44
158 45
158 47
158 49
158 52
158 53
158 56
158 61
158 62
158 65
158 68
158 72
158 89
158 90
158 95
158 108
158 111
158 121
158 127
158 134
158 136
158 152
158 153
158 162
158 163
158 169
158 170
158 172
158 178
158 179
159 7
159 8
159 17
159 18
159 20
159 24
159 25
159 28
159 34
159 41
159 43
159 44
159 53
159 57
159 63
159 65
159 68
159 71
159 72
159 73
159 83
159 87
159 101
159 104
159 108
159 116
159 126
159 129
159 138
159 139
159 141
159 142
159 146
159 147
159 161
159 171
159 172
160 5
160 9
160 18
160 22
160 35
160 37
160 43
160 44
160 46
160 48
160 53
160 57
160 67
160 81
160 86
160 93
160 102
160 105
160 106
160 113
160 115
160 125
160 126
160 128
160 129
160 130
160 135
160 139
160 146
160 148
160 150
160 151
160 158
160 161
160 167
160 174
161 0
161 4
161 8
161 10
161 14
161 19
161 21
161 37
161 39
161 40
161 46
161 56
161 72
161 73
161 78
161 82
161 88
161 90
161 94
161 96
161 97
161 98
161 103
161 104
161 105
161 108
161 116
161 122
161 130
161 133
161 134
161 147
161 149
161 151
161 154
161 155
161 160
161 169
161 177
162 7
162 12
162 15
162 17
162 18
162 28
162 32
162 33
162 40
162 65
162 69
162 74
162 93
162 94
162 99
162 111
162 115
162 122
162 123
162 133
162 141
162 147
162 150
162 154
162 155
162 158
162 162
162 172
162 179
163 2
163 7
163 19
163 20
163 36
163 38
163 41
163 42
163 45
163 53
163 74
163 83
163 85
163 96
163 100
163 102
163 108
163 114
163 116
163 118
163 121
163 126
163 134
163 135
163 140
163 145
163 147
163 148
163 152
163 156
163 157
163 167
163 168
163 169
163 173
164 4
164 5
164 13
164 15
164 20
164 21
164 23
164 24
164 27
164 28
164 36
164 42
164 46
164 53
164 59
164 65
164 70
164 77
164 82
164 85
164 88
164 100
164 114
164 122
164 123
164 124
164 127
164 128
164 129
164 140
164 141
164 148
164 151
164 156
164 167
164 168
164 172
164 173
164 176
165 0
165 1
165 5
165 7
165 10
165 17
165 18
165 19
165 21
165 24
165 34
165 47
165 54
165 56
165 59
165 62
165 65
165 67
165 78
165 79
165 101
165 104
165 105
165 113
165 114
165 117
165 118
165 119
165 122
165 140
165 142
165 159
165 171
165 177
165 178
166 2
166 3
166 16
166 17
166 29
166 36
166 40
166 43
166 46
166 47
166 49
166 57
166 59
166 74
166 79
166 80
166 82
166 86
166 89
166 92
166 100
166 101
166 115
166 119
166 125
166 132
166 134
166 135
166 140
166 141
166 144
166 145
166 148
166 149
166 155
166 157
166 159
166 161
166 164
166 165
166 173
167 13
167 18
167 20
167 33
167 43
167 45
167 50
167 53
167 54
167 57
167 71
167 75
167 80
167 82
167 83
167 85
167 86
167 89
167 104
167 106
167 107
167 146
167 160
167 164
167 167
167 172
167 175
168 1
168 2
168 4
168 5
168 6
168 9
168 16
168 20
168 37
168 46
168 50
168 59
168 60
168 65
168 77
168 79
168 92
168 95
168 97
168 101
168 104
168 106
168 110
168 115
168 116
168 121
168 125
168 128
168 132
168 138
168 142
168 143
168 146
168 148
168 158
168 162
168 164
168 170
168 172
168 179
169 0
169 1
169 7
169 10
169 16
169 21
169 26
169 31
169 32
169 38
169 39
169 50
169 52
169 53
169 57
169 59
169 61
169 64
169 68
169 74
169 78
169 79
169 81
169 88
169 90
169 92
169 103
169 107
169 109
169 111
169 115
169 122
169 124
169 128
169 132
169 138
169 141
169 144
169 160
169 161
169 162
169 165
169 168
169 172
169 173
170 9
170 10
170 17
170 20
170 23
170 24
170 34
170 35
170 37
170 42
170 43
170 44
170 55
170 58
170 70
170 71
170 75
170 76
170 83
170 88
170 94
170 95
170 97
170 103
170 105
170 106
170 111
170 113
170 117
170 122
170 126
170 129
170 136
170 142
170 144
170 147
170 148
170 150
170 154
170 155
170 159
170 168
170 176
171 0
171 2
171 4
171 5
171 9
171 10
171 14
171 20
171 21
171 30
171 31
171 32
171 35
171 37
171 42
171 49
171 50
171 54
171 60
171 62
171 64
171 69
171 77
171 80
171 85
171 89
171 90
171 97
171 100
171 104
171 108
171 112
171 115
171 116
171 124
171 131
171 140
171 141
171 143
171 147
171 156
171 160
171 167
171 176
172 1
172 5
172 6
172 14
172 16
172 29
172 31
172 33
172 38
172 40
172 48
172 52
172 53
172 60
172 63
172 66
172 76
172 91
172 94
172 97
172 105
172 107
172 110
172 119
172 120
172 121
172 125
172 134
172 137
172 146
172 152
172 162
173 5
173 7
173 8
173 12
173 19
173 20
173 22
173 23
173 27
173 31
173 35
173 41
173 45
173 47
173 68
173 69
173 74
173 75
173 84
173 87
173 90
173 97
173 111
173 114
173 116
173 118
173 126
173 130
173 135
173 137
173 139
173 148
173 149
173 150
173 152
173 154
173 155
173 158
173 161
173 162
173 164
173 166
173 167
173 171
173 176
174 1
174 5
174 7
174 11
174 12
174 18
174 24
174 25
174 47
174 49
174 51
174 53
174 58
174 61
174 63
174 69
174 87
174 89
174 104
174 106
174 119
174 120
174 136
174 138
174 141
174 143
174 151
174 158
175 12
175 18
175 29
175 36
175 37
175 48
175 60
175 64
175 77
175 91
175 95
175 96
175 109
175 112
175 119
175 121
175 129
175 135
175 137
175 151
175 161
175 165
175 166
176 5
176 7
176 14
176 20
176 21
176 23
176 24
176 36
176 40
176 49
176 52
176 66
176 69
176 72
176 77
176 99
176 100
176 101
176 102
176 104
176 106
176 116
176 121
176 124
176 125
176 128
176 132
176 138
176 145
176 148
176 156
176 158
176 170
176 172
176 176
176 178
177 4
177 7
177 17
177 23
177 36
177 39
177 46
177 50
177 51
177 56
177 60
177 61
177 64
177 68
177 71
177 73
177 86
177 90
177 92
177 104
177 106
177 112
177 129
177 135
177 137
177 138
177 144
177 145
177 156
177 161
177 166
177 167
177 175
178 6
178 9
178 21
178 23
178 24
178 25
178 27
178 33
178 43
178 48
178 49
178 63
178 66
178 69
178 77
178 94
178 105
178 107
178 113
178 119
178 121
178 128
178 131
178 138
178 139
178 142
178 148
178 153
178 154
178 155
178 159
178 164
178 179
179 4
179 5
179 13
179 16
179 17
179 24
179 25
179 31
179 36
179 40
179 44
179 50
179 51
179 53
179 56
179 58
179 62
179 68
179 74
179 75
179 78
179 80
179 81
179 83
179 96
179 114
179 117
179 122
179 128
179 129
179 135
179 140
179 145
179 146
179 148
179 158
179 167
179 174
