240
11472
0 0
0 7
0 14
0 30
0 33
0 40
0 48
0 54
0 58
0 70
0 73
0 75
0 76
0 83
0 85
0 86
0 87
0 88
0 89
0 94
0 102
0 104
0 105
0 110
0 111
0 113
0 114
0 126
0 132
0 155
0 165
0 166
0 167
0 168
0 173
0 180
0 183
0 185
0 195
0 199
0 200
0 202
0 203
0 204
0 206
0 207
0 208
0 209
0 214
0 215
0 225
0 227
0 236
1 7
1 8
1 24
1 36
1 38
1 49
1 50
1 52
1 54
1 56
1 60
1 61
1 66
1 76
1 81
1 90
1 92
1 93
1 107
1 109
1 110
1 124
1 132
1 138
1 140
1 141
1 147
1 160
1 161
1 162
1 166
1 172
1 175
1 182
1 188
1 190
1 201
1 202
1 213
1 218
1 222
1 226
1 232
2 4
2 11
2 14
2 20
2 21
2 24
2 25
2 26
2 28
2 37
2 40
2 44
2 62
2 68
2 69
2 73
2 77
2 85
2 86
2 88
2 90
2 104
2 108
2 110
2 112
2 130
2 132
2 141
2 142
2 147
2 148
2 157
2 161
2 164
2 174
2 175
2 187
2 189
2 194
2 196
2 198
2 202
2 209
2 210
2 213
2 224
2 229
2 231
2 238
2 239
3 1
3 5
3 11
3 12
3 16
3 21
3 23
3 28
3 32
3 35
3 37
3 44
3 47
3 50
3 51
3 52
3 53
3 59
3 61
3 72
3 75
3 77
3 84
3 96
3 98
3 100
3 105
3 111
3 118
3 119
3 120
3 125
3 168
3 169
3 181
3 182
3 185
3 192
3 193
3 194
3 201
3 202
3 218
3 222
3 224
4 2
4 9
4 35
4 38
4 39
4 43
4 47
4 61
4 64
4 69
4 73
4 79
4 80
4 82
4 86
4 90
4 93
4 96
4 98
4 99
4 102
4 104
4 115
4 117
4 118
4 122
4 138
4 147
4 148
4 155
4 157
4 159
4 175
4 177
4 184
4 191
4 193
4 194
4 195
4 212
4 214
4 217
4 218
4 219
5 1
5 5
5 6
5 13
5 21
5 38
5 41
5 43
5 47
5 50
5 55
5 67
5 72
5 74
5 76
5 79
5 80
5 83
5 85
5 94
5 101
5 104
5 112
5 129
5 152
5 154
5 156
5 157
5 162
5 163
5 171
5 174
5 175
5 178
5 181
5 182
5 183
5 185
5 186
5 190
5 195
5 201
5 207
5 210
5 212
5 213
5 214
5 215
5 228
5 233
5 237
5 239
6 11
6 18
6 22
6 25
6 27
6 33
6 34
6 46
6 51
6 55
6 56
6 61
6 65
6 71
6 76
6 79
6 83
6 86
6 89
6 98
6 99
6 101
6 108
6 111
6 113
6 116
6 122
6 123
6 132
6 145
6 146
6 149
6 163
6 164
6 175
6 179
6 188
6 205
6 206
6 215
6 222
6 229
6 237
7 4
7 10
7 24
7 31
7 33
7 37
7 39
7 43
7 47
7 52
7 62
7 63
7 67
7 71
7 72
7 74
7 80
7 81
7 89
7 95
7 98
7 114
7 117
7 122
7 124
7 127
7 132
7 136
7 138
7 143
7 162
7 167
7 168
7 176
7 179
7 187
7 193
7 199
7 202
7 208
7 211
7 216
7 230
7 233
7 237
8 3
8 4
8 6
8 7
8 14
8 22
8 29
8 30
8 31
8 33
8 39
8 42
8 64
8 70
8 73
8 83
8 87
8 89
8 90
8 97
8 102
8 104
8 114
8 116
8 119
8 124
8 129
8 137
8 140
8 142
8 143
8 145
8 146
8 147
8 162
8 165
8 178
8 182
8 184
8 186
8 189
8 193
8 199
8 203
8 204
8 208
8 211
8 214
8 217
8 221
8 229
8 230
8 234
8 237
9 36
9 38
9 39
9 41
9 42
9 45
9 48
9 70
9 85
9 95
9 100
9 104
9 105
9 109
9 112
9 115
9 122
9 124
9 146
9 151
9 156
9 160
9 161
9 162
9 174
9 189
9 192
9 193
9 197
9 219
9 229
10 0
10 7
10 19
10 26
10 30
10 37
10 38
10 43
10 55
10 65
10 67
10 80
10 82
10 88
10 93
10 98
10 101
10 107
10 115
10 120
10 125
10 129
10 131
10 133
10 144
10 147
10 150
10 157
10 164
10 167
10 174
10 176
10 177
10 182
10 186
10 191
10 194
10 195
10 201
10 203
10 204
10 212
10 215
10 217
10 219
10 221
10 223
10 232
10 234
10 238
11 12
11 26
11 27
11 28
11 34
11 45
11 55
11 57
11 66
11 69
11 74
11 77
11 82
11 84
11 95
11 96
11 107
11 110
11 112
11 120
11 122
11 131
11 135
11 138
11 140
11 142
11 144
11 147
11 157
11 163
11 168
11 179
11 184
11 188
11 191
11 193
11 198
11 202
11 208
11 209
11 217
11 228
11 237
12 4
12 15
12 16
12 18
12 21
12 29
12 36
12 39
12 49
12 51
12 66
12 81
12 84
12 89
12 94
12 95
12 98
12 102
12 105
12 115
12 122
12 125
12 126
12 133
12 137
12 139
12 141
12 147
12 149
12 151
12 160
12 161
12 163
12 172
12 177
12 184
12 192
12 194
12 196
12 200
12 203
12 211
12 220
12 227
12 232
12 233
12 234
12 238
12 239
13 5
13 7
13 9
13 13
13 29
13 33
13 36
13 40
13 41
13 42
13 47
13 68
13 73
13 74
13 75
13 80
13 87
13 92
13 93
13 107
13 108
13 139
13 144
13 149
13 152
13 153
13 156
13 165
13 167
13 168
13 169
13 184
13 186
13 191
13 196
13 199
13 201
13 203
13 208
13 217
13 223
13 225
13 226
13 228
14 5
14 7
14 8
14 10
14 11
14 20
14 23
14 27
14 34
14 37
14 44
14 47
14 54
14 63
14 83
14 84
14 85
14 87
14 88
14 92
14 94
14 105
14 110
14 112
14 114
14 132
14 133
14 138
14 140
14 143
14 146
14 151
14 153
14 156
14 169
14 171
14 173
14 175
14 176
14 177
14 180
14 193
14 196
14 197
14 201
14 202
14 209
14 218
14 222
14 228
14 229
14 231
14 232
14 237
15 3
15 4
15 7
15 9
15 13
15 17
15 18
15 19
15 23
15 33
15 34
15 35
15 37
15 38
15 39
15 40
15 43
15 47
15 52
15 53
15 54
15 60
15 65
15 72
15 74
15 75
15 77
15 79
15 81
15 86
15 88
15 97
15 104
15 106
15 115
15 118
15 133
15 139
15 140
15 149
15 150
15 157
15 158
15 165
15 167
15 177
15 181
15 186
15 187
15 194
15 196
15 197
15 207
15 212
15 213
15 214
15 219
15 228
15 230
15 238
16 0
16 3
16 4
16 6
16 9
16 10
16 12
16 13
16 14
16 17
16 20
16 21
16 29
16 35
16 42
16 49
16 52
16 54
16 63
16 66
16 72
16 74
16 90
16 91
16 93
16 111
16 112
16 113
16 121
16 123
16 139
16 143
16 155
16 157
16 163
16 166
16 167
16 170
16 172
16 177
16 187
16 188
16 189
16 190
16 192
16 201
16 202
16 208
16 217
16 219
16 233
16 238
17 7
17 16
17 22
17 28
17 33
17 34
17 35
17 36
17 41
17 48
17 49
17 54
17 55
17 58
17 63
17 67
17 70
17 74
17 81
17 82
17 87
17 90
17 111
17 114
17 125
17 128
17 136
17 137
17 138
17 141
17 142
17 153
17 156
17 163
17 166
17 172
17 176
17 183
17 184
17 185
17 194
17 197
17 205
17 207
17 209
17 214
17 215
17 226
18 0
18 3
18 12
18 14
18 16
18 31
18 39
18 40
18 42
18 49
18 58
18 67
18 72
18 75
18 82
18 91
18 100
18 112
18 114
18 118
18 119
18 124
18 127
18 132
18 138
18 140
18 141
18 143
18 148
18 155
18 158
18 163
18 167
18 168
18 170
18 171
18 173
18 177
18 179
18 189
18 195
18 196
18 207
18 209
18 212
18 217
18 219
18 227
18 230
18 231
18 233
18 239
19 0
19 1
19 2
19 8
19 15
19 24
19 30
19 44
19 52
19 56
19 57
19 75
19 76
19 87
19 92
19 94
19 98
19 99
19 101
19 103
19 112
19 113
19 116
19 117
19 120
19 125
19 134
19 138
19 153
19 156
19 165
19 167
19 179
19 182
19 188
19 193
19 198
19 203
19 213
19 228
19 229
19 232
20 1
20 4
20 6
20 18
20 20
20 23
20 26
20 30
20 33
20 49
20 70
20 78
20 87
20 93
20 94
20 96
20 106
20 113
20 120
20 124
20 132
20 140
20 153
20 155
20 156
20 157
20 159
20 165
20 166
20 172
20 175
20 176
20 184
20 185
20 190
20 194
20 199
20 201
20 207
20 211
20 215
20 222
20 223
20 226
21 0
21 6
21 10
21 24
21 25
21 32
21 38
21 42
21 46
21 49
21 54
21 57
21 58
21 66
21 73
21 83
21 88
21 98
21 101
21 102
21 105
21 107
21 112
21 113
21 115
21 117
21 124
21 127
21 128
21 131
21 133
21 134
21 136
21 138
21 139
21 144
21 161
21 165
21 166
21 168
21 180
21 184
21 186
21 190
21 203
21 207
21 216
21 230
21 235
22 2
22 5
22 32
22 35
22 40
22 43
22 50
22 56
22 71
22 84
22 98
22 99
22 105
22 114
22 115
22 122
22 125
22 127
22 130
22 134
22 137
22 138
22 142
22 145
22 148
22 149
22 157
22 158
22 167
22 169
22 171
22 172
22 175
22 177
22 181
22 186
22 188
22 200
22 204
22 220
22 221
22 222
22 236
23 4
23 13
23 17
23 18
23 23
23 24
23 37
23 39
23 46
23 52
23 55
23 57
23 59
23 62
23 63
23 66
23 69
23 70
23 73
23 76
23 90
23 94
23 106
23 107
23 109
23 118
23 122
23 126
23 127
23 129
23 131
23 137
23 138
23 140
23 143
23 155
23 160
23 162
23 167
23 168
23 171
23 183
23 185
23 186
23 196
23 201
23 204
23 206
23 211
23 222
23 228
23 233
24 3
24 4
24 12
24 20
24 29
24 32
24 33
24 37
24 49
24 50
24 52
24 57
24 67
24 68
24 70
24 83
24 89
24 93
24 99
24 106
24 112
24 120
24 121
24 124
24 127
24 131
24 134
24 135
24 138
24 143
24 159
24 160
24 161
24 163
24 167
24 168
24 171
24 173
24 175
24 184
24 185
24 188
24 191
24 201
24 218
24 219
24 223
24 224
24 232
24 235
24 236
24 237
24 238
25 1
25 3
25 6
25 7
25 15
25 17
25 21
25 24
25 27
25 30
25 33
25 50
25 54
25 56
25 67
25 71
25 81
25 83
25 85
25 87
25 95
25 102
25 103
25 108
25 115
25 120
25 121
25 122
25 132
25 134
25 137
25 158
25 159
25 175
25 177
25 181
25 185
25 188
25 192
25 194
25 196
25 206
25 207
25 210
25 211
25 212
25 213
25 217
25 220
25 223
25 230
25 232
25 235
25 237
25 238
25 239
26 12
26 18
26 29
26 33
26 40
26 45
26 47
26 51
26 56
26 60
26 66
26 69
26 74
26 76
26 79
26 80
26 88
26 94
26 100
26 104
26 108
26 117
26 120
26 122
26 123
26 126
26 129
26 133
26 138
26 141
26 148
26 156
26 160
26 161
26 165
26 176
26 180
26 188
26 195
26 221
26 222
26 223
26 226
26 229
26 230
26 239
27 5
27 8
27 14
27 19
27 22
27 26
27 27
27 30
27 31
27 32
27 35
27 37
27 41
27 49
27 52
27 57
27 59
27 63
27 64
27 73
27 74
27 78
27 80
27 86
27 104
27 108
27 111
27 112
27 114
27 115
27 122
27 133
27 142
27 147
27 155
27 159
27 174
27 179
27 190
27 195
27 200
27 210
27 212
27 227
27 228
27 230
27 238
27 239
28 1
28 2
28 3
28 4
28 8
28 18
28 20
28 21
28 24
28 26
28 27
28 36
28 42
28 51
28 59
28 60
28 63
28 66
28 68
28 69
28 70
28 71
28 72
28 74
28 77
28 78
28 82
28 84
28 87
28 89
28 90
28 92
28 94
28 115
28 118
28 126
28 129
28 132
28 148
28 160
28 166
28 167
28 170
28 178
28 182
28 193
28 198
28 199
28 202
28 203
28 204
28 207
28 212
28 220
28 224
28 231
29 7
29 11
29 12
29 17
29 19
29 22
29 23
29 24
29 27
29 28
29 34
29 36
29 37
29 39
29 41
29 53
29 55
29 66
29 68
29 69
29 73
29 74
29 85
29 86
29 92
29 102
29 106
29 111
29 125
29 130
29 139
29 148
29 157
29 163
29 169
29 175
29 181
29 183
29 184
29 190
29 197
29 199
29 200
29 210
29 211
29 212
29 213
29 215
29 221
29 226
29 230
29 231
29 238
30 0
30 7
30 9
30 15
30 17
30 27
30 34
30 55
30 57
30 61
30 63
30 64
30 78
30 81
30 82
30 84
30 85
30 100
30 110
30 121
30 132
30 133
30 134
30 141
30 143
30 151
30 167
30 175
30 180
30 188
30 191
30 194
30 195
30 223
30 224
30 226
30 231
30 237
31 1
31 2
31 5
31 8
31 12
31 13
31 14
31 17
31 23
31 25
31 26
31 28
31 29
31 31
31 33
31 37
31 45
31 54
31 56
31 61
31 64
31 69
31 71
31 83
31 90
31 111
31 120
31 121
31 132
31 138
31 139
31 141
31 145
31 146
31 148
31 155
31 156
31 162
31 164
31 173
31 175
31 176
31 177
31 181
31 182
31 184
31 193
31 200
31 201
31 205
31 215
31 223
31 226
31 227
31 233
32 2
32 3
32 8
32 9
32 16
32 17
32 19
32 23
32 27
32 33
32 37
32 58
32 59
32 60
32 63
32 69
32 73
32 77
32 78
32 79
32 83
32 93
32 97
32 105
32 108
32 110
32 111
32 121
32 124
32 129
32 132
32 137
32 140
32 146
32 147
32 148
32 158
32 170
32 178
32 189
32 191
32 192
32 193
32 197
32 207
32 211
32 212
32 218
32 223
32 224
32 226
32 228
32 231
32 239
33 19
33 20
33 28
33 29
33 32
33 33
33 47
33 54
33 55
33 63
33 66
33 88
33 94
33 105
33 107
33 109
33 111
33 120
33 123
33 132
33 135
33 148
33 151
33 158
33 161
33 162
33 164
33 165
33 185
33 187
33 192
33 193
33 196
33 197
33 199
33 206
33 209
33 218
33 222
33 224
33 233
33 238
34 1
34 7
34 25
34 27
34 32
34 41
34 56
34 69
34 70
34 75
34 82
34 86
34 91
34 93
34 94
34 96
34 102
34 122
34 124
34 129
34 130
34 133
34 138
34 140
34 143
34 144
34 153
34 154
34 159
34 160
34 166
34 167
34 168
34 170
34 174
34 184
34 189
34 193
34 197
34 213
34 217
34 219
34 223
34 225
34 226
34 234
35 8
35 14
35 15
35 16
35 26
35 37
35 51
35 54
35 63
35 69
35 70
35 72
35 81
35 82
35 84
35 90
35 101
35 106
35 115
35 117
35 128
35 129
35 138
35 139
35 140
35 145
35 152
35 153
35 154
35 164
35 169
35 171
35 186
35 200
35 201
35 208
35 211
35 212
35 214
35 219
35 220
35 225
35 230
35 236
35 237
36 11
36 31
36 37
36 38
36 59
36 73
36 85
36 89
36 94
36 97
36 111
36 115
36 119
36 128
36 132
36 146
36 147
36 152
36 153
36 163
36 165
36 171
36 173
36 174
36 179
36 181
36 186
36 194
36 203
36 207
36 223
36 225
36 235
36 237
37 3
37 4
37 13
37 23
37 31
37 35
37 38
37 45
37 61
37 62
37 67
37 70
37 72
37 74
37 109
37 112
37 118
37 127
37 130
37 142
37 150
37 152
37 153
37 156
37 162
37 166
37 174
37 175
37 183
37 192
37 197
37 198
37 202
37 208
37 212
37 220
37 223
37 231
38 3
38 8
38 17
38 25
38 29
38 30
38 40
38 45
38 48
38 55
38 56
38 58
38 64
38 66
38 67
38 68
38 74
38 83
38 91
38 92
38 93
38 98
38 99
38 107
38 108
38 112
38 124
38 128
38 130
38 140
38 145
38 168
38 174
38 176
38 177
38 186
38 192
38 195
38 201
38 208
38 210
38 221
38 224
38 226
38 235
39 5
39 14
39 20
39 25
39 27
39 29
39 30
39 35
39 36
39 38
39 40
39 43
39 45
39 52
39 53
39 57
39 59
39 61
39 63
39 65
39 69
39 71
39 74
39 76
39 78
39 80
39 83
39 89
39 91
39 93
39 97
39 98
39 102
39 115
39 123
39 125
39 130
39 140
39 141
39 153
39 163
39 165
39 175
39 176
39 188
39 190
39 192
39 197
39 208
39 211
39 212
39 213
39 220
39 222
39 226
39 229
39 234
39 238
40 1
40 9
40 20
40 23
40 26
40 37
40 44
40 46
40 61
40 64
40 66
40 71
40 85
40 88
40 89
40 94
40 102
40 103
40 104
40 105
40 111
40 118
40 121
40 131
40 135
40 136
40 153
40 155
40 156
40 158
40 166
40 175
40 176
40 180
40 187
40 189
40 192
40 194
40 198
40 200
40 206
40 207
40 214
40 219
40 226
40 227
40 230
40 231
40 232
40 235
41 8
41 11
41 12
41 13
41 20
41 30
41 31
41 34
41 35
41 48
41 49
41 52
41 72
41 107
41 113
41 120
41 121
41 128
41 133
41 140
41 143
41 145
41 148
41 152
41 153
41 158
41 159
41 163
41 166
41 179
41 183
41 193
41 197
41 206
41 207
41 208
41 212
41 213
41 221
41 223
41 228
41 229
41 230
42 0
42 7
42 16
42 24
42 32
42 46
42 52
42 55
42 58
42 62
42 65
42 71
42 72
42 75
42 83
42 87
42 92
42 96
42 98
42 99
42 104
42 112
42 127
42 128
42 131
42 134
42 135
42 141
42 149
42 151
42 158
42 160
42 162
42 170
42 175
42 176
42 183
42 187
42 197
42 198
42 199
42 201
42 209
42 210
42 226
42 232
42 238
43 34
43 36
43 41
43 43
43 44
43 50
43 56
43 64
43 65
43 67
43 68
43 77
43 80
43 92
43 94
43 96
43 104
43 108
43 128
43 129
43 135
43 139
43 143
43 148
43 150
43 156
43 159
43 169
43 173
43 182
43 189
43 195
43 204
43 205
43 213
43 218
43 219
43 221
43 224
43 226
43 235
43 239
44 4
44 7
44 8
44 12
44 13
44 18
44 22
44 31
44 40
44 42
44 49
44 53
44 54
44 56
44 60
44 62
44 69
44 70
44 75
44 76
44 77
44 87
44 88
44 90
44 94
44 108
44 110
44 113
44 123
44 128
44 129
44 130
44 133
44 137
44 140
44 142
44 145
44 156
44 168
44 170
44 182
44 188
44 195
44 197
44 198
44 200
44 202
44 204
44 209
44 216
44 227
44 232
44 237
45 18
45 19
45 31
45 42
45 44
45 47
45 53
45 56
45 57
45 74
45 81
45 88
45 91
45 100
45 105
45 106
45 109
45 112
45 124
45 131
45 139
45 155
45 167
45 170
45 180
45 181
45 204
45 205
45 206
45 210
45 213
45 221
45 222
45 223
45 230
45 234
45 235
46 3
46 9
46 14
46 18
46 39
46 42
46 45
46 46
46 47
46 51
46 57
46 63
46 66
46 67
46 69
46 70
46 71
46 74
46 87
46 93
46 100
46 103
46 104
46 105
46 106
46 109
46 114
46 125
46 126
46 128
46 134
46 137
46 143
46 145
46 157
46 161
46 163
46 174
46 179
46 181
46 182
46 187
46 191
46 202
46 208
46 216
46 218
46 227
47 2
47 5
47 6
47 7
47 13
47 14
47 16
47 22
47 29
47 32
47 33
47 37
47 40
47 41
47 44
47 49
47 53
47 54
47 55
47 59
47 78
47 80
47 82
47 84
47 101
47 102
47 104
47 107
47 109
47 115
47 118
47 127
47 130
47 132
47 134
47 135
47 136
47 145
47 149
47 154
47 160
47 164
47 176
47 179
47 183
47 184
47 185
47 188
47 199
47 200
47 204
47 207
47 216
47 217
47 220
47 221
47 230
47 234
47 237
47 238
48 2
48 6
48 9
48 10
48 18
48 20
48 37
48 42
48 44
48 46
48 58
48 60
48 66
48 70
48 75
48 79
48 82
48 86
48 100
48 108
48 119
48 122
48 123
48 137
48 138
48 141
48 144
48 147
48 150
48 163
48 166
48 182
48 187
48 189
48 191
48 197
48 200
48 208
48 210
48 215
48 217
48 219
48 234
49 13
49 15
49 37
49 39
49 45
49 51
49 52
49 54
49 56
49 64
49 67
49 73
49 75
49 80
49 84
49 85
49 86
49 91
49 101
49 102
49 107
49 116
49 120
49 121
49 125
49 126
49 133
49 137
49 140
49 146
49 148
49 149
49 153
49 154
49 161
49 163
49 167
49 171
49 173
49 181
49 190
49 192
49 221
49 223
50 3
50 4
50 7
50 13
50 16
50 18
50 19
50 22
50 29
50 43
50 44
50 47
50 48
50 52
50 56
50 62
50 67
50 69
50 70
50 76
50 85
50 88
50 93
50 98
50 99
50 102
50 113
50 116
50 130
50 134
50 137
50 139
50 140
50 146
50 148
50 150
50 158
50 162
50 166
50 168
50 180
50 181
50 192
50 193
50 194
50 200
50 204
50 205
50 206
50 215
50 218
50 228
50 232
50 235
51 6
51 13
51 28
51 29
51 38
51 48
51 50
51 51
51 52
51 73
51 74
51 82
51 84
51 85
51 90
51 91
51 93
51 97
51 99
51 104
51 107
51 108
51 109
51 110
51 115
51 124
51 132
51 146
51 154
51 159
51 162
51 164
51 176
51 188
51 194
51 195
51 196
51 198
51 199
51 202
51 205
51 206
51 208
51 213
51 232
51 235
51 236
51 238
52 2
52 3
52 14
52 20
52 25
52 41
52 70
52 74
52 75
52 77
52 81
52 82
52 90
52 91
52 94
52 99
52 104
52 108
52 110
52 113
52 115
52 116
52 121
52 122
52 124
52 127
52 130
52 131
52 135
52 140
52 149
52 151
52 153
52 162
52 163
52 164
52 165
52 167
52 171
52 172
52 174
52 181
52 187
52 189
52 190
52 199
52 205
52 206
52 213
52 222
53 21
53 23
53 26
53 30
53 32
53 52
53 55
53 64
53 67
53 80
53 83
53 91
53 92
53 95
53 96
53 100
53 105
53 106
53 107
53 114
53 116
53 124
53 127
53 130
53 138
53 141
53 147
53 163
53 171
53 174
53 176
53 182
53 185
53 186
53 187
53 188
53 190
53 197
53 204
53 205
53 209
53 216
53 226
53 234
53 235
54 3
54 5
54 8
54 14
54 24
54 27
54 28
54 35
54 52
54 55
54 63
54 70
54 79
54 83
54 85
54 90
54 91
54 92
54 96
54 99
54 102
54 103
54 104
54 110
54 116
54 122
54 124
54 130
54 131
54 140
54 144
54 149
54 152
54 158
54 162
54 167
54 169
54 179
54 197
54 199
54 202
54 203
54 208
54 216
54 223
54 230
54 232
54 233
54 234
54 237
55 0
55 12
55 14
55 15
55 17
55 20
55 33
55 34
55 40
55 50
55 62
55 69
55 74
55 77
55 80
55 91
55 93
55 95
55 102
55 104
55 108
55 115
55 127
55 130
55 135
55 137
55 150
55 151
55 155
55 157
55 158
55 170
55 182
55 194
55 197
55 207
55 215
55 228
55 229
55 232
55 237
56 5
56 6
56 11
56 14
56 24
56 26
56 29
56 31
56 34
56 37
56 38
56 41
56 44
56 52
56 53
56 80
56 81
56 85
56 87
56 93
56 102
56 106
56 110
56 112
56 117
56 131
56 147
56 154
56 155
56 156
56 166
56 167
56 171
56 172
56 173
56 175
56 180
56 199
56 200
56 203
56 208
56 217
56 220
56 223
56 239
57 2
57 8
57 20
57 23
57 24
57 27
57 28
57 30
57 35
57 37
57 46
57 49
57 53
57 54
57 55
57 59
57 62
57 67
57 68
57 69
57 71
57 72
57 76
57 80
57 89
57 91
57 96
57 106
57 107
57 111
57 112
57 118
57 119
57 120
57 125
57 132
57 144
57 146
57 147
57 150
57 152
57 155
57 157
57 158
57 159
57 162
57 169
57 178
57 181
57 185
57 186
57 191
57 193
57 213
57 217
57 218
57 219
57 223
57 228
57 229
57 236
58 10
58 14
58 15
58 18
58 22
58 24
58 29
58 35
58 39
58 41
58 42
58 43
58 47
58 73
58 76
58 79
58 86
58 88
58 89
58 90
58 99
58 106
58 111
58 124
58 128
58 129
58 134
58 151
58 154
58 156
58 158
58 163
58 171
58 177
58 180
58 190
58 192
58 193
58 194
58 196
58 198
58 199
58 200
58 209
58 213
58 214
58 229
58 230
58 232
58 238
59 8
59 11
59 14
59 18
59 24
59 30
59 31
59 35
59 44
59 46
59 58
59 60
59 70
59 75
59 80
59 85
59 95
59 97
59 98
59 99
59 104
59 112
59 115
59 123
59 130
59 135
59 136
59 140
59 142
59 147
59 152
59 155
59 156
59 166
59 167
59 168
59 175
59 180
59 188
59 189
59 190
59 192
59 200
59 201
59 203
59 204
59 210
59 212
59 225
60 14
60 17
60 31
60 35
60 36
60 41
60 43
60 47
60 52
60 54
60 58
60 63
60 65
60 66
60 69
60 73
60 77
60 78
60 87
60 97
60 98
60 103
60 117
60 130
60 132
60 133
60 134
60 144
60 145
60 151
60 156
60 160
60 162
60 165
60 166
60 176
60 177
60 184
60 187
60 190
60 205
60 210
60 217
60 218
60 221
60 223
61 3
61 4
61 6
61 7
61 10
61 12
61 17
61 28
61 30
61 38
61 56
61 58
61 60
61 62
61 64
61 66
61 71
61 74
61 79
61 80
61 83
61 88
61 90
61 91
61 109
61 118
61 120
61 124
61 128
61 130
61 133
61 148
61 153
61 161
61 162
61 163
61 164
61 167
61 178
61 185
61 199
61 203
61 210
61 213
61 215
61 217
61 218
61 227
61 236
61 237
61 239
62 25
62 29
62 50
62 53
62 56
62 63
62 66
62 75
62 76
62 78
62 96
62 104
62 105
62 107
62 113
62 132
62 134
62 142
62 147
62 149
62 157
62 164
62 171
62 177
62 183
62 185
62 189
62 200
62 202
62 211
62 214
62 216
62 217
62 218
62 221
62 224
62 230
62 233
63 0
63 14
63 15
63 16
63 18
63 19
63 20
63 21
63 27
63 34
63 35
63 36
63 38
63 45
63 53
63 60
63 61
63 64
63 70
63 72
63 74
63 78
63 82
63 90
63 98
63 105
63 106
63 122
63 124
63 126
63 127
63 128
63 136
63 141
63 147
63 148
63 161
63 166
63 183
63 184
63 186
63 187
63 191
63 199
63 201
63 207
63 210
63 215
63 230
63 231
63 238
64 5
64 6
64 7
64 13
64 18
64 19
64 20
64 21
64 23
64 32
64 50
64 51
64 57
64 63
64 66
64 70
64 75
64 76
64 83
64 87
64 97
64 102
64 104
64 105
64 108
64 110
64 119
64 124
64 125
64 131
64 136
64 141
64 147
64 152
64 156
64 166
64 171
64 182
64 183
64 187
64 188
64 200
64 201
64 202
64 203
64 204
64 208
64 210
64 218
64 219
64 222
64 233
64 237
65 3
65 4
65 15
65 22
65 27
65 42
65 45
65 47
65 51
65 52
65 56
65 59
65 67
65 77
65 83
65 93
65 114
65 126
65 131
65 136
65 138
65 145
65 146
65 151
65 153
65 154
65 156
65 163
65 164
65 167
65 168
65 174
65 175
65 181
65 192
65 194
65 201
65 219
65 227
65 235
66 2
66 8
66 26
66 32
66 34
66 35
66 36
66 44
66 52
66 53
66 56
66 59
66 60
66 64
66 70
66 71
66 76
66 77
66 81
66 83
66 84
66 85
66 97
66 99
66 115
66 119
66 131
66 139
66 142
66 149
66 150
66 154
66 157
66 177
66 190
66 191
66 197
66 198
66 202
66 217
66 231
66 232
67 16
67 22
67 23
67 25
67 26
67 38
67 39
67 41
67 43
67 54
67 58
67 69
67 89
67 91
67 109
67 121
67 124
67 135
67 137
67 147
67 148
67 156
67 158
67 161
67 167
67 182
67 186
67 204
67 206
67 207
67 213
67 223
67 228
67 233
67 239
68 4
68 7
68 8
68 10
68 17
68 27
68 28
68 31
68 32
68 40
68 42
68 46
68 55
68 73
68 77
68 85
68 92
68 96
68 97
68 99
68 113
68 128
68 129
68 131
68 136
68 143
68 147
68 159
68 160
68 161
68 165
68 170
68 174
68 181
68 194
68 206
68 209
68 212
68 220
68 226
68 237
69 2
69 7
69 8
69 11
69 15
69 16
69 19
69 29
69 35
69 36
69 37
69 46
69 55
69 58
69 67
69 70
69 74
69 75
69 76
69 90
69 91
69 117
69 118
69 119
69 126
69 138
69 142
69 146
69 153
69 159
69 160
69 183
69 190
69 195
69 204
69 210
69 211
69 212
69 213
69 215
69 225
69 230
69 234
69 236
70 5
70 10
70 13
70 17
70 24
70 36
70 42
70 44
70 60
70 76
70 83
70 84
70 85
70 87
70 88
70 90
70 95
70 98
70 105
70 106
70 107
70 110
70 111
70 118
70 123
70 126
70 131
70 137
70 140
70 146
70 147
70 166
70 169
70 173
70 180
70 186
70 190
70 195
70 201
70 203
70 223
70 231
70 234
70 239
71 12
71 15
71 33
71 44
71 54
71 55
71 56
71 68
71 72
71 74
71 75
71 80
71 85
71 88
71 91
71 101
71 104
71 116
71 118
71 121
71 123
71 125
71 127
71 131
71 137
71 144
71 149
71 157
71 166
71 173
71 180
71 189
71 194
71 212
71 221
71 230
71 231
71 236
71 237
72 3
72 7
72 17
72 18
72 30
72 35
72 37
72 39
72 43
72 47
72 55
72 62
72 92
72 100
72 107
72 117
72 123
72 133
72 139
72 141
72 144
72 149
72 150
72 151
72 152
72 155
72 165
72 168
72 178
72 193
72 195
72 201
72 203
72 205
72 207
72 211
72 219
72 220
72 226
72 231
72 235
73 0
73 2
73 5
73 10
73 12
73 13
73 18
73 19
73 30
73 32
73 41
73 42
73 45
73 51
73 61
73 63
73 71
73 84
73 86
73 93
73 96
73 99
73 111
73 112
73 115
73 124
73 125
73 130
73 131
73 134
73 145
73 146
73 147
73 148
73 156
73 162
73 171
73 172
73 175
73 177
73 188
73 192
73 193
73 197
73 208
73 209
73 214
73 221
73 237
73 238
73 239
74 11
74 15
74 17
74 22
74 26
74 31
74 41
74 44
74 47
74 52
74 61
74 72
74 73
74 82
74 93
74 98
74 108
74 111
74 112
74 115
74 117
74 120
74 124
74 125
74 129
74 134
74 144
74 146
74 149
74 153
74 161
74 164
74 167
74 169
74 171
74 174
74 178
74 181
74 182
74 194
74 195
74 196
74 210
74 215
74 219
74 220
74 222
74 223
74 226
74 227
74 234
74 238
75 0
75 12
75 17
75 18
75 21
75 28
75 47
75 50
75 58
75 60
75 66
75 68
75 75
75 76
75 81
75 98
75 100
75 105
75 108
75 111
75 112
75 117
75 133
75 135
75 139
75 142
75 146
75 148
75 155
75 160
75 163
75 164
75 166
75 177
75 184
75 185
75 188
75 189
75 200
75 202
75 204
75 206
75 223
75 228
75 229
75 234
75 235
76 0
76 8
76 12
76 23
76 27
76 35
76 40
76 50
76 51
76 56
76 57
76 68
76 71
76 80
76 84
76 108
76 111
76 114
76 117
76 118
76 121
76 123
76 129
76 132
76 133
76 134
76 138
76 148
76 149
76 154
76 156
76 175
76 187
76 189
76 194
76 199
76 200
76 202
76 214
76 219
76 226
76 232
77 0
77 7
77 16
77 20
77 31
77 36
77 38
77 47
77 48
77 49
77 52
77 60
77 61
77 75
77 80
77 82
77 85
77 86
77 89
77 91
77 92
77 96
77 98
77 101
77 106
77 111
77 112
77 113
77 114
77 116
77 120
77 123
77 131
77 133
77 135
77 136
77 137
77 143
77 146
77 155
77 171
77 173
77 179
77 181
77 190
77 193
77 196
77 199
77 201
77 203
77 209
77 225
77 226
77 228
77 233
77 236
77 237
77 239
78 2
78 3
78 6
78 7
78 10
78 13
78 15
78 19
78 27
78 28
78 29
78 32
78 35
78 36
78 46
78 49
78 51
78 54
78 57
78 66
78 70
78 72
78 73
78 74
78 75
78 77
78 80
78 81
78 88
78 95
78 97
78 99
78 105
78 107
78 111
78 113
78 115
78 127
78 135
78 151
78 156
78 157
78 161
78 162
78 164
78 180
78 193
78 195
78 202
78 204
78 215
78 218
78 235
78 236
78 237
79 4
79 10
79 13
79 26
79 31
79 32
79 34
79 67
79 77
79 80
79 86
79 94
79 95
79 96
79 98
79 102
79 103
79 109
79 111
79 115
79 118
79 120
79 122
79 125
79 126
79 128
79 129
79 133
79 138
79 156
79 165
79 175
79 178
79 179
79 181
79 182
79 191
79 195
79 198
79 205
79 206
79 208
79 212
79 222
79 223
79 226
79 233
80 0
80 2
80 10
80 15
80 16
80 25
80 26
80 28
80 31
80 39
80 44
80 45
80 56
80 60
80 64
80 65
80 71
80 72
80 73
80 75
80 76
80 84
80 87
80 91
80 96
80 97
80 109
80 110
80 116
80 118
80 120
80 123
80 128
80 130
80 132
80 137
80 144
80 154
80 161
80 165
80 167
80 172
80 183
80 184
80 186
80 187
80 190
80 191
80 193
80 200
80 202
80 217
80 220
80 231
81 2
81 9
81 17
81 23
81 25
81 29
81 33
81 35
81 38
81 48
81 56
81 58
81 63
81 64
81 70
81 74
81 82
81 84
81 88
81 89
81 94
81 96
81 100
81 105
81 114
81 116
81 120
81 121
81 124
81 141
81 154
81 165
81 166
81 170
81 174
81 175
81 180
81 181
81 184
81 192
81 193
81 198
81 209
81 212
81 213
81 215
81 218
81 224
81 232
81 235
81 238
82 0
82 8
82 18
82 29
82 43
82 50
82 58
82 59
82 63
82 72
82 80
82 87
82 88
82 89
82 93
82 105
82 108
82 112
82 118
82 121
82 122
82 124
82 125
82 128
82 131
82 132
82 133
82 138
82 155
82 159
82 161
82 162
82 185
82 191
82 201
82 213
82 217
82 218
82 219
82 231
82 235
83 0
83 7
83 9
83 10
83 14
83 22
83 23
83 24
83 31
83 38
83 45
83 57
83 64
83 71
83 72
83 76
83 77
83 83
83 88
83 89
83 90
83 94
83 95
83 96
83 99
83 101
83 105
83 106
83 109
83 118
83 125
83 132
83 141
83 152
83 157
83 159
83 164
83 175
83 177
83 182
83 183
83 190
83 193
83 198
83 201
83 204
83 206
83 208
83 209
83 212
83 217
83 220
83 223
83 226
83 237
83 238
84 2
84 9
84 10
84 11
84 15
84 17
84 18
84 28
84 32
84 46
84 49
84 53
84 55
84 58
84 82
84 86
84 90
84 91
84 92
84 97
84 110
84 114
84 115
84 117
84 118
84 125
84 130
84 135
84 138
84 139
84 140
84 148
84 151
84 152
84 159
84 167
84 170
84 171
84 177
84 182
84 189
84 190
84 210
84 215
84 216
84 230
84 232
84 233
84 237
85 8
85 12
85 13
85 34
85 36
85 42
85 43
85 46
85 65
85 66
85 67
85 73
85 76
85 77
85 85
85 86
85 94
85 98
85 101
85 110
85 114
85 118
85 123
85 128
85 133
85 136
85 151
85 153
85 158
85 160
85 165
85 168
85 171
85 177
85 183
85 185
85 188
85 196
85 205
85 209
85 212
85 223
85 225
85 226
85 236
86 2
86 9
86 10
86 11
86 16
86 20
86 24
86 26
86 34
86 39
86 47
86 51
86 61
86 81
86 88
86 90
86 91
86 98
86 101
86 107
86 112
86 115
86 118
86 121
86 128
86 133
86 135
86 136
86 144
86 146
86 150
86 158
86 168
86 178
86 179
86 182
86 188
86 191
86 195
86 200
86 202
86 218
86 223
86 227
86 228
86 231
86 238
86 239
87 1
87 5
87 16
87 17
87 21
87 22
87 24
87 33
87 35
87 41
87 43
87 44
87 48
87 49
87 50
87 52
87 65
87 66
87 71
87 82
87 84
87 91
87 99
87 100
87 101
87 109
87 111
87 112
87 113
87 123
87 125
87 127
87 128
87 130
87 133
87 137
87 138
87 139
87 141
87 145
87 146
87 147
87 148
87 150
87 153
87 156
87 159
87 160
87 171
87 179
87 181
87 185
87 188
87 195
87 196
87 207
87 212
87 214
87 225
87 234
87 235
88 2
88 10
88 16
88 19
88 21
88 22
88 32
88 35
88 38
88 48
88 54
88 75
88 77
88 87
88 97
88 107
88 119
88 124
88 126
88 130
88 133
88 135
88 138
88 139
88 143
88 150
88 152
88 157
88 178
88 180
88 190
88 206
88 211
88 216
88 228
88 233
88 237
89 0
89 7
89 9
89 14
89 16
89 17
89 18
89 25
89 32
89 34
89 38
89 42
89 49
89 51
89 59
89 67
89 74
89 84
89 93
89 111
89 121
89 124
89 130
89 137
89 139
89 142
89 146
89 148
89 155
89 162
89 189
89 191
89 193
89 197
89 199
89 208
89 209
89 211
89 226
89 233
89 235
89 236
89 237
90 0
90 3
90 5
90 10
90 14
90 15
90 16
90 20
90 22
90 30
90 41
90 43
90 44
90 46
90 54
90 55
90 56
90 58
90 61
90 62
90 63
90 68
90 79
90 81
90 87
90 89
90 92
90 99
90 105
90 107
90 108
90 115
90 119
90 123
90 126
90 134
90 140
90 141
90 150
90 161
90 173
90 177
90 182
90 200
90 205
90 211
90 220
90 230
90 232
90 237
90 239
91 0
91 2
91 4
91 12
91 15
91 20
91 21
91 23
91 24
91 26
91 32
91 40
91 41
91 47
91 49
91 67
91 70
91 74
91 78
91 80
91 87
91 92
91 94
91 101
91 102
91 108
91 110
91 111
91 113
91 117
91 118
91 121
91 128
91 133
91 140
91 148
91 150
91 151
91 155
91 161
91 162
91 167
91 178
91 179
91 183
91 186
91 187
91 199
91 218
91 219
91 224
91 232
91 239
92 8
92 11
92 19
92 20
92 23
92 25
92 27
92 28
92 37
92 38
92 39
92 40
92 49
92 54
92 57
92 59
92 60
92 62
92 65
92 72
92 75
92 82
92 92
92 100
92 102
92 105
92 109
92 115
92 118
92 121
92 122
92 125
92 136
92 152
92 153
92 155
92 163
92 165
92 168
92 178
92 179
92 186
92 189
92 196
92 214
92 219
92 224
92 227
92 234
92 236
92 238
92 239
93 6
93 12
93 19
93 22
93 24
93 29
93 30
93 33
93 37
93 40
93 41
93 47
93 54
93 59
93 63
93 65
93 67
93 75
93 85
93 86
93 98
93 100
93 106
93 108
93 127
93 132
93 143
93 153
93 156
93 159
93 160
93 165
93 169
93 170
93 178
93 180
93 181
93 183
93 185
93 192
93 196
93 198
93 199
93 200
93 205
93 208
93 210
93 211
93 212
93 214
93 218
93 229
93 233
93 236
93 239
94 0
94 1
94 3
94 12
94 13
94 16
94 20
94 21
94 27
94 35
94 40
94 41
94 43
94 45
94 50
94 63
94 71
94 76
94 78
94 79
94 99
94 102
94 106
94 113
94 115
94 118
94 131
94 134
94 136
94 137
94 138
94 139
94 140
94 141
94 152
94 153
94 155
94 162
94 163
94 164
94 165
94 166
94 170
94 174
94 192
94 197
94 200
94 203
94 217
94 218
94 223
94 226
94 234
94 236
94 239
95 0
95 6
95 9
95 14
95 19
95 21
95 30
95 34
95 36
95 37
95 41
95 52
95 53
95 62
95 71
95 72
95 74
95 77
95 83
95 87
95 108
95 120
95 127
95 145
95 156
95 161
95 176
95 178
95 179
95 184
95 188
95 192
95 198
95 208
95 209
95 213
95 215
95 222
95 223
95 225
95 230
95 231
95 235
95 238
96 1
96 7
96 9
96 10
96 15
96 16
96 18
96 39
96 47
96 49
96 53
96 55
96 57
96 61
96 62
96 69
96 77
96 79
96 80
96 87
96 105
96 111
96 112
96 115
96 119
96 122
96 126
96 132
96 133
96 134
96 142
96 150
96 157
96 159
96 164
96 165
96 166
96 169
96 171
96 175
96 176
96 177
96 187
96 192
96 194
96 195
96 197
96 207
96 209
96 221
96 230
96 232
96 234
96 236
97 9
97 18
97 19
97 20
97 22
97 28
97 35
97 39
97 46
97 51
97 53
97 56
97 62
97 64
97 67
97 69
97 85
97 89
97 93
97 95
97 107
97 110
97 111
97 115
97 119
97 123
97 127
97 131
97 141
97 165
97 173
97 178
97 179
97 183
97 186
97 188
97 192
97 194
97 195
97 205
97 206
97 214
97 217
97 228
97 233
98 2
98 4
98 10
98 13
98 14
98 16
98 27
98 30
98 32
98 33
98 48
98 51
98 67
98 72
98 79
98 90
98 97
98 99
98 106
98 107
98 121
98 123
98 128
98 139
98 140
98 144
98 165
98 172
98 175
98 180
98 187
98 197
98 198
98 209
98 211
98 216
98 219
98 222
98 224
98 225
98 227
98 230
98 231
99 2
99 3
99 4
99 9
99 13
99 22
99 31
99 38
99 41
99 52
99 61
99 67
99 68
99 71
99 72
99 76
99 78
99 79
99 88
99 91
99 101
99 104
99 119
99 122
99 125
99 126
99 131
99 132
99 137
99 141
99 148
99 158
99 159
99 166
99 168
99 176
99 181
99 193
99 204
99 206
99 208
99 216
99 219
99 224
99 237
99 238
100 7
100 13
100 23
100 27
100 52
100 63
100 65
100 72
100 78
100 82
100 84
100 85
100 90
100 91
100 101
100 107
100 108
100 111
100 113
100 117
100 120
100 131
100 139
100 144
100 145
100 147
100 151
100 156
100 157
100 165
100 167
100 171
100 180
100 185
100 186
100 187
100 192
100 197
100 203
100 208
100 216
100 219
100 220
100 226
100 235
100 239
101 3
101 8
101 13
101 16
101 18
101 29
101 38
101 39
101 61
101 64
101 69
101 70
101 73
101 79
101 81
101 82
101 85
101 87
101 88
101 89
101 93
101 100
101 101
101 103
101 107
101 113
101 118
101 122
101 127
101 128
101 129
101 135
101 140
101 141
101 142
101 148
101 170
101 183
101 184
101 187
101 192
101 194
101 196
101 216
101 219
101 220
101 223
101 232
101 236
102 3
102 4
102 11
102 12
102 23
102 26
102 34
102 41
102 49
102 53
102 56
102 60
102 66
102 73
102 78
102 81
102 82
102 90
102 104
102 106
102 108
102 119
102 121
102 122
102 124
102 128
102 138
102 140
102 149
102 151
102 152
102 162
102 169
102 172
102 175
102 191
102 193
102 196
102 213
102 216
102 224
102 226
102 235
103 2
103 15
103 16
103 22
103 24
103 36
103 43
103 50
103 51
103 53
103 66
103 68
103 72
103 76
103 88
103 93
103 97
103 99
103 101
103 106
103 112
103 117
103 118
103 119
103 133
103 134
103 138
103 150
103 153
103 155
103 157
103 160
103 171
103 174
103 179
103 180
103 189
103 196
103 206
103 207
103 211
103 212
103 218
103 226
103 233
103 236
104 6
104 10
104 12
104 14
104 18
104 31
104 32
104 41
104 56
104 57
104 62
104 66
104 68
104 69
104 75
104 76
104 82
104 84
104 86
104 90
104 94
104 95
104 96
104 98
104 100
104 110
104 114
104 121
104 123
104 138
104 141
104 143
104 148
104 149
104 151
104 153
104 160
104 176
104 177
104 183
104 191
104 197
104 213
104 216
104 226
105 12
105 16
105 17
105 20
105 23
105 28
105 35
105 36
105 42
105 48
105 49
105 57
105 63
105 70
105 71
105 93
105 97
105 103
105 105
105 111
105 121
105 126
105 128
105 132
105 133
105 136
105 150
105 151
105 159
105 168
105 174
105 176
105 177
105 179
105 191
105 193
105 197
105 200
105 205
105 207
105 210
105 224
105 239
106 9
106 11
106 12
106 18
106 24
106 25
106 28
106 31
106 37
106 38
106 48
106 49
106 53
106 57
106 61
106 68
106 79
106 85
106 94
106 95
106 97
106 100
106 103
106 108
106 109
106 116
106 123
106 124
106 132
106 133
106 137
106 148
106 152
106 170
106 171
106 174
106 177
106 181
106 183
106 185
106 188
106 196
106 202
106 206
106 207
106 211
106 213
106 219
106 220
106 226
106 230
106 232
107 17
107 18
107 19
107 22
107 24
107 31
107 35
107 36
107 56
107 66
107 70
107 81
107 82
107 83
107 86
107 93
107 94
107 102
107 111
107 118
107 123
107 135
107 149
107 153
107 156
107 166
107 178
107 181
107 186
107 188
107 197
107 198
107 201
107 208
107 216
107 218
107 228
107 230
107 231
107 232
107 234
107 238
107 239
108 2
108 12
108 18
108 23
108 25
108 30
108 45
108 49
108 50
108 62
108 82
108 84
108 89
108 91
108 99
108 101
108 109
108 113
108 114
108 116
108 118
108 122
108 125
108 135
108 139
108 141
108 144
108 150
108 156
108 157
108 166
108 176
108 181
108 185
108 188
108 190
108 192
108 203
108 204
108 205
108 206
108 207
108 208
108 214
108 218
108 224
108 226
109 0
109 10
109 18
109 19
109 33
109 35
109 39
109 43
109 48
109 59
109 65
109 66
109 67
109 75
109 78
109 80
109 89
109 93
109 94
109 95
109 105
109 120
109 127
109 134
109 137
109 138
109 142
109 146
109 148
109 150
109 153
109 156
109 163
109 166
109 170
109 178
109 179
109 184
109 186
109 203
109 206
109 207
109 211
109 215
109 217
109 220
109 229
109 232
110 3
110 12
110 13
110 22
110 25
110 27
110 29
110 31
110 32
110 41
110 44
110 50
110 54
110 58
110 59
110 68
110 71
110 72
110 73
110 75
110 87
110 89
110 92
110 98
110 113
110 118
110 126
110 128
110 133
110 137
110 138
110 142
110 146
110 148
110 149
110 166
110 167
110 168
110 174
110 176
110 179
110 182
110 184
110 189
110 201
110 213
110 217
110 222
110 224
110 227
110 235
110 236
111 6
111 7
111 16
111 39
111 41
111 42
111 45
111 51
111 54
111 55
111 57
111 60
111 63
111 65
111 66
111 70
111 72
111 74
111 75
111 85
111 93
111 94
111 96
111 106
111 107
111 108
111 110
111 124
111 127
111 128
111 129
111 132
111 139
111 143
111 148
111 160
111 163
111 174
111 175
111 178
111 184
111 191
111 195
111 199
111 205
111 221
111 228
111 229
111 235
112 0
112 4
112 15
112 18
112 19
112 23
112 24
112 30
112 49
112 50
112 53
112 72
112 73
112 75
112 81
112 88
112 95
112 102
112 106
112 109
112 111
112 112
112 116
112 129
112 135
112 137
112 138
112 142
112 148
112 152
112 163
112 164
112 166
112 167
112 168
112 169
112 172
112 173
112 182
112 183
112 184
112 185
112 201
112 205
112 207
112 209
112 215
112 216
112 223
112 224
112 229
112 231
112 236
113 2
113 11
113 13
113 22
113 27
113 40
113 43
113 45
113 48
113 64
113 69
113 71
113 73
113 79
113 87
113 88
113 99
113 101
113 103
113 108
113 110
113 123
113 127
113 131
113 134
113 139
113 145
113 146
113 156
113 165
113 169
113 174
113 178
113 197
113 199
113 204
113 206
113 222
113 226
113 227
113 236
113 237
114 0
114 1
114 3
114 6
114 12
114 14
114 24
114 42
114 45
114 47
114 52
114 53
114 56
114 84
114 86
114 87
114 89
114 92
114 94
114 105
114 106
114 112
114 115
114 119
114 123
114 128
114 132
114 134
114 136
114 137
114 147
114 149
114 155
114 161
114 162
114 163
114 166
114 174
114 177
114 180
114 181
114 185
114 198
114 211
114 214
114 215
114 217
114 219
114 220
114 232
114 234
115 3
115 4
115 7
115 9
115 19
115 24
115 30
115 32
115 39
115 45
115 48
115 49
115 51
115 54
115 57
115 61
115 62
115 64
115 66
115 67
115 71
115 72
115 79
115 82
115 89
115 92
115 99
115 100
115 103
115 107
115 114
115 116
115 123
115 126
115 127
115 129
115 134
115 138
115 141
115 144
115 145
115 161
115 164
115 167
115 171
115 182
115 189
115 191
115 197
115 198
115 203
115 208
115 209
115 214
115 215
115 217
115 219
115 223
115 226
115 233
115 239
116 2
116 11
116 15
116 21
116 22
116 33
116 40
116 51
116 56
116 58
116 62
116 63
116 65
116 70
116 78
116 84
116 98
116 104
116 123
116 126
116 127
116 139
116 149
116 153
116 157
116 160
116 161
116 178
116 185
116 187
116 205
116 210
116 215
116 219
116 234
116 239
117 3
117 4
117 8
117 14
117 21
117 23
117 28
117 35
117 37
117 45
117 47
117 50
117 60
117 62
117 63
117 64
117 67
117 77
117 78
117 79
117 83
117 85
117 90
117 93
117 94
117 95
117 100
117 107
117 114
117 119
117 122
117 124
117 127
117 139
117 148
117 149
117 152
117 158
117 163
117 164
117 172
117 173
117 174
117 180
117 182
117 186
117 197
117 203
117 204
117 216
117 233
117 234
117 236
117 238
118 5
118 7
118 8
118 15
118 18
118 21
118 23
118 25
118 28
118 32
118 40
118 41
118 53
118 55
118 57
118 61
118 62
118 64
118 72
118 82
118 84
118 91
118 102
118 105
118 107
118 110
118 111
118 113
118 119
118 126
118 127
118 130
118 145
118 149
118 154
118 161
118 163
118 171
118 173
118 182
118 183
118 190
118 193
118 194
118 201
118 202
118 204
118 205
118 218
118 222
118 226
118 228
119 3
119 5
119 11
119 12
119 18
119 21
119 28
119 34
119 37
119 45
119 54
119 68
119 76
119 79
119 87
119 88
119 92
119 95
119 96
119 101
119 105
119 107
119 108
119 109
119 111
119 117
119 120
119 123
119 131
119 133
119 134
119 141
119 142
119 143
119 147
119 151
119 153
119 154
119 159
119 160
119 161
119 163
119 164
119 167
119 174
119 185
119 188
119 199
119 200
119 202
119 205
119 214
119 218
119 220
119 224
119 225
119 226
119 232
119 233
119 235
120 9
120 10
120 12
120 13
120 20
120 23
120 28
120 30
120 40
120 45
120 47
120 53
120 55
120 64
120 67
120 69
120 71
120 74
120 78
120 93
120 97
120 108
120 109
120 115
120 116
120 117
120 118
120 123
120 125
120 139
120 151
120 161
120 162
120 165
120 166
120 167
120 170
120 173
120 178
120 187
120 193
120 195
120 202
120 208
120 210
120 213
120 223
120 226
120 234
120 235
120 237
121 3
121 4
121 5
121 6
121 8
121 12
121 13
121 15
121 18
121 24
121 47
121 60
121 63
121 70
121 76
121 80
121 81
121 85
121 88
121 94
121 98
121 113
121 122
121 126
121 127
121 129
121 138
121 142
121 145
121 148
121 151
121 153
121 159
121 170
121 177
121 178
121 183
121 184
121 186
121 188
121 189
121 199
121 201
121 202
121 208
121 209
121 216
121 217
121 224
121 225
121 227
121 232
121 235
121 239
122 2
122 13
122 24
122 34
122 36
122 46
122 50
122 53
122 54
122 71
122 79
122 82
122 83
122 87
122 88
122 92
122 93
122 103
122 109
122 112
122 127
122 128
122 144
122 146
122 150
122 154
122 156
122 162
122 165
122 168
122 176
122 177
122 182
122 187
122 191
122 193
122 194
122 201
122 202
122 209
122 213
122 229
122 234
122 236
123 5
123 8
123 9
123 12
123 13
123 19
123 20
123 22
123 23
123 25
123 28
123 31
123 32
123 33
123 37
123 42
123 47
123 50
123 53
123 57
123 58
123 70
123 74
123 76
123 78
123 80
123 82
123 85
123 86
123 96
123 97
123 101
123 107
123 113
123 115
123 116
123 117
123 120
123 125
123 126
123 129
123 136
123 144
123 145
123 146
123 153
123 156
123 158
123 163
123 174
123 179
123 180
123 183
123 184
123 185
123 186
123 190
123 191
123 197
123 202
123 210
123 211
123 212
123 219
123 221
123 225
124 1
124 8
124 18
124 28
124 30
124 35
124 38
124 48
124 60
124 61
124 63
124 68
124 71
124 72
124 74
124 85
124 92
124 98
124 99
124 101
124 102
124 105
124 114
124 115
124 120
124 122
124 130
124 134
124 136
124 139
124 149
124 150
124 152
124 154
124 156
124 157
124 165
124 167
124 168
124 191
124 196
124 205
124 212
124 220
124 221
124 226
124 227
124 230
124 234
124 239
125 2
125 7
125 16
125 22
125 32
125 33
125 36
125 39
125 52
125 53
125 56
125 58
125 66
125 69
125 81
125 85
125 87
125 100
125 101
125 102
125 108
125 111
125 117
125 120
125 122
125 125
125 126
125 127
125 130
125 138
125 142
125 147
125 150
125 151
125 152
125 154
125 155
125 173
125 174
125 181
125 183
125 196
125 197
125 199
125 201
125 208
125 209
125 212
125 215
125 218
125 221
125 226
125 230
125 231
125 235
126 2
126 10
126 12
126 17
126 22
126 24
126 39
126 50
126 51
126 52
126 53
126 55
126 58
126 59
126 66
126 71
126 79
126 82
126 87
126 102
126 109
126 112
126 118
126 134
126 139
126 142
126 145
126 152
126 174
126 176
126 177
126 181
126 191
126 197
126 204
126 207
126 213
126 217
126 218
126 221
126 231
126 233
126 238
126 239
127 4
127 11
127 15
127 16
127 21
127 25
127 26
127 37
127 44
127 50
127 52
127 61
127 63
127 64
127 65
127 68
127 70
127 89
127 91
127 95
127 101
127 105
127 108
127 113
127 117
127 119
127 124
127 125
127 126
127 129
127 135
127 140
127 146
127 149
127 160
127 162
127 167
127 171
127 173
127 175
127 199
127 203
127 204
127 207
127 221
127 228
127 231
127 236
127 239
128 6
128 7
128 11
128 16
128 24
128 30
128 32
128 34
128 41
128 43
128 50
128 65
128 67
128 71
128 72
128 74
128 80
128 84
128 94
128 96
128 98
128 99
128 103
128 105
128 107
128 108
128 113
128 114
128 117
128 121
128 124
128 139
128 147
128 149
128 151
128 153
128 154
128 163
128 167
128 170
128 174
128 177
128 186
128 192
128 194
128 200
128 202
128 204
128 213
128 222
128 224
128 228
128 230
128 234
128 239
129 0
129 8
129 12
129 13
129 22
129 25
129 30
129 31
129 36
129 37
129 38
129 54
129 57
129 64
129 75
129 80
129 85
129 88
129 101
129 119
129 130
129 141
129 149
129 152
129 159
129 164
129 175
129 178
129 182
129 191
129 194
129 198
129 200
129 209
129 210
129 214
129 216
129 219
129 221
129 223
129 225
129 230
129 235
130 11
130 17
130 19
130 21
130 23
130 36
130 48
130 62
130 72
130 77
130 79
130 82
130 83
130 86
130 88
130 89
130 90
130 95
130 101
130 102
130 104
130 105
130 107
130 109
130 111
130 114
130 124
130 129
130 131
130 138
130 157
130 158
130 161
130 162
130 167
130 170
130 176
130 182
130 188
130 192
130 206
130 207
130 218
131 3
131 4
131 5
131 8
131 11
131 16
131 17
131 18
131 28
131 34
131 41
131 62
131 64
131 69
131 74
131 91
131 94
131 102
131 107
131 108
131 109
131 127
131 142
131 144
131 151
131 159
131 164
131 172
131 173
131 175
131 177
131 190
131 193
131 194
131 195
131 205
131 211
131 217
131 227
131 235
132 1
132 2
132 4
132 5
132 14
132 17
132 24
132 25
132 29
132 31
132 32
132 41
132 58
132 64
132 70
132 71
132 76
132 83
132 85
132 93
132 96
132 97
132 104
132 105
132 113
132 114
132 125
132 126
132 127
132 130
132 132
132 136
132 141
132 144
132 153
132 156
132 163
132 164
132 168
132 169
132 173
132 178
132 185
132 189
132 203
132 212
132 223
132 227
132 229
133 0
133 2
133 6
133 7
133 8
133 11
133 23
133 29
133 31
133 38
133 47
133 52
133 60
133 65
133 69
133 70
133 79
133 90
133 91
133 96
133 101
133 104
133 107
133 112
133 115
133 116
133 118
133 121
133 126
133 128
133 135
133 142
133 144
133 149
133 155
133 156
133 162
133 170
133 181
133 197
133 202
133 206
133 207
133 208
133 211
133 217
133 221
133 225
133 237
133 239
134 5
134 7
134 16
134 19
134 23
134 28
134 40
134 43
134 48
134 59
134 60
134 67
134 70
134 74
134 76
134 80
134 89
134 94
134 101
134 112
134 134
134 144
134 151
134 155
134 173
134 174
134 184
134 185
134 201
134 206
134 214
134 215
134 220
134 222
134 231
134 233
135 4
135 15
135 19
135 23
135 25
135 40
135 42
135 49
135 51
135 57
135 58
135 64
135 66
135 69
135 72
135 93
135 95
135 106
135 107
135 108
135 109
135 110
135 112
135 116
135 122
135 137
135 140
135 149
135 153
135 154
135 155
135 167
135 178
135 184
135 188
135 191
135 205
135 209
135 214
135 216
135 218
135 222
135 227
135 239
136 4
136 8
136 10
136 15
136 18
136 21
136 22
136 25
136 31
136 41
136 49
136 51
136 52
136 58
136 59
136 61
136 63
136 64
136 70
136 74
136 75
136 81
136 82
136 85
136 105
136 119
136 127
136 133
136 135
136 137
136 140
136 147
136 148
136 151
136 155
136 166
136 174
136 177
136 178
136 179
136 183
136 185
136 187
136 190
136 191
136 193
136 202
136 203
136 205
136 207
136 227
136 231
137 0
137 7
137 8
137 12
137 14
137 16
137 21
137 28
137 32
137 55
137 58
137 59
137 66
137 72
137 73
137 81
137 85
137 92
137 96
137 100
137 106
137 112
137 116
137 117
137 125
137 131
137 134
137 139
137 151
137 154
137 155
137 157
137 169
137 172
137 173
137 175
137 182
137 187
137 204
137 205
137 206
137 207
137 211
137 214
137 216
137 217
137 224
138 4
138 10
138 25
138 27
138 36
138 40
138 43
138 55
138 63
138 65
138 74
138 83
138 84
138 85
138 90
138 93
138 95
138 106
138 107
138 112
138 121
138 123
138 127
138 134
138 136
138 137
138 139
138 141
138 142
138 148
138 153
138 155
138 158
138 159
138 162
138 165
138 166
138 169
138 171
138 174
138 182
138 186
138 187
138 192
138 195
138 208
138 211
138 215
138 219
138 222
138 231
138 232
138 233
138 238
139 12
139 18
139 21
139 28
139 29
139 34
139 46
139 48
139 49
139 51
139 63
139 70
139 85
139 86
139 101
139 103
139 120
139 122
139 136
139 143
139 150
139 152
139 153
139 155
139 157
139 162
139 166
139 177
139 191
139 195
139 211
139 216
139 225
139 235
139 236
140 1
140 6
140 7
140 14
140 43
140 48
140 50
140 58
140 62
140 69
140 72
140 74
140 89
140 98
140 104
140 116
140 118
140 126
140 144
140 146
140 147
140 160
140 169
140 170
140 173
140 174
140 176
140 177
140 178
140 179
140 185
140 193
140 196
140 197
140 198
140 205
140 209
140 222
140 225
141 0
141 6
141 19
141 28
141 32
141 40
141 46
141 51
141 54
141 56
141 57
141 61
141 76
141 81
141 85
141 87
141 91
141 93
141 95
141 106
141 107
141 108
141 121
141 123
141 132
141 136
141 148
141 150
141 153
141 154
141 166
141 178
141 189
141 193
141 197
141 204
141 207
141 228
141 237
142 2
142 7
142 10
142 22
142 26
142 28
142 37
142 50
142 53
142 56
142 59
142 62
142 67
142 68
142 70
142 72
142 75
142 81
142 85
142 91
142 92
142 95
142 98
142 99
142 100
142 101
142 108
142 128
142 129
142 134
142 137
142 138
142 139
142 149
142 151
142 155
142 158
142 162
142 163
142 175
142 176
142 183
142 193
142 194
142 195
142 198
142 207
142 212
142 220
142 225
142 228
142 233
142 234
142 237
143 9
143 11
143 15
143 21
143 22
143 24
143 27
143 34
143 37
143 38
143 42
143 48
143 49
143 52
143 58
143 66
143 68
143 73
143 74
143 77
143 79
143 83
143 92
143 94
143 96
143 98
143 100
143 115
143 116
143 117
143 118
143 121
143 128
143 129
143 136
143 142
143 150
143 178
143 181
143 183
143 207
143 212
143 219
143 223
143 226
143 235
143 237
144 0
144 8
144 9
144 19
144 26
144 29
144 33
144 36
144 37
144 38
144 44
144 48
144 49
144 90
144 105
144 106
144 108
144 114
144 118
144 121
144 126
144 133
144 134
144 141
144 152
144 154
144 155
144 157
144 158
144 165
144 170
144 171
144 173
144 176
144 177
144 186
144 188
144 196
144 197
144 206
144 214
144 219
144 230
144 234
144 237
144 239
145 0
145 10
145 36
145 38
145 39
145 41
145 43
145 47
145 48
145 54
145 63
145 68
145 77
145 79
145 83
145 86
145 89
145 97
145 101
145 106
145 107
145 109
145 114
145 118
145 119
145 120
145 121
145 122
145 127
145 133
145 137
145 150
145 154
145 158
145 176
145 185
145 186
145 193
145 194
145 195
145 203
145 209
145 213
145 219
145 221
145 229
145 231
145 235
145 237
146 3
146 9
146 18
146 20
146 24
146 25
146 26
146 30
146 38
146 40
146 41
146 46
146 49
146 51
146 59
146 69
146 71
146 75
146 77
146 80
146 89
146 93
146 97
146 98
146 103
146 105
146 110
146 117
146 118
146 123
146 129
146 130
146 133
146 135
146 140
146 156
146 165
146 168
146 169
146 174
146 175
146 180
146 186
146 188
146 192
146 197
146 201
146 207
146 215
146 218
146 223
146 231
146 237
147 6
147 9
147 19
147 21
147 23
147 26
147 29
147 31
147 35
147 40
147 47
147 51
147 59
147 66
147 80
147 84
147 86
147 87
147 89
147 90
147 94
147 101
147 102
147 112
147 113
147 117
147 126
147 128
147 133
147 134
147 141
147 143
147 146
147 149
147 161
147 163
147 167
147 179
147 181
147 183
147 184
147 189
147 190
147 198
147 201
147 217
147 219
147 220
147 223
147 227
147 234
148 10
148 13
148 16
148 24
148 27
148 37
148 40
148 41
148 42
148 44
148 47
148 49
148 50
148 52
148 53
148 54
148 56
148 57
148 73
148 81
148 88
148 102
148 109
148 113
148 121
148 127
148 132
148 140
148 142
148 149
148 158
148 160
148 161
148 162
148 168
148 172
148 194
148 198
148 200
148 205
148 209
148 210
148 212
148 214
148 215
148 220
148 221
148 227
148 231
148 236
148 239
149 3
149 4
149 11
149 12
149 18
149 21
149 25
149 27
149 29
149 47
149 50
149 55
149 68
149 76
149 80
149 82
149 86
149 88
149 90
149 93
149 94
149 95
149 99
149 111
149 115
149 126
149 134
149 138
149 139
149 143
149 146
149 155
149 164
149 170
149 185
149 186
149 187
149 189
149 206
149 213
149 217
149 219
149 220
149 226
149 233
149 235
149 236
149 237
150 2
150 7
150 16
150 17
150 24
150 25
150 30
150 32
150 41
150 45
150 53
150 55
150 67
150 72
150 81
150 82
150 125
150 129
150 133
150 135
150 137
150 139
150 156
150 184
150 186
150 189
150 194
150 201
150 218
150 226
150 235
151 1
151 4
151 17
151 18
151 19
151 25
151 27
151 37
151 40
151 44
151 56
151 57
151 64
151 70
151 71
151 74
151 82
151 99
151 102
151 104
151 105
151 106
151 114
151 119
151 130
151 131
151 135
151 144
151 145
151 146
151 155
151 156
151 169
151 170
151 174
151 176
151 177
151 181
151 188
151 190
151 203
151 215
151 218
151 231
151 233
151 236
151 237
152 5
152 9
152 12
152 18
152 20
152 22
152 27
152 30
152 33
152 43
152 46
152 51
152 64
152 73
152 75
152 92
152 97
152 99
152 108
152 112
152 116
152 119
152 121
152 122
152 124
152 128
152 135
152 140
152 145
152 150
152 152
152 157
152 158
152 165
152 166
152 177
152 185
152 187
152 198
152 200
152 203
152 210
152 212
152 218
152 223
152 235
152 236
152 238
153 3
153 10
153 14
153 31
153 33
153 36
153 38
153 43
153 55
153 61
153 66
153 69
153 76
153 79
153 95
153 97
153 98
153 101
153 104
153 112
153 114
153 115
153 121
153 122
153 131
153 142
153 143
153 151
153 154
153 159
153 164
153 166
153 167
153 171
153 175
153 177
153 183
153 187
153 194
153 196
153 199
153 215
153 217
153 227
153 228
153 236
154 1
154 6
154 12
154 15
154 18
154 24
154 29
154 30
154 31
154 35
154 38
154 42
154 43
154 51
154 55
154 59
154 67
154 69
154 74
154 75
154 82
154 85
154 91
154 96
154 103
154 107
154 112
154 113
154 128
154 132
154 133
154 142
154 143
154 144
154 153
154 156
154 157
154 158
154 160
154 163
154 168
154 173
154 182
154 183
154 184
154 185
154 186
154 188
154 191
154 205
154 208
154 210
154 212
154 213
154 224
154 231
154 239
155 6
155 7
155 18
155 20
155 28
155 41
155 42
155 46
155 49
155 56
155 65
155 68
155 70
155 73
155 81
155 89
155 90
155 105
155 108
155 121
155 127
155 128
155 131
155 137
155 141
155 142
155 155
155 162
155 170
155 189
155 212
155 213
155 214
155 215
155 218
155 219
155 225
155 228
155 231
155 232
155 233
156 4
156 7
156 10
156 12
156 17
156 25
156 50
156 56
156 62
156 69
156 70
156 72
156 74
156 75
156 76
156 77
156 79
156 82
156 85
156 90
156 91
156 92
156 111
156 118
156 121
156 125
156 129
156 153
156 155
156 161
156 166
156 172
156 175
156 184
156 191
156 196
156 198
156 199
156 202
156 231
156 233
156 239
157 0
157 10
157 11
157 18
157 21
157 25
157 34
157 36
157 43
157 53
157 63
157 64
157 69
157 72
157 76
157 78
157 81
157 84
157 87
157 93
157 98
157 101
157 102
157 111
157 122
157 123
157 135
157 145
157 153
157 158
157 159
157 163
157 171
157 172
157 178
157 179
157 188
157 193
157 194
157 195
157 197
157 204
157 224
157 225
157 226
157 228
157 229
157 230
157 234
157 235
158 2
158 3
158 5
158 13
158 17
158 24
158 28
158 29
158 30
158 33
158 43
158 46
158 52
158 57
158 59
158 63
158 80
158 84
158 86
158 88
158 93
158 94
158 96
158 98
158 99
158 108
158 114
158 125
158 129
158 135
158 137
158 138
158 140
158 144
158 147
158 149
158 151
158 152
158 154
158 161
158 162
158 164
158 167
158 168
158 169
158 176
158 182
158 186
158 187
158 195
158 197
158 202
158 207
158 212
158 218
158 227
158 236
159 1
159 2
159 3
159 13
159 15
159 16
159 17
159 21
159 24
159 28
159 30
159 32
159 37
159 51
159 55
159 58
159 66
159 72
159 74
159 85
159 89
159 90
159 94
159 99
159 106
159 109
159 110
159 122
159 124
159 126
159 138
159 140
159 145
159 148
159 158
159 162
159 167
159 171
159 176
159 180
159 186
159 188
159 189
159 194
159 196
159 197
159 201
159 205
159 215
159 221
159 232
159 233
160 10
160 37
160 52
160 60
160 77
160 82
160 84
160 96
160 100
160 102
160 106
160 109
160 115
160 119
160 121
160 129
160 130
160 131
160 142
160 146
160 152
160 158
160 161
160 165
160 176
160 178
160 186
160 201
160 212
160 220
160 222
160 229
160 237
160 239
161 3
161 6
161 13
161 21
161 22
161 23
161 26
161 27
161 33
161 36
161 38
161 41
161 46
161 54
161 55
161 59
161 65
161 74
161 76
161 77
161 79
161 85
161 87
161 89
161 94
161 103
161 115
161 121
161 126
161 127
161 133
161 139
161 164
161 167
161 168
161 175
161 177
161 178
161 182
161 183
161 187
161 188
161 193
161 195
161 204
161 208
161 209
161 213
161 215
161 220
161 223
161 226
161 236
161 238
162 5
162 12
162 13
162 14
162 20
162 24
162 25
162 29
162 39
162 53
162 58
162 75
162 87
162 90
162 91
162 92
162 96
162 103
162 107
162 111
162 112
162 114
162 119
162 121
162 122
162 129
162 138
162 139
162 153
162 158
162 163
162 170
162 184
162 188
162 190
162 207
162 212
162 219
162 227
162 229
162 238
163 0
163 1
163 4
163 10
163 12
163 15
163 16
163 24
163 25
163 28
163 33
163 41
163 42
163 43
163 50
163 75
163 76
163 85
163 99
163 103
163 109
163 126
163 127
163 128
163 129
163 130
163 138
163 144
163 146
163 156
163 160
163 165
163 172
163 176
163 185
163 186
163 196
163 201
163 209
163 214
163 219
163 225
163 228
163 232
163 236
164 0
164 3
164 19
164 29
164 31
164 35
164 40
164 49
164 54
164 58
164 62
164 66
164 68
164 70
164 81
164 88
164 95
164 103
164 118
164 119
164 125
164 133
164 142
164 145
164 147
164 160
164 164
164 167
164 173
164 184
164 196
164 202
164 205
164 218
164 229
164 232
164 233
165 3
165 4
165 7
165 9
165 12
165 16
165 19
165 20
165 24
165 31
165 33
165 54
165 55
165 68
165 73
165 77
165 83
165 90
165 99
165 101
165 102
165 107
165 111
165 112
165 123
165 138
165 145
165 146
165 148
165 149
165 155
165 156
165 158
165 179
165 180
165 209
165 210
165 213
165 215
165 220
165 221
165 229
165 236
165 237
165 238
166 3
166 10
166 12
166 14
166 19
166 26
166 28
166 31
166 41
166 56
166 57
166 63
166 75
166 80
166 86
166 87
166 91
166 105
166 109
166 111
166 115
166 116
166 124
166 135
166 148
166 158
166 159
166 164
166 166
166 168
166 169
166 171
166 177
166 179
166 191
166 195
166 198
166 199
166 200
166 203
166 214
166 217
166 220
166 222
166 235
166 239
167 4
167 13
167 14
167 15
167 20
167 21
167 26
167 33
167 35
167 45
167 56
167 57
167 66
167 76
167 82
167 85
167 100
167 103
167 105
167 111
167 114
167 122
167 128
167 140
167 143
167 149
167 156
167 158
167 164
167 172
167 175
167 185
167 190
167 205
167 211
167 212
167 214
167 219
167 228
167 229
167 237
168 4
168 9
168 12
168 15
168 17
168 22
168 26
168 28
168 35
168 42
168 53
168 62
168 65
168 67
168 69
168 70
168 72
168 78
168 79
168 83
168 84
168 95
168 101
168 108
168 114
168 116
168 137
168 138
168 141
168 147
168 159
168 163
168 164
168 167
168 168
168 170
168 177
168 179
168 182
168 183
168 186
168 188
168 195
168 200
168 206
168 208
168 213
168 214
168 216
168 227
168 229
168 233
168 238
169 2
169 6
169 16
169 21
169 23
169 25
169 29
169 32
169 38
169 46
169 48
169 49
169 50
169 67
169 74
169 75
169 81
169 85
169 89
169 91
169 108
169 110
169 111
169 113
169 114
169 124
169 127
169 134
169 138
169 139
169 140
169 156
169 158
169 165
169 169
169 170
169 175
169 176
169 178
169 188
169 189
169 190
169 192
169 194
169 195
169 198
169 200
169 204
169 205
169 213
169 218
169 221
169 223
169 226
169 234
169 235
169 238
170 5
170 7
170 9
170 15
170 17
170 23
170 30
170 39
170 48
170 52
170 58
170 60
170 63
170 76
170 81
170 85
170 88
170 90
170 98
170 110
170 118
170 120
170 132
170 153
170 154
170 158
170 159
170 162
170 169
170 176
170 194
170 196
170 198
170 201
170 204
170 205
170 207
170 213
170 228
170 234
171 2
171 8
171 28
171 34
171 37
171 51
171 62
171 63
171 64
171 65
171 68
171 80
171 90
171 92
171 101
171 102
171 119
171 120
171 122
171 131
171 132
171 135
171 142
171 146
171 147
171 151
171 160
171 170
171 175
171 178
171 180
171 183
171 184
171 189
171 191
171 193
171 198
171 200
171 201
171 206
171 214
171 220
171 224
171 225
171 228
171 236
171 239
172 0
172 6
172 7
172 8
172 15
172 18
172 25
172 26
172 28
172 31
172 36
172 49
172 53
172 56
172 59
172 67
172 80
172 88
172 90
172 94
172 96
172 98
172 99
172 100
172 108
172 114
172 121
172 124
172 127
172 143
172 157
172 159
172 164
172 165
172 168
172 173
172 175
172 181
172 183
172 192
172 193
172 199
172 200
172 203
172 206
172 207
172 211
172 218
172 224
172 231
172 236
173 0
173 4
173 10
173 14
173 15
173 18
173 23
173 25
173 26
173 31
173 48
173 57
173 61
173 74
173 89
173 94
173 101
173 104
173 106
173 112
173 119
173 120
173 122
173 124
173 125
173 129
173 131
173 133
173 135
173 142
173 143
173 147
173 157
173 161
173 182
173 185
173 187
173 188
173 197
173 199
173 203
173 205
173 210
173 217
173 220
173 225
173 227
173 229
173 235
174 1
174 6
174 7
174 8
174 12
174 21
174 22
174 27
174 35
174 36
174 47
174 52
174 53
174 56
174 60
174 81
174 89
174 92
174 113
174 114
174 116
174 120
174 124
174 127
174 131
174 134
174 138
174 139
174 145
174 147
174 149
174 155
174 156
174 161
174 168
174 179
174 184
174 186
174 193
174 205
174 210
174 212
174 215
174 218
174 223
174 229
174 230
174 234
175 0
175 13
175 17
175 27
175 54
175 56
175 59
175 65
175 66
175 67
175 73
175 78
175 82
175 84
175 90
175 97
175 103
175 104
175 116
175 125
175 127
175 139
175 140
175 141
175 143
175 145
175 146
175 151
175 155
175 156
175 162
175 163
175 164
175 172
175 174
175 175
175 187
175 191
175 199
175 208
175 215
175 216
175 230
175 234
175 235
175 239
176 9
176 11
176 23
176 26
176 29
176 33
176 37
176 40
176 42
176 46
176 57
176 58
176 62
176 65
176 67
176 74
176 75
176 78
176 85
176 86
176 100
176 102
176 110
176 119
176 122
176 134
176 137
176 142
176 153
176 154
176 163
176 165
176 168
176 194
176 199
176 203
176 210
176 213
176 223
176 226
176 227
176 229
176 233
176 235
177 13
177 21
177 24
177 25
177 26
177 27
177 32
177 33
177 34
177 35
177 40
177 48
177 49
177 51
177 57
177 67
177 72
177 87
177 89
177 97
177 100
177 107
177 110
177 115
177 116
177 117
177 118
177 128
177 131
177 132
177 135
177 137
177 139
177 140
177 143
177 150
177 151
177 165
177 183
177 191
177 192
177 199
177 201
177 202
177 204
177 209
177 217
177 221
177 222
177 225
178 1
178 3
178 4
178 5
178 8
178 9
178 10
178 11
178 17
178 19
178 25
178 27
178 30
178 31
178 37
178 40
178 43
178 47
178 48
178 49
178 50
178 59
178 60
178 62
178 69
178 77
178 83
178 89
178 96
178 102
178 103
178 113
178 115
178 116
178 119
178 125
178 130
178 137
178 139
178 140
178 145
178 155
178 156
178 164
178 167
178 175
178 182
178 183
178 189
178 192
178 201
178 213
178 214
178 215
178 217
178 220
178 231
178 235
178 236
178 238
178 239
179 6
179 10
179 12
179 18
179 22
179 23
179 46
179 47
179 51
179 52
179 59
179 72
179 77
179 78
179 79
179 81
179 96
179 98
179 104
179 107
179 109
179 110
179 118
179 119
179 120
179 130
179 143
179 147
179 148
179 149
179 150
179 152
179 156
179 163
179 170
179 179
179 181
179 184
179 185
179 193
179 195
179 201
179 202
179 208
179 217
179 221
179 223
179 239
180 0
180 6
180 7
180 8
180 10
180 26
180 31
180 40
180 53
180 54
180 59
180 61
180 67
180 72
180 73
180 82
180 87
180 89
180 98
180 104
180 105
180 113
180 118
180 121
180 145
180 149
180 155
180 158
180 162
180 163
180 176
180 180
180 184
180 195
180 196
180 200
180 212
180 220
180 222
180 225
180 228
180 231
180 232
180 235
180 237
180 239
181 6
181 7
181 13
181 14
181 16
181 18
181 21
181 25
181 27
181 28
181 37
181 41
181 44
181 46
181 48
181 51
181 56
181 60
181 69
181 71
181 86
181 89
181 90
181 92
181 95
181 97
181 100
181 108
181 109
181 119
181 122
181 124
181 130
181 138
181 150
181 151
181 156
181 163
181 166
181 175
181 179
181 180
181 186
181 187
181 188
181 191
181 196
181 197
181 203
181 210
181 212
181 215
181 226
181 228
181 231
181 234
181 235
181 238
181 239
182 11
182 16
182 20
182 26
182 33
182 42
182 43
182 52
182 53
182 56
182 58
182 67
182 73
182 74
182 75
182 79
182 81
182 87
182 94
182 99
182 102
182 107
182 117
182 125
182 131
182 137
182 138
182 140
182 146
182 148
182 149
182 150
182 162
182 164
182 172
182 173
182 179
182 180
182 184
182 187
182 194
182 198
182 213
182 214
182 221
182 222
182 226
182 230
182 234
182 238
183 2
183 9
183 11
183 19
183 20
183 26
183 28
183 29
183 40
183 45
183 48
183 52
183 59
183 63
183 74
183 79
183 84
183 98
183 105
183 114
183 115
183 116
183 129
183 131
183 134
183 137
183 154
183 159
183 160
183 161
183 162
183 183
183 190
183 197
183 199
183 203
183 205
183 207
183 210
183 214
183 218
183 225
183 228
183 231
183 235
183 237
184 1
184 5
184 15
184 18
184 20
184 22
184 31
184 33
184 34
184 37
184 38
184 39
184 41
184 50
184 52
184 54
184 57
184 58
184 65
184 66
184 67
184 71
184 74
184 77
184 88
184 94
184 97
184 104
184 111
184 114
184 121
184 126
184 138
184 141
184 143
184 147
184 149
184 154
184 158
184 160
184 164
184 165
184 166
184 171
184 174
184 178
184 179
184 190
184 192
184 202
184 206
184 215
184 221
184 235
184 236
184 237
185 2
185 3
185 4
185 6
185 9
185 10
185 14
185 17
185 27
185 32
185 38
185 39
185 42
185 46
185 48
185 49
185 52
185 56
185 60
185 64
185 69
185 70
185 76
185 78
185 80
185 82
185 95
185 96
185 101
185 102
185 103
185 104
185 120
185 121
185 123
185 143
185 147
185 148
185 156
185 157
185 163
185 176
185 179
185 184
185 190
185 195
185 203
185 204
185 208
185 210
185 212
185 213
185 220
185 223
185 226
185 229
185 237
185 239
186 1
186 2
186 4
186 25
186 27
186 43
186 50
186 53
186 54
186 61
186 78
186 83
186 86
186 92
186 95
186 99
186 102
186 106
186 113
186 114
186 115
186 120
186 130
186 140
186 143
186 146
186 150
186 159
186 163
186 169
186 185
186 186
186 189
186 195
186 201
186 202
186 207
186 213
186 214
186 226
186 233
186 235
186 236
187 4
187 8
187 12
187 19
187 21
187 24
187 28
187 29
187 32
187 33
187 35
187 36
187 42
187 49
187 53
187 55
187 56
187 59
187 60
187 65
187 66
187 67
187 73
187 79
187 80
187 83
187 87
187 92
187 95
187 98
187 110
187 112
187 114
187 124
187 135
187 138
187 139
187 144
187 147
187 153
187 158
187 161
187 172
187 174
187 181
187 193
187 198
187 200
187 202
187 203
187 210
187 212
187 213
187 218
187 225
187 228
187 230
187 234
187 235
188 3
188 4
188 7
188 30
188 36
188 49
188 50
188 51
188 52
188 53
188 58
188 65
188 67
188 72
188 74
188 77
188 85
188 93
188 94
188 101
188 104
188 110
188 115
188 116
188 128
188 130
188 134
188 181
188 183
188 186
188 192
188 197
188 199
188 201
188 202
188 203
188 211
188 227
188 230
188 231
188 233
188 235
188 236
189 4
189 8
189 9
189 16
189 18
189 20
189 25
189 29
189 31
189 35
189 37
189 40
189 42
189 50
189 53
189 55
189 57
189 61
189 67
189 69
189 77
189 83
189 85
189 91
189 98
189 99
189 101
189 103
189 108
189 122
189 125
189 132
189 133
189 141
189 142
189 145
189 146
189 154
189 157
189 158
189 163
189 166
189 175
189 180
189 209
189 210
189 211
189 215
189 217
189 223
189 225
189 226
190 4
190 5
190 10
190 12
190 13
190 29
190 36
190 37
190 41
190 45
190 47
190 48
190 49
190 56
190 59
190 61
190 63
190 65
190 69
190 71
190 73
190 81
190 88
190 93
190 115
190 122
190 124
190 125
190 127
190 128
190 132
190 140
190 143
190 147
190 154
190 159
190 165
190 175
190 187
190 191
190 192
190 198
190 203
190 205
190 206
190 212
190 214
190 227
190 230
190 231
190 233
190 234
190 235
190 236
191 1
191 2
191 3
191 5
191 13
191 15
191 17
191 22
191 23
191 26
191 27
191 29
191 35
191 37
191 41
191 43
191 51
191 53
191 56
191 62
191 66
191 69
191 72
191 79
191 96
191 101
191 102
191 125
191 130
191 139
191 143
191 150
191 154
191 166
191 168
191 172
191 175
191 186
191 188
191 191
191 201
191 207
191 208
191 210
191 211
191 213
191 214
191 224
192 7
192 8
192 13
192 23
192 24
192 25
192 26
192 30
192 36
192 39
192 41
192 46
192 55
192 65
192 68
192 86
192 87
192 93
192 98
192 102
192 114
192 116
192 125
192 139
192 140
192 145
192 154
192 155
192 159
192 160
192 176
192 178
192 191
192 194
192 195
192 196
192 202
192 212
192 214
192 215
192 224
192 226
192 230
192 231
192 232
192 233
193 9
193 15
193 27
193 28
193 31
193 32
193 33
193 34
193 43
193 54
193 57
193 73
193 88
193 98
193 100
193 101
193 102
193 110
193 117
193 119
193 125
193 128
193 130
193 141
193 142
193 146
193 147
193 150
193 152
193 155
193 161
193 162
193 167
193 172
193 181
193 186
193 190
193 205
193 206
193 210
193 216
193 217
193 220
193 222
193 229
193 234
193 238
194 5
194 8
194 10
194 12
194 19
194 24
194 26
194 41
194 44
194 47
194 62
194 63
194 66
194 69
194 71
194 75
194 76
194 87
194 88
194 92
194 100
194 102
194 103
194 105
194 112
194 113
194 124
194 127
194 130
194 134
194 138
194 141
194 143
194 145
194 147
194 148
194 152
194 156
194 158
194 162
194 164
194 165
194 171
194 172
194 181
194 186
194 187
194 200
194 209
194 212
194 215
194 227
194 232
194 236
194 238
194 239
195 5
195 8
195 9
195 10
195 17
195 22
195 34
195 36
195 52
195 57
195 58
195 66
195 70
195 74
195 83
195 86
195 87
195 90
195 93
195 94
195 95
195 97
195 101
195 102
195 108
195 117
195 130
195 132
195 136
195 139
195 141
195 142
195 145
195 148
195 153
195 167
195 174
195 176
195 186
195 189
195 193
195 194
195 195
195 198
195 200
195 203
195 214
195 218
195 229
195 234
196 0
196 13
196 28
196 30
196 32
196 46
196 47
196 51
196 54
196 59
196 61
196 64
196 65
196 71
196 74
196 78
196 89
196 97
196 115
196 120
196 122
196 128
196 135
196 144
196 145
196 146
196 148
196 157
196 167
196 169
196 180
196 183
196 193
196 195
196 198
196 202
196 205
196 206
196 209
196 211
196 215
196 226
196 231
196 233
197 1
197 2
197 4
197 8
197 19
197 21
197 25
197 32
197 36
197 42
197 53
197 54
197 55
197 56
197 64
197 69
197 70
197 71
197 72
197 73
197 79
197 82
197 93
197 94
197 97
197 98
197 102
197 104
197 108
197 110
197 112
197 115
197 124
197 134
197 150
197 153
197 160
197 162
197 174
197 177
197 181
197 194
197 195
197 203
197 205
197 206
197 215
197 216
197 222
197 223
197 225
198 2
198 18
198 31
198 32
198 37
198 39
198 40
198 51
198 63
198 74
198 78
198 84
198 85
198 87
198 89
198 92
198 96
198 101
198 108
198 111
198 112
198 126
198 134
198 139
198 140
198 157
198 159
198 165
198 167
198 169
198 176
198 178
198 186
198 192
198 197
198 198
198 200
198 202
198 203
198 207
198 208
198 210
198 211
198 217
198 218
198 222
198 224
198 225
198 226
198 230
198 234
198 235
198 236
199 0
199 1
199 2
199 3
199 11
199 13
199 20
199 23
199 29
199 38
199 45
199 46
199 49
199 68
199 69
199 73
199 77
199 82
199 86
199 97
199 108
199 112
199 113
199 115
199 120
199 121
199 128
199 135
199 146
199 150
199 151
199 152
199 154
199 156
199 164
199 166
199 173
199 174
199 176
199 178
199 179
199 183
199 186
199 194
199 196
199 210
199 212
199 215
199 228
200 5
200 7
200 12
200 19
200 32
200 41
200 44
200 52
200 54
200 58
200 59
200 65
200 76
200 89
200 111
200 116
200 131
200 133
200 139
200 145
200 148
200 151
200 161
200 164
200 167
200 178
200 180
200 186
200 188
200 191
200 203
200 209
200 210
200 215
200 224
200 227
200 233
201 0
201 2
201 11
201 13
201 19
201 25
201 30
201 44
201 51
201 52
201 65
201 70
201 86
201 88
201 96
201 102
201 106
201 111
201 114
201 125
201 127
201 129
201 132
201 147
201 148
201 153
201 154
201 157
201 158
201 163
201 169
201 172
201 174
201 177
201 188
201 194
201 195
201 199
201 204
201 217
201 220
201 223
201 226
201 228
201 230
201 231
202 17
202 18
202 25
202 32
202 36
202 38
202 42
202 47
202 50
202 51
202 53
202 68
202 74
202 75
202 80
202 92
202 95
202 100
202 101
202 102
202 103
202 106
202 111
202 118
202 119
202 120
202 121
202 125
202 126
202 127
202 136
202 138
202 145
202 151
202 154
202 159
202 160
202 162
202 164
202 165
202 180
202 184
202 185
202 188
202 192
202 195
202 204
202 206
202 209
202 211
202 221
202 222
202 228
202 229
202 230
203 5
203 11
203 12
203 21
203 25
203 29
203 32
203 40
203 45
203 46
203 49
203 59
203 61
203 78
203 86
203 92
203 97
203 104
203 114
203 118
203 122
203 133
203 136
203 138
203 143
203 148
203 149
203 153
203 156
203 158
203 159
203 161
203 167
203 168
203 171
203 179
203 189
203 197
203 204
203 212
203 215
203 218
203 225
203 227
203 229
203 234
204 0
204 1
204 4
204 5
204 10
204 16
204 17
204 25
204 26
204 31
204 34
204 49
204 51
204 56
204 58
204 62
204 63
204 66
204 69
204 73
204 75
204 79
204 84
204 90
204 94
204 104
204 106
204 111
204 118
204 127
204 129
204 132
204 135
204 136
204 139
204 150
204 153
204 158
204 160
204 167
204 169
204 171
204 174
204 177
204 178
204 180
204 189
204 194
204 199
204 201
204 205
204 214
204 221
204 222
204 227
204 231
205 3
205 9
205 13
205 15
205 18
205 20
205 35
205 40
205 43
205 44
205 46
205 50
205 60
205 63
205 71
205 74
205 75
205 82
205 85
205 87
205 97
205 98
205 100
205 103
205 112
205 114
205 125
205 126
205 131
205 145
205 152
205 160
205 165
205 167
205 169
205 170
205 174
205 180
205 181
205 182
205 186
205 188
205 189
205 192
205 195
205 197
205 198
205 215
205 222
205 227
205 228
205 233
205 236
206 8
206 13
206 23
206 25
206 31
206 36
206 37
206 41
206 53
206 59
206 76
206 78
206 83
206 90
206 92
206 100
206 103
206 105
206 106
206 110
206 114
206 115
206 120
206 123
206 128
206 134
206 150
206 155
206 159
206 167
206 184
206 189
206 198
206 199
206 200
206 202
206 205
206 208
206 210
206 215
206 217
206 220
207 8
207 9
207 12
207 17
207 22
207 33
207 34
207 37
207 38
207 40
207 43
207 46
207 57
207 59
207 65
207 74
207 76
207 84
207 93
207 96
207 104
207 112
207 115
207 118
207 120
207 124
207 129
207 133
207 142
207 148
207 150
207 152
207 169
207 174
207 177
207 179
207 188
207 198
207 200
207 210
207 218
207 221
207 225
207 228
207 229
207 234
208 4
208 20
208 28
208 29
208 34
208 41
208 48
208 58
208 66
208 69
208 80
208 94
208 101
208 107
208 117
208 119
208 125
208 129
208 131
208 132
208 138
208 141
208 144
208 148
208 152
208 154
208 156
208 157
208 167
208 168
208 174
208 175
208 190
208 196
208 198
208 211
208 212
208 214
208 237
209 3
209 8
209 13
209 14
209 16
209 17
209 30
209 32
209 35
209 40
209 42
209 46
209 48
209 49
209 55
209 56
209 73
209 75
209 79
209 81
209 82
209 88
209 94
209 99
209 109
209 110
209 113
209 117
209 124
209 127
209 131
209 132
209 139
209 142
209 155
209 156
209 157
209 160
209 162
209 163
209 168
209 176
209 179
209 182
209 186
209 189
209 190
209 193
209 199
209 203
209 204
209 205
209 206
209 214
209 217
209 224
209 236
209 239
210 3
210 6
210 8
210 9
210 10
210 11
210 12
210 13
210 21
210 24
210 26
210 27
210 37
210 47
210 53
210 62
210 66
210 68
210 69
210 71
210 76
210 78
210 87
210 92
210 97
210 99
210 111
210 112
210 129
210 132
210 133
210 144
210 147
210 159
210 162
210 165
210 168
210 176
210 179
210 180
210 181
210 188
210 194
210 206
210 209
210 213
210 216
210 218
210 232
210 235
211 0
211 7
211 17
211 24
211 28
211 32
211 33
211 34
211 36
211 37
211 47
211 49
211 59
211 65
211 73
211 76
211 83
211 87
211 90
211 102
211 104
211 128
211 130
211 132
211 138
211 141
211 145
211 153
211 154
211 174
211 179
211 185
211 187
211 192
211 198
211 202
211 205
211 210
211 230
211 235
212 2
212 4
212 6
212 8
212 12
212 16
212 24
212 28
212 30
212 31
212 32
212 39
212 44
212 46
212 47
212 50
212 55
212 66
212 72
212 74
212 84
212 86
212 91
212 101
212 108
212 114
212 123
212 134
212 135
212 138
212 140
212 144
212 145
212 159
212 166
212 170
212 174
212 176
212 184
212 190
212 199
212 223
212 224
212 227
212 228
212 237
212 239
213 1
213 2
213 3
213 8
213 17
213 29
213 32
213 42
213 43
213 54
213 55
213 67
213 68
213 74
213 77
213 84
213 85
213 91
213 92
213 102
213 116
213 117
213 118
213 119
213 125
213 131
213 135
213 144
213 149
213 150
213 151
213 157
213 166
213 169
213 172
213 173
213 174
213 178
213 200
213 203
213 205
213 225
213 228
213 229
213 235
213 239
214 2
214 3
214 4
214 10
214 15
214 17
214 19
214 24
214 29
214 39
214 43
214 45
214 46
214 51
214 53
214 71
214 83
214 92
214 93
214 96
214 98
214 99
214 100
214 114
214 115
214 121
214 125
214 129
214 130
214 131
214 136
214 141
214 144
214 150
214 157
214 158
214 173
214 176
214 185
214 186
214 189
214 190
214 198
214 208
214 212
214 214
214 218
214 224
214 227
214 231
214 239
215 0
215 3
215 7
215 21
215 24
215 26
215 29
215 35
215 38
215 42
215 44
215 48
215 51
215 58
215 65
215 70
215 72
215 84
215 88
215 90
215 94
215 95
215 100
215 102
215 109
215 129
215 139
215 145
215 149
215 161
215 171
215 172
215 195
215 210
215 211
215 217
215 220
215 223
215 229
215 237
216 2
216 3
216 34
216 35
216 41
216 44
216 45
216 47
216 48
216 49
216 53
216 55
216 56
216 63
216 69
216 70
216 73
216 78
216 80
216 85
216 87
216 96
216 101
216 105
216 107
216 109
216 113
216 116
216 118
216 129
216 134
216 137
216 138
216 146
216 152
216 163
216 167
216 168
216 170
216 171
216 194
216 197
216 201
216 205
216 225
216 232
216 238
217 8
217 20
217 22
217 29
217 33
217 37
217 44
217 53
217 61
217 70
217 72
217 73
217 80
217 81
217 88
217 93
217 101
217 102
217 125
217 136
217 147
217 153
217 154
217 157
217 171
217 173
217 174
217 177
217 182
217 186
217 193
217 196
217 197
217 201
217 203
217 214
217 217
217 227
217 235
218 0
218 13
218 15
218 16
218 18
218 22
218 29
218 31
218 35
218 36
218 40
218 41
218 45
218 47
218 53
218 55
218 64
218 76
218 86
218 87
218 89
218 91
218 95
218 99
218 102
218 115
218 117
218 118
218 121
218 126
218 133
218 136
218 137
218 143
218 147
218 149
218 152
218 160
218 161
218 162
218 163
218 188
218 191
218 193
218 200
218 201
218 203
218 205
218 214
218 233
218 235
218 239
219 1
219 6
219 7
219 14
219 17
219 25
219 27
219 31
219 34
219 57
219 62
219 67
219 77
219 91
219 92
219 101
219 109
219 118
219 120
219 122
219 123
219 126
219 130
219 141
219 146
219 156
219 157
219 159
219 165
219 166
219 167
219 173
219 175
219 186
219 195
219 202
219 203
219 205
219 207
219 208
219 209
219 210
219 211
219 213
219 217
219 220
219 225
219 228
219 230
219 237
220 15
220 23
220 25
220 30
220 39
220 47
220 62
220 63
220 72
220 75
220 76
220 78
220 79
220 80
220 87
220 93
220 94
220 95
220 96
220 97
220 100
220 111
220 125
220 126
220 132
220 136
220 137
220 139
220 147
220 152
220 154
220 167
220 169
220 170
220 173
220 182
220 188
220 191
220 196
220 197
220 199
220 200
220 206
220 210
220 216
220 220
220 224
220 225
220 228
220 232
221 1
221 4
221 5
221 8
221 10
221 13
221 18
221 36
221 46
221 49
221 52
221 69
221 70
221 73
221 75
221 76
221 77
221 79
221 82
221 85
221 97
221 99
221 100
221 102
221 109
221 118
221 123
221 124
221 129
221 135
221 136
221 140
221 144
221 153
221 156
221 166
221 176
221 178
221 182
221 184
221 185
221 191
221 195
221 200
221 205
221 217
221 218
221 223
221 233
221 236
222 1
222 2
222 14
222 17
222 49
222 53
222 56
222 60
222 64
222 67
222 73
222 92
222 94
222 98
222 104
222 105
222 110
222 113
222 114
222 136
222 143
222 144
222 147
222 154
222 164
222 171
222 176
222 185
222 192
222 193
222 199
222 204
222 213
222 219
222 220
222 223
222 224
222 237
222 238
223 0
223 2
223 6
223 15
223 17
223 23
223 29
223 31
223 40
223 52
223 56
223 57
223 63
223 66
223 67
223 68
223 70
223 72
223 90
223 96
223 100
223 103
223 107
223 113
223 116
223 117
223 119
223 123
223 130
223 142
223 153
223 160
223 174
223 177
223 191
223 199
223 201
223 203
223 206
223 211
223 213
223 219
223 220
223 221
223 222
223 224
223 227
223 230
223 232
224 0
224 3
224 9
224 11
224 13
224 16
224 23
224 30
224 40
224 41
224 44
224 52
224 54
224 62
224 63
224 70
224 73
224 74
224 75
224 77
224 80
224 83
224 87
224 90
224 93
224 96
224 108
224 111
224 120
224 124
224 128
224 134
224 137
224 140
224 149
224 150
224 151
224 155
224 158
224 164
224 183
224 186
224 200
224 203
224 205
224 214
224 217
224 221
224 232
225 6
225 11
225 13
225 23
225 24
225 31
225 33
225 34
225 38
225 45
225 46
225 50
225 51
225 53
225 55
225 56
225 64
225 70
225 71
225 79
225 83
225 84
225 85
225 90
225 96
225 101
225 103
225 109
225 110
225 118
225 124
225 128
225 129
225 134
225 141
225 145
225 146
225 148
225 149
225 155
225 156
225 163
225 170
225 172
225 173
225 176
225 179
225 180
225 181
225 187
225 189
225 194
225 195
225 199
225 200
225 204
225 205
225 208
225 223
225 227
225 230
225 238
225 239
226 1
226 2
226 14
226 27
226 35
226 45
226 50
226 65
226 67
226 74
226 76
226 81
226 90
226 91
226 103
226 110
226 111
226 114
226 115
226 127
226 128
226 151
226 155
226 173
226 178
226 192
226 193
226 197
226 203
226 207
226 209
226 210
226 220
226 221
226 224
226 226
226 231
226 232
226 233
226 235
227 0
227 2
227 4
227 10
227 13
227 17
227 19
227 25
227 27
227 29
227 35
227 55
227 67
227 82
227 84
227 90
227 92
227 95
227 96
227 107
227 108
227 109
227 110
227 120
227 125
227 132
227 133
227 135
227 142
227 151
227 157
227 160
227 161
227 164
227 165
227 175
227 188
227 190
227 191
227 212
227 214
227 216
227 224
227 226
227 227
227 229
227 236
227 239
228 15
228 18
228 21
228 23
228 27
228 30
228 35
228 37
228 44
228 46
228 53
228 58
228 62
228 65
228 66
228 74
228 75
228 77
228 79
228 83
228 87
228 89
228 98
228 101
228 113
228 117
228 120
228 125
228 126
228 128
228 130
228 135
228 138
228 141
228 144
228 146
228 151
228 161
228 174
228 201
228 215
228 216
228 228
228 230
228 233
229 10
229 15
229 26
229 27
229 28
229 32
229 34
229 46
229 54
229 69
229 71
229 76
229 82
229 85
229 93
229 100
229 104
229 107
229 109
229 117
229 130
229 135
229 142
229 144
229 147
229 173
229 182
229 187
229 206
229 208
229 214
229 217
229 219
229 235
230 8
230 9
230 11
230 14
230 25
230 33
230 37
230 47
230 54
230 55
230 61
230 65
230 67
230 68
230 69
230 72
230 76
230 82
230 85
230 87
230 88
230 92
230 93
230 108
230 110
230 126
230 130
230 131
230 136
230 140
230 141
230 143
230 148
230 160
230 161
230 164
230 170
230 176
230 178
230 183
230 192
230 196
230 205
230 206
230 207
230 208
230 216
230 230
230 239
231 1
231 3
231 16
231 19
231 27
231 28
231 31
231 32
231 35
231 38
231 39
231 40
231 46
231 47
231 55
231 60
231 61
231 64
231 67
231 68
231 87
231 90
231 99
231 107
231 108
231 114
231 124
231 130
231 133
231 139
231 140
231 146
231 152
231 161
231 163
231 183
231 190
231 192
231 193
231 196
231 202
231 204
231 205
231 209
231 215
231 222
231 226
231 230
231 231
231 236
231 239
232 10
232 15
232 16
232 24
232 36
232 42
232 44
232 45
232 55
232 57
232 58
232 61
232 74
232 75
232 88
232 91
232 96
232 103
232 105
232 114
232 115
232 116
232 127
232 129
232 131
232 139
232 140
232 145
232 157
232 162
232 166
232 175
232 177
232 184
232 192
232 206
232 208
232 212
232 216
232 239
233 0
233 4
233 15
233 16
233 46
233 66
233 69
233 73
233 78
233 88
233 96
233 104
233 105
233 117
233 124
233 130
233 133
233 139
233 141
233 143
233 145
233 150
233 159
233 165
233 180
233 184
233 186
233 188
233 189
233 192
233 200
233 208
233 215
233 217
233 224
233 226
233 230
234 5
234 7
234 15
234 17
234 21
234 22
234 30
234 33
234 34
234 38
234 39
234 57
234 58
234 60
234 63
234 64
234 68
234 74
234 77
234 83
234 86
234 96
234 102
234 106
234 109
234 110
234 114
234 132
234 147
234 149
234 151
234 153
234 157
234 158
234 165
234 168
234 169
234 171
234 174
234 177
234 178
234 186
234 192
234 193
234 201
234 204
234 205
234 207
234 208
234 212
234 215
234 221
234 222
234 224
234 226
234 232
234 233
235 3
235 7
235 8
235 13
235 20
235 21
235 24
235 26
235 33
235 35
235 42
235 49
235 54
235 60
235 62
235 69
235 73
235 82
235 90
235 91
235 92
235 93
235 102
235 103
235 111
235 114
235 123
235 124
235 131
235 137
235 141
235 143
235 152
235 157
235 161
235 169
235 187
235 194
235 196
235 203
235 204
235 205
235 208
235 209
235 210
235 213
235 227
235 229
236 3
236 5
236 6
236 7
236 11
236 24
236 28
236 37
236 41
236 42
236 54
236 55
236 74
236 75
236 80
236 88
236 91
236 97
236 99
236 101
236 109
236 110
236 119
236 122
236 126
236 130
236 132
236 151
236 157
236 159
236 167
236 172
236 176
236 178
236 180
236 182
236 189
236 193
236 210
236 221
236 222
236 225
236 234
237 1
237 7
237 8
237 9
237 12
237 22
237 23
237 25
237 26
237 32
237 36
237 37
237 40
237 46
237 53
237 55
237 70
237 77
237 79
237 83
237 87
237 94
237 97
237 103
237 110
237 112
237 118
237 120
237 125
237 137
237 138
237 140
237 141
237 147
237 149
237 150
237 158
237 161
237 163
237 170
237 179
237 186
237 197
237 198
237 204
237 208
237 209
237 214
237 221
237 232
238 9
238 11
238 13
238 14
238 23
238 31
238 32
238 34
238 36
238 40
238 42
238 43
238 49
238 53
238 54
238 58
238 68
238 71
238 74
238 75
238 77
238 78
238 82
238 84
238 98
238 102
238 105
238 110
238 111
238 115
238 127
238 128
238 130
238 133
238 134
238 139
238 141
238 151
238 159
238 161
238 163
238 173
238 178
238 184
238 186
238 189
238 190
238 200
238 206
238 209
238 213
238 215
238 223
238 229
238 231
238 233
238 234
239 2
239 3
239 7
239 10
239 17
239 24
239 30
239 44
239 54
239 66
239 70
239 71
239 75
239 102
239 104
239 108
239 109
239 110
239 117
239 119
239 122
239 138
239 143
239 151
239 156
239 171
239 172
239 182
239 187
239 189
239 194
239 210
239 220
239 223
239 231
239 234
