250
12450
0 0
0 1
0 19
0 27
0 30
0 31
0 38
0 40
0 46
0 47
0 48
0 56
0 59
0 60
0 61
0 63
0 68
0 72
0 80
0 83
0 92
0 95
0 100
0 109
0 120
0 121
0 134
0 139
0 140
0 141
0 149
0 153
0 155
0 158
0 162
0 166
0 185
0 188
0 201
0 204
0 213
0 217
0 218
0 220
0 227
0 231
0 236
0 240
0 242
0 247
0 248
1 1
1 2
1 9
1 11
1 16
1 18
1 22
1 23
1 24
1 25
1 26
1 27
1 29
1 34
1 37
1 43
1 48
1 54
1 57
1 65
1 67
1 68
1 73
1 77
1 85
1 86
1 90
1 96
1 109
1 114
1 117
1 121
1 125
1 138
1 153
1 154
1 158
1 167
1 168
1 178
1 179
1 180
1 184
1 190
1 195
1 200
1 205
1 207
1 219
1 226
1 228
1 230
1 234
1 247
1 249
2 2
2 5
2 6
2 16
2 20
2 23
2 27
2 32
2 34
2 37
2 57
2 61
2 79
2 87
2 89
2 92
2 99
2 100
2 103
2 107
2 108
2 118
2 122
2 124
2 138
2 150
2 155
2 156
2 158
2 160
2 165
2 167
2 169
2 176
2 178
2 188
2 190
2 201
2 205
2 208
2 214
2 220
2 228
2 231
3 4
3 6
3 11
3 18
3 26
3 32
3 33
3 37
3 44
3 49
3 54
3 70
3 71
3 77
3 80
3 84
3 92
3 94
3 109
3 117
3 120
3 125
3 129
3 132
3 137
3 141
3 143
3 144
3 152
3 164
3 165
3 171
3 176
3 189
3 191
3 199
3 212
3 218
3 221
3 231
3 236
3 238
3 239
3 243
3 246
3 249
4 3
4 4
4 5
4 6
4 12
4 21
4 29
4 32
4 40
4 41
4 44
4 49
4 50
4 58
4 59
4 65
4 68
4 71
4 75
4 77
4 81
4 87
4 90
4 96
4 97
4 110
4 111
4 113
4 131
4 133
4 138
4 151
4 155
4 158
4 161
4 165
4 180
4 181
4 185
4 186
4 189
4 190
4 201
4 202
4 205
4 206
4 209
4 217
4 220
4 233
4 243
4 246
4 249
5 7
5 10
5 18
5 21
5 23
5 34
5 36
5 37
5 47
5 48
5 56
5 58
5 60
5 65
5 67
5 68
5 69
5 82
5 83
5 91
5 96
5 111
5 119
5 127
5 130
5 138
5 140
5 148
5 151
5 155
5 157
5 158
5 172
5 185
5 189
5 204
5 212
5 216
5 220
5 224
5 233
5 234
5 246
6 1
6 2
6 4
6 8
6 12
6 13
6 17
6 20
6 26
6 29
6 36
6 41
6 43
6 44
6 48
6 52
6 59
6 60
6 61
6 70
6 74
6 79
6 83
6 96
6 101
6 113
6 123
6 128
6 143
6 159
6 167
6 171
6 172
6 176
6 179
6 184
6 191
6 203
6 208
6 225
6 245
7 6
7 11
7 15
7 27
7 36
7 40
7 45
7 47
7 58
7 59
7 62
7 86
7 88
7 91
7 92
7 99
7 103
7 106
7 114
7 117
7 120
7 121
7 124
7 135
7 137
7 141
7 149
7 168
7 186
7 194
7 203
7 211
7 213
7 218
7 220
7 223
7 224
7 226
7 243
7 244
8 1
8 2
8 16
8 18
8 20
8 25
8 35
8 37
8 40
8 43
8 45
8 49
8 57
8 58
8 63
8 65
8 69
8 72
8 85
8 89
8 92
8 93
8 96
8 102
8 105
8 115
8 118
8 127
8 128
8 134
8 138
8 139
8 146
8 147
8 149
8 164
8 166
8 176
8 179
8 180
8 191
8 194
8 199
8 202
8 203
8 207
8 210
8 213
8 217
8 223
8 235
8 236
8 237
8 241
9 4
9 18
9 19
9 20
9 22
9 33
9 37
9 42
9 44
9 55
9 59
9 60
9 66
9 71
9 78
9 79
9 82
9 88
9 90
9 91
9 98
9 101
9 103
9 106
9 115
9 120
9 121
9 124
9 125
9 128
9 134
9 139
9 147
9 148
9 153
9 154
9 156
9 157
9 176
9 182
9 202
9 204
9 210
9 211
9 213
9 215
9 218
9 230
9 231
9 235
9 237
9 239
9 248
10 6
10 7
10 19
10 23
10 26
10 34
10 36
10 51
10 54
10 55
10 58
10 63
10 64
10 71
10 77
10 79
10 85
10 96
10 99
10 100
10 102
10 105
10 106
10 107
10 116
10 117
10 118
10 121
10 127
10 150
10 153
10 154
10 161
10 165
10 169
10 173
10 176
10 178
10 181
10 183
10 185
10 188
10 193
10 196
10 200
10 201
10 226
11 3
11 11
11 13
11 23
11 37
11 41
11 56
11 59
11 60
11 62
11 66
11 68
11 71
11 79
11 80
11 83
11 94
11 111
11 112
11 114
11 119
11 122
11 123
11 129
11 130
11 142
11 148
11 149
11 150
11 151
11 160
11 162
11 171
11 174
11 183
11 187
11 197
11 202
11 212
11 213
11 214
11 216
11 227
11 228
12 6
12 10
12 11
12 18
12 28
12 32
12 33
12 42
12 46
12 52
12 57
12 58
12 69
12 75
12 87
12 89
12 91
12 92
12 93
12 95
12 97
12 110
12 117
12 130
12 137
12 143
12 144
12 155
12 166
12 168
12 172
12 185
12 187
12 188
12 194
12 199
12 205
12 207
12 208
12 213
12 217
12 221
12 224
12 237
12 240
12 249
13 9
13 10
13 17
13 32
13 33
13 43
13 50
13 53
13 66
13 67
13 79
13 83
13 90
13 91
13 94
13 98
13 100
13 106
13 111
13 113
13 127
13 128
13 137
13 141
13 163
13 173
13 181
13 185
13 192
13 203
13 217
13 223
13 224
13 225
13 234
13 238
13 240
13 244
14 9
14 18
14 31
14 33
14 35
14 55
14 69
14 72
14 74
14 76
14 79
14 80
14 83
14 101
14 104
14 108
14 118
14 122
14 131
14 138
14 140
14 141
14 145
14 163
14 165
14 171
14 172
14 174
14 177
14 183
14 188
14 190
14 223
14 226
14 228
14 230
14 237
14 247
14 248
14 249
15 0
15 4
15 5
15 8
15 9
15 11
15 14
15 19
15 23
15 29
15 37
15 38
15 39
15 43
15 60
15 61
15 68
15 73
15 76
15 83
15 89
15 97
15 98
15 105
15 143
15 144
15 146
15 155
15 162
15 171
15 173
15 177
15 184
15 185
15 188
15 190
15 203
15 214
15 218
15 220
15 221
15 223
15 227
15 228
15 229
15 237
15 249
16 0
16 2
16 6
16 11
16 26
16 28
16 29
16 39
16 42
16 47
16 48
16 52
16 53
16 61
16 66
16 67
16 72
16 73
16 80
16 91
16 92
16 95
16 97
16 98
16 100
16 105
16 112
16 117
16 119
16 120
16 123
16 126
16 131
16 133
16 134
16 138
16 152
16 159
16 160
16 162
16 166
16 171
16 174
16 187
16 190
16 203
16 209
16 216
16 220
16 222
16 227
16 229
16 231
16 236
16 247
16 248
17 1
17 7
17 21
17 38
17 39
17 55
17 66
17 68
17 81
17 82
17 83
17 84
17 94
17 100
17 101
17 103
17 107
17 127
17 134
17 136
17 141
17 144
17 148
17 152
17 153
17 154
17 155
17 156
17 164
17 169
17 174
17 175
17 177
17 180
17 188
17 215
17 220
17 229
17 238
17 242
17 245
17 248
18 0
18 7
18 15
18 17
18 19
18 29
18 36
18 38
18 39
18 41
18 48
18 49
18 50
18 51
18 63
18 68
18 70
18 75
18 79
18 81
18 83
18 88
18 89
18 96
18 106
18 112
18 114
18 124
18 130
18 133
18 135
18 142
18 145
18 146
18 150
18 151
18 165
18 177
18 178
18 180
18 182
18 204
18 213
18 218
18 222
18 224
18 237
18 241
18 244
18 245
19 0
19 1
19 2
19 4
19 12
19 18
19 20
19 24
19 30
19 31
19 33
19 42
19 43
19 54
19 55
19 68
19 73
19 76
19 82
19 83
19 107
19 110
19 112
19 117
19 118
19 120
19 133
19 137
19 138
19 148
19 155
19 167
19 169
19 170
19 173
19 188
19 192
19 195
19 202
19 208
19 209
19 210
19 221
19 223
19 241
19 243
19 245
20 1
20 5
20 8
20 9
20 20
20 23
20 29
20 35
20 39
20 40
20 50
20 51
20 52
20 54
20 56
20 58
20 63
20 64
20 67
20 72
20 74
20 78
20 80
20 81
20 87
20 91
20 92
20 100
20 109
20 111
20 114
20 131
20 134
20 146
20 161
20 167
20 168
20 171
20 172
20 173
20 190
20 195
20 203
20 205
20 208
20 210
20 212
20 214
20 218
20 222
20 236
20 241
20 242
20 245
21 3
21 13
21 15
21 23
21 35
21 38
21 39
21 42
21 46
21 49
21 53
21 54
21 55
21 61
21 65
21 73
21 86
21 90
21 98
21 103
21 110
21 126
21 127
21 131
21 145
21 148
21 149
21 153
21 159
21 167
21 171
21 175
21 184
21 193
21 195
21 208
21 217
21 218
21 223
21 224
21 225
21 236
21 242
22 6
22 15
22 20
22 24
22 44
22 46
22 53
22 55
22 72
22 73
22 80
22 82
22 89
22 93
22 106
22 113
22 117
22 135
22 144
22 148
22 158
22 162
22 169
22 170
22 187
22 189
22 190
22 192
22 193
22 195
22 197
22 202
22 204
22 224
22 225
22 228
22 234
22 247
23 1
23 2
23 7
23 8
23 14
23 25
23 31
23 35
23 43
23 49
23 53
23 55
23 57
23 61
23 70
23 77
23 78
23 80
23 86
23 94
23 96
23 109
23 110
23 119
23 122
23 127
23 135
23 136
23 140
23 146
23 150
23 152
23 154
23 155
23 157
23 158
23 160
23 165
23 168
23 171
23 176
23 179
23 185
23 193
23 196
23 205
23 209
23 217
23 224
23 225
23 233
24 0
24 2
24 3
24 4
24 15
24 17
24 33
24 34
24 39
24 47
24 59
24 60
24 62
24 64
24 65
24 67
24 69
24 72
24 77
24 81
24 85
24 87
24 88
24 98
24 103
24 115
24 125
24 128
24 137
24 141
24 142
24 147
24 148
24 150
24 152
24 153
24 155
24 162
24 165
24 169
24 172
24 175
24 184
24 190
24 197
24 200
24 201
24 210
24 212
24 216
24 219
24 220
24 226
24 231
24 235
24 243
24 245
24 247
25 10
25 12
25 14
25 20
25 22
25 23
25 33
25 34
25 39
25 56
25 59
25 61
25 71
25 79
25 80
25 83
25 89
25 91
25 102
25 105
25 106
25 107
25 111
25 121
25 123
25 124
25 125
25 134
25 140
25 157
25 163
25 165
25 176
25 178
25 179
25 180
25 183
25 184
25 188
25 189
25 200
25 201
25 203
25 212
25 214
25 216
25 226
25 240
25 243
25 244
25 245
26 0
26 14
26 15
26 20
26 33
26 36
26 44
26 46
26 50
26 52
26 54
26 63
26 73
26 77
26 78
26 80
26 87
26 90
26 91
26 92
26 93
26 94
26 95
26 96
26 99
26 118
26 126
26 129
26 134
26 139
26 145
26 146
26 149
26 152
26 158
26 165
26 167
26 176
26 177
26 179
26 186
26 201
26 205
26 207
26 209
26 216
26 225
26 240
26 245
27 1
27 9
27 10
27 13
27 17
27 18
27 23
27 29
27 33
27 44
27 46
27 53
27 54
27 58
27 60
27 65
27 73
27 74
27 75
27 78
27 83
27 85
27 95
27 96
27 97
27 101
27 104
27 109
27 110
27 116
27 117
27 118
27 119
27 121
27 124
27 129
27 140
27 141
27 142
27 144
27 148
27 161
27 162
27 167
27 173
27 178
27 179
27 182
27 192
27 197
27 198
27 201
27 206
27 208
27 211
27 213
27 217
27 224
27 226
27 228
27 229
27 240
28 0
28 1
28 5
28 6
28 12
28 14
28 23
28 27
28 32
28 34
28 37
28 44
28 47
28 52
28 53
28 54
28 68
28 70
28 76
28 80
28 85
28 96
28 106
28 114
28 118
28 128
28 134
28 143
28 146
28 148
28 149
28 160
28 161
28 173
28 178
28 179
28 186
28 193
28 204
28 206
28 207
28 212
28 214
28 222
28 223
28 238
28 239
29 2
29 3
29 5
29 6
29 9
29 13
29 14
29 15
29 16
29 17
29 19
29 20
29 23
29 25
29 30
29 40
29 41
29 50
29 64
29 70
29 74
29 76
29 81
29 87
29 103
29 112
29 115
29 116
29 125
29 140
29 154
29 157
29 158
29 161
29 165
29 167
29 172
29 174
29 175
29 180
29 183
29 184
29 186
29 197
29 202
29 207
29 211
29 217
29 230
29 232
29 235
29 242
29 245
29 246
30 0
30 1
30 24
30 27
30 38
30 60
30 63
30 65
30 67
30 69
30 71
30 76
30 85
30 91
30 96
30 99
30 101
30 107
30 117
30 121
30 125
30 126
30 132
30 133
30 142
30 147
30 150
30 152
30 156
30 159
30 164
30 168
30 176
30 181
30 183
30 190
30 191
30 197
30 200
30 216
30 229
30 238
30 241
30 243
30 244
31 4
31 5
31 7
31 9
31 21
31 43
31 56
31 61
31 73
31 77
31 79
31 87
31 90
31 92
31 96
31 99
31 101
31 104
31 106
31 108
31 109
31 110
31 111
31 112
31 119
31 136
31 138
31 142
31 146
31 149
31 150
31 155
31 160
31 164
31 166
31 169
31 170
31 172
31 175
31 186
31 189
31 193
31 194
31 196
31 199
31 202
31 207
31 208
31 211
31 223
31 233
31 234
31 238
31 243
32 1
32 2
32 4
32 8
32 10
32 12
32 14
32 20
32 30
32 37
32 43
32 44
32 48
32 49
32 58
32 59
32 66
32 69
32 71
32 82
32 86
32 97
32 99
32 109
32 113
32 119
32 139
32 140
32 147
32 148
32 153
32 154
32 163
32 179
32 180
32 181
32 184
32 188
32 193
32 199
32 217
32 218
32 220
32 225
32 236
32 238
32 244
32 249
33 0
33 1
33 5
33 15
33 16
33 18
33 21
33 23
33 26
33 33
33 41
33 43
33 48
33 52
33 55
33 56
33 68
33 70
33 75
33 91
33 96
33 103
33 111
33 119
33 138
33 145
33 149
33 151
33 155
33 156
33 158
33 160
33 169
33 180
33 181
33 208
33 216
33 228
33 229
33 232
33 233
33 239
33 242
34 3
34 6
34 13
34 17
34 19
34 20
34 24
34 36
34 39
34 46
34 49
34 52
34 55
34 72
34 73
34 75
34 79
34 81
34 85
34 94
34 97
34 104
34 109
34 132
34 134
34 138
34 142
34 146
34 150
34 151
34 153
34 156
34 157
34 160
34 170
34 173
34 176
34 182
34 183
34 186
34 198
34 202
34 205
34 210
34 212
34 215
34 216
34 220
34 222
34 226
34 235
34 237
34 238
35 10
35 17
35 23
35 29
35 34
35 35
35 37
35 56
35 60
35 63
35 64
35 65
35 70
35 71
35 78
35 83
35 84
35 86
35 89
35 90
35 95
35 96
35 103
35 105
35 113
35 116
35 117
35 120
35 122
35 129
35 131
35 137
35 141
35 149
35 153
35 160
35 171
35 172
35 175
35 176
35 186
35 189
35 195
35 198
35 204
35 205
35 206
35 212
35 215
35 217
35 225
35 228
35 229
35 234
35 245
35 246
36 10
36 15
36 24
36 32
36 34
36 38
36 41
36 47
36 48
36 49
36 56
36 60
36 63
36 65
36 74
36 79
36 80
36 82
36 92
36 93
36 98
36 100
36 107
36 123
36 124
36 126
36 137
36 139
36 143
36 144
36 145
36 149
36 151
36 155
36 164
36 166
36 170
36 172
36 177
36 182
36 183
36 189
36 191
36 202
36 213
36 215
36 216
36 219
36 224
36 242
36 243
37 1
37 4
37 5
37 11
37 18
37 27
37 31
37 33
37 35
37 46
37 50
37 53
37 54
37 57
37 62
37 71
37 75
37 78
37 82
37 86
37 87
37 88
37 92
37 97
37 122
37 126
37 127
37 128
37 132
37 136
37 137
37 140
37 141
37 143
37 146
37 149
37 151
37 153
37 156
37 168
37 173
37 174
37 176
37 184
37 196
37 198
37 200
37 215
37 218
37 220
37 221
37 222
37 225
37 227
37 233
37 238
37 239
37 243
37 244
38 3
38 4
38 5
38 8
38 13
38 17
38 22
38 23
38 24
38 28
38 33
38 40
38 48
38 51
38 55
38 59
38 73
38 81
38 82
38 86
38 99
38 102
38 122
38 125
38 129
38 139
38 141
38 145
38 149
38 157
38 159
38 168
38 170
38 171
38 176
38 177
38 178
38 179
38 183
38 189
38 191
38 193
38 195
38 211
38 212
38 218
38 220
38 223
38 230
38 234
38 243
38 246
39 0
39 1
39 6
39 23
39 26
39 28
39 29
39 30
39 33
39 39
39 47
39 49
39 58
39 60
39 69
39 72
39 79
39 90
39 95
39 96
39 99
39 103
39 109
39 118
39 119
39 140
39 142
39 143
39 155
39 160
39 165
39 168
39 173
39 175
39 176
39 190
39 193
39 194
39 204
39 211
39 218
39 221
39 223
39 224
39 231
39 235
39 241
39 245
39 246
40 0
40 9
40 10
40 21
40 30
40 44
40 56
40 59
40 64
40 66
40 74
40 87
40 88
40 94
40 99
40 100
40 105
40 107
40 131
40 145
40 148
40 150
40 154
40 156
40 162
40 166
40 168
40 169
40 187
40 189
40 190
40 193
40 195
40 201
40 208
40 216
40 218
40 224
40 227
40 236
40 247
41 3
41 6
41 11
41 12
41 17
41 37
41 40
41 41
41 42
41 47
41 57
41 59
41 68
41 71
41 76
41 85
41 92
41 93
41 94
41 100
41 103
41 105
41 108
41 113
41 114
41 131
41 137
41 138
41 142
41 148
41 153
41 169
41 177
41 178
41 181
41 183
41 189
41 201
41 204
41 206
41 208
41 213
41 219
41 227
41 228
41 229
41 230
42 12
42 18
42 21
42 24
42 28
42 29
42 47
42 50
42 51
42 54
42 68
42 76
42 78
42 82
42 83
42 84
42 85
42 91
42 106
42 110
42 119
42 126
42 131
42 133
42 136
42 139
42 144
42 151
42 152
42 165
42 172
42 173
42 175
42 193
42 197
42 200
42 209
42 212
42 217
42 218
42 222
42 235
42 236
43 1
43 3
43 16
43 17
43 32
43 35
43 38
43 39
43 43
43 53
43 55
43 57
43 59
43 60
43 73
43 75
43 77
43 86
43 89
43 106
43 110
43 114
43 121
43 126
43 131
43 136
43 138
43 146
43 153
43 154
43 159
43 160
43 170
43 174
43 183
43 184
43 187
43 193
43 195
43 201
43 209
43 214
43 217
43 222
43 225
43 228
43 230
43 241
43 243
43 246
43 248
44 8
44 25
44 26
44 28
44 39
44 41
44 50
44 53
44 57
44 58
44 66
44 72
44 74
44 76
44 77
44 79
44 80
44 83
44 86
44 87
44 88
44 97
44 101
44 102
44 104
44 106
44 109
44 111
44 114
44 122
44 124
44 128
44 132
44 134
44 142
44 157
44 168
44 173
44 180
44 182
44 197
44 200
44 205
44 206
44 215
44 217
44 221
44 225
44 227
44 229
44 234
44 239
44 240
44 245
44 248
45 10
45 17
45 31
45 35
45 36
45 44
45 46
45 48
45 60
45 61
45 63
45 69
45 74
45 80
45 81
45 82
45 86
45 89
45 92
45 94
45 95
45 96
45 104
45 107
45 116
45 131
45 135
45 143
45 152
45 160
45 169
45 171
45 173
45 178
45 182
45 196
45 198
45 206
45 207
45 208
45 211
45 221
45 222
45 231
45 234
45 245
46 2
46 10
46 15
46 18
46 21
46 22
46 24
46 38
46 39
46 42
46 67
46 68
46 71
46 72
46 73
46 85
46 87
46 95
46 97
46 98
46 105
46 106
46 108
46 114
46 128
46 138
46 150
46 153
46 156
46 165
46 170
46 176
46 186
46 187
46 190
46 194
46 195
46 197
46 199
46 201
46 203
46 205
46 209
46 210
46 214
46 216
46 219
46 220
46 221
46 229
46 234
46 238
46 247
46 248
47 10
47 15
47 23
47 27
47 31
47 40
47 49
47 64
47 66
47 69
47 78
47 79
47 80
47 93
47 95
47 106
47 108
47 110
47 120
47 125
47 130
47 135
47 140
47 144
47 145
47 166
47 177
47 179
47 181
47 187
47 191
47 193
47 198
47 200
47 204
47 210
47 213
47 218
47 222
47 223
47 225
47 232
47 239
47 241
47 249
48 1
48 3
48 11
48 12
48 17
48 30
48 34
48 36
48 39
48 41
48 46
48 47
48 50
48 52
48 57
48 59
48 64
48 65
48 69
48 71
48 76
48 84
48 90
48 97
48 98
48 100
48 101
48 106
48 109
48 110
48 111
48 117
48 130
48 147
48 152
48 167
48 173
48 174
48 175
48 180
48 183
48 188
48 202
48 212
48 213
48 214
48 225
48 236
48 238
48 245
48 247
48 249
49 12
49 13
49 17
49 18
49 22
49 34
49 35
49 40
49 43
49 44
49 46
49 47
49 51
49 56
49 57
49 64
49 65
49 67
49 73
49 76
49 85
49 87
49 93
49 94
49 95
49 97
49 98
49 99
49 101
49 102
49 109
49 116
49 123
49 124
49 127
49 129
49 138
49 147
49 148
49 151
49 160
49 161
49 162
49 177
49 179
49 182
49 187
49 188
49 201
49 205
49 213
49 216
49 224
49 228
49 229
49 234
49 237
50 0
50 8
50 9
50 12
50 14
50 17
50 18
50 20
50 27
50 33
50 39
50 41
50 42
50 56
50 61
50 62
50 65
50 72
50 73
50 87
50 89
50 93
50 100
50 103
50 106
50 110
50 121
50 122
50 128
50 133
50 139
50 153
50 156
50 163
50 164
50 166
50 167
50 172
50 173
50 174
50 183
50 194
50 195
50 199
50 202
50 203
50 204
50 205
50 207
50 216
50 223
50 226
50 237
51 3
51 5
51 8
51 10
51 18
51 26
51 32
51 42
51 43
51 44
51 49
51 52
51 56
51 70
51 82
51 96
51 97
51 100
51 103
51 113
51 115
51 120
51 140
51 143
51 148
51 154
51 162
51 165
51 175
51 176
51 190
51 195
51 197
51 202
51 203
51 204
51 209
51 222
51 223
51 228
51 240
51 243
52 0
52 6
52 8
52 17
52 21
52 25
52 30
52 32
52 43
52 53
52 63
52 66
52 74
52 80
52 85
52 89
52 93
52 94
52 95
52 96
52 100
52 102
52 105
52 113
52 125
52 127
52 131
52 137
52 143
52 152
52 156
52 162
52 164
52 167
52 168
52 173
52 175
52 188
52 191
52 197
52 199
52 208
52 216
52 217
52 222
52 225
52 228
52 232
52 236
52 238
52 244
53 0
53 10
53 12
53 22
53 45
53 50
53 59
53 62
53 67
53 69
53 70
53 78
53 82
53 113
53 118
53 119
53 120
53 136
53 148
53 152
53 155
53 159
53 166
53 167
53 170
53 176
53 177
53 179
53 196
53 201
53 216
53 231
53 238
53 242
54 4
54 8
54 9
54 16
54 18
54 19
54 26
54 29
54 32
54 56
54 57
54 66
54 70
54 71
54 76
54 77
54 81
54 85
54 87
54 92
54 95
54 100
54 106
54 109
54 117
54 122
54 124
54 125
54 142
54 144
54 146
54 150
54 154
54 155
54 159
54 165
54 169
54 172
54 173
54 175
54 178
54 181
54 190
54 195
54 197
54 215
54 224
54 239
54 244
54 245
55 6
55 8
55 14
55 15
55 17
55 20
55 21
55 33
55 35
55 37
55 42
55 44
55 45
55 48
55 56
55 66
55 67
55 83
55 89
55 90
55 91
55 93
55 113
55 122
55 124
55 130
55 131
55 132
55 137
55 162
55 169
55 170
55 172
55 180
55 188
55 195
55 203
55 204
55 212
55 215
55 225
55 231
55 233
55 241
56 3
56 8
56 9
56 16
56 28
56 29
56 36
56 39
56 41
56 43
56 46
56 47
56 48
56 58
56 60
56 61
56 62
56 65
56 73
56 74
56 76
56 80
56 85
56 87
56 88
56 91
56 93
56 94
56 95
56 104
56 105
56 110
56 113
56 114
56 118
56 127
56 133
56 135
56 136
56 138
56 150
56 151
56 153
56 160
56 163
56 165
56 175
56 181
56 186
56 199
56 205
56 207
56 209
56 215
56 219
56 229
56 234
56 245
56 247
57 3
57 7
57 16
57 20
57 30
57 45
57 48
57 51
57 57
57 63
57 68
57 72
57 75
57 76
57 77
57 87
57 100
57 105
57 109
57 111
57 112
57 113
57 122
57 127
57 130
57 137
57 138
57 150
57 152
57 158
57 169
57 180
57 189
57 190
57 194
57 200
57 210
57 211
57 216
57 222
57 229
57 232
57 243
57 246
57 249
58 0
58 10
58 12
58 17
58 19
58 25
58 34
58 36
58 55
58 56
58 59
58 60
58 62
58 66
58 68
58 72
58 75
58 76
58 77
58 81
58 82
58 86
58 95
58 112
58 121
58 125
58 133
58 136
58 137
58 139
58 146
58 151
58 153
58 156
58 157
58 163
58 166
58 169
58 172
58 173
58 176
58 184
58 191
58 193
58 194
58 195
58 196
58 197
58 199
58 202
58 211
58 212
58 215
58 216
58 225
58 230
58 234
58 239
58 245
58 247
59 5
59 6
59 10
59 15
59 17
59 20
59 21
59 23
59 36
59 37
59 39
59 40
59 44
59 47
59 57
59 58
59 59
59 65
59 67
59 77
59 78
59 82
59 104
59 105
59 110
59 112
59 125
59 127
59 128
59 132
59 135
59 142
59 143
59 148
59 158
59 163
59 177
59 180
59 190
59 207
59 212
59 216
59 219
59 221
59 227
59 232
59 237
59 244
59 247
59 248
60 4
60 12
60 13
60 16
60 27
60 46
60 49
60 52
60 54
60 55
60 57
60 59
60 68
60 74
60 78
60 80
60 81
60 83
60 86
60 88
60 90
60 97
60 108
60 109
60 113
60 116
60 119
60 122
60 124
60 126
60 129
60 133
60 137
60 138
60 139
60 140
60 148
60 155
60 156
60 160
60 166
60 168
60 179
60 181
60 183
60 190
60 192
60 200
60 204
60 206
60 208
60 213
60 219
60 222
60 240
60 249
61 2
61 19
61 25
61 32
61 37
61 40
61 49
61 51
61 54
61 55
61 62
61 66
61 72
61 77
61 80
61 86
61 92
61 98
61 104
61 111
61 112
61 120
61 121
61 126
61 132
61 138
61 143
61 149
61 155
61 159
61 162
61 167
61 170
61 175
61 177
61 180
61 197
61 199
61 225
61 227
61 230
61 235
61 237
61 239
61 245
61 248
62 1
62 2
62 4
62 9
62 12
62 15
62 23
62 27
62 35
62 37
62 44
62 48
62 54
62 56
62 65
62 69
62 70
62 76
62 80
62 81
62 84
62 86
62 88
62 90
62 97
62 105
62 115
62 123
62 131
62 133
62 137
62 158
62 159
62 180
62 188
62 196
62 203
62 206
62 210
62 211
62 235
62 236
62 242
62 244
62 248
63 12
63 15
63 29
63 37
63 46
63 49
63 52
63 53
63 55
63 57
63 70
63 71
63 74
63 79
63 85
63 86
63 104
63 113
63 116
63 126
63 127
63 129
63 145
63 146
63 148
63 150
63 151
63 154
63 158
63 160
63 168
63 180
63 182
63 183
63 186
63 188
63 189
63 193
63 195
63 208
63 210
63 212
63 213
63 217
63 220
63 221
63 230
63 234
63 237
64 2
64 9
64 13
64 15
64 21
64 22
64 31
64 39
64 42
64 45
64 52
64 54
64 59
64 66
64 72
64 74
64 77
64 86
64 94
64 107
64 109
64 116
64 118
64 122
64 123
64 131
64 136
64 138
64 142
64 144
64 146
64 160
64 163
64 168
64 171
64 173
64 174
64 175
64 190
64 193
64 194
64 198
64 200
64 203
64 220
64 223
64 231
64 246
64 248
65 3
65 5
65 17
65 18
65 24
65 27
65 28
65 29
65 30
65 34
65 37
65 41
65 46
65 47
65 64
65 67
65 69
65 78
65 83
65 90
65 102
65 113
65 114
65 128
65 131
65 132
65 139
65 143
65 150
65 151
65 152
65 153
65 173
65 175
65 176
65 183
65 184
65 188
65 193
65 194
65 195
65 205
65 207
65 220
65 234
65 236
65 242
66 3
66 4
66 25
66 26
66 30
66 34
66 35
66 38
66 40
66 42
66 59
66 60
66 65
66 69
66 70
66 71
66 79
66 80
66 81
66 87
66 93
66 98
66 100
66 101
66 102
66 106
66 108
66 118
66 128
66 130
66 131
66 133
66 136
66 137
66 142
66 148
66 149
66 164
66 173
66 175
66 180
66 183
66 192
66 201
66 208
66 211
66 216
66 218
66 219
66 225
66 239
66 241
66 248
66 249
67 12
67 16
67 18
67 22
67 24
67 34
67 36
67 40
67 43
67 44
67 74
67 87
67 88
67 92
67 98
67 108
67 111
67 114
67 115
67 116
67 120
67 121
67 130
67 135
67 136
67 139
67 140
67 144
67 167
67 173
67 179
67 192
67 194
67 201
67 207
67 208
67 216
67 226
67 242
67 243
68 1
68 12
68 18
68 19
68 29
68 31
68 36
68 38
68 53
68 54
68 57
68 58
68 59
68 70
68 72
68 78
68 84
68 86
68 89
68 91
68 92
68 95
68 99
68 100
68 102
68 106
68 109
68 112
68 113
68 117
68 118
68 121
68 125
68 129
68 135
68 143
68 150
68 172
68 181
68 184
68 187
68 191
68 198
68 204
68 208
68 209
68 216
68 218
68 219
68 222
68 228
68 233
68 239
68 240
69 6
69 16
69 19
69 28
69 31
69 48
69 49
69 50
69 52
69 60
69 68
69 72
69 80
69 81
69 85
69 99
69 100
69 103
69 105
69 109
69 111
69 115
69 116
69 119
69 129
69 135
69 136
69 137
69 139
69 141
69 151
69 156
69 166
69 171
69 174
69 184
69 188
69 190
69 199
69 212
69 213
69 215
69 217
69 219
69 223
69 236
69 240
69 242
69 248
70 2
70 8
70 15
70 22
70 43
70 55
70 61
70 64
70 66
70 68
70 75
70 76
70 78
70 81
70 89
70 92
70 95
70 96
70 100
70 101
70 107
70 111
70 119
70 128
70 140
70 145
70 153
70 167
70 182
70 186
70 190
70 193
70 201
70 202
70 203
70 206
70 216
70 220
70 225
70 243
70 245
71 0
71 8
71 10
71 22
71 23
71 26
71 44
71 45
71 46
71 50
71 54
71 59
71 72
71 75
71 84
71 91
71 92
71 104
71 116
71 120
71 121
71 126
71 127
71 130
71 131
71 134
71 154
71 156
71 159
71 185
71 189
71 196
71 197
71 202
71 204
71 207
71 208
71 216
71 220
71 230
71 244
71 248
71 249
72 3
72 5
72 7
72 18
72 30
72 33
72 41
72 57
72 77
72 79
72 91
72 95
72 96
72 97
72 99
72 103
72 107
72 113
72 118
72 122
72 126
72 127
72 132
72 137
72 147
72 148
72 150
72 167
72 168
72 175
72 184
72 200
72 203
72 206
72 208
72 218
72 223
72 228
72 233
73 10
73 30
73 36
73 39
73 41
73 44
73 62
73 70
73 79
73 82
73 86
73 91
73 92
73 99
73 104
73 107
73 117
73 121
73 125
73 129
73 141
73 143
73 151
73 157
73 161
73 164
73 170
73 171
73 172
73 175
73 186
73 193
73 194
73 198
73 202
73 206
73 215
73 222
73 228
73 238
73 244
73 245
73 247
74 1
74 10
74 21
74 22
74 23
74 30
74 43
74 52
74 56
74 73
74 75
74 80
74 84
74 105
74 107
74 115
74 120
74 123
74 127
74 128
74 130
74 139
74 140
74 142
74 147
74 148
74 150
74 152
74 157
74 162
74 164
74 175
74 180
74 182
74 192
74 198
74 205
74 209
74 210
74 212
74 214
74 228
74 229
74 230
74 241
74 247
75 6
75 13
75 17
75 23
75 35
75 41
75 43
75 45
75 55
75 60
75 61
75 65
75 71
75 79
75 81
75 97
75 103
75 110
75 111
75 115
75 116
75 122
75 128
75 136
75 142
75 143
75 146
75 149
75 159
75 175
75 177
75 180
75 191
75 196
75 201
75 212
75 215
75 216
75 221
75 222
75 227
75 231
75 234
75 235
75 240
75 243
75 248
76 1
76 2
76 3
76 21
76 25
76 28
76 35
76 36
76 38
76 39
76 45
76 49
76 65
76 69
76 75
76 91
76 92
76 93
76 94
76 97
76 103
76 104
76 109
76 110
76 111
76 133
76 135
76 138
76 139
76 141
76 149
76 163
76 166
76 167
76 168
76 169
76 170
76 175
76 179
76 181
76 184
76 188
76 191
76 200
76 201
76 204
76 208
76 211
76 213
76 219
76 220
76 228
76 237
76 239
76 240
76 241
77 15
77 25
77 29
77 41
77 46
77 59
77 60
77 77
77 80
77 91
77 92
77 98
77 109
77 112
77 116
77 118
77 128
77 136
77 137
77 138
77 144
77 148
77 162
77 170
77 175
77 180
77 182
77 185
77 189
77 190
77 192
77 198
77 204
77 207
77 208
77 215
77 224
77 226
77 235
77 238
77 242
78 3
78 5
78 12
78 14
78 19
78 27
78 28
78 37
78 43
78 46
78 59
78 65
78 67
78 70
78 71
78 74
78 76
78 92
78 94
78 102
78 108
78 115
78 118
78 120
78 121
78 124
78 125
78 126
78 129
78 130
78 134
78 138
78 147
78 152
78 157
78 160
78 170
78 178
78 184
78 185
78 193
78 194
78 201
78 202
78 215
78 216
78 217
78 219
78 220
78 221
78 233
78 241
78 242
78 243
79 5
79 9
79 14
79 16
79 18
79 21
79 22
79 26
79 31
79 41
79 46
79 51
79 62
79 73
79 85
79 87
79 90
79 92
79 99
79 102
79 103
79 105
79 110
79 115
79 122
79 124
79 129
79 136
79 152
79 154
79 159
79 161
79 162
79 177
79 180
79 182
79 186
79 199
79 201
79 202
79 205
79 215
79 218
79 226
79 232
79 235
79 236
79 240
80 5
80 9
80 12
80 23
80 24
80 28
80 30
80 34
80 41
80 61
80 62
80 85
80 86
80 88
80 92
80 95
80 105
80 120
80 121
80 124
80 125
80 130
80 131
80 139
80 141
80 142
80 151
80 154
80 157
80 159
80 165
80 171
80 193
80 194
80 203
80 215
80 216
80 233
80 238
80 239
80 245
80 246
80 249
81 3
81 4
81 5
81 8
81 12
81 21
81 25
81 29
81 38
81 47
81 48
81 52
81 55
81 59
81 62
81 64
81 65
81 69
81 72
81 73
81 76
81 78
81 87
81 93
81 99
81 103
81 104
81 108
81 109
81 110
81 112
81 118
81 119
81 124
81 125
81 135
81 139
81 143
81 144
81 145
81 153
81 155
81 163
81 166
81 171
81 172
81 181
81 188
81 190
81 199
81 214
81 218
81 220
81 225
81 237
81 238
81 243
81 245
81 246
82 6
82 15
82 17
82 19
82 20
82 21
82 34
82 36
82 37
82 39
82 43
82 46
82 47
82 50
82 51
82 53
82 57
82 58
82 62
82 65
82 76
82 77
82 87
82 120
82 122
82 127
82 130
82 131
82 135
82 140
82 143
82 146
82 147
82 150
82 156
82 174
82 176
82 179
82 191
82 192
82 207
82 208
82 225
82 226
82 227
82 228
82 229
82 236
82 243
83 0
83 8
83 11
83 19
83 31
83 32
83 38
83 52
83 65
83 68
83 76
83 80
83 81
83 83
83 94
83 97
83 118
83 124
83 129
83 135
83 143
83 144
83 145
83 149
83 154
83 160
83 169
83 183
83 184
83 188
83 189
83 191
83 194
83 199
83 200
83 203
83 207
83 212
83 216
83 233
83 238
83 246
84 1
84 21
84 26
84 28
84 29
84 31
84 36
84 38
84 39
84 45
84 50
84 56
84 82
84 83
84 91
84 95
84 97
84 114
84 119
84 120
84 122
84 123
84 139
84 142
84 146
84 148
84 150
84 156
84 157
84 159
84 163
84 180
84 182
84 185
84 191
84 207
84 213
84 222
84 223
84 228
84 230
84 240
84 242
84 243
84 246
84 247
85 10
85 12
85 16
85 20
85 23
85 34
85 40
85 49
85 52
85 56
85 62
85 66
85 71
85 79
85 82
85 84
85 92
85 96
85 99
85 102
85 110
85 116
85 123
85 128
85 137
85 143
85 146
85 150
85 152
85 154
85 156
85 175
85 183
85 187
85 210
85 215
85 224
85 243
85 244
86 0
86 2
86 4
86 15
86 23
86 26
86 40
86 44
86 45
86 47
86 66
86 77
86 81
86 89
86 92
86 100
86 101
86 102
86 111
86 120
86 121
86 122
86 135
86 157
86 169
86 170
86 173
86 179
86 194
86 199
86 200
86 205
86 206
86 209
86 212
86 222
86 224
86 227
86 230
86 233
86 240
86 241
86 249
87 1
87 5
87 7
87 8
87 9
87 14
87 20
87 30
87 34
87 42
87 46
87 48
87 53
87 54
87 55
87 57
87 64
87 65
87 68
87 74
87 79
87 82
87 84
87 90
87 94
87 95
87 99
87 100
87 105
87 106
87 127
87 128
87 130
87 131
87 139
87 141
87 142
87 148
87 149
87 150
87 164
87 165
87 167
87 168
87 173
87 175
87 179
87 180
87 189
87 190
87 193
87 194
87 197
87 203
87 205
87 216
87 219
87 220
87 229
87 235
87 236
87 238
87 239
87 248
87 249
88 5
88 8
88 14
88 24
88 30
88 31
88 33
88 39
88 40
88 41
88 44
88 46
88 48
88 50
88 51
88 54
88 60
88 61
88 64
88 67
88 69
88 72
88 73
88 77
88 82
88 91
88 92
88 95
88 96
88 103
88 108
88 111
88 115
88 125
88 127
88 142
88 145
88 146
88 148
88 151
88 157
88 162
88 171
88 172
88 174
88 176
88 180
88 186
88 191
88 192
88 203
88 204
88 207
88 221
88 226
88 233
88 240
89 6
89 14
89 15
89 18
89 19
89 20
89 25
89 28
89 31
89 37
89 46
89 47
89 51
89 52
89 54
89 55
89 58
89 61
89 65
89 69
89 70
89 75
89 76
89 83
89 84
89 87
89 93
89 109
89 118
89 119
89 128
89 129
89 132
89 138
89 139
89 151
89 152
89 175
89 176
89 188
89 193
89 196
89 206
89 207
89 213
89 217
89 218
89 224
89 234
89 237
89 241
89 246
90 3
90 5
90 7
90 10
90 16
90 18
90 20
90 27
90 33
90 39
90 40
90 48
90 51
90 65
90 77
90 85
90 86
90 93
90 96
90 98
90 101
90 121
90 126
90 135
90 136
90 138
90 139
90 152
90 153
90 154
90 159
90 165
90 170
90 196
90 201
90 204
90 210
90 211
90 214
90 219
90 229
90 244
91 4
91 7
91 12
91 13
91 25
91 31
91 50
91 51
91 56
91 59
91 63
91 65
91 67
91 68
91 75
91 84
91 90
91 99
91 104
91 121
91 125
91 128
91 132
91 133
91 140
91 142
91 149
91 151
91 155
91 156
91 172
91 176
91 178
91 179
91 180
91 190
91 193
91 202
91 205
91 207
91 210
91 222
91 226
91 228
91 231
91 239
91 241
91 247
92 8
92 13
92 17
92 22
92 23
92 30
92 31
92 35
92 37
92 38
92 45
92 50
92 52
92 64
92 65
92 82
92 83
92 85
92 97
92 98
92 108
92 110
92 114
92 118
92 121
92 133
92 138
92 139
92 140
92 152
92 153
92 156
92 171
92 180
92 182
92 191
92 192
92 198
92 200
92 202
92 204
92 205
92 214
92 222
92 223
92 230
92 231
92 239
92 240
93 4
93 6
93 8
93 9
93 11
93 17
93 25
93 26
93 27
93 28
93 31
93 46
93 49
93 56
93 57
93 63
93 66
93 67
93 72
93 78
93 83
93 85
93 88
93 91
93 102
93 107
93 111
93 112
93 118
93 121
93 126
93 131
93 135
93 144
93 159
93 160
93 163
93 166
93 167
93 168
93 176
93 189
93 190
93 195
93 201
93 213
93 217
93 219
93 221
93 222
93 228
93 236
93 237
93 247
94 0
94 1
94 3
94 12
94 13
94 14
94 15
94 18
94 20
94 21
94 24
94 32
94 35
94 44
94 53
94 60
94 62
94 64
94 77
94 79
94 93
94 96
94 100
94 105
94 115
94 116
94 123
94 128
94 129
94 130
94 136
94 149
94 154
94 159
94 164
94 193
94 222
94 225
94 226
94 227
94 235
94 242
94 243
94 248
95 11
95 24
95 33
95 38
95 39
95 46
95 47
95 48
95 51
95 55
95 58
95 59
95 64
95 67
95 68
95 75
95 83
95 98
95 101
95 103
95 105
95 109
95 112
95 116
95 124
95 125
95 127
95 136
95 142
95 145
95 148
95 149
95 159
95 160
95 165
95 168
95 169
95 171
95 174
95 183
95 185
95 200
95 210
95 214
95 216
95 218
95 225
95 232
96 0
96 5
96 11
96 17
96 23
96 28
96 33
96 40
96 57
96 59
96 67
96 72
96 74
96 76
96 80
96 81
96 94
96 100
96 109
96 117
96 124
96 137
96 147
96 150
96 166
96 167
96 168
96 169
96 184
96 185
96 188
96 191
96 192
96 195
96 202
96 206
96 244
96 245
96 246
96 248
96 249
97 1
97 6
97 8
97 19
97 25
97 29
97 47
97 48
97 61
97 64
97 68
97 69
97 71
97 74
97 75
97 77
97 81
97 87
97 92
97 94
97 96
97 101
97 114
97 119
97 132
97 133
97 134
97 135
97 137
97 147
97 156
97 159
97 161
97 163
97 167
97 172
97 192
97 193
97 194
97 195
97 196
97 197
97 217
97 223
97 224
97 239
97 248
98 11
98 28
98 37
98 38
98 45
98 49
98 59
98 63
98 64
98 65
98 71
98 72
98 73
98 78
98 82
98 83
98 86
98 88
98 96
98 116
98 130
98 132
98 142
98 143
98 145
98 164
98 169
98 172
98 176
98 178
98 180
98 182
98 183
98 185
98 187
98 194
98 200
98 202
98 205
98 206
98 213
98 223
98 232
98 241
98 243
99 13
99 14
99 19
99 22
99 36
99 37
99 40
99 41
99 42
99 47
99 58
99 65
99 84
99 85
99 89
99 98
99 101
99 102
99 103
99 104
99 108
99 117
99 118
99 121
99 134
99 143
99 144
99 145
99 146
99 154
99 155
99 163
99 167
99 169
99 182
99 189
99 192
99 194
99 195
99 198
99 200
99 203
99 208
99 210
99 211
99 213
99 217
99 218
99 219
99 224
99 225
99 234
99 238
99 246
99 247
100 3
100 4
100 10
100 16
100 24
100 25
100 32
100 36
100 44
100 47
100 57
100 71
100 75
100 83
100 89
100 95
100 111
100 115
100 118
100 119
100 120
100 122
100 133
100 134
100 139
100 147
100 157
100 162
100 165
100 170
100 171
100 183
100 185
100 189
100 191
100 194
100 198
100 200
100 214
100 219
100 223
100 226
100 236
100 244
100 246
101 14
101 16
101 36
101 53
101 54
101 56
101 60
101 69
101 72
101 75
101 76
101 77
101 78
101 79
101 90
101 95
101 114
101 132
101 138
101 141
101 142
101 144
101 148
101 154
101 156
101 163
101 170
101 174
101 175
101 177
101 182
101 186
101 188
101 191
101 208
101 216
101 232
101 233
101 235
101 238
101 240
101 242
102 5
102 7
102 14
102 17
102 20
102 33
102 34
102 35
102 40
102 51
102 52
102 60
102 61
102 62
102 73
102 75
102 79
102 81
102 91
102 93
102 101
102 108
102 112
102 113
102 115
102 121
102 124
102 126
102 128
102 136
102 138
102 141
102 146
102 148
102 158
102 161
102 168
102 171
102 174
102 176
102 180
102 184
102 187
102 189
102 190
102 198
102 202
102 207
102 211
102 213
102 214
102 216
102 221
102 224
102 227
102 228
102 229
102 231
102 235
102 247
103 6
103 11
103 14
103 17
103 18
103 23
103 24
103 33
103 34
103 37
103 42
103 50
103 51
103 53
103 57
103 62
103 63
103 66
103 70
103 76
103 77
103 78
103 79
103 80
103 81
103 88
103 91
103 95
103 96
103 97
103 112
103 116
103 118
103 121
103 123
103 130
103 131
103 133
103 140
103 151
103 156
103 158
103 161
103 167
103 170
103 171
103 172
103 194
103 195
103 201
103 205
103 206
103 212
103 214
103 233
103 235
103 237
103 246
104 1
104 2
104 3
104 8
104 10
104 16
104 21
104 29
104 31
104 38
104 39
104 42
104 46
104 49
104 50
104 53
104 69
104 76
104 78
104 90
104 93
104 98
104 100
104 102
104 104
104 107
104 108
104 111
104 113
104 119
104 120
104 135
104 141
104 143
104 144
104 162
104 173
104 174
104 181
104 187
104 190
104 193
104 202
104 203
104 205
104 210
104 215
104 218
104 227
104 229
104 233
104 237
104 238
105 2
105 3
105 6
105 7
105 12
105 14
105 16
105 17
105 21
105 25
105 29
105 31
105 35
105 40
105 43
105 44
105 50
105 54
105 55
105 56
105 59
105 61
105 64
105 67
105 68
105 70
105 77
105 82
105 85
105 91
105 93
105 111
105 114
105 116
105 118
105 119
105 127
105 131
105 132
105 134
105 142
105 143
105 144
105 150
105 152
105 154
105 161
105 165
105 170
105 171
105 174
105 176
105 187
105 196
105 200
105 201
105 210
105 213
105 214
105 215
105 216
105 221
105 227
105 230
105 239
105 241
105 246
105 247
105 249
106 0
106 2
106 6
106 9
106 13
106 21
106 23
106 24
106 29
106 33
106 34
106 35
106 36
106 38
106 50
106 51
106 64
106 72
106 76
106 82
106 97
106 99
106 115
106 122
106 129
106 131
106 138
106 144
106 151
106 153
106 157
106 161
106 163
106 164
106 169
106 172
106 173
106 174
106 179
106 182
106 184
106 187
106 204
106 218
106 220
106 236
106 237
106 241
106 244
107 2
107 22
107 39
107 41
107 46
107 50
107 56
107 59
107 65
107 75
107 77
107 80
107 83
107 85
107 86
107 88
107 89
107 100
107 109
107 110
107 120
107 125
107 131
107 134
107 135
107 139
107 142
107 150
107 151
107 153
107 157
107 159
107 167
107 175
107 176
107 179
107 181
107 192
107 195
107 208
107 212
107 215
107 220
107 234
107 236
107 238
107 244
107 246
107 248
108 8
108 9
108 15
108 17
108 45
108 49
108 63
108 70
108 72
108 75
108 77
108 78
108 88
108 89
108 98
108 99
108 103
108 108
108 109
108 110
108 112
108 113
108 118
108 121
108 126
108 129
108 133
108 134
108 147
108 158
108 167
108 178
108 184
108 188
108 195
108 198
108 201
108 212
108 215
108 216
108 218
108 223
108 228
108 233
108 241
108 242
108 246
108 247
109 16
109 18
109 20
109 27
109 37
109 38
109 44
109 49
109 56
109 59
109 66
109 70
109 71
109 73
109 74
109 76
109 85
109 86
109 89
109 108
109 110
109 111
109 121
109 128
109 151
109 154
109 155
109 157
109 160
109 169
109 171
109 174
109 176
109 178
109 182
109 183
109 195
109 196
109 206
109 208
109 216
109 221
109 232
109 233
109 237
109 244
110 9
110 18
110 26
110 31
110 35
110 36
110 44
110 45
110 54
110 59
110 62
110 74
110 76
110 77
110 81
110 82
110 83
110 84
110 89
110 96
110 103
110 105
110 109
110 110
110 115
110 118
110 119
110 128
110 129
110 132
110 135
110 142
110 144
110 145
110 155
110 157
110 163
110 183
110 194
110 200
110 202
110 205
110 208
110 209
110 211
110 217
110 233
110 234
110 237
110 238
110 240
110 243
111 2
111 26
111 34
111 40
111 41
111 42
111 49
111 55
111 62
111 63
111 65
111 69
111 73
111 75
111 81
111 83
111 91
111 93
111 94
111 101
111 111
111 118
111 120
111 129
111 131
111 132
111 134
111 140
111 145
111 159
111 166
111 167
111 177
111 183
111 184
111 195
111 207
111 208
111 214
111 216
111 218
111 225
111 230
111 231
111 237
111 245
111 247
112 0
112 4
112 8
112 9
112 10
112 18
112 24
112 26
112 29
112 35
112 36
112 40
112 45
112 46
112 52
112 67
112 73
112 77
112 81
112 82
112 84
112 89
112 92
112 108
112 109
112 110
112 116
112 120
112 121
112 123
112 126
112 130
112 141
112 147
112 148
112 157
112 159
112 170
112 183
112 184
112 190
112 192
112 194
112 196
112 198
112 206
112 210
112 211
112 213
112 217
112 219
112 222
112 229
112 235
112 238
112 239
112 241
112 244
113 0
113 4
113 5
113 7
113 9
113 24
113 26
113 40
113 55
113 73
113 74
113 80
113 88
113 93
113 102
113 108
113 116
113 119
113 122
113 124
113 127
113 134
113 135
113 137
113 141
113 148
113 151
113 152
113 156
113 161
113 162
113 165
113 166
113 187
113 192
113 194
113 196
113 198
113 200
113 201
113 216
113 219
113 226
113 244
113 248
114 7
114 20
114 22
114 25
114 29
114 32
114 34
114 36
114 39
114 47
114 51
114 58
114 63
114 64
114 67
114 77
114 78
114 80
114 83
114 90
114 92
114 96
114 106
114 108
114 131
114 137
114 141
114 142
114 143
114 144
114 156
114 157
114 159
114 171
114 174
114 175
114 183
114 187
114 192
114 199
114 200
114 204
114 205
114 213
114 214
114 220
114 223
114 225
114 229
114 233
114 234
114 237
114 239
114 243
114 248
115 0
115 1
115 4
115 5
115 12
115 24
115 31
115 36
115 39
115 43
115 45
115 46
115 47
115 48
115 54
115 57
115 59
115 60
115 61
115 83
115 84
115 91
115 99
115 104
115 106
115 108
115 117
115 119
115 126
115 132
115 146
115 154
115 155
115 156
115 159
115 163
115 165
115 166
115 167
115 173
115 185
115 199
115 202
115 203
115 205
115 206
115 209
115 210
115 218
115 223
115 224
115 228
115 229
115 240
115 242
115 244
115 246
116 3
116 10
116 17
116 24
116 26
116 30
116 31
116 34
116 41
116 42
116 56
116 57
116 72
116 76
116 82
116 92
116 96
116 99
116 104
116 106
116 114
116 117
116 125
116 126
116 129
116 137
116 141
116 161
116 162
116 166
116 167
116 178
116 181
116 186
116 189
116 197
116 203
116 207
116 211
116 219
116 220
116 234
116 236
117 7
117 14
117 16
117 21
117 26
117 28
117 32
117 39
117 40
117 41
117 42
117 47
117 54
117 55
117 67
117 71
117 74
117 80
117 88
117 90
117 97
117 100
117 103
117 104
117 120
117 129
117 132
117 139
117 144
117 149
117 150
117 151
117 157
117 162
117 163
117 164
117 165
117 170
117 177
117 188
117 191
117 192
117 194
117 200
117 203
117 206
117 221
117 222
117 226
117 235
117 241
117 243
117 245
117 247
118 3
118 15
118 18
118 29
118 32
118 39
118 41
118 46
118 50
118 64
118 69
118 70
118 72
118 73
118 85
118 87
118 91
118 93
118 103
118 104
118 106
118 110
118 116
118 120
118 123
118 125
118 126
118 128
118 131
118 149
118 162
118 166
118 167
118 173
118 176
118 178
118 179
118 183
118 184
118 193
118 203
118 204
118 205
118 214
118 216
118 222
118 227
118 238
118 239
118 243
119 1
119 3
119 6
119 8
119 9
119 12
119 19
119 38
119 41
119 42
119 45
119 49
119 54
119 62
119 66
119 70
119 74
119 75
119 82
119 84
119 86
119 93
119 95
119 99
119 100
119 102
119 110
119 116
119 119
119 121
119 127
119 133
119 146
119 147
119 153
119 162
119 166
119 167
119 169
119 171
119 182
119 183
119 185
119 190
119 196
119 200
119 207
119 218
119 223
119 227
119 232
119 236
119 241
119 245
119 246
120 4
120 11
120 14
120 28
120 52
120 57
120 65
120 66
120 76
120 80
120 87
120 94
120 102
120 107
120 109
120 112
120 120
120 123
120 124
120 136
120 142
120 150
120 154
120 156
120 157
120 160
120 170
120 179
120 187
120 191
120 194
120 199
120 201
120 204
120 206
120 208
120 222
120 244
120 248
120 249
121 0
121 2
121 5
121 9
121 11
121 12
121 18
121 21
121 26
121 27
121 28
121 32
121 41
121 43
121 52
121 55
121 57
121 59
121 60
121 64
121 65
121 66
121 69
121 72
121 75
121 78
121 90
121 91
121 92
121 94
121 100
121 101
121 102
121 107
121 120
121 123
121 125
121 132
121 134
121 136
121 144
121 146
121 150
121 156
121 157
121 158
121 162
121 168
121 172
121 178
121 192
121 196
121 198
121 203
121 207
121 209
121 213
121 214
121 224
121 226
121 231
121 236
121 237
121 249
122 1
122 11
122 12
122 21
122 22
122 29
122 31
122 33
122 35
122 38
122 39
122 42
122 46
122 52
122 57
122 58
122 59
122 62
122 75
122 79
122 81
122 89
122 94
122 95
122 96
122 99
122 104
122 117
122 120
122 124
122 127
122 134
122 139
122 142
122 143
122 144
122 145
122 148
122 150
122 155
122 162
122 164
122 168
122 171
122 175
122 176
122 181
122 183
122 185
122 192
122 210
122 224
122 225
122 229
122 232
122 236
122 237
122 238
122 243
123 1
123 4
123 6
123 11
123 12
123 15
123 16
123 21
123 32
123 35
123 37
123 57
123 68
123 82
123 85
123 89
123 96
123 110
123 113
123 114
123 115
123 117
123 123
123 125
123 129
123 130
123 147
123 151
123 153
123 166
123 179
123 181
123 189
123 193
123 195
123 201
123 203
123 205
123 209
123 214
123 219
123 220
123 222
123 227
123 241
123 246
123 249
124 2
124 4
124 8
124 11
124 12
124 13
124 16
124 25
124 26
124 35
124 38
124 40
124 47
124 48
124 52
124 57
124 58
124 61
124 63
124 67
124 69
124 70
124 80
124 84
124 86
124 90
124 94
124 103
124 110
124 113
124 127
124 128
124 130
124 131
124 144
124 151
124 153
124 155
124 158
124 162
124 167
124 170
124 173
124 177
124 182
124 191
124 193
124 198
124 202
124 203
124 206
124 207
124 213
124 219
124 222
124 230
124 237
124 247
125 0
125 3
125 4
125 10
125 17
125 19
125 25
125 42
125 48
125 52
125 53
125 58
125 60
125 70
125 73
125 75
125 90
125 95
125 96
125 102
125 125
125 135
125 137
125 142
125 147
125 149
125 156
125 162
125 167
125 170
125 178
125 179
125 189
125 191
125 196
125 201
125 204
125 215
125 219
125 227
125 236
125 237
125 247
125 248
126 0
126 8
126 29
126 30
126 31
126 32
126 37
126 38
126 40
126 47
126 49
126 55
126 58
126 59
126 64
126 72
126 75
126 76
126 79
126 85
126 88
126 90
126 95
126 96
126 103
126 112
126 116
126 117
126 121
126 122
126 127
126 137
126 138
126 141
126 146
126 150
126 152
126 153
126 155
126 161
126 162
126 163
126 171
126 173
126 176
126 177
126 179
126 182
126 183
126 189
126 204
126 207
126 212
126 221
126 226
126 230
126 232
126 238
126 244
126 246
127 12
127 36
127 48
127 51
127 53
127 66
127 83
127 96
127 110
127 125
127 130
127 131
127 134
127 135
127 140
127 148
127 151
127 153
127 161
127 163
127 165
127 173
127 174
127 182
127 192
127 199
127 200
127 201
127 204
127 210
127 211
127 214
127 222
127 223
127 228
127 234
127 242
127 244
127 247
128 4
128 5
128 14
128 27
128 28
128 29
128 30
128 37
128 38
128 56
128 58
128 65
128 69
128 77
128 81
128 82
128 83
128 87
128 92
128 95
128 98
128 101
128 105
128 106
128 107
128 109
128 115
128 117
128 119
128 125
128 133
128 136
128 144
128 147
128 151
128 153
128 160
128 168
128 170
128 181
128 184
128 186
128 189
128 209
128 212
128 230
128 232
128 240
129 5
129 9
129 19
129 24
129 29
129 35
129 38
129 39
129 46
129 47
129 51
129 53
129 56
129 58
129 59
129 60
129 73
129 78
129 88
129 90
129 91
129 93
129 94
129 96
129 97
129 105
129 107
129 113
129 134
129 135
129 136
129 154
129 165
129 180
129 185
129 187
129 192
129 203
129 216
129 221
129 225
129 234
129 239
129 240
129 247
129 249
130 0
130 5
130 11
130 12
130 31
130 32
130 34
130 35
130 40
130 41
130 49
130 50
130 53
130 64
130 70
130 73
130 83
130 84
130 89
130 90
130 93
130 94
130 99
130 125
130 129
130 130
130 139
130 143
130 158
130 160
130 164
130 168
130 182
130 195
130 196
130 207
130 215
130 216
130 231
130 234
130 239
130 242
130 244
131 5
131 8
131 27
131 29
131 30
131 35
131 38
131 41
131 42
131 48
131 65
131 72
131 77
131 78
131 82
131 91
131 102
131 103
131 105
131 107
131 111
131 113
131 118
131 122
131 136
131 137
131 140
131 154
131 155
131 157
131 158
131 160
131 169
131 170
131 173
131 174
131 175
131 179
131 182
131 184
131 187
131 192
131 197
131 198
131 199
131 202
131 204
131 211
131 214
131 234
131 242
131 247
132 0
132 10
132 12
132 16
132 22
132 25
132 29
132 44
132 50
132 52
132 54
132 56
132 58
132 71
132 73
132 76
132 77
132 79
132 80
132 87
132 88
132 94
132 96
132 100
132 113
132 118
132 124
132 126
132 132
132 138
132 139
132 142
132 147
132 148
132 151
132 154
132 166
132 168
132 172
132 174
132 176
132 178
132 188
132 193
132 194
132 205
132 214
132 216
132 220
132 221
132 225
132 226
132 227
132 242
132 246
132 248
133 1
133 6
133 8
133 16
133 19
133 29
133 30
133 32
133 33
133 38
133 40
133 41
133 42
133 44
133 45
133 46
133 47
133 56
133 58
133 59
133 61
133 67
133 68
133 69
133 78
133 81
133 83
133 85
133 89
133 100
133 103
133 110
133 113
133 114
133 115
133 128
133 133
133 142
133 144
133 146
133 152
133 153
133 156
133 164
133 165
133 167
133 170
133 172
133 180
133 183
133 184
133 199
133 205
133 211
133 217
133 230
133 234
133 238
133 243
133 247
134 1
134 6
134 7
134 11
134 13
134 23
134 25
134 26
134 33
134 34
134 46
134 48
134 49
134 53
134 56
134 61
134 66
134 73
134 78
134 83
134 95
134 96
134 100
134 104
134 126
134 129
134 130
134 132
134 133
134 138
134 139
134 147
134 150
134 151
134 156
134 176
134 177
134 188
134 190
134 192
134 193
134 197
134 202
134 215
134 216
134 218
134 220
134 226
134 237
134 242
134 244
135 1
135 6
135 14
135 19
135 24
135 30
135 38
135 42
135 46
135 47
135 57
135 58
135 62
135 67
135 69
135 82
135 85
135 94
135 97
135 98
135 108
135 122
135 138
135 140
135 145
135 151
135 156
135 159
135 169
135 171
135 174
135 178
135 179
135 185
135 189
135 201
135 204
135 211
135 217
135 220
135 226
135 227
135 230
135 235
136 7
136 16
136 21
136 24
136 30
136 41
136 44
136 45
136 56
136 57
136 64
136 65
136 89
136 93
136 100
136 104
136 111
136 112
136 116
136 117
136 124
136 126
136 128
136 135
136 138
136 142
136 143
136 150
136 157
136 159
136 167
136 168
136 169
136 172
136 176
136 185
136 195
136 198
136 206
136 208
136 221
136 226
136 227
136 229
136 230
136 233
136 234
136 241
136 244
136 248
137 1
137 4
137 6
137 7
137 15
137 21
137 22
137 24
137 25
137 32
137 40
137 42
137 44
137 52
137 53
137 57
137 66
137 70
137 74
137 77
137 86
137 87
137 88
137 95
137 99
137 101
137 104
137 107
137 108
137 123
137 135
137 140
137 159
137 169
137 174
137 184
137 188
137 190
137 191
137 192
137 193
137 201
137 202
137 203
137 207
137 210
137 239
137 246
137 249
138 0
138 4
138 15
138 16
138 18
138 19
138 25
138 29
138 32
138 34
138 36
138 40
138 44
138 46
138 48
138 51
138 58
138 62
138 65
138 84
138 86
138 90
138 94
138 98
138 100
138 107
138 115
138 124
138 126
138 127
138 128
138 132
138 135
138 136
138 138
138 139
138 148
138 154
138 155
138 156
138 157
138 166
138 169
138 176
138 177
138 181
138 184
138 191
138 199
138 206
138 212
138 227
138 228
138 231
138 232
138 236
139 5
139 8
139 13
139 15
139 16
139 19
139 23
139 35
139 51
139 60
139 62
139 66
139 70
139 77
139 79
139 81
139 93
139 97
139 102
139 114
139 120
139 124
139 127
139 129
139 130
139 132
139 138
139 139
139 147
139 149
139 157
139 163
139 167
139 172
139 187
139 188
139 189
139 193
139 198
139 199
139 200
139 206
139 207
139 212
139 213
139 214
139 217
139 223
139 228
139 231
139 237
139 239
139 240
139 249
140 1
140 12
140 26
140 28
140 30
140 33
140 42
140 44
140 62
140 64
140 65
140 66
140 70
140 73
140 74
140 75
140 79
140 80
140 81
140 84
140 90
140 91
140 96
140 98
140 100
140 103
140 105
140 106
140 111
140 118
140 119
140 122
140 124
140 127
140 128
140 133
140 147
140 152
140 155
140 162
140 166
140 169
140 173
140 180
140 182
140 183
140 186
140 196
140 203
140 210
140 211
140 213
140 218
140 232
140 233
140 237
140 239
140 244
140 245
141 0
141 4
141 7
141 10
141 14
141 20
141 21
141 34
141 36
141 41
141 42
141 49
141 60
141 63
141 66
141 68
141 73
141 74
141 94
141 96
141 104
141 105
141 109
141 114
141 121
141 130
141 136
141 145
141 146
141 148
141 151
141 154
141 171
141 176
141 181
141 185
141 189
141 191
141 192
141 198
141 202
141 205
141 207
141 219
141 220
141 222
141 223
141 228
141 235
141 236
141 238
142 10
142 14
142 21
142 23
142 27
142 32
142 38
142 41
142 45
142 48
142 49
142 52
142 53
142 58
142 61
142 64
142 72
142 74
142 77
142 78
142 80
142 97
142 110
142 111
142 119
142 129
142 136
142 140
142 144
142 150
142 158
142 159
142 165
142 177
142 178
142 181
142 182
142 186
142 189
142 192
142 198
142 201
142 210
142 213
142 214
142 215
142 217
142 220
142 227
142 232
142 241
142 247
142 249
143 0
143 3
143 5
143 6
143 18
143 27
143 28
143 29
143 32
143 33
143 35
143 36
143 39
143 46
143 49
143 60
143 64
143 79
143 89
143 93
143 100
143 104
143 108
143 113
143 115
143 118
143 119
143 121
143 125
143 131
143 138
143 149
143 153
143 154
143 160
143 163
143 166
143 169
143 171
143 175
143 180
143 183
143 187
143 189
143 193
143 197
143 202
143 209
143 226
143 228
143 237
143 240
143 243
143 246
144 1
144 2
144 14
144 22
144 24
144 31
144 41
144 46
144 47
144 50
144 55
144 59
144 63
144 74
144 76
144 77
144 81
144 86
144 96
144 100
144 102
144 111
144 123
144 131
144 136
144 138
144 153
144 160
144 166
144 167
144 172
144 176
144 185
144 189
144 193
144 225
144 231
144 237
144 238
144 249
145 6
145 8
145 9
145 12
145 22
145 23
145 26
145 34
145 39
145 41
145 44
145 50
145 61
145 62
145 67
145 69
145 71
145 73
145 74
145 75
145 78
145 83
145 84
145 89
145 92
145 95
145 98
145 99
145 108
145 110
145 114
145 119
145 127
145 129
145 146
145 152
145 161
145 167
145 179
145 191
145 201
145 206
145 207
145 214
145 221
145 224
145 225
145 231
145 233
145 240
145 243
145 244
145 245
145 249
146 0
146 1
146 2
146 9
146 10
146 15
146 27
146 33
146 34
146 39
146 44
146 48
146 53
146 55
146 58
146 61
146 66
146 70
146 74
146 79
146 87
146 89
146 91
146 97
146 99
146 100
146 102
146 104
146 107
146 116
146 119
146 125
146 136
146 140
146 144
146 146
146 152
146 153
146 154
146 161
146 162
146 164
146 167
146 175
146 179
146 188
146 203
146 204
146 208
146 209
146 219
146 226
146 233
146 235
146 238
146 243
146 248
147 0
147 8
147 13
147 18
147 21
147 45
147 54
147 67
147 69
147 76
147 78
147 82
147 84
147 89
147 94
147 96
147 104
147 108
147 122
147 123
147 129
147 133
147 134
147 138
147 140
147 152
147 155
147 161
147 169
147 172
147 173
147 177
147 191
147 193
147 196
147 212
147 217
147 227
147 232
147 235
148 0
148 2
148 11
148 16
148 19
148 27
148 45
148 49
148 62
148 63
148 70
148 77
148 82
148 85
148 88
148 90
148 91
148 92
148 93
148 96
148 97
148 99
148 116
148 119
148 122
148 125
148 137
148 138
148 146
148 147
148 150
148 154
148 155
148 159
148 160
148 173
148 178
148 181
148 182
148 184
148 185
148 186
148 187
148 191
148 208
148 209
148 219
148 223
148 244
149 5
149 6
149 9
149 18
149 25
149 26
149 29
149 32
149 36
149 37
149 43
149 46
149 47
149 56
149 57
149 59
149 78
149 86
149 89
149 91
149 97
149 102
149 104
149 107
149 119
149 127
149 129
149 133
149 136
149 145
149 147
149 161
149 166
149 174
149 176
149 187
149 190
149 193
149 195
149 199
149 204
149 213
149 214
149 223
149 231
149 248
149 249
150 7
150 14
150 16
150 29
150 30
150 45
150 48
150 51
150 54
150 57
150 67
150 71
150 73
150 88
150 98
150 107
150 108
150 109
150 111
150 117
150 122
150 124
150 126
150 128
150 129
150 132
150 143
150 147
150 153
150 154
150 162
150 163
150 169
150 177
150 181
150 196
150 198
150 201
150 203
150 208
150 223
150 224
150 226
150 227
150 229
150 230
150 235
150 237
150 240
150 242
150 248
151 6
151 7
151 8
151 11
151 15
151 16
151 27
151 32
151 35
151 40
151 49
151 55
151 62
151 66
151 71
151 82
151 85
151 86
151 102
151 105
151 107
151 115
151 137
151 144
151 145
151 152
151 155
151 157
151 170
151 171
151 178
151 188
151 193
151 194
151 196
151 197
151 200
151 205
151 207
151 214
151 218
151 227
151 234
151 235
151 237
151 242
151 243
152 1
152 2
152 3
152 11
152 14
152 24
152 33
152 49
152 54
152 62
152 68
152 69
152 74
152 95
152 100
152 101
152 110
152 113
152 114
152 126
152 127
152 128
152 132
152 136
152 137
152 140
152 141
152 149
152 152
152 164
152 171
152 172
152 174
152 175
152 176
152 183
152 186
152 191
152 205
152 206
152 210
152 213
152 218
152 224
152 239
152 242
152 247
153 2
153 3
153 4
153 5
153 8
153 9
153 11
153 12
153 23
153 25
153 27
153 31
153 32
153 36
153 37
153 40
153 42
153 53
153 55
153 61
153 63
153 66
153 67
153 71
153 73
153 74
153 86
153 88
153 103
153 104
153 105
153 115
153 116
153 120
153 123
153 126
153 127
153 130
153 139
153 140
153 155
153 160
153 161
153 163
153 165
153 171
153 175
153 179
153 184
153 194
153 199
153 205
153 207
153 208
153 209
153 214
153 218
153 219
153 221
153 223
153 225
153 227
153 232
153 235
153 236
153 238
153 241
153 247
154 0
154 10
154 11
154 23
154 27
154 28
154 30
154 40
154 59
154 62
154 70
154 71
154 90
154 94
154 106
154 108
154 121
154 122
154 123
154 129
154 131
154 139
154 143
154 146
154 147
154 153
154 154
154 160
154 167
154 172
154 181
154 185
154 192
154 200
154 201
154 207
154 208
154 217
154 218
154 229
154 242
154 244
155 4
155 7
155 26
155 27
155 49
155 54
155 73
155 74
155 83
155 86
155 88
155 93
155 108
155 110
155 115
155 119
155 123
155 125
155 130
155 143
155 145
155 147
155 152
155 153
155 157
155 162
155 168
155 172
155 173
155 175
155 177
155 178
155 181
155 186
155 192
155 201
155 203
155 206
155 218
155 221
155 225
155 227
155 235
155 236
155 238
155 240
155 246
156 6
156 7
156 9
156 10
156 13
156 16
156 18
156 35
156 46
156 47
156 51
156 62
156 70
156 74
156 80
156 85
156 90
156 101
156 102
156 103
156 106
156 107
156 110
156 112
156 116
156 118
156 138
156 144
156 145
156 146
156 153
156 158
156 162
156 169
156 176
156 188
156 191
156 195
156 196
156 203
156 205
156 219
156 223
156 224
156 232
156 234
156 237
156 241
157 7
157 14
157 21
157 26
157 31
157 37
157 43
157 50
157 56
157 57
157 63
157 72
157 73
157 78
157 85
157 87
157 90
157 100
157 101
157 107
157 114
157 116
157 123
157 125
157 127
157 136
157 144
157 148
157 149
157 155
157 156
157 166
157 168
157 188
157 189
157 194
157 196
157 202
157 204
157 205
157 206
157 219
157 224
157 227
157 229
157 235
157 237
157 249
158 0
158 8
158 14
158 16
158 20
158 25
158 26
158 31
158 32
158 33
158 41
158 42
158 44
158 45
158 51
158 54
158 68
158 71
158 78
158 83
158 96
158 105
158 112
158 114
158 119
158 122
158 124
158 130
158 132
158 133
158 141
158 147
158 149
158 153
158 154
158 155
158 163
158 165
158 169
158 172
158 173
158 182
158 192
158 193
158 196
158 197
158 198
158 211
158 213
158 216
158 234
158 236
158 246
159 5
159 9
159 16
159 21
159 25
159 26
159 27
159 31
159 35
159 39
159 51
159 52
159 57
159 59
159 65
159 71
159 73
159 74
159 83
159 105
159 108
159 112
159 113
159 115
159 116
159 126
159 135
159 136
159 149
159 153
159 155
159 156
159 161
159 165
159 168
159 175
159 178
159 180
159 181
159 195
159 197
159 204
159 206
159 207
159 212
159 215
159 218
159 232
159 238
159 242
159 244
160 0
160 4
160 10
160 12
160 13
160 15
160 16
160 17
160 23
160 31
160 34
160 37
160 39
160 40
160 46
160 53
160 54
160 59
160 66
160 74
160 81
160 93
160 105
160 106
160 130
160 134
160 137
160 146
160 147
160 152
160 156
160 159
160 160
160 162
160 170
160 171
160 174
160 179
160 183
160 190
160 197
160 205
160 208
160 210
160 218
160 221
160 226
160 230
160 235
160 239
161 0
161 4
161 9
161 11
161 13
161 17
161 19
161 20
161 21
161 27
161 29
161 30
161 34
161 35
161 46
161 55
161 66
161 69
161 70
161 73
161 75
161 79
161 90
161 95
161 99
161 102
161 103
161 104
161 105
161 108
161 112
161 117
161 125
161 129
161 135
161 143
161 148
161 161
161 162
161 167
161 170
161 171
161 172
161 173
161 181
161 185
161 202
161 205
161 211
161 213
161 216
161 218
161 223
161 225
161 227
161 228
161 229
161 242
162 5
162 7
162 11
162 18
162 32
162 33
162 34
162 35
162 41
162 51
162 53
162 57
162 58
162 71
162 88
162 89
162 90
162 92
162 93
162 94
162 100
162 101
162 105
162 111
162 112
162 114
162 116
162 117
162 119
162 121
162 124
162 126
162 129
162 135
162 138
162 140
162 150
162 161
162 168
162 175
162 177
162 180
162 182
162 187
162 189
162 193
162 195
162 196
162 201
162 209
162 210
162 216
162 219
162 228
162 229
162 237
162 238
162 239
163 6
163 13
163 17
163 20
163 23
163 26
163 32
163 48
163 49
163 57
163 59
163 67
163 74
163 88
163 89
163 91
163 97
163 102
163 108
163 110
163 114
163 118
163 129
163 136
163 139
163 141
163 148
163 149
163 152
163 159
163 160
163 165
163 169
163 170
163 171
163 180
163 182
163 188
163 192
163 194
163 198
163 201
163 207
163 214
163 227
163 245
164 6
164 7
164 8
164 11
164 16
164 22
164 26
164 32
164 42
164 47
164 52
164 68
164 69
164 71
164 81
164 84
164 87
164 94
164 95
164 102
164 108
164 114
164 115
164 123
164 131
164 135
164 145
164 146
164 157
164 159
164 160
164 161
164 163
164 169
164 170
164 178
164 195
164 196
164 197
164 200
164 202
164 210
164 212
164 213
164 214
164 221
164 232
164 233
164 237
164 242
164 246
164 249
165 6
165 11
165 16
165 20
165 25
165 30
165 47
165 52
165 60
165 62
165 67
165 68
165 69
165 74
165 76
165 79
165 89
165 91
165 96
165 104
165 107
165 108
165 119
165 120
165 133
165 138
165 143
165 144
165 154
165 155
165 161
165 162
165 164
165 166
165 167
165 168
165 171
165 172
165 175
165 183
165 184
165 186
165 188
165 189
165 191
165 223
165 226
165 230
165 234
165 241
166 6
166 7
166 8
166 10
166 13
166 17
166 19
166 27
166 28
166 30
166 41
166 54
166 66
166 67
166 81
166 84
166 104
166 106
166 113
166 115
166 119
166 122
166 125
166 128
166 130
166 132
166 133
166 142
166 143
166 153
166 156
166 159
166 160
166 174
166 185
166 186
166 190
166 198
166 199
166 204
166 209
166 215
166 227
166 237
166 242
166 243
166 246
167 8
167 9
167 12
167 13
167 21
167 23
167 27
167 28
167 29
167 37
167 44
167 49
167 69
167 72
167 79
167 82
167 88
167 89
167 98
167 102
167 125
167 127
167 129
167 132
167 136
167 141
167 143
167 144
167 153
167 160
167 164
167 165
167 167
167 168
167 171
167 178
167 184
167 190
167 192
167 197
167 205
167 212
167 216
167 228
167 229
167 230
167 231
167 232
167 239
167 248
167 249
168 1
168 13
168 15
168 16
168 17
168 20
168 25
168 35
168 36
168 38
168 43
168 46
168 49
168 60
168 68
168 70
168 78
168 81
168 95
168 96
168 98
168 101
168 105
168 107
168 108
168 113
168 115
168 130
168 131
168 146
168 156
168 159
168 163
168 170
168 171
168 183
168 186
168 192
168 197
168 208
168 212
168 227
168 238
169 11
169 20
169 21
169 22
169 27
169 30
169 31
169 39
169 42
169 47
169 49
169 52
169 53
169 66
169 67
169 71
169 73
169 78
169 81
169 82
169 87
169 88
169 90
169 93
169 95
169 97
169 100
169 103
169 119
169 127
169 129
169 131
169 141
169 144
169 150
169 156
169 160
169 162
169 167
169 168
169 175
169 177
169 187
169 188
169 193
169 196
169 200
169 204
169 205
169 211
169 213
169 214
169 219
169 222
169 228
169 229
169 237
169 243
169 245
169 248
170 0
170 3
170 8
170 9
170 14
170 19
170 23
170 33
170 38
170 57
170 58
170 62
170 64
170 69
170 82
170 84
170 87
170 88
170 91
170 92
170 93
170 99
170 100
170 101
170 108
170 109
170 117
170 120
170 121
170 125
170 126
170 131
170 137
170 141
170 143
170 150
170 153
170 158
170 167
170 168
170 173
170 176
170 190
170 199
170 201
170 202
170 213
170 216
170 218
170 219
170 229
170 230
170 235
170 240
171 0
171 8
171 18
171 19
171 20
171 21
171 23
171 25
171 31
171 43
171 44
171 45
171 46
171 47
171 53
171 54
171 55
171 58
171 61
171 62
171 67
171 68
171 73
171 76
171 79
171 83
171 88
171 101
171 104
171 106
171 113
171 114
171 120
171 125
171 135
171 140
171 154
171 155
171 162
171 167
171 175
171 176
171 177
171 179
171 189
171 190
171 196
171 198
171 205
171 209
171 214
171 218
171 219
171 227
171 231
171 234
171 240
171 245
171 246
171 247
172 2
172 4
172 5
172 10
172 14
172 15
172 17
172 21
172 22
172 32
172 34
172 35
172 36
172 39
172 63
172 71
172 74
172 75
172 80
172 82
172 88
172 89
172 90
172 91
172 95
172 99
172 113
172 114
172 118
172 122
172 136
172 137
172 143
172 145
172 148
172 149
172 151
172 152
172 166
172 168
172 180
172 189
172 190
172 203
172 205
172 214
172 219
172 221
172 222
172 225
172 229
172 242
173 2
173 6
173 13
173 14
173 22
173 23
173 25
173 30
173 32
173 40
173 41
173 44
173 52
173 58
173 61
173 75
173 82
173 83
173 86
173 94
173 95
173 101
173 104
173 109
173 111
173 112
173 113
173 116
173 120
173 126
173 127
173 133
173 139
173 147
173 154
173 159
173 164
173 174
173 177
173 181
173 188
173 191
173 197
173 200
173 203
173 208
173 209
173 225
173 230
173 234
173 235
173 241
173 245
173 247
173 248
174 0
174 14
174 25
174 29
174 36
174 37
174 38
174 42
174 45
174 46
174 47
174 55
174 58
174 60
174 66
174 71
174 76
174 77
174 78
174 96
174 101
174 103
174 105
174 108
174 109
174 116
174 118
174 128
174 131
174 132
174 134
174 137
174 138
174 152
174 162
174 167
174 169
174 173
174 181
174 182
174 187
174 199
174 213
174 223
174 226
174 246
175 0
175 3
175 14
175 18
175 22
175 27
175 37
175 38
175 42
175 43
175 46
175 50
175 55
175 59
175 61
175 63
175 65
175 67
175 74
175 81
175 85
175 94
175 98
175 103
175 104
175 108
175 112
175 133
175 134
175 135
175 136
175 137
175 144
175 149
175 151
175 158
175 174
175 184
175 186
175 187
175 210
175 214
175 216
175 220
175 246
176 11
176 15
176 16
176 28
176 32
176 34
176 35
176 36
176 38
176 40
176 43
176 50
176 59
176 68
176 70
176 73
176 81
176 86
176 91
176 93
176 97
176 103
176 108
176 111
176 120
176 121
176 122
176 130
176 132
176 134
176 150
176 157
176 160
176 165
176 168
176 170
176 172
176 174
176 178
176 185
176 204
176 226
176 228
176 231
176 243
176 245
176 249
177 0
177 5
177 10
177 13
177 14
177 16
177 17
177 25
177 29
177 30
177 33
177 35
177 36
177 37
177 42
177 51
177 54
177 58
177 66
177 67
177 69
177 72
177 77
177 79
177 81
177 82
177 83
177 91
177 92
177 93
177 98
177 103
177 105
177 109
177 110
177 111
177 115
177 117
177 118
177 136
177 139
177 146
177 150
177 153
177 168
177 175
177 184
177 185
177 189
177 196
177 198
177 200
177 201
177 204
177 205
177 208
177 211
177 213
177 220
177 227
177 230
177 236
177 240
177 244
178 0
178 5
178 14
178 28
178 34
178 50
178 51
178 54
178 55
178 56
178 57
178 61
178 65
178 74
178 81
178 84
178 91
178 92
178 101
178 103
178 110
178 133
178 144
178 145
178 149
178 153
178 155
178 165
178 174
178 176
178 178
178 180
178 182
178 183
178 195
178 206
178 208
178 210
178 219
178 223
178 227
178 228
178 231
178 234
178 244
179 8
179 15
179 17
179 19
179 31
179 36
179 39
179 40
179 42
179 46
179 47
179 56
179 57
179 77
179 86
179 87
179 105
179 107
179 111
179 116
179 123
179 133
179 148
179 149
179 153
179 154
179 155
179 165
179 175
179 177
179 179
179 184
179 196
179 202
179 207
179 214
179 220
179 222
179 224
179 230
179 231
180 2
180 11
180 23
180 24
180 25
180 26
180 32
180 41
180 45
180 48
180 49
180 53
180 56
180 57
180 62
180 63
180 69
180 75
180 78
180 88
180 89
180 90
180 97
180 98
180 104
180 109
180 119
180 123
180 124
180 129
180 132
180 136
180 138
180 152
180 170
180 174
180 180
180 183
180 187
180 190
180 191
180 192
180 198
180 209
180 213
180 225
180 234
180 239
180 244
180 248
181 6
181 7
181 8
181 10
181 12
181 14
181 23
181 25
181 37
181 47
181 49
181 50
181 52
181 57
181 61
181 64
181 65
181 80
181 83
181 85
181 88
181 95
181 96
181 102
181 105
181 108
181 116
181 121
181 122
181 124
181 127
181 128
181 133
181 146
181 160
181 161
181 170
181 182
181 183
181 193
181 194
181 198
181 202
181 208
181 209
181 214
181 227
181 235
181 236
181 240
181 241
182 1
182 6
182 7
182 11
182 13
182 21
182 23
182 28
182 40
182 45
182 49
182 55
182 59
182 61
182 69
182 70
182 74
182 75
182 89
182 92
182 96
182 112
182 113
182 125
182 131
182 137
182 139
182 140
182 142
182 147
182 150
182 156
182 161
182 174
182 183
182 188
182 190
182 196
182 197
182 205
182 206
182 213
182 216
182 223
182 227
182 229
183 2
183 6
183 7
183 13
183 20
183 21
183 22
183 33
183 35
183 37
183 39
183 46
183 51
183 54
183 62
183 68
183 73
183 77
183 96
183 97
183 100
183 101
183 103
183 107
183 115
183 120
183 123
183 125
183 127
183 131
183 132
183 133
183 134
183 136
183 137
183 138
183 140
183 142
183 146
183 149
183 153
183 154
183 156
183 161
183 174
183 175
183 176
183 177
183 182
183 183
183 184
183 185
183 186
183 188
183 189
183 192
183 194
183 210
183 211
183 212
183 219
183 231
183 232
183 242
183 245
184 5
184 10
184 18
184 30
184 44
184 46
184 49
184 50
184 62
184 63
184 64
184 65
184 66
184 72
184 75
184 84
184 86
184 96
184 100
184 103
184 106
184 110
184 114
184 118
184 120
184 128
184 130
184 133
184 139
184 142
184 157
184 172
184 177
184 182
184 183
184 190
184 198
184 199
184 211
184 215
184 221
184 228
184 229
184 236
184 244
184 245
184 246
184 247
185 14
185 20
185 21
185 23
185 27
185 47
185 49
185 54
185 55
185 60
185 67
185 68
185 69
185 76
185 77
185 92
185 100
185 102
185 103
185 108
185 113
185 114
185 116
185 125
185 127
185 132
185 135
185 144
185 152
185 156
185 157
185 164
185 167
185 174
185 183
185 184
185 189
185 195
185 200
185 201
185 204
185 207
185 212
185 215
185 219
185 222
185 225
185 227
185 240
185 242
185 243
185 245
185 248
185 249
186 0
186 3
186 5
186 9
186 15
186 21
186 36
186 38
186 44
186 49
186 50
186 54
186 55
186 62
186 73
186 83
186 104
186 105
186 108
186 112
186 115
186 128
186 129
186 131
186 136
186 138
186 149
186 150
186 152
186 153
186 156
186 157
186 159
186 162
186 163
186 166
186 176
186 177
186 188
186 190
186 199
186 202
186 205
186 208
186 216
186 218
186 241
186 242
186 247
187 20
187 22
187 25
187 38
187 43
187 47
187 48
187 52
187 54
187 57
187 59
187 64
187 83
187 87
187 88
187 96
187 99
187 106
187 111
187 114
187 115
187 118
187 120
187 123
187 143
187 147
187 148
187 158
187 161
187 162
187 167
187 184
187 189
187 190
187 191
187 193
187 206
187 214
187 226
187 236
187 245
188 5
188 27
188 28
188 37
188 39
188 40
188 43
188 44
188 46
188 47
188 49
188 56
188 76
188 79
188 83
188 85
188 86
188 88
188 99
188 104
188 109
188 121
188 124
188 133
188 137
188 139
188 144
188 147
188 162
188 169
188 172
188 190
188 196
188 198
188 200
188 203
188 207
188 213
188 215
188 216
188 223
188 228
189 13
189 19
189 25
189 26
189 28
189 35
189 45
189 48
189 57
189 60
189 63
189 77
189 81
189 90
189 91
189 94
189 105
189 107
189 109
189 118
189 119
189 125
189 127
189 136
189 144
189 152
189 168
189 169
189 172
189 180
189 193
189 194
189 199
189 208
189 219
189 220
189 227
189 234
189 238
189 239
189 246
190 2
190 7
190 13
190 14
190 22
190 44
190 49
190 50
190 60
190 67
190 68
190 71
190 81
190 84
190 85
190 86
190 91
190 95
190 99
190 102
190 106
190 113
190 115
190 125
190 131
190 136
190 145
190 150
190 158
190 159
190 163
190 170
190 173
190 176
190 186
190 192
190 195
190 199
190 200
190 205
190 206
190 211
190 212
190 221
190 233
190 235
190 236
190 239
190 245
190 249
191 6
191 16
191 24
191 26
191 30
191 31
191 33
191 35
191 36
191 39
191 46
191 48
191 51
191 54
191 75
191 76
191 81
191 87
191 88
191 89
191 93
191 94
191 98
191 109
191 112
191 114
191 117
191 119
191 122
191 130
191 137
191 138
191 139
191 143
191 146
191 148
191 150
191 155
191 169
191 172
191 180
191 191
191 202
191 213
191 216
191 218
191 219
191 247
192 10
192 28
192 44
192 46
192 65
192 66
192 67
192 71
192 76
192 77
192 83
192 88
192 91
192 92
192 93
192 97
192 99
192 102
192 105
192 106
192 107
192 115
192 120
192 122
192 123
192 126
192 127
192 130
192 134
192 139
192 140
192 141
192 143
192 145
192 151
192 156
192 163
192 167
192 171
192 174
192 181
192 185
192 197
192 200
192 202
192 204
192 208
192 218
192 221
192 222
192 224
192 238
192 239
193 1
193 2
193 3
193 4
193 11
193 13
193 40
193 42
193 46
193 48
193 55
193 57
193 59
193 67
193 70
193 77
193 79
193 82
193 88
193 89
193 90
193 97
193 102
193 109
193 114
193 115
193 118
193 121
193 122
193 124
193 125
193 128
193 129
193 130
193 133
193 134
193 137
193 153
193 156
193 165
193 169
193 175
193 177
193 179
193 189
193 191
193 194
193 195
193 200
193 208
193 214
193 224
193 240
193 241
193 247
193 249
194 25
194 30
194 34
194 38
194 39
194 40
194 42
194 46
194 47
194 48
194 50
194 57
194 60
194 61
194 63
194 69
194 73
194 80
194 81
194 82
194 86
194 90
194 91
194 96
194 99
194 100
194 104
194 106
194 118
194 119
194 120
194 121
194 122
194 123
194 131
194 132
194 137
194 143
194 147
194 150
194 153
194 156
194 167
194 168
194 171
194 175
194 181
194 185
194 188
194 192
194 194
194 201
194 204
194 205
194 209
194 215
194 219
194 235
194 237
194 242
195 0
195 1
195 8
195 11
195 13
195 18
195 31
195 37
195 39
195 53
195 56
195 58
195 65
195 95
195 102
195 103
195 104
195 106
195 112
195 114
195 125
195 126
195 146
195 148
195 159
195 162
195 163
195 167
195 171
195 186
195 189
195 207
195 211
195 216
195 220
195 223
195 224
195 225
195 226
195 227
195 228
195 247
196 2
196 3
196 4
196 5
196 8
196 15
196 19
196 20
196 22
196 23
196 26
196 29
196 32
196 33
196 42
196 49
196 61
196 78
196 84
196 89
196 90
196 91
196 96
196 124
196 129
196 137
196 138
196 140
196 145
196 148
196 157
196 158
196 159
196 164
196 165
196 170
196 178
196 181
196 185
196 188
196 191
196 192
196 195
196 197
196 203
196 206
196 210
196 214
196 215
196 216
196 219
196 233
196 237
196 239
196 243
196 247
196 248
197 0
197 5
197 9
197 10
197 13
197 18
197 22
197 26
197 31
197 34
197 38
197 43
197 52
197 60
197 63
197 80
197 87
197 92
197 93
197 102
197 104
197 111
197 113
197 114
197 115
197 119
197 126
197 136
197 147
197 156
197 157
197 158
197 175
197 176
197 177
197 187
197 188
197 190
197 196
197 202
197 207
197 208
197 214
197 218
197 224
197 228
197 238
197 240
197 242
198 0
198 6
198 7
198 12
198 15
198 17
198 29
198 32
198 36
198 37
198 39
198 43
198 44
198 50
198 51
198 54
198 70
198 74
198 83
198 85
198 97
198 98
198 108
198 128
198 133
198 138
198 139
198 154
198 156
198 159
198 161
198 162
198 164
198 165
198 167
198 168
198 171
198 174
198 176
198 184
198 195
198 196
198 200
198 202
198 203
198 206
198 211
198 216
198 222
198 223
198 228
198 229
198 230
198 234
198 236
198 240
198 241
199 13
199 23
199 25
199 27
199 34
199 38
199 42
199 43
199 47
199 48
199 49
199 59
199 60
199 63
199 64
199 71
199 72
199 78
199 80
199 85
199 99
199 100
199 102
199 110
199 116
199 126
199 141
199 142
199 147
199 152
199 154
199 157
199 162
199 168
199 193
199 198
199 199
199 203
199 213
199 221
199 225
199 229
199 232
199 234
199 236
199 239
199 240
199 245
200 0
200 2
200 3
200 5
200 8
200 9
200 18
200 23
200 28
200 36
200 39
200 40
200 41
200 48
200 55
200 57
200 60
200 61
200 70
200 87
200 99
200 100
200 104
200 106
200 108
200 109
200 111
200 114
200 115
200 123
200 124
200 125
200 132
200 135
200 136
200 140
200 141
200 142
200 151
200 152
200 158
200 166
200 173
200 179
200 180
200 182
200 187
200 208
200 213
200 216
200 217
200 220
200 231
201 0
201 16
201 18
201 20
201 23
201 24
201 26
201 34
201 35
201 39
201 41
201 42
201 55
201 56
201 65
201 66
201 68
201 73
201 76
201 79
201 80
201 85
201 95
201 100
201 107
201 110
201 114
201 118
201 123
201 126
201 128
201 131
201 139
201 149
201 153
201 154
201 158
201 182
201 194
201 195
201 203
201 204
201 206
201 207
201 208
201 212
201 214
201 224
201 225
201 233
201 238
201 240
201 242
201 248
202 13
202 17
202 25
202 26
202 38
202 40
202 53
202 54
202 56
202 58
202 61
202 65
202 67
202 79
202 84
202 87
202 91
202 94
202 103
202 107
202 108
202 109
202 121
202 124
202 130
202 132
202 135
202 136
202 140
202 141
202 151
202 155
202 162
202 167
202 169
202 176
202 180
202 190
202 194
202 203
202 209
202 216
202 218
202 222
202 227
202 242
202 245
203 1
203 5
203 15
203 19
203 20
203 26
203 27
203 32
203 47
203 50
203 57
203 61
203 66
203 70
203 76
203 83
203 85
203 89
203 91
203 92
203 94
203 103
203 109
203 112
203 113
203 116
203 119
203 127
203 136
203 140
203 141
203 144
203 148
203 150
203 158
203 162
203 170
203 171
203 172
203 178
203 182
203 186
203 187
203 195
203 197
203 203
203 211
203 222
203 231
203 232
203 234
203 238
204 1
204 2
204 5
204 14
204 36
204 37
204 44
204 47
204 52
204 60
204 61
204 67
204 70
204 74
204 76
204 79
204 81
204 84
204 85
204 105
204 113
204 115
204 126
204 127
204 137
204 149
204 153
204 155
204 158
204 163
204 166
204 174
204 180
204 191
204 198
204 205
204 208
204 218
204 220
204 222
204 227
204 240
204 242
204 249
205 0
205 3
205 7
205 19
205 28
205 36
205 37
205 39
205 40
205 42
205 54
205 55
205 59
205 61
205 62
205 67
205 84
205 87
205 92
205 103
205 110
205 114
205 115
205 117
205 122
205 123
205 129
205 138
205 141
205 142
205 143
205 145
205 147
205 148
205 149
205 150
205 154
205 158
205 160
205 172
205 175
205 179
205 184
205 187
205 201
205 202
205 209
205 211
205 227
205 231
205 232
205 240
205 246
205 247
205 248
206 9
206 14
206 17
206 18
206 21
206 22
206 24
206 28
206 31
206 36
206 45
206 46
206 47
206 51
206 53
206 59
206 62
206 67
206 72
206 83
206 85
206 86
206 87
206 93
206 95
206 97
206 126
206 127
206 129
206 131
206 141
206 142
206 157
206 159
206 165
206 171
206 173
206 177
206 185
206 200
206 207
206 216
206 229
206 233
206 234
206 235
206 241
206 244
206 245
206 246
206 249
207 0
207 1
207 12
207 19
207 26
207 27
207 28
207 33
207 40
207 42
207 44
207 56
207 58
207 63
207 65
207 69
207 75
207 78
207 80
207 87
207 97
207 107
207 108
207 109
207 121
207 123
207 141
207 146
207 151
207 153
207 154
207 156
207 159
207 162
207 164
207 168
207 170
207 179
207 180
207 182
207 183
207 187
207 189
207 194
207 200
207 201
207 202
207 205
207 212
207 218
207 220
207 244
208 3
208 8
208 20
208 25
208 36
208 37
208 39
208 41
208 44
208 53
208 58
208 88
208 102
208 103
208 104
208 105
208 107
208 108
208 112
208 114
208 121
208 127
208 131
208 138
208 139
208 140
208 141
208 145
208 154
208 160
208 166
208 175
208 176
208 181
208 184
208 185
208 188
208 190
208 195
208 197
208 204
208 210
208 213
208 221
208 224
208 231
208 237
208 240
208 241
208 245
208 249
209 1
209 6
209 7
209 31
209 36
209 46
209 60
209 65
209 71
209 74
209 75
209 77
209 91
209 92
209 97
209 98
209 100
209 105
209 108
209 110
209 127
209 136
209 137
209 141
209 144
209 146
209 168
209 172
209 175
209 177
209 181
209 183
209 190
209 192
209 196
209 201
209 215
209 217
209 234
209 235
209 240
209 242
209 243
209 244
210 5
210 6
210 7
210 8
210 15
210 18
210 21
210 24
210 27
210 32
210 33
210 39
210 61
210 64
210 70
210 76
210 77
210 88
210 92
210 93
210 95
210 98
210 99
210 102
210 109
210 113
210 114
210 122
210 123
210 125
210 128
210 132
210 141
210 142
210 144
210 146
210 150
210 152
210 173
210 174
210 181
210 193
210 195
210 197
210 201
210 202
210 208
210 211
210 212
210 219
210 227
210 229
210 237
210 245
211 3
211 7
211 12
211 17
211 20
211 21
211 28
211 31
211 32
211 35
211 50
211 56
211 67
211 69
211 77
211 78
211 83
211 89
211 105
211 109
211 120
211 121
211 123
211 127
211 130
211 135
211 138
211 139
211 142
211 144
211 154
211 160
211 165
211 167
211 168
211 173
211 178
211 187
211 191
211 195
211 202
211 203
211 204
211 207
211 217
211 228
211 231
211 232
211 241
211 243
211 244
212 1
212 5
212 6
212 12
212 20
212 21
212 25
212 28
212 32
212 35
212 40
212 41
212 48
212 51
212 65
212 69
212 71
212 74
212 84
212 87
212 91
212 95
212 96
212 98
212 99
212 116
212 118
212 121
212 136
212 137
212 156
212 165
212 177
212 178
212 186
212 201
212 204
212 210
212 215
212 216
212 217
212 223
212 224
212 227
212 228
212 231
212 235
212 240
212 245
213 1
213 2
213 4
213 6
213 10
213 13
213 14
213 17
213 24
213 44
213 45
213 48
213 49
213 51
213 55
213 58
213 67
213 70
213 75
213 78
213 81
213 86
213 91
213 94
213 96
213 102
213 103
213 104
213 106
213 112
213 115
213 120
213 123
213 129
213 130
213 132
213 133
213 134
213 136
213 144
213 149
213 150
213 151
213 176
213 177
213 192
213 193
213 196
213 200
213 202
213 203
213 204
213 219
213 224
213 246
213 249
214 4
214 6
214 8
214 15
214 18
214 22
214 23
214 25
214 28
214 30
214 37
214 45
214 47
214 48
214 54
214 57
214 60
214 78
214 84
214 93
214 96
214 104
214 117
214 118
214 119
214 127
214 129
214 141
214 142
214 151
214 167
214 174
214 187
214 192
214 195
214 198
214 199
214 200
214 201
214 204
214 205
214 215
214 217
214 218
214 219
214 223
214 228
214 236
214 238
214 247
215 0
215 3
215 6
215 16
215 22
215 23
215 30
215 32
215 37
215 38
215 39
215 44
215 46
215 57
215 58
215 59
215 62
215 66
215 70
215 73
215 75
215 76
215 80
215 84
215 85
215 92
215 96
215 103
215 105
215 107
215 119
215 121
215 138
215 140
215 148
215 157
215 162
215 177
215 194
215 203
215 205
215 214
215 223
215 225
215 228
215 232
215 241
215 247
216 0
216 8
216 22
216 29
216 32
216 34
216 39
216 43
216 52
216 55
216 68
216 71
216 74
216 81
216 96
216 97
216 99
216 109
216 116
216 117
216 118
216 122
216 126
216 127
216 131
216 133
216 135
216 137
216 143
216 149
216 153
216 158
216 171
216 176
216 177
216 179
216 180
216 182
216 194
216 195
216 207
216 211
216 216
216 218
216 228
216 229
216 240
216 247
217 3
217 6
217 15
217 16
217 26
217 27
217 28
217 36
217 40
217 42
217 45
217 56
217 66
217 71
217 74
217 82
217 87
217 99
217 113
217 120
217 136
217 137
217 142
217 143
217 145
217 147
217 148
217 151
217 157
217 160
217 171
217 173
217 175
217 177
217 184
217 195
217 197
217 206
217 207
217 209
217 213
217 216
217 218
217 220
217 221
217 226
217 227
217 230
217 235
217 237
217 239
217 240
217 242
217 247
218 3
218 6
218 29
218 36
218 37
218 42
218 45
218 48
218 50
218 51
218 52
218 60
218 64
218 66
218 68
218 78
218 79
218 80
218 90
218 93
218 94
218 95
218 100
218 108
218 120
218 124
218 127
218 134
218 135
218 136
218 139
218 142
218 146
218 148
218 153
218 155
218 159
218 178
218 179
218 185
218 202
218 205
218 207
218 213
218 217
218 219
218 227
218 232
218 234
218 237
219 3
219 4
219 5
219 10
219 13
219 15
219 18
219 23
219 39
219 53
219 55
219 60
219 61
219 69
219 75
219 78
219 83
219 88
219 98
219 113
219 122
219 125
219 133
219 139
219 149
219 151
219 153
219 159
219 162
219 165
219 168
219 175
219 178
219 179
219 180
219 191
219 202
219 204
219 206
219 208
219 216
219 219
219 220
219 223
219 226
219 234
219 236
219 238
219 239
219 241
219 249
220 4
220 5
220 11
220 12
220 17
220 19
220 28
220 32
220 40
220 45
220 46
220 69
220 82
220 85
220 94
220 99
220 103
220 108
220 115
220 120
220 124
220 125
220 131
220 134
220 137
220 139
220 142
220 144
220 147
220 153
220 157
220 161
220 163
220 169
220 174
220 176
220 180
220 182
220 195
220 201
220 202
220 203
220 222
220 224
220 228
220 229
220 237
220 240
220 243
221 0
221 12
221 15
221 17
221 18
221 21
221 23
221 24
221 28
221 30
221 31
221 32
221 35
221 41
221 49
221 59
221 60
221 62
221 67
221 73
221 74
221 75
221 80
221 83
221 84
221 87
221 89
221 96
221 101
221 104
221 116
221 119
221 123
221 126
221 127
221 130
221 135
221 136
221 143
221 147
221 152
221 157
221 162
221 192
221 218
221 225
221 232
221 235
221 236
221 245
221 249
222 3
222 4
222 5
222 10
222 12
222 14
222 15
222 27
222 30
222 34
222 38
222 41
222 43
222 44
222 50
222 56
222 63
222 77
222 81
222 84
222 87
222 92
222 93
222 98
222 100
222 110
222 111
222 115
222 117
222 118
222 121
222 122
222 131
222 137
222 139
222 141
222 155
222 157
222 160
222 163
222 172
222 177
222 185
222 190
222 192
222 193
222 194
222 210
222 211
222 224
222 226
222 230
222 236
222 240
222 249
223 5
223 7
223 9
223 11
223 12
223 26
223 34
223 36
223 40
223 63
223 66
223 75
223 77
223 80
223 87
223 89
223 94
223 99
223 101
223 109
223 112
223 118
223 123
223 126
223 127
223 130
223 138
223 144
223 145
223 146
223 147
223 148
223 155
223 156
223 160
223 165
223 173
223 175
223 176
223 179
223 180
223 185
223 188
223 193
223 197
223 198
223 199
223 202
223 203
223 207
223 209
223 214
223 225
223 230
223 237
223 242
223 245
224 22
224 28
224 30
224 32
224 33
224 37
224 43
224 58
224 60
224 67
224 68
224 71
224 72
224 73
224 77
224 83
224 84
224 89
224 93
224 125
224 126
224 128
224 134
224 138
224 142
224 145
224 159
224 170
224 172
224 178
224 180
224 181
224 187
224 193
224 195
224 199
224 215
224 224
224 231
224 232
224 237
224 239
224 240
224 242
224 244
224 245
224 246
225 2
225 8
225 13
225 14
225 19
225 23
225 24
225 29
225 46
225 52
225 58
225 61
225 62
225 63
225 71
225 74
225 76
225 81
225 87
225 89
225 93
225 94
225 104
225 110
225 114
225 115
225 116
225 119
225 120
225 125
225 129
225 135
225 138
225 156
225 157
225 171
225 178
225 179
225 180
225 184
225 190
225 206
225 209
225 211
225 215
225 218
225 219
225 223
225 226
225 230
225 231
225 244
225 248
226 2
226 9
226 15
226 20
226 26
226 29
226 33
226 35
226 45
226 48
226 53
226 55
226 56
226 57
226 67
226 72
226 77
226 79
226 80
226 82
226 101
226 109
226 115
226 121
226 122
226 125
226 136
226 141
226 142
226 145
226 157
226 159
226 165
226 168
226 173
226 178
226 182
226 185
226 186
226 194
226 196
226 201
226 210
226 211
226 213
226 241
227 2
227 4
227 10
227 24
227 25
227 27
227 29
227 30
227 31
227 34
227 43
227 47
227 54
227 60
227 62
227 65
227 67
227 68
227 69
227 72
227 73
227 97
227 98
227 114
227 115
227 117
227 126
227 131
227 136
227 139
227 142
227 143
227 145
227 148
227 149
227 161
227 165
227 169
227 173
227 201
227 202
227 206
227 207
227 217
227 221
227 228
227 229
227 230
227 231
227 249
228 3
228 9
228 23
228 25
228 28
228 29
228 31
228 32
228 36
228 38
228 45
228 46
228 58
228 60
228 61
228 63
228 65
228 67
228 68
228 71
228 72
228 81
228 82
228 88
228 95
228 97
228 98
228 99
228 103
228 107
228 114
228 115
228 118
228 138
228 143
228 148
228 152
228 162
228 165
228 168
228 176
228 178
228 187
228 211
228 212
228 217
228 225
228 226
228 227
228 228
228 230
228 240
228 241
228 242
228 244
229 0
229 2
229 5
229 10
229 24
229 35
229 37
229 42
229 48
229 50
229 51
229 53
229 57
229 63
229 64
229 69
229 74
229 81
229 85
229 88
229 94
229 95
229 107
229 113
229 117
229 123
229 124
229 125
229 126
229 127
229 129
229 130
229 132
229 134
229 140
229 162
229 163
229 166
229 167
229 168
229 180
229 187
229 189
229 199
229 203
229 210
229 216
229 223
229 226
229 227
229 228
229 229
229 232
230 1
230 5
230 7
230 11
230 16
230 30
230 33
230 35
230 39
230 49
230 51
230 69
230 76
230 78
230 81
230 89
230 91
230 93
230 96
230 97
230 104
230 105
230 121
230 125
230 127
230 130
230 134
230 135
230 139
230 148
230 150
230 154
230 160
230 162
230 166
230 167
230 171
230 172
230 173
230 201
230 203
230 210
230 219
230 221
230 224
230 230
230 232
230 237
230 238
230 242
230 244
230 245
230 248
231 3
231 9
231 18
231 22
231 23
231 25
231 30
231 32
231 33
231 41
231 53
231 59
231 68
231 71
231 72
231 73
231 79
231 82
231 83
231 86
231 100
231 101
231 102
231 103
231 109
231 122
231 124
231 127
231 129
231 130
231 131
231 132
231 135
231 142
231 143
231 146
231 154
231 163
231 181
231 199
231 204
231 205
231 208
231 210
231 211
231 214
231 225
231 231
231 238
231 249
232 3
232 10
232 11
232 17
232 22
232 26
232 34
232 42
232 43
232 44
232 49
232 57
232 65
232 66
232 69
232 74
232 75
232 76
232 77
232 78
232 82
232 90
232 92
232 98
232 99
232 101
232 107
232 108
232 110
232 115
232 118
232 120
232 126
232 132
232 139
232 150
232 151
232 152
232 153
232 160
232 163
232 173
232 187
232 194
232 199
232 201
232 204
232 207
232 211
232 212
232 219
232 228
232 235
232 238
233 5
233 11
233 12
233 13
233 23
233 29
233 31
233 39
233 42
233 48
233 53
233 55
233 63
233 64
233 65
233 73
233 74
233 89
233 105
233 107
233 113
233 119
233 129
233 131
233 132
233 134
233 138
233 153
233 155
233 160
233 164
233 166
233 167
233 168
233 173
233 174
233 179
233 181
233 197
233 206
233 213
233 214
233 218
233 219
233 226
233 234
233 235
233 240
233 241
234 1
234 3
234 7
234 9
234 10
234 12
234 21
234 25
234 26
234 27
234 30
234 33
234 48
234 50
234 51
234 53
234 58
234 77
234 78
234 79
234 85
234 86
234 107
234 108
234 113
234 115
234 128
234 131
234 133
234 137
234 138
234 139
234 141
234 143
234 153
234 162
234 163
234 172
234 175
234 181
234 184
234 185
234 193
234 197
234 203
234 215
234 217
234 218
234 222
234 224
234 225
234 226
234 235
234 241
235 3
235 4
235 11
235 13
235 15
235 21
235 23
235 24
235 34
235 35
235 43
235 45
235 52
235 74
235 76
235 102
235 106
235 107
235 116
235 118
235 121
235 133
235 137
235 138
235 140
235 141
235 143
235 145
235 159
235 168
235 171
235 176
235 177
235 178
235 184
235 186
235 188
235 200
235 203
235 208
235 213
235 236
235 239
235 244
236 0
236 6
236 7
236 10
236 15
236 26
236 33
236 34
236 43
236 45
236 47
236 48
236 50
236 52
236 54
236 56
236 58
236 60
236 63
236 66
236 67
236 72
236 73
236 77
236 78
236 82
236 83
236 84
236 86
236 93
236 96
236 99
236 106
236 110
236 122
236 125
236 131
236 134
236 135
236 137
236 138
236 153
236 155
236 160
236 167
236 174
236 195
236 200
236 201
236 207
236 216
236 217
236 223
236 227
236 243
236 245
236 248
237 2
237 4
237 16
237 22
237 29
237 32
237 35
237 39
237 41
237 63
237 65
237 66
237 80
237 85
237 90
237 91
237 102
237 108
237 110
237 113
237 120
237 124
237 128
237 130
237 131
237 132
237 141
237 142
237 144
237 147
237 153
237 155
237 158
237 166
237 172
237 176
237 180
237 190
237 194
237 195
237 203
237 208
237 211
237 215
237 217
237 221
237 222
237 227
237 242
237 243
238 2
238 10
238 18
238 28
238 29
238 34
238 47
238 48
238 71
238 72
238 74
238 83
238 89
238 98
238 99
238 105
238 107
238 115
238 116
238 125
238 130
238 131
238 132
238 136
238 142
238 155
238 161
238 162
238 165
238 173
238 180
238 182
238 183
238 194
238 197
238 205
238 206
238 213
238 217
238 219
238 222
238 223
238 225
238 231
238 238
238 249
239 1
239 16
239 24
239 25
239 27
239 29
239 34
239 36
239 47
239 53
239 54
239 58
239 65
239 75
239 79
239 81
239 83
239 105
239 117
239 121
239 122
239 124
239 130
239 131
239 135
239 136
239 144
239 152
239 155
239 157
239 158
239 162
239 165
239 167
239 174
239 177
239 188
239 189
239 191
239 200
239 201
239 204
239 208
239 210
239 214
239 231
239 233
239 238
239 240
239 247
239 248
240 5
240 7
240 8
240 17
240 18
240 19
240 25
240 33
240 45
240 46
240 51
240 52
240 54
240 55
240 63
240 71
240 78
240 85
240 87
240 91
240 96
240 97
240 103
240 106
240 109
240 110
240 118
240 125
240 126
240 127
240 136
240 146
240 152
240 155
240 162
240 163
240 165
240 172
240 184
240 188
240 193
240 198
240 204
240 206
240 208
240 221
240 225
240 227
240 231
240 232
240 237
240 238
240 247
240 249
241 11
241 13
241 21
241 27
241 28
241 36
241 43
241 45
241 49
241 55
241 56
241 58
241 67
241 87
241 95
241 99
241 104
241 106
241 114
241 116
241 117
241 118
241 131
241 132
241 136
241 148
241 161
241 162
241 164
241 166
241 173
241 177
241 178
241 182
241 183
241 188
241 189
241 196
241 198
241 200
241 207
241 213
241 218
241 220
241 223
241 224
241 234
241 237
241 245
242 3
242 6
242 13
242 16
242 19
242 21
242 34
242 40
242 50
242 52
242 53
242 54
242 57
242 58
242 74
242 86
242 105
242 108
242 111
242 128
242 146
242 150
242 153
242 155
242 156
242 161
242 167
242 169
242 172
242 173
242 211
242 213
242 214
242 215
242 216
242 219
242 229
242 232
242 239
242 249
243 0
243 4
243 19
243 24
243 29
243 38
243 49
243 56
243 63
243 65
243 66
243 71
243 80
243 83
243 85
243 88
243 96
243 98
243 101
243 102
243 107
243 123
243 133
243 137
243 146
243 152
243 157
243 158
243 181
243 184
243 197
243 198
243 203
243 205
243 207
243 208
243 211
243 216
243 223
243 225
243 228
243 232
243 235
243 236
243 237
243 243
243 247
243 248
244 2
244 4
244 7
244 15
244 16
244 30
244 31
244 40
244 41
244 43
244 48
244 50
244 51
244 60
244 62
244 70
244 72
244 78
244 80
244 106
244 109
244 112
244 123
244 145
244 148
244 151
244 153
244 157
244 169
244 170
244 172
244 179
244 186
244 187
244 196
244 202
244 211
244 213
244 227
244 231
244 233
244 234
244 238
244 244
245 7
245 12
245 13
245 14
245 17
245 24
245 25
245 32
245 33
245 35
245 36
245 39
245 59
245 64
245 75
245 87
245 88
245 94
245 95
245 97
245 119
245 123
245 127
245 130
245 136
245 141
245 143
245 150
245 151
245 160
245 165
245 180
245 182
245 183
245 191
245 193
245 210
245 216
245 220
245 224
245 229
245 237
245 241
245 245
245 246
245 249
246 2
246 8
246 14
246 17
246 22
246 25
246 29
246 31
246 33
246 38
246 53
246 55
246 58
246 63
246 65
246 66
246 67
246 72
246 78
246 84
246 87
246 88
246 90
246 93
246 109
246 112
246 119
246 124
246 127
246 129
246 131
246 132
246 133
246 135
246 138
246 143
246 148
246 149
246 152
246 157
246 166
246 171
246 173
246 181
246 185
246 191
246 193
246 194
246 197
246 199
246 204
246 216
246 217
246 228
246 231
246 246
247 4
247 11
247 15
247 24
247 45
247 52
247 57
247 58
247 63
247 76
247 77
247 78
247 80
247 84
247 86
247 93
247 96
247 100
247 105
247 119
247 127
247 137
247 139
247 143
247 151
247 152
247 154
247 163
247 168
247 170
247 175
247 176
247 177
247 182
247 189
247 193
247 195
247 221
247 224
247 229
247 233
247 234
247 237
248 0
248 8
248 14
248 22
248 40
248 47
248 49
248 51
248 53
248 62
248 76
248 83
248 85
248 86
248 89
248 91
248 99
248 109
248 111
248 119
248 123
248 126
248 132
248 137
248 139
248 144
248 159
248 161
248 162
248 167
248 170
248 176
248 179
248 192
248 200
248 201
248 208
248 215
248 216
248 223
248 224
248 231
248 233
248 234
248 235
248 236
248 238
248 244
248 246
249 0
249 1
249 8
249 12
249 26
249 41
249 45
249 48
249 49
249 59
249 61
249 62
249 63
249 64
249 71
249 76
249 79
249 82
249 87
249 89
249 96
249 99
249 101
249 106
249 113
249 125
249 129
249 134
249 157
249 161
249 164
249 168
249 179
249 189
249 196
249 221
249 222
249 224
249 226
249 230
249 232
249 238
249 245
