190
7182
0 2
0 5
0 8
0 12
0 17
0 22
0 37
0 40
0 48
0 51
0 54
0 55
0 60
0 62
0 69
0 75
0 84
0 85
0 87
0 93
0 96
0 105
0 115
0 120
0 122
0 126
0 127
0 132
0 137
0 141
0 143
0 145
0 148
0 150
0 152
0 155
0 158
0 163
0 164
0 169
0 170
0 173
0 175
0 184
0 188
1 7
1 11
1 13
1 19
1 27
1 32
1 42
1 47
1 61
1 62
1 64
1 65
1 71
1 77
1 83
1 88
1 92
1 101
1 105
1 110
1 112
1 113
1 122
1 126
1 128
1 132
1 141
1 143
1 147
1 156
1 167
1 173
1 174
1 180
1 181
1 184
1 189
2 3
2 16
2 20
2 22
2 25
2 26
2 28
2 29
2 34
2 35
2 42
2 49
2 58
2 64
2 71
2 75
2 76
2 87
2 92
2 95
2 102
2 109
2 113
2 119
2 121
2 126
2 129
2 135
2 136
2 138
2 140
2 148
2 152
2 158
2 162
2 167
2 170
2 174
2 175
2 189
3 11
3 14
3 16
3 18
3 26
3 27
3 38
3 48
3 67
3 78
3 80
3 90
3 93
3 103
3 104
3 108
3 112
3 115
3 122
3 123
3 124
3 141
3 143
3 152
3 154
3 155
3 167
3 169
3 171
3 173
3 178
3 181
3 188
3 189
4 2
4 8
4 11
4 14
4 18
4 20
4 25
4 31
4 42
4 60
4 62
4 65
4 68
4 71
4 72
4 83
4 91
4 92
4 93
4 94
4 114
4 115
4 118
4 119
4 124
4 126
4 129
4 130
4 131
4 132
4 134
4 152
4 157
4 161
4 166
4 170
4 173
4 179
4 181
5 7
5 13
5 18
5 19
5 20
5 28
5 29
5 30
5 51
5 70
5 93
5 95
5 102
5 104
5 111
5 113
5 118
5 119
5 125
5 128
5 130
5 133
5 134
5 135
5 136
5 141
5 143
5 159
5 160
5 174
5 176
6 9
6 12
6 13
6 15
6 18
6 20
6 25
6 26
6 28
6 29
6 48
6 49
6 57
6 58
6 62
6 64
6 66
6 71
6 72
6 77
6 79
6 82
6 83
6 86
6 88
6 90
6 97
6 105
6 110
6 114
6 124
6 136
6 139
6 141
6 147
6 151
6 153
6 156
6 162
6 163
6 165
6 168
6 170
6 171
6 173
6 176
6 179
6 180
7 1
7 2
7 3
7 9
7 11
7 16
7 17
7 26
7 29
7 38
7 43
7 46
7 49
7 63
7 64
7 70
7 73
7 84
7 87
7 89
7 96
7 103
7 122
7 124
7 127
7 131
7 132
7 134
7 142
7 145
7 148
7 157
7 159
7 167
7 168
7 169
7 176
7 177
7 181
7 187
7 188
8 3
8 5
8 17
8 20
8 22
8 23
8 34
8 39
8 50
8 53
8 60
8 62
8 64
8 65
8 70
8 71
8 72
8 74
8 77
8 78
8 80
8 87
8 96
8 100
8 120
8 124
8 127
8 133
8 134
8 145
8 147
8 149
8 157
8 158
8 160
8 161
8 164
8 166
8 168
8 169
8 180
8 182
9 7
9 20
9 30
9 38
9 40
9 54
9 59
9 66
9 71
9 73
9 76
9 77
9 78
9 87
9 94
9 95
9 101
9 104
9 106
9 112
9 120
9 123
9 125
9 126
9 127
9 129
9 138
9 141
9 148
9 156
9 182
9 185
10 0
10 7
10 18
10 19
10 20
10 23
10 28
10 30
10 32
10 37
10 42
10 43
10 45
10 46
10 48
10 51
10 57
10 62
10 64
10 73
10 81
10 87
10 89
10 91
10 92
10 98
10 99
10 100
10 105
10 109
10 119
10 126
10 129
10 130
10 131
10 136
10 137
10 144
10 152
10 158
10 164
10 165
10 173
10 174
10 182
10 188
11 10
11 12
11 14
11 23
11 24
11 31
11 39
11 45
11 50
11 58
11 66
11 69
11 72
11 74
11 80
11 83
11 94
11 97
11 102
11 108
11 113
11 116
11 120
11 121
11 127
11 132
11 137
11 140
11 144
11 145
11 147
11 148
11 152
11 160
11 165
11 169
11 183
11 185
11 187
11 189
12 0
12 13
12 14
12 18
12 30
12 42
12 43
12 44
12 47
12 53
12 61
12 65
12 68
12 71
12 72
12 74
12 78
12 79
12 81
12 99
12 107
12 108
12 110
12 115
12 117
12 118
12 120
12 131
12 135
12 136
12 137
12 146
12 153
12 154
12 156
12 166
12 170
12 175
12 177
12 179
12 184
12 185
13 2
13 14
13 27
13 29
13 33
13 36
13 49
13 52
13 54
13 60
13 61
13 67
13 68
13 72
13 88
13 92
13 96
13 106
13 111
13 112
13 116
13 124
13 125
13 129
13 134
13 138
13 142
13 144
13 146
13 152
13 153
13 157
13 159
13 170
13 173
13 176
13 184
13 186
13 188
14 4
14 13
14 14
14 20
14 21
14 28
14 41
14 45
14 53
14 54
14 60
14 68
14 74
14 77
14 80
14 82
14 86
14 87
14 93
14 96
14 97
14 103
14 104
14 106
14 117
14 126
14 127
14 128
14 134
14 137
14 146
14 150
14 152
14 154
14 157
14 175
14 180
14 186
14 187
15 1
15 6
15 18
15 21
15 33
15 36
15 40
15 42
15 43
15 45
15 46
15 50
15 57
15 64
15 65
15 66
15 68
15 70
15 73
15 75
15 77
15 88
15 100
15 105
15 108
15 109
15 117
15 122
15 128
15 129
15 152
15 155
15 156
15 158
15 160
15 162
15 164
15 169
15 171
15 173
15 174
15 178
15 179
15 183
15 186
16 6
16 10
16 11
16 15
16 22
16 28
16 36
16 38
16 42
16 43
16 47
16 50
16 54
16 55
16 57
16 68
16 74
16 91
16 93
16 106
16 108
16 111
16 112
16 119
16 126
16 127
16 129
16 145
16 151
16 154
16 156
16 166
16 176
16 178
16 183
17 6
17 14
17 16
17 26
17 27
17 28
17 29
17 41
17 43
17 47
17 48
17 54
17 58
17 59
17 60
17 61
17 66
17 74
17 77
17 78
17 83
17 86
17 95
17 99
17 100
17 103
17 112
17 113
17 118
17 122
17 125
17 137
17 141
17 152
17 154
17 156
17 158
17 159
17 169
17 178
17 188
18 8
18 14
18 21
18 25
18 26
18 36
18 42
18 50
18 60
18 68
18 71
18 72
18 78
18 81
18 86
18 92
18 104
18 111
18 128
18 138
18 142
18 146
18 153
18 158
18 159
18 160
18 161
18 164
18 167
18 168
18 172
18 174
18 177
18 188
18 189
19 4
19 8
19 9
19 18
19 21
19 25
19 27
19 38
19 39
19 41
19 45
19 46
19 50
19 57
19 61
19 62
19 63
19 64
19 66
19 67
19 72
19 79
19 86
19 88
19 98
19 104
19 108
19 109
19 120
19 128
19 130
19 131
19 142
19 153
19 156
19 160
19 172
19 175
19 180
19 181
19 184
20 0
20 4
20 6
20 7
20 8
20 20
20 30
20 33
20 40
20 43
20 49
20 51
20 52
20 62
20 67
20 69
20 78
20 79
20 81
20 92
20 102
20 107
20 110
20 113
20 114
20 118
20 124
20 130
20 135
20 144
20 145
20 154
20 161
20 170
20 171
20 175
20 183
21 9
21 10
21 12
21 20
21 23
21 28
21 29
21 30
21 37
21 43
21 55
21 58
21 65
21 66
21 68
21 70
21 81
21 84
21 86
21 94
21 104
21 105
21 111
21 125
21 128
21 135
21 141
21 145
21 150
21 156
21 157
21 160
21 162
21 163
21 164
21 171
21 175
21 176
21 181
21 182
21 183
22 0
22 3
22 4
22 7
22 12
22 13
22 14
22 15
22 17
22 20
22 25
22 26
22 32
22 34
22 36
22 41
22 43
22 49
22 53
22 58
22 60
22 72
22 81
22 91
22 94
22 103
22 107
22 112
22 113
22 114
22 115
22 117
22 118
22 121
22 136
22 142
22 145
22 146
22 156
22 158
22 163
22 164
22 167
22 178
22 182
22 184
22 189
23 13
23 14
23 15
23 29
23 31
23 51
23 66
23 93
23 94
23 104
23 108
23 116
23 123
23 124
23 125
23 136
23 140
23 142
23 145
23 148
23 151
23 157
23 165
23 166
23 176
23 178
23 181
23 182
24 1
24 3
24 7
24 9
24 10
24 12
24 15
24 29
24 30
24 31
24 40
24 47
24 49
24 56
24 57
24 64
24 85
24 95
24 105
24 121
24 122
24 130
24 134
24 137
24 140
24 143
24 150
24 153
24 156
24 157
24 160
24 162
24 165
24 171
24 179
24 184
24 185
25 1
25 8
25 9
25 10
25 15
25 22
25 24
25 33
25 38
25 39
25 51
25 52
25 55
25 57
25 59
25 65
25 69
25 75
25 85
25 92
25 95
25 97
25 102
25 103
25 113
25 126
25 127
25 131
25 133
25 142
25 145
25 149
25 151
25 153
25 154
25 155
25 157
25 160
25 166
25 185
26 1
26 2
26 5
26 6
26 7
26 8
26 21
26 22
26 29
26 36
26 41
26 46
26 48
26 51
26 54
26 64
26 67
26 72
26 77
26 83
26 86
26 87
26 88
26 90
26 95
26 96
26 107
26 122
26 123
26 132
26 134
26 135
26 136
26 138
26 145
26 146
26 148
26 155
26 170
26 172
26 174
26 181
26 183
26 185
27 2
27 6
27 10
27 13
27 17
27 22
27 27
27 28
27 31
27 32
27 36
27 47
27 53
27 56
27 57
27 66
27 73
27 79
27 80
27 84
27 91
27 98
27 112
27 114
27 117
27 122
27 124
27 136
27 137
27 151
27 160
27 169
27 176
27 178
27 179
27 184
28 2
28 5
28 8
28 10
28 11
28 13
28 16
28 19
28 27
28 31
28 33
28 37
28 50
28 57
28 65
28 88
28 95
28 96
28 102
28 103
28 110
28 111
28 116
28 118
28 123
28 127
28 133
28 139
28 141
28 142
28 144
28 155
28 156
28 162
28 164
28 166
28 168
28 172
28 174
28 176
28 177
28 181
29 14
29 21
29 26
29 38
29 48
29 54
29 60
29 64
29 81
29 90
29 92
29 100
29 101
29 106
29 112
29 117
29 120
29 128
29 134
29 136
29 139
29 141
29 143
29 145
29 151
29 152
29 153
29 166
29 167
29 171
29 173
29 174
29 182
29 189
30 10
30 11
30 15
30 17
30 28
30 29
30 33
30 39
30 43
30 48
30 54
30 57
30 58
30 72
30 73
30 81
30 85
30 86
30 87
30 88
30 91
30 96
30 106
30 116
30 118
30 130
30 144
30 151
30 153
30 158
30 166
30 169
30 173
30 174
30 175
30 177
31 13
31 26
31 29
31 35
31 39
31 52
31 53
31 60
31 67
31 69
31 72
31 73
31 80
31 89
31 93
31 97
31 102
31 103
31 105
31 110
31 117
31 118
31 122
31 131
31 132
31 134
31 141
31 145
31 147
31 154
31 155
31 157
31 161
31 168
31 177
31 181
31 182
31 183
31 185
32 1
32 3
32 18
32 23
32 25
32 32
32 34
32 37
32 39
32 40
32 62
32 72
32 73
32 81
32 83
32 84
32 88
32 91
32 99
32 101
32 104
32 105
32 109
32 112
32 114
32 132
32 136
32 137
32 146
32 153
32 159
32 161
32 173
32 174
32 175
32 181
32 186
33 7
33 16
33 18
33 21
33 24
33 25
33 26
33 37
33 39
33 40
33 42
33 43
33 44
33 45
33 47
33 58
33 60
33 62
33 63
33 69
33 78
33 92
33 93
33 98
33 100
33 105
33 110
33 116
33 119
33 122
33 123
33 130
33 171
33 173
33 181
33 185
34 5
34 7
34 10
34 11
34 12
34 13
34 19
34 29
34 30
34 31
34 35
34 37
34 43
34 53
34 65
34 69
34 71
34 80
34 83
34 87
34 89
34 94
34 96
34 102
34 117
34 122
34 124
34 129
34 130
34 160
34 164
34 166
34 168
34 177
34 186
35 10
35 13
35 15
35 24
35 26
35 27
35 32
35 33
35 37
35 49
35 51
35 52
35 53
35 57
35 58
35 75
35 77
35 83
35 102
35 103
35 108
35 114
35 120
35 122
35 127
35 131
35 134
35 135
35 141
35 148
35 149
35 152
35 168
35 169
35 173
35 176
35 181
35 183
35 188
35 189
36 6
36 8
36 10
36 11
36 14
36 15
36 20
36 27
36 29
36 40
36 51
36 53
36 54
36 68
36 73
36 78
36 84
36 86
36 95
36 101
36 108
36 109
36 114
36 115
36 116
36 123
36 130
36 132
36 133
36 146
36 155
36 164
36 168
36 169
36 174
36 177
36 180
36 188
36 189
37 8
37 12
37 13
37 16
37 23
37 25
37 28
37 30
37 33
37 47
37 58
37 65
37 77
37 81
37 87
37 96
37 99
37 102
37 109
37 111
37 119
37 120
37 129
37 132
37 139
37 159
37 164
37 165
37 167
37 169
37 175
37 182
37 183
38 0
38 3
38 5
38 6
38 15
38 18
38 25
38 33
38 38
38 43
38 47
38 49
38 53
38 54
38 59
38 65
38 68
38 78
38 80
38 82
38 85
38 89
38 90
38 99
38 101
38 109
38 112
38 113
38 117
38 125
38 132
38 133
38 146
38 157
38 162
38 178
39 7
39 18
39 31
39 39
39 45
39 48
39 56
39 60
39 64
39 69
39 70
39 75
39 80
39 89
39 90
39 91
39 101
39 113
39 117
39 130
39 132
39 133
39 134
39 141
39 143
39 152
39 157
39 158
39 171
39 184
40 2
40 3
40 12
40 27
40 28
40 29
40 38
40 39
40 40
40 43
40 61
40 63
40 66
40 81
40 83
40 86
40 92
40 99
40 101
40 102
40 104
40 107
40 112
40 113
40 121
40 128
40 129
40 130
40 134
40 137
40 147
40 148
40 153
40 158
40 160
40 162
40 163
40 169
40 170
40 175
40 179
40 181
40 185
40 187
40 188
40 189
41 0
41 4
41 5
41 6
41 11
41 16
41 22
41 24
41 25
41 26
41 31
41 34
41 36
41 37
41 41
41 45
41 54
41 67
41 72
41 75
41 76
41 77
41 78
41 79
41 81
41 85
41 86
41 89
41 92
41 102
41 106
41 109
41 123
41 128
41 131
41 132
41 134
41 143
41 148
41 152
41 158
41 167
41 168
41 174
41 179
41 180
42 5
42 6
42 11
42 19
42 21
42 30
42 40
42 52
42 53
42 93
42 101
42 103
42 115
42 126
42 127
42 128
42 129
42 132
42 141
42 149
42 151
42 164
42 170
42 180
42 182
42 186
43 1
43 11
43 13
43 21
43 26
43 48
43 50
43 54
43 55
43 59
43 62
43 68
43 71
43 83
43 89
43 92
43 94
43 97
43 103
43 109
43 113
43 115
43 120
43 126
43 127
43 135
43 138
43 139
43 140
43 141
43 142
43 149
43 151
43 154
43 157
43 160
43 170
43 180
43 183
43 185
43 189
44 2
44 3
44 6
44 17
44 37
44 40
44 42
44 49
44 50
44 52
44 56
44 58
44 61
44 62
44 63
44 68
44 70
44 71
44 78
44 80
44 92
44 129
44 137
44 138
44 142
44 150
44 155
44 156
44 178
44 179
44 184
44 188
45 2
45 7
45 12
45 21
45 35
45 39
45 42
45 44
45 46
45 52
45 54
45 63
45 65
45 78
45 80
45 91
45 100
45 105
45 106
45 109
45 112
45 118
45 120
45 127
45 144
45 148
45 149
45 150
45 153
45 158
45 159
45 171
45 176
45 180
45 181
45 185
46 3
46 4
46 9
46 10
46 17
46 22
46 27
46 28
46 39
46 41
46 42
46 51
46 52
46 53
46 66
46 69
46 73
46 74
46 78
46 80
46 84
46 90
46 100
46 109
46 110
46 111
46 112
46 113
46 117
46 127
46 129
46 139
46 141
46 145
46 146
46 152
46 153
46 164
46 171
46 173
46 175
46 189
47 5
47 9
47 10
47 14
47 19
47 22
47 23
47 31
47 32
47 42
47 45
47 51
47 53
47 57
47 60
47 64
47 65
47 70
47 80
47 81
47 86
47 89
47 91
47 92
47 95
47 96
47 99
47 106
47 107
47 110
47 112
47 119
47 121
47 122
47 127
47 133
47 149
47 150
47 152
47 154
47 158
47 168
47 169
47 174
47 175
47 176
47 181
47 188
48 9
48 12
48 15
48 18
48 23
48 30
48 33
48 36
48 38
48 43
48 46
48 48
48 52
48 55
48 56
48 72
48 78
48 79
48 97
48 101
48 102
48 107
48 111
48 115
48 119
48 121
48 123
48 138
48 141
48 144
48 150
48 153
48 160
48 167
48 178
48 180
48 183
49 3
49 6
49 13
49 16
49 18
49 33
49 36
49 39
49 45
49 46
49 47
49 49
49 50
49 54
49 55
49 77
49 79
49 80
49 83
49 89
49 92
49 103
49 105
49 106
49 109
49 110
49 111
49 121
49 124
49 128
49 130
49 133
49 139
49 147
49 160
49 168
49 179
49 182
50 2
50 16
50 17
50 18
50 19
50 22
50 28
50 32
50 34
50 40
50 44
50 46
50 52
50 54
50 55
50 61
50 62
50 64
50 66
50 69
50 77
50 82
50 88
50 90
50 94
50 95
50 103
50 104
50 105
50 110
50 111
50 115
50 116
50 118
50 120
50 122
50 124
50 130
50 134
50 146
50 156
50 158
50 160
50 164
50 167
50 169
50 177
50 189
51 7
51 12
51 16
51 19
51 20
51 28
51 33
51 36
51 38
51 39
51 40
51 44
51 45
51 52
51 58
51 73
51 82
51 85
51 91
51 92
51 93
51 97
51 100
51 105
51 110
51 116
51 130
51 156
51 170
51 171
51 178
51 182
51 183
51 187
51 188
52 4
52 6
52 8
52 17
52 22
52 28
52 37
52 42
52 46
52 62
52 65
52 67
52 71
52 73
52 80
52 85
52 101
52 115
52 116
52 124
52 131
52 132
52 134
52 136
52 140
52 148
52 149
52 150
52 151
52 157
52 160
52 168
52 170
52 172
52 176
52 184
52 188
53 1
53 2
53 10
53 13
53 18
53 20
53 22
53 23
53 24
53 34
53 35
53 36
53 43
53 44
53 48
53 61
53 64
53 66
53 75
53 77
53 79
53 80
53 81
53 88
53 91
53 92
53 94
53 105
53 112
53 113
53 115
53 118
53 126
53 146
53 147
53 148
53 150
53 151
53 154
53 156
53 167
53 169
53 171
53 173
53 181
53 183
53 185
54 6
54 25
54 30
54 39
54 46
54 48
54 50
54 58
54 66
54 67
54 74
54 76
54 81
54 83
54 87
54 89
54 98
54 103
54 111
54 113
54 122
54 123
54 126
54 127
54 134
54 139
54 144
54 152
54 169
54 179
54 182
54 185
54 186
55 6
55 7
55 10
55 13
55 27
55 30
55 35
55 40
55 41
55 50
55 56
55 61
55 65
55 67
55 73
55 85
55 93
55 99
55 103
55 109
55 117
55 123
55 124
55 126
55 127
55 133
55 134
55 137
55 141
55 146
55 147
55 149
55 153
55 156
55 165
55 171
55 172
55 189
56 1
56 3
56 9
56 17
56 19
56 23
56 26
56 32
56 34
56 35
56 36
56 37
56 54
56 57
56 58
56 60
56 71
56 72
56 74
56 76
56 94
56 95
56 104
56 111
56 112
56 113
56 115
56 125
56 127
56 128
56 140
56 142
56 146
56 153
56 154
56 167
56 175
56 177
56 185
57 5
57 18
57 27
57 29
57 41
57 48
57 51
57 54
57 57
57 63
57 64
57 66
57 71
57 72
57 76
57 84
57 89
57 91
57 99
57 105
57 111
57 117
57 118
57 119
57 129
57 134
57 138
57 143
57 154
57 156
57 166
57 175
57 177
57 180
57 183
58 2
58 5
58 15
58 28
58 39
58 41
58 43
58 46
58 57
58 68
58 75
58 77
58 79
58 85
58 88
58 91
58 102
58 108
58 116
58 119
58 121
58 125
58 142
58 150
58 151
58 153
58 154
58 158
58 159
58 160
58 161
58 171
58 174
58 188
59 1
59 10
59 12
59 13
59 14
59 44
59 50
59 52
59 53
59 56
59 63
59 67
59 68
59 74
59 77
59 78
59 80
59 85
59 86
59 100
59 101
59 116
59 117
59 118
59 121
59 123
59 134
59 140
59 144
59 146
59 158
59 163
59 165
59 166
59 167
59 172
59 177
59 179
59 184
60 8
60 10
60 14
60 21
60 23
60 24
60 26
60 30
60 36
60 42
60 58
60 61
60 70
60 72
60 74
60 80
60 83
60 85
60 92
60 95
60 97
60 100
60 125
60 126
60 128
60 139
60 140
60 141
60 148
60 151
60 157
60 160
60 162
60 169
60 170
60 177
60 189
61 0
61 10
61 11
61 14
61 20
61 24
61 30
61 47
61 57
61 74
61 75
61 77
61 84
61 91
61 92
61 100
61 105
61 109
61 110
61 111
61 125
61 126
61 132
61 144
61 145
61 148
61 152
61 155
61 179
61 184
62 2
62 12
62 15
62 21
62 25
62 36
62 41
62 45
62 56
62 58
62 62
62 66
62 82
62 84
62 85
62 89
62 93
62 97
62 100
62 101
62 103
62 106
62 107
62 120
62 121
62 122
62 124
62 125
62 130
62 146
62 150
62 154
62 157
62 170
62 174
62 175
62 178
62 183
62 186
63 0
63 3
63 10
63 16
63 20
63 25
63 32
63 39
63 41
63 45
63 47
63 55
63 63
63 70
63 82
63 83
63 85
63 86
63 87
63 94
63 100
63 101
63 110
63 115
63 118
63 120
63 127
63 139
63 143
63 146
63 149
63 159
63 160
63 173
63 175
63 178
63 186
64 1
64 16
64 18
64 19
64 22
64 31
64 36
64 41
64 43
64 49
64 53
64 59
64 63
64 69
64 72
64 76
64 92
64 94
64 96
64 100
64 101
64 104
64 116
64 120
64 121
64 122
64 126
64 141
64 149
64 156
64 161
64 164
64 166
64 170
64 173
64 177
64 181
64 187
65 1
65 16
65 22
65 26
65 31
65 33
65 40
65 59
65 67
65 76
65 84
65 95
65 97
65 100
65 106
65 119
65 122
65 131
65 140
65 148
65 152
65 163
65 168
65 169
65 170
65 171
65 175
65 178
65 182
65 187
66 8
66 9
66 13
66 14
66 16
66 21
66 22
66 24
66 31
66 33
66 37
66 38
66 39
66 43
66 46
66 48
66 53
66 54
66 59
66 65
66 69
66 70
66 71
66 73
66 75
66 81
66 82
66 84
66 88
66 94
66 101
66 103
66 107
66 108
66 109
66 110
66 125
66 126
66 129
66 130
66 131
66 134
66 138
66 145
66 155
66 158
66 161
66 163
66 177
66 181
66 188
67 5
67 6
67 9
67 23
67 29
67 35
67 40
67 46
67 50
67 56
67 59
67 61
67 69
67 75
67 79
67 92
67 95
67 99
67 107
67 116
67 117
67 118
67 130
67 133
67 134
67 138
67 140
67 142
67 144
67 156
67 158
67 173
67 177
67 187
68 2
68 4
68 14
68 25
68 39
68 41
68 43
68 51
68 58
68 79
68 83
68 90
68 93
68 101
68 104
68 133
68 137
68 147
68 150
68 156
68 157
68 168
68 172
68 176
68 177
68 181
69 1
69 4
69 6
69 9
69 19
69 20
69 23
69 29
69 30
69 32
69 39
69 40
69 47
69 51
69 57
69 63
69 70
69 71
69 75
69 81
69 82
69 86
69 87
69 89
69 102
69 107
69 111
69 117
69 119
69 125
69 128
69 129
69 131
69 144
69 151
69 154
69 157
69 158
69 162
69 170
69 173
69 176
69 187
69 188
70 6
70 12
70 20
70 22
70 26
70 28
70 34
70 37
70 41
70 46
70 54
70 68
70 73
70 74
70 75
70 79
70 80
70 86
70 89
70 92
70 100
70 104
70 105
70 111
70 116
70 118
70 126
70 129
70 133
70 138
70 149
70 151
70 153
70 154
70 158
70 160
70 163
70 169
70 175
70 182
70 183
71 16
71 19
71 23
71 33
71 37
71 50
71 55
71 57
71 58
71 63
71 68
71 73
71 86
71 90
71 91
71 93
71 101
71 105
71 108
71 112
71 121
71 127
71 128
71 129
71 130
71 131
71 139
71 141
71 150
71 153
71 159
71 160
71 163
71 173
71 178
72 4
72 6
72 11
72 12
72 14
72 19
72 23
72 30
72 31
72 33
72 34
72 38
72 42
72 55
72 57
72 75
72 76
72 78
72 84
72 85
72 86
72 90
72 92
72 98
72 101
72 102
72 107
72 114
72 117
72 122
72 126
72 130
72 133
72 134
72 136
72 138
72 140
72 141
72 160
72 162
72 165
72 169
72 174
72 181
72 184
72 185
73 5
73 12
73 18
73 26
73 27
73 28
73 38
73 39
73 40
73 48
73 51
73 56
73 59
73 66
73 82
73 86
73 87
73 92
73 93
73 95
73 114
73 119
73 122
73 126
73 130
73 132
73 138
73 150
73 155
73 160
73 161
73 165
73 166
73 179
73 183
74 1
74 8
74 19
74 26
74 52
74 78
74 82
74 87
74 95
74 99
74 107
74 115
74 119
74 122
74 124
74 128
74 129
74 139
74 143
74 144
74 145
74 146
74 148
74 153
74 159
74 162
74 169
74 174
74 181
74 183
74 184
75 5
75 9
75 10
75 13
75 16
75 20
75 23
75 25
75 30
75 34
75 36
75 37
75 38
75 40
75 44
75 48
75 63
75 64
75 74
75 75
75 83
75 84
75 85
75 93
75 94
75 96
75 111
75 116
75 121
75 122
75 124
75 133
75 135
75 144
75 147
75 151
75 152
75 160
75 161
75 162
75 166
75 173
75 179
75 182
75 187
75 188
76 4
76 27
76 29
76 33
76 35
76 38
76 47
76 48
76 52
76 54
76 57
76 60
76 62
76 65
76 66
76 69
76 72
76 77
76 86
76 93
76 94
76 96
76 100
76 107
76 111
76 115
76 116
76 122
76 123
76 133
76 139
76 141
76 143
76 146
76 147
76 156
76 158
76 166
76 173
76 177
76 180
76 183
76 184
77 3
77 5
77 14
77 21
77 30
77 34
77 44
77 61
77 64
77 65
77 69
77 73
77 82
77 91
77 96
77 100
77 106
77 109
77 118
77 123
77 127
77 129
77 133
77 135
77 139
77 145
77 152
77 160
77 165
77 167
77 172
77 173
77 174
77 177
77 185
78 1
78 4
78 19
78 23
78 29
78 31
78 40
78 49
78 52
78 58
78 61
78 68
78 75
78 78
78 79
78 86
78 87
78 92
78 93
78 96
78 110
78 115
78 118
78 130
78 134
78 152
78 163
78 164
78 169
78 171
78 179
78 181
78 182
78 183
78 184
78 187
78 188
79 0
79 1
79 4
79 7
79 34
79 53
79 57
79 58
79 74
79 79
79 82
79 84
79 85
79 105
79 107
79 108
79 122
79 128
79 142
79 152
79 154
79 162
79 165
79 167
79 177
79 178
79 186
80 6
80 25
80 28
80 39
80 40
80 41
80 49
80 56
80 60
80 61
80 62
80 64
80 71
80 72
80 73
80 78
80 79
80 82
80 85
80 89
80 94
80 95
80 98
80 99
80 120
80 124
80 134
80 137
80 145
80 150
80 151
80 152
80 161
80 163
80 164
80 180
80 187
80 189
81 4
81 6
81 23
81 31
81 33
81 42
81 47
81 55
81 59
81 60
81 69
81 77
81 89
81 95
81 98
81 100
81 101
81 103
81 108
81 109
81 111
81 113
81 115
81 120
81 124
81 127
81 144
81 147
81 151
81 154
81 155
81 166
81 171
81 176
81 184
82 1
82 5
82 9
82 12
82 25
82 27
82 32
82 38
82 41
82 51
82 61
82 63
82 70
82 79
82 80
82 85
82 87
82 90
82 102
82 125
82 126
82 128
82 138
82 141
82 144
82 156
82 158
82 162
82 163
82 164
82 166
82 170
82 171
82 178
82 186
82 187
82 188
83 3
83 12
83 13
83 18
83 22
83 26
83 31
83 36
83 40
83 44
83 45
83 54
83 58
83 60
83 71
83 72
83 76
83 79
83 88
83 89
83 97
83 109
83 123
83 129
83 131
83 156
83 159
83 160
83 165
83 170
83 186
83 188
83 189
84 4
84 7
84 16
84 36
84 40
84 44
84 48
84 49
84 52
84 62
84 72
84 73
84 75
84 79
84 85
84 86
84 92
84 95
84 100
84 116
84 117
84 118
84 121
84 128
84 134
84 139
84 140
84 141
84 143
84 153
84 154
84 155
84 156
84 158
84 159
84 164
84 177
84 181
85 1
85 2
85 3
85 7
85 9
85 15
85 20
85 25
85 39
85 41
85 46
85 48
85 55
85 59
85 61
85 66
85 67
85 74
85 79
85 81
85 82
85 86
85 87
85 90
85 94
85 95
85 97
85 102
85 111
85 114
85 121
85 124
85 129
85 132
85 142
85 143
85 148
85 149
85 151
85 159
85 167
85 172
85 177
85 184
85 187
86 3
86 5
86 20
86 21
86 26
86 28
86 56
86 61
86 63
86 64
86 71
86 72
86 74
86 81
86 82
86 87
86 89
86 91
86 92
86 95
86 97
86 98
86 106
86 109
86 117
86 123
86 128
86 130
86 139
86 147
86 154
86 155
86 158
86 169
86 187
87 14
87 15
87 16
87 17
87 24
87 29
87 43
87 51
87 53
87 58
87 59
87 62
87 64
87 65
87 69
87 74
87 86
87 91
87 101
87 103
87 106
87 109
87 111
87 118
87 126
87 129
87 130
87 136
87 139
87 141
87 157
87 159
87 165
87 167
87 170
87 171
87 176
87 184
87 188
87 189
88 0
88 4
88 8
88 17
88 20
88 21
88 22
88 26
88 42
88 44
88 50
88 54
88 65
88 67
88 75
88 77
88 81
88 83
88 84
88 91
88 94
88 95
88 96
88 97
88 106
88 108
88 111
88 116
88 121
88 123
88 126
88 128
88 134
88 137
88 147
88 157
88 167
88 170
88 174
88 175
88 181
88 183
89 1
89 17
89 20
89 22
89 25
89 30
89 32
89 33
89 35
89 37
89 39
89 40
89 44
89 45
89 47
89 59
89 62
89 65
89 67
89 68
89 69
89 70
89 74
89 77
89 78
89 80
89 81
89 82
89 83
89 84
89 90
89 94
89 95
89 109
89 114
89 119
89 131
89 139
89 148
89 149
89 150
89 151
89 153
89 157
89 158
89 159
89 161
89 162
89 174
89 180
89 183
89 184
90 7
90 14
90 19
90 20
90 26
90 30
90 46
90 49
90 60
90 84
90 93
90 94
90 101
90 107
90 110
90 120
90 135
90 142
90 145
90 151
90 154
90 161
90 162
90 163
90 164
90 172
90 175
90 185
90 187
91 3
91 25
91 27
91 29
91 32
91 47
91 48
91 52
91 54
91 66
91 68
91 72
91 74
91 80
91 86
91 89
91 92
91 98
91 105
91 108
91 110
91 113
91 115
91 116
91 118
91 127
91 130
91 131
91 133
91 136
91 148
91 149
91 152
91 163
91 168
91 176
91 182
91 183
91 184
91 185
91 187
92 2
92 5
92 10
92 17
92 18
92 37
92 41
92 45
92 47
92 51
92 54
92 55
92 56
92 59
92 63
92 67
92 71
92 72
92 73
92 76
92 77
92 83
92 84
92 86
92 87
92 98
92 102
92 108
92 109
92 110
92 112
92 117
92 129
92 134
92 136
92 139
92 145
92 155
92 161
92 165
92 168
92 177
92 178
92 185
92 187
93 0
93 1
93 4
93 9
93 10
93 23
93 32
93 35
93 41
93 44
93 65
93 67
93 76
93 78
93 81
93 83
93 85
93 86
93 87
93 90
93 113
93 120
93 122
93 125
93 126
93 135
93 147
93 157
93 159
93 168
93 171
93 179
93 181
93 185
93 186
93 187
93 188
94 8
94 14
94 18
94 21
94 43
94 49
94 50
94 51
94 60
94 62
94 68
94 70
94 88
94 90
94 92
94 95
94 102
94 105
94 116
94 117
94 120
94 124
94 131
94 132
94 134
94 145
94 153
94 157
94 158
94 165
94 171
94 174
94 180
94 181
94 183
94 185
95 4
95 8
95 13
95 17
95 23
95 27
95 28
95 29
95 32
95 33
95 34
95 39
95 49
95 52
95 59
95 62
95 66
95 67
95 79
95 81
95 82
95 88
95 91
95 92
95 93
95 105
95 108
95 113
95 115
95 123
95 131
95 139
95 140
95 144
95 153
95 158
95 159
95 164
95 165
95 168
95 174
95 182
95 186
95 187
95 189
96 0
96 5
96 10
96 23
96 25
96 27
96 28
96 31
96 32
96 58
96 60
96 61
96 66
96 73
96 77
96 79
96 86
96 96
96 98
96 100
96 103
96 104
96 110
96 120
96 130
96 140
96 143
96 148
96 149
96 163
96 165
96 169
96 174
96 180
96 183
97 19
97 34
97 43
97 49
97 50
97 58
97 59
97 65
97 75
97 77
97 79
97 80
97 90
97 92
97 100
97 102
97 103
97 105
97 106
97 107
97 109
97 110
97 113
97 115
97 118
97 121
97 138
97 139
97 140
97 148
97 154
97 159
97 161
97 163
97 173
97 174
97 179
97 183
97 184
98 11
98 22
98 24
98 33
98 34
98 36
98 37
98 42
98 52
98 56
98 57
98 86
98 89
98 92
98 94
98 95
98 100
98 103
98 106
98 107
98 112
98 114
98 121
98 122
98 126
98 133
98 141
98 146
98 148
98 154
98 155
98 162
98 174
98 175
98 183
98 185
98 187
98 189
99 1
99 6
99 28
99 36
99 48
99 54
99 62
99 67
99 79
99 84
99 87
99 93
99 94
99 98
99 101
99 102
99 112
99 114
99 117
99 122
99 126
99 128
99 141
99 148
99 163
99 165
99 170
99 171
99 176
99 177
99 181
99 186
99 189
100 5
100 8
100 13
100 15
100 17
100 23
100 26
100 32
100 39
100 53
100 62
100 65
100 68
100 72
100 75
100 81
100 88
100 91
100 97
100 105
100 107
100 109
100 111
100 114
100 116
100 133
100 134
100 138
100 145
100 153
100 179
100 188
100 189
101 0
101 5
101 11
101 27
101 28
101 32
101 48
101 50
101 53
101 54
101 68
101 75
101 79
101 96
101 100
101 107
101 110
101 111
101 113
101 119
101 120
101 123
101 126
101 128
101 135
101 136
101 139
101 141
101 147
101 156
101 160
101 167
101 168
101 173
101 179
101 180
101 182
101 185
102 1
102 3
102 5
102 9
102 10
102 11
102 22
102 26
102 27
102 28
102 30
102 31
102 37
102 40
102 42
102 45
102 51
102 54
102 61
102 65
102 66
102 67
102 71
102 73
102 80
102 83
102 84
102 86
102 87
102 89
102 93
102 97
102 107
102 116
102 121
102 130
102 132
102 136
102 145
102 147
102 155
102 167
102 173
102 175
102 183
102 188
103 2
103 16
103 19
103 40
103 49
103 50
103 52
103 61
103 64
103 69
103 70
103 71
103 94
103 95
103 97
103 103
103 104
103 106
103 114
103 118
103 119
103 133
103 149
103 158
103 170
103 175
103 182
103 183
103 184
104 1
104 2
104 10
104 15
104 16
104 17
104 37
104 50
104 51
104 52
104 58
104 64
104 76
104 77
104 94
104 121
104 123
104 124
104 137
104 139
104 158
104 164
104 165
104 171
104 175
104 179
104 187
105 1
105 2
105 10
105 16
105 20
105 27
105 28
105 41
105 44
105 53
105 54
105 60
105 64
105 72
105 78
105 80
105 82
105 85
105 91
105 92
105 93
105 98
105 101
105 103
105 107
105 109
105 126
105 132
105 133
105 145
105 146
105 147
105 153
105 169
105 179
105 180
105 187
105 189
106 1
106 5
106 20
106 22
106 27
106 28
106 29
106 42
106 45
106 58
106 59
106 65
106 66
106 69
106 83
106 84
106 87
106 99
106 109
106 110
106 114
106 118
106 132
106 138
106 151
106 154
106 163
106 164
106 172
106 173
107 12
107 19
107 21
107 22
107 28
107 29
107 50
107 56
107 61
107 78
107 82
107 90
107 93
107 95
107 100
107 102
107 104
107 112
107 114
107 121
107 123
107 125
107 126
107 138
107 145
107 148
107 152
107 157
107 167
107 170
107 174
107 177
107 178
107 182
107 183
108 5
108 17
108 18
108 27
108 28
108 34
108 38
108 39
108 44
108 47
108 58
108 59
108 60
108 78
108 83
108 103
108 104
108 113
108 115
108 119
108 128
108 130
108 139
108 145
108 151
108 153
108 162
108 165
108 166
108 168
108 172
108 178
108 179
108 187
109 1
109 9
109 10
109 12
109 13
109 18
109 20
109 36
109 38
109 44
109 45
109 47
109 51
109 64
109 67
109 80
109 87
109 91
109 101
109 104
109 106
109 113
109 114
109 129
109 136
109 137
109 142
109 153
109 155
109 157
109 159
109 166
109 181
109 183
109 184
110 10
110 20
110 26
110 27
110 30
110 33
110 35
110 38
110 43
110 47
110 55
110 56
110 73
110 79
110 80
110 87
110 88
110 91
110 93
110 108
110 116
110 119
110 129
110 130
110 133
110 144
110 154
110 161
110 166
110 167
110 170
110 172
110 178
110 182
111 5
111 6
111 11
111 12
111 14
111 15
111 16
111 17
111 18
111 23
111 32
111 35
111 41
111 66
111 67
111 73
111 79
111 84
111 87
111 89
111 93
111 99
111 103
111 113
111 122
111 128
111 129
111 135
111 136
111 141
111 148
111 160
111 161
111 162
111 166
111 167
111 172
111 177
111 188
112 4
112 5
112 6
112 8
112 10
112 11
112 14
112 16
112 25
112 31
112 32
112 34
112 35
112 39
112 40
112 44
112 51
112 60
112 70
112 77
112 85
112 89
112 96
112 97
112 101
112 106
112 112
112 124
112 126
112 128
112 131
112 138
112 140
112 146
112 148
112 151
112 153
112 154
112 157
112 160
112 170
112 180
113 2
113 12
113 17
113 18
113 20
113 30
113 33
113 37
113 45
113 47
113 63
113 64
113 69
113 70
113 73
113 86
113 87
113 88
113 96
113 97
113 99
113 100
113 103
113 107
113 112
113 115
113 120
113 126
113 132
113 135
113 140
113 143
113 157
113 160
113 165
113 167
113 174
113 177
114 2
114 3
114 7
114 8
114 20
114 33
114 34
114 39
114 57
114 58
114 59
114 61
114 67
114 79
114 81
114 83
114 86
114 104
114 105
114 107
114 109
114 113
114 130
114 136
114 138
114 149
114 151
114 154
114 156
114 172
114 175
114 176
114 184
114 186
114 187
114 189
115 6
115 7
115 12
115 13
115 14
115 29
115 33
115 36
115 37
115 58
115 65
115 67
115 72
115 90
115 91
115 93
115 95
115 102
115 103
115 106
115 108
115 112
115 115
115 117
115 129
115 130
115 146
115 147
115 160
115 171
115 172
115 174
115 180
115 181
116 1
116 4
116 7
116 20
116 21
116 23
116 26
116 28
116 29
116 35
116 38
116 50
116 55
116 56
116 57
116 61
116 62
116 70
116 75
116 79
116 82
116 86
116 91
116 95
116 97
116 98
116 99
116 104
116 106
116 108
116 111
116 115
116 120
116 121
116 125
116 128
116 130
116 135
116 144
116 157
116 165
116 170
116 187
117 3
117 8
117 16
117 21
117 24
117 30
117 46
117 55
117 57
117 61
117 70
117 71
117 76
117 83
117 88
117 92
117 94
117 95
117 105
117 106
117 114
117 123
117 125
117 134
117 136
117 144
117 150
117 151
117 153
117 155
117 168
117 170
117 172
117 173
117 174
117 175
117 182
117 189
118 0
118 13
118 21
118 23
118 24
118 27
118 32
118 34
118 35
118 45
118 62
118 70
118 73
118 76
118 77
118 80
118 82
118 95
118 99
118 104
118 119
118 123
118 124
118 128
118 160
118 161
118 165
118 181
118 184
118 185
118 186
119 1
119 10
119 15
119 16
119 21
119 22
119 23
119 42
119 43
119 49
119 51
119 58
119 60
119 62
119 77
119 81
119 83
119 89
119 94
119 96
119 102
119 109
119 117
119 121
119 122
119 134
119 151
119 155
119 163
119 165
119 171
119 176
119 177
119 185
119 187
119 189
120 0
120 6
120 8
120 12
120 17
120 19
120 21
120 22
120 34
120 39
120 44
120 49
120 51
120 78
120 85
120 87
120 92
120 96
120 98
120 100
120 115
120 123
120 125
120 126
120 132
120 136
120 138
120 142
120 147
120 148
120 149
120 156
120 161
120 164
120 165
120 166
120 179
120 181
120 182
120 184
120 186
120 187
120 189
121 16
121 27
121 33
121 39
121 54
121 57
121 61
121 63
121 65
121 69
121 74
121 86
121 91
121 93
121 97
121 102
121 110
121 112
121 113
121 120
121 125
121 135
121 136
121 138
121 147
121 151
121 163
121 165
121 168
121 169
121 170
121 178
121 183
122 4
122 10
122 12
122 13
122 16
122 17
122 21
122 22
122 25
122 30
122 35
122 38
122 45
122 47
122 61
122 62
122 63
122 65
122 78
122 82
122 83
122 86
122 93
122 100
122 103
122 106
122 120
122 122
122 125
122 130
122 142
122 152
122 153
122 157
122 162
122 167
122 169
122 179
122 182
122 189
123 17
123 21
123 29
123 40
123 44
123 52
123 59
123 71
123 79
123 82
123 87
123 89
123 91
123 93
123 95
123 103
123 106
123 108
123 111
123 115
123 117
123 124
123 127
123 128
123 134
123 144
123 153
123 154
123 157
123 158
123 161
123 171
123 181
123 182
124 4
124 9
124 13
124 23
124 41
124 44
124 50
124 56
124 62
124 66
124 69
124 75
124 77
124 81
124 82
124 84
124 85
124 94
124 103
124 105
124 114
124 115
124 119
124 120
124 124
124 126
124 138
124 157
124 170
124 174
124 177
124 178
124 180
124 181
124 185
124 188
125 1
125 9
125 13
125 22
125 23
125 28
125 37
125 38
125 43
125 53
125 54
125 57
125 58
125 67
125 68
125 72
125 73
125 78
125 81
125 85
125 95
125 106
125 109
125 112
125 114
125 118
125 120
125 132
125 139
125 144
125 145
125 160
125 165
125 166
125 173
125 178
125 180
125 182
125 183
126 10
126 30
126 34
126 38
126 40
126 42
126 46
126 53
126 71
126 81
126 84
126 96
126 101
126 103
126 105
126 109
126 113
126 131
126 136
126 138
126 139
126 145
126 153
126 154
126 161
126 168
126 171
126 174
127 5
127 10
127 20
127 28
127 30
127 36
127 38
127 39
127 40
127 54
127 55
127 56
127 65
127 69
127 76
127 78
127 82
127 92
127 96
127 106
127 109
127 110
127 115
127 117
127 123
127 127
127 130
127 132
127 135
127 136
127 150
127 152
127 154
127 163
127 164
127 166
127 168
127 187
128 20
128 36
128 37
128 50
128 51
128 68
128 73
128 75
128 83
128 89
128 91
128 94
128 97
128 105
128 112
128 113
128 115
128 116
128 118
128 136
128 139
128 147
128 150
128 153
128 160
128 168
128 176
128 184
129 1
129 3
129 10
129 12
129 13
129 14
129 17
129 21
129 29
129 30
129 33
129 50
129 52
129 60
129 79
129 81
129 87
129 88
129 93
129 95
129 97
129 105
129 109
129 111
129 113
129 117
129 119
129 121
129 123
129 137
129 139
129 143
129 146
129 148
129 163
129 165
129 177
130 3
130 9
130 12
130 15
130 17
130 24
130 28
130 34
130 36
130 37
130 47
130 56
130 59
130 70
130 73
130 81
130 85
130 92
130 103
130 118
130 119
130 131
130 150
130 154
130 159
130 160
130 165
130 170
130 181
130 184
131 7
131 13
131 15
131 27
131 30
131 32
131 37
131 43
131 46
131 47
131 48
131 54
131 58
131 65
131 70
131 73
131 74
131 76
131 85
131 92
131 95
131 107
131 110
131 111
131 113
131 118
131 133
131 135
131 141
131 145
131 148
131 150
131 154
131 161
131 166
131 173
132 0
132 6
132 7
132 11
132 15
132 18
132 20
132 34
132 47
132 50
132 57
132 65
132 80
132 82
132 85
132 86
132 87
132 89
132 93
132 94
132 107
132 109
132 114
132 115
132 129
132 133
132 136
132 140
132 144
132 148
132 151
132 155
132 158
132 161
132 163
132 166
132 167
132 170
132 173
132 182
132 185
132 187
132 188
133 0
133 2
133 4
133 8
133 11
133 12
133 13
133 24
133 32
133 37
133 39
133 42
133 43
133 63
133 69
133 71
133 78
133 89
133 90
133 94
133 96
133 102
133 103
133 128
133 134
133 137
133 140
133 145
133 149
133 150
133 157
133 160
133 161
133 163
133 171
133 173
133 186
134 0
134 4
134 13
134 14
134 17
134 18
134 19
134 25
134 27
134 32
134 48
134 50
134 54
134 65
134 68
134 76
134 78
134 98
134 104
134 118
134 121
134 124
134 126
134 128
134 137
134 139
134 142
134 155
134 163
134 166
134 171
134 180
134 181
134 185
135 2
135 5
135 10
135 20
135 24
135 28
135 31
135 32
135 33
135 35
135 36
135 45
135 49
135 54
135 63
135 65
135 71
135 73
135 74
135 75
135 81
135 84
135 85
135 87
135 88
135 96
135 103
135 108
135 110
135 117
135 118
135 125
135 127
135 128
135 133
135 140
135 142
135 143
135 147
135 148
135 150
135 151
135 168
135 170
135 171
135 178
135 180
135 183
135 185
135 186
136 6
136 11
136 12
136 13
136 15
136 18
136 26
136 30
136 34
136 36
136 39
136 41
136 43
136 45
136 56
136 63
136 68
136 73
136 74
136 96
136 101
136 106
136 108
136 116
136 118
136 123
136 124
136 127
136 130
136 133
136 142
136 147
136 152
136 153
136 154
136 158
136 160
136 176
136 178
136 189
137 3
137 4
137 11
137 12
137 15
137 16
137 20
137 23
137 27
137 28
137 53
137 62
137 64
137 65
137 71
137 72
137 77
137 79
137 88
137 90
137 99
137 102
137 103
137 109
137 115
137 117
137 126
137 127
137 129
137 135
137 137
137 148
137 149
137 154
137 157
137 163
137 164
137 172
137 173
137 189
138 0
138 3
138 9
138 13
138 17
138 18
138 20
138 21
138 30
138 41
138 42
138 52
138 53
138 58
138 62
138 66
138 75
138 87
138 90
138 92
138 101
138 104
138 108
138 110
138 111
138 118
138 120
138 125
138 143
138 152
138 155
138 163
138 175
139 6
139 13
139 16
139 18
139 21
139 28
139 32
139 33
139 50
139 52
139 54
139 59
139 60
139 61
139 62
139 66
139 67
139 73
139 76
139 77
139 84
139 87
139 101
139 105
139 117
139 118
139 127
139 128
139 130
139 140
139 142
139 144
139 150
139 157
139 158
139 159
139 170
139 173
140 0
140 2
140 4
140 10
140 11
140 24
140 40
140 41
140 45
140 46
140 49
140 50
140 52
140 56
140 60
140 64
140 70
140 73
140 81
140 84
140 93
140 100
140 105
140 106
140 110
140 116
140 118
140 123
140 126
140 128
140 136
140 140
140 142
140 146
140 152
140 162
140 166
140 170
140 174
140 175
140 180
140 186
141 0
141 5
141 13
141 15
141 18
141 26
141 28
141 35
141 41
141 42
141 45
141 56
141 61
141 63
141 69
141 75
141 76
141 82
141 86
141 98
141 110
141 114
141 129
141 131
141 145
141 151
141 165
141 177
141 187
142 0
142 2
142 3
142 9
142 11
142 17
142 21
142 24
142 32
142 34
142 39
142 42
142 43
142 47
142 48
142 54
142 56
142 60
142 61
142 69
142 81
142 83
142 84
142 86
142 92
142 96
142 100
142 103
142 105
142 108
142 117
142 119
142 121
142 128
142 139
142 145
142 151
142 152
142 157
142 162
143 1
143 2
143 5
143 6
143 10
143 16
143 18
143 22
143 23
143 25
143 28
143 33
143 35
143 36
143 38
143 41
143 52
143 54
143 56
143 60
143 72
143 79
143 81
143 82
143 96
143 97
143 105
143 109
143 111
143 127
143 128
143 130
143 135
143 136
143 142
143 146
143 148
143 149
143 153
143 157
143 161
143 166
143 169
143 183
143 189
144 19
144 20
144 32
144 34
144 36
144 38
144 39
144 52
144 56
144 60
144 64
144 65
144 67
144 74
144 81
144 89
144 97
144 99
144 100
144 119
144 122
144 124
144 131
144 133
144 136
144 148
144 150
144 153
144 158
144 162
144 173
144 176
144 179
144 180
145 3
145 7
145 12
145 20
145 21
145 25
145 28
145 30
145 34
145 35
145 39
145 43
145 50
145 61
145 67
145 68
145 70
145 71
145 72
145 76
145 83
145 89
145 90
145 92
145 94
145 95
145 99
145 103
145 118
145 123
145 129
145 132
145 150
145 154
145 155
145 163
145 167
145 172
145 174
145 179
145 181
146 0
146 1
146 4
146 7
146 10
146 16
146 20
146 35
146 59
146 62
146 65
146 68
146 72
146 81
146 89
146 94
146 95
146 102
146 104
146 115
146 119
146 120
146 122
146 127
146 131
146 132
146 133
146 135
146 139
146 144
146 148
146 149
146 152
146 160
146 166
146 171
146 179
146 180
146 181
147 7
147 11
147 13
147 18
147 19
147 25
147 27
147 28
147 34
147 37
147 38
147 39
147 42
147 46
147 61
147 62
147 64
147 67
147 75
147 83
147 85
147 88
147 91
147 102
147 125
147 127
147 135
147 149
147 150
147 154
147 161
147 162
147 171
147 182
147 188
148 11
148 15
148 16
148 17
148 19
148 27
148 29
148 35
148 37
148 38
148 40
148 41
148 48
148 51
148 54
148 55
148 58
148 67
148 69
148 76
148 80
148 82
148 90
148 93
148 94
148 99
148 102
148 115
148 124
148 125
148 130
148 133
148 137
148 148
148 150
148 155
148 156
148 167
148 168
148 173
148 183
148 186
149 12
149 14
149 23
149 24
149 28
149 33
149 37
149 38
149 41
149 42
149 47
149 48
149 49
149 59
149 61
149 81
149 96
149 106
149 111
149 116
149 121
149 126
149 132
149 143
149 146
149 156
149 167
149 168
149 175
149 178
149 183
149 184
149 188
149 189
150 1
150 12
150 13
150 14
150 15
150 17
150 20
150 26
150 31
150 39
150 40
150 43
150 44
150 46
150 51
150 52
150 54
150 59
150 65
150 66
150 68
150 73
150 79
150 90
150 95
150 97
150 102
150 108
150 118
150 121
150 123
150 124
150 126
150 133
150 135
150 143
150 144
150 146
150 147
150 151
150 152
150 161
150 168
150 169
150 170
150 172
150 174
150 178
150 188
151 4
151 7
151 9
151 11
151 12
151 18
151 25
151 26
151 29
151 31
151 32
151 35
151 37
151 58
151 60
151 61
151 69
151 80
151 85
151 91
151 96
151 97
151 98
151 105
151 106
151 107
151 131
151 132
151 140
151 142
151 144
151 147
151 148
151 162
151 165
151 167
151 173
151 179
151 182
151 184
151 185
151 188
152 0
152 1
152 3
152 12
152 18
152 23
152 27
152 35
152 36
152 38
152 40
152 41
152 42
152 45
152 47
152 50
152 55
152 62
152 63
152 65
152 68
152 71
152 85
152 90
152 93
152 96
152 102
152 107
152 112
152 121
152 130
152 131
152 134
152 136
152 137
152 143
152 150
152 156
152 163
152 168
152 173
152 179
152 183
153 7
153 8
153 10
153 11
153 13
153 19
153 20
153 28
153 31
153 33
153 40
153 41
153 44
153 52
153 59
153 65
153 74
153 77
153 79
153 85
153 91
153 95
153 102
153 105
153 106
153 111
153 122
153 130
153 134
153 137
153 139
153 152
153 154
153 165
153 181
153 187
154 4
154 6
154 8
154 26
154 32
154 37
154 41
154 46
154 48
154 49
154 57
154 66
154 68
154 70
154 78
154 79
154 81
154 82
154 83
154 84
154 86
154 87
154 94
154 97
154 102
154 103
154 106
154 112
154 113
154 120
154 121
154 122
154 136
154 138
154 148
154 150
154 161
154 164
154 165
154 170
154 175
154 177
154 178
154 186
155 1
155 3
155 16
155 25
155 30
155 37
155 52
155 53
155 58
155 78
155 81
155 88
155 89
155 92
155 95
155 99
155 107
155 108
155 109
155 115
155 119
155 120
155 138
155 156
155 158
155 161
155 166
155 171
155 177
155 179
156 2
156 4
156 6
156 7
156 8
156 9
156 17
156 23
156 27
156 36
156 42
156 43
156 49
156 53
156 67
156 69
156 80
156 83
156 87
156 89
156 93
156 94
156 95
156 111
156 124
156 126
156 131
156 143
156 148
156 153
156 154
156 169
156 175
156 176
156 179
156 183
156 189
157 5
157 16
157 19
157 21
157 22
157 29
157 30
157 31
157 36
157 38
157 39
157 45
157 48
157 55
157 57
157 58
157 59
157 77
157 78
157 79
157 80
157 83
157 85
157 86
157 88
157 93
157 96
157 105
157 110
157 129
157 130
157 134
157 135
157 136
157 137
157 142
157 146
157 154
157 157
157 165
157 166
157 167
157 172
157 173
157 181
157 182
157 183
157 185
158 1
158 7
158 13
158 16
158 20
158 27
158 28
158 32
158 34
158 35
158 40
158 44
158 53
158 56
158 60
158 63
158 81
158 83
158 85
158 87
158 94
158 104
158 106
158 107
158 111
158 116
158 122
158 124
158 126
158 130
158 135
158 140
158 146
158 152
158 153
158 155
158 157
158 158
158 164
158 166
158 173
158 175
158 177
158 184
158 186
158 189
159 5
159 6
159 11
159 12
159 14
159 18
159 24
159 27
159 35
159 36
159 60
159 63
159 64
159 69
159 73
159 78
159 85
159 86
159 96
159 98
159 103
159 108
159 117
159 118
159 121
159 124
159 126
159 135
159 153
159 155
159 158
159 161
159 169
159 171
159 175
159 185
159 187
159 188
160 2
160 9
160 10
160 17
160 21
160 23
160 32
160 35
160 37
160 38
160 39
160 45
160 47
160 63
160 66
160 68
160 70
160 71
160 72
160 78
160 84
160 87
160 88
160 92
160 93
160 102
160 107
160 108
160 113
160 114
160 123
160 135
160 136
160 140
160 141
160 146
160 151
160 163
160 184
160 188
161 14
161 18
161 23
161 26
161 36
161 38
161 39
161 42
161 54
161 57
161 61
161 66
161 69
161 75
161 78
161 82
161 84
161 86
161 92
161 104
161 108
161 113
161 116
161 121
161 123
161 124
161 129
161 132
161 140
161 148
161 152
161 153
161 157
161 163
161 164
161 165
161 166
161 169
161 179
161 182
161 184
161 188
162 2
162 11
162 15
162 16
162 17
162 18
162 20
162 30
162 31
162 43
162 44
162 47
162 48
162 50
162 54
162 55
162 61
162 63
162 67
162 81
162 88
162 89
162 96
162 99
162 112
162 114
162 123
162 126
162 133
162 135
162 142
162 150
162 155
162 158
162 159
162 163
162 165
162 168
162 174
162 178
162 179
163 2
163 7
163 9
163 10
163 15
163 21
163 22
163 28
163 31
163 33
163 37
163 39
163 43
163 44
163 49
163 60
163 67
163 69
163 72
163 75
163 76
163 80
163 87
163 94
163 95
163 104
163 105
163 106
163 118
163 122
163 132
163 140
163 154
163 155
163 161
163 168
163 170
163 172
163 173
163 175
163 178
164 5
164 17
164 26
164 34
164 36
164 37
164 53
164 60
164 64
164 66
164 68
164 72
164 87
164 89
164 91
164 99
164 101
164 123
164 124
164 127
164 133
164 137
164 144
164 149
164 172
164 178
164 186
165 3
165 6
165 11
165 16
165 17
165 28
165 34
165 44
165 46
165 52
165 61
165 77
165 86
165 113
165 128
165 131
165 132
165 138
165 145
165 150
165 153
165 154
165 155
165 156
165 165
165 169
165 170
165 173
165 175
165 185
165 187
165 188
166 3
166 4
166 17
166 28
166 32
166 36
166 53
166 63
166 68
166 70
166 74
166 78
166 86
166 87
166 91
166 93
166 95
166 96
166 109
166 111
166 126
166 129
166 135
166 148
166 156
166 161
166 163
166 164
166 166
166 175
166 176
166 178
166 182
166 185
167 0
167 7
167 8
167 9
167 11
167 12
167 19
167 25
167 32
167 37
167 49
167 54
167 72
167 74
167 77
167 87
167 93
167 98
167 100
167 109
167 116
167 120
167 125
167 135
167 138
167 140
167 149
167 152
167 158
167 162
167 167
167 170
167 171
167 172
167 176
167 181
167 184
167 186
167 189
168 3
168 16
168 18
168 19
168 20
168 27
168 30
168 33
168 34
168 36
168 38
168 39
168 43
168 44
168 45
168 50
168 52
168 61
168 67
168 71
168 74
168 75
168 86
168 87
168 89
168 90
168 94
168 96
168 102
168 106
168 113
168 117
168 129
168 131
168 132
168 138
168 140
168 141
168 149
168 151
168 153
168 154
168 155
168 161
168 162
168 164
168 171
169 5
169 16
169 17
169 22
169 23
169 27
169 28
169 30
169 33
169 38
169 44
169 51
169 57
169 63
169 76
169 78
169 85
169 88
169 92
169 97
169 110
169 114
169 130
169 138
169 139
169 143
169 144
169 147
169 148
169 162
169 171
169 176
169 182
169 183
169 184
169 186
170 2
170 6
170 23
170 37
170 39
170 48
170 57
170 61
170 62
170 66
170 67
170 68
170 84
170 92
170 104
170 106
170 115
170 118
170 119
170 124
170 133
170 135
170 141
170 146
170 147
170 155
170 157
170 158
170 161
170 165
170 167
170 178
170 181
170 183
171 1
171 18
171 19
171 23
171 26
171 31
171 32
171 37
171 38
171 39
171 43
171 47
171 49
171 52
171 60
171 69
171 70
171 72
171 76
171 84
171 87
171 90
171 91
171 95
171 103
171 104
171 107
171 124
171 125
171 132
171 135
171 140
171 149
171 154
171 159
171 172
171 179
171 188
172 6
172 7
172 11
172 21
172 28
172 39
172 43
172 44
172 45
172 57
172 74
172 80
172 82
172 83
172 92
172 119
172 126
172 129
172 130
172 143
172 147
172 151
172 166
172 177
172 178
172 183
173 0
173 5
173 17
173 18
173 19
173 45
173 47
173 52
173 58
173 60
173 61
173 64
173 70
173 72
173 78
173 80
173 83
173 90
173 115
173 118
173 119
173 120
173 121
173 126
173 131
173 141
173 145
173 149
173 150
173 151
173 159
173 161
173 162
173 171
173 172
173 178
173 180
173 181
173 183
173 187
173 189
174 6
174 17
174 23
174 38
174 39
174 50
174 51
174 54
174 58
174 59
174 72
174 74
174 86
174 87
174 93
174 102
174 117
174 118
174 119
174 120
174 121
174 127
174 128
174 129
174 133
174 143
174 156
174 157
174 165
174 171
174 172
174 174
174 178
174 181
174 189
175 1
175 6
175 7
175 8
175 22
175 29
175 32
175 35
175 41
175 45
175 49
175 50
175 57
175 58
175 60
175 61
175 63
175 68
175 73
175 81
175 82
175 88
175 92
175 100
175 101
175 112
175 113
175 114
175 116
175 123
175 128
175 129
175 131
175 143
175 148
175 150
175 152
175 153
175 157
175 163
175 164
175 179
175 185
176 3
176 6
176 12
176 23
176 25
176 27
176 28
176 29
176 32
176 44
176 45
176 47
176 51
176 52
176 53
176 67
176 71
176 82
176 87
176 89
176 92
176 93
176 99
176 103
176 105
176 108
176 109
176 117
176 119
176 131
176 141
176 142
176 143
176 153
176 172
176 181
177 2
177 3
177 5
177 13
177 25
177 35
177 37
177 39
177 41
177 46
177 55
177 58
177 69
177 74
177 75
177 78
177 91
177 96
177 97
177 107
177 109
177 113
177 119
177 126
177 128
177 142
177 160
177 162
177 168
177 171
177 179
177 184
177 186
178 3
178 11
178 15
178 16
178 24
178 28
178 29
178 34
178 36
178 45
178 47
178 50
178 54
178 64
178 72
178 73
178 78
178 89
178 94
178 98
178 106
178 110
178 122
178 123
178 127
178 128
178 134
178 137
178 140
178 149
178 161
178 167
178 171
178 173
178 186
179 7
179 11
179 12
179 16
179 17
179 22
179 29
179 33
179 38
179 46
179 54
179 57
179 63
179 65
179 72
179 75
179 76
179 79
179 86
179 93
179 98
179 99
179 111
179 120
179 121
179 123
179 124
179 127
179 133
179 135
179 157
179 158
179 161
179 168
179 170
179 171
179 177
179 179
180 1
180 2
180 3
180 4
180 17
180 18
180 19
180 22
180 27
180 30
180 34
180 36
180 47
180 48
180 53
180 54
180 59
180 75
180 77
180 80
180 81
180 83
180 103
180 130
180 137
180 139
180 140
180 153
180 154
180 157
180 159
180 172
180 173
180 177
180 185
180 187
180 189
181 0
181 2
181 3
181 6
181 9
181 11
181 15
181 24
181 26
181 31
181 35
181 36
181 44
181 48
181 50
181 52
181 59
181 66
181 70
181 71
181 72
181 77
181 92
181 97
181 108
181 112
181 116
181 117
181 126
181 139
181 140
181 141
181 161
181 163
181 166
181 173
181 174
181 175
181 179
182 1
182 2
182 14
182 18
182 20
182 22
182 42
182 43
182 51
182 55
182 56
182 62
182 63
182 64
182 69
182 72
182 74
182 81
182 85
182 91
182 93
182 95
182 103
182 105
182 106
182 107
182 108
182 109
182 111
182 114
182 119
182 129
182 135
182 138
182 145
182 149
182 164
182 170
182 174
182 175
182 176
182 188
183 5
183 11
183 22
183 31
183 40
183 46
183 47
183 50
183 63
183 64
183 68
183 69
183 70
183 75
183 78
183 93
183 96
183 104
183 105
183 106
183 118
183 119
183 127
183 129
183 137
183 143
183 157
183 167
183 168
183 172
183 176
183 181
183 182
183 183
183 186
184 1
184 3
184 12
184 14
184 16
184 45
184 46
184 51
184 55
184 59
184 62
184 64
184 69
184 76
184 78
184 79
184 84
184 87
184 97
184 98
184 100
184 107
184 113
184 115
184 119
184 121
184 122
184 128
184 129
184 134
184 135
184 136
184 139
184 140
184 143
184 152
184 153
184 158
184 167
184 182
184 183
185 13
185 16
185 18
185 19
185 31
185 32
185 34
185 39
185 40
185 43
185 45
185 52
185 56
185 58
185 61
185 67
185 81
185 83
185 90
185 93
185 97
185 103
185 123
185 127
185 129
185 133
185 142
185 144
185 148
185 152
185 154
185 158
185 159
185 179
185 182
185 184
185 186
185 188
186 1
186 2
186 3
186 9
186 15
186 22
186 27
186 37
186 53
186 60
186 63
186 66
186 78
186 79
186 83
186 85
186 93
186 101
186 110
186 113
186 119
186 120
186 130
186 132
186 138
186 143
186 146
186 147
186 152
186 153
186 159
186 160
186 162
186 178
186 179
186 183
186 189
187 14
187 16
187 17
187 22
187 23
187 24
187 34
187 38
187 39
187 45
187 53
187 62
187 65
187 66
187 68
187 69
187 71
187 72
187 74
187 83
187 85
187 86
187 100
187 103
187 111
187 112
187 113
187 117
187 125
187 127
187 135
187 149
187 166
187 169
187 171
187 174
187 189
188 0
188 4
188 5
188 24
188 44
188 46
188 48
188 49
188 57
188 58
188 77
188 78
188 92
188 99
188 105
188 109
188 112
188 114
188 116
188 117
188 125
188 143
188 146
188 151
188 159
188 162
188 172
188 186
189 12
189 14
189 25
189 26
189 39
189 40
189 47
189 51
189 55
189 60
189 64
189 69
189 75
189 76
189 80
189 91
189 95
189 102
189 114
189 117
189 127
189 130
189 143
189 146
189 155
189 158
189 163
189 166
189 171
189 175
189 181
189 183
