50
490
0 2
0 3
0 7
0 11
0 14
0 16
0 27
0 28
0 30
0 37
0 49
1 9
1 16
1 28
1 33
1 40
1 42
1 47
2 18
2 21
2 28
2 29
2 31
2 32
2 37
2 42
2 49
3 0
3 2
3 8
3 20
3 21
3 23
3 25
3 29
3 34
3 48
3 49
4 4
4 7
4 8
4 9
4 13
4 28
4 31
4 33
4 37
4 38
4 46
5 0
5 3
5 9
5 16
5 27
5 32
5 33
5 34
5 43
6 1
6 18
6 21
6 28
6 35
6 42
6 48
7 2
7 9
7 30
7 31
7 32
8 0
8 4
8 17
8 23
8 27
8 32
8 36
8 37
8 46
9 6
9 8
9 16
9 33
9 34
9 44
9 46
9 47
10 2
10 8
10 12
10 16
10 32
10 42
10 45
11 4
11 11
11 12
11 14
11 25
11 28
11 29
11 33
11 36
11 38
11 49
12 1
12 8
12 13
12 14
12 17
12 22
12 34
12 40
12 41
13 0
13 6
13 10
13 17
13 26
13 35
13 43
13 47
13 49
14 13
14 14
14 15
14 17
14 22
14 25
14 26
14 27
14 45
15 2
15 3
15 7
15 9
15 10
15 19
15 20
15 21
15 26
15 28
15 34
15 36
15 40
15 41
15 42
15 44
16 6
16 7
16 9
16 27
16 36
16 40
16 41
16 45
17 2
17 4
17 11
17 14
17 15
17 16
17 22
17 23
17 24
17 26
17 33
17 43
18 3
18 7
18 11
18 13
18 35
18 40
18 41
18 46
19 9
19 12
19 18
19 19
19 23
19 24
19 31
19 41
20 2
20 4
20 7
20 12
20 13
20 16
20 17
20 20
20 24
20 29
20 32
20 35
20 37
20 38
20 42
21 16
21 19
21 24
21 30
21 41
21 45
21 47
21 48
22 0
22 5
22 9
22 13
22 17
22 23
22 27
22 31
22 36
22 37
22 38
22 39
22 41
22 48
23 9
23 16
23 17
23 18
23 26
23 33
23 41
23 47
23 49
24 3
24 4
24 8
24 10
24 17
24 21
24 22
24 29
24 33
24 39
24 40
25 1
25 2
25 4
25 10
25 12
25 14
25 24
25 25
25 35
25 39
25 46
25 48
26 20
26 21
26 36
26 45
27 3
27 10
27 12
27 17
27 24
27 28
27 35
27 41
27 45
28 0
28 3
28 8
28 11
28 17
28 18
28 22
28 23
28 30
28 31
28 38
28 42
28 43
28 46
29 1
29 3
29 4
29 8
29 15
29 16
29 20
29 36
29 37
29 38
29 39
29 40
29 41
29 42
29 43
29 48
29 49
30 1
30 2
30 3
30 4
30 8
30 11
30 18
30 22
30 24
30 25
30 30
30 37
30 40
30 47
30 48
31 1
31 4
31 7
31 9
31 10
31 11
31 12
31 18
31 29
31 40
31 41
31 45
31 49
32 2
32 4
32 14
32 20
32 22
32 26
32 28
32 29
32 41
32 46
32 48
33 0
33 2
33 8
33 10
33 14
33 22
33 25
33 29
33 39
33 47
34 0
34 4
34 10
34 15
34 19
34 21
34 27
34 32
34 49
35 1
35 4
35 17
35 21
35 22
35 28
35 30
35 42
36 4
36 11
36 28
36 34
36 42
36 43
36 45
37 2
37 4
37 6
37 7
37 26
37 29
37 30
37 33
37 39
38 3
38 4
38 6
38 12
38 16
38 26
38 28
38 29
38 32
38 35
38 36
38 38
38 40
38 41
38 44
38 46
38 47
39 0
39 5
39 13
39 16
39 20
39 26
39 31
39 33
39 38
39 40
39 48
40 6
40 10
40 12
40 15
40 40
40 42
40 48
41 10
41 12
41 14
41 24
41 29
41 32
41 40
41 47
42 16
42 17
42 18
42 26
42 36
42 49
43 0
43 3
43 11
43 27
43 30
43 36
43 43
43 46
44 9
44 10
44 12
44 13
44 20
44 26
44 36
44 38
44 40
45 4
45 7
45 11
45 13
45 21
45 24
45 38
45 45
46 1
46 6
46 20
47 4
47 8
47 15
47 21
47 22
47 25
47 35
47 38
47 40
48 3
48 13
48 14
48 15
48 23
48 27
48 39
48 44
48 47
49 6
49 8
49 10
49 16
49 17
49 18
49 19
49 21
49 25
49 26
49 29
49 34
49 42
49 44
49 47
49 48
