140
3892
0 0
0 3
0 4
0 9
0 10
0 17
0 18
0 32
0 33
0 36
0 42
0 47
0 50
0 51
0 55
0 56
0 58
0 70
0 72
0 79
0 83
0 85
0 91
0 93
0 94
0 96
0 101
0 104
0 106
0 110
0 117
0 121
0 123
0 128
0 129
0 131
0 132
0 136
0 139
1 11
1 16
1 19
1 21
1 28
1 34
1 36
1 37
1 39
1 40
1 42
1 52
1 69
1 73
1 86
1 87
1 91
1 94
1 97
1 101
1 108
1 117
1 121
1 122
2 0
2 4
2 6
2 8
2 18
2 24
2 28
2 35
2 36
2 37
2 40
2 46
2 48
2 49
2 50
2 52
2 54
2 55
2 78
2 87
2 91
2 94
2 99
2 101
2 105
2 113
2 120
2 123
2 126
2 132
2 133
2 139
3 6
3 31
3 34
3 42
3 44
3 54
3 55
3 57
3 63
3 65
3 66
3 82
3 87
3 88
3 89
3 90
3 99
3 102
3 104
3 105
3 106
3 107
3 114
3 116
3 122
3 123
3 132
3 133
3 135
4 1
4 2
4 4
4 5
4 8
4 14
4 16
4 18
4 27
4 40
4 41
4 45
4 51
4 64
4 74
4 81
4 91
4 98
4 108
4 118
4 122
4 124
4 135
4 136
4 137
5 8
5 12
5 13
5 25
5 26
5 27
5 28
5 31
5 35
5 44
5 45
5 46
5 47
5 51
5 58
5 59
5 62
5 63
5 64
5 77
5 78
5 79
5 80
5 89
5 102
5 103
5 111
5 116
5 119
5 120
5 130
6 9
6 16
6 19
6 24
6 26
6 46
6 47
6 51
6 53
6 54
6 59
6 68
6 72
6 96
6 97
6 98
6 99
6 107
6 111
6 114
6 119
6 125
6 127
6 130
6 131
6 134
6 137
6 138
7 0
7 4
7 6
7 7
7 10
7 15
7 18
7 20
7 37
7 44
7 47
7 51
7 61
7 68
7 69
7 82
7 95
7 98
7 101
7 110
7 119
7 121
7 122
7 135
7 136
8 1
8 8
8 16
8 18
8 32
8 33
8 37
8 39
8 41
8 50
8 53
8 57
8 63
8 82
8 91
8 101
8 117
8 122
8 127
8 135
8 139
9 3
9 8
9 11
9 13
9 28
9 37
9 39
9 40
9 42
9 47
9 48
9 62
9 65
9 73
9 77
9 80
9 81
9 85
9 87
9 94
9 104
9 108
9 109
9 111
9 115
9 116
9 121
9 136
9 137
10 2
10 6
10 7
10 12
10 19
10 21
10 22
10 23
10 25
10 26
10 33
10 38
10 44
10 51
10 60
10 62
10 67
10 71
10 73
10 76
10 79
10 86
10 88
10 96
10 98
10 109
10 110
10 120
10 128
10 130
10 134
10 138
11 0
11 1
11 6
11 9
11 18
11 19
11 23
11 29
11 30
11 32
11 53
11 55
11 63
11 67
11 68
11 70
11 71
11 75
11 76
11 86
11 93
11 97
11 104
11 115
11 121
11 134
12 2
12 3
12 7
12 15
12 36
12 44
12 47
12 54
12 69
12 77
12 81
12 84
12 87
12 92
12 94
12 98
12 99
12 105
12 107
12 112
12 113
12 114
12 129
12 133
12 138
13 4
13 8
13 14
13 16
13 23
13 24
13 25
13 28
13 30
13 32
13 38
13 43
13 48
13 53
13 62
13 64
13 67
13 68
13 70
13 71
13 76
13 84
13 87
13 89
13 91
13 93
13 97
13 104
13 109
13 122
13 125
13 127
13 135
13 136
14 5
14 8
14 11
14 12
14 13
14 14
14 32
14 40
14 44
14 60
14 75
14 76
14 96
14 100
14 102
14 107
14 117
14 121
14 124
14 127
14 128
14 129
14 133
15 0
15 3
15 4
15 8
15 11
15 14
15 16
15 27
15 29
15 31
15 32
15 33
15 36
15 44
15 54
15 61
15 67
15 74
15 75
15 77
15 78
15 92
15 96
15 98
15 99
15 100
15 101
15 106
15 120
15 126
15 137
15 139
16 3
16 5
16 14
16 15
16 20
16 24
16 33
16 38
16 39
16 45
16 54
16 56
16 61
16 64
16 69
16 73
16 79
16 82
16 86
16 89
16 90
16 97
16 100
16 103
16 112
16 115
16 117
16 118
16 119
16 120
16 126
16 128
16 134
16 135
17 20
17 33
17 35
17 44
17 48
17 51
17 81
17 82
17 84
17 87
17 90
17 100
17 105
17 114
17 118
17 126
17 127
17 128
17 132
17 137
18 1
18 8
18 11
18 18
18 19
18 21
18 26
18 27
18 28
18 35
18 48
18 50
18 72
18 80
18 88
18 98
18 99
18 113
18 115
18 119
18 123
18 131
18 133
18 134
19 2
19 11
19 13
19 14
19 19
19 20
19 29
19 30
19 39
19 40
19 41
19 49
19 56
19 60
19 63
19 70
19 79
19 80
19 97
19 113
19 118
19 121
19 122
19 131
19 134
19 135
19 136
19 138
20 12
20 15
20 17
20 19
20 21
20 22
20 23
20 34
20 39
20 43
20 44
20 51
20 55
20 68
20 69
20 72
20 75
20 82
20 85
20 96
20 100
20 106
20 109
20 112
20 117
20 118
20 126
20 130
20 133
20 134
20 137
21 1
21 2
21 6
21 7
21 22
21 23
21 24
21 34
21 42
21 43
21 51
21 53
21 55
21 79
21 80
21 85
21 94
21 96
21 99
21 100
21 101
21 103
21 109
21 110
21 111
21 113
21 116
21 117
21 124
21 129
21 134
21 135
21 136
22 1
22 2
22 12
22 18
22 28
22 30
22 34
22 39
22 43
22 47
22 48
22 50
22 51
22 54
22 59
22 63
22 69
22 71
22 74
22 78
22 80
22 82
22 87
22 88
22 92
22 95
22 96
22 103
22 104
22 110
22 115
22 123
22 127
22 130
23 0
23 4
23 39
23 44
23 51
23 53
23 59
23 69
23 70
23 85
23 86
23 87
23 92
23 93
23 105
23 108
23 111
23 114
23 117
23 122
23 137
23 138
24 7
24 20
24 27
24 33
24 35
24 37
24 38
24 45
24 47
24 54
24 58
24 59
24 61
24 64
24 65
24 72
24 78
24 89
24 94
24 96
24 101
24 105
24 111
24 117
24 120
24 125
24 131
24 134
24 137
25 6
25 8
25 15
25 24
25 28
25 40
25 47
25 52
25 53
25 54
25 55
25 63
25 73
25 75
25 95
25 96
25 101
25 103
25 104
25 109
25 113
25 114
25 117
25 119
25 131
25 138
25 139
26 2
26 5
26 11
26 12
26 18
26 27
26 31
26 41
26 53
26 60
26 63
26 66
26 73
26 78
26 84
26 85
26 87
26 89
26 94
26 99
26 101
26 102
26 106
26 111
26 114
26 124
26 127
27 6
27 8
27 9
27 14
27 15
27 19
27 25
27 26
27 33
27 36
27 37
27 38
27 41
27 48
27 58
27 61
27 62
27 66
27 77
27 79
27 85
27 88
27 92
27 109
27 111
27 120
27 122
27 128
27 134
28 6
28 9
28 11
28 18
28 19
28 26
28 29
28 36
28 45
28 50
28 53
28 55
28 59
28 61
28 63
28 64
28 65
28 70
28 72
28 74
28 79
28 81
28 84
28 90
28 92
28 94
28 102
28 104
28 105
28 107
28 118
28 125
28 127
28 136
28 138
29 1
29 7
29 9
29 16
29 22
29 23
29 25
29 28
29 48
29 51
29 56
29 63
29 69
29 73
29 81
29 95
29 103
29 104
29 105
29 117
29 122
29 124
29 129
29 135
30 3
30 18
30 21
30 22
30 24
30 26
30 27
30 28
30 38
30 39
30 44
30 50
30 54
30 58
30 61
30 65
30 71
30 74
30 83
30 86
30 89
30 96
30 101
30 107
30 124
30 125
30 137
31 4
31 10
31 17
31 27
31 29
31 32
31 33
31 34
31 35
31 37
31 39
31 40
31 56
31 58
31 60
31 61
31 63
31 65
31 66
31 74
31 75
31 78
31 81
31 100
31 102
31 106
31 115
31 136
31 137
32 2
32 4
32 7
32 11
32 12
32 16
32 17
32 19
32 20
32 23
32 24
32 30
32 32
32 38
32 40
32 57
32 58
32 74
32 75
32 80
32 81
32 82
32 84
32 91
32 92
32 93
32 94
32 113
32 115
32 116
32 119
32 120
32 123
32 127
32 128
33 2
33 6
33 8
33 9
33 14
33 15
33 19
33 20
33 30
33 33
33 37
33 55
33 62
33 68
33 77
33 79
33 80
33 82
33 85
33 87
33 88
33 92
33 93
33 103
33 104
33 105
33 110
33 114
33 119
33 120
33 124
33 130
33 138
34 0
34 7
34 18
34 23
34 30
34 31
34 32
34 45
34 46
34 48
34 51
34 52
34 56
34 59
34 64
34 66
34 75
34 77
34 79
34 82
34 87
34 90
34 91
34 94
34 105
34 110
34 113
34 121
34 126
34 129
34 130
34 131
34 139
35 1
35 23
35 24
35 25
35 34
35 41
35 47
35 56
35 58
35 65
35 91
35 94
35 95
35 99
35 100
35 101
35 108
35 109
35 110
35 117
35 120
35 121
35 128
35 136
36 5
36 9
36 15
36 38
36 47
36 53
36 54
36 58
36 61
36 67
36 75
36 78
36 83
36 84
36 85
36 97
36 107
36 109
36 112
36 115
36 116
36 118
36 120
36 129
36 130
36 131
37 1
37 8
37 10
37 12
37 18
37 22
37 23
37 38
37 44
37 45
37 47
37 54
37 58
37 75
37 84
37 90
37 92
37 95
37 105
37 106
37 108
37 113
37 124
37 125
37 126
37 128
37 132
37 134
38 30
38 34
38 38
38 42
38 43
38 59
38 61
38 67
38 68
38 71
38 78
38 83
38 89
38 93
38 98
38 100
38 104
38 107
38 111
38 114
38 118
38 128
38 131
38 136
39 18
39 20
39 22
39 23
39 24
39 35
39 40
39 45
39 47
39 52
39 57
39 58
39 63
39 67
39 71
39 73
39 77
39 90
39 97
39 106
39 115
39 116
39 127
39 132
39 139
40 5
40 10
40 12
40 20
40 24
40 31
40 37
40 38
40 59
40 67
40 83
40 88
40 99
40 104
40 107
40 122
40 125
40 127
40 129
40 130
40 131
40 132
40 136
41 1
41 3
41 16
41 21
41 29
41 46
41 47
41 50
41 54
41 57
41 58
41 66
41 68
41 71
41 77
41 79
41 82
41 85
41 92
41 93
41 97
41 102
41 104
41 107
41 108
41 109
41 111
41 117
41 120
41 122
41 139
42 2
42 3
42 4
42 9
42 18
42 19
42 21
42 27
42 56
42 60
42 64
42 68
42 73
42 80
42 82
42 85
42 89
42 92
42 97
42 98
42 104
42 109
42 113
42 116
42 118
42 123
42 132
42 136
43 4
43 5
43 7
43 10
43 13
43 19
43 25
43 42
43 48
43 51
43 52
43 57
43 63
43 72
43 76
43 85
43 110
43 116
43 124
43 133
44 0
44 1
44 2
44 3
44 6
44 20
44 28
44 41
44 58
44 63
44 65
44 75
44 100
44 116
44 132
44 137
45 0
45 3
45 8
45 14
45 20
45 24
45 31
45 37
45 39
45 43
45 45
45 57
45 62
45 64
45 72
45 76
45 79
45 83
45 85
45 88
45 90
45 96
45 103
45 104
45 106
45 114
45 128
45 130
46 1
46 10
46 11
46 16
46 17
46 26
46 29
46 35
46 38
46 39
46 44
46 49
46 51
46 53
46 57
46 58
46 76
46 79
46 82
46 86
46 87
46 94
46 100
46 106
46 109
46 112
46 114
46 116
46 118
46 132
46 138
47 1
47 25
47 32
47 40
47 41
47 49
47 57
47 60
47 69
47 70
47 71
47 74
47 90
47 91
47 96
47 97
47 101
47 107
47 115
47 120
47 128
47 132
48 12
48 15
48 17
48 18
48 33
48 49
48 51
48 52
48 60
48 66
48 67
48 70
48 73
48 76
48 86
48 89
48 97
48 109
48 111
48 120
48 121
48 129
48 131
48 136
48 139
49 5
49 8
49 10
49 14
49 15
49 16
49 17
49 19
49 27
49 28
49 42
49 50
49 56
49 64
49 65
49 67
49 79
49 83
49 88
49 91
49 93
49 95
49 105
49 106
49 115
49 125
49 136
50 6
50 11
50 15
50 21
50 22
50 29
50 30
50 31
50 37
50 44
50 49
50 51
50 60
50 64
50 70
50 86
50 88
50 92
50 93
50 104
50 105
50 118
50 121
50 124
50 132
50 133
50 136
51 6
51 7
51 9
51 16
51 19
51 20
51 23
51 30
51 35
51 43
51 49
51 55
51 84
51 99
51 104
51 106
51 117
51 119
51 124
51 126
51 127
51 130
52 3
52 6
52 8
52 10
52 15
52 17
52 19
52 20
52 34
52 36
52 45
52 48
52 53
52 68
52 71
52 73
52 74
52 89
52 103
52 107
52 109
52 118
52 119
52 122
52 128
52 132
52 133
52 134
52 139
53 8
53 13
53 15
53 23
53 24
53 30
53 41
53 46
53 47
53 54
53 56
53 58
53 59
53 60
53 68
53 71
53 72
53 75
53 80
53 81
53 84
53 95
53 99
53 104
53 105
53 115
53 120
53 128
53 136
53 139
54 0
54 5
54 8
54 9
54 15
54 17
54 26
54 31
54 32
54 80
54 89
54 104
54 109
54 113
54 127
54 131
55 0
55 3
55 15
55 16
55 17
55 20
55 21
55 29
55 35
55 47
55 52
55 56
55 59
55 60
55 62
55 64
55 69
55 73
55 78
55 92
55 97
55 112
55 117
55 120
55 122
55 132
55 139
56 6
56 10
56 12
56 18
56 20
56 23
56 24
56 36
56 37
56 42
56 47
56 66
56 68
56 72
56 74
56 82
56 86
56 90
56 91
56 98
56 104
56 107
56 138
57 13
57 14
57 16
57 20
57 24
57 25
57 30
57 33
57 34
57 45
57 58
57 59
57 71
57 72
57 75
57 76
57 85
57 96
57 98
57 102
57 111
57 114
57 123
57 139
58 12
58 16
58 21
58 22
58 24
58 26
58 54
58 57
58 59
58 60
58 61
58 63
58 65
58 67
58 71
58 75
58 76
58 86
58 90
58 93
58 97
58 111
58 113
58 114
58 121
58 129
58 135
58 138
59 2
59 10
59 17
59 18
59 20
59 22
59 24
59 32
59 47
59 48
59 49
59 56
59 61
59 69
59 72
59 81
59 93
59 101
59 102
59 108
59 113
59 115
59 116
59 117
59 118
59 121
59 122
59 124
59 131
60 1
60 2
60 5
60 6
60 8
60 10
60 12
60 13
60 21
60 36
60 38
60 39
60 54
60 55
60 57
60 63
60 70
60 72
60 76
60 78
60 79
60 81
60 90
60 107
60 116
60 117
60 131
60 134
60 137
60 138
61 0
61 8
61 16
61 24
61 33
61 35
61 40
61 46
61 48
61 51
61 53
61 56
61 57
61 60
61 61
61 63
61 65
61 72
61 73
61 82
61 115
61 121
61 130
61 132
61 135
61 137
62 4
62 7
62 11
62 13
62 19
62 24
62 25
62 26
62 28
62 30
62 33
62 36
62 37
62 41
62 47
62 50
62 51
62 59
62 64
62 67
62 78
62 81
62 84
62 92
62 96
62 104
62 106
62 114
62 123
62 124
62 128
62 133
62 139
63 4
63 7
63 13
63 15
63 21
63 23
63 27
63 31
63 32
63 34
63 36
63 41
63 43
63 47
63 51
63 52
63 54
63 56
63 57
63 61
63 62
63 65
63 68
63 71
63 74
63 77
63 78
63 81
63 87
63 91
63 93
63 98
63 99
63 105
63 107
63 127
63 128
64 2
64 12
64 14
64 18
64 23
64 26
64 27
64 28
64 36
64 37
64 38
64 39
64 40
64 41
64 42
64 50
64 63
64 64
64 66
64 67
64 83
64 84
64 86
64 107
64 108
64 121
64 124
64 127
64 134
65 16
65 17
65 20
65 25
65 30
65 35
65 38
65 39
65 42
65 51
65 59
65 63
65 65
65 69
65 75
65 88
65 92
65 93
65 95
65 97
65 107
65 108
65 118
65 120
65 121
65 126
65 127
65 129
65 134
65 136
66 5
66 7
66 12
66 14
66 19
66 28
66 39
66 40
66 43
66 45
66 47
66 49
66 58
66 60
66 64
66 75
66 82
66 86
66 94
66 98
66 101
66 113
66 118
66 132
67 2
67 3
67 7
67 8
67 11
67 33
67 37
67 39
67 53
67 56
67 59
67 65
67 72
67 91
67 93
67 94
67 97
67 100
67 113
67 115
67 126
67 127
67 128
67 131
67 134
67 137
68 1
68 3
68 5
68 7
68 10
68 20
68 29
68 30
68 39
68 48
68 49
68 50
68 54
68 55
68 57
68 61
68 62
68 67
68 68
68 75
68 76
68 84
68 85
68 87
68 91
68 98
68 108
68 114
68 117
68 120
68 123
68 130
68 136
69 1
69 3
69 8
69 9
69 12
69 49
69 51
69 53
69 72
69 78
69 79
69 82
69 88
69 90
69 91
69 96
69 100
69 110
69 114
69 116
69 129
69 138
70 4
70 7
70 18
70 19
70 28
70 29
70 33
70 34
70 38
70 46
70 47
70 53
70 55
70 69
70 74
70 81
70 91
70 107
70 112
70 119
70 123
70 131
70 132
70 133
70 137
71 6
71 10
71 12
71 14
71 18
71 24
71 28
71 29
71 33
71 41
71 55
71 58
71 59
71 69
71 75
71 79
71 104
71 110
71 111
71 122
71 128
71 133
72 12
72 23
72 28
72 34
72 37
72 43
72 45
72 46
72 66
72 67
72 68
72 80
72 82
72 84
72 86
72 92
72 95
72 99
72 107
72 108
72 111
72 116
72 119
72 125
72 133
72 134
72 135
73 2
73 13
73 18
73 19
73 20
73 28
73 33
73 37
73 39
73 43
73 49
73 56
73 57
73 61
73 62
73 74
73 77
73 82
73 83
73 94
73 102
73 108
73 111
73 115
73 138
74 3
74 8
74 9
74 10
74 13
74 20
74 32
74 36
74 51
74 52
74 57
74 63
74 71
74 72
74 76
74 80
74 85
74 87
74 93
74 101
74 102
74 105
74 109
74 111
74 112
74 114
74 115
74 116
74 118
74 130
74 137
75 7
75 12
75 22
75 33
75 36
75 37
75 41
75 42
75 43
75 45
75 46
75 50
75 54
75 55
75 58
75 59
75 62
75 66
75 70
75 71
75 74
75 75
75 76
75 78
75 80
75 83
75 86
75 87
75 89
75 92
75 102
75 104
75 119
75 120
75 125
75 128
75 138
76 4
76 8
76 15
76 22
76 25
76 35
76 37
76 44
76 46
76 47
76 49
76 59
76 69
76 70
76 75
76 78
76 84
76 93
76 101
76 104
76 107
76 111
76 115
76 116
76 119
76 122
76 124
76 135
76 138
77 4
77 6
77 10
77 12
77 15
77 16
77 18
77 19
77 35
77 36
77 40
77 50
77 53
77 56
77 62
77 64
77 67
77 81
77 84
77 100
77 101
77 104
77 105
77 108
77 109
77 112
77 115
77 122
77 123
77 124
77 131
77 136
78 0
78 8
78 10
78 12
78 14
78 19
78 21
78 24
78 25
78 28
78 35
78 38
78 42
78 49
78 54
78 57
78 58
78 67
78 71
78 74
78 76
78 88
78 104
78 107
78 109
78 111
78 116
78 119
78 121
78 134
78 139
79 2
79 10
79 11
79 32
79 34
79 63
79 75
79 80
79 82
79 86
79 88
79 92
79 93
79 94
79 105
79 109
79 110
79 114
79 117
79 118
79 121
79 135
80 1
80 4
80 6
80 7
80 21
80 22
80 23
80 30
80 33
80 52
80 57
80 59
80 65
80 66
80 67
80 78
80 92
80 94
80 95
80 98
80 100
80 101
80 103
80 114
80 136
81 0
81 2
81 4
81 13
81 16
81 21
81 22
81 24
81 25
81 32
81 38
81 44
81 59
81 66
81 68
81 71
81 75
81 96
81 97
81 103
81 104
81 122
81 138
82 1
82 4
82 31
82 33
82 38
82 39
82 44
82 47
82 49
82 50
82 58
82 63
82 65
82 66
82 67
82 71
82 76
82 79
82 85
82 87
82 88
82 98
82 102
82 105
82 112
82 119
82 120
82 127
82 136
83 1
83 6
83 21
83 23
83 25
83 31
83 53
83 57
83 58
83 62
83 68
83 69
83 71
83 74
83 80
83 82
83 83
83 93
83 96
83 98
83 99
83 100
83 103
83 107
83 112
83 115
83 119
83 122
83 123
83 125
83 131
83 135
84 5
84 8
84 13
84 16
84 26
84 27
84 29
84 33
84 57
84 60
84 62
84 70
84 80
84 86
84 87
84 88
84 99
84 103
84 104
84 110
84 111
84 118
84 137
84 139
85 5
85 9
85 12
85 14
85 32
85 39
85 40
85 44
85 64
85 68
85 73
85 78
85 85
85 86
85 92
85 99
85 100
85 102
85 109
85 111
85 117
85 120
85 122
85 124
85 139
86 2
86 5
86 7
86 9
86 19
86 22
86 31
86 35
86 37
86 43
86 44
86 49
86 50
86 54
86 59
86 64
86 70
86 72
86 75
86 77
86 78
86 82
86 85
86 91
86 96
86 101
86 106
86 111
86 115
86 122
86 123
86 125
86 130
86 132
86 135
86 136
86 138
87 1
87 2
87 3
87 10
87 15
87 23
87 31
87 34
87 36
87 37
87 41
87 42
87 46
87 57
87 61
87 62
87 65
87 66
87 68
87 76
87 81
87 83
87 85
87 86
87 90
87 92
87 93
87 120
87 124
87 129
87 131
88 2
88 7
88 12
88 15
88 18
88 22
88 32
88 36
88 42
88 45
88 58
88 60
88 81
88 86
88 88
88 90
88 92
88 96
88 97
88 100
88 103
88 108
88 111
88 124
88 126
88 130
88 132
88 133
88 135
89 2
89 9
89 15
89 22
89 25
89 29
89 30
89 32
89 35
89 36
89 41
89 49
89 50
89 55
89 56
89 58
89 61
89 63
89 64
89 67
89 77
89 81
89 93
89 95
89 99
89 102
89 104
89 126
89 127
89 129
89 137
90 0
90 5
90 7
90 9
90 14
90 15
90 16
90 20
90 29
90 33
90 34
90 39
90 42
90 47
90 52
90 72
90 85
90 89
90 92
90 96
90 98
90 99
90 102
90 103
90 104
90 108
90 120
90 128
90 131
91 0
91 4
91 9
91 11
91 14
91 17
91 22
91 43
91 50
91 52
91 53
91 57
91 65
91 67
91 68
91 74
91 77
91 79
91 89
91 94
91 99
91 108
91 117
91 124
91 127
91 129
91 130
91 137
92 0
92 2
92 3
92 5
92 7
92 9
92 13
92 15
92 31
92 33
92 34
92 36
92 42
92 46
92 48
92 49
92 50
92 52
92 53
92 56
92 61
92 79
92 94
92 107
92 109
92 112
92 114
92 117
92 132
92 137
92 139
93 3
93 5
93 7
93 21
93 22
93 24
93 31
93 36
93 42
93 44
93 47
93 49
93 59
93 63
93 66
93 69
93 74
93 83
93 85
93 92
93 97
93 109
93 110
93 113
93 125
93 129
93 130
94 0
94 1
94 13
94 14
94 15
94 23
94 28
94 34
94 35
94 41
94 49
94 51
94 56
94 62
94 67
94 68
94 69
94 85
94 89
94 91
94 95
94 98
94 100
94 104
94 108
94 112
94 115
94 117
94 118
94 122
94 124
94 137
94 138
94 139
95 0
95 22
95 31
95 32
95 38
95 39
95 49
95 50
95 58
95 67
95 69
95 70
95 73
95 76
95 79
95 80
95 84
95 102
95 103
95 106
95 109
95 111
95 124
95 129
95 130
95 131
96 3
96 10
96 12
96 14
96 15
96 33
96 49
96 53
96 54
96 56
96 57
96 63
96 67
96 69
96 72
96 73
96 74
96 76
96 80
96 83
96 90
96 96
96 97
96 98
96 99
96 102
96 107
96 110
96 111
96 127
96 128
96 132
96 134
96 135
97 5
97 6
97 7
97 11
97 14
97 16
97 19
97 23
97 29
97 31
97 32
97 39
97 40
97 43
97 44
97 55
97 60
97 68
97 69
97 70
97 72
97 73
97 80
97 82
97 85
97 87
97 97
97 102
97 109
97 110
97 112
97 115
97 123
97 130
97 137
97 139
98 2
98 10
98 11
98 22
98 28
98 30
98 35
98 36
98 38
98 42
98 45
98 50
98 51
98 55
98 70
98 76
98 79
98 80
98 84
98 88
98 90
98 93
98 95
98 108
98 109
98 117
98 120
98 124
98 128
98 136
99 0
99 11
99 19
99 22
99 25
99 31
99 40
99 46
99 49
99 52
99 53
99 55
99 56
99 59
99 62
99 64
99 67
99 69
99 73
99 74
99 75
99 78
99 82
99 83
99 91
99 108
99 109
99 114
99 117
99 127
99 128
99 129
99 134
99 135
99 137
100 8
100 21
100 22
100 26
100 29
100 46
100 59
100 70
100 78
100 88
100 94
100 112
100 114
100 123
100 133
100 136
101 18
101 31
101 33
101 36
101 41
101 47
101 54
101 57
101 74
101 80
101 91
101 97
101 98
101 103
101 113
101 120
101 128
101 133
101 134
102 5
102 6
102 7
102 11
102 29
102 36
102 38
102 39
102 46
102 47
102 52
102 55
102 61
102 75
102 82
102 83
102 86
102 87
102 97
102 136
103 20
103 25
103 30
103 32
103 38
103 43
103 55
103 56
103 62
103 66
103 87
103 90
103 91
103 95
103 100
103 107
103 110
103 111
103 112
103 120
103 123
103 125
103 129
103 131
103 136
103 137
103 138
104 11
104 14
104 15
104 18
104 20
104 32
104 48
104 52
104 55
104 57
104 58
104 62
104 68
104 71
104 83
104 88
104 89
104 102
104 103
104 108
104 109
104 111
104 113
104 122
104 124
104 126
104 133
105 1
105 20
105 23
105 27
105 31
105 32
105 39
105 43
105 53
105 54
105 58
105 67
105 84
105 87
105 97
105 98
105 100
105 105
105 110
105 112
105 113
105 114
105 115
105 121
105 126
105 132
106 9
106 12
106 17
106 18
106 21
106 23
106 25
106 28
106 33
106 35
106 36
106 40
106 46
106 51
106 55
106 56
106 82
106 91
106 93
106 96
106 97
106 101
106 105
106 125
106 127
106 128
106 137
107 7
107 13
107 19
107 25
107 31
107 36
107 41
107 47
107 52
107 53
107 61
107 64
107 70
107 74
107 78
107 79
107 81
107 84
107 93
107 94
107 101
107 121
107 131
107 134
108 1
108 10
108 12
108 13
108 17
108 22
108 23
108 31
108 41
108 45
108 46
108 47
108 50
108 52
108 55
108 56
108 60
108 71
108 74
108 75
108 76
108 85
108 88
108 99
108 100
108 102
108 107
108 112
108 114
108 116
108 120
108 129
108 132
108 135
108 136
108 138
108 139
109 5
109 7
109 11
109 15
109 17
109 18
109 20
109 23
109 35
109 40
109 43
109 44
109 45
109 58
109 60
109 61
109 62
109 65
109 69
109 71
109 76
109 81
109 83
109 87
109 88
109 91
109 99
109 100
109 110
109 113
109 115
109 120
109 126
109 128
109 131
109 132
109 134
109 135
110 7
110 19
110 21
110 32
110 33
110 41
110 43
110 45
110 51
110 58
110 60
110 70
110 78
110 81
110 88
110 91
110 94
110 103
110 109
110 120
110 128
110 131
111 9
111 12
111 13
111 18
111 19
111 25
111 28
111 32
111 36
111 38
111 48
111 70
111 71
111 75
111 79
111 86
111 90
111 94
111 107
111 112
111 114
111 125
111 126
111 130
111 138
112 5
112 10
112 12
112 15
112 19
112 28
112 29
112 39
112 43
112 45
112 52
112 63
112 64
112 67
112 72
112 76
112 80
112 81
112 89
112 90
112 99
112 105
112 111
112 115
112 116
112 117
112 122
112 125
112 126
112 128
112 133
112 134
113 5
113 11
113 14
113 21
113 22
113 27
113 34
113 36
113 46
113 54
113 55
113 58
113 61
113 65
113 84
113 85
113 86
113 88
113 93
113 112
113 121
113 122
113 123
113 125
113 132
113 135
113 136
114 0
114 10
114 16
114 17
114 23
114 27
114 32
114 37
114 39
114 41
114 49
114 53
114 54
114 55
114 57
114 67
114 73
114 80
114 93
114 97
114 98
114 102
114 105
114 111
114 119
114 137
115 2
115 3
115 5
115 13
115 14
115 15
115 18
115 19
115 20
115 21
115 26
115 31
115 37
115 39
115 56
115 58
115 59
115 63
115 66
115 70
115 74
115 83
115 91
115 93
115 99
115 101
115 104
115 107
115 108
115 110
115 135
116 4
116 6
116 18
116 27
116 28
116 31
116 47
116 55
116 68
116 70
116 71
116 72
116 75
116 77
116 88
116 89
116 101
116 112
116 117
116 123
116 130
116 131
116 132
116 133
116 136
117 14
117 23
117 29
117 33
117 34
117 42
117 48
117 49
117 55
117 57
117 61
117 68
117 70
117 82
117 84
117 90
117 91
117 94
117 97
117 103
117 113
117 114
117 116
117 117
117 124
117 130
117 131
117 136
118 0
118 4
118 7
118 12
118 18
118 26
118 29
118 31
118 32
118 34
118 36
118 37
118 39
118 41
118 43
118 51
118 52
118 53
118 55
118 60
118 66
118 77
118 87
118 97
118 109
118 110
118 117
118 124
118 128
118 137
118 138
119 3
119 11
119 12
119 18
119 23
119 30
119 39
119 43
119 45
119 48
119 60
119 61
119 62
119 68
119 81
119 85
119 98
119 100
119 103
119 106
119 119
119 120
119 123
119 127
119 130
119 131
120 5
120 9
120 13
120 17
120 24
120 27
120 28
120 38
120 40
120 44
120 50
120 62
120 64
120 70
120 85
120 93
120 109
121 2
121 4
121 5
121 9
121 10
121 11
121 12
121 18
121 20
121 22
121 24
121 27
121 30
121 34
121 43
121 52
121 56
121 62
121 66
121 75
121 78
121 88
121 89
121 111
121 118
121 120
121 124
121 125
121 130
121 134
121 138
122 3
122 8
122 13
122 14
122 17
122 25
122 28
122 31
122 33
122 37
122 38
122 40
122 56
122 59
122 60
122 63
122 69
122 74
122 85
122 88
122 100
122 101
122 102
122 103
122 105
122 108
122 112
122 113
122 114
122 120
122 123
122 133
122 135
123 4
123 6
123 7
123 15
123 22
123 24
123 26
123 33
123 34
123 48
123 51
123 56
123 57
123 61
123 63
123 71
123 72
123 74
123 77
123 80
123 81
123 82
123 84
123 85
123 88
123 90
123 95
123 96
123 106
123 119
123 121
123 124
123 128
123 130
123 137
124 8
124 11
124 18
124 22
124 24
124 37
124 40
124 45
124 48
124 50
124 51
124 64
124 69
124 76
124 85
124 88
124 95
124 102
124 108
124 110
124 118
124 122
124 127
124 128
124 139
125 2
125 4
125 6
125 8
125 9
125 10
125 11
125 13
125 16
125 31
125 39
125 45
125 46
125 54
125 61
125 62
125 66
125 80
125 90
125 94
125 95
125 102
125 108
125 118
125 122
125 129
125 131
125 132
125 134
126 0
126 3
126 4
126 5
126 6
126 8
126 17
126 18
126 23
126 48
126 49
126 55
126 58
126 61
126 70
126 73
126 90
126 92
126 99
126 101
126 103
126 107
126 111
126 116
126 121
126 127
126 130
126 135
127 7
127 8
127 13
127 16
127 19
127 21
127 22
127 34
127 40
127 47
127 49
127 63
127 65
127 73
127 75
127 80
127 87
127 95
127 96
127 101
127 104
127 106
127 107
127 110
127 116
127 122
127 129
128 15
128 17
128 30
128 32
128 41
128 44
128 45
128 48
128 49
128 53
128 59
128 61
128 64
128 66
128 67
128 69
128 72
128 76
128 77
128 86
128 88
128 93
128 95
128 96
128 100
128 112
128 113
128 114
128 119
128 134
128 138
128 139
129 6
129 8
129 9
129 12
129 15
129 18
129 24
129 26
129 29
129 32
129 33
129 68
129 70
129 72
129 77
129 80
129 89
129 96
129 101
129 112
129 116
129 130
130 3
130 4
130 12
130 16
130 20
130 35
130 42
130 50
130 62
130 65
130 71
130 76
130 78
130 81
130 86
130 89
130 95
130 104
130 110
130 117
130 123
130 128
130 132
130 135
130 138
130 139
131 0
131 12
131 13
131 14
131 16
131 22
131 24
131 31
131 35
131 39
131 50
131 51
131 52
131 53
131 55
131 60
131 68
131 70
131 72
131 73
131 77
131 88
131 90
131 91
131 92
131 100
131 111
131 114
131 118
131 119
131 120
131 123
131 124
131 139
132 14
132 17
132 22
132 24
132 31
132 37
132 50
132 52
132 57
132 73
132 82
132 88
132 96
132 97
132 103
132 106
132 115
132 116
132 124
132 128
132 131
132 136
133 0
133 1
133 4
133 5
133 12
133 15
133 18
133 19
133 36
133 38
133 43
133 44
133 48
133 52
133 55
133 57
133 61
133 64
133 70
133 77
133 79
133 83
133 98
133 106
133 118
133 128
134 2
134 7
134 14
134 15
134 22
134 25
134 32
134 34
134 37
134 47
134 50
134 51
134 54
134 59
134 61
134 73
134 83
134 87
134 88
134 91
134 92
134 93
134 101
134 103
134 109
134 111
134 114
134 119
134 120
134 123
134 139
135 0
135 1
135 5
135 6
135 8
135 13
135 27
135 28
135 32
135 41
135 50
135 51
135 53
135 64
135 67
135 84
135 85
135 87
135 91
135 97
135 101
135 102
135 105
135 115
135 120
135 128
135 130
135 136
135 137
136 4
136 21
136 22
136 34
136 50
136 52
136 54
136 57
136 59
136 63
136 70
136 72
136 74
136 78
136 79
136 98
136 114
136 117
136 120
136 132
136 133
137 9
137 15
137 17
137 22
137 23
137 24
137 29
137 34
137 45
137 51
137 60
137 63
137 64
137 71
137 75
137 76
137 79
137 80
137 87
137 96
137 108
137 112
137 124
137 126
137 131
137 132
137 134
138 0
138 3
138 9
138 11
138 30
138 32
138 39
138 54
138 55
138 57
138 66
138 69
138 74
138 80
138 84
138 90
138 94
138 98
138 109
138 121
138 123
138 128
138 129
138 130
138 134
139 6
139 8
139 9
139 22
139 24
139 26
139 31
139 41
139 58
139 59
139 66
139 69
139 77
139 80
139 81
139 84
139 85
139 95
139 99
139 102
139 110
139 111
139 115
139 121
139 122
139 132
139 133
139 134
139 139
