160
5088
0 1
0 6
0 8
0 14
0 19
0 20
0 24
0 28
0 30
0 31
0 37
0 44
0 47
0 48
0 53
0 55
0 71
0 76
0 78
0 79
0 82
0 86
0 88
0 94
0 96
0 114
0 115
0 116
0 117
0 129
0 139
0 145
0 146
0 152
0 154
1 1
1 7
1 9
1 14
1 20
1 25
1 26
1 31
1 44
1 49
1 50
1 62
1 68
1 73
1 76
1 78
1 80
1 81
1 83
1 86
1 92
1 95
1 98
1 102
1 107
1 111
1 112
1 115
1 117
1 121
1 128
1 129
1 131
1 133
1 140
1 144
1 158
2 4
2 5
2 7
2 12
2 16
2 27
2 32
2 42
2 47
2 54
2 58
2 61
2 62
2 72
2 77
2 82
2 85
2 92
2 96
2 99
2 104
2 109
2 114
2 122
2 126
2 134
2 145
2 146
2 147
2 149
2 151
2 154
2 158
3 1
3 6
3 17
3 32
3 35
3 47
3 55
3 66
3 67
3 78
3 80
3 81
3 84
3 86
3 99
3 102
3 103
3 106
3 112
3 113
3 115
3 136
3 138
3 145
3 146
3 149
3 152
4 3
4 13
4 17
4 28
4 33
4 38
4 45
4 51
4 53
4 54
4 55
4 60
4 65
4 71
4 72
4 78
4 81
4 86
4 105
4 109
4 115
4 119
4 123
4 130
4 138
4 140
4 144
4 146
4 149
4 150
4 154
5 0
5 18
5 19
5 23
5 24
5 26
5 28
5 30
5 34
5 40
5 41
5 56
5 66
5 71
5 75
5 80
5 81
5 84
5 86
5 88
5 89
5 91
5 96
5 97
5 100
5 111
5 112
5 120
5 123
5 129
5 130
5 135
5 136
5 141
5 143
5 151
6 1
6 4
6 8
6 10
6 11
6 15
6 26
6 33
6 34
6 47
6 60
6 63
6 66
6 76
6 78
6 79
6 86
6 87
6 92
6 97
6 100
6 104
6 113
6 114
6 118
6 119
6 121
6 124
6 138
6 139
6 141
6 152
6 156
6 159
7 0
7 9
7 11
7 14
7 27
7 30
7 51
7 52
7 54
7 62
7 64
7 68
7 70
7 75
7 76
7 78
7 79
7 86
7 88
7 89
7 91
7 103
7 104
7 106
7 117
7 137
7 140
7 143
7 148
7 153
7 154
7 155
8 2
8 7
8 10
8 30
8 35
8 37
8 48
8 59
8 61
8 69
8 88
8 101
8 106
8 117
8 118
8 119
8 123
8 137
8 146
8 148
8 149
8 154
8 155
9 3
9 6
9 10
9 11
9 18
9 27
9 28
9 65
9 66
9 70
9 85
9 86
9 90
9 103
9 104
9 109
9 111
9 116
9 131
9 136
9 141
9 144
9 145
9 149
9 150
9 157
9 158
10 3
10 6
10 8
10 9
10 21
10 22
10 24
10 27
10 30
10 32
10 37
10 41
10 55
10 56
10 59
10 60
10 65
10 67
10 68
10 74
10 76
10 85
10 89
10 95
10 99
10 100
10 101
10 103
10 105
10 121
10 122
10 124
10 125
10 126
10 128
10 140
10 149
10 154
10 159
11 3
11 5
11 13
11 21
11 22
11 24
11 32
11 33
11 55
11 70
11 72
11 84
11 91
11 92
11 101
11 103
11 104
11 108
11 109
11 113
11 118
11 122
11 123
11 125
11 132
11 135
11 137
11 159
12 4
12 9
12 11
12 16
12 17
12 21
12 24
12 26
12 27
12 28
12 30
12 32
12 38
12 40
12 43
12 45
12 48
12 52
12 54
12 61
12 69
12 88
12 94
12 96
12 98
12 107
12 110
12 116
12 131
12 132
12 135
12 140
12 153
12 155
12 157
13 5
13 17
13 18
13 21
13 22
13 28
13 30
13 33
13 40
13 44
13 46
13 49
13 51
13 55
13 66
13 73
13 75
13 77
13 79
13 80
13 84
13 87
13 88
13 91
13 92
13 100
13 112
13 114
13 117
13 128
13 134
13 143
13 146
13 147
13 149
13 150
13 152
14 2
14 10
14 13
14 14
14 19
14 23
14 30
14 34
14 41
14 43
14 55
14 62
14 67
14 78
14 84
14 87
14 88
14 89
14 90
14 95
14 99
14 100
14 102
14 103
14 105
14 107
14 113
14 123
14 124
14 129
14 130
14 142
14 146
14 150
15 1
15 7
15 37
15 38
15 40
15 57
15 58
15 59
15 77
15 84
15 97
15 98
15 99
15 101
15 105
15 107
15 108
15 111
15 119
15 125
15 139
15 148
15 158
16 11
16 22
16 41
16 43
16 45
16 47
16 48
16 55
16 56
16 59
16 60
16 61
16 65
16 67
16 72
16 78
16 81
16 83
16 92
16 97
16 98
16 100
16 101
16 108
16 109
16 116
16 117
16 118
16 119
16 134
16 145
16 150
16 152
17 3
17 4
17 20
17 22
17 24
17 27
17 29
17 32
17 34
17 35
17 37
17 51
17 52
17 53
17 54
17 66
17 70
17 91
17 97
17 103
17 109
17 110
17 111
17 112
17 113
17 125
17 128
17 136
17 137
17 143
17 146
17 155
18 4
18 5
18 10
18 21
18 25
18 31
18 37
18 49
18 58
18 62
18 65
18 67
18 72
18 77
18 83
18 90
18 94
18 101
18 105
18 113
18 117
18 125
18 126
18 128
18 130
18 138
18 142
18 147
18 152
18 153
18 157
19 0
19 1
19 8
19 10
19 12
19 21
19 25
19 26
19 27
19 29
19 32
19 45
19 46
19 50
19 52
19 62
19 68
19 78
19 89
19 98
19 101
19 109
19 112
19 119
19 128
19 141
19 143
19 146
19 150
19 151
20 8
20 10
20 23
20 25
20 28
20 31
20 42
20 54
20 55
20 59
20 66
20 72
20 78
20 83
20 84
20 89
20 90
20 92
20 96
20 98
20 103
20 124
20 134
20 147
20 154
21 4
21 11
21 15
21 28
21 30
21 33
21 42
21 48
21 52
21 57
21 58
21 62
21 65
21 86
21 88
21 92
21 96
21 101
21 107
21 110
21 122
21 123
21 124
21 132
21 133
21 135
21 139
21 141
21 143
21 155
22 1
22 15
22 18
22 22
22 27
22 28
22 47
22 53
22 63
22 65
22 82
22 88
22 94
22 97
22 101
22 108
22 115
22 117
22 120
22 122
22 124
22 131
22 134
22 135
22 139
22 141
22 143
22 149
22 154
22 158
23 1
23 10
23 16
23 17
23 18
23 30
23 35
23 40
23 43
23 44
23 46
23 48
23 56
23 58
23 59
23 61
23 64
23 65
23 68
23 69
23 70
23 72
23 82
23 84
23 87
23 89
23 96
23 99
23 100
23 102
23 113
23 121
23 130
23 131
23 134
23 140
23 152
24 4
24 8
24 13
24 17
24 18
24 23
24 32
24 50
24 51
24 54
24 56
24 62
24 65
24 68
24 75
24 77
24 92
24 99
24 100
24 104
24 113
24 120
24 123
24 126
24 135
24 136
24 138
24 144
24 150
24 154
25 0
25 9
25 11
25 13
25 19
25 20
25 24
25 27
25 28
25 40
25 42
25 44
25 46
25 57
25 66
25 68
25 77
25 78
25 81
25 88
25 89
25 93
25 98
25 101
25 105
25 107
25 109
25 111
25 118
25 128
25 136
25 137
25 144
25 150
25 152
26 0
26 12
26 16
26 17
26 25
26 27
26 28
26 30
26 45
26 46
26 47
26 48
26 56
26 59
26 63
26 65
26 73
26 78
26 81
26 93
26 97
26 103
26 109
26 112
26 114
26 116
26 117
26 120
26 121
26 128
26 129
26 137
26 141
26 142
26 143
26 145
26 146
26 152
26 153
26 156
27 4
27 10
27 14
27 15
27 22
27 25
27 34
27 45
27 48
27 58
27 62
27 63
27 75
27 80
27 89
27 93
27 100
27 101
27 128
27 130
27 134
27 135
27 136
27 137
27 138
27 145
27 147
27 148
27 152
27 158
28 2
28 3
28 16
28 18
28 23
28 25
28 34
28 35
28 39
28 53
28 62
28 64
28 66
28 70
28 71
28 72
28 73
28 74
28 76
28 81
28 85
28 88
28 92
28 93
28 94
28 102
28 106
28 113
28 115
28 123
28 132
28 139
28 142
28 156
29 5
29 9
29 14
29 28
29 46
29 50
29 54
29 60
29 63
29 69
29 73
29 84
29 86
29 88
29 91
29 94
29 98
29 101
29 111
29 114
29 115
29 120
29 121
29 123
29 125
29 127
29 128
29 143
29 150
29 155
30 1
30 4
30 11
30 12
30 17
30 20
30 23
30 31
30 34
30 44
30 49
30 51
30 55
30 58
30 60
30 61
30 62
30 63
30 65
30 74
30 75
30 77
30 83
30 86
30 91
30 99
30 100
30 105
30 106
30 113
30 114
30 118
30 122
30 126
30 132
30 135
30 145
30 151
31 6
31 11
31 34
31 45
31 59
31 63
31 64
31 66
31 71
31 80
31 89
31 103
31 106
31 112
31 113
31 115
31 117
31 119
31 122
31 124
31 129
31 138
31 146
31 148
31 154
31 156
31 159
32 5
32 8
32 12
32 25
32 27
32 28
32 29
32 31
32 36
32 40
32 76
32 80
32 81
32 86
32 92
32 107
32 119
32 122
32 123
32 125
32 134
32 139
32 142
32 145
33 2
33 8
33 10
33 14
33 25
33 27
33 32
33 35
33 37
33 45
33 58
33 62
33 70
33 71
33 73
33 74
33 77
33 85
33 89
33 90
33 92
33 100
33 101
33 102
33 105
33 107
33 115
33 117
33 136
33 137
33 144
33 156
34 4
34 7
34 10
34 14
34 15
34 16
34 22
34 29
34 31
34 35
34 37
34 44
34 66
34 72
34 76
34 79
34 81
34 83
34 85
34 97
34 98
34 110
34 112
34 113
34 116
34 117
34 122
34 134
34 135
34 138
34 139
34 141
34 144
34 145
34 151
34 152
35 1
35 2
35 3
35 5
35 6
35 22
35 26
35 31
35 33
35 43
35 49
35 52
35 64
35 68
35 74
35 80
35 86
35 87
35 91
35 92
35 102
35 104
35 106
35 109
35 113
35 114
35 115
35 117
35 118
35 132
35 133
35 134
35 135
35 142
35 145
35 148
35 149
35 153
36 1
36 6
36 9
36 13
36 15
36 21
36 27
36 31
36 33
36 34
36 37
36 39
36 43
36 48
36 53
36 54
36 55
36 58
36 59
36 61
36 71
36 78
36 86
36 87
36 89
36 98
36 99
36 110
36 111
36 113
36 116
36 129
36 133
36 134
36 137
36 139
36 144
36 145
36 148
36 152
36 158
37 0
37 1
37 2
37 5
37 8
37 11
37 16
37 24
37 35
37 39
37 40
37 41
37 48
37 53
37 56
37 63
37 64
37 67
37 81
37 87
37 88
37 96
37 97
37 99
37 107
37 117
37 118
37 122
37 126
37 130
37 134
37 143
37 144
37 148
37 149
37 152
37 155
37 157
38 1
38 3
38 10
38 16
38 18
38 19
38 21
38 31
38 32
38 33
38 35
38 47
38 50
38 52
38 54
38 60
38 64
38 65
38 76
38 81
38 100
38 109
38 117
38 121
38 124
38 126
38 127
38 130
38 139
38 140
38 141
38 142
38 146
38 150
38 156
39 19
39 23
39 24
39 33
39 70
39 74
39 75
39 78
39 82
39 96
39 98
39 99
39 106
39 108
39 114
39 127
39 129
39 131
39 132
39 133
39 134
39 135
39 138
39 141
39 146
39 150
39 151
39 155
39 158
40 2
40 3
40 10
40 12
40 15
40 16
40 17
40 18
40 22
40 34
40 37
40 38
40 39
40 52
40 65
40 72
40 76
40 79
40 81
40 84
40 99
40 108
40 123
40 125
40 131
40 138
40 143
40 144
40 147
40 151
40 157
41 3
41 5
41 16
41 18
41 25
41 37
41 44
41 49
41 52
41 54
41 56
41 69
41 75
41 76
41 80
41 82
41 83
41 87
41 92
41 94
41 98
41 100
41 102
41 108
41 111
41 112
41 113
41 116
41 118
41 123
41 126
41 131
41 134
41 137
41 139
41 142
41 147
41 148
41 150
41 151
41 152
41 153
41 157
41 159
42 6
42 7
42 12
42 13
42 22
42 32
42 43
42 44
42 47
42 60
42 63
42 66
42 73
42 78
42 86
42 90
42 109
42 113
42 122
42 125
42 128
42 133
42 139
42 143
43 2
43 24
43 26
43 28
43 35
43 49
43 58
43 63
43 76
43 85
43 92
43 97
43 104
43 116
43 118
43 123
43 124
43 128
43 129
43 130
43 133
43 136
43 142
43 146
43 153
44 4
44 6
44 7
44 12
44 14
44 18
44 19
44 39
44 46
44 47
44 49
44 50
44 52
44 53
44 55
44 58
44 65
44 67
44 73
44 76
44 77
44 83
44 84
44 92
44 93
44 97
44 104
44 105
44 109
44 115
44 121
44 126
44 133
44 134
44 135
44 140
44 145
44 149
44 154
44 157
45 3
45 7
45 13
45 16
45 18
45 19
45 21
45 23
45 24
45 32
45 37
45 41
45 42
45 46
45 49
45 50
45 53
45 57
45 58
45 61
45 64
45 66
45 71
45 72
45 73
45 81
45 82
45 89
45 91
45 108
45 114
45 117
45 119
45 126
45 130
45 138
45 143
45 154
45 155
46 12
46 15
46 19
46 28
46 35
46 36
46 46
46 47
46 48
46 50
46 54
46 57
46 60
46 68
46 69
46 71
46 79
46 89
46 90
46 92
46 95
46 97
46 100
46 105
46 110
46 111
46 112
46 116
46 120
46 123
46 132
46 138
46 143
46 146
46 155
46 159
47 5
47 6
47 9
47 10
47 11
47 13
47 24
47 29
47 38
47 42
47 46
47 47
47 48
47 51
47 52
47 53
47 57
47 61
47 65
47 67
47 74
47 75
47 80
47 81
47 83
47 88
47 90
47 96
47 100
47 107
47 111
47 120
47 131
47 132
47 147
47 149
47 150
47 151
47 152
47 153
47 156
47 157
48 6
48 7
48 9
48 10
48 14
48 15
48 20
48 21
48 26
48 28
48 33
48 37
48 42
48 44
48 48
48 51
48 53
48 64
48 66
48 73
48 105
48 107
48 109
48 115
48 117
48 118
48 120
48 124
48 125
48 130
48 133
48 159
49 11
49 15
49 18
49 25
49 30
49 35
49 37
49 52
49 54
49 59
49 64
49 66
49 73
49 80
49 82
49 90
49 91
49 93
49 96
49 99
49 108
49 113
49 117
49 134
49 135
49 141
49 149
49 158
50 19
50 31
50 32
50 35
50 37
50 52
50 54
50 68
50 76
50 81
50 97
50 98
50 102
50 104
50 108
50 109
50 119
50 124
50 131
50 132
50 139
50 140
50 150
50 152
50 157
50 159
51 2
51 16
51 22
51 23
51 26
51 29
51 35
51 47
51 49
51 51
51 54
51 57
51 60
51 65
51 72
51 81
51 100
51 122
51 124
51 125
51 127
51 130
51 134
51 135
51 136
51 141
51 142
51 145
51 153
51 154
51 155
51 158
51 159
52 12
52 18
52 24
52 33
52 41
52 46
52 47
52 53
52 55
52 57
52 58
52 60
52 61
52 64
52 68
52 77
52 81
52 90
52 92
52 94
52 99
52 105
52 110
52 113
52 114
52 115
52 118
52 121
52 122
52 136
52 142
52 156
53 0
53 1
53 2
53 3
53 7
53 13
53 21
53 34
53 44
53 51
53 53
53 56
53 58
53 63
53 64
53 71
53 78
53 94
53 95
53 101
53 111
53 114
53 120
53 129
53 133
53 137
53 138
53 144
53 155
54 3
54 5
54 6
54 7
54 19
54 24
54 47
54 53
54 59
54 70
54 73
54 79
54 83
54 92
54 100
54 103
54 107
54 109
54 110
54 112
54 116
54 119
54 122
54 123
54 132
54 139
55 1
55 2
55 22
55 31
55 33
55 35
55 39
55 40
55 47
55 49
55 53
55 57
55 59
55 60
55 68
55 82
55 83
55 84
55 90
55 91
55 92
55 94
55 110
55 113
55 120
55 121
55 122
55 128
55 145
55 150
56 4
56 14
56 15
56 20
56 27
56 38
56 46
56 52
56 56
56 62
56 67
56 72
56 78
56 83
56 87
56 96
56 99
56 100
56 104
56 115
56 119
56 120
56 124
56 130
56 145
56 146
56 147
56 154
56 159
57 6
57 12
57 13
57 31
57 34
57 35
57 37
57 46
57 52
57 56
57 65
57 66
57 72
57 79
57 91
57 96
57 99
57 100
57 101
57 103
57 106
57 115
57 118
57 120
57 122
57 123
57 128
57 129
57 133
57 140
57 146
57 147
58 3
58 4
58 7
58 11
58 18
58 27
58 30
58 35
58 41
58 42
58 44
58 48
58 51
58 55
58 61
58 69
58 71
58 78
58 80
58 81
58 82
58 88
58 102
58 104
58 123
58 127
58 134
58 154
58 159
59 0
59 7
59 16
59 20
59 21
59 22
59 29
59 30
59 33
59 36
59 37
59 45
59 47
59 52
59 57
59 65
59 73
59 76
59 77
59 89
59 94
59 102
59 119
59 128
59 133
59 135
59 136
59 140
59 141
59 142
59 150
60 2
60 3
60 9
60 23
60 25
60 36
60 37
60 39
60 40
60 41
60 43
60 57
60 59
60 60
60 63
60 66
60 81
60 83
60 88
60 92
60 97
60 111
60 112
60 115
60 120
60 123
60 128
60 133
60 141
60 148
60 150
60 155
61 0
61 1
61 3
61 10
61 11
61 13
61 14
61 34
61 43
61 49
61 63
61 68
61 70
61 77
61 83
61 93
61 96
61 99
61 100
61 107
61 117
61 118
61 120
61 127
61 131
61 134
61 143
61 147
61 149
61 151
61 154
61 157
62 0
62 1
62 8
62 11
62 13
62 16
62 19
62 22
62 23
62 29
62 34
62 38
62 40
62 50
62 69
62 79
62 81
62 85
62 87
62 89
62 100
62 103
62 105
62 122
62 130
62 135
62 137
62 140
62 142
62 151
62 158
63 6
63 8
63 9
63 29
63 40
63 43
63 44
63 48
63 53
63 58
63 62
63 79
63 82
63 84
63 86
63 96
63 97
63 98
63 99
63 100
63 104
63 112
63 113
63 114
63 115
63 119
63 124
63 129
63 132
63 138
63 140
63 141
63 144
63 149
63 154
63 155
64 5
64 9
64 14
64 15
64 18
64 26
64 27
64 31
64 36
64 39
64 42
64 51
64 56
64 57
64 58
64 68
64 80
64 87
64 88
64 91
64 97
64 108
64 110
64 116
64 127
64 131
64 132
64 135
64 136
64 137
64 139
64 144
64 145
64 148
64 155
65 1
65 2
65 6
65 10
65 15
65 17
65 20
65 21
65 22
65 29
65 31
65 36
65 37
65 40
65 44
65 48
65 52
65 62
65 63
65 73
65 75
65 79
65 88
65 91
65 94
65 114
65 118
65 123
65 130
65 134
65 135
65 136
65 140
65 147
65 150
65 158
65 159
66 1
66 3
66 10
66 11
66 15
66 17
66 27
66 32
66 34
66 45
66 46
66 51
66 52
66 54
66 63
66 64
66 68
66 72
66 73
66 75
66 81
66 88
66 91
66 92
66 98
66 106
66 107
66 111
66 114
66 120
66 132
66 139
66 149
66 152
67 13
67 14
67 20
67 37
67 38
67 41
67 48
67 50
67 56
67 57
67 62
67 63
67 64
67 65
67 70
67 71
67 74
67 76
67 86
67 89
67 97
67 99
67 114
67 116
67 120
67 121
67 125
67 137
67 143
67 148
67 152
67 159
68 1
68 2
68 15
68 16
68 27
68 34
68 36
68 39
68 40
68 52
68 58
68 71
68 75
68 77
68 78
68 79
68 80
68 81
68 91
68 102
68 103
68 104
68 105
68 108
68 113
68 115
68 118
68 120
68 121
68 128
68 129
68 138
68 153
69 4
69 7
69 9
69 11
69 23
69 28
69 31
69 34
69 45
69 52
69 74
69 79
69 84
69 89
69 91
69 97
69 99
69 101
69 104
69 106
69 107
69 115
69 120
69 125
69 128
69 133
69 138
69 142
69 148
69 149
69 155
69 159
70 0
70 2
70 6
70 12
70 16
70 31
70 33
70 36
70 47
70 56
70 59
70 66
70 70
70 73
70 76
70 80
70 82
70 84
70 104
70 106
70 109
70 111
70 112
70 119
70 123
70 127
70 131
70 140
70 141
70 149
70 159
71 1
71 7
71 9
71 10
71 15
71 24
71 32
71 37
71 42
71 43
71 47
71 61
71 65
71 79
71 81
71 88
71 89
71 103
71 108
71 115
71 123
71 128
71 129
71 131
71 137
71 142
71 144
71 148
71 154
72 6
72 11
72 12
72 18
72 19
72 22
72 26
72 31
72 38
72 40
72 42
72 47
72 48
72 52
72 53
72 54
72 56
72 59
72 60
72 62
72 65
72 67
72 71
72 77
72 86
72 98
72 103
72 110
72 113
72 115
72 120
72 121
72 130
72 141
72 143
72 145
72 148
72 151
72 153
73 4
73 9
73 11
73 16
73 18
73 27
73 40
73 61
73 62
73 65
73 76
73 78
73 85
73 86
73 91
73 106
73 107
73 109
73 116
73 130
73 137
73 139
73 142
73 143
73 144
73 146
73 152
73 155
74 4
74 12
74 15
74 26
74 27
74 28
74 43
74 54
74 64
74 71
74 74
74 82
74 83
74 85
74 93
74 94
74 104
74 109
74 118
74 119
74 123
74 130
74 132
74 133
74 136
74 140
74 141
74 143
74 153
74 155
75 4
75 7
75 19
75 28
75 33
75 38
75 44
75 52
75 55
75 56
75 61
75 62
75 64
75 67
75 72
75 80
75 84
75 91
75 105
75 114
75 115
75 116
75 119
75 122
75 139
75 142
75 144
75 146
75 151
75 156
76 8
76 23
76 26
76 30
76 60
76 66
76 71
76 78
76 80
76 82
76 83
76 89
76 95
76 108
76 112
76 116
76 118
76 123
76 137
76 142
76 151
76 154
76 157
77 3
77 5
77 12
77 24
77 27
77 30
77 36
77 37
77 42
77 45
77 48
77 56
77 60
77 61
77 66
77 71
77 72
77 76
77 80
77 81
77 95
77 99
77 107
77 111
77 112
77 115
77 127
77 147
77 150
77 154
78 1
78 3
78 7
78 13
78 20
78 23
78 25
78 27
78 29
78 31
78 39
78 43
78 47
78 53
78 54
78 61
78 63
78 78
78 89
78 91
78 92
78 94
78 96
78 102
78 106
78 109
78 110
78 116
78 118
78 121
78 124
78 131
78 133
78 135
78 136
78 137
78 153
78 155
78 156
79 0
79 1
79 5
79 14
79 16
79 22
79 24
79 26
79 29
79 35
79 42
79 51
79 52
79 62
79 71
79 76
79 78
79 79
79 80
79 84
79 90
79 93
79 96
79 101
79 102
79 104
79 107
79 110
79 117
79 126
79 131
79 137
80 0
80 5
80 9
80 14
80 15
80 22
80 25
80 27
80 28
80 36
80 42
80 44
80 53
80 56
80 58
80 67
80 71
80 73
80 74
80 75
80 76
80 78
80 79
80 81
80 82
80 85
80 87
80 95
80 98
80 100
80 106
80 108
80 109
80 112
80 128
80 139
80 142
80 146
80 148
80 159
81 2
81 3
81 6
81 9
81 11
81 19
81 20
81 34
81 38
81 39
81 42
81 43
81 46
81 65
81 66
81 68
81 69
81 88
81 89
81 99
81 100
81 101
81 111
81 112
81 124
81 129
81 132
81 133
81 134
81 144
81 150
81 151
81 156
82 5
82 11
82 12
82 20
82 27
82 30
82 41
82 44
82 67
82 75
82 81
82 94
82 102
82 104
82 109
82 119
82 127
82 131
82 132
82 141
82 143
82 150
82 155
82 157
83 3
83 14
83 16
83 20
83 27
83 29
83 34
83 45
83 47
83 51
83 53
83 57
83 62
83 69
83 91
83 94
83 103
83 106
83 113
83 116
83 122
83 127
83 129
83 132
83 136
83 138
83 139
83 140
83 154
84 9
84 13
84 16
84 26
84 32
84 40
84 46
84 48
84 51
84 55
84 57
84 63
84 66
84 68
84 83
84 84
84 85
84 100
84 101
84 103
84 108
84 110
84 111
84 116
84 125
84 131
84 134
84 138
84 144
84 146
84 147
84 154
85 10
85 13
85 18
85 28
85 40
85 42
85 47
85 48
85 60
85 67
85 73
85 75
85 76
85 81
85 95
85 97
85 99
85 102
85 115
85 123
85 134
85 138
85 139
85 141
85 144
85 150
85 157
86 4
86 9
86 10
86 16
86 17
86 31
86 33
86 36
86 37
86 40
86 42
86 57
86 62
86 63
86 64
86 66
86 69
86 72
86 86
86 109
86 111
86 112
86 113
86 115
86 116
86 121
86 128
86 130
86 134
86 139
86 143
87 0
87 7
87 13
87 14
87 17
87 22
87 25
87 31
87 32
87 42
87 48
87 51
87 55
87 58
87 67
87 74
87 76
87 83
87 85
87 88
87 89
87 102
87 107
87 118
87 120
87 122
87 128
87 132
87 134
87 135
87 154
87 159
88 9
88 11
88 14
88 15
88 22
88 33
88 34
88 35
88 41
88 45
88 49
88 58
88 65
88 66
88 67
88 78
88 81
88 91
88 110
88 113
88 125
88 128
88 129
88 133
88 135
88 152
88 159
89 0
89 2
89 5
89 11
89 21
89 22
89 26
89 27
89 31
89 32
89 35
89 48
89 49
89 50
89 56
89 69
89 70
89 82
89 83
89 86
89 87
89 91
89 92
89 93
89 95
89 99
89 102
89 108
89 116
89 125
89 131
89 132
89 133
89 140
89 144
89 145
89 149
89 157
89 158
89 159
90 7
90 8
90 16
90 24
90 30
90 36
90 58
90 60
90 62
90 76
90 83
90 84
90 86
90 88
90 93
90 98
90 99
90 102
90 104
90 114
90 116
90 120
90 124
90 129
90 143
90 145
90 150
90 153
90 154
91 2
91 5
91 6
91 8
91 13
91 25
91 27
91 30
91 31
91 32
91 33
91 48
91 56
91 60
91 61
91 62
91 68
91 74
91 76
91 79
91 87
91 97
91 101
91 102
91 108
91 110
91 117
91 122
91 131
91 137
91 138
91 139
91 144
91 145
91 154
91 156
91 159
92 7
92 12
92 13
92 23
92 34
92 36
92 37
92 41
92 47
92 53
92 85
92 88
92 91
92 93
92 103
92 115
92 116
92 120
92 122
92 125
92 126
92 135
92 137
92 139
92 140
92 142
92 143
92 144
92 157
93 9
93 13
93 18
93 19
93 23
93 24
93 28
93 31
93 32
93 38
93 41
93 43
93 47
93 49
93 50
93 53
93 57
93 58
93 66
93 76
93 83
93 89
93 97
93 112
93 113
93 114
93 125
93 129
93 139
93 140
93 152
93 157
94 8
94 15
94 18
94 31
94 33
94 40
94 43
94 45
94 54
94 61
94 65
94 67
94 72
94 82
94 84
94 86
94 89
94 90
94 93
94 97
94 98
94 99
94 101
94 104
94 108
94 112
94 115
94 135
94 144
94 145
94 150
94 151
94 153
94 154
94 158
95 4
95 9
95 10
95 18
95 21
95 22
95 23
95 29
95 31
95 39
95 40
95 41
95 49
95 50
95 51
95 66
95 67
95 68
95 75
95 91
95 92
95 93
95 95
95 99
95 104
95 112
95 116
95 140
95 147
95 153
95 155
96 4
96 11
96 23
96 31
96 47
96 49
96 52
96 57
96 58
96 61
96 63
96 69
96 70
96 72
96 82
96 84
96 92
96 96
96 98
96 109
96 110
96 115
96 117
96 125
96 130
96 147
96 148
96 150
96 152
96 158
97 0
97 2
97 4
97 14
97 16
97 18
97 19
97 21
97 28
97 29
97 32
97 33
97 41
97 42
97 45
97 48
97 61
97 72
97 77
97 84
97 91
97 97
97 106
97 110
97 120
97 121
97 126
97 135
97 145
97 152
97 153
97 156
97 159
98 4
98 5
98 6
98 9
98 22
98 27
98 31
98 36
98 37
98 39
98 58
98 59
98 64
98 77
98 89
98 93
98 105
98 107
98 112
98 118
98 121
98 123
98 125
98 127
98 136
98 141
98 142
98 145
98 146
98 147
98 149
98 154
98 155
98 156
98 159
99 1
99 6
99 7
99 8
99 14
99 21
99 22
99 26
99 31
99 33
99 37
99 41
99 44
99 53
99 62
99 63
99 82
99 84
99 89
99 92
99 93
99 96
99 100
99 106
99 111
99 121
99 130
99 136
99 141
99 145
99 149
99 151
99 157
100 1
100 8
100 12
100 15
100 20
100 22
100 25
100 26
100 42
100 54
100 62
100 65
100 67
100 72
100 74
100 81
100 83
100 89
100 91
100 95
100 104
100 108
100 112
100 118
100 119
100 128
100 129
100 135
100 145
100 155
100 156
100 157
100 158
101 0
101 14
101 16
101 21
101 25
101 40
101 41
101 42
101 54
101 61
101 68
101 76
101 77
101 78
101 83
101 86
101 93
101 98
101 116
101 119
101 120
101 125
101 128
101 132
101 133
101 134
101 140
101 145
101 147
101 152
101 157
102 4
102 8
102 10
102 13
102 18
102 24
102 27
102 29
102 30
102 35
102 36
102 38
102 39
102 42
102 54
102 55
102 56
102 70
102 72
102 84
102 85
102 90
102 109
102 110
102 111
102 112
102 113
102 117
102 123
102 130
102 131
102 135
102 140
102 141
102 143
102 149
102 157
103 26
103 27
103 33
103 36
103 43
103 45
103 46
103 52
103 59
103 61
103 68
103 73
103 75
103 84
103 86
103 93
103 98
103 110
103 119
103 137
103 138
103 143
103 146
103 150
103 154
103 158
104 0
104 5
104 10
104 15
104 20
104 21
104 36
104 41
104 47
104 48
104 51
104 55
104 64
104 71
104 76
104 80
104 84
104 87
104 88
104 92
104 95
104 98
104 101
104 104
104 116
104 118
104 130
104 134
104 135
104 142
104 152
104 153
104 157
104 158
105 13
105 19
105 26
105 29
105 31
105 35
105 46
105 49
105 55
105 57
105 59
105 69
105 76
105 88
105 95
105 96
105 100
105 106
105 108
105 110
105 114
105 118
105 133
105 137
105 142
105 146
105 154
105 157
106 10
106 26
106 28
106 30
106 35
106 36
106 38
106 41
106 49
106 53
106 58
106 70
106 71
106 72
106 75
106 76
106 85
106 89
106 92
106 93
106 94
106 95
106 96
106 101
106 104
106 106
106 112
106 118
106 119
106 124
106 126
106 133
106 136
106 146
106 147
106 157
107 5
107 6
107 18
107 23
107 27
107 29
107 31
107 37
107 42
107 47
107 54
107 60
107 64
107 68
107 71
107 74
107 75
107 78
107 98
107 99
107 109
107 116
107 118
107 123
107 129
107 131
107 132
107 137
107 143
107 144
107 152
107 153
107 159
108 2
108 8
108 16
108 17
108 21
108 22
108 23
108 36
108 38
108 42
108 45
108 53
108 55
108 59
108 63
108 65
108 69
108 72
108 77
108 78
108 79
108 80
108 81
108 85
108 89
108 103
108 105
108 111
108 112
108 116
108 123
108 134
108 135
108 147
108 151
108 152
108 159
109 7
109 9
109 11
109 12
109 27
109 30
109 32
109 39
109 55
109 83
109 86
109 88
109 89
109 116
109 117
109 119
109 123
109 124
109 130
109 142
109 150
109 151
110 2
110 11
110 12
110 16
110 19
110 21
110 22
110 28
110 31
110 35
110 36
110 37
110 42
110 46
110 50
110 55
110 62
110 64
110 68
110 73
110 108
110 109
110 114
110 119
110 121
110 126
110 132
110 137
110 147
110 152
110 153
110 155
111 7
111 11
111 17
111 23
111 27
111 31
111 32
111 36
111 48
111 78
111 81
111 94
111 96
111 99
111 104
111 115
111 117
111 119
111 122
111 131
111 134
111 143
111 150
111 151
111 155
111 157
112 3
112 7
112 10
112 12
112 15
112 18
112 21
112 30
112 37
112 41
112 44
112 46
112 50
112 51
112 53
112 55
112 67
112 74
112 75
112 84
112 85
112 87
112 100
112 101
112 107
112 117
112 118
112 124
112 125
112 128
112 129
112 135
112 138
112 141
112 142
112 144
112 145
113 3
113 13
113 14
113 18
113 21
113 38
113 40
113 42
113 48
113 69
113 75
113 76
113 81
113 82
113 84
113 90
113 91
113 92
113 93
113 96
113 104
113 108
113 118
113 122
113 124
113 126
113 129
113 133
113 134
113 135
113 137
113 138
113 141
113 144
113 149
113 157
114 1
114 2
114 9
114 15
114 18
114 19
114 21
114 23
114 24
114 27
114 29
114 33
114 34
114 36
114 38
114 48
114 50
114 67
114 76
114 77
114 81
114 82
114 92
114 93
114 99
114 109
114 113
114 128
114 130
114 133
114 144
114 146
114 149
114 152
115 3
115 7
115 9
115 16
115 42
115 52
115 62
115 69
115 71
115 73
115 74
115 77
115 89
115 93
115 102
115 104
115 107
115 115
115 116
115 124
115 126
115 138
115 142
115 151
115 156
116 2
116 3
116 6
116 11
116 14
116 19
116 21
116 24
116 25
116 32
116 34
116 36
116 40
116 43
116 48
116 49
116 63
116 67
116 74
116 76
116 83
116 84
116 91
116 96
116 108
116 110
116 112
116 123
116 127
116 141
116 143
116 150
116 153
116 155
116 158
117 6
117 21
117 29
117 32
117 41
117 57
117 58
117 59
117 65
117 69
117 71
117 73
117 75
117 85
117 88
117 90
117 95
117 96
117 97
117 101
117 107
117 108
117 113
117 114
117 116
117 126
117 128
117 134
117 137
117 139
117 140
117 143
117 145
117 148
117 152
117 154
117 157
117 159
118 0
118 5
118 29
118 30
118 34
118 36
118 39
118 52
118 67
118 69
118 81
118 82
118 84
118 94
118 95
118 97
118 109
118 111
118 116
118 133
118 147
118 148
118 153
118 154
119 0
119 7
119 24
119 25
119 37
119 38
119 39
119 41
119 53
119 57
119 61
119 64
119 66
119 67
119 79
119 84
119 85
119 110
119 117
119 125
119 130
120 2
120 3
120 6
120 15
120 18
120 27
120 28
120 30
120 31
120 37
120 39
120 40
120 41
120 44
120 45
120 48
120 52
120 54
120 59
120 61
120 65
120 70
120 72
120 74
120 79
120 80
120 82
120 101
120 102
120 105
120 113
120 114
120 115
120 116
120 119
120 121
120 125
120 133
120 134
120 137
120 142
120 145
120 148
120 152
121 4
121 6
121 7
121 16
121 25
121 30
121 31
121 34
121 40
121 44
121 52
121 58
121 62
121 66
121 69
121 70
121 71
121 73
121 74
121 77
121 82
121 84
121 89
121 99
121 113
121 116
121 122
121 125
121 131
121 134
121 136
121 137
121 143
121 146
121 150
121 152
121 153
121 155
122 2
122 11
122 20
122 32
122 33
122 34
122 39
122 45
122 46
122 52
122 63
122 64
122 73
122 80
122 89
122 98
122 102
122 103
122 106
122 123
122 127
122 138
122 144
122 153
122 155
123 0
123 9
123 15
123 16
123 17
123 20
123 30
123 36
123 37
123 38
123 39
123 49
123 61
123 65
123 69
123 75
123 76
123 79
123 88
123 92
123 98
123 100
123 101
123 103
123 109
123 117
123 122
123 126
123 127
123 133
123 135
123 143
123 148
123 151
123 155
123 156
124 4
124 8
124 12
124 17
124 22
124 28
124 45
124 46
124 58
124 62
124 63
124 67
124 76
124 89
124 91
124 96
124 99
124 102
124 105
124 107
124 111
124 123
124 125
124 129
124 131
124 139
124 144
124 148
124 151
124 152
125 1
125 4
125 16
125 21
125 25
125 26
125 36
125 38
125 44
125 46
125 49
125 50
125 52
125 78
125 81
125 86
125 89
125 92
125 102
125 107
125 116
125 119
125 122
125 125
125 129
125 141
125 147
125 149
125 157
126 5
126 10
126 12
126 15
126 25
126 28
126 34
126 35
126 38
126 53
126 56
126 58
126 68
126 69
126 74
126 76
126 77
126 81
126 85
126 86
126 103
126 115
126 120
126 121
126 124
126 128
126 129
126 130
126 133
126 141
126 142
126 153
126 154
126 158
127 1
127 3
127 13
127 14
127 22
127 28
127 33
127 34
127 37
127 39
127 40
127 47
127 57
127 58
127 69
127 72
127 73
127 76
127 77
127 78
127 96
127 102
127 111
127 115
127 117
127 122
127 135
127 137
127 147
127 148
127 149
127 150
127 154
127 155
127 158
128 0
128 16
128 19
128 35
128 39
128 42
128 63
128 69
128 80
128 87
128 90
128 95
128 99
128 100
128 105
128 118
128 121
128 122
128 128
128 131
128 136
128 138
128 142
128 144
128 148
128 159
129 13
129 15
129 18
129 20
129 22
129 24
129 31
129 32
129 33
129 45
129 49
129 51
129 55
129 73
129 78
129 79
129 91
129 98
129 99
129 100
129 114
129 116
129 117
129 121
129 127
129 133
129 138
129 148
129 150
129 151
129 154
129 159
130 4
130 7
130 10
130 14
130 18
130 22
130 25
130 28
130 47
130 60
130 66
130 69
130 74
130 77
130 78
130 93
130 97
130 103
130 137
130 147
130 151
130 156
130 158
130 159
131 3
131 8
131 17
131 20
131 28
131 42
131 44
131 48
131 57
131 60
131 70
131 83
131 84
131 90
131 92
131 98
131 103
131 110
131 112
131 122
131 127
131 128
131 129
131 134
131 138
131 139
131 142
131 149
131 156
132 0
132 6
132 9
132 11
132 12
132 13
132 22
132 29
132 35
132 58
132 65
132 71
132 74
132 77
132 79
132 85
132 94
132 105
132 107
132 108
132 117
132 118
132 130
132 141
132 144
132 148
132 149
132 156
132 159
133 1
133 2
133 3
133 12
133 15
133 19
133 32
133 54
133 55
133 56
133 64
133 70
133 78
133 80
133 83
133 91
133 94
133 97
133 99
133 103
133 107
133 108
133 114
133 118
133 119
133 128
133 136
133 145
133 153
133 154
133 158
134 8
134 16
134 17
134 22
134 24
134 30
134 34
134 43
134 50
134 53
134 60
134 61
134 64
134 69
134 70
134 73
134 75
134 79
134 86
134 90
134 98
134 105
134 113
134 114
134 116
134 125
134 136
134 143
134 151
135 6
135 11
135 14
135 16
135 20
135 22
135 33
135 39
135 41
135 50
135 56
135 57
135 58
135 61
135 66
135 67
135 70
135 71
135 73
135 76
135 78
135 82
135 83
135 93
135 107
135 110
135 113
135 116
135 129
135 130
135 138
135 139
135 146
135 152
135 156
135 159
136 0
136 5
136 11
136 15
136 22
136 29
136 31
136 35
136 37
136 42
136 52
136 59
136 60
136 65
136 69
136 71
136 72
136 73
136 77
136 90
136 94
136 95
136 99
136 104
136 105
136 106
136 110
136 111
136 117
136 119
136 138
136 142
136 147
136 150
136 156
136 159
137 0
137 8
137 9
137 10
137 26
137 29
137 33
137 35
137 36
137 48
137 70
137 71
137 90
137 91
137 94
137 95
137 97
137 101
137 107
137 109
137 115
137 125
137 131
137 136
137 139
137 141
137 151
137 154
137 157
138 3
138 6
138 17
138 18
138 25
138 31
138 40
138 41
138 44
138 46
138 50
138 51
138 61
138 62
138 68
138 73
138 77
138 94
138 96
138 97
138 105
138 108
138 115
138 130
138 136
138 152
138 156
139 6
139 7
139 9
139 17
139 18
139 22
139 23
139 25
139 30
139 32
139 36
139 37
139 42
139 44
139 51
139 54
139 61
139 63
139 66
139 69
139 75
139 78
139 79
139 86
139 87
139 91
139 94
139 99
139 100
139 102
139 105
139 106
139 117
139 120
139 125
139 128
139 136
139 137
139 138
139 144
139 145
139 152
139 157
140 1
140 5
140 10
140 11
140 16
140 19
140 28
140 29
140 34
140 41
140 50
140 58
140 65
140 73
140 75
140 82
140 86
140 89
140 90
140 106
140 109
140 112
140 121
140 126
140 131
140 135
140 137
140 146
140 149
140 153
140 154
141 1
141 3
141 9
141 14
141 15
141 18
141 29
141 45
141 49
141 59
141 60
141 65
141 90
141 95
141 101
141 104
141 107
141 128
141 129
141 146
141 149
142 8
142 12
142 16
142 17
142 20
142 26
142 29
142 47
142 55
142 59
142 60
142 73
142 82
142 88
142 94
142 105
142 106
142 110
142 111
142 113
142 114
142 119
142 129
142 131
142 135
142 136
142 139
142 140
142 147
142 148
142 152
142 158
142 159
143 16
143 18
143 24
143 27
143 33
143 34
143 35
143 37
143 43
143 48
143 55
143 57
143 60
143 65
143 68
143 79
143 82
143 90
143 93
143 98
143 101
143 105
143 106
143 112
143 114
143 116
143 131
143 133
143 148
143 150
143 151
143 159
144 3
144 5
144 7
144 8
144 9
144 26
144 28
144 30
144 32
144 33
144 41
144 50
144 53
144 66
144 83
144 84
144 94
144 98
144 99
144 100
144 102
144 108
144 111
144 115
144 119
144 120
144 121
144 128
144 129
144 130
144 138
144 139
144 142
144 145
144 155
144 157
145 2
145 4
145 6
145 14
145 15
145 18
145 19
145 21
145 37
145 39
145 41
145 49
145 53
145 71
145 76
145 79
145 84
145 85
145 90
145 98
145 101
145 102
145 104
145 108
145 110
145 114
145 117
145 118
145 122
145 131
145 133
145 136
145 137
145 153
145 154
146 2
146 3
146 11
146 13
146 16
146 17
146 20
146 21
146 23
146 33
146 35
146 47
146 48
146 49
146 50
146 53
146 64
146 65
146 67
146 68
146 69
146 77
146 79
146 103
146 104
146 107
146 112
146 127
146 148
146 149
146 154
146 155
146 156
146 157
147 0
147 1
147 5
147 6
147 7
147 11
147 13
147 31
147 34
147 37
147 58
147 62
147 64
147 68
147 74
147 81
147 91
147 104
147 110
147 117
147 119
147 122
147 124
147 128
147 130
147 134
147 140
147 149
147 152
147 158
148 4
148 17
148 18
148 21
148 38
148 40
148 48
148 49
148 51
148 52
148 57
148 60
148 65
148 68
148 72
148 74
148 79
148 82
148 101
148 114
148 116
148 121
148 126
148 129
148 130
148 135
148 143
148 152
148 157
149 0
149 5
149 9
149 21
149 23
149 31
149 38
149 40
149 42
149 51
149 53
149 58
149 60
149 67
149 70
149 74
149 84
149 89
149 90
149 95
149 110
149 111
149 126
149 127
149 135
149 147
149 153
149 158
150 7
150 11
150 12
150 24
150 44
150 47
150 48
150 54
150 56
150 63
150 65
150 70
150 74
150 75
150 84
150 86
150 89
150 91
150 100
150 103
150 120
150 127
150 128
150 141
150 147
150 150
150 154
150 158
150 159
151 0
151 2
151 4
151 15
151 20
151 22
151 27
151 31
151 34
151 38
151 39
151 48
151 52
151 53
151 54
151 60
151 61
151 69
151 74
151 76
151 82
151 94
151 98
151 102
151 114
151 115
151 121
151 131
151 132
151 133
151 140
151 143
151 144
151 145
151 147
151 150
151 153
151 154
152 1
152 3
152 6
152 8
152 22
152 33
152 39
152 48
152 52
152 59
152 62
152 72
152 75
152 83
152 91
152 97
152 99
152 101
152 107
152 108
152 111
152 115
152 122
152 130
152 138
152 146
152 149
152 153
153 5
153 8
153 13
153 23
153 27
153 55
153 56
153 60
153 64
153 75
153 79
153 82
153 86
153 88
153 92
153 95
153 98
153 99
153 113
153 114
153 118
153 127
153 141
153 142
153 147
153 152
154 0
154 6
154 7
154 9
154 18
154 38
154 40
154 56
154 62
154 63
154 67
154 73
154 75
154 76
154 82
154 95
154 97
154 98
154 99
154 102
154 112
154 118
154 132
154 134
154 135
154 142
154 149
154 154
154 155
154 156
154 158
154 159
155 5
155 12
155 18
155 25
155 26
155 28
155 43
155 59
155 67
155 73
155 78
155 79
155 88
155 93
155 99
155 101
155 113
155 117
155 123
155 126
155 136
155 137
155 141
155 143
155 145
155 154
155 155
155 157
156 2
156 22
156 29
156 30
156 36
156 44
156 45
156 52
156 54
156 57
156 71
156 77
156 83
156 97
156 99
156 102
156 104
156 107
156 110
156 113
156 116
156 119
156 122
156 127
156 136
156 143
156 145
156 153
156 155
157 7
157 9
157 10
157 11
157 14
157 15
157 17
157 22
157 23
157 39
157 41
157 50
157 59
157 63
157 73
157 89
157 110
157 116
157 118
157 122
157 123
157 124
157 126
157 132
157 142
157 145
157 152
157 158
157 159
158 1
158 5
158 11
158 13
158 18
158 22
158 30
158 37
158 42
158 66
158 68
158 69
158 75
158 76
158 78
158 88
158 100
158 103
158 106
158 108
158 111
158 133
158 138
158 140
158 145
158 149
158 152
158 158
159 4
159 15
159 17
159 19
159 26
159 29
159 31
159 34
159 35
159 36
159 47
159 53
159 56
159 61
159 73
159 81
159 86
159 93
159 120
159 128
159 129
159 130
159 138
159 143
159 144
159 149
159 156
