110
2398
0 0
0 4
0 9
0 16
0 17
0 20
0 33
0 37
0 38
0 39
0 42
0 45
0 46
0 50
0 55
0 61
0 68
0 81
0 86
0 92
0 96
0 102
1 1
1 3
1 10
1 11
1 15
1 22
1 24
1 29
1 31
1 42
1 44
1 57
1 62
1 70
1 71
1 79
1 83
1 84
1 87
1 107
2 3
2 4
2 8
2 14
2 25
2 49
2 60
2 62
2 63
2 65
2 72
2 74
2 86
2 92
2 97
2 105
2 109
3 7
3 8
3 18
3 20
3 23
3 27
3 30
3 33
3 38
3 47
3 57
3 80
3 83
3 86
3 90
3 94
3 97
3 99
3 100
3 103
4 3
4 5
4 6
4 10
4 13
4 15
4 21
4 30
4 36
4 51
4 67
4 69
4 74
4 76
4 77
4 84
4 97
4 107
5 1
5 2
5 7
5 8
5 16
5 19
5 37
5 40
5 46
5 55
5 72
5 75
5 78
5 90
5 95
5 97
5 106
5 107
6 3
6 10
6 13
6 14
6 15
6 16
6 17
6 23
6 25
6 31
6 39
6 52
6 56
6 58
6 64
6 67
6 69
6 73
6 86
6 88
6 90
6 91
6 92
6 96
6 97
6 99
6 102
6 103
7 0
7 23
7 32
7 33
7 44
7 59
7 67
7 74
7 77
7 78
7 81
7 82
7 85
7 98
7 100
7 103
8 0
8 6
8 13
8 15
8 19
8 33
8 34
8 62
8 69
8 74
8 78
8 81
8 85
8 86
8 87
8 90
8 92
8 94
8 96
8 97
8 104
9 13
9 18
9 21
9 25
9 27
9 32
9 34
9 37
9 40
9 44
9 49
9 54
9 66
9 71
9 75
9 79
9 81
9 82
9 83
9 87
9 97
9 103
10 4
10 5
10 6
10 9
10 12
10 14
10 16
10 18
10 20
10 23
10 29
10 33
10 35
10 39
10 40
10 48
10 50
10 53
10 56
10 57
10 62
10 65
10 77
10 83
10 89
10 96
10 98
10 102
10 107
11 3
11 9
11 15
11 28
11 31
11 32
11 37
11 39
11 40
11 44
11 50
11 55
11 56
11 63
11 68
11 72
11 73
11 90
11 92
11 101
11 102
11 107
12 4
12 8
12 14
12 15
12 17
12 19
12 23
12 24
12 25
12 31
12 33
12 39
12 49
12 52
12 54
12 65
12 67
12 68
12 77
12 79
12 82
12 83
12 90
12 92
12 94
12 96
12 98
12 104
13 12
13 19
13 31
13 36
13 38
13 39
13 49
13 51
13 60
13 61
13 62
13 65
13 67
13 74
13 77
13 90
13 100
13 102
13 103
13 109
14 0
14 1
14 2
14 7
14 9
14 10
14 12
14 13
14 17
14 18
14 20
14 22
14 24
14 25
14 36
14 40
14 44
14 48
14 49
14 53
14 54
14 59
14 61
14 71
14 83
14 86
14 93
14 94
15 2
15 11
15 30
15 31
15 36
15 43
15 46
15 63
15 66
15 76
15 89
15 96
15 102
15 107
15 108
16 11
16 13
16 15
16 20
16 22
16 26
16 38
16 52
16 53
16 57
16 61
16 66
16 67
16 75
16 77
16 82
16 86
16 90
16 92
16 94
16 96
16 97
16 99
16 107
16 109
17 3
17 6
17 13
17 14
17 25
17 28
17 29
17 30
17 33
17 35
17 44
17 45
17 48
17 51
17 53
17 57
17 72
17 74
17 81
17 89
17 91
17 93
18 19
18 22
18 25
18 33
18 46
18 47
18 57
18 59
18 61
18 65
18 80
18 85
18 102
18 108
18 109
19 2
19 5
19 11
19 16
19 21
19 26
19 40
19 53
19 59
19 62
19 65
19 74
19 77
19 84
19 87
19 98
19 99
20 0
20 4
20 9
20 11
20 13
20 25
20 27
20 30
20 36
20 48
20 54
20 57
20 58
20 60
20 67
20 75
20 87
20 89
20 96
20 103
20 106
20 109
21 3
21 20
21 22
21 25
21 33
21 34
21 36
21 39
21 41
21 47
21 50
21 55
21 61
21 65
21 71
21 79
21 81
21 84
21 85
21 90
21 91
21 92
21 93
21 94
21 100
21 102
22 2
22 12
22 13
22 14
22 16
22 18
22 29
22 30
22 33
22 37
22 40
22 48
22 51
22 54
22 61
22 62
22 71
22 74
22 76
22 77
22 82
22 87
22 89
22 91
22 92
22 101
22 104
22 106
22 107
23 2
23 4
23 5
23 6
23 11
23 14
23 16
23 20
23 40
23 42
23 44
23 51
23 54
23 61
23 64
23 66
23 67
23 68
23 70
23 99
23 104
23 106
24 0
24 12
24 15
24 25
24 28
24 38
24 54
24 65
24 73
24 75
24 79
24 83
24 85
24 87
24 103
24 104
25 3
25 7
25 12
25 17
25 22
25 26
25 28
25 31
25 33
25 43
25 50
25 80
25 81
25 83
25 84
25 95
25 98
25 101
25 107
26 9
26 26
26 34
26 38
26 43
26 46
26 48
26 52
26 60
26 66
26 71
26 78
26 79
26 82
26 96
26 100
26 104
26 107
26 109
27 5
27 6
27 7
27 8
27 17
27 18
27 34
27 40
27 41
27 47
27 49
27 50
27 72
27 75
27 77
27 78
27 100
27 105
28 6
28 9
28 14
28 15
28 19
28 22
28 23
28 37
28 44
28 48
28 50
28 52
28 53
28 54
28 58
28 59
28 60
28 64
28 67
28 73
28 75
28 76
28 80
28 87
28 88
28 92
28 93
28 96
28 98
28 99
28 103
28 105
29 6
29 7
29 13
29 17
29 35
29 36
29 40
29 42
29 48
29 53
29 54
29 55
29 57
29 60
29 61
29 71
29 93
30 5
30 7
30 12
30 13
30 15
30 16
30 17
30 45
30 46
30 48
30 51
30 62
30 65
30 67
30 74
30 76
30 85
30 87
30 90
30 96
30 105
31 3
31 4
31 11
31 16
31 21
31 24
31 28
31 33
31 36
31 37
31 44
31 46
31 48
31 51
31 55
31 64
31 70
31 73
31 78
31 99
31 101
31 107
31 108
32 0
32 5
32 16
32 22
32 25
32 26
32 39
32 40
32 42
32 48
32 52
32 57
32 58
32 65
32 71
32 78
32 80
32 82
32 85
32 86
32 89
32 91
32 95
32 99
32 101
32 104
33 5
33 6
33 7
33 11
33 13
33 15
33 16
33 18
33 19
33 20
33 22
33 28
33 39
33 44
33 53
33 54
33 58
33 59
33 61
33 63
33 69
33 72
33 75
33 76
33 77
33 78
33 81
33 99
33 101
33 105
33 106
33 107
34 5
34 7
34 8
34 9
34 12
34 14
34 27
34 28
34 35
34 41
34 43
34 46
34 51
34 56
34 64
34 65
34 70
34 73
34 74
34 75
34 79
34 80
34 81
34 85
34 87
34 93
34 94
34 95
34 96
34 98
34 99
34 101
34 102
34 104
34 105
34 106
34 108
34 109
35 3
35 4
35 6
35 9
35 12
35 22
35 23
35 28
35 39
35 40
35 42
35 48
35 51
35 62
35 64
35 65
35 67
35 70
35 76
35 88
35 90
35 95
35 98
35 100
35 104
35 105
35 107
35 108
35 109
36 6
36 7
36 24
36 25
36 27
36 29
36 35
36 50
36 52
36 55
36 56
36 60
36 68
36 70
36 81
36 88
36 103
36 104
37 2
37 12
37 15
37 16
37 17
37 20
37 21
37 37
37 46
37 47
37 50
37 56
37 57
37 58
37 59
37 61
37 63
37 76
37 78
37 79
37 83
37 90
37 91
37 97
37 98
37 103
37 104
37 106
37 108
38 7
38 8
38 19
38 28
38 30
38 36
38 47
38 49
38 51
38 52
38 53
38 61
38 67
38 68
38 71
38 75
38 103
38 107
39 8
39 9
39 10
39 11
39 22
39 25
39 28
39 40
39 42
39 46
39 51
39 54
39 56
39 60
39 62
39 66
39 69
39 71
39 77
39 81
39 93
39 97
39 98
39 99
39 101
39 103
39 107
40 2
40 4
40 7
40 9
40 20
40 21
40 23
40 42
40 63
40 78
40 88
40 89
40 100
40 107
41 2
41 13
41 18
41 25
41 32
41 36
41 40
41 45
41 51
41 58
41 67
41 69
41 98
41 99
42 10
42 15
42 27
42 35
42 36
42 37
42 40
42 46
42 55
42 62
42 67
42 69
42 71
42 76
42 82
42 85
42 87
42 89
42 97
43 11
43 14
43 38
43 51
43 52
43 53
43 74
43 78
43 83
43 84
43 85
43 92
43 95
43 98
43 101
43 102
43 104
43 107
44 4
44 23
44 27
44 37
44 58
44 59
44 72
44 76
44 79
44 80
44 82
44 85
44 87
44 88
44 89
44 100
44 102
45 5
45 8
45 12
45 18
45 22
45 27
45 31
45 40
45 47
45 63
45 64
45 68
45 75
45 79
45 84
45 85
45 88
45 108
46 1
46 2
46 6
46 12
46 13
46 15
46 16
46 20
46 22
46 28
46 30
46 32
46 37
46 38
46 39
46 42
46 44
46 47
46 48
46 52
46 67
46 70
46 72
46 73
46 74
46 79
46 84
46 93
46 95
46 98
46 101
47 1
47 2
47 6
47 24
47 26
47 28
47 30
47 31
47 41
47 51
47 57
47 65
47 66
47 68
47 80
47 88
47 107
48 0
48 14
48 20
48 21
48 26
48 27
48 32
48 39
48 44
48 49
48 52
48 53
48 56
48 62
48 63
48 68
48 76
48 83
48 84
48 87
48 95
48 102
48 104
48 108
48 109
49 6
49 9
49 14
49 15
49 17
49 23
49 26
49 33
49 36
49 40
49 41
49 45
49 46
49 47
49 48
49 50
49 62
49 66
49 68
49 75
49 77
49 79
49 85
49 95
49 98
49 107
49 109
50 7
50 8
50 9
50 16
50 17
50 22
50 32
50 33
50 36
50 40
50 54
50 56
50 58
50 71
50 88
50 94
50 95
50 108
51 3
51 4
51 10
51 11
51 25
51 28
51 35
51 45
51 49
51 51
51 53
51 55
51 61
51 62
51 66
51 67
51 70
51 93
51 96
51 100
51 106
52 9
52 15
52 28
52 31
52 36
52 45
52 46
52 59
52 61
52 66
52 72
52 75
52 76
52 77
52 94
52 98
53 0
53 9
53 11
53 14
53 16
53 22
53 26
53 37
53 40
53 41
53 53
53 57
53 66
53 76
53 78
53 80
53 82
53 85
53 87
53 88
53 101
53 102
53 104
54 0
54 1
54 8
54 18
54 19
54 22
54 36
54 39
54 40
54 60
54 61
54 69
54 82
54 83
54 85
54 87
54 91
54 99
54 104
54 109
55 3
55 8
55 14
55 17
55 33
55 47
55 52
55 56
55 60
55 70
55 74
55 96
55 99
55 100
55 103
55 105
55 106
56 5
56 6
56 7
56 12
56 17
56 18
56 22
56 29
56 30
56 31
56 32
56 38
56 39
56 43
56 47
56 52
56 54
56 63
56 66
56 67
56 69
56 70
56 71
56 72
56 76
56 77
56 85
56 89
56 93
56 102
56 107
56 108
57 2
57 11
57 14
57 19
57 29
57 38
57 39
57 49
57 55
57 57
57 59
57 78
57 86
57 87
57 89
57 95
57 102
57 107
57 109
58 0
58 1
58 7
58 10
58 12
58 13
58 18
58 26
58 33
58 34
58 35
58 45
58 53
58 60
58 72
58 75
58 79
58 94
58 98
58 105
59 0
59 1
59 6
59 7
59 8
59 10
59 13
59 14
59 18
59 22
59 31
59 35
59 41
59 42
59 45
59 53
59 61
59 67
59 71
59 76
59 83
59 88
59 94
59 103
59 104
59 106
60 2
60 8
60 13
60 25
60 27
60 40
60 42
60 46
60 51
60 55
60 77
60 85
60 91
60 94
60 100
60 106
60 109
61 16
61 17
61 20
61 22
61 25
61 26
61 38
61 44
61 50
61 54
61 57
61 60
61 64
61 67
61 72
61 77
61 83
61 84
61 89
61 95
61 100
61 105
62 16
62 22
62 24
62 26
62 31
62 34
62 35
62 36
62 47
62 50
62 56
62 65
62 68
62 94
62 97
62 104
62 109
63 0
63 3
63 9
63 10
63 26
63 32
63 35
63 39
63 43
63 46
63 50
63 54
63 56
63 61
63 64
63 68
63 69
63 70
63 82
63 83
63 89
63 90
63 91
63 99
63 101
63 105
63 109
64 5
64 13
64 15
64 21
64 27
64 31
64 32
64 34
64 39
64 41
64 43
64 45
64 54
64 58
64 66
64 74
64 78
64 84
64 86
64 93
64 94
64 98
64 101
64 105
64 107
65 3
65 10
65 13
65 17
65 20
65 29
65 37
65 58
65 68
65 76
65 78
65 84
65 85
65 86
65 96
65 98
65 100
65 101
65 103
65 105
65 108
66 0
66 14
66 21
66 32
66 38
66 41
66 42
66 54
66 62
66 63
66 64
66 67
66 74
66 75
66 80
66 84
66 86
66 89
66 92
66 102
66 103
66 104
67 9
67 11
67 21
67 27
67 28
67 31
67 34
67 36
67 37
67 39
67 43
67 44
67 45
67 48
67 49
67 51
67 52
67 55
67 63
67 66
67 68
67 69
67 71
67 74
67 90
67 92
67 95
67 100
68 3
68 15
68 21
68 24
68 26
68 27
68 29
68 30
68 33
68 35
68 44
68 50
68 57
68 58
68 59
68 63
68 65
68 75
68 78
68 87
68 102
68 103
69 9
69 10
69 13
69 40
69 47
69 48
69 55
69 67
69 68
69 72
69 73
69 75
69 81
69 83
69 84
69 87
69 94
69 102
69 104
70 3
70 17
70 19
70 27
70 31
70 32
70 39
70 40
70 44
70 48
70 50
70 59
70 71
70 73
70 79
70 81
70 83
70 98
70 101
70 102
71 1
71 7
71 12
71 14
71 17
71 19
71 20
71 27
71 30
71 53
71 54
71 57
71 59
71 64
71 71
71 80
71 87
71 90
71 93
71 95
71 104
72 0
72 5
72 15
72 22
72 24
72 28
72 32
72 44
72 48
72 55
72 56
72 58
72 59
72 60
72 66
72 68
72 70
72 72
72 73
72 81
72 92
72 98
72 99
72 106
73 3
73 5
73 8
73 9
73 12
73 19
73 23
73 28
73 32
73 40
73 41
73 46
73 55
73 61
73 64
73 67
73 68
73 75
73 81
73 84
73 85
73 87
73 88
73 90
73 93
73 95
73 96
73 97
73 99
73 106
74 2
74 3
74 4
74 5
74 7
74 11
74 12
74 14
74 18
74 20
74 25
74 30
74 35
74 40
74 64
74 69
74 72
74 77
74 90
74 92
74 93
74 95
74 96
74 97
74 99
74 103
75 1
75 11
75 17
75 20
75 23
75 27
75 35
75 39
75 45
75 46
75 48
75 52
75 60
75 66
75 68
75 90
75 93
75 100
75 106
76 1
76 3
76 5
76 10
76 24
76 39
76 45
76 48
76 50
76 55
76 56
76 63
76 71
76 78
76 79
76 81
76 82
76 83
76 84
76 86
76 93
76 95
76 98
76 99
76 101
77 2
77 3
77 5
77 6
77 7
77 15
77 16
77 20
77 21
77 22
77 24
77 33
77 36
77 49
77 55
77 59
77 69
77 80
77 81
77 90
77 91
77 94
77 98
77 104
77 105
77 109
78 5
78 6
78 13
78 22
78 35
78 49
78 52
78 54
78 59
78 61
78 62
78 67
78 79
78 89
78 92
78 94
78 98
78 109
79 2
79 16
79 17
79 28
79 30
79 37
79 47
79 48
79 53
79 55
79 63
79 69
79 70
79 71
79 76
79 80
79 92
79 93
79 94
79 97
79 104
79 105
79 106
80 0
80 2
80 6
80 8
80 9
80 18
80 21
80 22
80 26
80 32
80 33
80 50
80 54
80 68
80 86
80 91
80 97
80 101
80 105
80 108
81 1
81 11
81 16
81 32
81 39
81 46
81 49
81 52
81 53
81 59
81 65
81 73
81 77
81 81
81 82
81 93
81 96
81 106
82 1
82 19
82 24
82 25
82 27
82 33
82 42
82 44
82 47
82 49
82 54
82 56
82 61
82 65
82 69
82 74
82 78
82 79
82 81
82 82
82 85
82 88
82 96
82 98
82 100
82 102
82 105
83 3
83 6
83 14
83 54
83 59
83 62
83 71
83 73
83 80
83 90
83 109
84 1
84 9
84 10
84 33
84 37
84 40
84 45
84 55
84 57
84 60
84 61
84 63
84 73
84 79
84 88
84 95
84 100
84 101
84 105
84 106
85 5
85 8
85 17
85 22
85 24
85 43
85 47
85 50
85 51
85 52
85 55
85 57
85 59
85 67
85 83
85 87
85 88
85 95
85 103
85 104
85 107
86 0
86 6
86 9
86 25
86 41
86 44
86 53
86 54
86 55
86 56
86 57
86 68
86 71
86 77
86 80
86 81
86 84
86 85
86 88
86 94
86 97
86 99
86 103
87 5
87 13
87 20
87 22
87 28
87 35
87 54
87 59
87 69
87 78
87 82
87 96
87 98
87 102
87 106
87 109
88 3
88 20
88 25
88 31
88 32
88 36
88 56
88 59
88 66
88 75
88 80
88 82
88 84
88 85
88 93
88 94
88 102
88 106
89 3
89 10
89 16
89 25
89 32
89 40
89 42
89 49
89 59
89 61
89 62
89 64
89 77
89 80
89 90
89 98
89 105
89 107
90 7
90 11
90 14
90 23
90 24
90 25
90 27
90 41
90 42
90 43
90 46
90 49
90 51
90 60
90 67
90 75
90 78
90 93
90 98
90 102
90 103
91 0
91 1
91 7
91 12
91 15
91 18
91 23
91 32
91 35
91 37
91 38
91 39
91 41
91 45
91 46
91 64
91 65
91 75
91 81
91 87
91 93
91 95
91 109
92 4
92 8
92 9
92 17
92 47
92 54
92 58
92 59
92 62
92 67
92 68
92 71
92 72
92 75
92 77
92 80
92 83
92 88
92 90
92 109
93 0
93 3
93 4
93 10
93 18
93 19
93 20
93 25
93 35
93 39
93 41
93 61
93 68
93 78
93 82
93 87
93 88
93 91
93 92
93 93
93 94
93 99
93 105
93 109
94 2
94 4
94 8
94 13
94 26
94 29
94 33
94 36
94 42
94 44
94 46
94 49
94 62
94 66
94 67
94 70
94 75
94 86
94 94
94 103
94 107
94 108
95 0
95 5
95 7
95 10
95 11
95 13
95 15
95 22
95 50
95 57
95 66
95 68
95 72
95 76
95 82
95 85
95 88
95 94
95 97
95 98
95 104
95 105
95 106
96 0
96 10
96 11
96 15
96 23
96 31
96 32
96 35
96 38
96 39
96 42
96 47
96 53
96 61
96 70
96 75
96 81
96 91
96 95
96 101
97 0
97 22
97 23
97 25
97 27
97 38
97 40
97 50
97 52
97 53
97 55
97 57
97 58
97 60
97 62
97 63
97 64
97 65
97 72
97 85
97 90
97 97
97 98
97 106
97 107
98 1
98 3
98 5
98 8
98 16
98 28
98 49
98 51
98 52
98 61
98 62
98 70
98 78
98 81
98 83
98 87
98 93
98 94
98 95
98 100
98 104
99 6
99 9
99 16
99 35
99 41
99 42
99 45
99 58
99 71
99 77
99 82
99 85
99 86
99 104
100 10
100 13
100 15
100 18
100 19
100 24
100 27
100 31
100 33
100 34
100 44
100 45
100 46
100 49
100 51
100 55
100 59
100 66
100 68
100 76
100 80
100 86
100 96
100 99
100 103
101 0
101 2
101 4
101 19
101 25
101 28
101 29
101 32
101 34
101 37
101 38
101 42
101 49
101 50
101 51
101 55
101 67
101 68
101 69
101 73
101 88
101 92
101 94
101 105
102 5
102 13
102 24
102 33
102 43
102 53
102 54
102 72
102 75
102 76
102 78
102 85
102 102
102 106
102 107
102 108
102 109
103 5
103 8
103 11
103 13
103 15
103 21
103 32
103 35
103 57
103 63
103 64
103 72
103 76
103 79
103 81
103 86
103 94
103 96
103 97
103 100
103 102
103 108
104 2
104 9
104 10
104 11
104 17
104 20
104 29
104 33
104 36
104 53
104 62
104 74
104 76
104 79
104 80
104 82
104 87
104 89
104 91
104 93
104 96
104 98
105 6
105 11
105 12
105 18
105 21
105 30
105 34
105 40
105 45
105 48
105 50
105 52
105 57
105 62
105 66
105 70
105 73
105 74
105 76
105 78
105 81
105 90
105 91
105 95
105 96
105 100
105 104
105 109
106 2
106 5
106 6
106 8
106 14
106 15
106 18
106 25
106 36
106 37
106 40
106 50
106 64
106 68
106 71
106 72
106 81
106 83
106 86
106 87
106 95
106 96
106 99
106 103
106 107
107 3
107 14
107 17
107 24
107 27
107 37
107 43
107 45
107 49
107 54
107 55
107 58
107 59
107 95
107 98
108 2
108 4
108 7
108 11
108 14
108 17
108 18
108 20
108 23
108 31
108 34
108 37
108 38
108 43
108 50
108 56
108 67
108 68
108 70
108 76
108 81
108 85
108 86
108 92
108 96
108 101
108 103
109 4
109 19
109 24
109 25
109 26
109 30
109 32
109 34
109 38
109 46
109 65
109 73
109 74
109 79
109 97
109 99
109 100
109 101
109 107
109 108
