230
10534
0 6
0 7
0 15
0 20
0 21
0 29
0 30
0 39
0 45
0 48
0 51
0 53
0 58
0 60
0 63
0 64
0 68
0 70
0 76
0 77
0 80
0 91
0 102
0 104
0 108
0 109
0 120
0 122
0 133
0 141
0 147
0 150
0 167
0 168
0 169
0 171
0 174
0 179
0 184
0 186
0 187
0 189
0 193
0 196
0 198
0 212
0 214
0 219
0 223
1 3
1 5
1 6
1 12
1 23
1 24
1 26
1 27
1 40
1 47
1 51
1 64
1 66
1 68
1 75
1 80
1 84
1 86
1 88
1 95
1 98
1 107
1 112
1 118
1 126
1 127
1 134
1 135
1 137
1 138
1 146
1 156
1 163
1 175
1 180
1 186
1 187
1 188
1 189
1 197
1 200
1 201
1 202
1 207
1 209
1 216
1 222
2 0
2 6
2 14
2 15
2 18
2 19
2 24
2 28
2 37
2 39
2 46
2 48
2 61
2 76
2 78
2 80
2 81
2 82
2 86
2 92
2 97
2 102
2 107
2 108
2 109
2 111
2 112
2 119
2 123
2 125
2 135
2 137
2 139
2 155
2 168
2 177
2 184
2 187
2 188
2 190
2 193
2 198
2 206
2 208
2 214
2 218
2 222
3 17
3 19
3 20
3 25
3 27
3 28
3 31
3 36
3 42
3 48
3 52
3 53
3 63
3 64
3 66
3 69
3 71
3 74
3 78
3 87
3 89
3 90
3 91
3 93
3 100
3 102
3 104
3 116
3 121
3 127
3 134
3 139
3 141
3 143
3 147
3 148
3 151
3 152
3 155
3 159
3 173
3 180
3 182
3 198
3 207
3 213
3 214
3 221
3 229
4 16
4 17
4 29
4 30
4 34
4 37
4 40
4 43
4 44
4 46
4 51
4 61
4 65
4 82
4 89
4 94
4 108
4 112
4 116
4 117
4 118
4 119
4 124
4 130
4 149
4 155
4 156
4 161
4 162
4 167
4 173
4 190
4 195
4 196
4 209
4 210
4 214
4 220
4 224
4 226
5 2
5 5
5 10
5 14
5 16
5 18
5 19
5 21
5 26
5 27
5 31
5 35
5 38
5 50
5 51
5 74
5 81
5 87
5 91
5 96
5 101
5 108
5 114
5 127
5 132
5 134
5 150
5 162
5 164
5 165
5 166
5 168
5 169
5 171
5 183
5 195
5 197
5 200
5 202
5 210
5 217
5 225
6 0
6 1
6 9
6 11
6 14
6 26
6 29
6 30
6 33
6 38
6 44
6 48
6 57
6 68
6 70
6 82
6 95
6 97
6 100
6 102
6 106
6 108
6 109
6 115
6 116
6 123
6 125
6 130
6 133
6 140
6 143
6 144
6 149
6 151
6 152
6 156
6 157
6 164
6 171
6 172
6 177
6 183
6 187
6 189
6 190
6 195
6 211
6 223
6 225
6 227
6 228
6 229
7 0
7 2
7 3
7 4
7 11
7 12
7 14
7 36
7 38
7 44
7 47
7 61
7 66
7 70
7 72
7 74
7 77
7 83
7 88
7 90
7 91
7 94
7 99
7 104
7 106
7 114
7 118
7 122
7 124
7 125
7 130
7 132
7 138
7 139
7 141
7 166
7 169
7 173
7 187
7 194
7 200
7 204
7 207
7 209
7 219
7 225
7 226
7 227
7 228
8 0
8 4
8 5
8 11
8 14
8 16
8 20
8 25
8 29
8 38
8 43
8 49
8 50
8 52
8 56
8 65
8 68
8 70
8 71
8 72
8 91
8 112
8 132
8 136
8 137
8 141
8 151
8 152
8 153
8 158
8 162
8 178
8 180
8 182
8 186
8 189
8 196
8 206
8 212
8 213
8 216
8 220
8 221
8 225
8 227
9 1
9 5
9 6
9 14
9 15
9 20
9 21
9 26
9 29
9 31
9 32
9 34
9 38
9 43
9 48
9 49
9 50
9 51
9 57
9 61
9 62
9 65
9 67
9 74
9 82
9 89
9 90
9 95
9 97
9 104
9 107
9 109
9 113
9 117
9 123
9 131
9 138
9 142
9 150
9 152
9 153
9 160
9 163
9 167
9 168
9 177
9 178
9 181
9 182
9 184
9 188
9 199
9 204
9 207
9 209
9 210
9 213
9 217
9 221
9 227
10 11
10 29
10 43
10 44
10 52
10 57
10 60
10 61
10 66
10 71
10 76
10 80
10 84
10 89
10 90
10 91
10 94
10 97
10 99
10 102
10 104
10 111
10 117
10 118
10 121
10 122
10 130
10 132
10 143
10 150
10 152
10 157
10 162
10 163
10 165
10 174
10 179
10 182
10 189
10 192
10 202
10 211
10 219
10 223
10 224
11 9
11 10
11 14
11 17
11 19
11 20
11 21
11 23
11 29
11 33
11 34
11 36
11 41
11 56
11 68
11 69
11 73
11 78
11 85
11 88
11 98
11 107
11 144
11 146
11 148
11 149
11 152
11 158
11 165
11 166
11 168
11 170
11 171
11 172
11 178
11 182
11 184
11 187
11 210
11 213
11 220
11 223
11 227
12 3
12 6
12 10
12 17
12 18
12 21
12 24
12 28
12 31
12 39
12 40
12 47
12 49
12 62
12 63
12 67
12 68
12 69
12 81
12 84
12 90
12 96
12 103
12 104
12 111
12 113
12 126
12 141
12 144
12 148
12 151
12 154
12 158
12 160
12 161
12 163
12 164
12 170
12 182
12 183
12 189
12 191
12 195
12 197
12 205
12 214
12 216
12 218
12 219
13 2
13 3
13 16
13 20
13 23
13 27
13 28
13 29
13 35
13 37
13 43
13 45
13 49
13 55
13 57
13 62
13 71
13 75
13 88
13 111
13 116
13 119
13 120
13 124
13 128
13 130
13 135
13 138
13 140
13 147
13 150
13 155
13 156
13 161
13 162
13 168
13 169
13 174
13 178
13 181
13 189
13 195
13 210
13 220
13 224
13 225
14 11
14 14
14 21
14 22
14 32
14 34
14 36
14 44
14 53
14 55
14 61
14 73
14 74
14 78
14 79
14 81
14 83
14 84
14 88
14 95
14 97
14 99
14 105
14 114
14 120
14 121
14 134
14 135
14 136
14 142
14 144
14 145
14 149
14 152
14 162
14 171
14 175
14 188
14 196
14 202
14 206
14 207
14 213
14 222
14 227
14 228
15 2
15 3
15 8
15 12
15 18
15 20
15 24
15 26
15 28
15 31
15 36
15 41
15 50
15 51
15 53
15 55
15 56
15 61
15 64
15 66
15 67
15 72
15 73
15 76
15 79
15 84
15 85
15 94
15 111
15 112
15 114
15 116
15 123
15 125
15 127
15 140
15 143
15 145
15 151
15 155
15 158
15 161
15 164
15 165
15 184
15 189
15 196
15 199
15 214
15 215
15 217
15 227
16 4
16 6
16 12
16 15
16 19
16 28
16 29
16 32
16 38
16 41
16 51
16 56
16 59
16 60
16 61
16 63
16 64
16 86
16 94
16 98
16 106
16 118
16 121
16 124
16 131
16 132
16 133
16 139
16 145
16 147
16 150
16 152
16 175
16 181
16 185
16 190
16 195
16 198
16 212
16 215
16 216
16 219
16 220
16 221
16 223
16 224
16 229
17 0
17 4
17 8
17 15
17 18
17 23
17 29
17 30
17 32
17 39
17 43
17 66
17 73
17 74
17 75
17 82
17 88
17 92
17 99
17 105
17 107
17 126
17 127
17 130
17 131
17 139
17 149
17 151
17 152
17 162
17 164
17 165
17 166
17 179
17 191
17 202
17 204
17 227
18 0
18 3
18 10
18 19
18 25
18 32
18 33
18 42
18 44
18 52
18 53
18 62
18 66
18 70
18 74
18 75
18 78
18 84
18 87
18 91
18 96
18 101
18 103
18 108
18 109
18 122
18 123
18 124
18 127
18 129
18 130
18 142
18 146
18 147
18 162
18 168
18 170
18 173
18 178
18 181
18 184
18 186
18 187
18 195
18 196
18 205
18 209
18 214
18 220
18 225
19 5
19 23
19 29
19 43
19 46
19 52
19 62
19 66
19 69
19 71
19 73
19 78
19 81
19 83
19 93
19 94
19 96
19 100
19 110
19 111
19 114
19 125
19 143
19 145
19 146
19 148
19 153
19 156
19 166
19 168
19 169
19 181
19 187
19 194
19 195
19 198
19 201
19 203
19 207
19 223
20 1
20 2
20 7
20 9
20 10
20 18
20 19
20 28
20 30
20 36
20 39
20 56
20 63
20 65
20 67
20 69
20 73
20 76
20 77
20 80
20 86
20 92
20 97
20 100
20 104
20 107
20 111
20 118
20 123
20 125
20 133
20 157
20 158
20 185
20 187
20 188
20 190
20 191
20 201
20 203
20 206
20 211
20 213
20 219
21 1
21 12
21 19
21 21
21 25
21 27
21 32
21 33
21 34
21 39
21 53
21 67
21 74
21 75
21 77
21 115
21 118
21 124
21 131
21 132
21 142
21 151
21 158
21 162
21 165
21 179
21 180
21 183
21 186
21 192
21 195
21 200
21 201
21 209
21 210
21 217
21 219
21 220
22 12
22 17
22 24
22 34
22 43
22 53
22 57
22 65
22 66
22 76
22 78
22 82
22 83
22 90
22 99
22 101
22 103
22 106
22 109
22 110
22 113
22 114
22 122
22 124
22 128
22 136
22 139
22 146
22 147
22 156
22 157
22 158
22 159
22 174
22 175
22 176
22 186
22 193
22 210
22 215
22 218
22 219
23 1
23 6
23 15
23 21
23 22
23 24
23 27
23 35
23 36
23 42
23 45
23 54
23 55
23 64
23 77
23 80
23 82
23 83
23 85
23 91
23 92
23 96
23 112
23 117
23 124
23 128
23 131
23 133
23 135
23 136
23 137
23 148
23 150
23 155
23 158
23 160
23 164
23 168
23 177
23 187
23 189
23 191
23 196
23 198
23 199
23 205
23 211
23 225
23 227
24 3
24 5
24 23
24 24
24 25
24 28
24 35
24 41
24 47
24 52
24 53
24 60
24 61
24 69
24 73
24 78
24 79
24 86
24 87
24 88
24 94
24 95
24 106
24 107
24 110
24 113
24 117
24 118
24 119
24 121
24 125
24 132
24 135
24 138
24 142
24 143
24 159
24 161
24 168
24 182
24 186
24 189
24 192
24 195
24 197
24 205
24 208
24 211
24 218
24 229
25 0
25 2
25 8
25 10
25 22
25 23
25 32
25 34
25 40
25 44
25 45
25 51
25 53
25 57
25 61
25 62
25 78
25 91
25 96
25 101
25 104
25 105
25 107
25 112
25 116
25 120
25 123
25 125
25 127
25 128
25 132
25 133
25 136
25 138
25 145
25 148
25 150
25 152
25 155
25 156
25 159
25 163
25 165
25 172
25 178
25 183
25 190
25 207
25 209
25 210
25 214
25 215
25 216
25 225
25 229
26 8
26 10
26 14
26 15
26 32
26 44
26 46
26 53
26 55
26 57
26 63
26 64
26 66
26 71
26 74
26 79
26 81
26 107
26 109
26 110
26 117
26 123
26 125
26 126
26 129
26 134
26 140
26 142
26 156
26 157
26 160
26 165
26 171
26 174
26 180
26 192
26 193
26 196
26 199
26 203
26 207
26 213
27 3
27 12
27 18
27 20
27 24
27 38
27 39
27 46
27 52
27 53
27 63
27 64
27 72
27 77
27 78
27 80
27 81
27 92
27 94
27 95
27 100
27 106
27 110
27 111
27 113
27 117
27 118
27 120
27 121
27 132
27 139
27 142
27 152
27 157
27 162
27 169
27 171
27 181
27 195
27 197
27 202
27 210
27 214
27 220
27 225
28 2
28 3
28 8
28 9
28 12
28 13
28 14
28 17
28 26
28 27
28 29
28 30
28 41
28 42
28 43
28 51
28 53
28 56
28 76
28 77
28 83
28 86
28 92
28 93
28 108
28 113
28 121
28 122
28 125
28 126
28 128
28 132
28 139
28 143
28 148
28 154
28 165
28 187
28 190
28 191
28 192
28 198
28 201
28 204
28 205
28 215
28 217
28 228
28 229
29 3
29 5
29 7
29 18
29 26
29 29
29 31
29 33
29 40
29 43
29 44
29 48
29 55
29 66
29 73
29 80
29 84
29 86
29 92
29 97
29 99
29 103
29 108
29 114
29 116
29 121
29 122
29 124
29 133
29 144
29 148
29 153
29 158
29 161
29 168
29 169
29 176
29 186
29 189
29 193
29 196
29 201
29 205
29 206
29 208
29 213
29 220
29 223
29 227
30 0
30 9
30 12
30 24
30 27
30 30
30 34
30 38
30 39
30 40
30 60
30 72
30 79
30 85
30 87
30 88
30 94
30 108
30 109
30 137
30 139
30 170
30 173
30 178
30 187
30 188
30 193
30 194
30 198
30 204
30 208
30 209
30 212
30 225
30 227
31 3
31 25
31 27
31 29
31 30
31 35
31 36
31 39
31 50
31 54
31 59
31 64
31 65
31 69
31 75
31 76
31 81
31 84
31 85
31 88
31 91
31 94
31 98
31 99
31 101
31 106
31 111
31 113
31 114
31 124
31 134
31 136
31 153
31 159
31 177
31 182
31 185
31 194
31 195
31 199
31 200
31 202
31 213
31 217
31 219
31 220
31 222
31 225
31 227
31 228
32 1
32 13
32 36
32 41
32 48
32 49
32 51
32 61
32 63
32 78
32 81
32 88
32 92
32 93
32 96
32 101
32 103
32 110
32 111
32 112
32 113
32 118
32 119
32 121
32 123
32 124
32 126
32 140
32 141
32 143
32 144
32 146
32 154
32 161
32 163
32 164
32 169
32 178
32 181
32 206
32 220
32 222
32 224
32 225
33 1
33 12
33 16
33 19
33 20
33 27
33 31
33 33
33 36
33 38
33 49
33 51
33 55
33 58
33 60
33 70
33 71
33 75
33 79
33 82
33 85
33 86
33 97
33 98
33 101
33 103
33 104
33 105
33 107
33 112
33 123
33 127
33 132
33 148
33 150
33 152
33 153
33 158
33 166
33 167
33 169
33 170
33 178
33 181
33 182
33 184
33 185
33 186
33 202
33 211
33 227
34 7
34 12
34 17
34 31
34 32
34 34
34 36
34 38
34 44
34 49
34 63
34 65
34 67
34 77
34 78
34 86
34 88
34 89
34 98
34 99
34 115
34 117
34 119
34 127
34 132
34 134
34 136
34 140
34 151
34 153
34 157
34 168
34 170
34 184
34 185
34 188
34 194
34 207
34 210
34 226
35 4
35 19
35 21
35 30
35 31
35 33
35 34
35 44
35 45
35 52
35 57
35 58
35 76
35 78
35 88
35 89
35 92
35 96
35 97
35 105
35 106
35 107
35 109
35 111
35 119
35 120
35 128
35 129
35 139
35 155
35 157
35 161
35 172
35 175
35 176
35 178
35 180
35 181
35 195
35 204
35 214
35 217
35 228
35 229
36 5
36 6
36 12
36 16
36 18
36 24
36 29
36 36
36 42
36 51
36 52
36 53
36 56
36 71
36 72
36 79
36 80
36 81
36 82
36 84
36 87
36 90
36 92
36 95
36 98
36 100
36 102
36 112
36 118
36 119
36 126
36 132
36 135
36 142
36 145
36 150
36 171
36 173
36 178
36 186
36 189
36 191
36 192
36 193
36 194
36 195
36 198
36 201
36 204
36 213
36 221
36 229
37 0
37 6
37 8
37 10
37 14
37 25
37 28
37 29
37 32
37 43
37 48
37 52
37 58
37 76
37 78
37 86
37 99
37 105
37 106
37 118
37 123
37 126
37 130
37 133
37 139
37 140
37 153
37 156
37 159
37 161
37 171
37 174
37 175
37 177
37 187
37 188
37 189
37 190
37 208
37 211
37 213
37 220
37 224
37 225
37 228
37 229
38 3
38 5
38 10
38 14
38 15
38 17
38 18
38 20
38 33
38 35
38 44
38 48
38 52
38 58
38 59
38 60
38 61
38 71
38 79
38 83
38 85
38 86
38 88
38 93
38 102
38 105
38 106
38 107
38 109
38 111
38 113
38 115
38 117
38 133
38 139
38 140
38 141
38 142
38 143
38 149
38 150
38 153
38 160
38 162
38 178
38 182
38 183
38 187
38 191
38 192
38 194
38 203
38 206
38 209
38 211
38 216
38 226
38 229
39 2
39 3
39 5
39 7
39 13
39 19
39 25
39 27
39 33
39 48
39 59
39 62
39 65
39 70
39 71
39 82
39 91
39 93
39 95
39 97
39 98
39 102
39 107
39 109
39 112
39 113
39 121
39 128
39 129
39 131
39 139
39 141
39 151
39 157
39 173
39 175
39 180
39 188
39 195
39 196
39 201
39 206
39 207
39 209
39 215
39 221
39 224
40 1
40 9
40 12
40 13
40 17
40 20
40 22
40 30
40 31
40 34
40 35
40 42
40 47
40 49
40 63
40 64
40 75
40 77
40 79
40 86
40 91
40 94
40 96
40 113
40 115
40 118
40 122
40 128
40 132
40 136
40 140
40 145
40 148
40 149
40 154
40 157
40 158
40 164
40 171
40 177
40 178
40 189
40 202
40 213
40 215
40 219
40 227
41 13
41 26
41 29
41 33
41 40
41 41
41 46
41 51
41 62
41 65
41 67
41 70
41 75
41 77
41 83
41 97
41 99
41 102
41 110
41 126
41 127
41 135
41 136
41 144
41 147
41 148
41 150
41 151
41 164
41 165
41 176
41 181
41 187
41 190
41 192
41 193
41 200
41 210
41 215
41 229
42 3
42 4
42 9
42 15
42 16
42 29
42 32
42 40
42 41
42 46
42 49
42 51
42 57
42 60
42 68
42 75
42 80
42 84
42 87
42 97
42 98
42 103
42 114
42 117
42 124
42 129
42 130
42 133
42 137
42 144
42 146
42 149
42 151
42 152
42 153
42 156
42 157
42 163
42 169
42 170
42 174
42 176
42 185
42 200
42 201
42 206
42 208
42 219
42 220
42 222
42 225
43 0
43 13
43 16
43 17
43 18
43 26
43 40
43 44
43 49
43 51
43 63
43 64
43 71
43 72
43 73
43 82
43 84
43 88
43 92
43 94
43 96
43 98
43 106
43 107
43 111
43 112
43 115
43 117
43 124
43 135
43 136
43 138
43 150
43 159
43 168
43 172
43 183
43 185
43 193
43 195
43 198
43 199
43 200
43 202
43 204
43 211
43 214
43 223
43 229
44 10
44 13
44 14
44 17
44 18
44 23
44 29
44 32
44 35
44 54
44 72
44 82
44 96
44 107
44 108
44 112
44 113
44 120
44 121
44 130
44 144
44 146
44 148
44 149
44 163
44 168
44 175
44 183
44 191
44 193
44 194
44 195
44 197
44 198
44 204
44 205
44 213
44 219
44 220
44 224
45 2
45 8
45 12
45 13
45 19
45 26
45 28
45 30
45 33
45 34
45 35
45 36
45 39
45 44
45 50
45 56
45 57
45 61
45 63
45 71
45 74
45 85
45 88
45 91
45 102
45 106
45 108
45 117
45 118
45 120
45 123
45 143
45 144
45 146
45 151
45 152
45 158
45 159
45 162
45 166
45 167
45 170
45 173
45 177
45 182
45 184
45 192
45 201
45 210
45 215
45 223
45 228
45 229
46 4
46 5
46 12
46 15
46 20
46 23
46 26
46 37
46 48
46 51
46 61
46 66
46 67
46 68
46 77
46 80
46 89
46 100
46 105
46 106
46 109
46 115
46 126
46 130
46 135
46 138
46 144
46 154
46 168
46 175
46 178
46 184
46 188
46 191
46 192
46 194
46 196
46 205
46 213
46 214
46 223
46 224
46 228
47 11
47 12
47 14
47 20
47 22
47 28
47 31
47 32
47 39
47 41
47 46
47 49
47 58
47 60
47 62
47 65
47 66
47 83
47 84
47 88
47 96
47 109
47 115
47 121
47 126
47 133
47 142
47 150
47 154
47 155
47 160
47 164
47 168
47 174
47 175
47 179
47 194
47 195
47 197
47 201
47 202
47 205
47 213
47 215
47 223
48 0
48 4
48 6
48 7
48 8
48 14
48 16
48 17
48 21
48 27
48 32
48 38
48 39
48 52
48 60
48 63
48 72
48 80
48 81
48 82
48 85
48 86
48 96
48 98
48 102
48 105
48 106
48 107
48 109
48 117
48 118
48 122
48 130
48 138
48 147
48 148
48 151
48 154
48 157
48 162
48 163
48 166
48 168
48 176
48 186
48 187
48 189
48 191
48 193
48 202
48 206
48 207
48 208
48 210
48 214
48 221
49 7
49 12
49 21
49 23
49 26
49 45
49 50
49 52
49 55
49 56
49 58
49 62
49 64
49 65
49 67
49 68
49 71
49 73
49 79
49 89
49 94
49 103
49 104
49 117
49 125
49 134
49 142
49 143
49 149
49 154
49 166
49 171
49 172
49 180
49 182
49 183
49 187
49 198
49 200
49 202
49 203
49 208
49 211
49 214
49 215
49 217
49 220
49 227
49 228
50 1
50 4
50 9
50 10
50 13
50 15
50 20
50 25
50 27
50 36
50 39
50 41
50 42
50 46
50 59
50 60
50 63
50 70
50 81
50 84
50 86
50 93
50 94
50 97
50 102
50 108
50 110
50 115
50 120
50 121
50 124
50 131
50 137
50 139
50 143
50 147
50 151
50 161
50 180
50 181
50 187
50 189
50 192
50 197
50 200
50 206
50 209
50 218
50 219
50 229
51 11
51 15
51 18
51 20
51 23
51 32
51 34
51 39
51 45
51 50
51 55
51 59
51 69
51 76
51 80
51 90
51 96
51 104
51 105
51 115
51 118
51 119
51 126
51 140
51 145
51 153
51 156
51 159
51 164
51 165
51 168
51 169
51 177
51 180
51 182
51 193
51 196
51 198
51 216
51 217
51 218
52 4
52 6
52 17
52 20
52 22
52 30
52 35
52 36
52 41
52 43
52 54
52 55
52 56
52 59
52 62
52 67
52 69
52 74
52 87
52 100
52 106
52 110
52 114
52 115
52 117
52 124
52 126
52 130
52 139
52 143
52 144
52 151
52 152
52 171
52 177
52 181
52 182
52 198
52 204
52 206
52 207
52 210
52 215
52 216
52 228
53 8
53 9
53 11
53 13
53 15
53 17
53 30
53 31
53 44
53 48
53 52
53 59
53 62
53 63
53 66
53 70
53 72
53 78
53 83
53 90
53 105
53 108
53 126
53 139
53 141
53 149
53 150
53 151
53 158
53 159
53 161
53 168
53 169
53 170
53 174
53 176
53 178
53 179
53 190
53 192
53 205
53 206
53 219
53 220
53 222
53 227
53 229
54 7
54 14
54 18
54 20
54 24
54 30
54 35
54 56
54 72
54 78
54 83
54 97
54 98
54 100
54 107
54 112
54 115
54 120
54 125
54 130
54 131
54 138
54 140
54 143
54 149
54 155
54 164
54 166
54 170
54 171
54 172
54 173
54 178
54 182
54 185
54 187
54 194
54 196
54 200
54 212
54 214
54 218
54 220
54 227
54 228
55 13
55 14
55 24
55 27
55 33
55 40
55 45
55 48
55 52
55 58
55 60
55 74
55 78
55 82
55 91
55 93
55 95
55 99
55 100
55 106
55 108
55 109
55 110
55 119
55 124
55 129
55 133
55 135
55 141
55 143
55 144
55 145
55 157
55 158
55 159
55 162
55 171
55 174
55 175
55 180
55 187
55 191
55 193
55 194
55 203
55 210
55 217
55 218
55 220
55 225
56 1
56 6
56 7
56 11
56 14
56 15
56 32
56 37
56 46
56 51
56 52
56 67
56 69
56 71
56 73
56 74
56 75
56 82
56 85
56 89
56 96
56 118
56 119
56 126
56 127
56 135
56 139
56 156
56 158
56 166
56 170
56 173
56 176
56 181
56 182
56 187
56 198
56 203
56 204
56 206
56 209
56 212
56 217
56 218
56 220
56 221
56 228
57 6
57 10
57 12
57 14
57 16
57 17
57 21
57 36
57 41
57 43
57 44
57 53
57 54
57 58
57 63
57 66
57 68
57 70
57 71
57 77
57 78
57 79
57 90
57 92
57 93
57 94
57 95
57 98
57 107
57 117
57 136
57 143
57 144
57 150
57 156
57 161
57 162
57 175
57 176
57 182
57 191
57 192
57 201
57 206
57 225
57 227
57 228
58 0
58 3
58 8
58 10
58 11
58 22
58 27
58 33
58 45
58 51
58 54
58 63
58 65
58 69
58 73
58 77
58 80
58 82
58 98
58 103
58 109
58 112
58 114
58 122
58 124
58 136
58 138
58 142
58 143
58 146
58 147
58 152
58 153
58 161
58 162
58 164
58 165
58 167
58 174
58 187
58 188
58 193
58 201
58 204
58 214
58 229
59 6
59 7
59 11
59 15
59 18
59 24
59 27
59 29
59 34
59 47
59 51
59 61
59 64
59 65
59 66
59 69
59 71
59 88
59 89
59 100
59 110
59 121
59 128
59 133
59 134
59 139
59 141
59 158
59 160
59 161
59 162
59 176
59 182
59 183
59 184
59 189
59 194
59 198
59 199
59 201
59 205
59 212
59 219
59 220
59 225
60 3
60 4
60 9
60 23
60 34
60 36
60 39
60 42
60 43
60 55
60 57
60 72
60 74
60 77
60 80
60 96
60 103
60 109
60 116
60 118
60 132
60 139
60 144
60 145
60 148
60 149
60 150
60 164
60 172
60 173
60 185
60 205
60 206
60 207
60 208
60 209
60 216
60 224
61 5
61 6
61 7
61 10
61 13
61 18
61 20
61 21
61 24
61 31
61 50
61 53
61 60
61 62
61 72
61 73
61 78
61 80
61 82
61 83
61 86
61 93
61 100
61 102
61 104
61 105
61 111
61 119
61 120
61 126
61 131
61 136
61 141
61 143
61 149
61 165
61 169
61 174
61 176
61 190
61 196
61 199
61 204
61 206
61 207
61 215
61 216
61 221
61 224
61 225
61 227
61 229
62 6
62 20
62 22
62 25
62 26
62 27
62 34
62 36
62 37
62 40
62 41
62 45
62 47
62 56
62 58
62 67
62 81
62 83
62 84
62 115
62 120
62 121
62 124
62 126
62 128
62 131
62 135
62 139
62 140
62 147
62 149
62 152
62 154
62 157
62 161
62 171
62 179
62 183
62 187
62 189
62 190
62 198
62 207
62 212
62 213
62 217
62 221
62 223
62 228
63 5
63 7
63 8
63 13
63 14
63 16
63 21
63 26
63 33
63 35
63 37
63 38
63 41
63 42
63 43
63 46
63 49
63 52
63 55
63 56
63 59
63 66
63 74
63 75
63 78
63 82
63 85
63 86
63 88
63 105
63 113
63 117
63 120
63 127
63 129
63 133
63 135
63 149
63 150
63 158
63 166
63 170
63 173
63 174
63 175
63 179
63 186
63 187
63 191
63 195
63 196
63 198
63 207
63 213
63 218
63 223
64 29
64 30
64 32
64 38
64 39
64 43
64 45
64 53
64 59
64 78
64 86
64 91
64 95
64 110
64 120
64 123
64 125
64 127
64 134
64 141
64 144
64 151
64 160
64 167
64 171
64 172
64 173
64 175
64 176
64 185
64 186
64 190
64 196
64 201
64 206
64 211
64 214
64 219
64 223
64 224
65 0
65 4
65 8
65 15
65 16
65 29
65 31
65 33
65 37
65 47
65 53
65 56
65 57
65 66
65 67
65 73
65 74
65 76
65 82
65 83
65 120
65 126
65 128
65 131
65 141
65 160
65 163
65 174
65 178
65 181
65 190
65 193
65 201
65 204
65 217
65 227
66 1
66 4
66 8
66 9
66 10
66 11
66 21
66 27
66 30
66 39
66 49
66 51
66 67
66 80
66 89
66 90
66 96
66 97
66 98
66 101
66 106
66 110
66 112
66 122
66 123
66 137
66 138
66 150
66 151
66 152
66 154
66 158
66 165
66 167
66 176
66 179
66 182
66 183
66 188
66 189
66 191
66 193
66 196
66 199
66 217
66 221
67 6
67 7
67 8
67 16
67 18
67 20
67 27
67 32
67 36
67 47
67 49
67 50
67 55
67 57
67 67
67 68
67 69
67 79
67 87
67 97
67 98
67 125
67 127
67 130
67 132
67 134
67 154
67 157
67 161
67 162
67 172
67 175
67 190
67 198
67 211
67 216
67 221
67 222
68 0
68 1
68 9
68 15
68 20
68 22
68 25
68 32
68 46
68 50
68 54
68 62
68 69
68 70
68 73
68 79
68 82
68 84
68 85
68 86
68 101
68 102
68 106
68 107
68 111
68 112
68 116
68 117
68 118
68 138
68 146
68 162
68 164
68 169
68 174
68 176
68 182
68 186
68 191
68 192
68 193
68 197
68 199
68 201
68 207
68 212
68 214
69 4
69 6
69 8
69 36
69 44
69 45
69 51
69 57
69 59
69 63
69 68
69 72
69 73
69 74
69 81
69 82
69 87
69 101
69 104
69 116
69 117
69 125
69 130
69 131
69 143
69 156
69 171
69 174
69 179
69 183
69 184
69 192
69 193
69 198
69 208
69 218
69 224
69 228
70 10
70 14
70 18
70 19
70 24
70 27
70 58
70 61
70 64
70 67
70 81
70 88
70 90
70 91
70 96
70 110
70 129
70 131
70 132
70 139
70 147
70 148
70 149
70 157
70 164
70 167
70 168
70 170
70 171
70 172
70 174
70 180
70 187
70 189
70 198
70 201
70 203
70 211
70 213
70 220
70 222
70 223
71 5
71 7
71 9
71 14
71 19
71 20
71 22
71 26
71 27
71 40
71 46
71 51
71 58
71 71
71 82
71 87
71 92
71 93
71 94
71 121
71 127
71 130
71 134
71 135
71 137
71 151
71 157
71 158
71 160
71 177
71 179
71 184
71 190
71 195
71 202
71 205
71 207
71 211
71 212
71 214
71 225
71 226
72 1
72 5
72 6
72 7
72 8
72 13
72 26
72 27
72 40
72 44
72 53
72 60
72 66
72 68
72 72
72 83
72 88
72 89
72 102
72 105
72 115
72 117
72 118
72 127
72 137
72 151
72 152
72 153
72 159
72 160
72 172
72 173
72 174
72 188
72 189
72 202
72 204
72 209
72 210
72 215
72 217
72 219
72 222
72 226
72 227
73 7
73 25
73 30
73 33
73 37
73 38
73 39
73 40
73 45
73 50
73 64
73 68
73 69
73 70
73 74
73 90
73 91
73 95
73 99
73 112
73 113
73 123
73 128
73 129
73 131
73 135
73 136
73 139
73 142
73 143
73 144
73 151
73 153
73 161
73 166
73 171
73 179
73 187
73 188
73 210
73 214
73 216
73 218
73 222
74 0
74 5
74 7
74 10
74 18
74 27
74 32
74 34
74 38
74 44
74 46
74 49
74 50
74 51
74 55
74 56
74 65
74 75
74 77
74 79
74 92
74 99
74 101
74 104
74 107
74 116
74 120
74 132
74 134
74 136
74 145
74 153
74 161
74 162
74 163
74 170
74 171
74 177
74 186
74 189
74 209
74 211
74 216
74 219
74 221
74 228
75 4
75 16
75 20
75 23
75 26
75 27
75 28
75 36
75 51
75 53
75 58
75 59
75 75
75 77
75 81
75 85
75 87
75 96
75 104
75 108
75 110
75 122
75 127
75 135
75 140
75 143
75 144
75 145
75 146
75 149
75 156
75 160
75 164
75 166
75 167
75 173
75 179
75 186
75 189
75 195
75 199
75 204
75 206
75 219
75 224
75 225
75 229
76 1
76 6
76 7
76 8
76 9
76 23
76 29
76 32
76 34
76 50
76 51
76 52
76 65
76 66
76 68
76 77
76 78
76 82
76 85
76 110
76 116
76 120
76 122
76 129
76 137
76 154
76 155
76 160
76 162
76 169
76 171
76 172
76 179
76 185
76 192
76 194
76 200
76 201
76 204
76 207
76 208
76 215
76 217
76 222
77 2
77 7
77 8
77 12
77 13
77 16
77 29
77 30
77 38
77 39
77 58
77 64
77 66
77 70
77 75
77 78
77 80
77 87
77 91
77 93
77 95
77 96
77 100
77 101
77 110
77 111
77 118
77 121
77 125
77 128
77 130
77 134
77 135
77 136
77 137
77 138
77 143
77 144
77 146
77 148
77 151
77 166
77 168
77 169
77 185
77 188
77 197
77 199
77 201
77 203
77 209
77 212
77 213
77 214
77 216
77 221
77 224
77 226
78 3
78 4
78 9
78 15
78 17
78 21
78 22
78 26
78 34
78 37
78 39
78 44
78 53
78 54
78 59
78 71
78 85
78 87
78 97
78 102
78 103
78 108
78 112
78 114
78 116
78 119
78 125
78 129
78 136
78 142
78 145
78 148
78 153
78 157
78 159
78 163
78 181
78 182
78 188
78 189
78 195
78 210
78 214
78 223
79 0
79 3
79 28
79 32
79 36
79 38
79 48
79 49
79 50
79 52
79 60
79 63
79 64
79 67
79 75
79 79
79 83
79 85
79 106
79 108
79 125
79 138
79 154
79 180
79 182
79 191
79 211
79 214
79 229
80 20
80 37
80 40
80 41
80 42
80 55
80 57
80 58
80 62
80 66
80 67
80 71
80 75
80 78
80 82
80 94
80 100
80 101
80 114
80 116
80 125
80 127
80 133
80 146
80 160
80 168
80 178
80 183
80 195
80 202
80 206
80 207
80 223
80 224
81 4
81 6
81 12
81 17
81 18
81 24
81 40
81 49
81 59
81 89
81 103
81 104
81 126
81 131
81 141
81 148
81 150
81 152
81 154
81 158
81 159
81 161
81 165
81 166
81 167
81 168
81 169
81 170
81 172
81 182
81 185
81 187
81 212
81 214
81 224
81 227
82 7
82 12
82 17
82 28
82 33
82 34
82 37
82 39
82 40
82 42
82 44
82 48
82 55
82 59
82 69
82 74
82 79
82 101
82 103
82 118
82 128
82 154
82 156
82 174
82 182
82 186
82 187
82 201
82 209
82 210
82 211
82 212
82 221
82 228
83 0
83 2
83 3
83 9
83 10
83 12
83 18
83 20
83 22
83 40
83 48
83 54
83 57
83 59
83 62
83 69
83 73
83 75
83 77
83 79
83 88
83 92
83 100
83 106
83 112
83 118
83 123
83 135
83 139
83 147
83 153
83 155
83 158
83 159
83 167
83 168
83 171
83 177
83 183
83 189
83 192
83 197
83 199
83 203
83 205
83 207
83 210
83 217
84 0
84 8
84 9
84 12
84 13
84 14
84 15
84 25
84 30
84 31
84 34
84 43
84 46
84 47
84 58
84 62
84 64
84 67
84 71
84 73
84 74
84 88
84 103
84 106
84 112
84 115
84 118
84 122
84 123
84 127
84 130
84 132
84 135
84 139
84 142
84 143
84 151
84 154
84 172
84 175
84 181
84 194
84 198
84 202
84 206
84 211
84 215
84 220
84 226
84 229
85 6
85 10
85 12
85 13
85 36
85 38
85 46
85 60
85 61
85 69
85 73
85 74
85 88
85 89
85 105
85 107
85 111
85 116
85 118
85 129
85 131
85 136
85 141
85 144
85 149
85 153
85 159
85 165
85 168
85 171
85 178
85 179
85 180
85 181
85 183
85 189
85 198
85 200
85 201
85 208
85 209
85 211
85 214
85 217
85 220
86 3
86 5
86 24
86 32
86 38
86 40
86 42
86 53
86 54
86 66
86 69
86 70
86 72
86 82
86 84
86 91
86 94
86 101
86 113
86 116
86 123
86 130
86 137
86 150
86 158
86 163
86 172
86 175
86 180
86 181
86 182
86 188
86 190
86 194
86 199
86 201
86 212
86 225
86 227
87 0
87 6
87 7
87 30
87 33
87 39
87 48
87 55
87 56
87 64
87 73
87 76
87 91
87 93
87 95
87 99
87 106
87 113
87 118
87 127
87 140
87 143
87 144
87 154
87 158
87 160
87 162
87 163
87 175
87 186
87 192
87 195
87 196
87 210
87 212
87 222
88 1
88 4
88 16
88 48
88 50
88 52
88 54
88 65
88 74
88 79
88 99
88 103
88 104
88 106
88 108
88 110
88 113
88 115
88 129
88 130
88 131
88 132
88 133
88 140
88 141
88 149
88 150
88 154
88 158
88 168
88 173
88 181
88 186
88 188
88 192
88 195
88 197
88 204
88 208
88 209
88 215
88 217
88 223
88 224
88 226
89 4
89 12
89 13
89 19
89 22
89 26
89 27
89 28
89 52
89 58
89 72
89 77
89 88
89 89
89 97
89 98
89 108
89 115
89 119
89 134
89 137
89 152
89 177
89 178
89 182
89 184
89 194
89 202
89 204
89 206
89 214
90 0
90 2
90 7
90 10
90 23
90 27
90 34
90 38
90 40
90 42
90 46
90 47
90 51
90 54
90 65
90 83
90 92
90 104
90 126
90 134
90 138
90 142
90 145
90 146
90 148
90 151
90 155
90 159
90 160
90 165
90 166
90 180
90 190
90 193
90 195
90 221
91 5
91 9
91 12
91 13
91 14
91 19
91 23
91 24
91 27
91 31
91 40
91 42
91 43
91 52
91 62
91 63
91 71
91 77
91 79
91 80
91 81
91 84
91 88
91 103
91 104
91 107
91 118
91 119
91 129
91 130
91 134
91 140
91 144
91 147
91 148
91 152
91 156
91 159
91 162
91 168
91 170
91 178
91 180
91 184
91 185
91 187
91 188
91 193
91 199
91 204
91 208
91 216
91 220
92 8
92 11
92 18
92 21
92 40
92 54
92 57
92 58
92 66
92 67
92 74
92 89
92 92
92 93
92 94
92 97
92 99
92 110
92 114
92 116
92 117
92 122
92 127
92 135
92 143
92 144
92 149
92 153
92 154
92 157
92 170
92 171
92 175
92 177
92 180
92 184
92 186
92 189
92 198
92 201
92 203
92 212
92 221
92 228
93 3
93 9
93 13
93 14
93 15
93 18
93 21
93 25
93 30
93 36
93 39
93 49
93 52
93 53
93 55
93 57
93 61
93 69
93 70
93 79
93 85
93 88
93 89
93 95
93 96
93 98
93 104
93 108
93 110
93 112
93 127
93 129
93 141
93 142
93 144
93 146
93 148
93 151
93 154
93 156
93 157
93 158
93 162
93 169
93 170
93 173
93 174
93 175
93 182
93 186
93 190
93 197
93 198
93 201
93 219
93 221
93 227
94 5
94 12
94 23
94 25
94 28
94 35
94 39
94 45
94 50
94 58
94 59
94 68
94 83
94 96
94 104
94 107
94 109
94 112
94 124
94 128
94 130
94 138
94 140
94 147
94 151
94 153
94 179
94 182
94 191
94 195
94 196
94 204
94 206
94 212
95 19
95 33
95 36
95 37
95 46
95 53
95 55
95 57
95 59
95 64
95 70
95 73
95 75
95 79
95 83
95 85
95 88
95 89
95 90
95 99
95 101
95 108
95 110
95 112
95 114
95 117
95 120
95 140
95 144
95 145
95 151
95 152
95 156
95 157
95 158
95 160
95 163
95 170
95 173
95 180
95 182
95 187
95 201
95 212
95 213
95 216
95 217
95 218
95 221
95 228
96 4
96 13
96 17
96 19
96 30
96 31
96 35
96 46
96 47
96 52
96 54
96 65
96 70
96 72
96 97
96 99
96 100
96 102
96 103
96 105
96 109
96 114
96 116
96 119
96 120
96 129
96 136
96 137
96 139
96 143
96 161
96 162
96 179
96 185
96 186
96 203
96 204
96 206
96 222
96 223
96 228
97 0
97 1
97 3
97 9
97 11
97 28
97 32
97 41
97 54
97 61
97 70
97 71
97 73
97 78
97 89
97 93
97 106
97 109
97 117
97 122
97 125
97 130
97 138
97 141
97 148
97 149
97 155
97 156
97 160
97 162
97 167
97 178
97 181
97 187
97 188
97 189
97 196
97 198
97 200
97 203
97 204
97 205
97 209
97 218
97 222
97 226
98 4
98 5
98 14
98 36
98 43
98 44
98 47
98 48
98 49
98 63
98 66
98 70
98 75
98 81
98 85
98 86
98 92
98 93
98 94
98 95
98 105
98 124
98 125
98 128
98 132
98 136
98 138
98 146
98 151
98 157
98 160
98 161
98 167
98 169
98 171
98 176
98 179
98 188
98 196
98 203
98 214
98 215
98 217
98 227
98 228
99 2
99 3
99 9
99 12
99 19
99 24
99 35
99 41
99 50
99 60
99 61
99 77
99 90
99 97
99 101
99 125
99 126
99 127
99 130
99 138
99 142
99 146
99 158
99 165
99 167
99 176
99 190
99 194
99 200
99 204
99 208
99 211
99 219
99 220
99 225
100 8
100 19
100 26
100 28
100 30
100 31
100 38
100 39
100 48
100 51
100 61
100 66
100 73
100 75
100 76
100 79
100 83
100 86
100 87
100 91
100 92
100 95
100 127
100 129
100 133
100 135
100 139
100 141
100 144
100 146
100 147
100 155
100 157
100 169
100 177
100 182
100 193
100 198
100 200
100 202
100 207
100 218
101 1
101 2
101 3
101 6
101 11
101 20
101 23
101 26
101 29
101 32
101 36
101 42
101 44
101 47
101 69
101 70
101 71
101 74
101 78
101 81
101 90
101 91
101 92
101 104
101 114
101 128
101 130
101 133
101 141
101 143
101 150
101 155
101 157
101 160
101 163
101 166
101 173
101 179
101 183
101 196
101 199
101 201
101 203
101 208
101 214
101 215
101 225
102 6
102 7
102 19
102 21
102 28
102 38
102 45
102 49
102 50
102 53
102 54
102 59
102 62
102 68
102 70
102 72
102 74
102 78
102 80
102 81
102 88
102 89
102 103
102 104
102 105
102 107
102 108
102 126
102 129
102 132
102 146
102 147
102 149
102 156
102 158
102 159
102 169
102 170
102 176
102 177
102 187
102 193
102 196
102 198
102 201
102 215
102 218
102 224
103 3
103 11
103 15
103 18
103 21
103 23
103 28
103 40
103 44
103 51
103 54
103 64
103 66
103 72
103 74
103 77
103 78
103 79
103 82
103 88
103 101
103 107
103 112
103 114
103 117
103 118
103 119
103 134
103 141
103 142
103 143
103 146
103 157
103 161
103 189
103 191
103 193
103 195
103 196
103 199
103 200
103 216
103 229
104 11
104 15
104 18
104 21
104 23
104 24
104 26
104 35
104 40
104 41
104 43
104 47
104 53
104 55
104 57
104 64
104 65
104 75
104 76
104 82
104 86
104 91
104 94
104 98
104 105
104 110
104 112
104 116
104 130
104 136
104 149
104 152
104 156
104 159
104 173
104 177
104 189
104 190
104 198
104 211
105 7
105 11
105 22
105 29
105 34
105 35
105 42
105 45
105 51
105 53
105 54
105 56
105 59
105 60
105 62
105 66
105 67
105 70
105 73
105 78
105 79
105 80
105 86
105 88
105 89
105 91
105 92
105 97
105 98
105 110
105 118
105 119
105 132
105 134
105 138
105 139
105 144
105 158
105 160
105 161
105 162
105 163
105 168
105 172
105 174
105 175
105 176
105 186
105 190
105 197
105 199
105 210
105 211
105 212
105 218
105 224
106 11
106 15
106 19
106 20
106 24
106 27
106 37
106 40
106 46
106 53
106 57
106 61
106 63
106 67
106 72
106 82
106 86
106 89
106 101
106 103
106 104
106 109
106 110
106 117
106 119
106 124
106 125
106 127
106 137
106 138
106 140
106 145
106 158
106 184
106 188
106 195
106 200
106 202
106 207
106 208
106 211
106 216
106 218
106 222
106 229
107 9
107 13
107 15
107 17
107 22
107 26
107 37
107 41
107 54
107 64
107 66
107 69
107 78
107 82
107 85
107 91
107 92
107 95
107 106
107 114
107 122
107 125
107 126
107 127
107 133
107 135
107 136
107 145
107 148
107 155
107 157
107 158
107 160
107 164
107 166
107 184
107 201
107 202
107 206
107 216
107 223
107 224
107 226
107 228
108 2
108 12
108 33
108 43
108 46
108 47
108 49
108 53
108 68
108 71
108 80
108 82
108 100
108 108
108 110
108 112
108 118
108 122
108 125
108 127
108 129
108 130
108 136
108 144
108 148
108 154
108 161
108 162
108 163
108 171
108 177
108 187
108 191
108 196
108 202
108 203
108 212
108 213
108 215
108 218
108 222
108 224
108 228
109 1
109 4
109 18
109 23
109 31
109 38
109 63
109 68
109 71
109 72
109 74
109 75
109 77
109 80
109 97
109 103
109 112
109 119
109 125
109 137
109 144
109 151
109 153
109 157
109 159
109 167
109 178
109 179
109 182
109 183
109 190
109 191
109 192
109 193
109 195
109 202
109 208
109 211
109 213
109 218
109 219
109 220
109 222
110 7
110 8
110 15
110 20
110 22
110 24
110 27
110 28
110 31
110 33
110 36
110 39
110 40
110 42
110 43
110 44
110 50
110 51
110 67
110 71
110 75
110 78
110 83
110 87
110 88
110 89
110 94
110 101
110 104
110 120
110 128
110 150
110 151
110 152
110 154
110 174
110 189
110 190
110 199
110 206
110 209
110 210
110 227
110 229
111 0
111 3
111 7
111 18
111 22
111 29
111 31
111 32
111 33
111 35
111 37
111 42
111 46
111 47
111 50
111 53
111 61
111 65
111 77
111 82
111 98
111 105
111 110
111 114
111 118
111 123
111 125
111 130
111 132
111 135
111 141
111 142
111 145
111 154
111 157
111 163
111 165
111 173
111 178
111 183
111 193
111 195
111 198
111 200
111 201
111 219
111 220
111 229
112 0
112 2
112 11
112 12
112 22
112 31
112 34
112 37
112 45
112 51
112 52
112 63
112 72
112 81
112 87
112 92
112 96
112 108
112 110
112 111
112 114
112 118
112 120
112 121
112 124
112 126
112 127
112 129
112 134
112 140
112 144
112 155
112 156
112 160
112 161
112 168
112 169
112 171
112 175
112 181
112 184
112 191
112 192
112 195
112 208
112 211
112 212
112 215
112 216
112 218
112 223
112 224
112 227
113 3
113 7
113 11
113 21
113 26
113 31
113 32
113 36
113 45
113 53
113 58
113 68
113 70
113 78
113 80
113 88
113 95
113 99
113 103
113 108
113 114
113 115
113 116
113 117
113 118
113 120
113 123
113 125
113 130
113 131
113 133
113 134
113 136
113 142
113 143
113 144
113 150
113 157
113 160
113 163
113 176
113 179
113 181
113 187
113 199
113 203
113 205
113 212
113 218
113 225
114 2
114 6
114 22
114 27
114 29
114 38
114 42
114 48
114 54
114 55
114 59
114 62
114 63
114 65
114 71
114 72
114 82
114 87
114 89
114 94
114 98
114 101
114 111
114 114
114 121
114 123
114 130
114 141
114 149
114 151
114 158
114 159
114 162
114 165
114 167
114 168
114 177
114 178
114 179
114 181
114 190
114 194
114 195
114 203
114 212
114 217
114 223
114 229
115 3
115 4
115 19
115 20
115 22
115 29
115 42
115 61
115 64
115 69
115 79
115 92
115 94
115 98
115 103
115 104
115 109
115 114
115 115
115 120
115 149
115 156
115 157
115 159
115 166
115 174
115 175
115 181
115 188
115 193
115 201
115 202
115 204
115 205
115 208
115 210
115 218
115 221
116 13
116 22
116 38
116 39
116 42
116 55
116 56
116 57
116 62
116 65
116 68
116 72
116 76
116 78
116 80
116 81
116 82
116 86
116 88
116 90
116 96
116 99
116 100
116 104
116 112
116 122
116 123
116 134
116 135
116 136
116 148
116 149
116 156
116 157
116 167
116 168
116 169
116 175
116 193
116 196
116 197
116 198
116 208
116 216
116 217
116 222
116 226
117 4
117 12
117 13
117 19
117 21
117 24
117 27
117 30
117 32
117 42
117 45
117 50
117 51
117 59
117 60
117 70
117 72
117 74
117 76
117 82
117 87
117 88
117 89
117 114
117 117
117 121
117 122
117 139
117 140
117 148
117 159
117 165
117 168
117 170
117 179
117 186
117 193
117 194
117 209
117 211
117 212
117 213
117 217
117 219
117 220
117 227
118 0
118 1
118 14
118 15
118 18
118 22
118 28
118 31
118 33
118 36
118 41
118 48
118 49
118 51
118 53
118 79
118 87
118 93
118 96
118 99
118 105
118 106
118 108
118 110
118 119
118 122
118 130
118 140
118 144
118 146
118 150
118 155
118 159
118 166
118 174
118 175
118 195
118 202
118 207
118 211
118 220
118 221
118 224
119 6
119 10
119 19
119 23
119 44
119 55
119 57
119 60
119 68
119 71
119 75
119 77
119 82
119 83
119 94
119 96
119 99
119 108
119 110
119 114
119 126
119 129
119 139
119 141
119 142
119 145
119 162
119 171
119 182
119 189
119 190
119 203
119 204
119 205
119 210
119 211
119 218
119 222
119 224
119 226
120 6
120 11
120 14
120 18
120 19
120 30
120 32
120 41
120 47
120 49
120 58
120 60
120 62
120 63
120 65
120 70
120 74
120 79
120 80
120 82
120 90
120 95
120 96
120 100
120 105
120 106
120 108
120 110
120 123
120 125
120 126
120 133
120 140
120 141
120 145
120 149
120 151
120 153
120 155
120 164
120 172
120 183
120 190
120 194
120 197
120 200
120 208
120 212
120 219
120 225
120 228
121 4
121 10
121 14
121 15
121 18
121 37
121 39
121 42
121 53
121 58
121 59
121 60
121 61
121 71
121 73
121 78
121 79
121 82
121 88
121 91
121 98
121 114
121 117
121 118
121 120
121 121
121 125
121 128
121 135
121 141
121 144
121 149
121 158
121 159
121 161
121 163
121 174
121 182
121 184
121 189
121 190
121 198
121 202
121 204
121 207
121 208
121 209
121 212
121 215
121 222
122 1
122 6
122 22
122 27
122 29
122 32
122 43
122 44
122 46
122 49
122 62
122 65
122 73
122 74
122 75
122 76
122 79
122 86
122 95
122 96
122 97
122 102
122 106
122 112
122 125
122 140
122 141
122 145
122 146
122 152
122 157
122 158
122 162
122 167
122 171
122 174
122 175
122 177
122 178
122 179
122 181
122 195
122 199
122 200
122 205
122 206
122 215
122 220
122 223
122 225
123 1
123 3
123 4
123 6
123 7
123 9
123 21
123 22
123 25
123 30
123 36
123 44
123 46
123 52
123 56
123 60
123 62
123 63
123 64
123 82
123 91
123 96
123 103
123 111
123 121
123 130
123 131
123 136
123 138
123 140
123 141
123 142
123 144
123 150
123 154
123 158
123 159
123 160
123 165
123 166
123 170
123 173
123 175
123 178
123 181
123 190
123 192
123 195
123 202
123 207
123 216
123 218
123 219
123 227
124 11
124 17
124 23
124 30
124 32
124 34
124 36
124 40
124 55
124 58
124 62
124 75
124 76
124 78
124 82
124 88
124 95
124 98
124 100
124 107
124 110
124 116
124 121
124 123
124 125
124 130
124 147
124 149
124 158
124 161
124 184
124 185
124 186
124 187
124 188
124 191
124 198
124 199
124 201
124 205
124 211
124 212
124 214
124 225
124 227
125 0
125 13
125 14
125 15
125 22
125 23
125 33
125 36
125 39
125 43
125 53
125 57
125 60
125 83
125 84
125 92
125 106
125 109
125 118
125 119
125 120
125 121
125 127
125 133
125 147
125 151
125 155
125 156
125 164
125 169
125 170
125 171
125 172
125 175
125 178
125 190
125 192
125 193
125 198
125 204
125 206
125 209
125 212
125 213
126 5
126 9
126 14
126 15
126 21
126 25
126 26
126 29
126 32
126 33
126 36
126 37
126 39
126 46
126 49
126 54
126 56
126 60
126 67
126 70
126 74
126 77
126 80
126 84
126 93
126 95
126 99
126 106
126 110
126 114
126 115
126 120
126 123
126 126
126 132
126 133
126 134
126 135
126 143
126 155
126 159
126 163
126 171
126 172
126 173
126 192
126 195
126 197
126 203
126 205
126 206
126 210
126 218
126 221
126 222
126 223
126 226
127 11
127 32
127 34
127 36
127 43
127 55
127 58
127 63
127 71
127 73
127 75
127 76
127 77
127 80
127 87
127 90
127 92
127 97
127 102
127 108
127 111
127 114
127 118
127 122
127 124
127 125
127 127
127 134
127 143
127 148
127 150
127 151
127 152
127 156
127 165
127 168
127 172
127 173
127 175
127 180
127 183
127 184
127 186
127 193
127 195
127 201
127 215
127 222
127 227
128 11
128 13
128 14
128 16
128 19
128 22
128 25
128 30
128 31
128 34
128 36
128 37
128 43
128 49
128 54
128 72
128 73
128 75
128 78
128 82
128 89
128 97
128 109
128 114
128 119
128 124
128 127
128 130
128 131
128 134
128 136
128 139
128 140
128 150
128 152
128 153
128 160
128 166
128 168
128 203
128 210
128 221
128 229
129 1
129 3
129 4
129 5
129 6
129 8
129 21
129 22
129 26
129 27
129 30
129 31
129 36
129 41
129 50
129 52
129 54
129 57
129 63
129 72
129 75
129 77
129 78
129 85
129 94
129 98
129 105
129 107
129 112
129 114
129 115
129 118
129 125
129 127
129 129
129 132
129 138
129 148
129 154
129 155
129 164
129 167
129 189
129 191
129 195
129 199
129 206
129 207
129 208
129 209
129 218
129 221
130 5
130 17
130 23
130 35
130 39
130 40
130 50
130 56
130 59
130 61
130 62
130 63
130 65
130 70
130 73
130 74
130 76
130 88
130 96
130 100
130 115
130 136
130 143
130 147
130 149
130 157
130 165
130 167
130 169
130 191
130 195
130 210
130 211
130 221
130 224
130 226
130 229
131 0
131 1
131 11
131 12
131 21
131 30
131 31
131 32
131 34
131 40
131 44
131 47
131 49
131 69
131 76
131 80
131 89
131 94
131 96
131 101
131 102
131 104
131 105
131 113
131 116
131 123
131 125
131 130
131 135
131 137
131 143
131 145
131 147
131 154
131 158
131 161
131 162
131 172
131 174
131 176
131 189
131 205
131 207
131 210
131 215
131 219
131 222
131 225
131 227
131 229
132 15
132 18
132 19
132 20
132 31
132 35
132 43
132 49
132 50
132 52
132 61
132 62
132 78
132 79
132 80
132 86
132 93
132 94
132 97
132 98
132 100
132 103
132 121
132 123
132 129
132 138
132 139
132 142
132 146
132 154
132 156
132 159
132 164
132 170
132 171
132 172
132 174
132 176
132 182
132 192
132 195
132 199
132 201
132 205
132 208
132 218
132 224
132 228
132 229
133 9
133 13
133 19
133 25
133 30
133 54
133 56
133 58
133 59
133 62
133 73
133 76
133 79
133 85
133 108
133 115
133 118
133 119
133 120
133 126
133 131
133 135
133 147
133 149
133 153
133 161
133 163
133 168
133 173
133 178
133 179
133 180
133 182
133 184
133 185
133 189
133 198
133 212
133 216
133 218
133 219
133 228
134 3
134 15
134 16
134 29
134 31
134 33
134 38
134 41
134 45
134 49
134 54
134 59
134 61
134 66
134 74
134 77
134 81
134 83
134 89
134 97
134 98
134 102
134 103
134 106
134 107
134 118
134 119
134 120
134 122
134 129
134 135
134 141
134 148
134 160
134 161
134 166
134 167
134 172
134 176
134 185
134 188
134 194
134 196
134 199
134 219
134 221
134 222
134 228
135 3
135 6
135 16
135 20
135 27
135 28
135 29
135 36
135 46
135 47
135 72
135 73
135 91
135 93
135 100
135 104
135 108
135 113
135 118
135 122
135 124
135 127
135 132
135 133
135 135
135 138
135 148
135 150
135 169
135 171
135 172
135 183
135 192
135 193
135 199
135 200
135 204
135 207
135 211
135 212
135 214
135 218
135 224
136 2
136 9
136 19
136 24
136 25
136 26
136 33
136 39
136 49
136 50
136 56
136 73
136 74
136 77
136 81
136 82
136 85
136 88
136 89
136 91
136 93
136 101
136 116
136 117
136 137
136 139
136 147
136 149
136 156
136 157
136 158
136 160
136 166
136 168
136 170
136 173
136 182
136 186
136 210
136 214
136 215
136 221
136 229
137 5
137 6
137 13
137 22
137 27
137 30
137 44
137 53
137 58
137 61
137 64
137 74
137 79
137 83
137 89
137 95
137 109
137 124
137 126
137 134
137 139
137 142
137 144
137 145
137 147
137 148
137 152
137 155
137 162
137 165
137 170
137 173
137 175
137 178
137 179
137 181
137 183
137 188
137 196
137 198
137 199
137 204
137 205
137 212
137 218
137 226
138 1
138 15
138 17
138 23
138 24
138 28
138 33
138 38
138 40
138 44
138 45
138 46
138 52
138 57
138 58
138 63
138 75
138 79
138 90
138 91
138 95
138 97
138 99
138 100
138 101
138 114
138 124
138 139
138 155
138 165
138 166
138 169
138 170
138 172
138 184
138 190
138 193
138 205
138 206
138 214
138 224
138 226
138 229
139 8
139 17
139 20
139 22
139 27
139 28
139 29
139 30
139 31
139 39
139 41
139 46
139 49
139 64
139 71
139 77
139 78
139 82
139 86
139 87
139 99
139 105
139 106
139 110
139 111
139 119
139 123
139 128
139 136
139 137
139 139
139 140
139 148
139 152
139 162
139 164
139 168
139 174
139 175
139 179
139 182
139 183
139 188
139 190
139 191
139 198
139 204
139 205
139 206
139 207
139 210
139 213
140 1
140 10
140 11
140 13
140 15
140 21
140 25
140 27
140 33
140 35
140 37
140 40
140 50
140 52
140 54
140 56
140 60
140 61
140 66
140 70
140 97
140 101
140 105
140 111
140 115
140 121
140 122
140 126
140 129
140 131
140 136
140 138
140 140
140 141
140 149
140 155
140 157
140 159
140 169
140 178
140 181
140 188
140 189
140 191
140 194
140 206
140 208
140 209
140 214
140 222
141 5
141 6
141 15
141 34
141 39
141 43
141 48
141 50
141 54
141 58
141 61
141 62
141 63
141 64
141 75
141 76
141 98
141 101
141 109
141 110
141 111
141 115
141 117
141 134
141 148
141 150
141 151
141 157
141 162
141 163
141 164
141 169
141 178
141 183
141 184
141 192
141 195
141 203
141 210
141 214
141 215
141 216
141 218
141 220
141 221
141 224
141 227
142 1
142 4
142 6
142 8
142 16
142 19
142 23
142 31
142 34
142 39
142 40
142 41
142 46
142 50
142 60
142 62
142 68
142 69
142 74
142 77
142 90
142 97
142 104
142 105
142 108
142 110
142 111
142 113
142 121
142 128
142 132
142 133
142 139
142 141
142 149
142 155
142 158
142 160
142 167
142 171
142 172
142 173
142 174
142 178
142 192
142 193
142 195
142 203
142 205
142 218
142 228
143 1
143 4
143 7
143 8
143 10
143 22
143 26
143 32
143 33
143 41
143 52
143 55
143 64
143 68
143 70
143 84
143 88
143 94
143 95
143 99
143 102
143 105
143 106
143 111
143 112
143 113
143 115
143 128
143 129
143 135
143 140
143 142
143 143
143 145
143 148
143 162
143 166
143 167
143 178
143 182
143 183
143 188
143 191
143 193
143 196
143 197
143 205
143 207
143 211
143 213
143 217
143 222
143 227
143 229
144 6
144 7
144 9
144 18
144 26
144 39
144 40
144 50
144 56
144 60
144 61
144 62
144 65
144 67
144 68
144 69
144 74
144 88
144 91
144 97
144 101
144 106
144 108
144 111
144 123
144 125
144 131
144 132
144 135
144 143
144 144
144 145
144 149
144 156
144 162
144 169
144 171
144 175
144 179
144 182
144 184
144 186
144 214
144 215
145 1
145 3
145 5
145 6
145 9
145 16
145 19
145 20
145 32
145 38
145 42
145 53
145 58
145 60
145 67
145 73
145 76
145 86
145 88
145 94
145 96
145 104
145 105
145 110
145 121
145 128
145 168
145 170
145 171
145 173
145 175
145 179
145 180
145 185
145 188
145 198
145 199
145 204
145 207
145 211
145 213
145 222
145 224
146 6
146 7
146 17
146 34
146 36
146 38
146 48
146 61
146 68
146 72
146 82
146 107
146 108
146 109
146 129
146 131
146 133
146 139
146 147
146 150
146 157
146 166
146 167
146 171
146 172
146 176
146 177
146 178
146 182
146 184
146 193
146 197
146 198
146 201
146 202
146 206
146 210
146 212
146 219
146 220
147 5
147 18
147 19
147 22
147 25
147 29
147 31
147 34
147 39
147 42
147 49
147 50
147 55
147 66
147 68
147 71
147 73
147 79
147 83
147 87
147 88
147 90
147 99
147 100
147 104
147 111
147 115
147 124
147 134
147 135
147 139
147 148
147 153
147 158
147 159
147 161
147 166
147 173
147 176
147 177
147 183
147 185
147 186
147 202
147 204
147 212
147 219
147 224
147 226
148 2
148 4
148 9
148 10
148 11
148 17
148 21
148 22
148 36
148 43
148 44
148 47
148 63
148 66
148 73
148 74
148 75
148 76
148 77
148 90
148 91
148 94
148 99
148 101
148 103
148 104
148 109
148 122
148 129
148 132
148 133
148 134
148 144
148 149
148 150
148 151
148 153
148 163
148 170
148 176
148 177
148 179
148 180
148 188
148 192
148 195
148 198
148 200
148 201
148 206
148 208
148 209
148 215
148 218
148 221
148 224
148 227
148 228
149 7
149 11
149 15
149 27
149 32
149 35
149 39
149 42
149 43
149 48
149 50
149 54
149 63
149 77
149 81
149 82
149 83
149 88
149 94
149 99
149 104
149 117
149 125
149 126
149 133
149 134
149 135
149 138
149 143
149 145
149 146
149 170
149 175
149 180
149 193
149 196
149 199
149 200
149 204
149 207
149 214
149 219
149 220
149 224
149 226
149 229
150 0
150 2
150 8
150 24
150 26
150 27
150 36
150 41
150 43
150 51
150 52
150 67
150 70
150 77
150 80
150 91
150 92
150 94
150 96
150 100
150 107
150 116
150 120
150 133
150 137
150 139
150 140
150 152
150 154
150 155
150 169
150 170
150 177
150 183
150 210
150 211
150 213
150 229
151 1
151 2
151 17
151 18
151 20
151 28
151 30
151 36
151 38
151 41
151 49
151 50
151 51
151 52
151 53
151 57
151 60
151 61
151 64
151 66
151 73
151 81
151 86
151 87
151 96
151 101
151 105
151 113
151 115
151 119
151 122
151 128
151 129
151 130
151 133
151 139
151 157
151 158
151 173
151 178
151 180
151 182
151 186
151 194
151 197
151 209
151 214
151 220
151 224
151 225
151 228
152 7
152 9
152 14
152 16
152 17
152 24
152 28
152 29
152 32
152 33
152 39
152 50
152 51
152 63
152 64
152 65
152 68
152 75
152 76
152 92
152 99
152 107
152 114
152 115
152 116
152 121
152 124
152 128
152 129
152 137
152 139
152 155
152 160
152 161
152 169
152 173
152 174
152 176
152 183
152 190
152 195
152 196
152 201
152 203
152 206
152 207
152 211
152 213
152 214
152 216
152 225
152 227
153 3
153 18
153 21
153 23
153 31
153 32
153 43
153 47
153 51
153 52
153 67
153 69
153 70
153 89
153 91
153 101
153 105
153 120
153 130
153 136
153 137
153 140
153 143
153 155
153 158
153 159
153 163
153 166
153 167
153 173
153 177
153 178
153 181
153 187
153 188
153 192
153 193
153 195
153 208
153 215
153 217
153 225
154 5
154 7
154 10
154 17
154 23
154 31
154 32
154 35
154 38
154 45
154 54
154 65
154 67
154 73
154 78
154 79
154 86
154 88
154 89
154 90
154 97
154 99
154 101
154 104
154 107
154 111
154 112
154 118
154 122
154 127
154 132
154 137
154 150
154 151
154 152
154 160
154 162
154 165
154 167
154 173
154 179
154 182
154 185
154 189
154 196
154 205
154 206
154 211
154 222
155 0
155 12
155 19
155 28
155 29
155 31
155 32
155 33
155 39
155 45
155 46
155 50
155 60
155 65
155 79
155 91
155 103
155 108
155 116
155 122
155 125
155 127
155 132
155 133
155 136
155 140
155 142
155 154
155 159
155 167
155 168
155 171
155 174
155 186
155 189
155 200
155 212
155 224
155 228
156 5
156 8
156 13
156 20
156 29
156 41
156 46
156 53
156 55
156 67
156 68
156 69
156 75
156 79
156 80
156 81
156 82
156 85
156 86
156 87
156 88
156 89
156 111
156 114
156 115
156 118
156 127
156 129
156 150
156 151
156 157
156 168
156 170
156 174
156 175
156 178
156 184
156 191
156 194
156 202
156 208
156 213
156 219
156 221
156 226
157 0
157 7
157 12
157 16
157 20
157 22
157 25
157 33
157 37
157 38
157 44
157 51
157 55
157 67
157 69
157 72
157 73
157 75
157 76
157 79
157 80
157 92
157 99
157 100
157 108
157 112
157 113
157 114
157 118
157 119
157 122
157 126
157 133
157 142
157 158
157 159
157 163
157 170
157 171
157 172
157 177
157 191
157 195
157 200
157 201
157 204
157 208
157 209
157 210
157 212
157 213
157 219
157 222
157 225
158 1
158 5
158 18
158 26
158 35
158 46
158 52
158 54
158 58
158 60
158 61
158 63
158 64
158 72
158 76
158 83
158 87
158 89
158 90
158 91
158 92
158 98
158 103
158 107
158 109
158 112
158 114
158 122
158 124
158 126
158 139
158 142
158 143
158 148
158 153
158 158
158 159
158 164
158 165
158 169
158 173
158 179
158 180
158 188
158 189
158 190
158 194
158 196
158 197
158 202
158 213
158 220
158 221
159 10
159 20
159 25
159 33
159 39
159 40
159 48
159 55
159 58
159 64
159 69
159 73
159 75
159 86
159 109
159 110
159 111
159 115
159 118
159 123
159 125
159 131
159 132
159 135
159 142
159 157
159 160
159 161
159 163
159 164
159 165
159 166
159 175
159 181
159 183
159 187
159 191
159 198
159 207
159 208
159 215
159 216
160 0
160 17
160 19
160 21
160 24
160 26
160 34
160 43
160 44
160 47
160 50
160 52
160 53
160 54
160 56
160 63
160 77
160 93
160 94
160 99
160 107
160 108
160 110
160 114
160 129
160 133
160 135
160 141
160 146
160 148
160 149
160 150
160 154
160 155
160 157
160 159
160 169
160 172
160 178
160 184
160 191
160 202
160 203
160 204
160 207
160 208
160 210
160 225
160 228
161 2
161 7
161 10
161 19
161 26
161 27
161 31
161 41
161 44
161 45
161 46
161 47
161 59
161 60
161 61
161 75
161 81
161 82
161 83
161 89
161 97
161 98
161 111
161 112
161 118
161 122
161 127
161 134
161 135
161 136
161 137
161 139
161 148
161 155
161 157
161 158
161 167
161 168
161 178
161 184
161 186
161 188
161 190
161 194
161 203
161 205
161 208
161 216
161 224
161 227
162 13
162 22
162 24
162 29
162 30
162 40
162 43
162 46
162 58
162 64
162 66
162 67
162 89
162 90
162 92
162 95
162 105
162 110
162 113
162 115
162 117
162 118
162 123
162 124
162 125
162 127
162 128
162 130
162 131
162 134
162 138
162 143
162 149
162 150
162 153
162 157
162 162
162 165
162 167
162 171
162 181
162 184
162 189
162 198
162 204
162 205
162 207
162 211
162 217
162 228
163 7
163 9
163 26
163 27
163 29
163 35
163 42
163 43
163 45
163 53
163 71
163 72
163 83
163 86
163 87
163 88
163 90
163 91
163 98
163 102
163 107
163 114
163 118
163 120
163 123
163 133
163 135
163 137
163 152
163 159
163 168
163 172
163 176
163 179
163 185
163 187
163 190
163 194
163 201
163 205
163 211
163 218
163 222
163 224
163 225
163 228
164 1
164 2
164 3
164 8
164 31
164 33
164 43
164 49
164 52
164 53
164 54
164 55
164 61
164 64
164 66
164 67
164 69
164 70
164 74
164 78
164 81
164 85
164 99
164 103
164 107
164 108
164 109
164 110
164 116
164 121
164 122
164 128
164 131
164 142
164 144
164 148
164 164
164 166
164 168
164 173
164 175
164 200
164 201
164 204
164 210
164 211
164 214
164 223
164 225
164 228
165 2
165 3
165 8
165 9
165 15
165 19
165 26
165 33
165 36
165 39
165 48
165 50
165 51
165 52
165 53
165 65
165 68
165 73
165 81
165 82
165 84
165 91
165 94
165 101
165 102
165 103
165 104
165 112
165 119
165 120
165 131
165 136
165 137
165 141
165 144
165 154
165 162
165 171
165 185
165 186
165 193
165 203
165 208
165 227
166 0
166 1
166 3
166 7
166 8
166 10
166 19
166 22
166 26
166 39
166 44
166 46
166 47
166 50
166 57
166 58
166 62
166 69
166 73
166 90
166 99
166 109
166 110
166 111
166 115
166 119
166 122
166 124
166 128
166 129
166 144
166 149
166 152
166 153
166 170
166 174
166 183
166 184
166 198
166 202
166 216
166 219
166 220
167 0
167 4
167 15
167 18
167 20
167 21
167 25
167 30
167 33
167 35
167 36
167 38
167 44
167 48
167 54
167 57
167 59
167 60
167 65
167 70
167 72
167 74
167 88
167 93
167 98
167 105
167 108
167 109
167 112
167 115
167 118
167 123
167 128
167 138
167 144
167 157
167 161
167 162
167 166
167 169
167 171
167 175
167 176
167 178
167 185
167 189
167 211
167 215
167 221
168 5
168 8
168 17
168 18
168 24
168 25
168 27
168 31
168 33
168 41
168 43
168 45
168 46
168 47
168 48
168 50
168 51
168 59
168 88
168 90
168 97
168 112
168 122
168 135
168 154
168 157
168 163
168 167
168 168
168 176
168 180
168 188
168 189
168 190
168 191
168 193
168 197
168 199
168 203
168 205
168 217
168 219
168 225
168 228
169 1
169 2
169 3
169 7
169 9
169 11
169 16
169 18
169 23
169 25
169 30
169 36
169 37
169 41
169 61
169 65
169 80
169 81
169 82
169 84
169 85
169 88
169 92
169 98
169 104
169 117
169 118
169 119
169 122
169 131
169 132
169 133
169 143
169 145
169 152
169 159
169 161
169 162
169 164
169 167
169 170
169 175
169 179
169 183
169 194
169 203
169 215
169 221
169 229
170 4
170 5
170 7
170 9
170 17
170 26
170 34
170 40
170 66
170 67
170 68
170 69
170 71
170 73
170 74
170 76
170 85
170 94
170 98
170 102
170 103
170 104
170 106
170 108
170 110
170 117
170 119
170 124
170 125
170 130
170 139
170 143
170 152
170 153
170 166
170 169
170 170
170 171
170 172
170 176
170 185
170 188
170 192
170 193
170 198
170 202
170 208
170 216
170 229
171 0
171 4
171 25
171 32
171 34
171 35
171 43
171 49
171 50
171 59
171 61
171 68
171 69
171 75
171 81
171 90
171 93
171 94
171 104
171 110
171 127
171 128
171 134
171 151
171 153
171 161
171 163
171 166
171 169
171 171
171 190
171 193
171 204
171 208
171 212
171 213
171 214
171 216
171 217
171 219
171 225
171 228
172 13
172 17
172 21
172 22
172 32
172 42
172 44
172 52
172 53
172 59
172 63
172 66
172 69
172 73
172 74
172 79
172 80
172 86
172 88
172 91
172 95
172 101
172 105
172 112
172 114
172 116
172 117
172 119
172 120
172 123
172 124
172 127
172 131
172 133
172 137
172 139
172 148
172 160
172 163
172 169
172 170
172 174
172 176
172 193
172 194
172 195
172 199
172 200
172 202
172 208
172 217
172 219
172 222
172 227
172 228
172 229
173 8
173 9
173 11
173 14
173 25
173 26
173 30
173 33
173 35
173 45
173 48
173 50
173 58
173 65
173 70
173 71
173 95
173 98
173 101
173 102
173 111
173 119
173 122
173 125
173 128
173 133
173 134
173 137
173 138
173 140
173 142
173 156
173 163
173 168
173 177
173 199
173 210
173 212
173 222
173 224
173 225
173 228
174 1
174 2
174 4
174 12
174 15
174 17
174 19
174 23
174 25
174 31
174 32
174 37
174 42
174 48
174 51
174 53
174 61
174 64
174 69
174 78
174 79
174 81
174 87
174 107
174 112
174 119
174 129
174 130
174 132
174 133
174 134
174 138
174 143
174 146
174 151
174 157
174 163
174 165
174 171
174 172
174 173
174 175
174 187
174 191
174 202
174 203
174 207
174 214
174 224
174 227
175 4
175 8
175 9
175 11
175 12
175 13
175 17
175 37
175 38
175 43
175 45
175 51
175 53
175 54
175 58
175 73
175 84
175 95
175 96
175 105
175 108
175 113
175 118
175 126
175 131
175 136
175 147
175 149
175 153
175 164
175 168
175 178
175 180
175 182
175 184
175 191
175 194
175 196
175 204
175 216
175 218
175 224
175 227
176 1
176 14
176 25
176 35
176 39
176 41
176 42
176 52
176 54
176 62
176 65
176 71
176 75
176 79
176 80
176 85
176 87
176 96
176 98
176 104
176 108
176 111
176 114
176 115
176 116
176 118
176 121
176 123
176 124
176 125
176 131
176 135
176 138
176 143
176 144
176 153
176 155
176 158
176 164
176 167
176 169
176 171
176 179
176 196
176 204
176 209
176 213
176 223
176 224
176 228
177 1
177 9
177 10
177 18
177 24
177 28
177 43
177 46
177 52
177 57
177 58
177 60
177 66
177 68
177 70
177 75
177 76
177 78
177 80
177 83
177 86
177 98
177 106
177 107
177 108
177 117
177 125
177 131
177 134
177 141
177 143
177 145
177 153
177 159
177 165
177 176
177 177
177 179
177 182
177 184
177 186
177 187
177 191
177 192
177 193
177 197
177 205
177 206
177 211
177 215
177 216
177 224
177 229
178 1
178 7
178 10
178 14
178 19
178 22
178 25
178 29
178 39
178 40
178 43
178 44
178 49
178 50
178 53
178 65
178 79
178 86
178 91
178 92
178 110
178 115
178 116
178 121
178 124
178 131
178 137
178 143
178 144
178 148
178 152
178 153
178 159
178 160
178 161
178 169
178 173
178 177
178 179
178 184
178 190
178 194
178 195
178 196
178 199
178 201
178 218
178 221
178 229
179 1
179 3
179 4
179 10
179 11
179 20
179 32
179 35
179 37
179 39
179 40
179 42
179 43
179 55
179 61
179 64
179 65
179 66
179 81
179 82
179 85
179 96
179 106
179 107
179 111
179 114
179 119
179 135
179 140
179 141
179 151
179 154
179 155
179 163
179 165
179 167
179 168
179 170
179 173
179 179
179 202
179 214
179 215
179 217
179 225
180 0
180 4
180 5
180 10
180 13
180 21
180 26
180 30
180 57
180 58
180 63
180 68
180 78
180 80
180 82
180 88
180 89
180 90
180 93
180 95
180 97
180 104
180 109
180 110
180 111
180 121
180 125
180 135
180 142
180 146
180 148
180 150
180 165
180 180
180 188
180 189
180 203
180 204
180 208
180 212
180 216
180 218
180 219
180 227
181 3
181 5
181 6
181 7
181 19
181 33
181 40
181 45
181 47
181 49
181 53
181 56
181 63
181 64
181 77
181 80
181 81
181 89
181 92
181 96
181 99
181 101
181 110
181 113
181 120
181 125
181 128
181 129
181 133
181 137
181 139
181 148
181 151
181 159
181 160
181 166
181 168
181 169
181 172
181 175
181 177
181 183
181 191
181 192
181 202
181 203
181 204
181 208
181 210
181 220
181 222
181 226
181 229
182 18
182 24
182 61
182 65
182 66
182 69
182 83
182 87
182 89
182 98
182 107
182 112
182 115
182 118
182 123
182 129
182 139
182 140
182 142
182 144
182 146
182 150
182 152
182 164
182 166
182 171
182 173
182 174
182 184
182 190
182 193
182 216
182 226
182 228
183 1
183 2
183 7
183 8
183 10
183 13
183 19
183 20
183 23
183 28
183 35
183 40
183 43
183 46
183 70
183 76
183 78
183 85
183 91
183 92
183 96
183 102
183 105
183 109
183 110
183 111
183 122
183 123
183 128
183 147
183 150
183 155
183 157
183 158
183 164
183 166
183 172
183 176
183 192
183 193
183 194
183 202
183 206
183 211
183 214
183 221
184 2
184 9
184 10
184 16
184 18
184 22
184 24
184 30
184 31
184 35
184 40
184 54
184 56
184 61
184 70
184 75
184 80
184 88
184 93
184 96
184 98
184 108
184 109
184 111
184 116
184 123
184 128
184 129
184 135
184 139
184 147
184 149
184 157
184 158
184 170
184 173
184 177
184 179
184 188
184 189
184 193
184 195
184 198
184 203
184 208
184 218
184 219
185 15
185 17
185 21
185 29
185 35
185 51
185 72
185 81
185 83
185 88
185 89
185 96
185 97
185 98
185 104
185 106
185 114
185 125
185 127
185 134
185 142
185 146
185 149
185 153
185 155
185 156
185 167
185 169
185 179
185 180
185 185
185 191
185 205
185 223
185 224
185 225
185 229
186 0
186 2
186 11
186 12
186 13
186 17
186 18
186 26
186 27
186 30
186 31
186 33
186 34
186 35
186 38
186 41
186 46
186 50
186 53
186 59
186 72
186 81
186 84
186 85
186 86
186 91
186 97
186 102
186 106
186 109
186 111
186 124
186 139
186 145
186 150
186 152
186 163
186 165
186 169
186 171
186 173
186 175
186 186
186 193
186 196
186 198
186 199
186 207
186 219
186 223
186 226
187 8
187 17
187 18
187 24
187 27
187 29
187 45
187 46
187 48
187 54
187 57
187 64
187 65
187 79
187 81
187 83
187 84
187 87
187 96
187 113
187 114
187 115
187 119
187 124
187 128
187 144
187 155
187 165
187 171
187 176
187 178
187 179
187 185
187 188
187 192
187 197
187 204
187 206
187 211
187 212
187 219
187 221
187 224
188 1
188 4
188 6
188 13
188 23
188 30
188 32
188 40
188 49
188 53
188 64
188 67
188 70
188 71
188 77
188 78
188 81
188 87
188 94
188 96
188 97
188 101
188 102
188 115
188 118
188 122
188 123
188 126
188 135
188 138
188 140
188 141
188 142
188 144
188 146
188 151
188 153
188 156
188 166
188 169
188 170
188 180
188 193
188 194
188 196
188 198
188 200
188 201
188 208
188 217
188 223
188 225
188 226
189 3
189 5
189 6
189 9
189 22
189 23
189 29
189 31
189 32
189 39
189 42
189 71
189 86
189 89
189 94
189 109
189 122
189 123
189 124
189 126
189 131
189 134
189 139
189 142
189 144
189 149
189 152
189 159
189 161
189 183
189 188
189 189
189 194
189 196
189 211
189 214
189 216
189 217
189 225
190 2
190 5
190 6
190 7
190 11
190 15
190 19
190 20
190 24
190 32
190 33
190 35
190 45
190 49
190 55
190 66
190 68
190 69
190 75
190 85
190 87
190 91
190 92
190 98
190 102
190 103
190 109
190 110
190 116
190 128
190 131
190 144
190 148
190 150
190 154
190 168
190 169
190 171
190 174
190 176
190 177
190 179
190 183
190 191
190 196
190 198
190 200
190 213
191 5
191 13
191 14
191 22
191 23
191 24
191 25
191 28
191 30
191 31
191 33
191 37
191 46
191 55
191 56
191 61
191 69
191 70
191 83
191 92
191 95
191 98
191 100
191 101
191 104
191 107
191 114
191 118
191 120
191 134
191 140
191 141
191 150
191 164
191 165
191 167
191 169
191 178
191 179
191 180
191 185
191 202
191 219
191 220
192 1
192 7
192 14
192 23
192 26
192 27
192 36
192 39
192 45
192 48
192 50
192 64
192 68
192 69
192 73
192 77
192 78
192 81
192 82
192 84
192 85
192 86
192 100
192 103
192 105
192 119
192 120
192 122
192 124
192 125
192 126
192 130
192 138
192 153
192 162
192 164
192 166
192 172
192 179
192 185
192 188
192 191
192 198
192 199
192 201
192 212
192 228
192 229
193 9
193 11
193 18
193 22
193 30
193 58
193 59
193 63
193 65
193 72
193 81
193 83
193 84
193 85
193 86
193 97
193 100
193 101
193 102
193 106
193 108
193 110
193 115
193 120
193 124
193 125
193 135
193 139
193 144
193 145
193 152
193 157
193 164
193 167
193 168
193 175
193 177
193 183
193 189
193 191
193 195
193 201
193 209
193 217
193 218
194 0
194 7
194 9
194 18
194 20
194 27
194 29
194 42
194 45
194 47
194 50
194 54
194 64
194 68
194 69
194 74
194 75
194 76
194 77
194 81
194 89
194 107
194 116
194 126
194 128
194 130
194 133
194 150
194 156
194 159
194 164
194 166
194 170
194 172
194 173
194 179
194 181
194 184
194 185
194 187
194 198
194 200
194 207
194 213
194 214
194 220
194 225
194 228
195 0
195 3
195 11
195 18
195 29
195 34
195 44
195 49
195 51
195 60
195 61
195 66
195 67
195 70
195 73
195 74
195 86
195 88
195 95
195 101
195 111
195 117
195 118
195 120
195 130
195 132
195 139
195 150
195 153
195 155
195 176
195 177
195 187
195 195
195 199
195 203
195 218
195 221
195 223
195 228
195 229
196 15
196 20
196 24
196 28
196 31
196 32
196 33
196 35
196 46
196 53
196 58
196 64
196 67
196 68
196 71
196 74
196 75
196 81
196 82
196 83
196 84
196 88
196 89
196 93
196 94
196 96
196 106
196 114
196 125
196 139
196 140
196 142
196 148
196 156
196 164
196 166
196 182
196 193
196 196
196 207
196 210
196 213
196 214
196 215
196 224
196 226
197 7
197 9
197 25
197 28
197 31
197 34
197 36
197 44
197 60
197 63
197 65
197 67
197 68
197 70
197 78
197 84
197 92
197 102
197 103
197 104
197 107
197 115
197 116
197 120
197 127
197 129
197 139
197 144
197 145
197 147
197 164
197 168
197 172
197 179
197 190
197 191
197 206
197 208
197 209
197 213
197 222
197 228
198 0
198 4
198 5
198 9
198 18
198 26
198 34
198 47
198 51
198 54
198 62
198 70
198 71
198 73
198 76
198 77
198 88
198 102
198 104
198 122
198 135
198 137
198 139
198 145
198 147
198 149
198 154
198 156
198 160
198 161
198 166
198 168
198 173
198 177
198 185
198 210
198 211
198 218
198 220
198 226
198 227
199 2
199 3
199 5
199 19
199 24
199 28
199 30
199 43
199 46
199 57
199 61
199 81
199 84
199 97
199 100
199 101
199 104
199 106
199 107
199 115
199 118
199 119
199 121
199 123
199 130
199 133
199 135
199 143
199 146
199 149
199 151
199 153
199 154
199 158
199 173
199 181
199 194
199 206
199 209
199 216
199 222
200 7
200 8
200 17
200 20
200 21
200 25
200 26
200 29
200 34
200 41
200 44
200 46
200 47
200 50
200 51
200 69
200 70
200 80
200 88
200 93
200 96
200 101
200 105
200 107
200 113
200 121
200 125
200 126
200 138
200 142
200 143
200 148
200 153
200 157
200 158
200 159
200 171
200 172
200 176
200 178
200 182
200 183
200 191
200 192
200 195
200 196
200 212
200 215
200 220
201 3
201 8
201 10
201 13
201 16
201 21
201 29
201 38
201 48
201 50
201 52
201 67
201 68
201 71
201 72
201 81
201 94
201 96
201 100
201 102
201 105
201 110
201 112
201 117
201 120
201 132
201 134
201 136
201 145
201 147
201 161
201 165
201 169
201 172
201 174
201 175
201 186
201 190
201 191
201 192
201 194
201 195
201 197
201 200
201 201
201 203
201 204
201 215
201 216
201 217
201 218
201 225
201 227
202 3
202 7
202 13
202 14
202 15
202 19
202 33
202 38
202 41
202 61
202 74
202 77
202 78
202 81
202 89
202 107
202 108
202 110
202 117
202 120
202 137
202 142
202 147
202 157
202 168
202 170
202 175
202 180
202 182
202 185
202 193
202 200
202 208
202 211
202 212
202 216
202 217
202 221
202 226
203 1
203 10
203 14
203 18
203 19
203 24
203 31
203 33
203 40
203 43
203 47
203 60
203 65
203 77
203 78
203 110
203 111
203 128
203 139
203 151
203 152
203 153
203 156
203 159
203 160
203 169
203 170
203 173
203 175
203 177
203 180
203 189
203 191
203 192
203 193
203 198
203 202
203 204
203 208
203 216
203 221
204 5
204 7
204 17
204 34
204 35
204 39
204 46
204 51
204 54
204 58
204 63
204 66
204 67
204 78
204 83
204 86
204 88
204 94
204 95
204 98
204 103
204 106
204 109
204 110
204 120
204 124
204 126
204 130
204 138
204 149
204 156
204 157
204 184
204 189
204 198
204 214
204 219
205 1
205 4
205 18
205 19
205 28
205 31
205 32
205 39
205 41
205 49
205 65
205 68
205 75
205 82
205 86
205 103
205 105
205 108
205 110
205 117
205 130
205 137
205 141
205 143
205 145
205 146
205 149
205 151
205 152
205 153
205 163
205 164
205 167
205 170
205 172
205 175
205 177
205 183
205 186
205 188
205 190
205 193
205 194
205 200
205 202
205 203
205 207
205 210
205 218
205 221
205 228
206 6
206 7
206 25
206 30
206 43
206 49
206 50
206 59
206 67
206 68
206 70
206 72
206 74
206 83
206 86
206 103
206 110
206 121
206 130
206 132
206 137
206 146
206 148
206 153
206 158
206 159
206 164
206 170
206 176
206 177
206 178
206 180
206 191
206 199
206 210
206 217
206 218
206 222
206 226
206 227
207 1
207 6
207 10
207 12
207 14
207 19
207 32
207 34
207 35
207 40
207 44
207 68
207 72
207 74
207 75
207 76
207 79
207 82
207 95
207 99
207 102
207 111
207 114
207 115
207 117
207 134
207 136
207 149
207 151
207 157
207 158
207 168
207 177
207 181
207 185
207 192
207 199
207 206
207 207
207 210
207 212
207 213
207 214
207 219
207 220
207 227
208 0
208 2
208 4
208 6
208 8
208 11
208 15
208 20
208 25
208 32
208 33
208 34
208 36
208 39
208 41
208 42
208 43
208 45
208 47
208 55
208 66
208 76
208 84
208 86
208 89
208 91
208 92
208 97
208 109
208 111
208 127
208 129
208 134
208 139
208 148
208 167
208 175
208 181
208 184
208 188
208 194
208 205
208 213
208 215
208 218
208 219
208 220
208 223
208 226
209 10
209 20
209 25
209 33
209 34
209 38
209 43
209 44
209 59
209 69
209 71
209 83
209 87
209 89
209 93
209 100
209 106
209 116
209 122
209 140
209 152
209 159
209 165
209 171
209 172
209 179
209 181
209 186
209 190
209 191
209 194
209 195
209 201
209 211
209 215
209 222
209 223
210 1
210 4
210 8
210 10
210 16
210 22
210 23
210 27
210 28
210 33
210 39
210 42
210 54
210 61
210 68
210 69
210 73
210 78
210 81
210 84
210 93
210 106
210 115
210 117
210 118
210 120
210 132
210 138
210 141
210 145
210 149
210 150
210 157
210 160
210 165
210 174
210 180
210 188
210 194
210 197
210 206
210 217
210 221
210 227
211 0
211 7
211 13
211 16
211 17
211 20
211 21
211 23
211 25
211 35
211 42
211 53
211 56
211 63
211 73
211 74
211 75
211 76
211 82
211 84
211 86
211 89
211 95
211 101
211 102
211 111
211 116
211 121
211 122
211 124
211 127
211 129
211 130
211 135
211 136
211 158
211 163
211 171
211 174
211 179
211 188
211 202
211 203
211 210
211 211
211 216
211 217
211 218
211 219
211 224
211 225
211 226
211 228
212 4
212 5
212 10
212 12
212 14
212 19
212 21
212 28
212 32
212 33
212 37
212 38
212 58
212 59
212 60
212 67
212 72
212 82
212 89
212 93
212 94
212 95
212 103
212 106
212 127
212 128
212 129
212 136
212 137
212 145
212 156
212 157
212 161
212 165
212 166
212 169
212 171
212 176
212 177
212 178
212 180
212 182
212 185
212 187
212 188
212 191
212 194
212 203
212 209
212 213
212 219
212 220
212 225
212 226
213 8
213 11
213 24
213 30
213 35
213 37
213 51
213 54
213 57
213 73
213 74
213 88
213 89
213 93
213 95
213 100
213 107
213 110
213 116
213 118
213 121
213 125
213 131
213 136
213 137
213 140
213 142
213 144
213 145
213 153
213 159
213 182
213 189
213 191
213 193
213 194
213 197
213 201
213 202
213 204
213 210
213 224
213 225
213 226
214 2
214 4
214 8
214 12
214 26
214 30
214 36
214 42
214 54
214 61
214 62
214 68
214 69
214 72
214 74
214 79
214 85
214 86
214 87
214 103
214 109
214 114
214 115
214 131
214 136
214 138
214 143
214 146
214 165
214 187
214 195
214 203
214 212
214 214
214 215
214 218
214 221
214 224
214 225
214 227
215 0
215 14
215 16
215 18
215 22
215 26
215 31
215 35
215 36
215 54
215 57
215 61
215 63
215 67
215 73
215 74
215 78
215 93
215 98
215 105
215 109
215 110
215 118
215 120
215 122
215 126
215 134
215 136
215 141
215 146
215 153
215 160
215 162
215 170
215 176
215 178
215 181
215 182
215 184
215 185
215 187
215 190
215 198
215 200
215 204
215 210
215 213
215 214
215 223
215 228
216 5
216 13
216 15
216 17
216 21
216 23
216 41
216 53
216 58
216 59
216 62
216 64
216 70
216 90
216 98
216 101
216 103
216 105
216 119
216 122
216 125
216 128
216 129
216 130
216 131
216 132
216 134
216 136
216 137
216 140
216 155
216 158
216 161
216 169
216 171
216 184
216 188
216 197
216 200
216 206
216 218
216 221
216 223
217 1
217 12
217 16
217 21
217 38
217 43
217 49
217 53
217 55
217 58
217 60
217 63
217 65
217 83
217 97
217 107
217 117
217 125
217 128
217 130
217 132
217 135
217 138
217 147
217 149
217 152
217 154
217 155
217 156
217 160
217 167
217 170
217 176
217 190
217 192
217 198
217 204
217 209
217 210
217 213
217 228
217 229
218 0
218 3
218 4
218 22
218 28
218 32
218 34
218 40
218 42
218 47
218 49
218 57
218 67
218 80
218 95
218 96
218 97
218 101
218 103
218 106
218 114
218 131
218 136
218 137
218 146
218 168
218 178
218 182
218 184
218 186
218 192
218 202
218 204
218 205
218 218
218 221
218 224
218 226
219 0
219 6
219 11
219 29
219 35
219 42
219 43
219 44
219 49
219 50
219 52
219 57
219 74
219 88
219 99
219 103
219 115
219 116
219 128
219 162
219 168
219 174
219 175
219 178
219 180
219 181
219 187
219 196
219 203
219 204
219 207
219 214
219 219
219 226
220 0
220 2
220 4
220 5
220 14
220 15
220 17
220 20
220 25
220 26
220 27
220 30
220 31
220 44
220 47
220 54
220 57
220 59
220 65
220 70
220 84
220 85
220 95
220 96
220 98
220 105
220 106
220 108
220 123
220 125
220 129
220 137
220 144
220 156
220 172
220 174
220 176
220 182
220 186
220 191
220 201
220 203
220 213
220 217
220 218
220 219
220 220
221 1
221 10
221 14
221 17
221 22
221 31
221 34
221 36
221 46
221 60
221 65
221 76
221 80
221 81
221 86
221 87
221 89
221 100
221 101
221 110
221 115
221 118
221 126
221 128
221 135
221 137
221 150
221 153
221 156
221 158
221 162
221 172
221 175
221 176
221 179
221 180
221 186
221 192
221 195
221 196
221 200
221 218
221 219
221 221
221 228
222 10
222 26
222 27
222 29
222 36
222 43
222 46
222 48
222 49
222 54
222 57
222 64
222 65
222 72
222 76
222 78
222 82
222 86
222 91
222 92
222 93
222 96
222 107
222 108
222 109
222 110
222 112
222 118
222 119
222 124
222 125
222 133
222 139
222 140
222 144
222 148
222 152
222 163
222 166
222 167
222 168
222 171
222 181
222 194
222 202
222 203
222 216
222 221
223 0
223 8
223 13
223 16
223 23
223 33
223 36
223 41
223 50
223 54
223 59
223 67
223 69
223 72
223 73
223 78
223 79
223 81
223 85
223 87
223 98
223 100
223 101
223 104
223 107
223 108
223 123
223 128
223 130
223 135
223 136
223 140
223 141
223 142
223 145
223 146
223 147
223 150
223 152
223 154
223 161
223 167
223 171
223 173
223 174
223 176
223 180
223 181
223 184
223 187
223 193
223 196
223 199
223 200
223 208
223 210
223 215
223 216
223 218
223 221
223 227
223 228
224 0
224 1
224 2
224 8
224 10
224 25
224 26
224 33
224 36
224 38
224 40
224 43
224 45
224 49
224 57
224 67
224 69
224 72
224 74
224 88
224 90
224 99
224 103
224 105
224 117
224 120
224 123
224 131
224 135
224 137
224 141
224 147
224 149
224 153
224 154
224 156
224 157
224 172
224 177
224 185
224 188
224 198
224 199
224 203
224 211
224 218
224 225
224 228
225 8
225 20
225 26
225 27
225 34
225 62
225 64
225 66
225 69
225 72
225 73
225 79
225 83
225 84
225 85
225 87
225 90
225 93
225 100
225 108
225 113
225 117
225 118
225 129
225 132
225 133
225 135
225 137
225 141
225 146
225 151
225 157
225 162
225 171
225 173
225 174
225 175
225 178
225 186
225 194
225 195
225 196
225 204
225 212
225 213
225 220
225 223
225 224
225 229
226 15
226 17
226 18
226 19
226 27
226 30
226 34
226 45
226 48
226 54
226 68
226 80
226 88
226 106
226 107
226 110
226 111
226 117
226 126
226 130
226 134
226 135
226 139
226 144
226 145
226 147
226 148
226 152
226 153
226 154
226 155
226 157
226 158
226 170
226 177
226 182
226 188
226 198
226 199
226 204
226 208
226 210
226 215
226 218
226 221
226 229
227 3
227 4
227 6
227 19
227 26
227 33
227 35
227 36
227 43
227 44
227 52
227 72
227 79
227 81
227 82
227 83
227 87
227 88
227 89
227 91
227 92
227 95
227 96
227 99
227 101
227 103
227 114
227 115
227 116
227 117
227 119
227 121
227 122
227 125
227 145
227 150
227 151
227 152
227 156
227 164
227 167
227 170
227 175
227 183
227 184
227 186
227 188
227 189
227 192
227 193
227 205
227 209
227 211
227 219
227 221
227 223
227 229
228 3
228 4
228 31
228 32
228 33
228 41
228 46
228 48
228 52
228 62
228 69
228 71
228 78
228 79
228 80
228 90
228 92
228 98
228 111
228 128
228 145
228 146
228 148
228 149
228 150
228 155
228 157
228 158
228 159
228 169
228 170
228 192
228 195
228 201
228 212
228 218
228 228
229 11
229 12
229 17
229 25
229 27
229 32
229 36
229 50
229 52
229 55
229 60
229 71
229 74
229 76
229 80
229 90
229 93
229 94
229 95
229 107
229 111
229 117
229 119
229 129
229 133
229 137
229 139
229 147
229 153
229 172
229 175
229 176
229 185
229 187
229 199
229 201
229 206
229 207
229 211
229 213
229 215
229 218
