210
8778
0 2
0 4
0 7
0 10
0 15
0 24
0 25
0 28
0 41
0 45
0 56
0 59
0 64
0 71
0 72
0 80
0 86
0 87
0 92
0 98
0 100
0 106
0 107
0 119
0 126
0 127
0 136
0 153
0 160
0 166
0 172
0 175
0 185
0 190
0 196
0 203
0 206
1 11
1 13
1 17
1 19
1 22
1 29
1 31
1 38
1 43
1 46
1 48
1 51
1 55
1 60
1 79
1 87
1 89
1 90
1 92
1 94
1 99
1 100
1 101
1 106
1 114
1 118
1 123
1 127
1 131
1 157
1 164
1 166
1 181
1 198
1 200
1 201
1 203
1 209
2 5
2 8
2 18
2 22
2 24
2 30
2 34
2 37
2 43
2 49
2 80
2 82
2 83
2 89
2 102
2 105
2 112
2 113
2 120
2 126
2 140
2 143
2 150
2 153
2 161
2 163
2 164
2 167
2 173
2 180
2 194
2 202
2 203
2 204
2 206
3 2
3 10
3 16
3 28
3 32
3 34
3 36
3 42
3 44
3 46
3 47
3 50
3 52
3 56
3 71
3 77
3 78
3 83
3 86
3 102
3 103
3 104
3 115
3 128
3 142
3 143
3 144
3 145
3 146
3 157
3 159
3 162
3 169
3 172
3 173
3 182
3 187
3 191
3 196
3 204
3 205
3 208
4 1
4 7
4 12
4 19
4 21
4 32
4 35
4 42
4 45
4 49
4 50
4 53
4 56
4 75
4 77
4 79
4 81
4 96
4 98
4 99
4 105
4 116
4 122
4 124
4 127
4 130
4 133
4 135
4 137
4 139
4 144
4 147
4 148
4 151
4 155
4 157
4 166
4 176
4 193
4 194
4 200
5 2
5 7
5 9
5 10
5 25
5 31
5 34
5 38
5 42
5 43
5 46
5 54
5 61
5 65
5 68
5 77
5 82
5 85
5 86
5 97
5 103
5 104
5 109
5 115
5 119
5 121
5 124
5 125
5 126
5 134
5 137
5 140
5 151
5 152
5 159
5 160
5 167
5 170
5 177
5 178
5 182
5 194
5 197
5 198
5 201
5 209
6 7
6 41
6 52
6 64
6 69
6 89
6 97
6 113
6 114
6 126
6 127
6 128
6 134
6 135
6 138
6 143
6 144
6 148
6 155
6 160
6 172
6 175
6 186
6 188
6 197
6 198
6 199
6 209
7 10
7 20
7 27
7 29
7 30
7 31
7 34
7 40
7 60
7 92
7 93
7 96
7 100
7 103
7 104
7 112
7 117
7 122
7 127
7 132
7 136
7 142
7 143
7 144
7 149
7 153
7 155
7 157
7 159
7 161
7 163
7 164
7 165
7 169
7 174
7 176
7 179
7 180
7 182
7 186
7 188
7 192
7 205
8 3
8 8
8 9
8 10
8 14
8 15
8 16
8 17
8 18
8 20
8 54
8 56
8 57
8 63
8 64
8 68
8 70
8 71
8 85
8 89
8 107
8 109
8 112
8 119
8 121
8 123
8 124
8 125
8 128
8 130
8 131
8 135
8 136
8 145
8 147
8 158
8 164
8 179
8 182
8 190
8 195
8 201
8 205
9 6
9 7
9 13
9 15
9 22
9 31
9 35
9 51
9 55
9 68
9 73
9 74
9 91
9 97
9 104
9 106
9 108
9 110
9 116
9 119
9 120
9 132
9 136
9 146
9 147
9 154
9 160
9 167
9 175
9 181
9 193
9 199
9 201
9 203
10 1
10 5
10 8
10 10
10 13
10 29
10 34
10 35
10 41
10 54
10 57
10 63
10 67
10 70
10 71
10 76
10 79
10 83
10 87
10 90
10 98
10 99
10 107
10 108
10 109
10 110
10 114
10 115
10 129
10 130
10 140
10 156
10 157
10 167
10 168
10 177
10 179
10 184
10 190
10 193
10 196
10 202
10 203
10 209
11 12
11 13
11 16
11 25
11 38
11 43
11 48
11 60
11 64
11 74
11 75
11 83
11 87
11 89
11 96
11 97
11 103
11 106
11 110
11 114
11 128
11 132
11 133
11 134
11 136
11 138
11 142
11 149
11 153
11 154
11 159
11 166
11 170
11 174
11 182
11 186
11 191
11 197
11 198
11 200
11 201
11 204
12 0
12 8
12 10
12 13
12 15
12 16
12 18
12 20
12 21
12 23
12 33
12 35
12 46
12 47
12 55
12 58
12 60
12 64
12 67
12 70
12 74
12 75
12 83
12 87
12 88
12 89
12 91
12 95
12 97
12 104
12 126
12 128
12 133
12 137
12 140
12 141
12 143
12 148
12 150
12 156
12 159
12 166
12 167
12 176
12 177
12 180
12 183
12 185
12 188
12 194
12 199
12 206
13 30
13 31
13 32
13 34
13 36
13 48
13 51
13 58
13 59
13 68
13 69
13 75
13 79
13 82
13 85
13 102
13 106
13 107
13 109
13 112
13 116
13 117
13 118
13 128
13 135
13 139
13 141
13 142
13 143
13 155
13 159
13 169
13 182
13 188
13 199
13 204
14 2
14 11
14 17
14 23
14 26
14 35
14 37
14 58
14 62
14 64
14 66
14 67
14 71
14 72
14 82
14 84
14 91
14 94
14 97
14 99
14 104
14 107
14 112
14 120
14 133
14 136
14 140
14 143
14 147
14 148
14 149
14 151
14 172
14 175
14 177
14 180
14 181
14 188
14 191
14 197
14 199
14 207
14 208
15 0
15 5
15 6
15 7
15 12
15 20
15 32
15 33
15 40
15 47
15 49
15 56
15 66
15 71
15 75
15 77
15 79
15 103
15 105
15 112
15 113
15 115
15 116
15 118
15 124
15 127
15 130
15 136
15 137
15 138
15 139
15 142
15 151
15 154
15 155
15 156
15 163
15 164
15 167
15 171
15 172
15 182
15 185
15 186
15 193
15 198
15 204
16 1
16 15
16 34
16 35
16 37
16 43
16 53
16 60
16 61
16 67
16 69
16 77
16 78
16 92
16 95
16 97
16 103
16 110
16 120
16 121
16 127
16 128
16 129
16 130
16 139
16 144
16 150
16 161
16 162
16 166
16 169
16 170
16 175
16 177
16 181
16 187
16 188
16 192
16 198
16 204
16 206
16 208
17 7
17 8
17 14
17 15
17 25
17 28
17 34
17 36
17 46
17 62
17 65
17 66
17 80
17 81
17 82
17 87
17 93
17 95
17 98
17 100
17 106
17 111
17 113
17 118
17 119
17 136
17 140
17 147
17 154
17 169
17 177
17 191
17 200
17 201
17 204
17 206
17 208
18 10
18 14
18 15
18 17
18 24
18 28
18 37
18 38
18 45
18 46
18 48
18 50
18 54
18 61
18 64
18 67
18 69
18 70
18 74
18 76
18 87
18 91
18 92
18 104
18 108
18 109
18 114
18 115
18 131
18 133
18 136
18 139
18 147
18 149
18 158
18 163
18 167
18 174
18 175
18 184
18 202
18 203
18 205
19 10
19 13
19 23
19 24
19 28
19 35
19 36
19 45
19 53
19 57
19 72
19 85
19 86
19 87
19 91
19 99
19 100
19 101
19 102
19 112
19 113
19 114
19 118
19 119
19 124
19 125
19 126
19 133
19 135
19 148
19 151
19 152
19 160
19 165
19 166
19 169
19 171
19 183
19 185
19 193
19 199
19 200
19 201
19 205
20 0
20 12
20 15
20 20
20 25
20 33
20 35
20 38
20 39
20 44
20 48
20 49
20 53
20 61
20 62
20 73
20 77
20 81
20 82
20 83
20 93
20 98
20 102
20 103
20 105
20 108
20 116
20 118
20 126
20 137
20 141
20 143
20 144
20 151
20 155
20 159
20 161
20 165
20 167
20 172
20 179
20 188
20 192
20 194
20 196
20 203
20 204
21 2
21 4
21 10
21 17
21 22
21 25
21 36
21 47
21 50
21 53
21 56
21 57
21 59
21 62
21 64
21 66
21 76
21 87
21 93
21 100
21 104
21 110
21 112
21 114
21 122
21 132
21 139
21 144
21 156
21 167
21 168
21 170
21 171
21 172
21 177
21 178
21 179
21 181
21 198
21 201
21 205
21 207
22 3
22 9
22 10
22 14
22 17
22 24
22 27
22 32
22 40
22 41
22 44
22 48
22 50
22 60
22 64
22 68
22 73
22 74
22 75
22 80
22 84
22 87
22 88
22 94
22 101
22 104
22 107
22 119
22 121
22 139
22 149
22 159
22 163
22 169
22 177
22 189
22 190
22 195
22 203
23 3
23 9
23 15
23 25
23 26
23 27
23 29
23 32
23 37
23 39
23 40
23 46
23 48
23 49
23 50
23 52
23 55
23 61
23 68
23 69
23 71
23 73
23 79
23 82
23 83
23 86
23 89
23 102
23 105
23 110
23 127
23 131
23 141
23 143
23 152
23 154
23 156
23 157
23 164
23 166
23 168
23 169
23 178
23 188
23 190
23 203
23 204
23 206
24 0
24 2
24 8
24 12
24 20
24 26
24 40
24 42
24 45
24 47
24 49
24 55
24 58
24 63
24 67
24 68
24 75
24 86
24 90
24 91
24 93
24 98
24 108
24 112
24 113
24 123
24 128
24 129
24 133
24 137
24 138
24 144
24 151
24 154
24 161
24 163
24 173
24 182
24 183
25 0
25 3
25 10
25 15
25 19
25 24
25 25
25 29
25 35
25 36
25 51
25 59
25 68
25 72
25 83
25 92
25 93
25 94
25 96
25 106
25 111
25 116
25 119
25 123
25 132
25 138
25 151
25 152
25 159
25 165
25 168
25 169
25 181
25 186
25 187
25 188
25 192
25 200
25 201
25 202
25 206
26 4
26 5
26 8
26 10
26 20
26 28
26 32
26 52
26 57
26 60
26 61
26 62
26 74
26 76
26 84
26 90
26 92
26 97
26 100
26 101
26 104
26 108
26 119
26 121
26 127
26 130
26 132
26 133
26 134
26 136
26 143
26 151
26 153
26 159
26 160
26 164
26 168
26 172
26 180
26 186
26 187
26 190
26 192
26 194
26 201
26 202
26 205
26 208
27 0
27 1
27 3
27 4
27 10
27 13
27 29
27 31
27 33
27 37
27 39
27 51
27 53
27 64
27 66
27 71
27 72
27 91
27 92
27 95
27 97
27 105
27 107
27 113
27 125
27 135
27 137
27 145
27 146
27 147
27 151
27 155
27 163
27 167
27 173
27 183
27 184
27 187
27 191
27 192
27 195
27 199
27 202
28 1
28 5
28 12
28 13
28 24
28 27
28 28
28 29
28 31
28 46
28 49
28 50
28 53
28 57
28 60
28 64
28 67
28 75
28 80
28 88
28 89
28 94
28 97
28 102
28 103
28 109
28 112
28 116
28 118
28 122
28 136
28 141
28 142
28 144
28 153
28 164
28 167
28 169
28 173
28 178
28 182
28 183
28 198
28 199
28 202
28 204
28 205
28 206
29 17
29 20
29 23
29 30
29 31
29 33
29 38
29 53
29 54
29 55
29 58
29 66
29 70
29 71
29 77
29 85
29 87
29 93
29 95
29 96
29 97
29 115
29 116
29 119
29 122
29 135
29 139
29 146
29 150
29 151
29 153
29 161
29 162
29 169
29 170
29 183
29 191
29 192
29 193
29 194
29 197
29 198
30 3
30 5
30 11
30 14
30 21
30 23
30 24
30 29
30 32
30 33
30 35
30 39
30 46
30 54
30 56
30 62
30 64
30 67
30 72
30 75
30 76
30 82
30 85
30 88
30 90
30 92
30 94
30 97
30 98
30 117
30 120
30 125
30 127
30 134
30 139
30 143
30 144
30 149
30 153
30 154
30 158
30 161
30 165
30 170
30 173
30 174
30 176
30 181
30 188
30 199
30 202
30 209
31 3
31 7
31 18
31 25
31 28
31 31
31 37
31 48
31 50
31 52
31 54
31 58
31 64
31 65
31 70
31 71
31 72
31 74
31 83
31 103
31 107
31 108
31 121
31 123
31 130
31 131
31 135
31 137
31 140
31 146
31 149
31 153
31 156
31 166
31 167
31 168
31 169
31 172
31 175
31 180
31 187
31 197
31 199
31 209
32 9
32 13
32 17
32 18
32 21
32 27
32 33
32 37
32 38
32 50
32 55
32 66
32 72
32 79
32 80
32 85
32 93
32 105
32 111
32 123
32 124
32 128
32 141
32 144
32 159
32 165
32 166
32 168
32 169
32 172
32 174
32 175
32 178
32 180
32 181
32 187
32 190
32 195
32 197
32 199
32 204
32 207
33 0
33 2
33 3
33 6
33 9
33 11
33 12
33 13
33 16
33 20
33 23
33 25
33 31
33 34
33 43
33 44
33 48
33 50
33 51
33 52
33 54
33 56
33 74
33 77
33 91
33 93
33 94
33 96
33 98
33 99
33 102
33 107
33 115
33 118
33 126
33 132
33 133
33 135
33 138
33 139
33 142
33 147
33 149
33 150
33 158
33 159
33 167
33 174
33 183
33 189
33 194
33 202
33 205
34 2
34 15
34 17
34 19
34 22
34 34
34 36
34 41
34 42
34 46
34 48
34 65
34 72
34 77
34 78
34 81
34 88
34 91
34 98
34 102
34 109
34 111
34 112
34 114
34 127
34 140
34 152
34 157
34 164
34 168
34 169
34 189
34 190
34 199
34 203
34 208
35 2
35 3
35 11
35 21
35 24
35 28
35 35
35 37
35 38
35 40
35 45
35 46
35 49
35 51
35 62
35 63
35 64
35 65
35 70
35 74
35 90
35 93
35 104
35 106
35 108
35 122
35 125
35 129
35 133
35 135
35 138
35 139
35 141
35 146
35 148
35 153
35 154
35 156
35 157
35 168
35 169
35 177
35 198
35 202
36 0
36 2
36 3
36 9
36 14
36 29
36 31
36 43
36 44
36 50
36 51
36 54
36 55
36 60
36 65
36 68
36 72
36 79
36 84
36 94
36 95
36 107
36 110
36 113
36 118
36 119
36 121
36 124
36 127
36 129
36 133
36 134
36 140
36 141
36 147
36 151
36 159
36 163
36 164
36 165
36 175
36 176
36 177
36 178
36 180
36 182
36 186
36 190
36 192
36 194
36 196
36 206
37 0
37 2
37 14
37 20
37 32
37 33
37 35
37 43
37 45
37 53
37 55
37 59
37 76
37 81
37 82
37 85
37 95
37 120
37 124
37 129
37 136
37 137
37 160
37 161
37 168
37 174
37 181
37 185
37 186
37 187
37 188
37 197
37 205
38 5
38 19
38 37
38 42
38 44
38 46
38 48
38 54
38 92
38 93
38 99
38 104
38 106
38 119
38 132
38 137
38 149
38 152
38 154
38 155
38 156
38 160
38 179
38 180
38 181
38 190
38 191
38 194
38 195
38 197
38 199
38 201
38 203
38 205
39 5
39 6
39 16
39 18
39 20
39 21
39 23
39 26
39 38
39 43
39 49
39 51
39 54
39 61
39 62
39 64
39 66
39 69
39 73
39 76
39 84
39 86
39 96
39 101
39 103
39 112
39 113
39 120
39 132
39 134
39 137
39 139
39 144
39 149
39 151
39 155
39 158
39 165
39 168
39 179
39 182
39 183
39 184
39 189
39 195
39 202
39 206
39 209
40 13
40 14
40 15
40 19
40 23
40 27
40 33
40 36
40 38
40 41
40 47
40 51
40 53
40 59
40 61
40 63
40 67
40 74
40 82
40 90
40 93
40 95
40 98
40 115
40 116
40 121
40 125
40 134
40 136
40 142
40 157
40 161
40 167
40 168
40 169
40 174
40 188
40 189
40 190
40 198
40 203
40 206
40 208
41 6
41 10
41 11
41 15
41 17
41 19
41 20
41 27
41 31
41 47
41 48
41 53
41 54
41 57
41 70
41 73
41 77
41 78
41 89
41 94
41 102
41 109
41 110
41 113
41 119
41 120
41 121
41 125
41 129
41 135
41 137
41 143
41 149
41 150
41 154
41 161
41 166
41 176
41 177
41 182
41 187
41 190
41 195
41 196
41 199
41 205
42 3
42 10
42 14
42 19
42 21
42 23
42 27
42 32
42 40
42 47
42 54
42 60
42 61
42 66
42 76
42 79
42 86
42 89
42 105
42 111
42 112
42 120
42 124
42 126
42 129
42 143
42 144
42 148
42 152
42 153
42 155
42 156
42 157
42 167
42 173
42 183
42 187
42 189
42 202
42 209
43 1
43 4
43 7
43 10
43 11
43 17
43 20
43 23
43 29
43 31
43 33
43 34
43 39
43 41
43 43
43 52
43 54
43 56
43 58
43 64
43 67
43 69
43 74
43 77
43 78
43 79
43 84
43 100
43 102
43 104
43 105
43 106
43 110
43 114
43 121
43 128
43 130
43 131
43 134
43 135
43 137
43 152
43 155
43 161
43 169
43 170
43 178
43 184
43 187
43 189
43 193
43 200
43 205
43 208
44 2
44 10
44 11
44 28
44 36
44 41
44 51
44 63
44 65
44 77
44 79
44 81
44 84
44 87
44 94
44 95
44 100
44 104
44 106
44 110
44 115
44 121
44 122
44 124
44 128
44 129
44 132
44 136
44 142
44 151
44 152
44 159
44 167
44 171
44 188
44 197
44 199
45 2
45 7
45 13
45 19
45 20
45 21
45 24
45 28
45 30
45 35
45 38
45 46
45 49
45 52
45 71
45 72
45 77
45 80
45 91
45 103
45 109
45 112
45 126
45 128
45 132
45 147
45 151
45 155
45 161
45 167
45 169
45 172
45 180
45 187
45 192
45 202
45 207
46 9
46 10
46 22
46 25
46 28
46 30
46 31
46 39
46 48
46 61
46 62
46 69
46 73
46 74
46 79
46 88
46 110
46 120
46 135
46 137
46 139
46 141
46 142
46 145
46 146
46 147
46 149
46 151
46 157
46 165
46 173
46 176
46 177
46 181
46 184
46 185
46 190
46 200
46 202
46 209
47 7
47 19
47 23
47 31
47 32
47 39
47 43
47 44
47 49
47 63
47 64
47 65
47 69
47 71
47 78
47 79
47 84
47 90
47 98
47 105
47 106
47 108
47 116
47 139
47 144
47 165
47 168
47 172
47 174
47 176
47 180
47 182
47 193
47 195
47 197
47 199
47 200
47 209
48 1
48 9
48 12
48 29
48 36
48 37
48 47
48 50
48 51
48 54
48 55
48 66
48 70
48 78
48 79
48 84
48 85
48 97
48 102
48 104
48 108
48 110
48 116
48 118
48 122
48 123
48 124
48 125
48 134
48 136
48 140
48 142
48 147
48 148
48 159
48 163
48 171
48 175
48 176
48 180
48 183
48 190
48 193
48 198
48 201
48 207
49 0
49 2
49 8
49 12
49 24
49 31
49 42
49 46
49 57
49 58
49 62
49 67
49 68
49 69
49 81
49 84
49 92
49 94
49 98
49 100
49 105
49 111
49 112
49 120
49 123
49 125
49 128
49 129
49 135
49 139
49 155
49 156
49 168
49 177
49 183
49 188
49 191
49 203
49 208
50 11
50 15
50 16
50 21
50 22
50 23
50 35
50 36
50 48
50 51
50 54
50 58
50 62
50 67
50 68
50 75
50 79
50 81
50 84
50 86
50 89
50 98
50 104
50 108
50 109
50 115
50 118
50 122
50 123
50 126
50 130
50 134
50 142
50 144
50 146
50 147
50 149
50 156
50 159
50 161
50 168
50 169
50 171
50 176
50 180
50 183
50 207
50 209
51 7
51 11
51 13
51 14
51 21
51 22
51 35
51 38
51 42
51 44
51 53
51 75
51 77
51 82
51 85
51 96
51 105
51 110
51 113
51 116
51 120
51 121
51 145
51 153
51 155
51 156
51 162
51 164
51 168
51 169
51 171
51 172
51 174
51 176
51 178
51 185
51 186
51 204
51 207
52 6
52 13
52 14
52 17
52 21
52 23
52 29
52 33
52 34
52 36
52 39
52 46
52 50
52 51
52 53
52 54
52 61
52 68
52 69
52 70
52 73
52 74
52 78
52 84
52 89
52 97
52 106
52 107
52 108
52 111
52 119
52 124
52 125
52 133
52 138
52 145
52 147
52 162
52 169
52 178
52 180
52 182
52 183
52 195
52 196
52 197
52 200
52 202
53 2
53 3
53 5
53 9
53 10
53 15
53 17
53 20
53 35
53 38
53 44
53 48
53 52
53 53
53 54
53 61
53 71
53 79
53 89
53 91
53 92
53 97
53 117
53 121
53 133
53 154
53 155
53 160
53 165
53 167
53 171
53 172
53 174
53 176
53 183
53 200
53 202
53 206
53 208
54 18
54 21
54 24
54 28
54 47
54 56
54 57
54 72
54 84
54 86
54 91
54 105
54 107
54 108
54 109
54 112
54 123
54 131
54 138
54 141
54 150
54 151
54 152
54 156
54 171
54 173
54 181
54 184
54 188
54 189
54 204
54 205
55 0
55 6
55 9
55 15
55 18
55 21
55 27
55 30
55 34
55 39
55 53
55 63
55 64
55 66
55 70
55 72
55 77
55 81
55 84
55 88
55 89
55 100
55 104
55 112
55 114
55 117
55 118
55 121
55 123
55 126
55 133
55 134
55 137
55 138
55 151
55 152
55 160
55 165
55 171
55 184
55 193
55 203
55 209
56 2
56 7
56 8
56 11
56 22
56 27
56 34
56 43
56 50
56 55
56 58
56 61
56 74
56 77
56 79
56 81
56 82
56 89
56 92
56 97
56 100
56 102
56 111
56 117
56 125
56 131
56 159
56 163
56 166
56 168
56 176
56 180
56 185
56 189
56 194
56 201
57 3
57 5
57 6
57 10
57 15
57 17
57 30
57 32
57 34
57 37
57 41
57 43
57 46
57 56
57 65
57 67
57 73
57 76
57 86
57 88
57 89
57 90
57 93
57 97
57 99
57 101
57 102
57 106
57 110
57 113
57 126
57 129
57 136
57 137
57 144
57 160
57 164
57 166
57 167
57 172
57 175
57 187
57 190
57 206
57 209
58 6
58 7
58 12
58 22
58 23
58 27
58 41
58 43
58 44
58 48
58 50
58 60
58 68
58 69
58 71
58 73
58 75
58 77
58 78
58 86
58 89
58 95
58 99
58 107
58 108
58 114
58 119
58 124
58 125
58 127
58 129
58 149
58 156
58 158
58 164
58 165
58 171
58 172
58 173
58 174
58 180
58 184
58 185
58 189
58 195
58 206
59 1
59 3
59 5
59 15
59 18
59 20
59 22
59 26
59 28
59 33
59 35
59 36
59 41
59 45
59 48
59 61
59 64
59 65
59 66
59 75
59 78
59 86
59 87
59 89
59 96
59 114
59 115
59 118
59 119
59 122
59 129
59 142
59 149
59 150
59 154
59 165
59 169
59 174
59 176
59 179
59 183
59 186
59 187
59 188
59 193
59 197
59 201
59 203
59 206
59 208
59 209
60 2
60 3
60 19
60 21
60 26
60 32
60 33
60 44
60 45
60 47
60 48
60 49
60 65
60 67
60 68
60 69
60 76
60 86
60 88
60 90
60 104
60 110
60 112
60 113
60 121
60 122
60 126
60 127
60 144
60 145
60 146
60 147
60 148
60 150
60 152
60 156
60 159
60 160
60 165
60 170
60 171
60 174
60 175
60 192
60 196
60 199
60 203
60 206
60 208
61 0
61 5
61 6
61 20
61 31
61 33
61 37
61 44
61 47
61 53
61 56
61 63
61 66
61 68
61 71
61 73
61 75
61 77
61 80
61 85
61 89
61 96
61 97
61 100
61 109
61 115
61 122
61 125
61 127
61 136
61 138
61 139
61 140
61 151
61 153
61 158
61 161
61 172
61 192
61 199
61 200
61 202
61 209
62 2
62 3
62 5
62 7
62 14
62 17
62 20
62 21
62 26
62 31
62 32
62 36
62 37
62 38
62 51
62 56
62 58
62 66
62 83
62 86
62 91
62 94
62 96
62 105
62 106
62 107
62 108
62 113
62 114
62 118
62 121
62 135
62 141
62 144
62 152
62 154
62 155
62 156
62 169
62 171
62 172
62 173
62 175
62 178
62 180
62 183
62 184
62 185
62 187
62 190
62 194
62 195
62 198
62 200
62 204
62 208
63 3
63 4
63 7
63 16
63 17
63 19
63 22
63 35
63 37
63 38
63 39
63 45
63 49
63 50
63 52
63 54
63 56
63 59
63 63
63 66
63 72
63 82
63 94
63 95
63 97
63 102
63 103
63 104
63 111
63 114
63 119
63 122
63 128
63 132
63 136
63 141
63 143
63 147
63 148
63 149
63 152
63 153
63 160
63 164
63 168
63 171
63 173
63 177
63 179
63 181
63 187
63 190
63 196
63 201
63 208
64 7
64 9
64 12
64 13
64 23
64 27
64 30
64 46
64 51
64 54
64 59
64 66
64 72
64 86
64 89
64 93
64 98
64 101
64 102
64 103
64 115
64 119
64 123
64 124
64 125
64 128
64 129
64 134
64 147
64 151
64 152
64 159
64 165
64 170
64 171
64 172
64 179
64 180
64 182
64 188
64 192
64 194
64 207
65 2
65 7
65 9
65 11
65 12
65 13
65 16
65 19
65 21
65 27
65 37
65 51
65 55
65 58
65 59
65 64
65 65
65 66
65 67
65 71
65 72
65 76
65 77
65 90
65 91
65 92
65 100
65 105
65 106
65 107
65 108
65 109
65 111
65 116
65 118
65 121
65 122
65 123
65 126
65 127
65 133
65 135
65 137
65 146
65 154
65 163
65 173
65 183
65 184
65 190
65 194
65 198
65 199
65 201
65 206
66 8
66 15
66 19
66 23
66 25
66 29
66 33
66 36
66 48
66 56
66 58
66 81
66 102
66 103
66 110
66 111
66 112
66 117
66 119
66 121
66 122
66 126
66 129
66 136
66 140
66 143
66 146
66 147
66 150
66 152
66 156
66 174
66 176
66 180
66 181
66 185
66 188
66 192
66 195
66 203
66 204
67 10
67 17
67 20
67 27
67 38
67 42
67 44
67 49
67 53
67 54
67 64
67 65
67 72
67 74
67 79
67 91
67 96
67 100
67 109
67 110
67 117
67 119
67 121
67 128
67 131
67 136
67 139
67 151
67 159
67 162
67 164
67 168
67 171
67 175
67 176
67 183
67 201
67 206
67 208
68 0
68 4
68 8
68 10
68 11
68 14
68 21
68 23
68 29
68 32
68 33
68 38
68 39
68 40
68 47
68 49
68 51
68 57
68 58
68 60
68 61
68 62
68 67
68 88
68 93
68 96
68 101
68 102
68 104
68 116
68 117
68 121
68 122
68 124
68 133
68 137
68 138
68 141
68 148
68 152
68 153
68 161
68 171
68 176
68 178
68 179
68 190
68 192
68 193
68 199
68 206
69 6
69 8
69 22
69 28
69 60
69 61
69 63
69 65
69 73
69 75
69 80
69 83
69 91
69 95
69 102
69 112
69 138
69 143
69 144
69 150
69 153
69 155
69 156
69 157
69 159
69 164
69 168
69 171
69 176
69 177
69 182
69 183
69 184
69 189
69 190
69 202
69 205
70 5
70 20
70 30
70 39
70 45
70 50
70 51
70 60
70 68
70 70
70 71
70 81
70 92
70 96
70 100
70 105
70 107
70 114
70 125
70 130
70 131
70 135
70 136
70 138
70 142
70 143
70 147
70 152
70 167
70 174
70 177
70 178
70 187
70 188
70 190
70 194
70 197
70 202
70 204
71 0
71 12
71 18
71 22
71 34
71 55
71 60
71 67
71 69
71 77
71 83
71 85
71 94
71 95
71 107
71 109
71 110
71 115
71 120
71 129
71 133
71 136
71 137
71 144
71 148
71 151
71 159
71 160
71 173
71 174
71 188
71 189
71 204
71 205
72 14
72 20
72 24
72 35
72 36
72 46
72 47
72 51
72 60
72 70
72 72
72 73
72 79
72 82
72 90
72 91
72 95
72 96
72 99
72 101
72 102
72 108
72 111
72 113
72 115
72 116
72 119
72 122
72 123
72 127
72 134
72 139
72 158
72 167
72 168
72 174
72 188
72 190
72 195
72 200
72 203
73 4
73 5
73 9
73 25
73 28
73 32
73 43
73 44
73 57
73 59
73 63
73 65
73 70
73 79
73 83
73 86
73 88
73 95
73 97
73 110
73 125
73 126
73 129
73 134
73 138
73 141
73 145
73 151
73 152
73 154
73 160
73 166
73 168
73 180
73 182
73 186
73 190
73 196
73 200
73 205
73 208
74 25
74 27
74 28
74 29
74 32
74 33
74 35
74 38
74 43
74 51
74 69
74 76
74 88
74 94
74 109
74 110
74 111
74 119
74 121
74 124
74 133
74 139
74 146
74 148
74 150
74 151
74 160
74 161
74 165
74 181
74 182
74 192
74 194
74 197
74 205
74 209
75 6
75 10
75 11
75 15
75 16
75 21
75 23
75 27
75 30
75 33
75 36
75 45
75 54
75 57
75 65
75 66
75 75
75 77
75 79
75 91
75 93
75 105
75 114
75 119
75 121
75 127
75 145
75 153
75 159
75 160
75 163
75 165
75 173
75 174
75 178
75 186
75 191
75 197
75 201
75 204
75 205
75 207
76 1
76 2
76 6
76 10
76 13
76 22
76 25
76 26
76 34
76 36
76 47
76 55
76 60
76 69
76 82
76 83
76 94
76 96
76 97
76 103
76 105
76 108
76 110
76 118
76 129
76 132
76 133
76 139
76 141
76 147
76 148
76 151
76 152
76 167
76 170
76 177
76 178
76 184
76 185
76 188
76 190
76 193
76 194
76 197
76 201
76 203
77 0
77 2
77 11
77 15
77 16
77 32
77 34
77 37
77 38
77 45
77 48
77 50
77 51
77 56
77 62
77 66
77 71
77 73
77 87
77 89
77 91
77 104
77 105
77 106
77 107
77 115
77 119
77 122
77 123
77 125
77 127
77 128
77 131
77 146
77 150
77 153
77 155
77 157
77 168
77 174
77 175
77 179
77 181
77 195
77 202
77 205
78 3
78 4
78 5
78 16
78 17
78 20
78 23
78 29
78 30
78 36
78 42
78 48
78 52
78 63
78 71
78 72
78 79
78 91
78 94
78 122
78 123
78 130
78 137
78 143
78 150
78 158
78 161
78 162
78 174
78 176
78 179
78 180
78 182
78 184
78 189
78 190
78 196
78 205
79 6
79 9
79 14
79 16
79 20
79 24
79 26
79 30
79 37
79 49
79 53
79 66
79 67
79 68
79 72
79 75
79 78
79 94
79 95
79 100
79 104
79 115
79 117
79 126
79 136
79 137
79 139
79 143
79 145
79 152
79 154
79 160
79 166
79 169
79 170
79 171
79 174
79 175
79 193
79 194
79 203
79 204
79 205
80 0
80 4
80 6
80 8
80 18
80 22
80 38
80 51
80 55
80 56
80 57
80 62
80 64
80 66
80 67
80 76
80 79
80 81
80 90
80 93
80 99
80 102
80 104
80 108
80 110
80 111
80 115
80 117
80 133
80 135
80 145
80 146
80 153
80 161
80 172
80 174
80 175
80 192
80 197
80 208
81 1
81 5
81 6
81 14
81 18
81 24
81 28
81 29
81 37
81 41
81 49
81 52
81 56
81 79
81 91
81 93
81 98
81 105
81 115
81 116
81 120
81 126
81 127
81 130
81 133
81 136
81 137
81 147
81 150
81 157
81 174
81 176
81 183
81 185
81 187
81 189
81 199
81 200
81 206
82 18
82 19
82 24
82 25
82 26
82 29
82 34
82 35
82 45
82 58
82 62
82 68
82 72
82 75
82 76
82 78
82 81
82 82
82 88
82 92
82 96
82 100
82 115
82 127
82 130
82 132
82 133
82 135
82 136
82 142
82 143
82 147
82 148
82 149
82 160
82 183
82 185
82 191
82 192
82 194
82 196
82 208
83 1
83 5
83 11
83 14
83 17
83 24
83 25
83 31
83 50
83 52
83 57
83 60
83 61
83 68
83 69
83 70
83 75
83 84
83 85
83 87
83 93
83 101
83 102
83 103
83 105
83 109
83 126
83 127
83 131
83 133
83 134
83 135
83 139
83 148
83 151
83 153
83 161
83 167
83 177
83 182
83 183
83 185
83 189
83 207
83 208
84 3
84 6
84 8
84 23
84 25
84 28
84 37
84 39
84 42
84 45
84 50
84 70
84 71
84 89
84 94
84 102
84 104
84 108
84 121
84 123
84 125
84 128
84 135
84 139
84 147
84 166
84 167
84 170
84 171
84 172
84 175
84 179
84 181
84 184
84 189
84 201
84 204
84 206
85 2
85 3
85 10
85 16
85 19
85 31
85 36
85 38
85 39
85 44
85 52
85 64
85 65
85 71
85 73
85 78
85 81
85 96
85 103
85 105
85 109
85 120
85 123
85 127
85 130
85 133
85 154
85 162
85 167
85 168
85 179
85 180
85 181
85 185
85 190
85 191
85 192
85 194
85 195
85 196
85 203
86 9
86 11
86 14
86 22
86 23
86 35
86 39
86 48
86 51
86 55
86 71
86 73
86 82
86 84
86 92
86 94
86 97
86 105
86 113
86 135
86 138
86 141
86 144
86 146
86 159
86 163
86 175
86 185
86 190
86 196
86 199
86 201
86 203
87 0
87 1
87 3
87 7
87 19
87 20
87 22
87 26
87 30
87 33
87 39
87 40
87 41
87 42
87 48
87 53
87 58
87 63
87 69
87 76
87 87
87 90
87 91
87 96
87 98
87 105
87 107
87 112
87 120
87 121
87 124
87 125
87 128
87 139
87 140
87 142
87 145
87 149
87 150
87 151
87 158
87 173
87 175
87 190
87 192
87 197
87 200
87 204
88 1
88 2
88 9
88 11
88 21
88 27
88 28
88 31
88 33
88 37
88 40
88 42
88 50
88 52
88 55
88 61
88 64
88 70
88 71
88 74
88 83
88 89
88 91
88 102
88 104
88 106
88 108
88 113
88 116
88 121
88 124
88 125
88 128
88 133
88 142
88 144
88 145
88 146
88 159
88 162
88 163
88 165
88 167
88 168
88 173
88 175
88 200
88 208
89 2
89 7
89 14
89 17
89 19
89 37
89 43
89 46
89 49
89 54
89 58
89 60
89 62
89 64
89 67
89 69
89 70
89 75
89 77
89 86
89 90
89 100
89 101
89 104
89 106
89 108
89 110
89 126
89 133
89 134
89 135
89 139
89 149
89 153
89 154
89 157
89 164
89 166
89 168
89 172
89 177
89 200
90 2
90 10
90 12
90 15
90 17
90 20
90 26
90 31
90 42
90 46
90 51
90 55
90 59
90 76
90 84
90 85
90 87
90 88
90 89
90 94
90 110
90 112
90 113
90 115
90 116
90 118
90 125
90 128
90 133
90 135
90 140
90 143
90 147
90 155
90 160
90 161
90 165
90 171
90 175
90 177
90 183
90 186
90 189
90 197
90 198
90 203
90 208
91 0
91 6
91 11
91 13
91 19
91 20
91 26
91 38
91 48
91 58
91 59
91 76
91 78
91 81
91 84
91 85
91 88
91 95
91 105
91 116
91 118
91 123
91 127
91 128
91 133
91 141
91 143
91 149
91 167
91 179
91 185
91 190
91 193
91 195
92 4
92 7
92 12
92 13
92 19
92 24
92 26
92 29
92 45
92 47
92 58
92 59
92 61
92 64
92 65
92 66
92 70
92 74
92 75
92 81
92 91
92 92
92 96
92 97
92 109
92 111
92 118
92 123
92 137
92 142
92 146
92 151
92 154
92 157
92 171
92 174
92 176
92 186
92 188
92 190
93 15
93 18
93 20
93 21
93 24
93 26
93 31
93 44
93 50
93 52
93 56
93 58
93 59
93 65
93 66
93 73
93 80
93 85
93 86
93 105
93 107
93 108
93 109
93 110
93 128
93 130
93 132
93 133
93 135
93 136
93 138
93 140
93 143
93 146
93 157
93 175
93 181
93 198
93 203
93 207
94 2
94 6
94 7
94 9
94 14
94 22
94 28
94 33
94 42
94 49
94 58
94 61
94 66
94 69
94 70
94 77
94 80
94 91
94 95
94 106
94 108
94 111
94 121
94 122
94 124
94 132
94 138
94 149
94 150
94 151
94 154
94 159
94 174
94 178
94 185
94 186
94 188
94 194
94 197
94 199
94 203
94 207
95 0
95 1
95 6
95 9
95 11
95 13
95 18
95 27
95 28
95 29
95 34
95 37
95 44
95 46
95 49
95 59
95 61
95 63
95 64
95 70
95 75
95 76
95 78
95 86
95 87
95 92
95 96
95 101
95 108
95 119
95 120
95 142
95 143
95 156
95 158
95 172
95 178
95 183
95 192
95 196
95 197
96 0
96 5
96 8
96 10
96 11
96 14
96 17
96 18
96 20
96 23
96 29
96 39
96 41
96 46
96 55
96 58
96 66
96 73
96 82
96 85
96 86
96 91
96 95
96 96
96 103
96 107
96 109
96 112
96 119
96 122
96 124
96 125
96 127
96 132
96 134
96 140
96 151
96 156
96 162
96 173
96 183
96 186
96 193
96 204
97 3
97 6
97 7
97 12
97 14
97 19
97 21
97 23
97 27
97 28
97 40
97 52
97 61
97 67
97 70
97 71
97 73
97 76
97 80
97 84
97 95
97 105
97 108
97 113
97 116
97 117
97 120
97 124
97 125
97 129
97 137
97 139
97 140
97 141
97 153
97 155
97 156
97 159
97 168
97 169
97 174
97 176
97 182
97 188
97 193
97 198
97 199
98 0
98 2
98 9
98 18
98 26
98 34
98 44
98 57
98 64
98 67
98 71
98 78
98 84
98 86
98 89
98 91
98 99
98 108
98 111
98 116
98 131
98 134
98 148
98 156
98 159
98 160
98 167
98 170
98 171
98 174
98 175
98 178
98 183
98 189
98 191
98 199
98 200
98 202
98 203
98 207
98 208
99 9
99 12
99 16
99 28
99 30
99 33
99 42
99 43
99 46
99 49
99 52
99 53
99 69
99 71
99 72
99 80
99 84
99 85
99 88
99 98
99 113
99 115
99 117
99 118
99 121
99 125
99 127
99 129
99 135
99 136
99 145
99 152
99 158
99 159
99 161
99 163
99 165
99 173
99 177
99 178
99 182
99 183
99 189
99 191
99 198
99 199
99 205
100 0
100 2
100 7
100 15
100 29
100 31
100 33
100 38
100 44
100 51
100 55
100 58
100 66
100 71
100 74
100 94
100 95
100 106
100 120
100 123
100 128
100 134
100 145
100 157
100 172
100 175
100 183
100 184
100 188
100 192
100 194
100 208
101 1
101 2
101 9
101 19
101 23
101 30
101 31
101 35
101 36
101 39
101 53
101 57
101 62
101 63
101 68
101 69
101 74
101 81
101 91
101 96
101 100
101 101
101 109
101 115
101 130
101 132
101 137
101 145
101 147
101 152
101 153
101 155
101 157
101 171
101 172
101 174
101 176
101 177
101 183
101 185
101 202
101 204
101 207
102 2
102 3
102 6
102 27
102 28
102 31
102 34
102 43
102 45
102 47
102 50
102 52
102 57
102 58
102 64
102 67
102 75
102 86
102 87
102 101
102 106
102 107
102 114
102 117
102 125
102 126
102 132
102 133
102 134
102 150
102 151
102 153
102 154
102 165
102 176
102 178
102 179
102 187
102 189
102 195
102 200
102 205
103 0
103 3
103 4
103 7
103 11
103 17
103 18
103 19
103 21
103 28
103 30
103 43
103 51
103 56
103 57
103 64
103 69
103 71
103 81
103 84
103 85
103 87
103 94
103 101
103 104
103 105
103 108
103 110
103 119
103 127
103 134
103 150
103 164
103 166
103 171
103 172
103 179
103 181
103 187
103 188
103 189
103 193
103 198
103 199
103 202
103 207
104 3
104 9
104 19
104 20
104 26
104 45
104 49
104 50
104 53
104 56
104 63
104 69
104 76
104 83
104 101
104 102
104 111
104 115
104 118
104 127
104 133
104 134
104 137
104 138
104 139
104 144
104 152
104 161
104 162
104 164
104 165
104 166
104 177
104 178
104 190
104 193
104 199
104 200
104 203
104 207
104 208
105 19
105 24
105 26
105 33
105 35
105 46
105 56
105 64
105 65
105 69
105 78
105 81
105 95
105 98
105 99
105 108
105 111
105 114
105 115
105 116
105 122
105 127
105 137
105 138
105 144
105 145
105 147
105 148
105 149
105 151
105 155
105 156
105 160
105 170
105 172
105 176
105 178
105 183
105 185
105 186
105 187
105 191
105 192
105 208
105 209
106 1
106 5
106 14
106 18
106 23
106 25
106 27
106 33
106 36
106 74
106 84
106 88
106 92
106 98
106 101
106 102
106 111
106 121
106 123
106 127
106 133
106 135
106 142
106 151
106 152
106 161
106 171
106 172
106 173
106 175
106 186
106 199
106 200
106 201
106 202
106 204
107 1
107 3
107 7
107 8
107 16
107 19
107 20
107 36
107 67
107 83
107 90
107 113
107 116
107 123
107 126
107 136
107 153
107 154
107 156
107 161
107 166
107 183
107 187
107 195
107 200
107 203
107 208
108 2
108 4
108 7
108 15
108 22
108 26
108 31
108 33
108 36
108 61
108 72
108 74
108 76
108 77
108 86
108 89
108 90
108 91
108 92
108 93
108 94
108 97
108 98
108 100
108 106
108 108
108 112
108 113
108 117
108 119
108 124
108 130
108 131
108 132
108 149
108 154
108 158
108 169
108 174
108 180
108 181
108 187
108 188
108 193
108 198
108 199
108 201
108 207
108 209
109 0
109 4
109 25
109 32
109 34
109 35
109 43
109 64
109 67
109 72
109 81
109 83
109 87
109 90
109 91
109 101
109 110
109 111
109 146
109 152
109 154
109 167
109 170
109 175
109 176
109 183
109 184
109 195
109 201
109 205
109 206
110 1
110 2
110 14
110 15
110 19
110 32
110 34
110 37
110 42
110 48
110 50
110 54
110 56
110 58
110 63
110 86
110 95
110 97
110 108
110 117
110 122
110 130
110 134
110 141
110 163
110 165
110 171
110 178
110 196
110 197
110 205
110 208
111 3
111 7
111 8
111 13
111 18
111 19
111 24
111 29
111 30
111 41
111 44
111 46
111 54
111 59
111 63
111 65
111 68
111 73
111 80
111 90
111 93
111 98
111 104
111 111
111 113
111 122
111 127
111 132
111 136
111 142
111 144
111 146
111 147
111 148
111 153
111 154
111 155
111 157
111 159
111 160
111 162
111 166
111 168
111 173
111 180
111 184
111 191
111 204
111 207
112 4
112 6
112 12
112 13
112 15
112 19
112 22
112 27
112 30
112 42
112 44
112 50
112 55
112 60
112 61
112 65
112 67
112 69
112 74
112 80
112 82
112 96
112 104
112 120
112 122
112 125
112 129
112 132
112 134
112 146
112 155
112 161
112 172
112 173
112 174
112 184
112 185
112 191
112 199
112 202
112 204
112 209
113 2
113 8
113 11
113 21
113 23
113 34
113 37
113 38
113 40
113 42
113 46
113 49
113 52
113 56
113 59
113 67
113 71
113 75
113 81
113 90
113 93
113 96
113 97
113 104
113 105
113 123
113 128
113 131
113 136
113 141
113 142
113 146
113 148
113 153
113 156
113 161
113 166
113 170
113 176
113 180
113 188
113 194
113 196
113 202
113 204
113 207
114 0
114 1
114 3
114 9
114 13
114 15
114 16
114 18
114 25
114 26
114 29
114 34
114 38
114 56
114 57
114 68
114 70
114 76
114 89
114 97
114 99
114 113
114 118
114 130
114 133
114 150
114 152
114 161
114 171
114 173
114 185
114 186
114 188
114 200
114 201
114 205
114 207
114 208
115 2
115 3
115 4
115 6
115 10
115 14
115 18
115 27
115 31
115 43
115 44
115 52
115 58
115 67
115 70
115 74
115 76
115 85
115 89
115 98
115 99
115 104
115 106
115 118
115 126
115 129
115 130
115 133
115 139
115 144
115 158
115 161
115 163
115 166
115 167
115 178
115 187
115 190
115 197
115 201
115 204
115 206
115 208
116 2
116 6
116 8
116 14
116 16
116 24
116 25
116 26
116 30
116 34
116 38
116 41
116 46
116 47
116 48
116 53
116 56
116 57
116 62
116 63
116 66
116 70
116 74
116 77
116 78
116 81
116 88
116 91
116 97
116 98
116 99
116 102
116 106
116 107
116 109
116 114
116 121
116 125
116 128
116 143
116 146
116 148
116 152
116 155
116 157
116 160
116 163
116 164
116 178
116 187
116 190
116 200
116 206
117 6
117 13
117 28
117 31
117 34
117 37
117 52
117 53
117 54
117 57
117 72
117 73
117 77
117 86
117 98
117 105
117 127
117 149
117 154
117 166
117 169
117 173
117 179
117 186
117 190
117 197
117 198
117 199
118 3
118 5
118 9
118 19
118 22
118 26
118 32
118 33
118 36
118 37
118 38
118 40
118 42
118 52
118 53
118 54
118 65
118 93
118 94
118 103
118 107
118 108
118 117
118 118
118 120
118 135
118 139
118 141
118 142
118 149
118 160
118 166
118 168
118 169
118 175
118 177
118 183
118 188
118 189
118 194
118 195
118 198
118 199
118 208
119 9
119 14
119 18
119 19
119 39
119 40
119 46
119 50
119 57
119 61
119 67
119 70
119 72
119 82
119 84
119 87
119 90
119 91
119 99
119 101
119 115
119 117
119 124
119 131
119 132
119 135
119 136
119 142
119 151
119 172
119 174
119 176
119 183
119 188
119 189
119 195
119 197
119 202
120 2
120 20
120 22
120 23
120 37
120 39
120 41
120 42
120 48
120 51
120 58
120 60
120 64
120 67
120 72
120 73
120 78
120 83
120 85
120 88
120 89
120 95
120 107
120 108
120 109
120 112
120 113
120 114
120 119
120 125
120 132
120 139
120 140
120 146
120 153
120 155
120 161
120 165
120 183
120 193
120 199
120 204
120 207
121 12
121 14
121 15
121 18
121 20
121 22
121 28
121 32
121 36
121 37
121 52
121 57
121 60
121 64
121 68
121 71
121 72
121 74
121 76
121 77
121 78
121 81
121 82
121 84
121 86
121 91
121 96
121 103
121 104
121 107
121 117
121 120
121 124
121 126
121 139
121 144
121 146
121 148
121 150
121 158
121 164
121 171
121 176
121 181
121 183
121 185
121 186
121 191
121 193
121 195
121 203
121 206
122 3
122 6
122 7
122 13
122 17
122 21
122 23
122 25
122 35
122 36
122 37
122 41
122 86
122 97
122 98
122 101
122 103
122 105
122 115
122 117
122 119
122 122
122 131
122 136
122 145
122 151
122 155
122 156
122 162
122 170
122 173
122 175
122 184
122 186
122 194
122 195
122 197
122 200
122 204
122 207
123 3
123 12
123 21
123 28
123 29
123 30
123 37
123 55
123 64
123 66
123 68
123 69
123 71
123 85
123 92
123 94
123 98
123 104
123 118
123 119
123 122
123 130
123 134
123 138
123 142
123 143
123 145
123 147
123 152
123 154
123 157
123 160
123 161
123 162
123 166
123 167
123 174
123 175
123 180
123 182
123 194
123 196
123 199
123 204
124 4
124 5
124 12
124 17
124 20
124 21
124 38
124 47
124 50
124 59
124 66
124 81
124 83
124 84
124 85
124 88
124 91
124 92
124 100
124 103
124 107
124 109
124 119
124 122
124 124
124 128
124 155
124 156
124 163
124 178
124 182
124 184
124 195
124 200
125 0
125 1
125 5
125 21
125 24
125 27
125 28
125 33
125 38
125 43
125 52
125 58
125 59
125 82
125 83
125 86
125 87
125 92
125 93
125 94
125 108
125 118
125 122
125 125
125 127
125 135
125 138
125 139
125 145
125 151
125 175
125 180
125 183
125 207
126 2
126 3
126 4
126 5
126 7
126 10
126 13
126 14
126 18
126 24
126 27
126 29
126 43
126 56
126 64
126 70
126 73
126 78
126 88
126 90
126 109
126 112
126 126
126 127
126 141
126 152
126 161
126 163
126 166
126 169
126 170
126 175
126 178
126 189
126 191
126 197
126 198
126 199
126 201
126 205
126 207
127 1
127 3
127 5
127 7
127 25
127 27
127 32
127 33
127 37
127 38
127 40
127 51
127 57
127 60
127 67
127 68
127 74
127 81
127 85
127 91
127 98
127 99
127 101
127 107
127 134
127 138
127 140
127 142
127 167
127 170
127 187
127 204
128 0
128 1
128 10
128 17
128 19
128 21
128 22
128 26
128 28
128 29
128 45
128 62
128 64
128 65
128 69
128 75
128 77
128 79
128 100
128 107
128 112
128 115
128 119
128 127
128 130
128 132
128 133
128 135
128 140
128 149
128 157
128 160
128 161
128 163
128 172
128 174
128 178
128 182
128 186
128 187
128 191
128 193
128 195
128 201
128 203
129 3
129 17
129 21
129 25
129 30
129 31
129 33
129 35
129 38
129 40
129 42
129 43
129 53
129 63
129 64
129 70
129 73
129 87
129 91
129 102
129 103
129 106
129 111
129 114
129 119
129 129
129 131
129 150
129 153
129 154
129 162
129 166
129 185
129 189
129 190
129 196
129 198
129 201
129 207
129 208
130 0
130 13
130 19
130 20
130 21
130 29
130 33
130 34
130 36
130 40
130 50
130 58
130 62
130 71
130 79
130 80
130 83
130 95
130 98
130 113
130 121
130 137
130 139
130 147
130 151
130 152
130 165
130 168
130 171
130 179
130 187
130 192
130 193
130 203
130 205
131 0
131 6
131 10
131 35
131 38
131 40
131 52
131 65
131 67
131 69
131 74
131 76
131 80
131 81
131 84
131 90
131 94
131 95
131 100
131 107
131 109
131 114
131 122
131 131
131 132
131 135
131 141
131 143
131 145
131 150
131 154
131 156
131 158
131 159
131 160
131 165
131 169
131 170
131 176
131 183
131 186
131 187
131 192
131 197
131 203
131 204
131 209
132 1
132 2
132 7
132 8
132 15
132 22
132 29
132 33
132 37
132 38
132 40
132 47
132 51
132 55
132 57
132 64
132 71
132 77
132 84
132 86
132 87
132 92
132 95
132 97
132 103
132 108
132 110
132 112
132 117
132 120
132 122
132 124
132 126
132 130
132 134
132 137
132 139
132 149
132 151
132 158
132 160
132 189
132 192
132 198
133 5
133 11
133 12
133 14
133 17
133 18
133 19
133 23
133 29
133 35
133 39
133 51
133 59
133 61
133 73
133 75
133 77
133 80
133 82
133 84
133 86
133 87
133 97
133 100
133 101
133 102
133 105
133 107
133 108
133 114
133 117
133 118
133 122
133 123
133 135
133 136
133 146
133 149
133 153
133 162
133 167
133 183
133 187
133 194
133 195
133 199
133 200
134 7
134 15
134 32
134 44
134 45
134 51
134 52
134 60
134 66
134 68
134 74
134 89
134 91
134 112
134 113
134 116
134 122
134 124
134 130
134 143
134 146
134 147
134 148
134 150
134 153
134 154
134 156
134 157
134 161
134 163
134 180
134 181
134 188
134 202
134 205
135 9
135 14
135 17
135 24
135 43
135 44
135 48
135 49
135 55
135 65
135 69
135 85
135 89
135 91
135 97
135 111
135 114
135 115
135 116
135 117
135 118
135 126
135 127
135 128
135 135
135 137
135 141
135 143
135 154
135 162
135 165
135 166
135 170
135 174
135 175
135 176
135 178
135 184
135 185
135 188
135 189
135 201
135 202
135 205
135 208
136 2
136 21
136 30
136 32
136 33
136 35
136 42
136 44
136 53
136 56
136 60
136 62
136 68
136 69
136 76
136 78
136 91
136 92
136 93
136 95
136 98
136 100
136 104
136 106
136 108
136 111
136 116
136 117
136 119
136 143
136 149
136 158
136 165
136 167
136 171
136 177
136 182
136 195
136 203
136 204
136 208
137 0
137 1
137 11
137 13
137 22
137 27
137 28
137 35
137 45
137 48
137 56
137 57
137 60
137 64
137 70
137 78
137 87
137 91
137 93
137 99
137 101
137 102
137 107
137 108
137 112
137 115
137 116
137 117
137 121
137 123
137 124
137 136
137 142
137 149
137 163
137 166
137 168
137 174
137 175
137 179
137 184
137 187
137 193
137 195
137 201
137 203
138 6
138 12
138 17
138 22
138 28
138 49
138 50
138 51
138 58
138 62
138 68
138 74
138 77
138 79
138 80
138 83
138 90
138 99
138 108
138 118
138 123
138 124
138 130
138 134
138 142
138 144
138 153
138 155
138 156
138 166
138 171
138 181
138 184
138 185
138 187
138 188
138 190
138 202
138 208
139 0
139 1
139 6
139 17
139 19
139 20
139 28
139 33
139 35
139 37
139 45
139 51
139 52
139 59
139 68
139 69
139 79
139 83
139 89
139 90
139 93
139 95
139 102
139 103
139 108
139 109
139 121
139 123
139 139
139 147
139 159
139 161
139 163
139 165
139 182
139 183
139 207
140 10
140 19
140 33
140 36
140 44
140 45
140 64
140 66
140 70
140 76
140 80
140 83
140 97
140 99
140 103
140 112
140 118
140 121
140 123
140 133
140 136
140 137
140 140
140 147
140 149
140 161
140 162
140 164
140 165
140 172
140 173
140 176
140 177
140 180
140 183
140 186
140 187
140 189
140 202
140 204
140 205
140 209
141 21
141 22
141 25
141 27
141 31
141 50
141 52
141 64
141 70
141 83
141 84
141 90
141 98
141 99
141 105
141 114
141 116
141 118
141 119
141 121
141 122
141 126
141 127
141 137
141 139
141 140
141 166
141 169
141 172
141 174
141 180
141 182
141 183
141 185
141 186
141 187
141 195
141 196
142 1
142 2
142 6
142 9
142 23
142 27
142 29
142 31
142 32
142 36
142 39
142 41
142 43
142 45
142 49
142 52
142 57
142 70
142 82
142 84
142 88
142 103
142 107
142 115
142 120
142 122
142 136
142 141
142 142
142 150
142 153
142 154
142 155
142 163
142 172
142 174
142 175
142 178
142 180
142 184
142 191
142 193
142 201
142 203
142 207
143 0
143 9
143 12
143 14
143 16
143 17
143 19
143 22
143 33
143 41
143 46
143 59
143 72
143 73
143 82
143 89
143 90
143 96
143 103
143 106
143 110
143 112
143 116
143 127
143 133
143 135
143 141
143 145
143 149
143 150
143 153
143 161
143 172
143 175
143 177
143 188
143 195
143 203
143 204
143 207
143 208
143 209
144 3
144 13
144 17
144 20
144 24
144 27
144 30
144 33
144 36
144 51
144 58
144 59
144 61
144 62
144 71
144 88
144 91
144 93
144 106
144 107
144 110
144 113
144 117
144 121
144 132
144 134
144 135
144 139
144 141
144 146
144 149
144 150
144 151
144 161
144 164
144 165
144 175
144 178
144 179
144 181
144 186
144 193
144 195
144 199
144 200
144 203
144 204
145 0
145 5
145 11
145 12
145 14
145 15
145 17
145 26
145 28
145 37
145 41
145 42
145 55
145 57
145 63
145 66
145 73
145 77
145 82
145 86
145 91
145 102
145 110
145 139
145 144
145 153
145 166
145 167
145 172
145 201
145 202
145 206
146 7
146 10
146 11
146 23
146 31
146 35
146 39
146 48
146 53
146 56
146 60
146 65
146 70
146 82
146 87
146 92
146 95
146 98
146 100
146 101
146 103
146 105
146 120
146 126
146 128
146 129
146 130
146 134
146 158
146 159
146 161
146 170
146 172
146 176
146 180
146 182
146 184
146 187
146 195
146 197
146 199
146 203
147 1
147 2
147 19
147 27
147 29
147 37
147 44
147 51
147 55
147 56
147 59
147 65
147 69
147 81
147 87
147 88
147 94
147 111
147 113
147 115
147 129
147 137
147 138
147 139
147 142
147 145
147 150
147 165
147 167
147 182
147 184
147 187
147 208
147 209
148 6
148 11
148 19
148 21
148 42
148 47
148 52
148 56
148 61
148 68
148 72
148 75
148 77
148 88
148 90
148 92
148 93
148 98
148 99
148 104
148 105
148 107
148 110
148 122
148 125
148 132
148 136
148 138
148 146
148 168
148 175
148 179
148 180
148 184
148 192
148 201
148 203
148 206
148 207
148 208
149 3
149 5
149 9
149 13
149 15
149 24
149 36
149 45
149 51
149 55
149 56
149 58
149 60
149 63
149 64
149 66
149 68
149 69
149 74
149 76
149 78
149 87
149 89
149 93
149 94
149 108
149 110
149 111
149 112
149 127
149 130
149 135
149 138
149 141
149 142
149 146
149 148
149 152
149 153
149 154
149 160
149 161
149 163
149 164
149 168
149 173
149 176
149 179
149 181
149 183
149 185
149 191
149 196
149 200
149 205
149 206
149 208
149 209
150 1
150 8
150 10
150 14
150 21
150 27
150 30
150 37
150 48
150 52
150 57
150 60
150 82
150 85
150 86
150 91
150 92
150 93
150 96
150 100
150 105
150 109
150 114
150 115
150 117
150 118
150 122
150 130
150 131
150 132
150 137
150 139
150 146
150 153
150 154
150 155
150 162
150 165
150 172
150 176
150 177
150 184
150 190
150 191
150 206
150 209
151 7
151 8
151 14
151 15
151 16
151 20
151 23
151 27
151 28
151 29
151 32
151 49
151 53
151 55
151 58
151 63
151 67
151 71
151 76
151 80
151 84
151 87
151 96
151 100
151 101
151 103
151 105
151 114
151 122
151 126
151 128
151 131
151 133
151 139
151 143
151 146
151 149
151 152
151 154
151 156
151 159
151 161
151 168
151 171
151 177
151 183
151 197
151 200
151 203
152 0
152 4
152 5
152 10
152 12
152 14
152 20
152 26
152 33
152 34
152 35
152 42
152 44
152 57
152 59
152 61
152 63
152 65
152 81
152 85
152 87
152 93
152 95
152 96
152 97
152 100
152 101
152 115
152 116
152 117
152 119
152 120
152 121
152 133
152 138
152 149
152 151
152 171
152 175
152 184
152 185
152 192
152 197
152 198
152 199
152 206
153 19
153 22
153 36
153 40
153 44
153 46
153 55
153 58
153 59
153 71
153 79
153 81
153 83
153 85
153 100
153 101
153 106
153 107
153 113
153 115
153 124
153 133
153 139
153 140
153 142
153 146
153 163
153 167
153 170
153 178
153 179
153 183
153 188
153 190
153 195
153 197
153 200
153 205
154 8
154 10
154 16
154 19
154 21
154 23
154 27
154 44
154 45
154 46
154 48
154 57
154 60
154 64
154 72
154 77
154 83
154 84
154 85
154 86
154 88
154 102
154 111
154 117
154 119
154 124
154 133
154 139
154 140
154 146
154 156
154 164
154 167
154 171
154 172
154 173
154 176
154 177
154 182
154 183
154 186
154 189
154 195
154 196
154 198
154 201
154 206
155 0
155 4
155 16
155 20
155 23
155 25
155 31
155 33
155 35
155 49
155 51
155 53
155 56
155 60
155 61
155 63
155 64
155 78
155 92
155 108
155 122
155 126
155 131
155 141
155 144
155 146
155 154
155 157
155 160
155 161
155 164
155 167
155 170
155 173
155 181
155 186
155 209
156 6
156 10
156 12
156 16
156 20
156 22
156 25
156 28
156 30
156 36
156 38
156 45
156 47
156 54
156 60
156 61
156 62
156 64
156 67
156 68
156 70
156 82
156 88
156 94
156 98
156 106
156 117
156 118
156 124
156 125
156 127
156 128
156 135
156 136
156 138
156 145
156 149
156 153
156 154
156 158
156 159
156 160
156 172
156 176
156 177
156 188
156 192
156 197
156 198
156 204
156 205
157 2
157 5
157 7
157 13
157 15
157 16
157 23
157 32
157 42
157 47
157 50
157 62
157 78
157 103
157 110
157 112
157 124
157 132
157 133
157 134
157 146
157 149
157 151
157 152
157 161
157 165
157 167
157 179
157 180
157 183
157 186
157 197
157 198
157 200
157 203
157 205
158 0
158 1
158 3
158 5
158 7
158 11
158 12
158 17
158 21
158 32
158 34
158 41
158 42
158 44
158 54
158 56
158 57
158 61
158 66
158 68
158 74
158 82
158 86
158 88
158 89
158 93
158 99
158 100
158 102
158 103
158 104
158 115
158 116
158 121
158 124
158 132
158 139
158 145
158 149
158 164
158 168
158 174
158 178
158 182
158 186
158 187
158 196
158 199
158 204
159 14
159 19
159 24
159 29
159 31
159 35
159 38
159 44
159 48
159 49
159 51
159 52
159 60
159 63
159 72
159 83
159 85
159 86
159 95
159 97
159 101
159 102
159 103
159 104
159 108
159 109
159 114
159 116
159 129
159 134
159 137
159 143
159 146
159 151
159 161
159 164
159 165
159 176
159 177
159 185
159 190
159 193
159 195
159 198
159 199
159 204
159 207
159 209
160 4
160 6
160 30
160 32
160 35
160 49
160 50
160 65
160 66
160 68
160 83
160 91
160 92
160 104
160 106
160 108
160 115
160 119
160 127
160 132
160 138
160 140
160 152
160 162
160 166
160 169
160 172
160 173
160 178
160 180
160 196
160 198
160 202
160 207
160 208
161 6
161 10
161 14
161 17
161 19
161 24
161 28
161 30
161 31
161 35
161 41
161 46
161 54
161 59
161 63
161 65
161 67
161 70
161 72
161 78
161 87
161 89
161 92
161 93
161 94
161 99
161 103
161 109
161 116
161 117
161 122
161 123
161 133
161 136
161 147
161 152
161 158
161 160
161 162
161 164
161 169
161 171
161 174
161 180
161 191
161 202
161 204
162 4
162 7
162 8
162 11
162 12
162 31
162 40
162 41
162 45
162 46
162 51
162 60
162 62
162 63
162 68
162 88
162 92
162 95
162 96
162 99
162 101
162 114
162 115
162 124
162 128
162 129
162 135
162 136
162 137
162 139
162 140
162 144
162 146
162 148
162 153
162 156
162 157
162 159
162 165
162 197
162 200
162 202
162 206
162 207
163 1
163 6
163 12
163 25
163 26
163 32
163 35
163 46
163 54
163 56
163 60
163 63
163 82
163 83
163 90
163 99
163 108
163 109
163 110
163 111
163 114
163 117
163 123
163 124
163 126
163 127
163 139
163 142
163 149
163 151
163 162
163 166
163 189
163 194
163 204
163 206
163 209
164 15
164 16
164 17
164 26
164 29
164 31
164 33
164 35
164 63
164 85
164 96
164 97
164 128
164 138
164 143
164 156
164 158
164 160
164 161
164 165
164 166
164 174
164 177
164 182
164 187
164 189
164 201
165 0
165 8
165 16
165 20
165 21
165 24
165 28
165 31
165 40
165 43
165 48
165 55
165 61
165 67
165 68
165 70
165 78
165 90
165 92
165 104
165 105
165 121
165 126
165 134
165 136
165 137
165 138
165 139
165 140
165 143
165 144
165 149
165 152
165 154
165 160
165 161
165 163
165 165
165 166
165 171
165 177
165 182
165 185
165 188
165 195
165 203
165 208
166 9
166 15
166 18
166 23
166 28
166 39
166 40
166 41
166 44
166 54
166 56
166 57
166 60
166 68
166 88
166 98
166 110
166 113
166 116
166 125
166 132
166 138
166 143
166 145
166 150
166 151
166 160
166 161
166 166
166 173
166 178
166 179
166 184
166 188
166 191
166 206
166 209
167 9
167 10
167 12
167 13
167 16
167 17
167 21
167 28
167 31
167 50
167 52
167 53
167 55
167 75
167 84
167 104
167 112
167 114
167 127
167 131
167 134
167 135
167 141
167 143
167 144
167 146
167 157
167 160
167 164
167 170
167 172
167 176
167 180
167 196
167 200
167 208
167 209
168 2
168 7
168 19
168 22
168 24
168 26
168 28
168 40
168 41
168 51
168 52
168 53
168 63
168 65
168 68
168 69
168 71
168 74
168 77
168 78
168 79
168 81
168 85
168 90
168 96
168 97
168 99
168 103
168 110
168 125
168 131
168 133
168 136
168 137
168 143
168 152
168 153
168 162
168 170
168 179
168 183
168 189
168 195
168 196
168 197
168 199
169 1
169 2
169 4
169 12
169 17
169 20
169 25
169 47
169 54
169 55
169 59
169 60
169 65
169 77
169 84
169 85
169 86
169 89
169 94
169 95
169 96
169 98
169 99
169 105
169 106
169 108
169 109
169 112
169 118
169 126
169 128
169 135
169 136
169 137
169 141
169 149
169 151
169 154
169 158
169 161
169 167
169 172
169 173
169 175
169 179
169 180
169 183
169 187
169 197
169 201
169 206
170 9
170 15
170 16
170 25
170 28
170 30
170 35
170 56
170 66
170 74
170 84
170 87
170 88
170 89
170 90
170 91
170 95
170 98
170 107
170 108
170 109
170 113
170 115
170 116
170 119
170 135
170 137
170 138
170 144
170 152
170 155
170 158
170 160
170 169
170 174
170 175
170 181
170 183
170 188
170 189
170 202
170 206
171 4
171 8
171 9
171 13
171 15
171 23
171 24
171 47
171 48
171 56
171 59
171 60
171 69
171 74
171 77
171 84
171 87
171 89
171 91
171 95
171 105
171 108
171 110
171 114
171 116
171 127
171 136
171 137
171 140
171 142
171 145
171 150
171 157
171 158
171 168
171 174
171 178
171 187
171 188
171 192
171 194
171 200
171 206
172 1
172 4
172 7
172 9
172 21
172 23
172 26
172 29
172 31
172 35
172 46
172 52
172 53
172 55
172 57
172 59
172 60
172 72
172 76
172 80
172 83
172 85
172 90
172 98
172 106
172 111
172 113
172 116
172 122
172 123
172 126
172 132
172 134
172 142
172 148
172 150
172 152
172 160
172 164
172 167
172 168
172 171
172 172
172 173
172 177
172 197
172 198
172 199
172 203
173 0
173 5
173 22
173 24
173 37
173 45
173 46
173 48
173 49
173 51
173 55
173 59
173 62
173 77
173 83
173 93
173 98
173 99
173 109
173 119
173 121
173 123
173 126
173 128
173 131
173 132
173 133
173 156
173 157
173 160
173 179
173 180
173 184
173 187
173 191
173 193
173 199
173 205
174 3
174 4
174 8
174 11
174 13
174 17
174 19
174 21
174 25
174 33
174 42
174 75
174 97
174 98
174 99
174 100
174 106
174 108
174 113
174 119
174 135
174 147
174 148
174 153
174 155
174 156
174 157
174 159
174 163
174 164
174 171
174 172
174 173
174 176
174 180
174 185
174 189
174 194
174 197
174 198
174 199
174 200
175 9
175 25
175 34
175 36
175 55
175 64
175 67
175 77
175 81
175 82
175 86
175 87
175 94
175 97
175 104
175 109
175 110
175 112
175 115
175 119
175 121
175 137
175 141
175 148
175 149
175 152
175 158
175 164
175 165
175 166
175 168
175 175
175 181
175 182
175 187
175 190
175 194
175 197
175 202
175 204
176 11
176 14
176 17
176 18
176 38
176 40
176 45
176 55
176 66
176 67
176 77
176 80
176 81
176 84
176 96
176 98
176 103
176 106
176 109
176 118
176 123
176 125
176 127
176 128
176 130
176 131
176 136
176 137
176 145
176 146
176 149
176 151
176 155
176 167
176 171
176 174
176 179
176 182
176 192
176 196
176 198
177 6
177 10
177 26
177 31
177 34
177 38
177 49
177 51
177 67
177 70
177 71
177 72
177 74
177 84
177 93
177 96
177 100
177 104
177 117
177 118
177 132
177 135
177 138
177 139
177 140
177 141
177 142
177 144
177 146
177 150
177 158
177 167
177 172
177 179
177 181
177 185
177 190
177 191
177 198
177 206
177 209
178 1
178 20
178 25
178 29
178 38
178 39
178 42
178 45
178 56
178 59
178 60
178 88
178 91
178 98
178 102
178 103
178 108
178 110
178 112
178 113
178 118
178 123
178 125
178 134
178 135
178 147
178 152
178 157
178 158
178 160
178 168
178 171
178 173
178 183
178 186
178 188
178 190
178 193
178 194
178 209
179 1
179 14
179 16
179 28
179 30
179 31
179 41
179 42
179 45
179 50
179 53
179 58
179 60
179 65
179 70
179 72
179 90
179 106
179 111
179 112
179 115
179 117
179 126
179 130
179 131
179 137
179 138
179 151
179 152
179 155
179 160
179 172
179 174
179 175
179 176
179 177
179 183
179 193
179 195
179 196
179 199
179 203
179 207
180 2
180 3
180 12
180 13
180 16
180 17
180 20
180 23
180 39
180 40
180 53
180 55
180 56
180 68
180 80
180 81
180 95
180 97
180 98
180 106
180 115
180 120
180 124
180 125
180 127
180 128
180 133
180 143
180 146
180 151
180 163
180 175
180 181
180 184
180 193
180 195
180 196
180 197
180 203
180 206
180 208
181 3
181 11
181 22
181 26
181 33
181 36
181 39
181 52
181 54
181 57
181 60
181 70
181 74
181 81
181 85
181 86
181 90
181 102
181 103
181 104
181 105
181 115
181 120
181 122
181 133
181 134
181 135
181 137
181 139
181 140
181 143
181 144
181 155
181 164
181 178
181 182
181 199
181 200
181 204
181 205
181 206
181 209
182 4
182 43
182 48
182 52
182 54
182 63
182 66
182 70
182 94
182 95
182 103
182 115
182 117
182 124
182 125
182 129
182 132
182 141
182 142
182 144
182 159
182 165
182 174
182 178
182 179
182 183
182 185
182 190
182 193
182 194
182 197
182 204
183 2
183 6
183 9
183 16
183 27
183 36
183 52
183 53
183 75
183 90
183 91
183 93
183 111
183 115
183 120
183 121
183 123
183 128
183 133
183 134
183 141
183 142
183 143
183 146
183 157
183 168
183 169
183 187
183 189
183 190
183 195
183 197
183 201
184 4
184 6
184 8
184 12
184 16
184 19
184 29
184 31
184 42
184 45
184 48
184 50
184 52
184 53
184 54
184 55
184 61
184 71
184 81
184 91
184 92
184 94
184 101
184 102
184 104
184 115
184 117
184 128
184 129
184 134
184 135
184 142
184 144
184 151
184 154
184 164
184 173
184 188
184 191
184 199
184 203
184 208
184 209
185 6
185 7
185 9
185 10
185 11
185 24
185 31
185 35
185 37
185 41
185 44
185 56
185 59
185 65
185 73
185 76
185 89
185 95
185 98
185 101
185 103
185 105
185 106
185 108
185 113
185 116
185 122
185 131
185 132
185 133
185 137
185 141
185 159
185 164
185 172
185 173
185 192
185 199
186 2
186 7
186 8
186 20
186 22
186 34
186 41
186 44
186 48
186 56
186 63
186 71
186 77
186 81
186 83
186 85
186 87
186 91
186 99
186 102
186 108
186 111
186 112
186 113
186 130
186 134
186 136
186 144
186 157
186 159
186 160
186 162
186 167
186 170
186 174
186 175
186 177
186 182
186 183
186 196
186 199
186 200
186 202
186 203
186 207
186 208
187 0
187 2
187 6
187 22
187 29
187 35
187 38
187 42
187 43
187 46
187 49
187 50
187 51
187 60
187 67
187 73
187 77
187 84
187 88
187 95
187 101
187 102
187 105
187 115
187 116
187 147
187 156
187 158
187 160
187 162
187 165
187 167
187 170
187 175
187 182
187 186
187 189
187 190
187 192
187 194
187 198
187 207
188 2
188 11
188 12
188 14
188 20
188 23
188 32
188 43
188 50
188 51
188 54
188 63
188 65
188 69
188 74
188 78
188 82
188 96
188 104
188 106
188 110
188 117
188 118
188 124
188 128
188 132
188 142
188 151
188 152
188 153
188 156
188 159
188 160
188 161
188 171
188 184
188 185
188 202
189 6
189 13
189 17
189 22
189 26
189 28
189 42
189 43
189 45
189 47
189 51
189 58
189 76
189 86
189 88
189 95
189 103
189 114
189 117
189 123
189 124
189 130
189 136
189 148
189 151
189 152
189 158
189 168
189 169
189 186
189 187
189 190
189 192
189 193
189 196
189 197
189 200
189 204
189 206
190 10
190 22
190 30
190 32
190 33
190 37
190 50
190 54
190 64
190 68
190 73
190 74
190 76
190 77
190 81
190 99
190 100
190 116
190 120
190 126
190 132
190 143
190 157
190 159
190 163
190 165
190 179
190 180
190 185
190 194
190 197
190 208
191 2
191 3
191 7
191 11
191 16
191 17
191 21
191 26
191 29
191 38
191 42
191 43
191 48
191 51
191 57
191 59
191 61
191 68
191 70
191 73
191 74
191 76
191 77
191 79
191 82
191 86
191 99
191 101
191 104
191 105
191 114
191 115
191 118
191 119
191 127
191 132
191 135
191 145
191 146
191 150
191 151
191 152
191 153
191 164
191 166
191 170
191 171
191 174
191 177
191 180
191 185
191 190
191 201
191 207
191 209
192 3
192 13
192 16
192 17
192 22
192 40
192 42
192 45
192 60
192 62
192 63
192 64
192 90
192 93
192 94
192 97
192 99
192 104
192 106
192 107
192 109
192 142
192 146
192 157
192 161
192 170
192 185
192 191
192 193
192 199
192 201
192 205
193 5
193 12
193 13
193 19
193 21
193 25
193 27
193 32
193 36
193 39
193 45
193 47
193 61
193 64
193 66
193 70
193 76
193 84
193 94
193 101
193 102
193 104
193 110
193 112
193 114
193 117
193 118
193 121
193 123
193 129
193 140
193 142
193 148
193 152
193 163
193 177
193 178
193 180
193 181
193 185
193 188
193 194
194 5
194 11
194 13
194 17
194 28
194 33
194 36
194 37
194 40
194 44
194 49
194 53
194 55
194 64
194 67
194 74
194 79
194 88
194 89
194 102
194 113
194 127
194 143
194 145
194 146
194 153
194 159
194 166
194 167
194 168
194 171
194 172
194 174
194 177
194 178
194 186
194 189
194 190
194 193
194 202
194 206
194 209
195 6
195 16
195 19
195 21
195 25
195 36
195 46
195 49
195 55
195 60
195 63
195 68
195 71
195 79
195 81
195 100
195 106
195 107
195 111
195 112
195 115
195 122
195 124
195 142
195 165
195 177
195 187
195 192
195 195
195 196
195 200
195 205
195 206
196 0
196 3
196 7
196 21
196 32
196 42
196 43
196 45
196 47
196 52
196 53
196 55
196 61
196 80
196 87
196 90
196 91
196 103
196 114
196 124
196 126
196 129
196 134
196 139
196 141
196 142
196 143
196 148
196 153
196 165
196 175
196 178
196 185
196 186
196 195
196 196
196 197
196 202
196 206
197 4
197 11
197 14
197 15
197 20
197 26
197 37
197 45
197 52
197 54
197 56
197 67
197 69
197 71
197 75
197 86
197 89
197 92
197 119
197 126
197 129
197 136
197 137
197 145
197 153
197 157
197 168
197 172
197 178
197 179
197 180
197 183
197 199
197 205
197 206
197 208
197 209
198 2
198 4
198 7
198 15
198 33
198 35
198 39
198 51
198 52
198 53
198 55
198 56
198 59
198 61
198 72
198 78
198 89
198 99
198 108
198 111
198 115
198 116
198 122
198 136
198 144
198 155
198 157
198 161
198 163
198 166
198 175
198 178
198 182
198 193
198 195
198 196
198 197
198 199
199 6
199 8
199 17
199 18
199 19
199 21
199 30
199 31
199 33
199 37
199 38
199 40
199 46
199 47
199 51
199 60
199 63
199 68
199 69
199 74
199 75
199 76
199 78
199 80
199 86
199 87
199 105
199 112
199 117
199 121
199 132
199 143
199 147
199 149
199 153
199 163
199 166
199 170
199 172
199 189
199 190
199 196
199 201
199 202
199 204
199 207
200 0
200 7
200 10
200 13
200 16
200 17
200 20
200 22
200 29
200 35
200 36
200 39
200 40
200 42
200 44
200 63
200 67
200 70
200 74
200 77
200 81
200 86
200 88
200 89
200 97
200 99
200 104
200 105
200 111
200 116
200 126
200 129
200 133
200 139
200 146
200 149
200 153
200 155
200 156
200 158
200 160
200 161
200 162
200 166
200 172
200 177
200 178
200 183
200 190
200 191
200 195
200 198
200 199
200 202
200 205
200 207
201 19
201 21
201 24
201 26
201 29
201 33
201 38
201 44
201 49
201 55
201 72
201 77
201 82
201 83
201 84
201 92
201 99
201 103
201 112
201 132
201 134
201 139
201 142
201 147
201 153
201 156
201 169
201 172
201 177
201 186
201 191
201 197
201 207
202 2
202 8
202 10
202 13
202 26
202 28
202 35
202 37
202 47
202 48
202 56
202 57
202 58
202 61
202 77
202 81
202 86
202 87
202 93
202 103
202 112
202 113
202 114
202 121
202 128
202 132
202 137
202 138
202 152
202 153
202 157
202 168
202 169
202 174
202 175
202 193
202 209
203 3
203 5
203 17
203 22
203 34
203 36
203 38
203 43
203 61
203 65
203 70
203 71
203 73
203 75
203 84
203 87
203 102
203 114
203 118
203 121
203 122
203 125
203 133
203 135
203 136
203 140
203 143
203 159
203 163
203 164
203 166
203 171
203 178
203 182
203 187
203 202
204 0
204 1
204 4
204 10
204 12
204 16
204 17
204 19
204 27
204 31
204 34
204 37
204 47
204 52
204 54
204 63
204 64
204 87
204 102
204 105
204 118
204 119
204 121
204 123
204 126
204 132
204 133
204 139
204 140
204 145
204 149
204 150
204 155
204 156
204 157
204 160
204 172
204 173
204 174
204 175
204 177
204 179
204 191
204 208
205 3
205 8
205 10
205 13
205 29
205 30
205 35
205 38
205 44
205 46
205 58
205 69
205 70
205 77
205 81
205 92
205 93
205 94
205 95
205 99
205 101
205 103
205 111
205 124
205 132
205 141
205 146
205 147
205 158
205 162
205 164
205 166
205 168
205 169
205 171
205 196
205 202
205 204
206 0
206 1
206 20
206 25
206 37
206 39
206 43
206 45
206 46
206 51
206 55
206 60
206 63
206 70
206 72
206 74
206 79
206 82
206 88
206 103
206 106
206 108
206 117
206 118
206 119
206 123
206 135
206 136
206 147
206 154
206 168
206 172
206 178
206 179
206 185
206 186
206 191
206 198
206 204
206 205
207 3
207 5
207 8
207 11
207 20
207 23
207 26
207 31
207 38
207 46
207 49
207 63
207 68
207 71
207 75
207 87
207 88
207 92
207 98
207 102
207 112
207 114
207 118
207 121
207 123
207 131
207 136
207 140
207 144
207 153
207 165
207 170
207 173
207 176
207 178
207 180
207 181
207 186
207 187
207 189
207 193
207 195
208 1
208 5
208 9
208 10
208 11
208 21
208 22
208 23
208 25
208 28
208 29
208 30
208 37
208 43
208 45
208 53
208 57
208 58
208 63
208 71
208 72
208 81
208 82
208 88
208 92
208 95
208 97
208 102
208 121
208 123
208 124
208 126
208 132
208 133
208 134
208 146
208 149
208 150
208 152
208 176
208 181
208 184
208 186
208 191
208 195
208 198
209 4
209 6
209 7
209 9
209 18
209 20
209 22
209 33
209 35
209 42
209 47
209 56
209 57
209 59
209 60
209 65
209 72
209 77
209 79
209 84
209 85
209 86
209 89
209 91
209 100
209 122
209 123
209 126
209 127
209 128
209 144
209 149
209 151
209 162
209 166
209 167
209 170
209 179
209 184
209 189
209 198
209 201
209 204
