260
13468
0 0
0 10
0 15
0 29
0 32
0 34
0 37
0 39
0 43
0 49
0 59
0 60
0 62
0 63
0 64
0 66
0 74
0 77
0 81
0 87
0 88
0 93
0 106
0 116
0 117
0 118
0 121
0 123
0 124
0 144
0 146
0 157
0 159
0 160
0 161
0 171
0 188
0 195
0 198
0 202
0 203
0 205
0 215
0 223
0 228
0 229
0 235
0 239
0 246
0 248
0 249
0 250
0 252
0 253
1 9
1 18
1 20
1 24
1 30
1 34
1 35
1 52
1 55
1 57
1 70
1 71
1 72
1 82
1 90
1 91
1 95
1 104
1 129
1 138
1 148
1 156
1 157
1 158
1 164
1 173
1 174
1 175
1 182
1 189
1 197
1 200
1 205
1 211
1 215
1 216
1 224
1 231
1 235
1 236
1 239
1 242
1 246
1 253
1 254
1 255
1 257
2 7
2 11
2 19
2 22
2 28
2 33
2 48
2 54
2 55
2 68
2 72
2 86
2 87
2 88
2 91
2 107
2 115
2 122
2 128
2 140
2 141
2 142
2 153
2 154
2 156
2 160
2 163
2 172
2 173
2 180
2 184
2 187
2 189
2 193
2 196
2 197
2 202
2 203
2 205
2 217
2 220
2 224
2 228
2 231
2 236
2 237
2 238
2 248
2 251
2 253
2 259
3 19
3 20
3 22
3 25
3 27
3 37
3 39
3 43
3 48
3 57
3 60
3 63
3 66
3 67
3 70
3 77
3 81
3 86
3 88
3 96
3 97
3 98
3 112
3 116
3 117
3 120
3 121
3 127
3 128
3 133
3 138
3 141
3 145
3 147
3 151
3 155
3 156
3 165
3 173
3 177
3 178
3 181
3 182
3 184
3 186
3 189
3 191
3 194
3 201
3 204
3 213
3 214
3 223
3 228
3 238
3 240
3 247
3 251
3 252
3 255
3 257
3 258
4 5
4 6
4 8
4 13
4 20
4 22
4 26
4 28
4 31
4 32
4 41
4 43
4 52
4 90
4 92
4 98
4 99
4 100
4 113
4 115
4 128
4 129
4 137
4 145
4 146
4 152
4 153
4 155
4 159
4 163
4 164
4 172
4 178
4 191
4 200
4 201
4 205
4 208
4 209
4 210
4 214
4 218
4 220
4 225
4 226
4 228
4 235
4 242
4 243
4 244
4 248
4 254
4 255
4 259
5 4
5 6
5 13
5 20
5 23
5 29
5 39
5 43
5 51
5 54
5 56
5 62
5 63
5 65
5 69
5 70
5 72
5 75
5 78
5 83
5 89
5 94
5 98
5 99
5 102
5 104
5 105
5 111
5 115
5 117
5 119
5 121
5 122
5 129
5 135
5 140
5 142
5 157
5 164
5 165
5 167
5 170
5 192
5 195
5 198
5 214
5 221
5 224
5 228
5 230
5 232
5 233
5 237
5 240
5 241
5 245
6 2
6 4
6 7
6 10
6 18
6 35
6 38
6 42
6 53
6 62
6 65
6 66
6 78
6 85
6 90
6 93
6 97
6 104
6 107
6 111
6 117
6 119
6 122
6 128
6 132
6 140
6 141
6 143
6 144
6 148
6 150
6 153
6 156
6 165
6 167
6 176
6 179
6 187
6 190
6 191
6 198
6 203
6 207
6 214
6 219
6 222
6 235
6 236
6 243
6 249
7 16
7 19
7 24
7 26
7 27
7 29
7 36
7 39
7 40
7 45
7 59
7 68
7 74
7 76
7 79
7 80
7 81
7 95
7 114
7 116
7 121
7 124
7 126
7 129
7 131
7 134
7 135
7 142
7 167
7 170
7 173
7 178
7 179
7 180
7 189
7 194
7 196
7 199
7 200
7 204
7 209
7 211
7 212
7 216
7 218
7 225
7 229
7 236
7 244
7 256
8 2
8 9
8 11
8 29
8 36
8 38
8 42
8 43
8 45
8 63
8 74
8 76
8 79
8 81
8 82
8 85
8 87
8 90
8 94
8 95
8 96
8 100
8 120
8 122
8 132
8 134
8 135
8 138
8 146
8 148
8 153
8 155
8 159
8 163
8 165
8 172
8 177
8 178
8 180
8 181
8 184
8 185
8 190
8 201
8 204
8 209
8 213
8 221
8 226
8 230
8 243
8 244
8 245
8 249
8 250
8 254
8 256
8 257
9 11
9 13
9 16
9 29
9 55
9 65
9 86
9 91
9 92
9 94
9 99
9 108
9 109
9 118
9 128
9 132
9 136
9 139
9 141
9 142
9 145
9 146
9 147
9 150
9 154
9 166
9 169
9 175
9 176
9 202
9 207
9 208
9 209
9 230
9 246
10 2
10 4
10 8
10 10
10 12
10 20
10 22
10 23
10 32
10 34
10 35
10 41
10 43
10 44
10 49
10 51
10 58
10 59
10 66
10 67
10 74
10 88
10 92
10 98
10 105
10 111
10 114
10 115
10 116
10 121
10 122
10 126
10 137
10 141
10 142
10 144
10 146
10 147
10 152
10 153
10 165
10 183
10 184
10 187
10 195
10 202
10 210
10 213
10 216
10 221
10 226
10 233
10 242
10 244
10 245
10 251
11 7
11 19
11 23
11 31
11 33
11 36
11 50
11 53
11 58
11 59
11 61
11 65
11 69
11 74
11 79
11 86
11 87
11 92
11 101
11 103
11 107
11 108
11 111
11 113
11 115
11 119
11 123
11 125
11 131
11 134
11 136
11 143
11 155
11 159
11 161
11 166
11 171
11 188
11 191
11 203
11 207
11 211
11 215
11 216
11 228
11 230
11 238
11 240
11 242
11 249
12 1
12 12
12 13
12 18
12 26
12 27
12 28
12 29
12 32
12 39
12 48
12 49
12 51
12 54
12 61
12 76
12 77
12 78
12 80
12 85
12 86
12 87
12 91
12 95
12 98
12 106
12 109
12 112
12 113
12 121
12 134
12 139
12 148
12 149
12 150
12 156
12 160
12 164
12 178
12 185
12 193
12 205
12 210
12 211
12 212
12 222
12 229
12 233
12 238
12 259
13 11
13 21
13 25
13 26
13 31
13 36
13 37
13 44
13 47
13 49
13 52
13 55
13 58
13 66
13 68
13 79
13 81
13 87
13 101
13 104
13 109
13 113
13 126
13 138
13 174
13 188
13 194
13 195
13 196
13 198
13 206
13 207
13 227
13 252
14 6
14 9
14 22
14 26
14 30
14 35
14 40
14 42
14 53
14 54
14 55
14 60
14 70
14 71
14 72
14 73
14 76
14 77
14 84
14 95
14 97
14 105
14 106
14 110
14 115
14 118
14 119
14 120
14 129
14 142
14 144
14 146
14 148
14 151
14 154
14 159
14 165
14 167
14 173
14 181
14 188
14 195
14 199
14 206
14 211
14 222
14 224
14 225
14 232
14 240
15 2
15 5
15 12
15 18
15 22
15 31
15 34
15 35
15 39
15 41
15 54
15 56
15 58
15 62
15 71
15 74
15 79
15 81
15 95
15 101
15 106
15 110
15 111
15 114
15 135
15 144
15 147
15 151
15 153
15 160
15 163
15 166
15 170
15 171
15 174
15 176
15 181
15 200
15 202
15 217
15 226
15 231
15 234
15 243
15 257
15 258
16 2
16 3
16 6
16 7
16 10
16 11
16 15
16 16
16 17
16 18
16 22
16 31
16 34
16 35
16 36
16 64
16 73
16 75
16 85
16 88
16 89
16 91
16 97
16 106
16 107
16 108
16 110
16 125
16 133
16 138
16 142
16 147
16 149
16 153
16 157
16 161
16 163
16 164
16 166
16 180
16 181
16 184
16 187
16 188
16 195
16 198
16 202
16 205
16 220
16 227
16 228
16 235
16 237
16 238
16 244
16 249
16 254
16 259
17 3
17 5
17 13
17 15
17 30
17 32
17 35
17 37
17 38
17 41
17 43
17 45
17 48
17 62
17 63
17 64
17 71
17 79
17 84
17 89
17 94
17 102
17 103
17 104
17 110
17 125
17 138
17 142
17 143
17 153
17 160
17 161
17 168
17 181
17 192
17 197
17 201
17 204
17 215
17 218
17 219
17 230
17 232
17 239
17 244
17 251
17 254
18 2
18 4
18 6
18 7
18 8
18 11
18 13
18 17
18 35
18 36
18 41
18 43
18 46
18 51
18 57
18 63
18 74
18 78
18 86
18 87
18 90
18 99
18 101
18 113
18 118
18 122
18 129
18 130
18 132
18 144
18 150
18 152
18 158
18 161
18 164
18 167
18 169
18 182
18 188
18 190
18 194
18 202
18 203
18 207
18 211
18 214
18 236
18 239
18 245
18 249
19 7
19 8
19 10
19 11
19 12
19 22
19 23
19 25
19 26
19 29
19 32
19 35
19 43
19 50
19 64
19 66
19 67
19 71
19 72
19 73
19 74
19 82
19 85
19 94
19 95
19 96
19 100
19 111
19 122
19 123
19 124
19 129
19 131
19 137
19 141
19 142
19 144
19 145
19 146
19 149
19 159
19 160
19 162
19 165
19 173
19 176
19 181
19 183
19 195
19 200
19 206
19 208
19 212
19 213
19 215
19 224
19 236
19 237
19 242
19 246
19 257
19 259
20 2
20 5
20 8
20 10
20 13
20 15
20 24
20 37
20 39
20 40
20 48
20 57
20 61
20 63
20 66
20 67
20 68
20 75
20 76
20 80
20 81
20 83
20 91
20 97
20 100
20 111
20 116
20 117
20 122
20 137
20 141
20 149
20 153
20 156
20 157
20 158
20 161
20 164
20 167
20 175
20 186
20 188
20 189
20 194
20 195
20 204
20 205
20 217
20 221
20 251
20 254
20 256
20 259
21 3
21 6
21 14
21 15
21 26
21 35
21 37
21 39
21 46
21 47
21 53
21 59
21 67
21 68
21 70
21 76
21 77
21 79
21 80
21 91
21 96
21 97
21 99
21 102
21 103
21 105
21 113
21 117
21 122
21 123
21 128
21 135
21 144
21 155
21 162
21 178
21 179
21 184
21 185
21 191
21 198
21 204
21 206
21 215
21 221
21 225
21 228
21 230
21 231
21 233
21 234
21 235
21 236
21 242
21 249
21 251
21 254
21 255
22 0
22 1
22 2
22 6
22 13
22 24
22 30
22 32
22 37
22 44
22 46
22 54
22 58
22 67
22 69
22 72
22 81
22 82
22 84
22 87
22 91
22 92
22 104
22 109
22 110
22 111
22 114
22 125
22 127
22 128
22 130
22 133
22 136
22 144
22 150
22 156
22 158
22 160
22 163
22 166
22 170
22 185
22 187
22 189
22 192
22 198
22 202
22 204
22 207
22 210
22 219
22 223
22 232
22 234
22 240
22 244
22 246
22 247
22 248
22 251
23 5
23 21
23 24
23 34
23 38
23 39
23 45
23 46
23 47
23 48
23 61
23 64
23 79
23 83
23 84
23 95
23 96
23 97
23 98
23 102
23 105
23 107
23 117
23 124
23 126
23 130
23 139
23 147
23 148
23 154
23 176
23 186
23 188
23 193
23 200
23 201
23 203
23 220
23 225
23 226
23 227
23 231
23 238
23 240
23 250
23 254
23 257
23 259
24 0
24 4
24 5
24 7
24 8
24 10
24 29
24 39
24 40
24 44
24 45
24 54
24 65
24 78
24 86
24 87
24 88
24 93
24 94
24 107
24 112
24 113
24 132
24 145
24 154
24 158
24 162
24 166
24 171
24 176
24 182
24 189
24 192
24 193
24 202
24 204
24 209
24 210
24 211
24 220
24 221
24 222
24 226
24 236
24 241
24 251
24 254
24 257
24 258
25 0
25 10
25 15
25 23
25 27
25 28
25 30
25 41
25 49
25 61
25 63
25 68
25 70
25 79
25 83
25 84
25 89
25 93
25 94
25 96
25 104
25 116
25 119
25 124
25 127
25 128
25 130
25 133
25 135
25 138
25 140
25 167
25 171
25 172
25 175
25 177
25 178
25 181
25 183
25 184
25 189
25 197
25 199
25 206
25 207
25 213
25 214
25 219
25 237
25 241
25 242
25 246
25 249
25 256
26 1
26 2
26 7
26 8
26 18
26 23
26 25
26 38
26 42
26 48
26 59
26 70
26 74
26 77
26 83
26 93
26 96
26 98
26 103
26 108
26 120
26 127
26 128
26 132
26 137
26 139
26 141
26 143
26 144
26 166
26 180
26 185
26 186
26 194
26 198
26 199
26 218
26 220
26 229
26 233
26 240
26 246
26 250
27 0
27 2
27 4
27 7
27 12
27 18
27 26
27 31
27 39
27 44
27 49
27 51
27 52
27 57
27 58
27 62
27 66
27 69
27 75
27 79
27 87
27 88
27 103
27 111
27 119
27 120
27 143
27 144
27 154
27 162
27 165
27 167
27 168
27 171
27 177
27 178
27 183
27 184
27 200
27 205
27 213
27 224
27 225
27 226
27 233
27 255
28 8
28 9
28 13
28 21
28 30
28 31
28 41
28 42
28 56
28 57
28 59
28 61
28 71
28 76
28 78
28 79
28 90
28 108
28 111
28 114
28 121
28 124
28 126
28 128
28 130
28 132
28 144
28 145
28 147
28 150
28 152
28 160
28 161
28 163
28 170
28 174
28 178
28 180
28 182
28 187
28 188
28 189
28 202
28 204
28 209
28 211
28 214
28 223
28 225
28 226
28 244
28 246
28 258
29 3
29 8
29 19
29 20
29 21
29 29
29 36
29 37
29 39
29 40
29 55
29 56
29 58
29 68
29 72
29 75
29 80
29 81
29 87
29 90
29 92
29 96
29 99
29 104
29 106
29 116
29 126
29 128
29 129
29 130
29 136
29 145
29 148
29 158
29 162
29 170
29 173
29 174
29 175
29 177
29 181
29 185
29 189
29 190
29 195
29 197
29 204
29 209
29 211
29 213
29 214
29 235
29 236
29 238
29 247
29 252
29 257
30 6
30 10
30 14
30 15
30 17
30 20
30 33
30 47
30 51
30 58
30 77
30 83
30 87
30 93
30 98
30 132
30 133
30 139
30 140
30 142
30 146
30 148
30 149
30 161
30 166
30 168
30 170
30 175
30 178
30 182
30 183
30 184
30 190
30 191
30 192
30 194
30 206
30 207
30 218
30 227
30 229
30 238
30 239
30 240
30 247
30 253
31 19
31 22
31 23
31 24
31 39
31 56
31 64
31 69
31 71
31 81
31 82
31 88
31 91
31 102
31 106
31 115
31 130
31 144
31 150
31 163
31 165
31 169
31 170
31 171
31 172
31 183
31 188
31 196
31 199
31 200
31 209
31 219
31 221
31 223
31 232
31 236
31 237
31 238
31 243
31 253
31 255
31 259
32 1
32 6
32 8
32 10
32 22
32 31
32 36
32 37
32 38
32 49
32 50
32 59
32 62
32 63
32 65
32 75
32 80
32 83
32 84
32 89
32 90
32 95
32 97
32 98
32 99
32 100
32 106
32 108
32 109
32 116
32 117
32 127
32 133
32 134
32 137
32 145
32 150
32 153
32 158
32 160
32 163
32 166
32 178
32 180
32 188
32 194
32 198
32 205
32 207
32 209
32 212
32 216
32 222
32 231
32 232
32 237
32 249
32 251
32 255
32 259
33 14
33 19
33 21
33 23
33 26
33 36
33 42
33 44
33 45
33 49
33 60
33 61
33 64
33 65
33 73
33 81
33 86
33 93
33 95
33 97
33 104
33 107
33 116
33 119
33 121
33 125
33 128
33 137
33 140
33 141
33 146
33 156
33 164
33 170
33 173
33 185
33 203
33 210
33 213
33 217
33 224
33 228
33 236
33 240
34 4
34 10
34 12
34 15
34 22
34 33
34 38
34 39
34 50
34 52
34 55
34 59
34 61
34 64
34 67
34 77
34 78
34 79
34 84
34 89
34 90
34 93
34 96
34 99
34 103
34 108
34 117
34 124
34 131
34 132
34 135
34 136
34 137
34 138
34 147
34 150
34 157
34 165
34 170
34 172
34 176
34 181
34 182
34 186
34 190
34 201
34 210
34 213
34 215
34 219
34 226
34 231
34 239
34 250
34 251
34 253
34 255
35 4
35 11
35 18
35 26
35 29
35 35
35 37
35 39
35 45
35 52
35 58
35 60
35 62
35 82
35 84
35 87
35 88
35 93
35 96
35 97
35 100
35 110
35 111
35 115
35 119
35 120
35 121
35 127
35 133
35 135
35 136
35 137
35 138
35 143
35 147
35 149
35 154
35 156
35 158
35 164
35 168
35 169
35 171
35 179
35 183
35 188
35 203
35 204
35 208
35 210
35 219
35 220
35 230
35 234
35 242
35 248
35 250
35 259
36 2
36 3
36 12
36 14
36 16
36 30
36 31
36 41
36 53
36 59
36 64
36 69
36 71
36 73
36 81
36 83
36 105
36 108
36 109
36 112
36 120
36 122
36 123
36 124
36 125
36 128
36 132
36 140
36 143
36 151
36 161
36 178
36 194
36 195
36 203
36 207
36 211
36 212
36 214
36 219
36 223
36 230
36 252
36 258
36 259
37 0
37 3
37 8
37 9
37 12
37 22
37 31
37 43
37 46
37 47
37 59
37 65
37 77
37 80
37 83
37 84
37 87
37 93
37 99
37 114
37 118
37 120
37 128
37 130
37 133
37 135
37 136
37 151
37 155
37 156
37 157
37 160
37 163
37 167
37 168
37 182
37 185
37 187
37 193
37 195
37 197
37 203
37 204
37 210
37 211
37 212
37 215
37 220
37 223
37 227
37 232
37 237
37 239
37 240
37 247
37 251
37 253
37 254
38 4
38 9
38 18
38 21
38 22
38 27
38 41
38 53
38 55
38 58
38 60
38 61
38 67
38 77
38 82
38 89
38 92
38 93
38 94
38 96
38 101
38 111
38 114
38 117
38 119
38 124
38 125
38 136
38 138
38 152
38 159
38 163
38 164
38 174
38 176
38 199
38 205
38 207
38 210
38 211
38 212
38 222
38 226
38 231
38 232
38 236
38 237
38 245
38 254
39 2
39 3
39 9
39 19
39 22
39 24
39 25
39 37
39 52
39 73
39 81
39 85
39 90
39 92
39 93
39 103
39 106
39 109
39 116
39 118
39 119
39 120
39 124
39 136
39 137
39 157
39 160
39 163
39 164
39 167
39 170
39 176
39 196
39 201
39 207
39 208
39 212
39 213
39 215
39 216
39 221
39 222
39 223
39 225
39 240
39 249
39 255
39 257
40 0
40 4
40 6
40 8
40 14
40 23
40 25
40 26
40 36
40 37
40 38
40 46
40 48
40 49
40 56
40 58
40 60
40 62
40 64
40 74
40 81
40 83
40 86
40 96
40 105
40 106
40 107
40 114
40 141
40 145
40 149
40 150
40 151
40 153
40 155
40 159
40 163
40 176
40 188
40 189
40 192
40 193
40 197
40 205
40 211
40 225
40 226
40 236
40 237
40 241
40 243
40 250
40 251
40 252
40 257
41 13
41 14
41 17
41 18
41 20
41 23
41 24
41 35
41 36
41 39
41 42
41 43
41 55
41 66
41 72
41 80
41 86
41 87
41 92
41 99
41 107
41 108
41 116
41 117
41 120
41 121
41 130
41 135
41 140
41 141
41 146
41 152
41 154
41 175
41 176
41 177
41 184
41 186
41 190
41 199
41 203
41 204
41 207
41 209
41 211
41 216
41 217
41 220
41 223
41 233
41 237
41 248
41 254
41 255
41 257
41 258
42 3
42 7
42 9
42 21
42 23
42 27
42 32
42 37
42 56
42 60
42 79
42 81
42 83
42 84
42 87
42 94
42 96
42 99
42 102
42 103
42 117
42 125
42 127
42 128
42 129
42 130
42 133
42 147
42 149
42 160
42 164
42 167
42 175
42 181
42 185
42 186
42 187
42 190
42 192
42 195
42 201
42 203
42 207
42 212
42 213
42 216
42 222
42 226
42 228
42 231
42 239
42 245
42 251
42 258
42 259
43 6
43 12
43 16
43 23
43 25
43 33
43 44
43 49
43 53
43 58
43 62
43 72
43 108
43 109
43 127
43 136
43 140
43 143
43 146
43 151
43 154
43 156
43 159
43 166
43 172
43 181
43 185
43 203
43 206
43 209
43 215
43 226
43 227
43 228
43 230
43 238
43 244
43 247
44 10
44 14
44 15
44 17
44 19
44 22
44 23
44 24
44 27
44 32
44 33
44 43
44 49
44 50
44 59
44 65
44 66
44 71
44 72
44 80
44 83
44 92
44 93
44 97
44 100
44 103
44 109
44 118
44 126
44 130
44 132
44 134
44 137
44 139
44 142
44 145
44 150
44 151
44 153
44 154
44 157
44 159
44 162
44 163
44 164
44 169
44 171
44 173
44 185
44 186
44 193
44 194
44 198
44 200
44 201
44 203
44 209
44 219
44 224
44 227
44 229
44 237
44 240
44 242
44 243
44 246
44 247
44 249
44 252
45 1
45 5
45 9
45 11
45 17
45 22
45 26
45 28
45 33
45 36
45 45
45 49
45 58
45 60
45 74
45 78
45 83
45 84
45 92
45 113
45 116
45 117
45 119
45 120
45 122
45 137
45 139
45 144
45 147
45 155
45 165
45 166
45 171
45 173
45 181
45 184
45 185
45 186
45 189
45 191
45 198
45 206
45 213
45 215
45 219
45 220
45 222
45 229
45 232
45 236
45 237
45 238
45 243
45 245
46 0
46 1
46 3
46 11
46 12
46 15
46 17
46 19
46 34
46 40
46 61
46 63
46 66
46 70
46 79
46 82
46 85
46 89
46 92
46 97
46 100
46 104
46 109
46 118
46 127
46 129
46 133
46 140
46 146
46 155
46 164
46 172
46 174
46 178
46 185
46 190
46 197
46 203
46 206
46 209
46 217
46 235
46 247
46 256
46 258
47 0
47 5
47 6
47 17
47 22
47 24
47 25
47 32
47 34
47 36
47 54
47 56
47 63
47 69
47 74
47 75
47 77
47 79
47 80
47 81
47 82
47 90
47 96
47 97
47 101
47 102
47 111
47 116
47 123
47 128
47 143
47 147
47 148
47 156
47 161
47 163
47 164
47 182
47 186
47 189
47 194
47 198
47 199
47 201
47 202
47 213
47 216
47 231
47 232
47 244
48 12
48 21
48 24
48 30
48 35
48 44
48 54
48 55
48 63
48 64
48 66
48 70
48 77
48 85
48 88
48 91
48 99
48 100
48 117
48 120
48 121
48 122
48 123
48 126
48 131
48 137
48 148
48 151
48 153
48 157
48 164
48 169
48 174
48 175
48 176
48 178
48 180
48 181
48 182
48 185
48 188
48 195
48 197
48 200
48 207
48 211
48 212
48 215
48 219
48 222
48 226
48 231
48 238
48 251
48 252
48 253
49 2
49 7
49 8
49 13
49 14
49 20
49 30
49 31
49 36
49 38
49 43
49 44
49 45
49 55
49 56
49 58
49 60
49 62
49 66
49 71
49 74
49 84
49 92
49 94
49 99
49 106
49 107
49 111
49 116
49 119
49 121
49 130
49 131
49 134
49 135
49 140
49 150
49 157
49 159
49 164
49 167
49 173
49 180
49 188
49 194
49 195
49 210
49 217
49 223
49 226
49 229
49 236
49 243
49 244
49 245
49 249
49 253
50 0
50 2
50 3
50 10
50 18
50 20
50 23
50 33
50 39
50 41
50 44
50 52
50 56
50 72
50 74
50 76
50 84
50 85
50 87
50 88
50 94
50 96
50 103
50 105
50 112
50 113
50 115
50 123
50 124
50 125
50 145
50 149
50 153
50 156
50 163
50 167
50 171
50 174
50 181
50 190
50 192
50 194
50 196
50 206
50 213
50 214
50 219
50 226
50 237
50 250
50 253
50 257
51 0
51 6
51 15
51 21
51 22
51 32
51 35
51 36
51 48
51 53
51 54
51 61
51 65
51 66
51 67
51 68
51 70
51 71
51 73
51 88
51 89
51 95
51 118
51 124
51 133
51 135
51 138
51 142
51 146
51 152
51 153
51 157
51 162
51 170
51 173
51 176
51 177
51 181
51 200
51 204
51 207
51 208
51 210
51 211
51 213
51 217
51 224
51 225
51 227
51 231
51 232
51 233
51 238
51 239
51 243
51 251
52 0
52 1
52 6
52 11
52 16
52 22
52 30
52 39
52 45
52 47
52 51
52 55
52 57
52 59
52 74
52 75
52 77
52 81
52 83
52 88
52 95
52 97
52 98
52 100
52 101
52 104
52 107
52 110
52 114
52 116
52 125
52 132
52 150
52 151
52 152
52 161
52 163
52 166
52 168
52 169
52 173
52 179
52 180
52 186
52 207
52 212
52 218
52 219
52 224
52 227
52 230
52 231
52 232
52 243
52 245
52 255
52 257
53 1
53 7
53 9
53 16
53 17
53 21
53 24
53 26
53 27
53 33
53 37
53 42
53 46
53 51
53 52
53 64
53 70
53 73
53 75
53 77
53 78
53 84
53 93
53 105
53 113
53 114
53 115
53 119
53 124
53 127
53 128
53 129
53 147
53 149
53 155
53 161
53 162
53 170
53 179
53 188
53 197
53 217
53 219
53 237
53 247
53 248
53 250
54 4
54 9
54 11
54 15
54 19
54 25
54 29
54 36
54 38
54 45
54 46
54 48
54 50
54 57
54 60
54 64
54 79
54 82
54 88
54 98
54 104
54 109
54 123
54 126
54 127
54 129
54 136
54 138
54 140
54 149
54 152
54 153
54 164
54 165
54 172
54 183
54 186
54 187
54 198
54 202
54 205
54 215
54 221
54 223
54 232
54 236
54 242
54 246
54 257
54 258
55 7
55 8
55 10
55 31
55 39
55 45
55 47
55 56
55 69
55 73
55 75
55 85
55 90
55 103
55 109
55 116
55 118
55 119
55 122
55 123
55 128
55 131
55 136
55 138
55 147
55 149
55 151
55 158
55 160
55 163
55 174
55 175
55 181
55 183
55 185
55 188
55 194
55 206
55 228
55 231
55 237
55 242
55 243
55 244
55 255
56 8
56 9
56 13
56 17
56 37
56 38
56 40
56 41
56 44
56 48
56 49
56 62
56 72
56 77
56 78
56 89
56 90
56 96
56 102
56 105
56 111
56 118
56 128
56 137
56 146
56 149
56 155
56 164
56 176
56 178
56 181
56 184
56 192
56 197
56 204
56 208
56 212
56 219
56 220
56 237
56 238
56 239
56 240
56 242
56 248
56 249
56 254
57 3
57 7
57 8
57 10
57 15
57 16
57 30
57 34
57 39
57 48
57 54
57 62
57 66
57 80
57 84
57 95
57 111
57 120
57 121
57 131
57 138
57 146
57 149
57 153
57 156
57 157
57 161
57 164
57 166
57 167
57 176
57 177
57 179
57 180
57 184
57 187
57 191
57 194
57 196
57 207
57 208
57 219
57 220
57 223
57 224
57 228
57 237
57 241
57 244
57 249
58 0
58 1
58 2
58 7
58 13
58 29
58 31
58 40
58 43
58 47
58 49
58 51
58 53
58 57
58 64
58 71
58 73
58 76
58 81
58 84
58 86
58 93
58 96
58 100
58 101
58 107
58 120
58 126
58 130
58 135
58 136
58 146
58 160
58 167
58 170
58 174
58 186
58 202
58 203
58 208
58 214
58 229
58 233
58 237
58 240
58 245
58 249
58 255
59 2
59 3
59 9
59 10
59 17
59 18
59 27
59 28
59 29
59 32
59 33
59 35
59 38
59 40
59 44
59 46
59 47
59 60
59 61
59 62
59 63
59 67
59 77
59 83
59 86
59 87
59 89
59 91
59 92
59 98
59 101
59 103
59 109
59 120
59 121
59 126
59 127
59 134
59 136
59 141
59 144
59 149
59 154
59 155
59 156
59 158
59 165
59 176
59 180
59 183
59 188
59 189
59 200
59 202
59 209
59 211
59 214
59 225
59 226
59 231
59 235
59 242
59 246
59 247
59 249
59 251
60 0
60 14
60 16
60 20
60 33
60 36
60 48
60 51
60 57
60 60
60 66
60 67
60 71
60 72
60 79
60 83
60 86
60 91
60 95
60 109
60 118
60 124
60 125
60 128
60 136
60 137
60 142
60 144
60 152
60 155
60 160
60 161
60 167
60 170
60 176
60 177
60 182
60 183
60 186
60 195
60 196
60 200
60 205
60 207
60 229
60 234
60 236
60 238
60 244
60 248
60 250
61 5
61 7
61 11
61 19
61 23
61 27
61 32
61 41
61 50
61 66
61 67
61 68
61 76
61 79
61 88
61 97
61 99
61 101
61 109
61 120
61 128
61 131
61 140
61 141
61 145
61 152
61 155
61 159
61 168
61 177
61 190
61 192
61 194
61 199
61 201
61 206
61 207
61 219
61 220
61 222
61 231
61 234
61 242
61 245
61 246
61 254
61 258
62 12
62 13
62 17
62 29
62 34
62 38
62 40
62 41
62 42
62 51
62 53
62 58
62 59
62 64
62 69
62 74
62 77
62 78
62 82
62 83
62 85
62 86
62 87
62 98
62 112
62 113
62 117
62 126
62 131
62 134
62 137
62 146
62 152
62 154
62 159
62 169
62 187
62 191
62 197
62 205
62 207
62 210
62 224
62 226
62 231
62 232
62 245
62 247
62 252
62 257
62 258
63 7
63 9
63 14
63 21
63 29
63 45
63 46
63 47
63 52
63 56
63 71
63 74
63 78
63 79
63 80
63 82
63 84
63 86
63 89
63 92
63 101
63 103
63 113
63 115
63 121
63 126
63 129
63 141
63 147
63 148
63 151
63 155
63 156
63 162
63 165
63 174
63 176
63 179
63 181
63 183
63 187
63 190
63 196
63 209
63 213
63 215
63 221
63 222
63 230
63 244
63 250
63 251
64 0
64 2
64 11
64 14
64 17
64 18
64 19
64 22
64 30
64 31
64 42
64 55
64 56
64 64
64 67
64 68
64 72
64 75
64 76
64 77
64 85
64 86
64 109
64 110
64 111
64 112
64 121
64 125
64 126
64 130
64 134
64 137
64 146
64 149
64 155
64 156
64 157
64 161
64 162
64 163
64 169
64 185
64 192
64 195
64 196
64 197
64 222
64 224
64 225
64 229
64 231
64 232
64 237
64 239
64 243
64 247
64 255
65 7
65 12
65 16
65 18
65 26
65 35
65 37
65 41
65 46
65 47
65 51
65 60
65 61
65 65
65 72
65 81
65 82
65 86
65 98
65 102
65 104
65 105
65 118
65 123
65 124
65 126
65 137
65 141
65 142
65 148
65 152
65 154
65 155
65 166
65 174
65 175
65 185
65 186
65 190
65 195
65 196
65 213
65 218
65 224
65 231
65 232
65 233
65 241
65 246
66 2
66 8
66 9
66 10
66 13
66 31
66 32
66 41
66 44
66 45
66 50
66 51
66 54
66 55
66 63
66 69
66 73
66 74
66 78
66 81
66 92
66 96
66 100
66 105
66 107
66 108
66 109
66 116
66 122
66 123
66 128
66 131
66 137
66 140
66 150
66 161
66 166
66 170
66 171
66 177
66 180
66 184
66 208
66 209
66 216
66 217
66 219
66 224
66 225
66 226
66 230
66 231
66 238
66 240
66 243
66 252
66 253
67 14
67 15
67 30
67 36
67 37
67 39
67 41
67 43
67 45
67 46
67 47
67 49
67 50
67 58
67 65
67 66
67 68
67 71
67 73
67 81
67 82
67 85
67 92
67 93
67 96
67 97
67 114
67 117
67 122
67 123
67 126
67 133
67 135
67 140
67 147
67 149
67 154
67 157
67 164
67 168
67 179
67 184
67 194
67 197
67 200
67 201
67 206
67 207
67 211
67 215
67 224
67 230
67 231
67 235
67 237
67 243
67 256
67 259
68 3
68 4
68 5
68 10
68 16
68 17
68 25
68 34
68 38
68 50
68 53
68 55
68 71
68 76
68 77
68 79
68 83
68 84
68 87
68 88
68 90
68 93
68 94
68 102
68 106
68 107
68 115
68 124
68 128
68 138
68 144
68 152
68 154
68 159
68 166
68 169
68 170
68 172
68 174
68 175
68 193
68 199
68 220
68 227
68 229
68 235
68 251
68 257
68 258
69 0
69 3
69 9
69 19
69 22
69 28
69 35
69 38
69 41
69 42
69 44
69 45
69 50
69 57
69 60
69 65
69 66
69 68
69 71
69 73
69 76
69 82
69 94
69 95
69 99
69 102
69 107
69 116
69 129
69 131
69 132
69 137
69 139
69 140
69 146
69 147
69 151
69 171
69 181
69 186
69 188
69 193
69 197
69 200
69 202
69 203
69 209
69 215
69 216
69 218
69 220
69 221
69 223
69 230
69 236
69 238
69 248
69 249
69 255
69 258
70 7
70 9
70 10
70 12
70 17
70 18
70 23
70 26
70 29
70 30
70 36
70 43
70 46
70 47
70 62
70 64
70 67
70 68
70 69
70 72
70 74
70 76
70 77
70 79
70 80
70 88
70 89
70 94
70 100
70 101
70 106
70 116
70 132
70 135
70 145
70 150
70 155
70 164
70 166
70 178
70 180
70 181
70 183
70 212
70 213
70 234
70 240
70 244
70 245
70 252
70 255
70 257
71 0
71 1
71 8
71 16
71 20
71 23
71 28
71 32
71 34
71 35
71 48
71 54
71 61
71 72
71 73
71 82
71 84
71 100
71 103
71 117
71 124
71 130
71 131
71 132
71 134
71 136
71 137
71 138
71 142
71 143
71 144
71 146
71 149
71 151
71 152
71 156
71 163
71 168
71 175
71 179
71 181
71 185
71 186
71 192
71 194
71 217
71 219
71 226
71 231
71 233
71 235
71 244
71 246
71 251
71 255
72 0
72 1
72 9
72 23
72 29
72 33
72 38
72 47
72 54
72 57
72 59
72 60
72 63
72 69
72 72
72 79
72 89
72 100
72 106
72 112
72 119
72 120
72 121
72 123
72 124
72 127
72 132
72 136
72 139
72 144
72 169
72 177
72 186
72 187
72 195
72 199
72 203
72 208
72 210
72 226
72 236
72 240
72 253
72 257
73 14
73 17
73 20
73 22
73 24
73 27
73 32
73 42
73 43
73 47
73 66
73 70
73 71
73 76
73 80
73 81
73 96
73 100
73 105
73 114
73 120
73 124
73 128
73 129
73 131
73 132
73 139
73 143
73 145
73 150
73 160
73 165
73 173
73 175
73 176
73 177
73 183
73 187
73 189
73 194
73 206
73 215
73 218
73 221
73 224
73 239
73 248
73 249
74 5
74 8
74 20
74 26
74 27
74 31
74 36
74 39
74 43
74 45
74 54
74 58
74 66
74 68
74 70
74 74
74 79
74 98
74 100
74 107
74 110
74 112
74 113
74 115
74 121
74 124
74 133
74 139
74 146
74 158
74 159
74 164
74 165
74 168
74 172
74 179
74 193
74 217
74 227
74 234
74 237
74 239
74 241
74 248
74 254
74 256
74 259
75 14
75 16
75 28
75 29
75 36
75 39
75 44
75 48
75 61
75 67
75 69
75 75
75 81
75 91
75 94
75 97
75 98
75 101
75 105
75 114
75 117
75 125
75 127
75 138
75 140
75 149
75 151
75 152
75 159
75 164
75 165
75 172
75 174
75 175
75 183
75 185
75 186
75 190
75 193
75 203
75 208
75 213
75 214
75 217
75 226
75 234
75 239
75 250
75 255
75 256
75 258
76 3
76 4
76 7
76 10
76 16
76 18
76 22
76 25
76 27
76 31
76 35
76 40
76 45
76 54
76 60
76 64
76 73
76 83
76 92
76 94
76 98
76 103
76 113
76 121
76 122
76 124
76 129
76 134
76 137
76 144
76 147
76 171
76 184
76 186
76 192
76 204
76 206
76 215
76 218
76 232
76 234
76 237
76 238
76 249
76 256
77 23
77 34
77 35
77 36
77 41
77 43
77 55
77 57
77 63
77 66
77 70
77 75
77 79
77 87
77 95
77 107
77 126
77 132
77 139
77 143
77 148
77 150
77 152
77 160
77 163
77 175
77 178
77 182
77 184
77 188
77 196
77 205
77 207
77 217
77 227
77 234
77 235
77 236
77 237
77 239
77 240
77 250
77 256
77 259
78 2
78 3
78 9
78 10
78 16
78 18
78 21
78 34
78 43
78 44
78 46
78 47
78 48
78 56
78 58
78 60
78 65
78 72
78 92
78 94
78 102
78 104
78 106
78 108
78 113
78 118
78 120
78 124
78 138
78 142
78 145
78 146
78 148
78 152
78 159
78 166
78 169
78 180
78 186
78 191
78 194
78 195
78 196
78 200
78 206
78 216
78 221
78 233
78 236
78 239
78 249
78 252
78 257
79 3
79 6
79 10
79 13
79 16
79 19
79 20
79 22
79 48
79 52
79 55
79 56
79 69
79 70
79 72
79 76
79 85
79 86
79 98
79 100
79 103
79 111
79 113
79 114
79 115
79 116
79 118
79 129
79 144
79 164
79 165
79 167
79 169
79 174
79 175
79 181
79 184
79 191
79 193
79 200
79 203
79 205
79 209
79 213
79 215
79 218
79 222
79 226
79 233
79 235
79 238
79 241
79 244
79 245
79 247
79 252
79 253
79 257
80 21
80 22
80 28
80 34
80 43
80 56
80 60
80 61
80 62
80 65
80 66
80 69
80 82
80 83
80 85
80 88
80 90
80 98
80 102
80 105
80 106
80 108
80 111
80 113
80 115
80 117
80 118
80 126
80 128
80 129
80 146
80 156
80 161
80 184
80 190
80 193
80 194
80 198
80 204
80 218
80 225
80 228
80 229
80 231
80 241
80 247
81 2
81 3
81 6
81 15
81 19
81 20
81 23
81 38
81 41
81 44
81 46
81 51
81 69
81 71
81 85
81 88
81 102
81 107
81 110
81 112
81 116
81 129
81 130
81 133
81 139
81 144
81 155
81 157
81 165
81 175
81 182
81 183
81 187
81 191
81 194
81 206
81 220
81 224
81 230
81 231
81 232
81 234
81 236
81 238
81 242
81 245
81 247
81 250
81 251
82 19
82 27
82 33
82 34
82 35
82 47
82 52
82 53
82 59
82 61
82 72
82 73
82 83
82 84
82 85
82 97
82 102
82 112
82 120
82 121
82 122
82 130
82 131
82 134
82 137
82 148
82 149
82 159
82 166
82 170
82 177
82 186
82 188
82 191
82 195
82 200
82 206
82 211
82 212
82 217
82 219
82 221
82 230
82 235
82 237
82 239
82 242
82 247
82 248
82 252
82 259
83 3
83 4
83 5
83 6
83 14
83 17
83 20
83 27
83 29
83 30
83 36
83 51
83 54
83 56
83 59
83 63
83 66
83 72
83 73
83 74
83 75
83 83
83 95
83 105
83 107
83 108
83 113
83 115
83 116
83 118
83 131
83 136
83 141
83 144
83 145
83 146
83 150
83 155
83 156
83 174
83 175
83 183
83 187
83 189
83 211
83 213
83 214
83 217
83 219
83 223
83 234
83 243
83 247
84 1
84 13
84 20
84 21
84 28
84 29
84 30
84 34
84 35
84 38
84 41
84 52
84 65
84 66
84 69
84 70
84 80
84 86
84 92
84 95
84 97
84 101
84 105
84 116
84 119
84 130
84 134
84 136
84 139
84 143
84 144
84 150
84 152
84 157
84 163
84 164
84 169
84 173
84 175
84 177
84 185
84 188
84 196
84 197
84 198
84 200
84 208
84 216
84 218
84 219
84 226
84 228
84 231
84 232
84 248
84 252
85 4
85 8
85 15
85 16
85 18
85 20
85 25
85 27
85 34
85 38
85 51
85 58
85 65
85 75
85 85
85 95
85 96
85 102
85 120
85 124
85 127
85 129
85 132
85 134
85 135
85 136
85 141
85 143
85 145
85 148
85 153
85 158
85 163
85 166
85 174
85 175
85 184
85 192
85 194
85 201
85 205
85 206
85 210
85 212
85 215
85 220
85 221
85 225
85 226
85 228
85 231
85 232
85 236
85 242
85 246
85 247
85 248
85 253
86 1
86 7
86 24
86 27
86 38
86 48
86 53
86 61
86 68
86 79
86 81
86 83
86 87
86 89
86 94
86 99
86 107
86 117
86 122
86 124
86 129
86 136
86 138
86 141
86 150
86 155
86 157
86 175
86 178
86 180
86 181
86 182
86 189
86 191
86 194
86 214
86 217
86 219
86 220
86 225
86 233
86 237
86 251
86 257
87 15
87 20
87 46
87 48
87 49
87 52
87 54
87 59
87 72
87 75
87 76
87 81
87 83
87 88
87 89
87 90
87 95
87 100
87 104
87 106
87 108
87 113
87 123
87 124
87 125
87 133
87 144
87 148
87 155
87 157
87 160
87 164
87 166
87 173
87 180
87 184
87 200
87 204
87 205
87 208
87 214
87 242
87 246
87 247
87 254
88 3
88 4
88 5
88 12
88 14
88 18
88 22
88 25
88 37
88 43
88 44
88 47
88 50
88 95
88 123
88 132
88 135
88 142
88 151
88 154
88 156
88 158
88 176
88 180
88 182
88 183
88 184
88 185
88 196
88 209
88 212
88 213
88 214
88 222
88 224
88 226
88 247
88 256
89 5
89 6
89 7
89 14
89 16
89 17
89 24
89 26
89 40
89 48
89 55
89 57
89 69
89 72
89 73
89 75
89 83
89 86
89 88
89 90
89 95
89 96
89 100
89 110
89 111
89 124
89 144
89 145
89 149
89 158
89 160
89 166
89 167
89 174
89 183
89 189
89 190
89 192
89 227
89 228
89 233
89 238
89 243
89 246
89 250
89 251
89 253
90 4
90 6
90 13
90 22
90 23
90 30
90 33
90 35
90 36
90 37
90 41
90 45
90 46
90 48
90 56
90 77
90 78
90 95
90 100
90 101
90 111
90 112
90 114
90 116
90 119
90 125
90 126
90 129
90 138
90 139
90 148
90 150
90 155
90 160
90 161
90 163
90 174
90 183
90 194
90 200
90 215
90 220
90 229
90 241
90 243
90 254
91 0
91 4
91 5
91 7
91 16
91 19
91 22
91 30
91 36
91 38
91 41
91 45
91 49
91 51
91 67
91 71
91 79
91 81
91 83
91 90
91 92
91 107
91 111
91 112
91 124
91 125
91 139
91 148
91 155
91 169
91 183
91 184
91 196
91 201
91 203
91 205
91 208
91 216
91 218
91 219
91 220
91 224
91 225
91 238
91 240
91 241
91 246
91 250
91 253
91 257
92 1
92 4
92 9
92 16
92 18
92 19
92 21
92 35
92 43
92 44
92 47
92 50
92 53
92 61
92 64
92 66
92 68
92 69
92 73
92 76
92 96
92 102
92 112
92 114
92 116
92 120
92 122
92 126
92 133
92 137
92 153
92 163
92 176
92 180
92 182
92 183
92 189
92 191
92 193
92 195
92 197
92 204
92 212
92 213
92 227
92 228
92 229
92 231
92 232
92 233
92 236
92 237
92 240
92 243
92 244
92 251
92 252
92 256
92 257
93 4
93 5
93 7
93 10
93 11
93 14
93 15
93 20
93 21
93 30
93 38
93 62
93 68
93 69
93 76
93 78
93 80
93 81
93 82
93 83
93 85
93 86
93 94
93 95
93 96
93 98
93 115
93 116
93 120
93 121
93 122
93 123
93 124
93 126
93 130
93 138
93 146
93 165
93 170
93 173
93 177
93 180
93 183
93 186
93 187
93 190
93 198
93 201
93 203
93 204
93 210
93 212
93 214
93 221
93 223
93 224
93 238
93 241
93 242
93 243
93 246
93 247
93 254
93 255
94 10
94 17
94 20
94 21
94 35
94 40
94 48
94 49
94 59
94 62
94 63
94 64
94 65
94 74
94 78
94 80
94 84
94 85
94 86
94 91
94 92
94 94
94 99
94 108
94 111
94 118
94 125
94 128
94 131
94 136
94 139
94 153
94 168
94 169
94 170
94 176
94 180
94 181
94 182
94 183
94 187
94 190
94 194
94 205
94 210
94 214
94 216
94 235
94 236
94 242
94 251
94 254
95 9
95 17
95 22
95 23
95 27
95 29
95 31
95 34
95 35
95 37
95 54
95 61
95 66
95 70
95 77
95 79
95 94
95 101
95 121
95 124
95 125
95 132
95 133
95 134
95 137
95 138
95 144
95 146
95 172
95 187
95 189
95 191
95 192
95 196
95 200
95 204
95 206
95 209
95 220
95 223
95 224
95 230
95 233
95 235
95 240
95 242
95 246
95 258
96 7
96 21
96 24
96 32
96 35
96 40
96 41
96 52
96 57
96 59
96 62
96 63
96 86
96 95
96 106
96 108
96 110
96 111
96 114
96 127
96 131
96 151
96 154
96 159
96 160
96 173
96 175
96 178
96 179
96 194
96 201
96 204
96 211
96 217
96 218
96 221
96 224
96 233
96 254
96 259
97 1
97 3
97 13
97 17
97 19
97 22
97 23
97 26
97 28
97 32
97 33
97 36
97 57
97 58
97 59
97 61
97 62
97 64
97 68
97 79
97 101
97 103
97 105
97 112
97 113
97 117
97 118
97 123
97 128
97 131
97 133
97 134
97 159
97 163
97 176
97 188
97 196
97 202
97 210
97 217
97 225
97 230
97 231
97 232
97 239
97 241
97 243
97 246
97 257
98 6
98 8
98 9
98 15
98 21
98 23
98 24
98 32
98 35
98 39
98 40
98 44
98 50
98 59
98 67
98 78
98 80
98 95
98 96
98 109
98 112
98 115
98 120
98 123
98 125
98 134
98 138
98 142
98 150
98 152
98 153
98 156
98 173
98 180
98 184
98 191
98 196
98 202
98 203
98 205
98 208
98 209
98 213
98 221
98 236
98 238
98 241
98 249
98 250
98 253
99 7
99 21
99 22
99 27
99 31
99 33
99 38
99 44
99 48
99 50
99 52
99 56
99 59
99 60
99 65
99 67
99 72
99 81
99 84
99 87
99 92
99 119
99 125
99 133
99 142
99 145
99 152
99 155
99 159
99 174
99 183
99 185
99 190
99 194
99 195
99 199
99 200
99 206
99 209
99 213
99 214
99 215
99 218
99 224
99 227
99 230
99 235
99 237
99 239
99 242
99 245
99 250
99 251
99 257
99 259
100 5
100 9
100 14
100 19
100 24
100 30
100 34
100 39
100 44
100 45
100 48
100 50
100 54
100 63
100 74
100 84
100 87
100 89
100 90
100 107
100 108
100 118
100 120
100 126
100 129
100 132
100 137
100 141
100 149
100 152
100 153
100 158
100 161
100 164
100 166
100 173
100 181
100 184
100 190
100 193
100 200
100 201
100 207
100 209
100 213
100 221
100 223
100 229
100 233
100 234
100 247
100 249
100 250
100 251
100 253
100 255
101 1
101 4
101 8
101 13
101 15
101 16
101 23
101 31
101 34
101 36
101 37
101 40
101 44
101 53
101 55
101 59
101 62
101 70
101 71
101 77
101 82
101 84
101 90
101 93
101 102
101 110
101 111
101 112
101 113
101 114
101 122
101 144
101 147
101 149
101 152
101 154
101 156
101 180
101 183
101 184
101 186
101 195
101 199
101 200
101 214
101 215
101 228
101 230
101 231
101 241
101 246
101 250
101 254
102 1
102 5
102 8
102 9
102 10
102 20
102 25
102 26
102 28
102 42
102 43
102 48
102 50
102 56
102 58
102 62
102 73
102 75
102 91
102 93
102 99
102 100
102 101
102 110
102 129
102 133
102 136
102 138
102 140
102 141
102 144
102 148
102 153
102 162
102 163
102 169
102 170
102 179
102 180
102 185
102 186
102 194
102 197
102 210
102 235
102 236
102 246
102 248
102 249
102 253
102 255
102 256
103 2
103 5
103 10
103 14
103 15
103 24
103 29
103 31
103 35
103 53
103 61
103 77
103 84
103 86
103 88
103 89
103 90
103 91
103 93
103 96
103 98
103 107
103 108
103 110
103 124
103 139
103 147
103 153
103 154
103 155
103 171
103 172
103 178
103 182
103 189
103 190
103 193
103 200
103 201
103 203
103 232
103 238
103 241
103 244
103 254
103 257
104 1
104 2
104 12
104 16
104 17
104 22
104 30
104 33
104 34
104 38
104 45
104 49
104 54
104 80
104 82
104 86
104 96
104 106
104 107
104 108
104 114
104 118
104 120
104 128
104 131
104 132
104 134
104 137
104 156
104 170
104 176
104 177
104 181
104 183
104 187
104 191
104 193
104 197
104 203
104 206
104 209
104 212
104 215
104 222
104 226
104 239
104 241
104 242
104 247
104 256
105 1
105 10
105 28
105 35
105 51
105 62
105 67
105 74
105 77
105 83
105 87
105 102
105 111
105 121
105 127
105 137
105 140
105 148
105 149
105 151
105 152
105 155
105 183
105 184
105 190
105 191
105 195
105 201
105 204
105 210
105 218
105 225
105 229
105 232
105 233
105 236
105 237
105 239
105 250
105 256
106 11
106 19
106 20
106 26
106 27
106 30
106 38
106 43
106 44
106 48
106 53
106 55
106 65
106 66
106 69
106 73
106 81
106 82
106 92
106 94
106 95
106 96
106 98
106 102
106 104
106 119
106 120
106 122
106 136
106 141
106 143
106 154
106 162
106 163
106 167
106 172
106 183
106 207
106 208
106 210
106 227
106 244
106 245
106 249
107 0
107 9
107 12
107 15
107 20
107 23
107 29
107 50
107 51
107 54
107 56
107 66
107 73
107 76
107 82
107 86
107 98
107 106
107 109
107 117
107 121
107 122
107 126
107 129
107 131
107 132
107 147
107 159
107 168
107 176
107 178
107 181
107 191
107 197
107 202
107 207
107 223
107 229
107 230
107 232
107 241
107 243
107 244
107 246
107 254
107 255
108 3
108 7
108 8
108 18
108 26
108 45
108 48
108 50
108 51
108 52
108 70
108 79
108 86
108 97
108 102
108 105
108 106
108 108
108 116
108 121
108 126
108 132
108 135
108 141
108 145
108 148
108 149
108 152
108 161
108 174
108 175
108 177
108 179
108 180
108 183
108 185
108 186
108 188
108 197
108 198
108 200
108 206
108 214
108 216
108 217
108 219
108 223
108 224
108 230
108 240
108 245
108 257
109 1
109 18
109 20
109 35
109 43
109 44
109 47
109 55
109 56
109 59
109 63
109 65
109 73
109 74
109 76
109 77
109 84
109 86
109 90
109 92
109 103
109 104
109 110
109 112
109 118
109 127
109 132
109 136
109 143
109 153
109 162
109 166
109 175
109 178
109 184
109 195
109 196
109 199
109 200
109 204
109 209
109 212
109 215
109 219
109 224
109 235
109 236
109 242
109 246
109 251
109 253
109 256
109 258
110 7
110 8
110 12
110 17
110 22
110 27
110 32
110 54
110 68
110 71
110 73
110 78
110 79
110 87
110 88
110 101
110 103
110 108
110 126
110 127
110 129
110 140
110 143
110 147
110 151
110 156
110 157
110 159
110 160
110 180
110 185
110 190
110 194
110 197
110 202
110 203
110 204
110 206
110 207
110 210
110 211
110 214
110 221
110 250
110 251
110 255
111 0
111 11
111 12
111 17
111 19
111 20
111 26
111 27
111 37
111 53
111 63
111 66
111 68
111 80
111 82
111 83
111 84
111 98
111 100
111 108
111 112
111 118
111 119
111 125
111 126
111 127
111 129
111 132
111 143
111 147
111 149
111 157
111 158
111 166
111 168
111 172
111 175
111 181
111 183
111 195
111 202
111 211
111 213
111 214
111 215
111 221
111 224
111 250
111 254
111 259
112 1
112 3
112 10
112 11
112 15
112 24
112 26
112 29
112 34
112 38
112 41
112 50
112 58
112 65
112 66
112 74
112 79
112 82
112 87
112 93
112 105
112 116
112 125
112 128
112 131
112 138
112 140
112 148
112 150
112 160
112 164
112 165
112 166
112 178
112 185
112 198
112 202
112 203
112 208
112 210
112 222
112 228
112 239
112 249
112 255
112 256
112 259
113 3
113 5
113 7
113 15
113 23
113 25
113 27
113 28
113 30
113 31
113 34
113 36
113 54
113 62
113 68
113 70
113 74
113 81
113 82
113 85
113 88
113 106
113 108
113 110
113 117
113 120
113 123
113 125
113 129
113 133
113 134
113 141
113 146
113 148
113 156
113 157
113 165
113 166
113 167
113 170
113 174
113 176
113 177
113 181
113 183
113 184
113 186
113 189
113 201
113 212
113 231
113 237
113 250
114 0
114 1
114 16
114 32
114 38
114 42
114 46
114 48
114 52
114 58
114 59
114 62
114 65
114 72
114 83
114 84
114 93
114 100
114 106
114 118
114 126
114 127
114 130
114 137
114 139
114 142
114 153
114 159
114 161
114 171
114 172
114 175
114 176
114 183
114 187
114 193
114 194
114 198
114 231
114 238
114 243
114 247
114 251
114 253
114 255
115 4
115 6
115 15
115 18
115 23
115 24
115 29
115 30
115 33
115 35
115 36
115 40
115 42
115 49
115 50
115 55
115 61
115 66
115 69
115 71
115 77
115 78
115 81
115 85
115 86
115 94
115 96
115 104
115 108
115 118
115 120
115 121
115 124
115 125
115 142
115 150
115 159
115 163
115 169
115 177
115 195
115 196
115 197
115 201
115 202
115 208
115 219
115 221
115 222
115 225
115 231
115 233
115 234
115 241
115 244
115 245
115 250
116 0
116 1
116 2
116 5
116 8
116 10
116 11
116 16
116 24
116 27
116 38
116 40
116 56
116 57
116 62
116 63
116 70
116 79
116 80
116 81
116 86
116 99
116 102
116 105
116 107
116 108
116 109
116 110
116 121
116 124
116 125
116 131
116 133
116 136
116 142
116 153
116 155
116 162
116 165
116 167
116 178
116 183
116 185
116 187
116 197
116 199
116 207
116 209
116 216
116 224
116 230
116 236
116 248
116 249
116 259
117 0
117 16
117 19
117 28
117 31
117 33
117 36
117 41
117 43
117 45
117 46
117 58
117 62
117 63
117 64
117 65
117 76
117 79
117 82
117 84
117 93
117 99
117 104
117 105
117 116
117 117
117 121
117 131
117 138
117 148
117 150
117 154
117 157
117 160
117 167
117 168
117 169
117 173
117 183
117 187
117 191
117 199
117 200
117 202
117 203
117 205
117 214
117 215
117 218
117 228
117 229
117 234
117 240
117 250
117 254
117 256
118 10
118 12
118 16
118 22
118 23
118 27
118 30
118 32
118 36
118 40
118 41
118 43
118 47
118 48
118 51
118 53
118 62
118 68
118 81
118 90
118 96
118 99
118 101
118 102
118 113
118 115
118 128
118 135
118 137
118 139
118 147
118 173
118 180
118 195
118 198
118 201
118 207
118 209
118 212
118 216
118 222
118 225
118 229
118 244
118 248
118 249
118 253
119 1
119 9
119 15
119 24
119 28
119 31
119 33
119 35
119 37
119 44
119 59
119 60
119 61
119 66
119 70
119 90
119 98
119 100
119 106
119 124
119 125
119 127
119 129
119 135
119 138
119 143
119 144
119 152
119 156
119 164
119 166
119 168
119 169
119 178
119 181
119 183
119 201
119 204
119 208
119 209
119 214
119 217
119 218
119 220
119 228
119 233
119 235
119 238
120 1
120 3
120 10
120 11
120 18
120 33
120 38
120 60
120 69
120 72
120 87
120 98
120 102
120 117
120 118
120 121
120 122
120 144
120 146
120 147
120 151
120 153
120 154
120 165
120 167
120 175
120 177
120 178
120 179
120 183
120 198
120 208
120 216
120 220
120 221
120 230
120 231
120 241
120 242
120 245
120 246
120 247
120 255
120 258
120 259
121 1
121 2
121 3
121 6
121 13
121 24
121 28
121 36
121 43
121 44
121 47
121 51
121 53
121 54
121 55
121 57
121 65
121 71
121 74
121 77
121 82
121 91
121 96
121 104
121 111
121 118
121 120
121 128
121 133
121 144
121 145
121 150
121 154
121 159
121 164
121 165
121 173
121 175
121 177
121 181
121 182
121 187
121 188
121 190
121 191
121 198
121 207
121 211
121 213
121 221
121 224
121 230
121 231
121 235
121 239
121 242
121 245
121 255
122 2
122 12
122 19
122 26
122 32
122 41
122 44
122 46
122 48
122 51
122 52
122 53
122 55
122 58
122 62
122 65
122 69
122 96
122 102
122 107
122 113
122 116
122 118
122 120
122 135
122 136
122 142
122 144
122 145
122 150
122 151
122 153
122 154
122 155
122 156
122 159
122 160
122 166
122 176
122 177
122 182
122 192
122 196
122 198
122 201
122 203
122 204
122 219
122 222
122 232
122 235
122 239
122 246
123 5
123 15
123 42
123 47
123 60
123 69
123 72
123 87
123 88
123 89
123 93
123 94
123 105
123 109
123 114
123 115
123 121
123 124
123 129
123 130
123 131
123 132
123 133
123 142
123 144
123 146
123 156
123 158
123 170
123 174
123 178
123 180
123 184
123 186
123 188
123 195
123 197
123 198
123 199
123 212
123 213
123 219
123 221
123 222
123 225
123 230
123 231
123 235
123 239
123 241
123 243
123 245
123 247
123 249
123 254
123 256
124 9
124 24
124 26
124 29
124 31
124 48
124 50
124 54
124 57
124 59
124 61
124 65
124 68
124 70
124 72
124 83
124 88
124 90
124 91
124 94
124 99
124 105
124 113
124 116
124 117
124 120
124 125
124 128
124 137
124 141
124 144
124 147
124 150
124 151
124 158
124 160
124 162
124 170
124 173
124 180
124 182
124 190
124 193
124 197
124 199
124 212
124 225
124 229
124 236
124 238
124 240
124 242
124 248
124 255
125 2
125 4
125 7
125 8
125 15
125 23
125 25
125 36
125 43
125 45
125 48
125 57
125 60
125 61
125 64
125 69
125 72
125 74
125 76
125 78
125 80
125 81
125 93
125 101
125 103
125 117
125 119
125 122
125 129
125 130
125 137
125 141
125 142
125 147
125 148
125 150
125 156
125 165
125 166
125 170
125 178
125 193
125 207
125 208
125 211
125 221
125 231
125 238
125 239
125 246
125 257
125 259
126 3
126 6
126 13
126 15
126 17
126 22
126 24
126 28
126 33
126 42
126 47
126 48
126 49
126 58
126 59
126 71
126 80
126 85
126 90
126 94
126 95
126 102
126 112
126 113
126 115
126 131
126 133
126 135
126 136
126 139
126 145
126 154
126 194
126 203
126 204
126 206
126 226
126 234
126 242
126 245
126 247
126 253
127 10
127 11
127 17
127 21
127 32
127 34
127 41
127 50
127 78
127 85
127 87
127 92
127 94
127 110
127 111
127 112
127 120
127 121
127 122
127 123
127 124
127 132
127 137
127 145
127 148
127 155
127 166
127 169
127 188
127 195
127 198
127 203
127 205
127 208
127 215
127 217
127 218
127 221
127 222
127 223
127 224
127 228
127 236
127 239
127 242
127 254
128 0
128 4
128 6
128 13
128 14
128 15
128 20
128 21
128 22
128 24
128 36
128 38
128 41
128 44
128 46
128 49
128 52
128 55
128 67
128 69
128 70
128 75
128 80
128 85
128 94
128 95
128 106
128 110
128 114
128 116
128 123
128 126
128 127
128 142
128 143
128 144
128 149
128 156
128 158
128 162
128 164
128 171
128 172
128 178
128 187
128 189
128 190
128 193
128 204
128 211
128 218
128 222
128 223
128 224
128 255
128 259
129 14
129 17
129 22
129 23
129 28
129 40
129 46
129 51
129 59
129 63
129 68
129 69
129 71
129 77
129 78
129 82
129 87
129 92
129 93
129 95
129 96
129 99
129 110
129 113
129 114
129 121
129 124
129 126
129 134
129 135
129 136
129 140
129 143
129 150
129 159
129 172
129 175
129 184
129 188
129 189
129 192
129 193
129 196
129 200
129 210
129 212
129 218
129 221
129 225
129 232
129 235
129 236
129 242
129 248
129 249
129 250
129 258
130 3
130 8
130 13
130 14
130 18
130 28
130 37
130 42
130 63
130 75
130 80
130 83
130 86
130 91
130 97
130 99
130 106
130 112
130 114
130 119
130 126
130 130
130 134
130 135
130 138
130 141
130 145
130 153
130 164
130 167
130 170
130 176
130 186
130 193
130 196
130 199
130 206
130 213
130 219
130 223
130 224
130 227
130 228
130 240
130 246
131 5
131 6
131 9
131 13
131 16
131 20
131 23
131 33
131 36
131 37
131 41
131 42
131 50
131 51
131 55
131 68
131 84
131 92
131 99
131 100
131 101
131 107
131 114
131 118
131 123
131 127
131 128
131 131
131 133
131 138
131 143
131 146
131 147
131 152
131 157
131 162
131 165
131 168
131 173
131 188
131 190
131 192
131 202
131 214
131 215
131 226
131 228
131 230
131 237
131 239
131 243
131 245
131 248
131 252
132 2
132 4
132 10
132 11
132 14
132 15
132 20
132 23
132 29
132 30
132 31
132 57
132 58
132 75
132 77
132 79
132 98
132 100
132 103
132 109
132 111
132 120
132 128
132 135
132 138
132 139
132 140
132 141
132 143
132 148
132 153
132 157
132 159
132 172
132 182
132 186
132 190
132 192
132 193
132 196
132 199
132 227
132 229
132 239
132 240
132 241
132 243
132 250
132 255
133 4
133 6
133 13
133 15
133 17
133 31
133 33
133 34
133 40
133 42
133 43
133 45
133 51
133 53
133 54
133 55
133 58
133 62
133 64
133 68
133 72
133 74
133 75
133 76
133 78
133 86
133 88
133 102
133 105
133 107
133 108
133 110
133 113
133 114
133 116
133 118
133 124
133 131
133 132
133 138
133 140
133 142
133 144
133 147
133 148
133 158
133 160
133 173
133 175
133 177
133 183
133 187
133 189
133 199
133 219
133 226
133 230
133 232
133 234
133 235
133 240
133 256
133 257
134 4
134 7
134 14
134 17
134 22
134 24
134 25
134 29
134 42
134 46
134 50
134 51
134 55
134 61
134 69
134 82
134 86
134 89
134 108
134 114
134 117
134 119
134 123
134 126
134 129
134 134
134 137
134 142
134 147
134 151
134 155
134 163
134 170
134 173
134 192
134 195
134 203
134 205
134 210
134 212
134 217
134 219
134 224
134 229
134 238
134 243
134 249
135 3
135 7
135 35
135 39
135 45
135 51
135 56
135 57
135 58
135 61
135 67
135 77
135 84
135 87
135 98
135 100
135 101
135 106
135 109
135 110
135 111
135 112
135 117
135 118
135 123
135 125
135 127
135 146
135 152
135 155
135 165
135 171
135 173
135 175
135 180
135 193
135 202
135 207
135 211
135 223
135 225
135 240
135 241
135 247
135 248
135 253
135 259
136 2
136 3
136 4
136 9
136 10
136 13
136 14
136 15
136 19
136 21
136 22
136 36
136 38
136 42
136 50
136 61
136 75
136 79
136 80
136 81
136 82
136 84
136 104
136 107
136 111
136 136
136 146
136 150
136 161
136 166
136 167
136 170
136 171
136 178
136 185
136 186
136 189
136 192
136 195
136 199
136 206
136 209
136 211
136 221
136 224
136 226
136 227
136 229
136 244
136 258
137 1
137 4
137 6
137 12
137 15
137 17
137 18
137 24
137 26
137 32
137 35
137 39
137 42
137 44
137 49
137 60
137 73
137 82
137 86
137 91
137 96
137 104
137 110
137 120
137 123
137 126
137 129
137 140
137 141
137 142
137 146
137 149
137 156
137 157
137 164
137 167
137 169
137 171
137 175
137 180
137 182
137 195
137 198
137 199
137 201
137 208
137 209
137 211
137 212
137 221
137 225
137 229
137 234
137 239
137 248
137 252
138 3
138 4
138 6
138 8
138 11
138 14
138 15
138 16
138 19
138 21
138 22
138 27
138 35
138 46
138 49
138 50
138 58
138 59
138 63
138 67
138 68
138 72
138 75
138 78
138 81
138 93
138 94
138 103
138 107
138 108
138 109
138 118
138 124
138 135
138 136
138 139
138 146
138 150
138 152
138 153
138 160
138 161
138 162
138 169
138 177
138 178
138 184
138 198
138 208
138 211
138 212
138 214
138 225
138 231
138 238
138 244
138 250
138 254
139 6
139 8
139 9
139 11
139 23
139 27
139 28
139 29
139 30
139 37
139 55
139 56
139 58
139 60
139 71
139 77
139 78
139 81
139 82
139 85
139 86
139 87
139 90
139 98
139 99
139 101
139 102
139 106
139 108
139 112
139 113
139 117
139 118
139 125
139 126
139 127
139 133
139 136
139 137
139 138
139 142
139 145
139 149
139 150
139 151
139 152
139 158
139 161
139 164
139 168
139 171
139 174
139 178
139 183
139 187
139 188
139 192
139 199
139 206
139 207
139 208
139 213
139 226
139 230
139 247
139 248
139 249
139 251
139 252
139 255
140 19
140 25
140 27
140 35
140 43
140 57
140 58
140 60
140 62
140 67
140 69
140 72
140 76
140 79
140 87
140 90
140 97
140 98
140 99
140 100
140 101
140 113
140 124
140 130
140 131
140 134
140 157
140 160
140 165
140 169
140 170
140 172
140 173
140 176
140 178
140 182
140 185
140 189
140 192
140 202
140 206
140 208
140 214
140 215
140 218
140 226
140 232
140 237
140 238
140 248
140 250
140 251
140 254
141 3
141 4
141 13
141 18
141 28
141 33
141 38
141 44
141 46
141 48
141 56
141 58
141 65
141 75
141 79
141 82
141 89
141 102
141 115
141 119
141 120
141 125
141 126
141 129
141 132
141 136
141 137
141 138
141 141
141 145
141 149
141 161
141 177
141 179
141 184
141 186
141 187
141 192
141 199
141 202
141 203
141 204
141 218
141 222
141 228
141 234
141 235
141 249
141 253
141 258
142 2
142 6
142 10
142 11
142 13
142 14
142 22
142 26
142 29
142 35
142 39
142 41
142 48
142 56
142 60
142 66
142 67
142 76
142 78
142 80
142 95
142 107
142 110
142 116
142 117
142 119
142 123
142 127
142 128
142 131
142 133
142 138
142 143
142 144
142 145
142 153
142 155
142 172
142 173
142 174
142 185
142 187
142 188
142 190
142 210
142 214
142 224
142 225
142 226
142 231
142 235
142 257
143 1
143 5
143 10
143 11
143 12
143 13
143 15
143 16
143 19
143 22
143 36
143 40
143 41
143 43
143 48
143 57
143 60
143 61
143 62
143 65
143 67
143 74
143 89
143 100
143 109
143 111
143 118
143 134
143 136
143 142
143 146
143 152
143 155
143 165
143 177
143 179
143 185
143 188
143 191
143 192
143 196
143 197
143 198
143 208
143 210
143 212
143 229
143 231
143 235
143 239
143 243
143 246
143 257
143 258
144 2
144 7
144 17
144 30
144 33
144 35
144 56
144 58
144 59
144 78
144 80
144 84
144 93
144 94
144 101
144 102
144 108
144 110
144 114
144 119
144 120
144 128
144 129
144 130
144 133
144 134
144 135
144 137
144 138
144 139
144 140
144 143
144 150
144 154
144 157
144 159
144 161
144 169
144 170
144 180
144 185
144 186
144 187
144 190
144 193
144 220
144 221
144 224
144 227
144 229
144 241
144 254
144 256
144 257
144 258
144 259
145 0
145 4
145 6
145 8
145 26
145 30
145 31
145 32
145 41
145 47
145 49
145 52
145 60
145 62
145 68
145 70
145 83
145 88
145 89
145 92
145 93
145 94
145 97
145 104
145 112
145 114
145 121
145 123
145 128
145 130
145 140
145 141
145 169
145 184
145 185
145 191
145 203
145 207
145 210
145 215
145 223
145 230
145 237
145 240
145 244
145 257
146 11
146 12
146 17
146 21
146 22
146 23
146 26
146 31
146 35
146 42
146 45
146 48
146 50
146 53
146 58
146 64
146 80
146 81
146 84
146 88
146 94
146 106
146 121
146 122
146 124
146 126
146 133
146 137
146 139
146 144
146 156
146 169
146 171
146 176
146 185
146 186
146 191
146 207
146 210
146 218
146 231
146 232
146 235
146 236
146 237
146 238
146 241
146 242
146 247
146 251
146 253
147 5
147 16
147 19
147 20
147 22
147 32
147 42
147 45
147 48
147 51
147 52
147 62
147 69
147 72
147 77
147 78
147 79
147 87
147 89
147 92
147 99
147 104
147 106
147 107
147 134
147 140
147 143
147 148
147 157
147 165
147 166
147 182
147 185
147 191
147 195
147 198
147 199
147 204
147 205
147 206
147 216
147 217
147 218
147 220
147 222
147 230
147 231
147 234
147 243
147 244
147 246
148 8
148 12
148 13
148 15
148 19
148 20
148 21
148 24
148 30
148 33
148 36
148 41
148 72
148 73
148 83
148 87
148 88
148 98
148 108
148 121
148 123
148 132
148 134
148 135
148 139
148 140
148 150
148 151
148 163
148 170
148 171
148 172
148 177
148 188
148 190
148 211
148 215
148 218
148 221
148 223
148 232
148 233
148 235
148 236
148 237
148 247
148 254
149 1
149 10
149 15
149 18
149 19
149 28
149 32
149 48
149 60
149 62
149 65
149 70
149 71
149 76
149 85
149 89
149 90
149 111
149 119
149 121
149 122
149 124
149 125
149 136
149 142
149 147
149 153
149 154
149 162
149 164
149 166
149 173
149 177
149 178
149 179
149 186
149 199
149 202
149 208
149 215
149 225
149 229
149 230
149 232
149 234
149 235
149 238
149 247
149 249
149 250
149 251
149 252
149 254
149 255
150 2
150 5
150 6
150 8
150 18
150 26
150 31
150 35
150 41
150 45
150 60
150 63
150 70
150 72
150 77
150 79
150 87
150 93
150 100
150 105
150 110
150 116
150 125
150 135
150 137
150 143
150 148
150 150
150 154
150 162
150 166
150 176
150 179
150 180
150 188
150 189
150 199
150 203
150 204
150 224
150 225
150 228
150 229
150 233
150 235
150 238
150 242
150 246
150 247
150 249
150 253
150 255
151 6
151 8
151 18
151 21
151 23
151 24
151 41
151 42
151 44
151 47
151 49
151 53
151 59
151 68
151 71
151 73
151 78
151 82
151 85
151 88
151 90
151 91
151 92
151 95
151 96
151 97
151 100
151 111
151 112
151 116
151 118
151 130
151 131
151 137
151 143
151 148
151 151
151 154
151 181
151 193
151 195
151 197
151 208
151 215
151 224
151 236
151 243
151 247
151 249
151 254
151 258
151 259
152 2
152 5
152 7
152 14
152 15
152 21
152 27
152 34
152 36
152 44
152 46
152 49
152 55
152 56
152 57
152 64
152 65
152 67
152 69
152 75
152 76
152 78
152 79
152 82
152 91
152 102
152 115
152 117
152 120
152 124
152 129
152 132
152 134
152 144
152 145
152 151
152 165
152 167
152 173
152 174
152 178
152 180
152 185
152 194
152 195
152 204
152 205
152 206
152 211
152 212
152 214
152 216
152 220
152 222
152 232
152 236
152 240
152 243
152 244
152 247
152 255
153 1
153 8
153 38
153 40
153 67
153 84
153 94
153 96
153 97
153 101
153 103
153 104
153 105
153 106
153 116
153 122
153 123
153 128
153 137
153 138
153 145
153 147
153 157
153 162
153 169
153 170
153 181
153 182
153 185
153 190
153 199
153 200
153 203
153 205
153 207
153 211
153 213
153 215
153 221
153 224
153 229
153 232
153 233
153 235
153 236
153 238
153 244
153 247
153 249
153 254
154 1
154 17
154 18
154 31
154 34
154 36
154 37
154 38
154 48
154 54
154 65
154 70
154 72
154 78
154 81
154 84
154 85
154 87
154 97
154 101
154 104
154 105
154 117
154 118
154 123
154 124
154 128
154 132
154 138
154 151
154 154
154 155
154 165
154 166
154 171
154 173
154 174
154 175
154 178
154 181
154 182
154 185
154 186
154 187
154 195
154 198
154 200
154 208
154 225
154 227
154 234
154 236
154 239
154 249
154 250
154 252
154 253
155 8
155 13
155 18
155 19
155 24
155 25
155 32
155 44
155 53
155 54
155 55
155 61
155 63
155 66
155 68
155 84
155 85
155 89
155 91
155 95
155 99
155 102
155 106
155 110
155 112
155 113
155 115
155 118
155 119
155 121
155 150
155 152
155 159
155 163
155 168
155 170
155 174
155 178
155 187
155 191
155 207
155 219
155 220
155 228
155 232
155 237
155 240
155 243
155 253
155 256
155 257
155 258
156 11
156 16
156 18
156 30
156 47
156 48
156 60
156 61
156 63
156 66
156 69
156 71
156 73
156 80
156 81
156 87
156 90
156 105
156 106
156 108
156 113
156 114
156 115
156 120
156 130
156 133
156 149
156 160
156 164
156 168
156 171
156 172
156 173
156 182
156 185
156 197
156 198
156 199
156 201
156 207
156 212
156 213
156 220
156 223
156 226
156 229
156 232
156 237
156 239
156 241
156 245
156 248
156 252
156 254
156 256
157 15
157 26
157 33
157 42
157 44
157 53
157 60
157 64
157 65
157 68
157 81
157 89
157 94
157 96
157 101
157 104
157 110
157 116
157 119
157 120
157 126
157 132
157 133
157 137
157 142
157 146
157 149
157 154
157 159
157 163
157 167
157 172
157 178
157 181
157 189
157 191
157 193
157 195
157 196
157 197
157 199
157 200
157 203
157 213
157 214
157 215
157 216
157 218
157 222
157 226
157 228
157 240
157 242
157 244
157 247
157 250
157 256
158 6
158 7
158 8
158 10
158 15
158 18
158 19
158 23
158 27
158 28
158 36
158 38
158 39
158 47
158 51
158 53
158 57
158 59
158 65
158 67
158 73
158 76
158 81
158 83
158 87
158 90
158 99
158 100
158 102
158 103
158 104
158 112
158 115
158 125
158 129
158 130
158 138
158 141
158 142
158 145
158 147
158 148
158 157
158 160
158 166
158 167
158 173
158 182
158 185
158 195
158 196
158 199
158 206
158 211
158 212
158 214
158 221
158 223
158 229
158 240
158 243
158 246
158 247
158 251
158 254
158 256
159 1
159 4
159 19
159 20
159 22
159 25
159 27
159 28
159 30
159 36
159 37
159 57
159 62
159 64
159 73
159 80
159 91
159 92
159 93
159 100
159 102
159 114
159 118
159 123
159 129
159 135
159 153
159 157
159 161
159 163
159 166
159 168
159 180
159 182
159 183
159 187
159 193
159 194
159 202
159 206
159 209
159 222
159 244
159 246
159 248
159 250
159 251
160 2
160 7
160 8
160 15
160 22
160 39
160 40
160 41
160 42
160 60
160 68
160 71
160 80
160 87
160 92
160 99
160 105
160 108
160 109
160 112
160 116
160 117
160 132
160 134
160 139
160 168
160 171
160 173
160 175
160 177
160 180
160 195
160 203
160 212
160 219
160 226
160 229
160 231
160 232
160 234
160 237
160 241
160 242
160 249
161 0
161 5
161 14
161 19
161 20
161 25
161 28
161 33
161 34
161 43
161 44
161 46
161 49
161 56
161 64
161 67
161 68
161 73
161 77
161 79
161 81
161 86
161 88
161 91
161 106
161 110
161 111
161 115
161 122
161 125
161 126
161 127
161 137
161 144
161 152
161 163
161 164
161 166
161 172
161 173
161 177
161 180
161 183
161 184
161 195
161 199
161 208
161 217
161 219
161 230
161 235
161 237
161 239
162 0
162 13
162 15
162 18
162 22
162 27
162 32
162 33
162 36
162 42
162 49
162 52
162 58
162 63
162 64
162 70
162 71
162 73
162 74
162 76
162 83
162 88
162 89
162 90
162 93
162 96
162 100
162 102
162 107
162 109
162 110
162 111
162 121
162 123
162 127
162 128
162 132
162 134
162 135
162 149
162 151
162 154
162 163
162 165
162 169
162 171
162 189
162 192
162 199
162 200
162 213
162 216
162 223
162 228
162 231
162 232
162 239
162 242
162 243
162 245
162 254
162 255
162 257
162 258
163 3
163 14
163 18
163 25
163 26
163 31
163 66
163 72
163 83
163 89
163 97
163 98
163 100
163 104
163 108
163 109
163 111
163 117
163 125
163 127
163 129
163 133
163 137
163 140
163 141
163 152
163 157
163 159
163 162
163 163
163 165
163 171
163 172
163 176
163 178
163 183
163 185
163 188
163 189
163 193
163 197
163 213
163 223
163 233
163 241
163 245
163 251
164 8
164 19
164 27
164 33
164 43
164 45
164 46
164 54
164 65
164 68
164 69
164 73
164 76
164 90
164 95
164 103
164 105
164 108
164 110
164 113
164 116
164 117
164 120
164 126
164 135
164 140
164 148
164 150
164 151
164 152
164 170
164 172
164 173
164 174
164 177
164 178
164 180
164 182
164 187
164 198
164 207
164 212
164 223
164 226
164 230
164 232
164 240
164 241
164 242
164 244
164 249
164 255
165 3
165 11
165 17
165 24
165 30
165 35
165 45
165 49
165 52
165 59
165 66
165 68
165 77
165 83
165 88
165 96
165 97
165 104
165 106
165 110
165 118
165 119
165 120
165 133
165 136
165 150
165 155
165 160
165 177
165 181
165 185
165 187
165 188
165 203
165 206
165 207
165 215
165 221
165 224
165 227
165 228
165 234
165 249
165 256
166 4
166 11
166 16
166 37
166 39
166 42
166 43
166 48
166 50
166 53
166 55
166 60
166 63
166 65
166 76
166 77
166 78
166 86
166 97
166 99
166 100
166 106
166 107
166 109
166 112
166 123
166 124
166 130
166 132
166 137
166 141
166 145
166 153
166 159
166 160
166 161
166 179
166 196
166 197
166 198
166 199
166 205
166 213
166 223
166 227
166 228
166 230
166 240
166 242
166 248
166 253
167 3
167 13
167 17
167 21
167 31
167 32
167 37
167 42
167 50
167 53
167 59
167 62
167 67
167 69
167 72
167 77
167 78
167 88
167 89
167 91
167 94
167 100
167 107
167 112
167 116
167 119
167 123
167 133
167 137
167 139
167 167
167 174
167 192
167 197
167 200
167 203
167 205
167 208
167 210
167 213
167 217
167 220
167 223
167 224
167 230
167 235
167 238
167 249
167 251
167 256
167 258
168 6
168 7
168 16
168 18
168 23
168 25
168 31
168 40
168 44
168 49
168 52
168 57
168 61
168 62
168 71
168 73
168 76
168 82
168 83
168 89
168 90
168 92
168 100
168 104
168 119
168 120
168 123
168 147
168 152
168 157
168 159
168 163
168 170
168 180
168 186
168 199
168 203
168 211
168 212
168 213
168 216
168 218
168 232
168 233
168 234
168 238
168 248
168 253
168 254
168 257
169 11
169 15
169 16
169 18
169 22
169 47
169 55
169 57
169 67
169 93
169 96
169 98
169 102
169 112
169 116
169 123
169 125
169 129
169 131
169 134
169 135
169 137
169 139
169 142
169 144
169 153
169 164
169 168
169 174
169 179
169 183
169 185
169 187
169 191
169 195
169 197
169 199
169 200
169 203
169 206
169 211
169 218
169 219
169 223
169 225
169 233
169 235
169 236
169 237
169 238
169 240
169 245
169 247
169 254
169 255
170 11
170 14
170 16
170 28
170 34
170 44
170 45
170 50
170 53
170 59
170 60
170 61
170 73
170 77
170 78
170 85
170 87
170 96
170 97
170 109
170 114
170 120
170 124
170 128
170 132
170 133
170 134
170 139
170 143
170 146
170 150
170 151
170 159
170 171
170 172
170 175
170 178
170 179
170 188
170 192
170 195
170 197
170 200
170 201
170 205
170 212
170 213
170 234
170 243
170 250
170 251
170 252
170 253
170 254
170 255
171 6
171 8
171 27
171 33
171 40
171 41
171 48
171 54
171 55
171 63
171 64
171 69
171 74
171 86
171 87
171 105
171 109
171 112
171 113
171 114
171 124
171 126
171 129
171 139
171 140
171 152
171 154
171 155
171 160
171 161
171 172
171 187
171 188
171 190
171 202
171 205
171 214
171 218
171 220
171 222
171 231
171 232
171 235
171 239
171 240
171 241
171 242
171 248
171 252
171 256
172 2
172 5
172 8
172 10
172 13
172 16
172 23
172 24
172 36
172 37
172 39
172 46
172 47
172 60
172 61
172 64
172 67
172 73
172 77
172 78
172 86
172 90
172 106
172 111
172 116
172 117
172 129
172 142
172 149
172 153
172 156
172 163
172 165
172 168
172 171
172 179
172 186
172 192
172 195
172 204
172 205
172 215
172 216
172 220
172 221
172 224
172 226
172 240
172 241
172 245
172 257
173 0
173 3
173 4
173 10
173 11
173 13
173 14
173 17
173 18
173 22
173 25
173 27
173 34
173 40
173 44
173 45
173 46
173 48
173 53
173 57
173 60
173 61
173 63
173 80
173 83
173 86
173 91
173 96
173 98
173 102
173 105
173 110
173 112
173 113
173 115
173 116
173 123
173 124
173 126
173 132
173 190
173 193
173 194
173 196
173 199
173 205
173 209
173 210
173 211
173 220
173 223
173 234
173 239
173 244
173 245
173 252
173 256
174 0
174 2
174 3
174 5
174 8
174 11
174 27
174 29
174 30
174 33
174 42
174 46
174 47
174 51
174 61
174 73
174 81
174 82
174 84
174 89
174 92
174 98
174 100
174 106
174 107
174 110
174 116
174 127
174 130
174 131
174 134
174 135
174 138
174 141
174 158
174 159
174 169
174 182
174 184
174 188
174 203
174 207
174 226
174 228
174 234
174 235
174 237
174 238
174 239
174 243
174 248
174 253
174 257
174 258
174 259
175 2
175 7
175 9
175 10
175 12
175 13
175 15
175 19
175 24
175 31
175 40
175 41
175 48
175 50
175 61
175 69
175 75
175 80
175 103
175 108
175 109
175 111
175 122
175 128
175 141
175 147
175 150
175 165
175 188
175 196
175 201
175 207
175 210
175 217
175 234
175 240
175 245
175 247
175 250
175 251
175 252
175 259
176 0
176 2
176 7
176 9
176 23
176 24
176 29
176 30
176 32
176 33
176 45
176 48
176 50
176 54
176 55
176 57
176 59
176 61
176 62
176 67
176 70
176 74
176 80
176 82
176 86
176 87
176 90
176 93
176 99
176 103
176 104
176 105
176 114
176 117
176 118
176 120
176 122
176 126
176 133
176 139
176 150
176 162
176 176
176 194
176 195
176 204
176 210
176 211
176 212
176 219
176 221
176 232
176 238
176 242
176 243
176 247
176 256
177 9
177 11
177 19
177 21
177 26
177 27
177 29
177 37
177 38
177 45
177 49
177 56
177 58
177 59
177 65
177 74
177 93
177 94
177 97
177 98
177 101
177 113
177 123
177 144
177 148
177 166
177 172
177 177
177 178
177 183
177 195
177 217
177 218
177 223
177 228
177 230
177 231
177 232
177 240
177 246
177 250
177 255
177 256
177 259
178 0
178 4
178 5
178 11
178 23
178 25
178 38
178 46
178 47
178 48
178 59
178 60
178 67
178 77
178 82
178 83
178 94
178 115
178 117
178 122
178 135
178 137
178 145
178 150
178 151
178 153
178 165
178 176
178 178
178 187
178 191
178 193
178 196
178 203
178 211
178 212
178 217
178 225
178 226
178 230
178 235
178 237
178 244
178 246
178 248
178 249
178 253
179 1
179 27
179 33
179 34
179 36
179 54
179 56
179 59
179 67
179 68
179 70
179 79
179 83
179 87
179 95
179 99
179 101
179 106
179 108
179 111
179 113
179 114
179 118
179 127
179 138
179 140
179 145
179 146
179 151
179 152
179 154
179 161
179 165
179 166
179 179
179 181
179 185
179 193
179 195
179 196
179 207
179 214
179 217
179 219
179 222
179 228
179 241
179 242
179 244
179 245
179 251
179 252
179 254
180 8
180 11
180 12
180 14
180 20
180 28
180 29
180 39
180 40
180 43
180 53
180 68
180 71
180 73
180 74
180 75
180 78
180 80
180 89
180 102
180 105
180 106
180 107
180 111
180 115
180 116
180 117
180 119
180 120
180 121
180 122
180 124
180 128
180 135
180 150
180 157
180 171
180 175
180 178
180 179
180 185
180 189
180 192
180 197
180 201
180 204
180 207
180 214
180 221
180 223
180 226
180 230
180 232
180 240
180 252
180 254
180 255
181 4
181 16
181 18
181 26
181 29
181 35
181 42
181 43
181 45
181 50
181 51
181 69
181 71
181 72
181 80
181 82
181 91
181 94
181 96
181 110
181 114
181 116
181 124
181 125
181 130
181 131
181 134
181 144
181 145
181 152
181 157
181 162
181 170
181 175
181 176
181 184
181 185
181 192
181 193
181 194
181 197
181 198
181 201
181 211
181 213
181 218
181 223
181 229
181 238
181 239
181 243
181 246
181 257
182 0
182 1
182 2
182 4
182 9
182 10
182 11
182 13
182 14
182 16
182 20
182 31
182 35
182 36
182 42
182 62
182 67
182 72
182 73
182 75
182 85
182 96
182 100
182 106
182 107
182 108
182 113
182 115
182 116
182 117
182 118
182 119
182 128
182 129
182 137
182 139
182 142
182 144
182 149
182 152
182 154
182 164
182 169
182 170
182 201
182 203
182 205
182 211
182 219
182 221
182 228
182 231
182 232
182 234
182 239
182 247
182 250
182 254
182 259
183 5
183 6
183 9
183 11
183 21
183 26
183 29
183 35
183 40
183 42
183 54
183 56
183 57
183 60
183 64
183 80
183 85
183 87
183 94
183 96
183 98
183 101
183 107
183 109
183 122
183 125
183 126
183 128
183 131
183 134
183 144
183 156
183 161
183 173
183 176
183 185
183 187
183 188
183 189
183 201
183 202
183 212
183 213
183 221
183 225
183 237
183 238
183 240
183 244
183 247
183 248
184 5
184 13
184 15
184 21
184 28
184 31
184 37
184 42
184 43
184 56
184 61
184 63
184 65
184 70
184 74
184 77
184 83
184 85
184 91
184 102
184 105
184 116
184 130
184 131
184 132
184 133
184 139
184 140
184 141
184 144
184 146
184 152
184 153
184 157
184 160
184 164
184 166
184 172
184 183
184 185
184 186
184 189
184 206
184 215
184 218
184 220
184 221
184 229
184 235
184 237
184 244
184 250
184 256
185 0
185 13
185 20
185 22
185 28
185 29
185 32
185 37
185 38
185 42
185 48
185 54
185 61
185 91
185 95
185 96
185 101
185 114
185 115
185 116
185 123
185 132
185 135
185 138
185 140
185 141
185 145
185 146
185 147
185 152
185 157
185 163
185 165
185 166
185 167
185 169
185 183
185 185
185 186
185 189
185 199
185 200
185 207
185 208
185 209
185 210
185 225
185 231
185 236
185 238
185 251
185 254
185 255
186 5
186 6
186 10
186 14
186 17
186 42
186 44
186 49
186 65
186 66
186 70
186 76
186 106
186 108
186 110
186 113
186 115
186 120
186 122
186 131
186 133
186 137
186 139
186 140
186 141
186 142
186 148
186 149
186 152
186 154
186 159
186 166
186 167
186 174
186 176
186 182
186 191
186 204
186 207
186 209
186 211
186 213
186 215
186 219
186 221
186 232
186 237
186 245
186 249
186 252
186 254
186 257
187 9
187 12
187 13
187 17
187 19
187 21
187 22
187 25
187 27
187 28
187 48
187 50
187 55
187 56
187 75
187 82
187 87
187 91
187 97
187 100
187 103
187 104
187 106
187 108
187 113
187 114
187 120
187 125
187 129
187 133
187 139
187 140
187 142
187 144
187 147
187 155
187 158
187 164
187 167
187 169
187 170
187 172
187 173
187 182
187 184
187 192
187 195
187 198
187 211
187 215
187 218
187 223
187 224
187 227
187 228
187 230
187 242
187 253
187 259
188 0
188 2
188 4
188 11
188 15
188 21
188 39
188 45
188 48
188 50
188 57
188 60
188 61
188 63
188 67
188 70
188 91
188 95
188 99
188 103
188 104
188 108
188 112
188 119
188 122
188 124
188 125
188 136
188 143
188 145
188 152
188 153
188 154
188 159
188 160
188 171
188 172
188 175
188 183
188 184
188 189
188 204
188 208
188 214
188 225
188 228
188 234
188 235
188 237
188 239
188 241
188 243
188 248
188 249
188 256
188 257
189 1
189 3
189 4
189 6
189 9
189 10
189 14
189 15
189 25
189 27
189 35
189 37
189 38
189 43
189 49
189 51
189 52
189 55
189 67
189 77
189 79
189 89
189 93
189 99
189 101
189 102
189 105
189 115
189 131
189 136
189 139
189 140
189 141
189 143
189 147
189 162
189 165
189 174
189 178
189 189
189 193
189 195
189 198
189 202
189 203
189 206
189 207
189 212
189 214
189 217
189 220
189 222
189 223
189 225
189 228
189 237
189 239
189 243
189 244
189 246
189 251
189 253
189 259
190 2
190 3
190 4
190 10
190 11
190 13
190 18
190 19
190 26
190 28
190 31
190 33
190 47
190 66
190 69
190 81
190 104
190 108
190 110
190 115
190 120
190 123
190 128
190 131
190 148
190 151
190 154
190 172
190 173
190 180
190 183
190 187
190 188
190 195
190 203
190 206
190 217
190 223
190 225
190 226
190 228
190 230
190 232
190 240
190 241
190 245
190 249
190 252
191 10
191 21
191 24
191 25
191 31
191 32
191 33
191 35
191 40
191 48
191 50
191 54
191 60
191 77
191 89
191 94
191 96
191 103
191 104
191 107
191 109
191 113
191 114
191 120
191 121
191 122
191 128
191 132
191 133
191 135
191 145
191 147
191 168
191 171
191 175
191 176
191 177
191 178
191 179
191 183
191 188
191 201
191 202
191 208
191 210
191 212
191 213
191 219
191 221
191 224
191 225
191 236
191 239
191 240
191 243
192 8
192 10
192 12
192 15
192 18
192 21
192 25
192 36
192 44
192 50
192 56
192 57
192 63
192 69
192 72
192 80
192 85
192 87
192 88
192 94
192 96
192 104
192 108
192 111
192 113
192 115
192 116
192 122
192 123
192 125
192 132
192 138
192 151
192 154
192 159
192 173
192 176
192 184
192 187
192 188
192 197
192 206
192 223
192 224
192 225
192 226
192 229
192 239
192 240
192 241
192 250
192 251
192 259
193 1
193 2
193 3
193 6
193 19
193 22
193 34
193 36
193 40
193 42
193 54
193 55
193 58
193 60
193 62
193 68
193 70
193 73
193 76
193 79
193 80
193 81
193 84
193 89
193 94
193 98
193 104
193 107
193 109
193 114
193 124
193 130
193 134
193 135
193 142
193 148
193 151
193 160
193 168
193 174
193 178
193 181
193 188
193 194
193 197
193 199
193 201
193 207
193 208
193 212
193 213
193 218
193 223
193 232
193 234
193 240
193 257
194 0
194 15
194 16
194 19
194 20
194 22
194 31
194 32
194 35
194 41
194 52
194 81
194 84
194 85
194 86
194 92
194 107
194 116
194 118
194 120
194 122
194 125
194 129
194 132
194 135
194 141
194 147
194 152
194 154
194 157
194 160
194 162
194 165
194 176
194 178
194 182
194 189
194 190
194 196
194 198
194 207
194 214
194 217
194 233
194 234
194 237
194 242
194 250
194 252
194 253
195 4
195 12
195 17
195 22
195 23
195 24
195 26
195 27
195 34
195 43
195 44
195 45
195 47
195 53
195 59
195 64
195 65
195 66
195 72
195 75
195 76
195 85
195 98
195 107
195 117
195 123
195 139
195 145
195 149
195 150
195 153
195 160
195 161
195 173
195 175
195 178
195 182
195 184
195 189
195 192
195 198
195 205
195 211
195 226
195 238
195 241
195 242
195 245
195 246
195 252
195 255
195 256
195 259
196 3
196 4
196 5
196 8
196 11
196 14
196 21
196 24
196 26
196 43
196 51
196 53
196 55
196 58
196 61
196 62
196 73
196 77
196 87
196 97
196 103
196 106
196 115
196 118
196 129
196 133
196 140
196 141
196 142
196 155
196 175
196 179
196 191
196 203
196 207
196 211
196 215
196 217
196 222
196 227
196 228
196 231
196 235
196 238
196 241
196 250
196 257
197 1
197 13
197 16
197 19
197 20
197 31
197 35
197 38
197 43
197 45
197 49
197 50
197 56
197 70
197 74
197 87
197 89
197 90
197 100
197 103
197 104
197 107
197 108
197 109
197 115
197 120
197 125
197 142
197 151
197 154
197 155
197 161
197 165
197 166
197 167
197 171
197 189
197 194
197 199
197 201
197 206
197 209
197 211
197 212
197 214
197 216
197 218
197 219
197 222
197 224
197 236
197 238
197 247
197 248
197 249
198 6
198 20
198 22
198 32
198 36
198 37
198 46
198 53
198 55
198 61
198 70
198 72
198 75
198 79
198 81
198 87
198 88
198 94
198 101
198 111
198 114
198 117
198 123
198 127
198 134
198 139
198 142
198 143
198 165
198 173
198 177
198 181
198 184
198 187
198 190
198 195
198 196
198 201
198 227
198 231
198 239
198 240
198 248
198 250
198 252
198 254
198 257
198 258
199 7
199 8
199 9
199 20
199 21
199 23
199 29
199 32
199 33
199 36
199 44
199 46
199 59
199 68
199 86
199 89
199 92
199 94
199 96
199 103
199 107
199 109
199 111
199 112
199 120
199 121
199 124
199 132
199 145
199 164
199 172
199 179
199 186
199 191
199 194
199 199
199 203
199 210
199 211
199 216
199 226
199 228
199 229
199 242
199 249
199 253
200 4
200 5
200 6
200 16
200 26
200 39
200 41
200 43
200 47
200 49
200 50
200 62
200 65
200 70
200 76
200 83
200 95
200 101
200 102
200 112
200 124
200 131
200 133
200 142
200 143
200 149
200 161
200 174
200 176
200 184
200 187
200 196
200 208
200 210
200 213
200 215
200 218
200 223
200 227
200 230
200 232
200 239
200 242
200 244
200 250
200 253
200 254
201 4
201 9
201 10
201 14
201 19
201 21
201 26
201 27
201 32
201 35
201 37
201 46
201 60
201 63
201 70
201 80
201 83
201 84
201 87
201 93
201 94
201 95
201 96
201 100
201 105
201 110
201 113
201 116
201 120
201 125
201 130
201 134
201 138
201 144
201 146
201 149
201 151
201 158
201 163
201 167
201 175
201 179
201 185
201 186
201 194
201 195
201 196
201 199
201 202
201 204
201 209
201 210
201 212
201 219
201 226
201 230
201 243
201 253
201 254
202 2
202 3
202 4
202 6
202 9
202 11
202 12
202 14
202 17
202 22
202 27
202 31
202 44
202 52
202 54
202 55
202 59
202 62
202 64
202 68
202 69
202 70
202 72
202 73
202 75
202 79
202 84
202 94
202 97
202 99
202 102
202 104
202 110
202 119
202 124
202 129
202 140
202 141
202 152
202 153
202 160
202 163
202 164
202 170
202 175
202 178
202 184
202 205
202 206
202 209
202 211
202 218
202 220
202 221
202 224
202 225
202 229
202 238
202 239
202 241
202 247
202 250
202 252
202 255
202 256
203 2
203 4
203 5
203 13
203 16
203 20
203 21
203 24
203 41
203 47
203 51
203 54
203 68
203 72
203 78
203 84
203 85
203 92
203 93
203 106
203 126
203 128
203 131
203 132
203 135
203 140
203 156
203 163
203 166
203 168
203 171
203 172
203 173
203 174
203 177
203 178
203 180
203 192
203 194
203 205
203 211
203 214
203 220
203 225
203 232
203 233
203 235
203 236
203 247
203 250
203 256
204 1
204 16
204 18
204 22
204 24
204 36
204 39
204 47
204 58
204 62
204 63
204 72
204 77
204 83
204 84
204 85
204 86
204 100
204 103
204 104
204 105
204 114
204 139
204 141
204 145
204 146
204 151
204 163
204 185
204 192
204 195
204 203
204 205
204 207
204 209
204 213
204 214
204 221
204 222
204 226
204 231
204 236
204 241
204 246
204 249
204 255
204 256
205 1
205 5
205 10
205 19
205 23
205 26
205 28
205 32
205 34
205 35
205 38
205 39
205 45
205 48
205 63
205 68
205 75
205 77
205 86
205 94
205 95
205 99
205 100
205 101
205 108
205 110
205 117
205 122
205 124
205 129
205 134
205 138
205 143
205 145
205 153
205 155
205 160
205 162
205 164
205 165
205 171
205 174
205 176
205 178
205 186
205 187
205 198
205 201
205 206
205 224
205 228
205 247
205 249
206 3
206 8
206 9
206 11
206 19
206 22
206 24
206 25
206 45
206 46
206 54
206 55
206 58
206 79
206 93
206 95
206 99
206 101
206 102
206 110
206 111
206 112
206 113
206 115
206 116
206 117
206 123
206 130
206 138
206 141
206 145
206 146
206 154
206 156
206 160
206 165
206 170
206 175
206 176
206 180
206 185
206 187
206 188
206 212
206 213
206 216
206 220
206 222
206 227
206 229
206 232
206 236
206 244
206 257
206 259
207 2
207 13
207 25
207 27
207 32
207 34
207 38
207 49
207 59
207 63
207 66
207 73
207 85
207 93
207 96
207 105
207 110
207 113
207 115
207 117
207 118
207 122
207 123
207 124
207 134
207 136
207 137
207 142
207 148
207 150
207 155
207 158
207 161
207 165
207 166
207 173
207 175
207 178
207 180
207 188
207 190
207 192
207 198
207 199
207 200
207 201
207 212
207 216
207 219
207 221
207 224
207 230
207 234
207 237
207 241
207 252
208 1
208 5
208 6
208 8
208 15
208 21
208 24
208 28
208 40
208 43
208 49
208 50
208 51
208 52
208 57
208 61
208 66
208 70
208 71
208 75
208 86
208 91
208 92
208 99
208 100
208 108
208 115
208 126
208 133
208 135
208 143
208 147
208 156
208 160
208 165
208 166
208 168
208 178
208 183
208 185
208 186
208 190
208 193
208 204
208 205
208 208
208 209
208 213
208 218
208 221
208 229
208 230
208 248
208 250
208 255
208 256
209 3
209 4
209 7
209 11
209 21
209 23
209 26
209 27
209 30
209 32
209 34
209 37
209 39
209 43
209 62
209 64
209 71
209 72
209 74
209 99
209 102
209 103
209 112
209 116
209 118
209 121
209 129
209 130
209 137
209 152
209 161
209 163
209 173
209 179
209 185
209 189
209 200
209 201
209 202
209 208
209 211
209 218
209 220
209 223
209 225
209 255
210 0
210 3
210 7
210 8
210 14
210 15
210 17
210 30
210 34
210 37
210 39
210 40
210 44
210 49
210 55
210 60
210 84
210 92
210 98
210 108
210 109
210 110
210 113
210 124
210 131
210 150
210 151
210 158
210 164
210 175
210 176
210 184
210 198
210 205
210 206
210 208
210 211
210 218
210 224
210 228
210 232
210 243
210 246
210 253
211 1
211 4
211 9
211 11
211 13
211 15
211 23
211 27
211 38
211 46
211 71
211 74
211 76
211 79
211 80
211 87
211 96
211 104
211 105
211 113
211 118
211 120
211 123
211 132
211 137
211 139
211 144
211 150
211 152
211 158
211 175
211 188
211 190
211 191
211 194
211 195
211 196
211 201
211 219
211 232
211 238
211 242
211 246
211 249
211 252
211 258
211 259
212 2
212 7
212 8
212 15
212 20
212 25
212 26
212 32
212 34
212 44
212 52
212 61
212 64
212 65
212 73
212 76
212 78
212 82
212 95
212 97
212 98
212 99
212 105
212 113
212 114
212 119
212 140
212 147
212 154
212 155
212 163
212 166
212 172
212 174
212 175
212 180
212 191
212 197
212 202
212 203
212 207
212 211
212 214
212 226
212 235
212 236
212 239
212 248
213 3
213 4
213 11
213 14
213 18
213 22
213 26
213 28
213 31
213 43
213 46
213 51
213 62
213 64
213 65
213 66
213 69
213 70
213 74
213 80
213 86
213 91
213 93
213 98
213 99
213 102
213 103
213 104
213 106
213 107
213 129
213 141
213 144
213 145
213 150
213 151
213 153
213 154
213 158
213 172
213 175
213 176
213 178
213 197
213 198
213 201
213 204
213 212
213 217
213 222
213 229
213 236
213 237
213 238
213 242
213 247
213 250
214 6
214 8
214 17
214 23
214 26
214 27
214 28
214 29
214 30
214 35
214 44
214 45
214 48
214 50
214 52
214 60
214 66
214 68
214 70
214 78
214 84
214 88
214 91
214 95
214 112
214 130
214 149
214 157
214 172
214 177
214 178
214 185
214 198
214 200
214 207
214 209
214 223
214 227
214 236
215 7
215 10
215 17
215 18
215 22
215 23
215 27
215 31
215 37
215 38
215 48
215 50
215 65
215 67
215 68
215 73
215 76
215 81
215 89
215 90
215 94
215 100
215 102
215 104
215 107
215 122
215 132
215 133
215 134
215 138
215 139
215 159
215 167
215 177
215 180
215 184
215 199
215 202
215 205
215 207
215 208
215 211
215 214
215 217
215 219
215 224
215 231
215 240
215 241
216 0
216 2
216 5
216 8
216 10
216 12
216 27
216 30
216 32
216 48
216 51
216 53
216 58
216 61
216 62
216 67
216 69
216 71
216 87
216 100
216 101
216 116
216 120
216 125
216 132
216 136
216 148
216 150
216 159
216 160
216 168
216 181
216 189
216 190
216 191
216 199
216 201
216 202
216 206
216 212
216 214
216 216
216 217
216 221
216 248
216 250
216 251
216 256
217 0
217 5
217 8
217 16
217 18
217 27
217 30
217 38
217 48
217 49
217 57
217 58
217 60
217 65
217 67
217 71
217 77
217 81
217 86
217 92
217 100
217 107
217 113
217 117
217 133
217 143
217 153
217 161
217 169
217 172
217 177
217 192
217 193
217 194
217 200
217 201
217 208
217 215
217 223
217 226
217 232
217 238
218 0
218 12
218 14
218 16
218 23
218 30
218 32
218 33
218 39
218 42
218 44
218 47
218 50
218 51
218 59
218 65
218 69
218 86
218 87
218 88
218 96
218 97
218 103
218 105
218 109
218 110
218 111
218 115
218 129
218 133
218 139
218 143
218 155
218 159
218 161
218 165
218 169
218 172
218 177
218 183
218 186
218 198
218 199
218 201
218 208
218 216
218 219
218 222
218 232
218 236
218 241
218 246
218 249
218 255
219 0
219 7
219 8
219 9
219 10
219 11
219 19
219 23
219 27
219 33
219 38
219 44
219 49
219 59
219 60
219 63
219 64
219 65
219 78
219 82
219 88
219 98
219 113
219 119
219 121
219 125
219 137
219 140
219 143
219 147
219 150
219 158
219 159
219 168
219 169
219 170
219 172
219 179
219 188
219 192
219 199
219 205
219 208
219 227
219 230
219 259
220 13
220 15
220 24
220 28
220 29
220 31
220 38
220 41
220 44
220 58
220 64
220 68
220 79
220 84
220 87
220 94
220 107
220 111
220 114
220 118
220 121
220 131
220 140
220 142
220 146
220 148
220 149
220 150
220 152
220 155
220 159
220 161
220 165
220 166
220 170
220 174
220 182
220 183
220 188
220 190
220 195
220 196
220 198
220 206
220 207
220 218
220 221
220 236
220 244
220 252
220 257
220 259
221 2
221 3
221 7
221 8
221 16
221 23
221 30
221 39
221 48
221 49
221 50
221 54
221 58
221 64
221 71
221 74
221 76
221 85
221 88
221 95
221 96
221 103
221 105
221 108
221 109
221 111
221 114
221 115
221 120
221 125
221 127
221 130
221 141
221 144
221 145
221 150
221 151
221 153
221 154
221 156
221 158
221 167
221 171
221 175
221 177
221 181
221 201
221 204
221 205
221 207
221 213
221 217
221 226
221 227
221 228
221 229
221 231
221 238
221 243
221 246
222 0
222 3
222 4
222 5
222 6
222 15
222 24
222 28
222 38
222 47
222 52
222 59
222 62
222 63
222 68
222 69
222 72
222 84
222 93
222 94
222 95
222 96
222 103
222 104
222 106
222 116
222 125
222 126
222 127
222 130
222 133
222 137
222 143
222 146
222 153
222 160
222 161
222 162
222 163
222 167
222 172
222 174
222 175
222 176
222 182
222 202
222 210
222 211
222 221
222 227
222 231
222 236
222 242
222 243
222 248
222 251
223 6
223 18
223 29
223 32
223 36
223 41
223 42
223 43
223 45
223 48
223 49
223 51
223 57
223 63
223 80
223 85
223 86
223 87
223 95
223 118
223 123
223 127
223 134
223 135
223 138
223 141
223 143
223 145
223 150
223 153
223 154
223 161
223 168
223 170
223 183
223 190
223 219
223 225
223 226
223 230
223 241
223 243
223 245
223 247
223 248
224 11
224 14
224 16
224 21
224 22
224 30
224 32
224 37
224 38
224 40
224 42
224 45
224 54
224 59
224 84
224 86
224 93
224 105
224 106
224 124
224 125
224 138
224 152
224 156
224 181
224 194
224 196
224 209
224 210
224 216
224 234
224 236
224 239
224 240
224 241
224 242
224 250
224 255
224 256
224 259
225 3
225 15
225 19
225 37
225 38
225 44
225 52
225 69
225 75
225 82
225 97
225 103
225 110
225 114
225 117
225 133
225 142
225 148
225 156
225 165
225 166
225 177
225 180
225 192
225 203
225 211
225 221
225 228
225 231
225 232
225 233
225 234
225 238
225 240
225 243
225 248
225 250
225 252
225 255
226 16
226 17
226 23
226 26
226 33
226 35
226 36
226 47
226 50
226 58
226 61
226 73
226 75
226 76
226 79
226 80
226 93
226 108
226 115
226 116
226 129
226 135
226 151
226 162
226 163
226 166
226 171
226 177
226 180
226 183
226 185
226 186
226 189
226 191
226 192
226 194
226 201
226 204
226 208
226 210
226 211
226 213
226 223
226 224
226 239
226 242
226 249
226 250
226 252
226 253
226 254
226 255
227 2
227 7
227 8
227 12
227 13
227 14
227 23
227 24
227 25
227 27
227 29
227 35
227 40
227 41
227 47
227 56
227 57
227 63
227 65
227 67
227 69
227 75
227 77
227 82
227 93
227 97
227 98
227 99
227 104
227 110
227 114
227 126
227 131
227 136
227 141
227 143
227 152
227 162
227 168
227 170
227 174
227 175
227 180
227 184
227 194
227 199
227 215
227 237
227 239
227 241
227 242
227 245
227 249
227 257
228 0
228 1
228 4
228 8
228 9
228 11
228 14
228 16
228 23
228 24
228 30
228 37
228 49
228 55
228 73
228 76
228 83
228 84
228 92
228 101
228 105
228 107
228 111
228 119
228 120
228 124
228 125
228 130
228 131
228 132
228 147
228 149
228 151
228 161
228 167
228 178
228 179
228 190
228 200
228 203
228 208
228 210
228 211
228 213
228 215
228 217
228 227
228 231
228 236
228 241
228 249
228 252
229 2
229 9
229 13
229 18
229 25
229 28
229 30
229 32
229 36
229 37
229 41
229 44
229 48
229 52
229 53
229 57
229 62
229 64
229 65
229 68
229 69
229 71
229 74
229 81
229 83
229 87
229 89
229 97
229 102
229 105
229 111
229 113
229 115
229 116
229 120
229 121
229 129
229 134
229 141
229 142
229 147
229 160
229 162
229 173
229 176
229 177
229 178
229 181
229 194
229 199
229 201
229 203
229 204
229 214
229 215
229 219
229 226
229 227
229 236
229 238
229 240
229 244
229 249
229 254
230 10
230 15
230 18
230 20
230 24
230 26
230 30
230 32
230 37
230 64
230 71
230 73
230 75
230 79
230 81
230 82
230 84
230 91
230 102
230 103
230 106
230 108
230 113
230 114
230 118
230 131
230 134
230 141
230 148
230 149
230 155
230 162
230 165
230 167
230 168
230 175
230 183
230 186
230 191
230 192
230 195
230 202
230 204
230 207
230 208
230 210
230 213
230 214
230 217
230 221
230 224
230 225
230 231
230 241
230 243
230 251
230 253
231 6
231 9
231 19
231 20
231 21
231 29
231 40
231 41
231 56
231 59
231 68
231 70
231 76
231 79
231 81
231 86
231 97
231 100
231 118
231 123
231 125
231 127
231 134
231 152
231 156
231 157
231 161
231 162
231 171
231 173
231 181
231 189
231 190
231 195
231 196
231 202
231 211
231 215
231 216
231 221
231 235
231 244
231 250
232 3
232 7
232 10
232 11
232 26
232 29
232 37
232 40
232 44
232 49
232 51
232 52
232 53
232 55
232 57
232 58
232 59
232 63
232 64
232 65
232 68
232 71
232 77
232 79
232 85
232 88
232 95
232 96
232 107
232 140
232 141
232 143
232 147
232 160
232 169
232 181
232 182
232 186
232 191
232 196
232 210
232 211
232 228
232 232
232 242
232 243
232 245
232 249
232 251
232 252
233 4
233 6
233 20
233 23
233 34
233 35
233 37
233 43
233 47
233 55
233 61
233 75
233 79
233 80
233 102
233 110
233 111
233 115
233 116
233 125
233 128
233 139
233 144
233 145
233 147
233 148
233 161
233 169
233 172
233 184
233 190
233 196
233 197
233 199
233 201
233 208
233 211
233 217
233 220
233 226
233 230
233 243
233 247
233 252
233 254
234 3
234 11
234 13
234 15
234 18
234 21
234 23
234 36
234 38
234 42
234 44
234 46
234 47
234 49
234 59
234 68
234 75
234 76
234 87
234 91
234 95
234 101
234 102
234 123
234 148
234 154
234 159
234 165
234 167
234 170
234 188
234 190
234 198
234 211
234 212
234 213
234 215
234 218
234 219
234 223
234 224
234 235
234 240
234 246
234 256
234 257
235 3
235 4
235 6
235 7
235 14
235 17
235 21
235 31
235 33
235 50
235 54
235 65
235 69
235 72
235 84
235 85
235 96
235 103
235 108
235 115
235 118
235 119
235 120
235 121
235 122
235 126
235 128
235 136
235 138
235 141
235 154
235 155
235 156
235 157
235 163
235 164
235 165
235 172
235 180
235 185
235 186
235 187
235 188
235 191
235 202
235 203
235 204
235 206
235 207
235 208
235 209
235 211
235 215
235 230
235 241
235 243
235 245
235 246
235 247
235 248
235 254
235 257
235 258
236 1
236 2
236 6
236 8
236 13
236 18
236 19
236 34
236 44
236 47
236 54
236 55
236 62
236 69
236 70
236 71
236 72
236 73
236 75
236 79
236 88
236 92
236 98
236 115
236 117
236 123
236 127
236 140
236 156
236 160
236 163
236 176
236 180
236 182
236 185
236 191
236 198
236 203
236 205
236 206
236 208
236 213
236 217
236 221
236 223
236 228
236 229
236 233
236 243
236 244
236 248
236 259
237 0
237 4
237 6
237 15
237 22
237 29
237 38
237 39
237 47
237 48
237 53
237 57
237 59
237 60
237 70
237 82
237 86
237 87
237 88
237 90
237 92
237 107
237 113
237 115
237 121
237 126
237 129
237 131
237 133
237 135
237 139
237 140
237 147
237 151
237 154
237 157
237 159
237 160
237 166
237 177
237 178
237 196
237 197
237 198
237 201
237 205
237 209
237 211
237 212
237 221
237 223
237 225
237 234
237 241
237 245
237 248
237 249
237 252
237 259
238 7
238 9
238 14
238 17
238 22
238 26
238 29
238 32
238 41
238 43
238 44
238 52
238 56
238 59
238 65
238 70
238 71
238 72
238 75
238 81
238 84
238 85
238 86
238 102
238 104
238 108
238 110
238 111
238 112
238 120
238 123
238 125
238 128
238 133
238 135
238 153
238 155
238 161
238 164
238 168
238 170
238 171
238 174
238 176
238 180
238 190
238 193
238 209
238 216
238 225
238 230
238 236
238 237
238 242
238 249
238 252
238 255
238 257
238 258
239 5
239 16
239 26
239 29
239 36
239 38
239 40
239 57
239 60
239 61
239 71
239 74
239 86
239 91
239 93
239 99
239 100
239 117
239 121
239 123
239 124
239 126
239 128
239 131
239 138
239 142
239 154
239 155
239 157
239 163
239 168
239 171
239 176
239 177
239 179
239 187
239 191
239 193
239 194
239 197
239 198
239 199
239 206
239 213
239 222
239 224
239 227
239 235
239 244
239 248
239 255
239 259
240 0
240 9
240 11
240 13
240 16
240 21
240 22
240 23
240 26
240 35
240 36
240 38
240 48
240 61
240 76
240 77
240 79
240 85
240 92
240 93
240 95
240 98
240 111
240 120
240 143
240 156
240 159
240 161
240 166
240 174
240 176
240 190
240 198
240 203
240 205
240 206
240 210
240 211
240 212
240 214
240 215
240 218
240 219
240 222
240 228
240 229
240 230
240 244
240 245
240 248
240 258
241 0
241 2
241 4
241 7
241 8
241 10
241 16
241 21
241 24
241 29
241 31
241 49
241 55
241 59
241 61
241 64
241 71
241 77
241 81
241 95
241 96
241 102
241 107
241 108
241 110
241 121
241 124
241 127
241 128
241 129
241 130
241 138
241 140
241 162
241 165
241 167
241 168
241 175
241 180
241 182
241 187
241 202
241 207
241 208
241 217
241 220
241 223
241 225
241 228
241 232
241 233
241 240
241 242
241 251
241 254
241 256
242 0
242 3
242 16
242 24
242 27
242 32
242 33
242 35
242 37
242 40
242 48
242 49
242 70
242 77
242 80
242 83
242 87
242 90
242 97
242 100
242 107
242 109
242 111
242 117
242 120
242 123
242 124
242 128
242 131
242 133
242 136
242 149
242 151
242 159
242 170
242 179
242 185
242 186
242 187
242 197
242 199
242 201
242 203
242 204
242 206
242 214
242 216
242 218
242 222
242 224
242 227
242 238
242 239
242 244
242 245
242 246
242 251
242 253
242 258
243 1
243 5
243 8
243 15
243 16
243 17
243 18
243 29
243 30
243 36
243 41
243 59
243 86
243 91
243 100
243 106
243 111
243 117
243 122
243 123
243 125
243 131
243 136
243 142
243 143
243 144
243 150
243 156
243 160
243 162
243 163
243 170
243 172
243 185
243 189
243 193
243 209
243 212
243 226
243 227
243 236
243 238
243 245
243 247
243 250
243 252
243 257
244 4
244 10
244 12
244 14
244 16
244 20
244 23
244 25
244 26
244 42
244 45
244 49
244 51
244 52
244 57
244 65
244 83
244 84
244 92
244 93
244 102
244 103
244 107
244 108
244 113
244 117
244 121
244 123
244 134
244 140
244 143
244 145
244 147
244 150
244 151
244 152
244 157
244 163
244 167
244 168
244 172
244 177
244 190
244 191
244 193
244 196
244 199
244 201
244 203
244 206
244 207
244 213
244 216
244 222
244 223
244 224
244 231
244 241
244 248
244 250
244 253
244 254
244 257
244 259
245 2
245 4
245 14
245 26
245 30
245 32
245 41
245 47
245 50
245 51
245 52
245 57
245 66
245 67
245 69
245 71
245 74
245 76
245 77
245 82
245 85
245 87
245 88
245 92
245 95
245 96
245 98
245 107
245 111
245 112
245 117
245 118
245 127
245 128
245 129
245 133
245 142
245 144
245 148
245 154
245 156
245 161
245 162
245 163
245 172
245 179
245 180
245 181
245 182
245 184
245 190
245 196
245 197
245 205
245 219
245 220
245 230
245 241
245 244
245 246
245 247
245 252
245 255
245 258
246 4
246 6
246 17
246 20
246 25
246 32
246 52
246 54
246 61
246 69
246 71
246 73
246 75
246 77
246 78
246 84
246 86
246 87
246 89
246 104
246 105
246 108
246 118
246 128
246 132
246 133
246 141
246 142
246 144
246 149
246 150
246 152
246 159
246 160
246 162
246 165
246 169
246 170
246 171
246 174
246 175
246 176
246 181
246 182
246 184
246 190
246 192
246 193
246 201
246 207
246 215
246 228
246 234
246 240
246 241
246 254
247 0
247 5
247 6
247 9
247 16
247 17
247 20
247 24
247 25
247 26
247 31
247 37
247 51
247 58
247 82
247 83
247 85
247 88
247 103
247 107
247 109
247 119
247 128
247 129
247 141
247 143
247 147
247 148
247 152
247 155
247 165
247 166
247 177
247 179
247 194
247 202
247 205
247 209
247 211
247 213
247 220
247 222
247 225
247 230
247 232
247 252
247 253
247 255
247 259
248 1
248 8
248 10
248 20
248 24
248 28
248 35
248 37
248 47
248 64
248 67
248 71
248 93
248 96
248 99
248 110
248 112
248 123
248 126
248 130
248 131
248 132
248 137
248 139
248 142
248 146
248 147
248 148
248 157
248 158
248 161
248 162
248 170
248 175
248 180
248 186
248 189
248 192
248 195
248 198
248 204
248 205
248 212
248 217
248 236
248 250
248 256
248 258
248 259
249 0
249 3
249 11
249 14
249 15
249 19
249 22
249 39
249 46
249 52
249 65
249 69
249 70
249 74
249 82
249 84
249 89
249 94
249 96
249 97
249 105
249 106
249 112
249 115
249 122
249 123
249 126
249 135
249 136
249 139
249 140
249 149
249 156
249 161
249 173
249 174
249 176
249 181
249 194
249 198
249 199
249 203
249 208
249 209
249 210
249 213
249 217
249 218
249 222
249 226
249 235
249 236
249 247
249 251
249 252
250 5
250 12
250 16
250 21
250 24
250 30
250 31
250 35
250 37
250 46
250 55
250 57
250 66
250 76
250 80
250 82
250 84
250 96
250 98
250 100
250 101
250 102
250 105
250 106
250 109
250 119
250 120
250 127
250 128
250 131
250 133
250 136
250 148
250 152
250 153
250 158
250 165
250 168
250 170
250 174
250 176
250 177
250 185
250 189
250 197
250 215
250 216
250 224
250 227
250 232
250 233
250 236
250 241
250 252
251 1
251 4
251 7
251 11
251 15
251 17
251 18
251 24
251 33
251 50
251 52
251 57
251 71
251 74
251 76
251 79
251 80
251 84
251 85
251 86
251 91
251 96
251 97
251 100
251 115
251 122
251 130
251 134
251 145
251 148
251 167
251 168
251 170
251 177
251 191
251 194
251 222
251 238
251 241
251 242
251 248
251 249
251 252
251 256
251 257
251 258
252 0
252 3
252 5
252 7
252 25
252 26
252 27
252 31
252 32
252 37
252 39
252 42
252 43
252 44
252 48
252 55
252 58
252 60
252 66
252 73
252 86
252 87
252 90
252 94
252 96
252 99
252 101
252 104
252 106
252 112
252 114
252 127
252 129
252 134
252 141
252 144
252 145
252 147
252 148
252 152
252 154
252 160
252 165
252 173
252 175
252 180
252 183
252 186
252 190
252 191
252 198
252 202
252 206
252 210
252 214
252 220
252 229
252 237
252 241
253 3
253 7
253 11
253 18
253 21
253 23
253 31
253 45
253 47
253 49
253 52
253 53
253 55
253 68
253 90
253 92
253 93
253 96
253 100
253 122
253 134
253 136
253 137
253 139
253 144
253 146
253 157
253 165
253 169
253 178
253 179
253 182
253 189
253 190
253 193
253 202
253 210
253 211
253 222
253 227
253 244
253 247
253 253
254 1
254 2
254 8
254 9
254 11
254 13
254 14
254 18
254 20
254 23
254 29
254 30
254 37
254 38
254 45
254 51
254 53
254 59
254 63
254 65
254 67
254 72
254 74
254 76
254 77
254 78
254 84
254 90
254 93
254 96
254 100
254 102
254 107
254 109
254 112
254 113
254 115
254 124
254 125
254 129
254 136
254 137
254 140
254 146
254 161
254 167
254 171
254 178
254 179
254 181
254 188
254 192
254 201
254 206
254 209
254 218
254 224
254 225
254 226
254 230
254 231
254 235
254 238
254 240
254 244
254 248
254 251
254 253
255 16
255 22
255 24
255 33
255 40
255 42
255 45
255 48
255 49
255 50
255 60
255 67
255 78
255 80
255 85
255 88
255 95
255 96
255 110
255 112
255 116
255 120
255 126
255 130
255 133
255 147
255 149
255 150
255 155
255 159
255 162
255 164
255 167
255 183
255 185
255 188
255 189
255 193
255 194
255 195
255 198
255 217
255 218
255 229
255 232
255 233
255 234
255 246
255 254
256 9
256 38
256 55
256 59
256 60
256 62
256 66
256 71
256 77
256 78
256 82
256 84
256 85
256 91
256 108
256 111
256 113
256 115
256 129
256 132
256 137
256 139
256 143
256 149
256 153
256 165
256 166
256 170
256 174
256 182
256 184
256 185
256 193
256 199
256 202
256 208
256 209
256 211
256 217
256 219
256 220
256 222
256 223
256 228
256 230
256 236
256 242
256 244
256 245
256 247
256 252
257 8
257 10
257 11
257 18
257 19
257 20
257 26
257 31
257 42
257 44
257 50
257 56
257 59
257 60
257 63
257 67
257 70
257 72
257 74
257 87
257 88
257 93
257 95
257 97
257 98
257 107
257 112
257 115
257 117
257 118
257 119
257 121
257 124
257 128
257 130
257 131
257 140
257 146
257 151
257 154
257 156
257 159
257 164
257 167
257 174
257 180
257 181
257 184
257 197
257 200
257 202
257 205
257 214
257 216
257 217
257 221
257 222
257 225
257 226
257 228
257 240
257 248
257 251
257 253
258 1
258 7
258 10
258 36
258 54
258 57
258 60
258 61
258 62
258 64
258 65
258 77
258 82
258 85
258 86
258 87
258 94
258 102
258 105
258 119
258 120
258 121
258 124
258 126
258 130
258 131
258 134
258 143
258 144
258 149
258 150
258 151
258 160
258 161
258 165
258 166
258 167
258 172
258 177
258 178
258 182
258 189
258 191
258 200
258 204
258 213
258 216
258 223
258 234
258 237
258 245
258 250
258 257
259 1
259 4
259 9
259 10
259 11
259 20
259 32
259 34
259 40
259 51
259 53
259 55
259 56
259 58
259 59
259 60
259 61
259 75
259 78
259 79
259 85
259 89
259 98
259 104
259 106
259 107
259 115
259 121
259 130
259 132
259 134
259 138
259 139
259 143
259 169
259 171
259 183
259 198
259 208
259 209
259 218
259 222
259 224
259 237
259 243
259 256
