150
4470
0 1
0 3
0 11
0 16
0 17
0 23
0 36
0 38
0 41
0 56
0 58
0 59
0 68
0 78
0 83
0 88
0 94
0 97
0 106
0 108
0 109
0 111
0 115
0 124
0 126
0 139
0 143
0 144
0 146
1 4
1 14
1 19
1 20
1 25
1 27
1 39
1 49
1 52
1 53
1 57
1 65
1 78
1 84
1 86
1 94
1 97
1 100
1 102
1 112
1 117
1 121
1 129
1 130
1 133
1 134
1 137
1 138
1 141
1 143
1 144
2 0
2 6
2 11
2 19
2 33
2 36
2 39
2 48
2 53
2 57
2 60
2 63
2 67
2 71
2 87
2 94
2 99
2 100
2 118
2 128
2 131
2 132
2 134
2 141
2 143
2 149
3 1
3 7
3 11
3 14
3 15
3 18
3 22
3 24
3 30
3 35
3 37
3 42
3 53
3 54
3 55
3 56
3 66
3 71
3 78
3 80
3 81
3 84
3 93
3 101
3 102
3 108
3 109
3 111
3 113
3 118
3 119
3 124
3 127
3 136
3 140
3 142
3 146
3 149
4 0
4 1
4 5
4 6
4 11
4 13
4 23
4 25
4 33
4 44
4 45
4 46
4 47
4 51
4 52
4 53
4 58
4 64
4 72
4 78
4 106
4 112
4 115
4 116
4 121
4 125
4 137
4 138
4 143
4 146
5 0
5 5
5 9
5 10
5 11
5 13
5 15
5 16
5 18
5 20
5 21
5 23
5 25
5 28
5 30
5 32
5 34
5 43
5 44
5 49
5 55
5 62
5 68
5 74
5 75
5 80
5 81
5 82
5 88
5 89
5 93
5 97
5 99
5 100
5 109
5 116
5 119
5 124
5 126
5 148
6 3
6 7
6 15
6 34
6 40
6 45
6 54
6 65
6 70
6 71
6 74
6 84
6 85
6 86
6 91
6 96
6 97
6 108
6 109
6 114
6 116
6 118
6 121
6 124
6 125
6 129
6 138
6 143
7 0
7 11
7 16
7 21
7 37
7 38
7 43
7 44
7 76
7 83
7 86
7 103
7 104
7 113
7 115
7 121
7 124
7 128
7 133
7 134
7 140
8 12
8 17
8 21
8 24
8 26
8 30
8 31
8 34
8 37
8 38
8 44
8 53
8 54
8 55
8 56
8 61
8 71
8 75
8 84
8 87
8 88
8 91
8 99
8 101
8 102
8 107
8 111
8 119
8 120
8 126
8 131
8 141
8 142
8 146
8 147
8 148
9 1
9 2
9 4
9 5
9 7
9 20
9 32
9 38
9 39
9 49
9 50
9 54
9 58
9 62
9 68
9 80
9 84
9 89
9 95
9 96
9 99
9 108
9 129
9 135
9 136
10 6
10 19
10 20
10 30
10 36
10 38
10 44
10 46
10 53
10 54
10 66
10 74
10 82
10 83
10 89
10 91
10 96
10 99
10 107
10 116
10 117
10 122
10 132
11 8
11 13
11 15
11 25
11 29
11 47
11 51
11 54
11 61
11 65
11 67
11 72
11 74
11 77
11 83
11 84
11 86
11 93
11 102
11 113
11 117
11 125
11 126
11 128
11 136
11 139
11 144
11 148
12 1
12 5
12 11
12 17
12 22
12 28
12 29
12 33
12 34
12 48
12 59
12 63
12 70
12 71
12 93
12 94
12 99
12 106
12 111
12 121
12 126
12 138
12 144
12 145
12 147
12 148
13 0
13 2
13 6
13 14
13 17
13 23
13 26
13 50
13 51
13 56
13 59
13 62
13 66
13 85
13 87
13 91
13 93
13 95
13 96
13 97
13 98
13 100
13 103
13 107
13 108
13 109
13 111
13 113
13 114
13 118
13 129
13 131
13 140
13 141
13 144
13 145
13 147
14 2
14 13
14 25
14 29
14 45
14 50
14 76
14 78
14 79
14 83
14 93
14 96
14 124
14 125
14 142
14 148
15 3
15 4
15 8
15 11
15 15
15 20
15 31
15 32
15 35
15 38
15 48
15 53
15 58
15 65
15 72
15 78
15 81
15 83
15 88
15 98
15 99
15 102
15 128
15 130
15 131
15 134
15 135
15 136
15 145
15 146
16 1
16 2
16 4
16 11
16 12
16 13
16 38
16 48
16 51
16 52
16 59
16 60
16 61
16 68
16 85
16 89
16 92
16 94
16 99
16 100
16 102
16 103
16 113
16 116
16 117
16 119
16 128
16 129
16 134
16 137
17 5
17 8
17 27
17 30
17 31
17 36
17 37
17 41
17 42
17 47
17 51
17 54
17 58
17 59
17 63
17 67
17 68
17 71
17 78
17 85
17 87
17 91
17 92
17 94
17 98
17 99
17 107
17 108
17 109
17 112
17 117
17 127
17 130
17 135
17 137
17 146
18 1
18 10
18 20
18 23
18 25
18 27
18 34
18 43
18 46
18 48
18 55
18 56
18 60
18 70
18 71
18 76
18 80
18 88
18 99
18 105
18 106
18 129
18 131
18 132
18 138
18 146
18 149
19 7
19 16
19 20
19 21
19 23
19 29
19 30
19 47
19 54
19 56
19 65
19 71
19 72
19 73
19 76
19 77
19 85
19 87
19 88
19 91
19 97
19 98
19 99
19 101
19 109
19 111
19 114
19 116
19 119
19 131
19 144
19 148
20 1
20 4
20 6
20 9
20 10
20 23
20 28
20 29
20 30
20 34
20 38
20 42
20 46
20 47
20 49
20 62
20 63
20 72
20 80
20 81
20 82
20 90
20 101
20 106
20 110
20 119
20 141
20 143
20 144
20 149
21 7
21 15
21 22
21 24
21 29
21 32
21 36
21 42
21 44
21 47
21 54
21 56
21 58
21 63
21 66
21 88
21 89
21 90
21 93
21 94
21 96
21 98
21 103
21 108
21 109
21 110
21 111
21 115
21 118
21 123
21 124
21 129
21 140
21 146
21 147
22 3
22 5
22 8
22 13
22 21
22 25
22 26
22 36
22 52
22 55
22 60
22 66
22 68
22 74
22 96
22 102
22 107
22 110
22 114
22 122
22 124
22 134
22 135
22 142
22 148
22 149
23 10
23 11
23 14
23 26
23 36
23 39
23 42
23 45
23 46
23 59
23 62
23 63
23 72
23 79
23 89
23 97
23 104
23 109
23 113
23 114
23 123
23 127
23 135
24 6
24 16
24 28
24 34
24 35
24 36
24 43
24 45
24 52
24 57
24 63
24 65
24 76
24 77
24 86
24 91
24 93
24 98
24 100
24 115
24 117
24 118
24 125
24 129
24 133
24 136
24 140
24 141
24 144
24 149
25 5
25 10
25 13
25 15
25 16
25 21
25 25
25 29
25 37
25 41
25 50
25 68
25 70
25 72
25 73
25 76
25 81
25 83
25 91
25 100
25 102
25 108
25 112
25 116
25 118
25 122
25 124
25 127
25 131
25 133
25 135
26 1
26 4
26 17
26 18
26 24
26 27
26 46
26 49
26 50
26 52
26 56
26 61
26 65
26 80
26 83
26 87
26 107
26 111
26 118
26 121
26 133
26 134
26 138
27 7
27 15
27 16
27 30
27 34
27 37
27 49
27 50
27 62
27 66
27 69
27 70
27 74
27 81
27 85
27 86
27 100
27 102
27 103
27 107
27 108
27 112
27 116
27 119
27 121
27 129
27 144
27 149
28 3
28 5
28 7
28 15
28 23
28 29
28 34
28 37
28 45
28 50
28 54
28 72
28 73
28 79
28 82
28 83
28 84
28 85
28 86
28 106
28 108
28 113
29 2
29 4
29 6
29 7
29 30
29 31
29 36
29 44
29 46
29 47
29 48
29 49
29 51
29 54
29 57
29 61
29 63
29 71
29 76
29 92
29 93
29 94
29 99
29 104
29 110
29 111
29 118
29 120
29 123
29 128
29 136
30 3
30 12
30 18
30 31
30 32
30 40
30 45
30 46
30 47
30 56
30 64
30 65
30 70
30 82
30 86
30 87
30 94
30 97
30 99
30 103
30 108
30 125
30 134
30 139
30 146
31 6
31 11
31 13
31 15
31 29
31 32
31 35
31 36
31 37
31 39
31 40
31 50
31 51
31 55
31 66
31 70
31 75
31 77
31 81
31 84
31 87
31 90
31 91
31 99
31 100
31 101
31 107
31 117
31 118
31 119
31 122
31 129
31 140
31 144
32 7
32 8
32 9
32 11
32 12
32 15
32 18
32 19
32 39
32 40
32 44
32 49
32 51
32 53
32 59
32 73
32 78
32 79
32 81
32 91
32 107
32 108
32 122
32 129
32 132
32 134
32 140
33 0
33 17
33 21
33 24
33 27
33 32
33 35
33 36
33 37
33 42
33 55
33 66
33 68
33 70
33 72
33 73
33 79
33 80
33 82
33 95
33 105
33 106
33 124
33 126
33 136
33 138
33 149
34 17
34 30
34 32
34 35
34 39
34 66
34 67
34 68
34 78
34 79
34 82
34 86
34 95
34 105
34 106
34 108
34 111
34 113
34 120
34 125
34 134
34 135
34 144
35 2
35 3
35 15
35 20
35 23
35 26
35 30
35 32
35 35
35 41
35 49
35 57
35 58
35 65
35 67
35 71
35 72
35 73
35 80
35 82
35 96
35 106
35 107
35 113
35 114
35 130
35 132
35 133
35 135
35 141
35 145
35 147
35 148
36 3
36 6
36 9
36 14
36 28
36 30
36 33
36 36
36 37
36 43
36 47
36 54
36 60
36 68
36 70
36 72
36 78
36 83
36 94
36 99
36 112
36 120
36 135
36 143
37 0
37 1
37 3
37 5
37 14
37 22
37 27
37 36
37 40
37 46
37 58
37 65
37 75
37 76
37 86
37 89
37 93
37 105
37 112
37 119
37 121
37 126
37 136
37 141
37 147
38 1
38 4
38 6
38 7
38 9
38 24
38 25
38 26
38 27
38 29
38 37
38 38
38 44
38 45
38 51
38 60
38 64
38 67
38 79
38 81
38 88
38 105
38 109
38 114
38 115
38 116
38 118
38 119
38 125
38 129
38 130
38 131
38 137
38 140
38 148
39 2
39 7
39 16
39 18
39 19
39 24
39 32
39 37
39 46
39 49
39 52
39 55
39 65
39 68
39 75
39 80
39 83
39 91
39 95
39 97
39 99
39 106
39 116
39 119
39 125
39 128
39 132
39 133
39 141
39 148
40 7
40 24
40 31
40 33
40 41
40 45
40 47
40 52
40 64
40 69
40 74
40 78
40 79
40 81
40 86
40 90
40 91
40 97
40 99
40 100
40 103
40 110
40 115
40 118
40 134
40 136
40 138
40 144
41 6
41 7
41 13
41 17
41 22
41 25
41 28
41 30
41 31
41 39
41 41
41 42
41 51
41 54
41 65
41 69
41 77
41 83
41 85
41 87
41 88
41 90
41 98
41 103
41 104
41 106
41 124
41 132
41 137
41 138
41 143
41 146
42 0
42 5
42 20
42 23
42 26
42 28
42 31
42 40
42 44
42 47
42 48
42 52
42 65
42 68
42 80
42 90
42 97
42 98
42 105
42 111
42 119
42 120
42 135
42 147
43 3
43 12
43 13
43 18
43 19
43 20
43 23
43 38
43 41
43 42
43 48
43 52
43 54
43 55
43 58
43 70
43 72
43 80
43 82
43 85
43 90
43 116
43 128
43 129
43 131
43 132
43 142
43 145
44 4
44 5
44 11
44 17
44 26
44 27
44 51
44 55
44 71
44 72
44 73
44 74
44 75
44 77
44 79
44 86
44 89
44 102
44 103
44 108
44 110
44 113
44 119
44 122
44 124
44 129
44 134
44 135
44 140
44 141
44 145
44 146
44 147
45 5
45 18
45 28
45 34
45 37
45 38
45 40
45 48
45 50
45 63
45 64
45 65
45 70
45 74
45 77
45 82
45 83
45 85
45 93
45 96
45 109
45 116
45 117
45 123
45 124
45 129
45 132
45 133
45 145
46 7
46 14
46 23
46 30
46 33
46 34
46 39
46 40
46 49
46 55
46 63
46 76
46 88
46 95
46 98
46 100
46 105
46 108
46 120
46 123
46 131
46 132
46 135
46 140
47 5
47 6
47 10
47 12
47 24
47 30
47 31
47 34
47 38
47 42
47 47
47 51
47 58
47 61
47 67
47 70
47 78
47 86
47 87
47 97
47 98
47 99
47 106
47 109
47 115
47 116
47 117
47 121
47 138
47 143
47 149
48 3
48 13
48 14
48 17
48 25
48 27
48 44
48 50
48 51
48 60
48 63
48 66
48 79
48 80
48 83
48 87
48 88
48 94
48 101
48 103
48 107
48 109
48 113
48 118
48 125
48 127
48 129
48 132
48 134
48 147
48 148
49 3
49 12
49 14
49 15
49 16
49 22
49 25
49 33
49 37
49 40
49 41
49 44
49 56
49 70
49 77
49 79
49 83
49 84
49 89
49 91
49 93
49 95
49 99
49 100
49 107
49 113
49 114
49 115
49 126
49 133
49 138
49 141
50 2
50 3
50 20
50 23
50 27
50 36
50 37
50 43
50 46
50 49
50 50
50 53
50 58
50 64
50 66
50 68
50 70
50 72
50 85
50 88
50 90
50 99
50 102
50 107
50 116
50 123
50 124
50 125
50 128
50 129
50 133
50 135
50 143
50 148
51 1
51 6
51 8
51 10
51 18
51 20
51 23
51 34
51 36
51 38
51 44
51 48
51 50
51 54
51 55
51 57
51 59
51 65
51 69
51 72
51 75
51 87
51 90
51 98
51 107
51 113
51 116
51 121
51 124
51 125
51 128
51 132
51 138
52 10
52 13
52 14
52 16
52 33
52 42
52 48
52 54
52 57
52 63
52 70
52 73
52 85
52 106
52 107
52 109
52 119
52 130
52 134
52 136
52 142
52 147
52 148
53 2
53 3
53 4
53 6
53 10
53 22
53 23
53 25
53 27
53 32
53 34
53 35
53 36
53 40
53 42
53 51
53 52
53 58
53 62
53 64
53 67
53 69
53 75
53 76
53 77
53 87
53 96
53 97
53 100
53 109
53 110
53 116
53 124
53 125
53 126
53 147
54 5
54 8
54 10
54 33
54 40
54 43
54 49
54 50
54 51
54 54
54 55
54 58
54 66
54 68
54 72
54 79
54 92
54 94
54 107
54 110
54 112
54 114
54 116
54 136
54 144
54 145
54 148
54 149
55 0
55 4
55 6
55 9
55 13
55 22
55 23
55 27
55 28
55 30
55 34
55 42
55 44
55 48
55 54
55 62
55 65
55 75
55 77
55 78
55 80
55 94
55 96
55 97
55 101
55 102
55 103
55 104
55 105
55 110
55 111
55 117
55 118
55 126
55 142
56 1
56 8
56 17
56 19
56 28
56 31
56 32
56 35
56 36
56 40
56 41
56 44
56 46
56 48
56 49
56 51
56 56
56 57
56 61
56 63
56 65
56 74
56 85
56 87
56 90
56 103
56 107
56 108
56 112
56 113
56 120
56 126
56 128
56 134
56 137
57 4
57 14
57 16
57 26
57 29
57 30
57 31
57 36
57 38
57 39
57 46
57 47
57 49
57 52
57 55
57 56
57 59
57 61
57 75
57 83
57 84
57 87
57 96
57 99
57 101
57 104
57 107
57 109
57 116
57 124
57 148
58 0
58 3
58 5
58 7
58 11
58 19
58 21
58 24
58 26
58 34
58 35
58 36
58 37
58 42
58 50
58 59
58 61
58 74
58 78
58 80
58 82
58 84
58 95
58 111
58 112
58 115
58 116
58 117
58 118
58 122
58 129
58 146
58 149
59 3
59 4
59 6
59 8
59 16
59 18
59 25
59 39
59 40
59 41
59 44
59 52
59 56
59 60
59 66
59 71
59 82
59 84
59 87
59 88
59 94
59 95
59 96
59 100
59 105
59 112
59 117
59 118
59 121
59 127
59 133
59 135
59 139
59 142
59 148
59 149
60 14
60 16
60 34
60 46
60 49
60 80
60 89
60 92
60 95
60 96
60 97
60 107
60 108
60 109
60 115
60 128
60 131
60 139
60 140
60 146
61 0
61 3
61 4
61 5
61 13
61 16
61 19
61 20
61 22
61 25
61 28
61 29
61 31
61 34
61 37
61 45
61 47
61 53
61 54
61 60
61 65
61 67
61 68
61 72
61 74
61 75
61 77
61 83
61 85
61 86
61 95
61 103
61 108
61 115
61 118
61 120
61 123
61 125
61 128
61 129
61 134
61 139
61 144
61 145
62 1
62 3
62 7
62 8
62 11
62 18
62 23
62 25
62 29
62 37
62 51
62 54
62 55
62 56
62 57
62 63
62 66
62 71
62 84
62 85
62 87
62 89
62 99
62 102
62 108
62 110
62 114
62 123
62 125
62 127
62 128
62 133
62 138
62 139
62 140
62 148
62 149
63 2
63 5
63 6
63 8
63 15
63 21
63 24
63 27
63 33
63 35
63 37
63 43
63 46
63 47
63 53
63 56
63 60
63 64
63 69
63 88
63 91
63 92
63 97
63 105
63 132
63 134
63 135
63 137
63 142
63 145
64 17
64 27
64 32
64 44
64 48
64 51
64 55
64 58
64 79
64 80
64 85
64 90
64 91
64 95
64 99
64 103
64 105
64 114
64 119
64 128
64 129
65 7
65 9
65 10
65 12
65 18
65 27
65 36
65 37
65 38
65 40
65 46
65 48
65 50
65 55
65 72
65 75
65 84
65 86
65 103
65 119
65 120
65 121
65 131
65 136
65 143
65 147
65 148
66 5
66 14
66 25
66 27
66 29
66 39
66 43
66 50
66 53
66 56
66 59
66 62
66 69
66 79
66 84
66 89
66 92
66 100
66 112
66 113
66 114
66 117
66 121
66 123
66 128
66 132
66 136
66 137
66 138
66 139
66 140
67 1
67 5
67 6
67 10
67 11
67 12
67 17
67 26
67 33
67 41
67 44
67 48
67 53
67 54
67 57
67 61
67 67
67 74
67 75
67 77
67 79
67 85
67 86
67 91
67 104
67 107
67 109
67 110
67 111
67 130
67 137
67 138
67 140
68 9
68 17
68 28
68 45
68 48
68 58
68 68
68 72
68 73
68 74
68 77
68 81
68 88
68 91
68 102
68 103
68 105
68 107
68 110
68 111
68 112
68 115
68 118
68 120
68 124
68 126
68 131
68 137
68 140
68 143
68 145
68 146
68 149
69 1
69 9
69 14
69 16
69 30
69 31
69 38
69 40
69 44
69 45
69 52
69 59
69 60
69 61
69 67
69 75
69 84
69 89
69 107
69 109
69 118
69 124
69 126
69 135
70 3
70 5
70 29
70 31
70 36
70 37
70 42
70 43
70 45
70 46
70 50
70 54
70 55
70 63
70 68
70 84
70 85
70 88
70 89
70 95
70 104
70 116
70 121
70 125
70 129
70 130
70 146
71 1
71 5
71 7
71 13
71 23
71 27
71 28
71 38
71 40
71 42
71 69
71 71
71 72
71 80
71 84
71 86
71 89
71 98
71 100
71 103
71 104
71 105
71 107
71 111
71 114
71 116
71 117
71 132
71 136
71 144
71 146
72 7
72 9
72 19
72 22
72 34
72 39
72 43
72 44
72 48
72 61
72 67
72 74
72 78
72 87
72 90
72 102
72 110
72 115
72 131
72 136
72 144
73 2
73 6
73 7
73 9
73 14
73 21
73 23
73 24
73 26
73 44
73 46
73 52
73 54
73 64
73 70
73 76
73 80
73 82
73 89
73 95
73 103
73 106
73 111
73 113
73 115
73 117
73 118
73 128
73 130
73 141
73 144
74 1
74 4
74 9
74 15
74 26
74 35
74 40
74 50
74 51
74 52
74 55
74 56
74 58
74 61
74 62
74 66
74 69
74 74
74 77
74 81
74 82
74 93
74 97
74 98
74 99
74 103
74 110
74 111
74 115
74 119
74 120
74 122
74 128
74 130
74 133
74 137
74 142
74 144
75 3
75 4
75 7
75 8
75 11
75 14
75 25
75 28
75 33
75 35
75 38
75 42
75 52
75 55
75 61
75 64
75 70
75 74
75 80
75 83
75 90
75 91
75 95
75 104
75 111
75 113
75 114
75 117
75 121
75 135
76 0
76 2
76 8
76 19
76 22
76 35
76 45
76 47
76 48
76 51
76 62
76 65
76 70
76 80
76 83
76 97
76 100
76 107
76 108
76 109
76 114
76 131
76 132
76 137
76 140
76 145
77 1
77 5
77 10
77 14
77 17
77 24
77 26
77 29
77 32
77 33
77 46
77 66
77 68
77 70
77 77
77 82
77 104
77 118
77 119
77 130
77 133
78 2
78 13
78 16
78 23
78 24
78 28
78 30
78 31
78 36
78 37
78 44
78 48
78 50
78 53
78 61
78 65
78 70
78 73
78 75
78 82
78 89
78 93
78 100
78 104
78 109
78 110
78 112
78 118
78 119
78 124
78 129
78 136
78 141
78 143
78 147
79 8
79 18
79 26
79 27
79 28
79 29
79 33
79 47
79 64
79 74
79 81
79 118
79 125
79 129
79 131
79 135
79 136
79 139
79 142
80 1
80 7
80 8
80 13
80 17
80 21
80 25
80 26
80 30
80 32
80 34
80 35
80 37
80 41
80 47
80 49
80 51
80 53
80 63
80 66
80 78
80 88
80 91
80 94
80 96
80 97
80 101
80 105
80 107
80 109
80 115
80 116
80 122
80 125
80 137
80 145
80 148
81 0
81 9
81 14
81 15
81 16
81 18
81 23
81 27
81 28
81 30
81 40
81 43
81 46
81 47
81 48
81 56
81 57
81 58
81 61
81 64
81 68
81 69
81 78
81 81
81 94
81 96
81 101
81 103
81 108
81 110
81 111
81 112
81 115
81 123
81 126
81 130
81 140
81 142
81 148
81 149
82 2
82 4
82 18
82 22
82 26
82 27
82 36
82 38
82 43
82 45
82 51
82 62
82 63
82 65
82 70
82 71
82 75
82 79
82 80
82 86
82 89
82 92
82 96
82 110
82 111
82 112
82 113
82 114
82 117
82 120
82 121
82 122
82 126
82 129
82 133
82 136
82 139
82 140
82 142
82 144
82 147
83 1
83 5
83 15
83 19
83 22
83 28
83 31
83 43
83 45
83 46
83 49
83 51
83 65
83 68
83 70
83 71
83 76
83 81
83 84
83 86
83 90
83 101
83 106
83 109
83 112
83 115
83 127
83 128
83 129
83 131
83 136
83 146
84 9
84 20
84 23
84 25
84 27
84 38
84 40
84 41
84 47
84 48
84 61
84 73
84 75
84 77
84 78
84 92
84 97
84 102
84 103
84 106
84 111
84 113
84 119
84 122
84 126
84 127
84 144
84 148
85 2
85 6
85 7
85 8
85 11
85 15
85 17
85 19
85 34
85 40
85 46
85 47
85 48
85 50
85 52
85 62
85 69
85 80
85 90
85 114
85 119
85 120
85 128
85 131
85 133
85 134
85 141
86 7
86 11
86 22
86 29
86 34
86 37
86 41
86 46
86 57
86 61
86 63
86 82
86 86
86 99
86 100
86 103
86 112
86 118
86 125
86 126
86 130
86 144
87 19
87 24
87 25
87 28
87 36
87 50
87 53
87 56
87 63
87 82
87 93
87 108
87 115
87 118
87 120
87 141
87 146
87 149
88 3
88 9
88 19
88 21
88 28
88 31
88 33
88 39
88 48
88 54
88 55
88 58
88 63
88 66
88 84
88 85
88 86
88 87
88 90
88 92
88 95
88 97
88 99
88 103
88 104
88 105
88 107
88 109
88 121
88 123
88 125
88 126
88 128
88 143
89 13
89 14
89 15
89 20
89 29
89 31
89 34
89 42
89 44
89 54
89 61
89 63
89 64
89 68
89 72
89 73
89 74
89 78
89 85
89 86
89 87
89 90
89 93
89 104
89 114
89 127
89 129
89 135
89 140
89 141
89 142
90 0
90 2
90 7
90 9
90 12
90 15
90 23
90 27
90 51
90 52
90 56
90 58
90 59
90 60
90 66
90 91
90 96
90 107
90 119
90 120
90 121
90 129
90 134
90 140
90 143
90 145
90 146
91 1
91 27
91 29
91 33
91 42
91 51
91 52
91 53
91 57
91 70
91 72
91 75
91 80
91 81
91 90
91 94
91 98
91 104
91 108
91 114
91 122
91 126
91 127
91 133
91 139
91 140
91 141
91 147
92 6
92 9
92 21
92 25
92 28
92 30
92 32
92 33
92 34
92 38
92 47
92 53
92 55
92 61
92 65
92 69
92 75
92 79
92 80
92 83
92 89
92 98
92 103
92 105
92 113
92 115
92 119
92 125
92 127
92 129
92 136
92 149
93 1
93 12
93 24
93 26
93 27
93 29
93 30
93 36
93 49
93 53
93 54
93 55
93 56
93 72
93 73
93 77
93 83
93 85
93 92
93 93
93 103
93 107
93 114
93 119
93 120
93 125
93 126
93 128
93 129
93 130
93 138
93 139
93 141
93 142
93 143
93 145
93 149
94 6
94 7
94 13
94 14
94 15
94 17
94 20
94 24
94 27
94 32
94 36
94 40
94 44
94 51
94 55
94 58
94 61
94 68
94 69
94 71
94 73
94 83
94 98
94 107
94 116
94 119
94 121
94 122
94 127
94 132
94 139
94 141
94 149
95 1
95 2
95 6
95 12
95 21
95 22
95 26
95 30
95 33
95 34
95 37
95 45
95 50
95 64
95 70
95 72
95 73
95 74
95 76
95 78
95 79
95 83
95 89
95 95
95 96
95 99
95 105
95 109
95 111
95 120
95 123
95 131
95 134
95 135
95 137
95 138
95 139
95 144
95 145
95 147
96 5
96 11
96 12
96 14
96 15
96 18
96 23
96 26
96 29
96 30
96 44
96 50
96 57
96 60
96 66
96 70
96 71
96 81
96 86
96 93
96 100
96 107
96 109
96 112
96 114
96 118
96 125
96 126
96 129
96 143
97 5
97 8
97 9
97 12
97 19
97 25
97 30
97 34
97 36
97 37
97 38
97 47
97 52
97 54
97 60
97 67
97 80
97 90
97 96
97 100
97 113
97 116
97 119
97 130
97 142
97 146
97 147
98 0
98 3
98 10
98 22
98 25
98 27
98 38
98 42
98 47
98 50
98 52
98 53
98 69
98 76
98 77
98 79
98 82
98 87
98 97
98 100
98 101
98 102
98 105
98 107
98 111
98 114
98 120
98 124
98 126
98 128
98 137
98 146
99 6
99 10
99 17
99 21
99 29
99 30
99 32
99 33
99 36
99 45
99 51
99 66
99 69
99 70
99 78
99 79
99 81
99 90
99 91
99 93
99 94
99 96
99 104
99 110
99 125
99 128
99 131
99 135
99 136
99 137
99 138
99 139
99 146
99 147
99 148
100 5
100 17
100 19
100 23
100 24
100 25
100 27
100 28
100 35
100 40
100 41
100 48
100 49
100 59
100 60
100 63
100 68
100 71
100 72
100 79
100 100
100 116
100 123
100 131
100 134
100 137
100 139
100 140
101 3
101 6
101 7
101 8
101 30
101 62
101 70
101 71
101 75
101 77
101 89
101 95
101 96
101 102
101 106
101 109
101 115
101 116
101 122
101 132
101 133
101 142
101 144
101 145
101 147
102 11
102 17
102 26
102 27
102 35
102 36
102 43
102 44
102 46
102 54
102 55
102 60
102 65
102 66
102 67
102 72
102 74
102 76
102 77
102 78
102 81
102 87
102 90
102 97
102 99
102 100
102 103
102 109
102 111
102 112
102 135
102 140
102 142
102 143
102 145
103 0
103 8
103 24
103 26
103 35
103 40
103 41
103 42
103 43
103 44
103 58
103 59
103 67
103 70
103 76
103 78
103 86
103 95
103 96
103 106
103 114
103 115
103 120
103 124
103 131
103 132
103 133
103 135
103 140
104 4
104 8
104 10
104 20
104 27
104 32
104 39
104 40
104 43
104 44
104 49
104 50
104 57
104 58
104 59
104 63
104 72
104 77
104 78
104 83
104 84
104 86
104 88
104 89
104 95
104 104
104 106
104 119
104 121
104 124
104 129
104 130
104 134
104 137
104 140
104 143
105 0
105 3
105 4
105 11
105 13
105 17
105 20
105 21
105 28
105 35
105 36
105 41
105 44
105 47
105 51
105 65
105 71
105 72
105 76
105 85
105 91
105 92
105 95
105 102
105 108
105 110
105 114
105 119
105 122
105 131
105 132
105 133
105 134
105 136
105 143
105 149
106 16
106 18
106 20
106 24
106 27
106 28
106 29
106 31
106 44
106 46
106 48
106 52
106 55
106 57
106 66
106 70
106 73
106 74
106 75
106 85
106 86
106 90
106 93
106 125
106 127
106 128
106 129
106 130
106 131
106 146
107 0
107 1
107 2
107 16
107 17
107 35
107 36
107 45
107 50
107 52
107 53
107 56
107 60
107 62
107 63
107 64
107 67
107 68
107 78
107 80
107 83
107 84
107 88
107 95
107 97
107 103
107 112
107 118
107 121
107 125
107 134
107 135
107 136
107 146
108 3
108 9
108 10
108 11
108 12
108 13
108 16
108 18
108 20
108 27
108 32
108 48
108 50
108 56
108 57
108 60
108 62
108 85
108 92
108 95
108 100
108 103
108 108
108 109
108 110
108 112
108 115
108 118
108 124
108 132
108 133
108 148
109 3
109 6
109 21
109 22
109 24
109 34
109 39
109 44
109 52
109 57
109 58
109 65
109 70
109 72
109 73
109 87
109 89
109 91
109 92
109 102
109 106
109 109
109 115
109 118
109 120
109 125
109 126
109 128
109 137
109 138
109 145
109 146
110 1
110 6
110 7
110 11
110 14
110 20
110 22
110 25
110 32
110 45
110 47
110 53
110 58
110 74
110 75
110 88
110 97
110 100
110 102
110 103
110 106
110 111
110 112
110 114
110 125
110 130
110 140
110 142
110 145
110 146
110 148
110 149
111 1
111 2
111 3
111 10
111 22
111 25
111 40
111 42
111 47
111 50
111 70
111 71
111 74
111 79
111 85
111 95
111 102
111 105
111 119
111 127
111 131
111 140
111 143
111 144
111 145
112 0
112 4
112 5
112 9
112 26
112 30
112 36
112 39
112 45
112 48
112 51
112 53
112 67
112 78
112 79
112 86
112 89
112 91
112 97
112 100
112 106
112 116
112 117
112 118
112 119
112 121
112 124
112 128
112 130
112 131
112 135
112 142
113 2
113 10
113 12
113 15
113 18
113 22
113 25
113 28
113 29
113 35
113 37
113 45
113 53
113 54
113 57
113 62
113 63
113 64
113 69
113 72
113 78
113 80
113 88
113 89
113 93
113 94
113 97
113 98
113 106
113 107
113 134
113 135
113 138
113 142
113 146
114 0
114 5
114 10
114 13
114 15
114 40
114 45
114 48
114 50
114 51
114 69
114 73
114 75
114 87
114 92
114 102
114 113
114 114
114 129
114 131
114 136
114 137
114 142
114 143
115 1
115 7
115 18
115 22
115 32
115 35
115 38
115 39
115 43
115 45
115 46
115 49
115 52
115 56
115 62
115 69
115 72
115 73
115 79
115 80
115 87
115 91
115 95
115 97
115 99
115 102
115 104
115 110
115 114
115 118
115 119
115 122
115 125
115 135
115 137
115 143
115 144
115 146
116 1
116 5
116 12
116 15
116 17
116 20
116 24
116 27
116 29
116 32
116 35
116 36
116 45
116 46
116 49
116 50
116 51
116 55
116 60
116 61
116 63
116 67
116 75
116 77
116 89
116 95
116 96
116 98
116 112
116 113
116 116
116 128
116 136
116 137
116 141
116 143
116 147
117 7
117 8
117 10
117 11
117 26
117 29
117 30
117 38
117 44
117 55
117 56
117 57
117 62
117 68
117 72
117 78
117 81
117 90
117 95
117 96
117 97
117 109
117 123
117 125
117 133
117 143
117 145
118 1
118 2
118 3
118 14
118 16
118 24
118 27
118 34
118 39
118 40
118 43
118 45
118 63
118 66
118 67
118 73
118 74
118 79
118 88
118 95
118 97
118 104
118 116
118 119
118 120
118 128
118 135
118 142
118 145
119 0
119 2
119 9
119 20
119 21
119 27
119 31
119 34
119 37
119 42
119 44
119 46
119 53
119 54
119 56
119 57
119 58
119 75
119 78
119 79
119 82
119 83
119 85
119 86
119 88
119 89
119 95
119 97
119 98
119 100
119 104
119 106
119 109
119 112
119 122
119 123
119 127
119 128
119 130
119 134
119 136
119 140
120 3
120 5
120 21
120 26
120 28
120 32
120 42
120 55
120 73
120 88
120 106
120 125
120 129
120 137
120 144
120 149
121 11
121 15
121 23
121 40
121 52
121 61
121 62
121 70
121 91
121 105
121 121
121 126
121 129
121 137
122 6
122 11
122 19
122 20
122 21
122 22
122 23
122 53
122 55
122 63
122 68
122 72
122 78
122 82
122 91
122 97
122 102
122 103
122 107
122 109
122 112
122 114
122 118
122 120
122 121
122 134
122 135
122 140
122 144
122 147
122 149
123 4
123 5
123 7
123 10
123 11
123 13
123 20
123 32
123 33
123 41
123 48
123 63
123 64
123 71
123 90
123 100
123 113
123 116
123 118
123 120
123 141
123 146
123 149
124 0
124 6
124 8
124 9
124 13
124 16
124 19
124 33
124 39
124 49
124 51
124 54
124 56
124 58
124 63
124 66
124 69
124 70
124 74
124 78
124 79
124 84
124 97
124 102
124 103
124 104
124 105
124 111
124 113
124 146
125 7
125 11
125 18
125 23
125 38
125 44
125 45
125 46
125 65
125 68
125 73
125 76
125 87
125 90
125 93
125 94
125 96
125 100
125 102
125 110
125 114
125 122
125 123
125 126
125 147
125 149
126 3
126 18
126 32
126 35
126 47
126 49
126 53
126 55
126 60
126 62
126 67
126 70
126 82
126 86
126 91
126 103
126 116
126 127
126 131
126 132
126 133
126 136
126 137
126 140
126 147
126 149
127 1
127 5
127 17
127 20
127 26
127 32
127 33
127 39
127 45
127 47
127 56
127 62
127 66
127 68
127 78
127 84
127 89
127 91
127 93
127 96
127 98
127 108
127 112
127 117
127 118
127 119
127 122
127 124
127 127
127 130
127 131
127 138
127 143
128 1
128 6
128 11
128 12
128 18
128 21
128 26
128 30
128 31
128 45
128 53
128 54
128 63
128 64
128 66
128 67
128 72
128 82
128 89
128 105
128 128
128 129
128 130
128 133
128 134
128 136
128 140
128 141
128 147
129 0
129 8
129 14
129 15
129 17
129 19
129 22
129 26
129 29
129 30
129 31
129 38
129 43
129 44
129 49
129 51
129 53
129 57
129 64
129 83
129 86
129 87
129 89
129 92
129 93
129 108
129 116
129 118
129 124
129 125
129 130
129 132
129 133
129 141
129 147
130 11
130 13
130 15
130 24
130 28
130 37
130 38
130 41
130 42
130 43
130 57
130 59
130 64
130 65
130 67
130 69
130 71
130 76
130 81
130 85
130 91
130 110
130 115
130 116
130 125
130 128
130 132
130 133
130 135
130 138
130 140
130 143
130 145
130 146
131 9
131 11
131 12
131 14
131 16
131 22
131 27
131 28
131 29
131 33
131 34
131 38
131 47
131 48
131 64
131 69
131 72
131 75
131 80
131 83
131 85
131 93
131 108
131 114
131 117
131 121
131 123
131 125
131 129
131 135
131 137
131 140
132 4
132 12
132 16
132 19
132 24
132 35
132 41
132 46
132 48
132 51
132 54
132 55
132 62
132 63
132 67
132 74
132 75
132 83
132 87
132 91
132 92
132 98
132 100
132 124
132 130
132 136
132 143
132 148
133 1
133 21
133 22
133 23
133 24
133 26
133 27
133 31
133 48
133 57
133 61
133 64
133 70
133 76
133 83
133 84
133 86
133 94
133 103
133 109
133 114
133 117
133 118
133 119
133 121
133 123
133 126
133 129
133 134
133 147
134 0
134 1
134 7
134 10
134 13
134 18
134 29
134 42
134 44
134 45
134 47
134 49
134 51
134 52
134 56
134 63
134 65
134 66
134 68
134 69
134 70
134 78
134 80
134 83
134 85
134 94
134 97
134 111
134 112
134 118
134 120
134 121
134 122
134 127
134 130
134 142
134 144
135 3
135 5
135 6
135 8
135 14
135 18
135 30
135 41
135 48
135 49
135 54
135 55
135 61
135 78
135 83
135 89
135 90
135 98
135 104
135 105
135 112
135 117
135 120
135 125
135 131
135 139
135 149
136 18
136 22
136 33
136 34
136 42
136 44
136 54
136 57
136 60
136 84
136 85
136 88
136 91
136 94
136 96
136 98
136 100
136 103
136 125
136 126
136 128
136 129
136 132
136 136
136 138
137 4
137 13
137 14
137 17
137 21
137 28
137 29
137 38
137 40
137 42
137 59
137 63
137 69
137 75
137 77
137 84
137 89
137 92
137 94
137 98
137 116
137 122
137 125
137 134
137 135
137 136
137 138
138 1
138 6
138 9
138 10
138 12
138 13
138 19
138 20
138 24
138 27
138 29
138 34
138 52
138 64
138 65
138 73
138 98
138 106
138 109
138 112
138 117
138 123
138 127
139 1
139 8
139 12
139 13
139 20
139 22
139 23
139 25
139 30
139 35
139 36
139 42
139 46
139 54
139 55
139 61
139 62
139 65
139 67
139 70
139 73
139 74
139 75
139 77
139 81
139 85
139 86
139 89
139 93
139 99
139 102
139 103
139 106
139 109
139 113
139 114
139 134
140 2
140 19
140 25
140 26
140 38
140 39
140 45
140 48
140 49
140 52
140 53
140 76
140 79
140 80
140 87
140 93
140 114
140 117
140 120
140 122
140 123
140 128
140 135
140 136
140 139
140 141
140 145
141 19
141 28
141 30
141 34
141 42
141 43
141 44
141 47
141 49
141 51
141 63
141 64
141 80
141 87
141 88
141 89
141 101
141 106
141 109
141 112
141 117
141 121
141 127
141 130
141 137
141 138
141 139
141 141
141 145
141 148
142 3
142 4
142 7
142 22
142 28
142 36
142 50
142 60
142 63
142 66
142 70
142 72
142 73
142 74
142 84
142 99
142 103
142 105
142 107
142 114
142 116
142 118
142 119
142 127
142 128
142 134
142 137
142 139
142 149
143 1
143 19
143 31
143 32
143 33
143 42
143 53
143 56
143 57
143 61
143 63
143 71
143 74
143 76
143 78
143 80
143 86
143 88
143 97
143 112
143 121
143 125
143 127
143 128
143 130
143 131
143 133
143 139
144 6
144 12
144 18
144 25
144 32
144 49
144 56
144 57
144 58
144 61
144 63
144 67
144 69
144 78
144 88
144 100
144 101
144 102
144 107
144 108
144 110
144 130
144 132
144 135
144 138
144 149
145 1
145 18
145 25
145 32
145 38
145 43
145 46
145 48
145 51
145 55
145 57
145 58
145 59
145 62
145 63
145 68
145 79
145 81
145 82
145 83
145 85
145 89
145 90
145 95
145 96
145 104
145 110
145 114
145 116
145 121
145 127
145 133
145 135
145 138
145 139
145 145
146 0
146 9
146 17
146 21
146 22
146 27
146 30
146 32
146 33
146 45
146 46
146 47
146 52
146 60
146 62
146 66
146 71
146 74
146 76
146 78
146 81
146 87
146 91
146 99
146 103
146 109
146 113
146 115
146 122
146 123
146 124
146 125
146 130
146 133
146 135
146 136
146 137
146 140
146 146
146 148
147 1
147 5
147 8
147 15
147 25
147 27
147 30
147 44
147 45
147 46
147 55
147 57
147 70
147 74
147 77
147 84
147 88
147 93
147 97
147 102
147 103
147 107
147 108
147 109
147 116
147 119
147 130
147 135
148 3
148 6
148 8
148 11
148 12
148 13
148 31
148 34
148 37
148 51
148 53
148 58
148 66
148 67
148 69
148 90
148 106
148 107
148 113
148 116
148 122
148 126
148 141
148 145
149 0
149 3
149 30
149 40
149 54
149 56
149 57
149 60
149 63
149 69
149 71
149 74
149 95
149 96
149 99
149 112
149 126
149 128
149 130
149 134
149 136
149 138
149 144
149 149
