200
7960
0 2
0 4
0 12
0 13
0 19
0 21
0 24
0 28
0 30
0 31
0 32
0 34
0 35
0 36
0 43
0 49
0 55
0 58
0 62
0 89
0 103
0 105
0 111
0 119
0 120
0 121
0 122
0 127
0 132
0 136
0 146
0 147
0 148
0 155
0 165
0 168
0 170
0 181
0 185
0 187
0 194
0 195
1 5
1 10
1 13
1 17
1 20
1 21
1 26
1 28
1 30
1 42
1 45
1 53
1 73
1 76
1 78
1 86
1 87
1 98
1 101
1 102
1 103
1 106
1 114
1 116
1 122
1 124
1 133
1 147
1 149
1 155
1 158
1 166
1 171
1 173
1 182
1 183
1 185
1 188
1 189
1 190
1 193
1 198
2 0
2 2
2 4
2 10
2 11
2 24
2 44
2 51
2 64
2 109
2 113
2 117
2 118
2 120
2 131
2 134
2 144
2 147
2 150
2 154
2 155
2 157
2 163
2 169
2 174
2 175
2 181
2 193
2 194
2 199
3 2
3 16
3 19
3 21
3 24
3 26
3 28
3 29
3 31
3 41
3 42
3 53
3 62
3 66
3 70
3 72
3 73
3 76
3 80
3 82
3 97
3 98
3 107
3 109
3 112
3 113
3 118
3 121
3 122
3 127
3 143
3 144
3 159
3 161
3 165
3 170
3 172
3 176
3 187
3 188
4 0
4 1
4 2
4 5
4 6
4 15
4 21
4 27
4 28
4 29
4 39
4 42
4 52
4 60
4 63
4 64
4 68
4 69
4 73
4 82
4 86
4 90
4 97
4 98
4 105
4 109
4 111
4 112
4 121
4 127
4 128
4 133
4 138
4 140
4 143
4 145
4 156
4 167
4 177
4 184
4 185
4 186
4 191
4 192
4 197
4 199
5 15
5 25
5 29
5 32
5 35
5 50
5 60
5 77
5 82
5 83
5 87
5 90
5 98
5 99
5 104
5 105
5 109
5 110
5 112
5 116
5 120
5 121
5 125
5 127
5 130
5 131
5 138
5 149
5 150
5 155
5 163
5 166
5 184
5 197
6 5
6 10
6 20
6 22
6 33
6 53
6 59
6 60
6 62
6 63
6 79
6 87
6 90
6 93
6 94
6 97
6 102
6 105
6 114
6 116
6 119
6 140
6 141
6 155
6 156
6 162
6 163
6 164
6 166
6 178
6 188
6 194
6 199
7 4
7 9
7 15
7 23
7 27
7 28
7 29
7 53
7 57
7 61
7 67
7 70
7 74
7 84
7 86
7 90
7 91
7 97
7 104
7 106
7 107
7 113
7 114
7 119
7 120
7 122
7 123
7 127
7 129
7 133
7 134
7 136
7 142
7 144
7 147
7 148
7 161
7 167
7 171
7 174
7 175
7 179
7 183
7 184
7 192
7 193
7 197
7 198
8 10
8 22
8 25
8 27
8 31
8 32
8 37
8 48
8 64
8 65
8 66
8 70
8 71
8 76
8 83
8 84
8 85
8 100
8 101
8 108
8 112
8 113
8 116
8 122
8 128
8 139
8 143
8 154
8 156
8 163
8 165
8 170
8 178
8 179
8 185
8 191
8 193
8 196
9 2
9 5
9 8
9 9
9 10
9 26
9 28
9 36
9 37
9 39
9 42
9 51
9 56
9 60
9 62
9 63
9 72
9 83
9 84
9 92
9 93
9 94
9 95
9 97
9 98
9 103
9 104
9 106
9 107
9 110
9 121
9 128
9 131
9 135
9 140
9 156
9 171
9 180
9 194
10 0
10 10
10 31
10 38
10 55
10 72
10 76
10 77
10 84
10 95
10 102
10 106
10 107
10 118
10 120
10 121
10 123
10 129
10 132
10 134
10 138
10 139
10 145
10 150
10 155
10 165
10 168
10 169
10 170
10 175
10 177
10 190
10 196
11 2
11 3
11 18
11 23
11 28
11 32
11 38
11 50
11 57
11 58
11 63
11 67
11 72
11 77
11 79
11 95
11 96
11 100
11 103
11 138
11 141
11 144
11 145
11 152
11 153
11 160
11 170
11 173
11 174
11 175
11 178
11 179
11 195
11 199
12 1
12 2
12 4
12 10
12 13
12 16
12 18
12 22
12 30
12 31
12 37
12 39
12 44
12 48
12 59
12 61
12 71
12 72
12 74
12 75
12 78
12 84
12 85
12 87
12 93
12 95
12 103
12 105
12 111
12 114
12 115
12 120
12 125
12 128
12 132
12 136
12 142
12 143
12 152
12 166
12 171
12 182
12 183
12 187
12 193
13 10
13 18
13 38
13 39
13 44
13 54
13 67
13 81
13 86
13 88
13 89
13 101
13 103
13 105
13 107
13 111
13 122
13 128
13 132
13 135
13 138
13 142
13 147
13 148
13 149
13 155
13 163
13 169
13 173
13 176
13 182
13 187
13 189
13 198
14 1
14 3
14 7
14 21
14 23
14 27
14 34
14 40
14 41
14 44
14 46
14 56
14 59
14 60
14 69
14 70
14 75
14 79
14 80
14 81
14 94
14 101
14 105
14 111
14 112
14 114
14 124
14 129
14 132
14 133
14 143
14 155
14 160
14 167
14 173
14 179
14 192
14 195
15 14
15 25
15 38
15 39
15 52
15 53
15 55
15 57
15 59
15 74
15 77
15 82
15 91
15 92
15 96
15 111
15 112
15 115
15 123
15 133
15 145
15 150
15 151
15 160
15 162
15 164
15 167
15 169
15 171
15 174
15 176
15 177
15 183
15 185
15 187
15 197
16 0
16 3
16 7
16 30
16 38
16 41
16 51
16 53
16 55
16 59
16 76
16 79
16 80
16 83
16 84
16 86
16 88
16 93
16 94
16 106
16 110
16 111
16 113
16 115
16 116
16 126
16 131
16 133
16 138
16 145
16 146
16 153
16 155
16 161
16 165
16 167
16 172
16 175
16 178
16 183
16 188
16 189
16 190
16 191
16 195
17 2
17 6
17 7
17 9
17 12
17 14
17 16
17 18
17 28
17 29
17 37
17 39
17 41
17 46
17 57
17 59
17 60
17 72
17 74
17 79
17 87
17 88
17 94
17 111
17 115
17 116
17 118
17 126
17 129
17 130
17 132
17 133
17 135
17 141
17 156
17 157
17 158
17 160
17 161
17 164
17 166
17 167
17 168
17 171
17 173
17 175
17 182
17 186
17 191
17 195
17 198
18 1
18 3
18 4
18 5
18 9
18 10
18 12
18 15
18 22
18 23
18 32
18 36
18 41
18 43
18 54
18 59
18 61
18 62
18 64
18 65
18 68
18 70
18 79
18 80
18 83
18 89
18 92
18 96
18 103
18 107
18 117
18 120
18 121
18 123
18 125
18 127
18 132
18 141
18 147
18 148
18 152
18 156
18 157
18 167
18 172
18 173
18 176
18 179
18 181
18 182
18 184
18 196
19 11
19 13
19 24
19 25
19 29
19 38
19 47
19 54
19 65
19 71
19 73
19 78
19 87
19 88
19 90
19 91
19 96
19 97
19 98
19 102
19 103
19 112
19 115
19 121
19 130
19 132
19 138
19 149
19 160
19 167
19 170
19 181
19 187
19 189
19 191
19 192
19 193
19 195
20 2
20 21
20 23
20 26
20 31
20 38
20 47
20 52
20 54
20 55
20 60
20 61
20 67
20 72
20 75
20 83
20 85
20 90
20 95
20 97
20 103
20 142
20 145
20 146
20 147
20 150
20 153
20 155
20 159
20 161
20 163
20 170
20 172
20 173
20 187
20 188
20 190
20 198
21 3
21 6
21 8
21 13
21 20
21 28
21 41
21 55
21 65
21 68
21 70
21 71
21 78
21 91
21 92
21 93
21 94
21 99
21 104
21 106
21 122
21 123
21 126
21 137
21 146
21 147
21 154
21 157
21 165
21 177
21 178
21 183
21 193
22 16
22 17
22 18
22 19
22 20
22 29
22 33
22 37
22 40
22 48
22 51
22 55
22 60
22 68
22 72
22 77
22 94
22 109
22 112
22 114
22 117
22 120
22 122
22 124
22 127
22 131
22 142
22 148
22 149
22 155
22 163
22 166
22 169
22 171
22 178
22 181
22 185
22 186
22 191
22 199
23 5
23 8
23 12
23 20
23 27
23 29
23 41
23 48
23 50
23 57
23 58
23 60
23 62
23 70
23 71
23 72
23 84
23 90
23 92
23 101
23 107
23 111
23 117
23 118
23 121
23 125
23 126
23 127
23 128
23 134
23 136
23 138
23 144
23 147
23 150
23 168
23 177
23 182
23 188
23 190
23 198
23 199
24 2
24 10
24 11
24 22
24 26
24 27
24 46
24 49
24 50
24 55
24 58
24 64
24 72
24 93
24 94
24 97
24 102
24 108
24 109
24 112
24 122
24 124
24 125
24 137
24 140
24 144
24 145
24 149
24 152
24 153
24 163
24 178
24 185
24 187
24 196
24 197
25 3
25 8
25 9
25 15
25 18
25 21
25 28
25 42
25 48
25 49
25 59
25 64
25 69
25 87
25 92
25 101
25 104
25 110
25 112
25 115
25 119
25 122
25 130
25 132
25 135
25 156
25 160
25 165
25 168
25 176
25 188
25 190
25 194
25 199
26 11
26 21
26 31
26 33
26 35
26 38
26 41
26 44
26 46
26 48
26 50
26 53
26 54
26 55
26 65
26 74
26 76
26 77
26 80
26 86
26 89
26 92
26 93
26 98
26 102
26 103
26 109
26 114
26 115
26 116
26 126
26 131
26 133
26 139
26 149
26 151
26 153
26 156
26 174
26 176
26 177
26 178
26 181
26 187
26 188
26 190
26 193
26 194
27 3
27 6
27 12
27 18
27 23
27 27
27 30
27 31
27 34
27 41
27 52
27 57
27 58
27 59
27 65
27 66
27 75
27 77
27 90
27 95
27 96
27 98
27 99
27 104
27 108
27 114
27 118
27 121
27 123
27 128
27 130
27 132
27 142
27 148
27 151
27 155
27 160
27 167
27 169
27 181
27 182
27 183
27 190
28 1
28 2
28 7
28 13
28 14
28 23
28 24
28 39
28 40
28 41
28 42
28 43
28 48
28 49
28 52
28 53
28 57
28 65
28 70
28 74
28 75
28 76
28 82
28 83
28 87
28 88
28 91
28 94
28 97
28 102
28 109
28 112
28 115
28 116
28 125
28 127
28 131
28 132
28 133
28 134
28 135
28 136
28 139
28 143
28 148
28 151
28 159
28 160
28 166
28 171
28 172
28 181
28 185
29 1
29 2
29 4
29 7
29 8
29 9
29 11
29 12
29 15
29 16
29 21
29 25
29 27
29 28
29 29
29 32
29 36
29 38
29 39
29 43
29 53
29 54
29 64
29 73
29 78
29 82
29 91
29 92
29 105
29 107
29 114
29 116
29 123
29 128
29 133
29 134
29 146
29 161
29 163
29 171
29 173
29 177
29 178
29 192
30 1
30 12
30 14
30 15
30 37
30 39
30 41
30 53
30 54
30 55
30 57
30 61
30 69
30 77
30 79
30 82
30 86
30 107
30 112
30 117
30 120
30 123
30 124
30 125
30 127
30 142
30 143
30 146
30 148
30 152
30 157
30 182
30 186
30 194
30 197
30 198
31 11
31 19
31 23
31 24
31 26
31 36
31 42
31 48
31 49
31 53
31 64
31 65
31 68
31 86
31 90
31 97
31 99
31 105
31 106
31 119
31 152
31 163
31 164
31 165
31 168
31 169
31 175
31 179
31 180
31 181
31 182
31 183
31 186
31 189
31 193
31 196
32 4
32 12
32 14
32 26
32 52
32 57
32 71
32 82
32 99
32 102
32 109
32 111
32 112
32 117
32 118
32 120
32 128
32 129
32 131
32 132
32 144
32 157
32 168
32 176
32 177
32 178
32 182
32 184
32 188
33 4
33 6
33 10
33 11
33 14
33 26
33 28
33 30
33 33
33 35
33 39
33 40
33 65
33 70
33 74
33 78
33 80
33 82
33 84
33 93
33 101
33 102
33 112
33 113
33 114
33 115
33 119
33 122
33 123
33 124
33 126
33 128
33 133
33 142
33 146
33 148
33 151
33 152
33 164
33 170
33 182
33 186
33 189
33 195
34 8
34 15
34 26
34 28
34 32
34 50
34 51
34 59
34 63
34 64
34 67
34 107
34 109
34 112
34 113
34 117
34 119
34 121
34 136
34 137
34 139
34 144
34 154
34 157
34 160
34 163
34 164
34 175
34 186
34 195
34 197
34 198
35 0
35 8
35 24
35 29
35 30
35 33
35 36
35 43
35 51
35 54
35 65
35 69
35 71
35 72
35 76
35 77
35 78
35 82
35 86
35 88
35 91
35 95
35 98
35 105
35 106
35 124
35 125
35 127
35 138
35 142
35 143
35 144
35 149
35 152
35 173
35 178
35 179
35 180
35 185
35 190
35 192
35 193
35 195
35 199
36 1
36 6
36 7
36 10
36 17
36 18
36 20
36 21
36 24
36 27
36 29
36 31
36 50
36 57
36 58
36 60
36 65
36 78
36 80
36 81
36 82
36 83
36 92
36 110
36 111
36 113
36 115
36 120
36 124
36 128
36 130
36 144
36 150
36 154
36 155
36 162
36 177
36 178
36 182
36 183
36 185
36 198
37 0
37 4
37 21
37 23
37 26
37 28
37 31
37 35
37 39
37 40
37 48
37 51
37 63
37 66
37 68
37 69
37 70
37 72
37 73
37 76
37 79
37 87
37 108
37 113
37 114
37 117
37 127
37 136
37 140
37 151
37 158
37 159
37 163
37 167
37 173
37 179
37 185
37 186
37 198
38 1
38 2
38 6
38 8
38 9
38 26
38 31
38 34
38 47
38 50
38 59
38 62
38 69
38 77
38 94
38 95
38 102
38 104
38 118
38 119
38 120
38 125
38 132
38 149
38 152
38 159
38 167
38 171
38 175
38 178
38 188
38 192
38 198
39 7
39 8
39 10
39 12
39 16
39 19
39 21
39 30
39 36
39 39
39 41
39 44
39 46
39 58
39 71
39 76
39 79
39 82
39 89
39 90
39 93
39 94
39 100
39 102
39 106
39 108
39 110
39 114
39 120
39 122
39 123
39 128
39 134
39 139
39 147
39 152
39 156
39 158
39 164
39 165
39 174
39 192
39 198
40 0
40 3
40 7
40 16
40 24
40 26
40 34
40 42
40 49
40 51
40 53
40 63
40 65
40 66
40 76
40 77
40 79
40 80
40 83
40 86
40 87
40 91
40 96
40 99
40 115
40 116
40 124
40 128
40 129
40 134
40 135
40 138
40 141
40 149
40 155
40 165
40 166
40 169
40 174
40 175
40 176
40 186
40 193
40 198
40 199
41 11
41 19
41 20
41 22
41 23
41 27
41 28
41 30
41 34
41 35
41 36
41 55
41 56
41 58
41 68
41 75
41 82
41 84
41 94
41 96
41 99
41 110
41 116
41 119
41 121
41 128
41 130
41 134
41 141
41 150
41 160
41 164
41 165
41 175
41 176
41 182
41 183
41 187
41 197
42 12
42 20
42 27
42 30
42 34
42 44
42 45
42 46
42 49
42 59
42 61
42 72
42 77
42 79
42 83
42 93
42 95
42 97
42 99
42 103
42 111
42 113
42 124
42 125
42 135
42 138
42 139
42 153
42 156
42 158
42 160
42 161
42 162
42 173
42 182
42 190
42 191
43 0
43 1
43 2
43 5
43 9
43 14
43 19
43 20
43 29
43 30
43 31
43 35
43 48
43 49
43 60
43 67
43 82
43 91
43 92
43 101
43 102
43 107
43 108
43 110
43 117
43 120
43 121
43 124
43 130
43 136
43 140
43 142
43 144
43 151
43 153
43 154
43 157
43 180
43 181
43 182
43 183
43 184
43 185
43 186
43 187
43 192
44 2
44 3
44 25
44 39
44 41
44 46
44 60
44 62
44 63
44 67
44 69
44 72
44 78
44 79
44 83
44 84
44 85
44 87
44 90
44 91
44 107
44 111
44 113
44 116
44 118
44 122
44 129
44 132
44 134
44 135
44 136
44 137
44 139
44 141
44 148
44 150
44 154
44 160
44 174
44 182
45 2
45 7
45 16
45 20
45 23
45 28
45 31
45 37
45 38
45 39
45 43
45 59
45 73
45 81
45 83
45 84
45 94
45 95
45 102
45 111
45 112
45 115
45 121
45 125
45 127
45 128
45 129
45 131
45 158
45 160
45 164
45 174
45 175
45 177
45 181
45 191
45 197
45 199
46 8
46 10
46 26
46 36
46 37
46 50
46 56
46 65
46 75
46 76
46 85
46 86
46 99
46 103
46 107
46 120
46 121
46 122
46 124
46 128
46 130
46 132
46 140
46 148
46 164
46 165
46 186
46 193
47 2
47 12
47 14
47 17
47 20
47 22
47 29
47 33
47 34
47 42
47 51
47 52
47 54
47 59
47 62
47 69
47 70
47 72
47 75
47 81
47 85
47 89
47 96
47 98
47 101
47 112
47 115
47 120
47 125
47 135
47 143
47 151
47 155
47 156
47 158
47 159
47 165
47 169
47 171
47 186
47 195
48 15
48 33
48 34
48 35
48 37
48 40
48 45
48 55
48 57
48 65
48 70
48 85
48 88
48 97
48 101
48 103
48 110
48 113
48 114
48 121
48 138
48 139
48 150
48 158
48 163
48 168
48 174
48 178
48 181
48 183
48 186
48 195
49 9
49 18
49 19
49 46
49 47
49 62
49 72
49 76
49 82
49 84
49 88
49 90
49 96
49 102
49 105
49 109
49 111
49 123
49 137
49 141
49 147
49 148
49 152
49 154
49 159
49 175
49 176
49 182
49 187
49 188
49 195
49 196
50 27
50 30
50 32
50 51
50 54
50 55
50 56
50 68
50 69
50 70
50 82
50 89
50 98
50 109
50 111
50 123
50 125
50 126
50 143
50 154
50 157
50 167
50 172
50 175
50 177
50 178
50 181
50 183
50 185
50 189
51 1
51 3
51 6
51 7
51 13
51 14
51 15
51 19
51 23
51 25
51 38
51 40
51 44
51 47
51 49
51 52
51 65
51 67
51 82
51 84
51 86
51 87
51 88
51 90
51 92
51 98
51 99
51 106
51 107
51 117
51 118
51 126
51 130
51 132
51 133
51 137
51 140
51 143
51 144
51 146
51 150
51 152
51 169
51 172
51 174
51 177
51 185
52 5
52 12
52 14
52 25
52 27
52 29
52 36
52 40
52 43
52 44
52 52
52 53
52 69
52 71
52 79
52 84
52 86
52 87
52 92
52 100
52 110
52 111
52 113
52 130
52 133
52 138
52 141
52 142
52 155
52 159
52 160
52 177
52 183
52 186
52 188
52 199
53 5
53 9
53 12
53 29
53 42
53 47
53 54
53 60
53 61
53 68
53 70
53 71
53 79
53 83
53 86
53 96
53 101
53 102
53 105
53 106
53 109
53 112
53 117
53 120
53 126
53 130
53 139
53 145
53 150
53 165
53 168
53 170
53 174
53 177
53 179
53 183
53 184
53 187
53 188
53 190
53 192
53 195
54 10
54 42
54 44
54 52
54 59
54 61
54 73
54 76
54 85
54 92
54 93
54 101
54 102
54 103
54 106
54 111
54 113
54 116
54 118
54 119
54 132
54 145
54 146
54 164
54 178
54 179
54 180
54 181
54 182
54 183
54 187
54 188
55 6
55 13
55 16
55 22
55 25
55 29
55 31
55 36
55 39
55 42
55 49
55 51
55 54
55 60
55 61
55 68
55 85
55 90
55 93
55 97
55 99
55 103
55 122
55 124
55 126
55 128
55 137
55 150
55 153
55 180
55 184
55 187
55 192
55 194
55 195
55 199
56 4
56 6
56 7
56 12
56 14
56 20
56 22
56 25
56 28
56 33
56 35
56 52
56 56
56 65
56 82
56 83
56 96
56 99
56 101
56 109
56 112
56 115
56 121
56 122
56 124
56 125
56 133
56 135
56 143
56 147
56 150
56 154
56 164
56 167
56 168
56 170
56 172
56 184
56 189
56 190
57 12
57 13
57 15
57 20
57 35
57 38
57 47
57 59
57 60
57 68
57 73
57 75
57 87
57 88
57 89
57 91
57 92
57 96
57 110
57 113
57 115
57 116
57 119
57 121
57 122
57 135
57 153
57 155
57 157
57 173
57 177
57 179
57 187
57 188
57 191
57 192
57 194
57 196
58 1
58 2
58 3
58 5
58 16
58 20
58 22
58 24
58 25
58 30
58 52
58 53
58 57
58 65
58 69
58 70
58 71
58 75
58 77
58 83
58 98
58 100
58 105
58 107
58 111
58 115
58 117
58 120
58 122
58 124
58 136
58 142
58 149
58 157
58 167
58 178
58 180
58 182
58 191
58 198
59 0
59 2
59 5
59 8
59 27
59 31
59 53
59 60
59 66
59 67
59 68
59 75
59 76
59 79
59 81
59 82
59 84
59 89
59 92
59 114
59 118
59 119
59 122
59 127
59 130
59 139
59 140
59 141
59 142
59 145
59 146
59 148
59 150
59 151
59 154
59 163
59 165
59 168
59 170
59 171
59 175
59 176
59 178
59 180
59 181
59 182
59 187
60 0
60 4
60 7
60 10
60 12
60 14
60 15
60 16
60 21
60 23
60 34
60 36
60 40
60 42
60 56
60 58
60 59
60 64
60 67
60 70
60 82
60 88
60 89
60 90
60 97
60 98
60 106
60 110
60 113
60 123
60 135
60 140
60 144
60 149
60 153
60 158
60 176
60 179
60 186
60 189
60 191
60 197
60 199
61 4
61 6
61 8
61 13
61 20
61 23
61 35
61 43
61 47
61 51
61 52
61 53
61 56
61 61
61 65
61 73
61 74
61 75
61 82
61 84
61 86
61 87
61 92
61 99
61 108
61 112
61 126
61 128
61 129
61 140
61 142
61 145
61 151
61 159
61 163
61 171
61 173
61 176
61 181
61 187
61 192
61 193
61 195
62 1
62 4
62 6
62 15
62 20
62 26
62 33
62 41
62 43
62 51
62 59
62 60
62 64
62 72
62 78
62 79
62 82
62 86
62 89
62 90
62 93
62 114
62 116
62 121
62 127
62 128
62 129
62 133
62 135
62 136
62 140
62 143
62 148
62 158
62 160
62 167
62 168
62 182
62 184
62 185
62 191
63 0
63 9
63 20
63 26
63 31
63 43
63 50
63 55
63 68
63 69
63 72
63 78
63 82
63 95
63 100
63 102
63 110
63 120
63 121
63 130
63 140
63 144
63 157
63 158
63 161
63 179
63 185
63 189
63 192
63 195
63 197
64 0
64 22
64 23
64 24
64 32
64 37
64 49
64 52
64 53
64 54
64 67
64 68
64 70
64 72
64 75
64 92
64 102
64 106
64 107
64 108
64 113
64 118
64 120
64 123
64 125
64 144
64 146
64 150
64 155
64 156
64 159
64 167
64 168
64 169
64 172
64 174
64 180
64 188
65 0
65 18
65 19
65 40
65 41
65 42
65 44
65 45
65 65
65 67
65 68
65 72
65 73
65 74
65 92
65 95
65 100
65 102
65 109
65 115
65 117
65 120
65 126
65 131
65 135
65 136
65 139
65 145
65 148
65 150
65 152
65 169
65 173
65 175
65 176
65 182
65 186
65 187
65 188
66 7
66 27
66 28
66 31
66 40
66 43
66 54
66 57
66 63
66 67
66 68
66 73
66 74
66 80
66 86
66 96
66 98
66 99
66 107
66 114
66 116
66 118
66 123
66 124
66 126
66 136
66 141
66 142
66 150
66 164
66 172
66 173
66 187
66 199
67 12
67 19
67 28
67 30
67 34
67 35
67 38
67 45
67 48
67 50
67 56
67 58
67 60
67 63
67 66
67 67
67 69
67 70
67 73
67 78
67 79
67 83
67 89
67 94
67 96
67 102
67 108
67 109
67 112
67 116
67 124
67 128
67 131
67 144
67 152
67 159
67 165
67 170
67 175
67 180
67 185
67 195
68 18
68 22
68 24
68 34
68 35
68 40
68 48
68 53
68 67
68 73
68 74
68 76
68 77
68 91
68 108
68 114
68 123
68 135
68 139
68 147
68 152
68 153
68 156
68 158
68 162
68 164
68 171
68 175
68 182
68 195
68 199
69 0
69 11
69 12
69 14
69 15
69 38
69 39
69 46
69 49
69 53
69 61
69 75
69 77
69 79
69 84
69 85
69 91
69 102
69 109
69 115
69 117
69 118
69 121
69 124
69 147
69 169
69 172
69 186
69 189
69 190
69 191
69 193
69 197
69 198
70 3
70 9
70 16
70 21
70 23
70 29
70 33
70 36
70 37
70 45
70 53
70 58
70 66
70 72
70 75
70 80
70 86
70 101
70 103
70 121
70 139
70 141
70 148
70 151
70 154
70 174
70 175
70 178
70 190
70 194
70 198
71 0
71 4
71 6
71 8
71 13
71 14
71 21
71 25
71 32
71 38
71 43
71 46
71 53
71 57
71 64
71 70
71 77
71 78
71 79
71 81
71 93
71 99
71 102
71 113
71 115
71 116
71 118
71 124
71 138
71 139
71 141
71 143
71 144
71 145
71 146
71 160
71 161
71 169
71 177
71 185
71 195
71 198
72 1
72 4
72 5
72 11
72 18
72 20
72 26
72 27
72 32
72 35
72 46
72 48
72 51
72 55
72 60
72 67
72 69
72 80
72 103
72 107
72 111
72 124
72 129
72 149
72 170
72 172
72 174
72 178
72 183
72 184
72 197
73 1
73 3
73 9
73 10
73 13
73 20
73 22
73 26
73 28
73 31
73 37
73 40
73 45
73 51
73 52
73 60
73 73
73 75
73 76
73 83
73 86
73 97
73 102
73 107
73 108
73 109
73 111
73 112
73 116
73 117
73 122
73 128
73 135
73 136
73 140
73 148
73 151
73 155
73 163
73 167
73 172
73 184
73 187
73 188
73 191
73 192
73 193
73 194
73 199
74 8
74 11
74 12
74 16
74 20
74 24
74 29
74 38
74 40
74 41
74 51
74 56
74 58
74 62
74 63
74 68
74 74
74 77
74 80
74 84
74 90
74 97
74 98
74 105
74 106
74 108
74 111
74 118
74 121
74 123
74 127
74 147
74 148
74 150
74 161
74 162
74 163
74 164
74 165
74 169
74 174
74 183
74 193
74 197
75 8
75 9
75 10
75 11
75 15
75 17
75 19
75 37
75 41
75 47
75 59
75 60
75 61
75 63
75 66
75 73
75 78
75 93
75 96
75 98
75 111
75 120
75 121
75 124
75 126
75 130
75 133
75 135
75 137
75 140
75 142
75 151
75 152
75 155
75 158
75 159
75 169
75 170
75 172
75 187
75 199
76 0
76 2
76 6
76 11
76 12
76 14
76 26
76 28
76 42
76 44
76 56
76 57
76 66
76 67
76 68
76 69
76 74
76 79
76 89
76 96
76 97
76 99
76 102
76 108
76 113
76 115
76 116
76 120
76 125
76 128
76 137
76 139
76 141
76 146
76 154
76 156
76 157
76 165
76 168
76 177
76 182
76 187
76 188
76 189
76 190
76 197
76 199
77 1
77 10
77 11
77 13
77 17
77 20
77 32
77 34
77 44
77 47
77 63
77 65
77 70
77 73
77 74
77 77
77 78
77 81
77 93
77 95
77 109
77 110
77 112
77 117
77 120
77 121
77 122
77 125
77 131
77 137
77 141
77 142
77 161
77 168
77 172
77 173
77 175
77 178
77 181
77 186
77 192
77 195
77 199
78 0
78 2
78 3
78 5
78 16
78 17
78 20
78 22
78 32
78 33
78 35
78 43
78 44
78 47
78 57
78 60
78 61
78 63
78 67
78 69
78 73
78 76
78 77
78 84
78 90
78 94
78 99
78 110
78 112
78 113
78 116
78 119
78 120
78 121
78 125
78 133
78 136
78 138
78 141
78 159
78 167
78 174
78 179
78 183
78 187
78 188
78 193
79 0
79 1
79 5
79 9
79 10
79 11
79 13
79 20
79 21
79 22
79 24
79 28
79 31
79 33
79 36
79 38
79 47
79 49
79 53
79 56
79 61
79 62
79 67
79 69
79 74
79 85
79 87
79 89
79 91
79 93
79 95
79 100
79 116
79 122
79 130
79 131
79 133
79 138
79 150
79 155
79 156
79 157
79 162
79 164
79 174
79 195
79 196
79 197
80 14
80 28
80 30
80 35
80 41
80 42
80 43
80 44
80 53
80 56
80 58
80 62
80 68
80 72
80 76
80 78
80 81
80 90
80 95
80 96
80 97
80 98
80 99
80 112
80 119
80 122
80 125
80 129
80 144
80 146
80 149
80 152
80 153
80 161
80 166
80 167
80 172
80 174
80 179
80 188
80 191
80 192
81 3
81 5
81 9
81 13
81 20
81 21
81 25
81 35
81 37
81 38
81 41
81 47
81 50
81 54
81 62
81 64
81 66
81 74
81 76
81 81
81 82
81 87
81 91
81 95
81 99
81 123
81 145
81 148
81 151
81 162
81 164
81 177
81 178
81 184
81 190
81 192
81 199
82 12
82 18
82 36
82 38
82 42
82 44
82 51
82 56
82 64
82 67
82 70
82 79
82 84
82 86
82 90
82 104
82 108
82 111
82 119
82 120
82 121
82 124
82 125
82 135
82 141
82 144
82 150
82 151
82 157
82 162
82 173
82 174
82 175
82 176
82 178
82 183
82 185
82 188
82 191
82 193
82 198
83 10
83 16
83 17
83 24
83 28
83 29
83 34
83 36
83 38
83 43
83 52
83 57
83 61
83 66
83 70
83 71
83 81
83 84
83 88
83 91
83 92
83 93
83 95
83 100
83 101
83 102
83 103
83 104
83 106
83 107
83 114
83 117
83 131
83 140
83 147
83 149
83 156
83 158
83 160
83 161
83 162
83 165
83 172
83 175
83 177
83 179
83 188
83 191
83 199
84 0
84 4
84 14
84 19
84 21
84 23
84 24
84 25
84 26
84 35
84 38
84 39
84 40
84 42
84 43
84 45
84 48
84 57
84 69
84 70
84 73
84 75
84 83
84 84
84 93
84 98
84 99
84 100
84 110
84 115
84 118
84 119
84 126
84 128
84 137
84 142
84 145
84 151
84 152
84 157
84 168
84 175
84 177
84 178
84 182
84 183
84 187
84 191
84 193
85 0
85 4
85 9
85 14
85 20
85 46
85 54
85 64
85 67
85 74
85 76
85 78
85 95
85 98
85 103
85 107
85 109
85 114
85 118
85 120
85 128
85 151
85 157
85 160
85 168
85 169
85 174
85 181
85 185
86 2
86 3
86 9
86 11
86 22
86 23
86 25
86 28
86 30
86 33
86 38
86 39
86 51
86 54
86 57
86 61
86 64
86 72
86 77
86 81
86 85
86 91
86 105
86 110
86 111
86 112
86 122
86 123
86 126
86 132
86 133
86 137
86 145
86 154
86 158
86 159
86 185
86 188
86 197
87 0
87 2
87 12
87 26
87 27
87 28
87 36
87 41
87 46
87 50
87 61
87 64
87 74
87 75
87 79
87 88
87 91
87 93
87 98
87 99
87 105
87 114
87 122
87 123
87 129
87 131
87 132
87 141
87 142
87 148
87 149
87 156
87 157
87 162
87 165
87 169
87 173
87 176
87 182
87 186
87 187
87 191
87 193
87 196
87 199
88 0
88 2
88 5
88 8
88 32
88 37
88 45
88 51
88 64
88 69
88 72
88 76
88 80
88 85
88 89
88 97
88 99
88 103
88 106
88 110
88 117
88 119
88 122
88 124
88 129
88 131
88 133
88 135
88 142
88 143
88 145
88 147
88 154
88 156
88 157
88 164
88 169
88 172
88 176
88 187
88 189
88 190
88 196
88 198
88 199
89 1
89 27
89 34
89 41
89 49
89 53
89 56
89 58
89 62
89 65
89 68
89 69
89 72
89 77
89 80
89 84
89 88
89 92
89 100
89 109
89 111
89 116
89 119
89 135
89 137
89 138
89 139
89 143
89 144
89 147
89 160
89 161
89 162
89 163
89 165
89 167
89 172
89 185
89 194
89 195
89 198
89 199
90 0
90 5
90 14
90 16
90 24
90 26
90 37
90 49
90 52
90 56
90 57
90 60
90 61
90 74
90 83
90 94
90 98
90 107
90 118
90 120
90 125
90 130
90 134
90 138
90 164
90 167
90 177
90 178
90 196
90 197
90 199
91 22
91 26
91 37
91 40
91 48
91 62
91 64
91 65
91 69
91 70
91 73
91 87
91 91
91 93
91 102
91 106
91 107
91 121
91 122
91 123
91 124
91 128
91 136
91 145
91 146
91 150
91 159
91 160
91 164
91 167
91 168
91 169
91 172
91 174
91 175
91 176
91 182
91 183
91 184
91 188
91 193
92 3
92 7
92 9
92 10
92 11
92 12
92 20
92 21
92 34
92 38
92 51
92 55
92 57
92 63
92 70
92 77
92 83
92 93
92 96
92 102
92 108
92 111
92 115
92 117
92 118
92 126
92 132
92 138
92 139
92 148
92 151
92 156
92 158
92 160
92 164
92 165
92 171
92 178
92 180
92 182
92 183
92 189
92 194
93 3
93 6
93 14
93 22
93 28
93 31
93 36
93 38
93 45
93 50
93 61
93 62
93 73
93 80
93 94
93 95
93 100
93 102
93 108
93 113
93 116
93 121
93 126
93 144
93 151
93 158
93 164
93 169
93 178
93 182
93 184
93 190
93 191
93 194
93 197
94 3
94 6
94 7
94 10
94 32
94 42
94 45
94 50
94 53
94 55
94 56
94 61
94 63
94 64
94 66
94 67
94 70
94 73
94 79
94 80
94 81
94 84
94 86
94 88
94 98
94 100
94 104
94 106
94 113
94 118
94 121
94 124
94 128
94 129
94 130
94 147
94 156
94 168
94 170
94 175
94 180
94 198
95 7
95 15
95 22
95 25
95 31
95 43
95 45
95 48
95 59
95 65
95 66
95 67
95 68
95 72
95 73
95 74
95 87
95 98
95 110
95 121
95 126
95 130
95 133
95 137
95 139
95 148
95 156
95 157
95 166
95 188
95 190
95 197
96 3
96 4
96 7
96 8
96 20
96 24
96 27
96 28
96 29
96 35
96 37
96 40
96 43
96 47
96 48
96 49
96 55
96 58
96 62
96 69
96 80
96 82
96 85
96 88
96 92
96 93
96 95
96 99
96 101
96 105
96 113
96 114
96 119
96 122
96 134
96 135
96 143
96 145
96 146
96 148
96 167
96 168
96 169
96 179
96 187
96 190
96 192
96 195
97 0
97 2
97 5
97 6
97 12
97 21
97 24
97 33
97 39
97 45
97 51
97 54
97 56
97 60
97 64
97 68
97 72
97 78
97 80
97 81
97 83
97 100
97 103
97 109
97 117
97 119
97 126
97 145
97 148
97 154
97 160
97 163
97 165
97 168
97 172
97 183
97 186
97 188
97 190
97 194
97 199
98 3
98 16
98 17
98 19
98 28
98 33
98 35
98 37
98 42
98 43
98 44
98 52
98 54
98 60
98 61
98 64
98 66
98 67
98 72
98 76
98 81
98 82
98 88
98 91
98 92
98 101
98 106
98 109
98 111
98 115
98 129
98 135
98 136
98 137
98 141
98 147
98 150
99 9
99 12
99 22
99 23
99 25
99 27
99 29
99 31
99 34
99 55
99 57
99 58
99 61
99 66
99 71
99 75
99 79
99 91
99 100
99 107
99 109
99 123
99 133
99 144
99 149
99 156
99 158
99 162
99 164
99 168
99 173
99 174
99 178
99 198
100 20
100 26
100 33
100 44
100 54
100 55
100 56
100 62
100 64
100 66
100 68
100 69
100 76
100 86
100 89
100 91
100 94
100 107
100 121
100 124
100 126
100 129
100 131
100 133
100 138
100 142
100 144
100 154
100 161
100 163
100 171
100 173
100 175
100 184
100 197
101 5
101 12
101 17
101 18
101 22
101 24
101 37
101 38
101 41
101 43
101 44
101 48
101 49
101 53
101 54
101 59
101 72
101 89
101 90
101 101
101 102
101 105
101 113
101 116
101 118
101 122
101 124
101 127
101 132
101 137
101 138
101 142
101 146
101 159
101 168
101 182
101 184
101 190
101 193
101 195
101 196
102 1
102 4
102 9
102 11
102 13
102 14
102 18
102 20
102 21
102 24
102 31
102 33
102 39
102 41
102 48
102 50
102 53
102 59
102 61
102 62
102 66
102 68
102 87
102 90
102 91
102 95
102 98
102 105
102 114
102 121
102 128
102 129
102 157
102 162
102 180
102 181
102 184
102 186
103 10
103 26
103 27
103 32
103 34
103 37
103 43
103 48
103 49
103 50
103 56
103 61
103 62
103 67
103 78
103 79
103 91
103 105
103 113
103 122
103 125
103 134
103 141
103 145
103 150
103 156
103 166
103 167
103 171
103 176
103 180
103 188
104 0
104 5
104 8
104 14
104 17
104 27
104 31
104 36
104 37
104 39
104 40
104 43
104 44
104 47
104 54
104 64
104 71
104 79
104 82
104 84
104 86
104 88
104 89
104 94
104 105
104 107
104 108
104 110
104 112
104 118
104 120
104 122
104 123
104 134
104 137
104 143
104 144
104 150
104 161
104 163
104 164
104 166
104 175
104 179
104 185
104 187
104 190
104 195
104 196
105 3
105 4
105 19
105 20
105 24
105 29
105 31
105 32
105 36
105 40
105 50
105 63
105 68
105 69
105 71
105 89
105 91
105 96
105 104
105 109
105 111
105 123
105 124
105 131
105 136
105 150
105 157
105 158
105 161
105 168
105 170
105 172
105 181
105 182
105 191
105 194
105 199
106 8
106 9
106 12
106 14
106 24
106 25
106 26
106 29
106 35
106 36
106 44
106 55
106 58
106 61
106 65
106 70
106 72
106 75
106 81
106 87
106 91
106 95
106 96
106 99
106 100
106 104
106 111
106 118
106 125
106 126
106 128
106 132
106 135
106 143
106 157
106 159
106 165
106 187
106 199
107 0
107 8
107 12
107 17
107 21
107 29
107 33
107 35
107 44
107 45
107 50
107 56
107 60
107 68
107 79
107 82
107 88
107 91
107 92
107 94
107 99
107 103
107 106
107 131
107 133
107 134
107 135
107 141
107 165
107 166
107 168
107 169
107 177
107 178
107 184
107 191
107 192
107 195
107 196
107 198
108 4
108 6
108 7
108 8
108 15
108 23
108 29
108 30
108 32
108 44
108 47
108 51
108 56
108 67
108 71
108 74
108 75
108 78
108 88
108 98
108 103
108 104
108 108
108 113
108 122
108 123
108 125
108 127
108 129
108 135
108 136
108 139
108 142
108 146
108 151
108 155
108 156
108 157
108 161
108 170
108 175
108 183
108 184
108 196
108 197
109 2
109 8
109 10
109 12
109 14
109 27
109 29
109 30
109 32
109 33
109 38
109 44
109 50
109 54
109 55
109 71
109 72
109 85
109 86
109 87
109 92
109 94
109 99
109 100
109 101
109 103
109 112
109 116
109 122
109 123
109 132
109 140
109 147
109 154
109 156
109 159
109 162
109 167
109 175
109 176
109 182
109 195
109 196
109 197
110 2
110 5
110 9
110 17
110 34
110 36
110 37
110 54
110 56
110 57
110 58
110 67
110 72
110 79
110 84
110 86
110 94
110 96
110 108
110 111
110 115
110 119
110 121
110 123
110 125
110 126
110 130
110 134
110 135
110 137
110 139
110 141
110 142
110 151
110 153
110 158
110 170
110 172
110 178
110 179
110 180
110 182
110 184
110 186
110 195
110 196
110 198
111 0
111 4
111 8
111 18
111 34
111 44
111 45
111 47
111 55
111 60
111 65
111 66
111 67
111 69
111 80
111 81
111 82
111 83
111 85
111 87
111 90
111 100
111 102
111 103
111 108
111 114
111 119
111 123
111 128
111 130
111 145
111 153
111 157
111 163
111 166
111 168
111 169
111 170
111 173
111 174
111 178
111 183
111 186
111 187
112 0
112 4
112 5
112 26
112 28
112 29
112 37
112 40
112 46
112 57
112 64
112 65
112 72
112 78
112 82
112 86
112 90
112 94
112 96
112 100
112 101
112 106
112 107
112 117
112 119
112 129
112 130
112 137
112 144
112 155
112 159
112 160
112 166
112 168
112 172
112 173
112 177
112 182
112 183
112 191
112 194
112 196
113 8
113 14
113 19
113 25
113 28
113 49
113 60
113 62
113 67
113 82
113 86
113 98
113 100
113 104
113 106
113 108
113 122
113 123
113 125
113 128
113 137
113 140
113 141
113 152
113 156
113 164
113 165
113 166
113 172
113 179
114 0
114 8
114 9
114 13
114 25
114 32
114 33
114 38
114 41
114 50
114 52
114 57
114 84
114 86
114 88
114 90
114 92
114 99
114 102
114 103
114 104
114 117
114 118
114 122
114 123
114 125
114 127
114 132
114 140
114 145
114 146
114 147
114 152
114 155
114 166
114 171
114 174
114 175
114 184
114 186
114 194
114 199
115 10
115 17
115 24
115 34
115 38
115 42
115 47
115 49
115 52
115 53
115 59
115 60
115 74
115 81
115 82
115 96
115 97
115 106
115 111
115 117
115 127
115 131
115 137
115 139
115 141
115 142
115 143
115 148
115 150
115 153
115 158
115 164
115 166
115 170
115 171
115 182
115 190
115 192
115 193
115 194
115 195
115 199
116 7
116 11
116 42
116 47
116 48
116 50
116 51
116 58
116 59
116 73
116 79
116 85
116 86
116 88
116 90
116 95
116 96
116 98
116 105
116 106
116 109
116 112
116 115
116 121
116 128
116 129
116 132
116 161
116 162
116 171
116 189
116 191
116 192
116 196
117 7
117 12
117 14
117 23
117 27
117 30
117 32
117 38
117 48
117 49
117 57
117 65
117 68
117 72
117 78
117 85
117 95
117 107
117 117
117 122
117 124
117 125
117 127
117 128
117 133
117 135
117 137
117 138
117 147
117 155
117 159
117 161
117 164
117 166
117 175
117 179
117 181
117 183
117 194
118 1
118 6
118 12
118 14
118 17
118 18
118 27
118 33
118 34
118 35
118 52
118 63
118 64
118 66
118 71
118 72
118 78
118 83
118 84
118 89
118 92
118 93
118 94
118 95
118 97
118 113
118 117
118 124
118 126
118 128
118 135
118 141
118 163
118 167
118 173
118 176
118 177
118 183
118 198
118 199
119 1
119 6
119 12
119 17
119 30
119 34
119 43
119 47
119 48
119 49
119 54
119 66
119 71
119 72
119 97
119 121
119 127
119 131
119 138
119 147
119 150
119 154
119 157
119 158
119 173
119 183
119 188
119 189
119 195
119 198
120 0
120 1
120 2
120 6
120 11
120 18
120 21
120 24
120 26
120 34
120 36
120 40
120 47
120 50
120 51
120 55
120 56
120 59
120 64
120 71
120 75
120 84
120 108
120 111
120 116
120 130
120 132
120 139
120 140
120 142
120 147
120 150
120 152
120 159
120 163
120 164
120 165
120 166
120 167
120 174
120 175
120 176
120 181
120 186
120 187
120 188
120 190
120 193
120 195
120 198
121 6
121 7
121 13
121 16
121 19
121 20
121 32
121 35
121 47
121 52
121 59
121 62
121 64
121 70
121 74
121 76
121 100
121 110
121 118
121 125
121 129
121 137
121 138
121 140
121 143
121 146
121 149
121 150
121 153
121 160
121 161
121 166
121 170
121 178
121 179
121 195
122 3
122 4
122 7
122 16
122 17
122 19
122 20
122 25
122 39
122 49
122 52
122 57
122 59
122 76
122 80
122 82
122 85
122 88
122 91
122 95
122 97
122 100
122 101
122 102
122 105
122 108
122 115
122 121
122 124
122 135
122 141
122 143
122 145
122 155
122 198
123 4
123 12
123 13
123 16
123 18
123 21
123 22
123 28
123 30
123 33
123 37
123 39
123 41
123 43
123 46
123 51
123 70
123 74
123 75
123 83
123 87
123 89
123 90
123 99
123 101
123 104
123 107
123 112
123 122
123 124
123 139
123 146
123 147
123 149
123 150
123 166
123 171
123 174
123 183
123 184
123 185
123 187
123 189
123 194
123 196
124 4
124 6
124 15
124 30
124 31
124 37
124 41
124 46
124 47
124 52
124 53
124 61
124 66
124 71
124 74
124 88
124 99
124 117
124 127
124 134
124 142
124 143
124 144
124 146
124 147
124 151
124 159
124 162
124 163
124 168
124 176
124 187
124 191
125 8
125 10
125 16
125 22
125 37
125 39
125 42
125 43
125 44
125 45
125 49
125 50
125 51
125 62
125 67
125 68
125 69
125 72
125 75
125 78
125 80
125 81
125 84
125 89
125 99
125 100
125 106
125 112
125 114
125 115
125 118
125 120
125 125
125 131
125 144
125 146
125 147
125 153
125 154
125 159
125 179
125 182
125 183
125 191
126 10
126 15
126 16
126 22
126 26
126 27
126 29
126 32
126 35
126 37
126 50
126 58
126 65
126 85
126 116
126 118
126 121
126 128
126 131
126 138
126 141
126 161
126 162
126 165
126 166
126 168
126 175
126 196
126 199
127 3
127 19
127 21
127 28
127 32
127 39
127 41
127 43
127 47
127 49
127 54
127 59
127 65
127 69
127 70
127 71
127 74
127 86
127 92
127 95
127 97
127 98
127 107
127 114
127 118
127 119
127 121
127 124
127 128
127 151
127 158
127 168
127 173
127 178
127 191
127 192
127 193
127 196
127 197
128 5
128 7
128 8
128 10
128 11
128 18
128 44
128 49
128 62
128 68
128 81
128 84
128 88
128 90
128 93
128 97
128 109
128 112
128 117
128 127
128 132
128 136
128 138
128 147
128 152
128 157
128 164
128 171
128 184
128 198
129 11
129 26
129 31
129 33
129 47
129 52
129 56
129 64
129 66
129 71
129 75
129 77
129 78
129 79
129 83
129 90
129 96
129 103
129 105
129 109
129 112
129 124
129 125
129 126
129 128
129 148
129 151
129 152
129 165
129 174
129 175
129 179
129 187
129 197
129 198
130 2
130 4
130 5
130 6
130 11
130 13
130 16
130 17
130 18
130 31
130 35
130 36
130 41
130 43
130 46
130 50
130 55
130 57
130 59
130 61
130 77
130 78
130 86
130 94
130 101
130 104
130 105
130 110
130 116
130 117
130 127
130 132
130 134
130 138
130 140
130 145
130 146
130 156
130 163
130 167
130 170
130 173
130 175
130 183
130 190
130 192
130 199
131 9
131 17
131 19
131 26
131 33
131 35
131 40
131 56
131 60
131 64
131 66
131 75
131 83
131 85
131 94
131 95
131 110
131 112
131 114
131 118
131 130
131 137
131 138
131 139
131 153
131 154
131 157
131 158
131 163
131 171
131 175
131 179
131 184
131 190
131 194
131 197
131 198
131 199
132 3
132 4
132 9
132 16
132 17
132 18
132 20
132 25
132 31
132 35
132 40
132 46
132 47
132 50
132 68
132 70
132 71
132 72
132 83
132 85
132 95
132 96
132 100
132 102
132 105
132 115
132 118
132 121
132 123
132 125
132 126
132 127
132 135
132 138
132 144
132 150
132 155
132 157
132 165
132 166
132 169
132 171
132 172
132 179
132 185
132 187
132 188
132 190
132 196
133 3
133 7
133 8
133 17
133 19
133 20
133 33
133 41
133 46
133 52
133 61
133 65
133 67
133 70
133 85
133 88
133 90
133 93
133 94
133 96
133 98
133 106
133 109
133 113
133 116
133 124
133 128
133 137
133 144
133 157
133 162
133 163
133 164
133 167
133 168
133 171
133 172
133 175
133 177
133 178
133 182
133 186
133 189
133 190
133 195
134 3
134 4
134 13
134 22
134 32
134 33
134 36
134 46
134 50
134 52
134 54
134 55
134 57
134 63
134 67
134 68
134 71
134 74
134 75
134 90
134 92
134 103
134 106
134 108
134 111
134 119
134 120
134 121
134 127
134 134
134 139
134 146
134 149
134 152
134 153
134 154
134 158
134 168
134 173
134 176
134 178
134 183
134 198
135 0
135 2
135 11
135 14
135 15
135 20
135 22
135 30
135 33
135 36
135 38
135 43
135 45
135 49
135 75
135 79
135 99
135 101
135 118
135 125
135 127
135 129
135 131
135 135
135 144
135 145
135 151
135 154
135 155
135 156
135 162
135 169
135 171
135 172
135 181
135 191
135 194
135 197
136 7
136 18
136 23
136 44
136 45
136 47
136 48
136 51
136 67
136 68
136 70
136 73
136 78
136 81
136 82
136 83
136 86
136 87
136 90
136 94
136 96
136 100
136 103
136 105
136 119
136 121
136 126
136 132
136 135
136 156
136 164
136 174
136 185
136 186
136 193
137 7
137 8
137 11
137 13
137 16
137 28
137 34
137 36
137 46
137 47
137 51
137 55
137 58
137 59
137 66
137 71
137 82
137 90
137 91
137 94
137 100
137 102
137 105
137 115
137 121
137 126
137 131
137 136
137 137
137 140
137 144
137 154
137 158
137 163
137 171
137 174
137 175
137 189
137 199
138 17
138 27
138 30
138 32
138 33
138 35
138 36
138 38
138 42
138 47
138 50
138 51
138 61
138 70
138 76
138 80
138 81
138 82
138 85
138 86
138 88
138 89
138 98
138 99
138 103
138 119
138 126
138 132
138 133
138 134
138 135
138 141
138 142
138 145
138 148
138 153
138 154
138 156
138 158
138 162
138 171
138 176
138 179
138 181
138 185
138 188
138 195
138 196
138 197
139 1
139 2
139 3
139 10
139 20
139 21
139 22
139 23
139 26
139 27
139 28
139 31
139 32
139 39
139 50
139 53
139 60
139 72
139 78
139 82
139 96
139 108
139 112
139 114
139 120
139 121
139 122
139 129
139 130
139 135
139 138
139 142
139 143
139 144
139 149
139 150
139 158
139 168
139 170
139 171
139 183
139 187
139 192
139 194
140 0
140 9
140 14
140 19
140 22
140 26
140 33
140 40
140 52
140 60
140 62
140 64
140 71
140 72
140 74
140 77
140 78
140 79
140 85
140 94
140 99
140 102
140 104
140 108
140 112
140 127
140 138
140 139
140 148
140 150
140 156
140 160
140 171
140 172
140 179
140 185
140 188
140 196
140 197
140 198
141 1
141 3
141 10
141 14
141 15
141 27
141 41
141 44
141 49
141 57
141 63
141 67
141 68
141 76
141 79
141 80
141 82
141 87
141 92
141 101
141 102
141 106
141 107
141 116
141 119
141 121
141 122
141 127
141 129
141 130
141 133
141 141
141 148
141 149
141 150
141 152
141 157
141 163
141 169
141 178
141 185
141 190
141 194
141 197
142 0
142 2
142 8
142 17
142 20
142 21
142 23
142 26
142 29
142 37
142 41
142 59
142 66
142 68
142 73
142 86
142 87
142 90
142 92
142 93
142 96
142 97
142 100
142 102
142 103
142 120
142 123
142 128
142 133
142 138
142 140
142 159
142 166
142 172
142 175
142 178
142 181
142 188
142 190
142 193
142 195
142 196
143 1
143 7
143 11
143 26
143 27
143 42
143 43
143 45
143 47
143 49
143 55
143 58
143 65
143 68
143 71
143 85
143 86
143 91
143 99
143 108
143 118
143 124
143 135
143 139
143 145
143 163
143 165
143 166
143 176
143 182
143 183
143 197
143 198
144 4
144 9
144 10
144 14
144 16
144 24
144 25
144 26
144 27
144 29
144 32
144 36
144 38
144 40
144 45
144 47
144 57
144 58
144 59
144 60
144 81
144 82
144 84
144 87
144 92
144 93
144 107
144 109
144 116
144 119
144 122
144 127
144 136
144 137
144 140
144 144
144 152
144 157
144 162
144 168
144 169
144 176
144 192
144 196
144 197
144 199
145 6
145 7
145 12
145 15
145 18
145 21
145 24
145 27
145 28
145 30
145 36
145 53
145 61
145 67
145 68
145 73
145 78
145 82
145 84
145 101
145 102
145 105
145 108
145 116
145 118
145 126
145 134
145 136
145 148
145 150
145 157
145 160
145 161
145 164
145 174
145 175
145 177
145 181
145 185
145 192
145 196
146 11
146 24
146 30
146 43
146 45
146 48
146 60
146 61
146 64
146 67
146 74
146 76
146 82
146 84
146 86
146 89
146 92
146 93
146 97
146 101
146 107
146 108
146 110
146 111
146 114
146 118
146 119
146 125
146 128
146 134
146 136
146 142
146 167
146 176
146 182
146 183
146 193
146 195
146 198
147 5
147 24
147 37
147 49
147 56
147 58
147 66
147 78
147 93
147 94
147 100
147 109
147 110
147 111
147 115
147 117
147 125
147 129
147 131
147 141
147 151
147 153
147 155
147 160
147 166
147 180
147 181
147 188
147 189
147 191
147 195
147 196
148 2
148 4
148 15
148 27
148 28
148 30
148 48
148 53
148 62
148 73
148 75
148 86
148 87
148 90
148 98
148 99
148 100
148 102
148 110
148 113
148 116
148 117
148 123
148 126
148 128
148 129
148 133
148 134
148 148
148 149
148 160
148 161
148 168
148 175
148 177
148 180
148 181
148 192
148 194
148 196
148 197
149 13
149 17
149 18
149 19
149 25
149 50
149 61
149 64
149 70
149 74
149 76
149 85
149 98
149 100
149 106
149 107
149 110
149 115
149 127
149 130
149 143
149 145
149 147
149 148
149 149
149 154
149 156
149 159
149 170
149 180
149 192
149 196
149 198
150 0
150 9
150 10
150 18
150 25
150 33
150 36
150 43
150 56
150 57
150 64
150 83
150 84
150 92
150 94
150 101
150 105
150 106
150 108
150 119
150 123
150 124
150 127
150 146
150 147
150 148
150 152
150 164
150 169
150 170
150 173
150 174
150 176
150 177
150 185
150 186
150 194
150 198
151 7
151 11
151 22
151 23
151 26
151 29
151 33
151 45
151 48
151 49
151 63
151 65
151 68
151 72
151 74
151 78
151 81
151 82
151 86
151 91
151 95
151 100
151 106
151 107
151 108
151 110
151 113
151 121
151 125
151 132
151 149
151 153
151 154
151 157
151 168
151 171
151 181
151 187
151 192
151 193
151 194
151 195
151 196
151 199
152 8
152 12
152 18
152 34
152 45
152 47
152 58
152 60
152 69
152 81
152 98
152 99
152 101
152 104
152 106
152 111
152 112
152 120
152 122
152 123
152 124
152 129
152 145
152 155
152 156
152 174
152 179
152 183
152 186
152 195
152 196
153 12
153 13
153 17
153 21
153 23
153 25
153 26
153 29
153 30
153 31
153 34
153 37
153 40
153 45
153 46
153 52
153 54
153 56
153 57
153 58
153 60
153 64
153 68
153 76
153 82
153 88
153 89
153 91
153 95
153 97
153 105
153 112
153 114
153 139
153 142
153 155
153 166
153 169
153 176
153 192
153 198
153 199
154 0
154 8
154 11
154 17
154 28
154 35
154 42
154 47
154 50
154 57
154 60
154 65
154 70
154 71
154 75
154 80
154 81
154 86
154 104
154 107
154 110
154 117
154 124
154 128
154 138
154 149
154 161
154 172
154 174
154 180
154 183
154 184
154 194
154 195
155 9
155 14
155 33
155 34
155 36
155 39
155 47
155 51
155 64
155 65
155 78
155 79
155 80
155 81
155 87
155 92
155 94
155 97
155 99
155 109
155 113
155 115
155 125
155 128
155 135
155 137
155 142
155 143
155 151
155 156
155 165
155 166
155 177
155 181
155 188
156 1
156 10
156 11
156 12
156 29
156 30
156 34
156 41
156 52
156 62
156 66
156 70
156 87
156 88
156 90
156 91
156 92
156 93
156 97
156 113
156 114
156 116
156 130
156 131
156 143
156 147
156 159
156 166
156 170
156 174
156 184
156 191
157 5
157 9
157 16
157 19
157 21
157 23
157 26
157 27
157 34
157 36
157 37
157 40
157 53
157 58
157 59
157 69
157 75
157 82
157 84
157 87
157 90
157 95
157 96
157 102
157 108
157 111
157 112
157 120
157 135
157 137
157 142
157 145
157 151
157 152
157 155
157 159
157 160
157 165
157 168
157 171
157 177
157 182
157 186
157 195
158 1
158 2
158 3
158 7
158 17
158 19
158 22
158 30
158 33
158 36
158 38
158 41
158 46
158 67
158 77
158 78
158 79
158 83
158 94
158 95
158 102
158 107
158 110
158 113
158 115
158 117
158 124
158 136
158 143
158 156
158 157
158 193
158 197
158 199
159 1
159 9
159 12
159 13
159 15
159 31
159 35
159 39
159 43
159 44
159 47
159 53
159 54
159 56
159 58
159 59
159 73
159 82
159 84
159 86
159 87
159 89
159 90
159 103
159 109
159 123
159 129
159 143
159 150
159 152
159 157
159 169
159 170
159 176
159 178
159 184
159 188
159 195
159 199
160 0
160 1
160 9
160 17
160 19
160 22
160 24
160 31
160 32
160 35
160 43
160 44
160 45
160 49
160 51
160 55
160 62
160 74
160 80
160 81
160 82
160 86
160 92
160 93
160 103
160 106
160 111
160 112
160 113
160 114
160 118
160 125
160 141
160 143
160 153
160 159
160 168
160 172
160 178
160 181
160 182
161 8
161 19
161 20
161 26
161 27
161 46
161 47
161 52
161 61
161 62
161 66
161 67
161 73
161 74
161 77
161 82
161 83
161 93
161 101
161 107
161 111
161 112
161 113
161 116
161 127
161 139
161 147
161 153
161 161
161 170
161 172
161 174
161 179
161 183
161 187
161 193
162 2
162 3
162 7
162 8
162 10
162 13
162 14
162 15
162 19
162 28
162 34
162 36
162 39
162 44
162 45
162 50
162 51
162 53
162 56
162 60
162 61
162 68
162 70
162 71
162 75
162 78
162 81
162 85
162 87
162 94
162 102
162 108
162 109
162 114
162 115
162 117
162 133
162 134
162 136
162 151
162 155
162 156
162 169
162 182
162 189
162 199
163 0
163 5
163 7
163 17
163 22
163 27
163 29
163 34
163 35
163 36
163 42
163 47
163 50
163 51
163 54
163 62
163 63
163 72
163 74
163 78
163 79
163 80
163 82
163 84
163 85
163 86
163 95
163 102
163 103
163 106
163 107
163 117
163 120
163 125
163 128
163 132
163 137
163 140
163 158
163 171
163 185
163 192
163 195
164 5
164 6
164 7
164 18
164 19
164 30
164 31
164 38
164 41
164 46
164 47
164 52
164 59
164 63
164 65
164 69
164 71
164 74
164 78
164 83
164 84
164 91
164 92
164 99
164 101
164 105
164 109
164 121
164 134
164 137
164 143
164 150
164 151
164 160
164 170
164 172
164 177
164 179
164 180
164 183
164 185
164 187
164 192
164 195
165 2
165 7
165 11
165 12
165 16
165 40
165 44
165 55
165 59
165 69
165 93
165 94
165 101
165 106
165 107
165 113
165 122
165 123
165 125
165 127
165 129
165 132
165 142
165 144
165 146
165 157
165 162
165 170
165 171
165 175
165 183
165 191
165 193
165 199
166 5
166 13
166 23
166 28
166 29
166 31
166 32
166 33
166 39
166 52
166 53
166 54
166 58
166 62
166 66
166 70
166 71
166 74
166 85
166 89
166 90
166 91
166 98
166 100
166 103
166 105
166 106
166 108
166 109
166 111
166 112
166 124
166 128
166 134
166 148
166 151
166 153
166 155
166 158
166 161
166 164
166 188
166 189
166 197
167 0
167 3
167 7
167 14
167 19
167 20
167 30
167 36
167 42
167 48
167 60
167 68
167 69
167 74
167 75
167 78
167 84
167 86
167 90
167 97
167 101
167 113
167 116
167 121
167 123
167 124
167 126
167 129
167 133
167 155
167 156
167 175
167 178
167 180
167 186
167 190
167 191
167 199
168 3
168 4
168 17
168 18
168 20
168 21
168 37
168 41
168 44
168 45
168 47
168 48
168 51
168 52
168 57
168 64
168 68
168 73
168 76
168 78
168 82
168 84
168 86
168 93
168 96
168 98
168 109
168 112
168 120
168 122
168 123
168 139
168 148
168 154
168 156
168 159
168 160
168 165
168 172
168 176
168 178
168 184
168 187
168 188
169 4
169 6
169 12
169 14
169 21
169 27
169 30
169 33
169 37
169 41
169 45
169 47
169 51
169 52
169 53
169 55
169 57
169 59
169 64
169 84
169 85
169 87
169 95
169 105
169 107
169 108
169 113
169 115
169 116
169 118
169 121
169 122
169 126
169 128
169 132
169 134
169 137
169 143
169 144
169 151
169 160
169 165
169 171
169 173
169 176
169 190
169 196
169 197
170 4
170 10
170 25
170 30
170 35
170 37
170 45
170 48
170 62
170 65
170 68
170 69
170 70
170 74
170 82
170 86
170 91
170 96
170 104
170 105
170 107
170 114
170 122
170 123
170 124
170 129
170 133
170 135
170 138
170 141
170 148
170 150
170 154
170 173
170 181
170 189
170 194
171 3
171 4
171 6
171 8
171 9
171 10
171 12
171 13
171 14
171 15
171 19
171 20
171 21
171 26
171 30
171 31
171 34
171 35
171 39
171 47
171 48
171 49
171 50
171 56
171 73
171 78
171 96
171 109
171 111
171 114
171 117
171 127
171 128
171 131
171 137
171 149
171 152
171 154
171 156
171 167
171 171
171 179
171 196
172 5
172 10
172 15
172 17
172 19
172 24
172 39
172 41
172 43
172 50
172 55
172 57
172 67
172 70
172 76
172 79
172 83
172 92
172 99
172 100
172 101
172 105
172 119
172 124
172 126
172 138
172 142
172 146
172 149
172 151
172 156
172 159
172 160
172 164
172 175
172 176
172 183
172 189
172 191
173 0
173 1
173 7
173 10
173 25
173 38
173 39
173 55
173 56
173 59
173 75
173 77
173 78
173 84
173 88
173 90
173 110
173 114
173 116
173 117
173 118
173 125
173 131
173 133
173 134
173 139
173 140
173 156
173 161
173 162
173 166
173 167
173 170
173 182
173 186
173 192
174 5
174 10
174 20
174 21
174 24
174 26
174 33
174 47
174 48
174 66
174 68
174 78
174 95
174 106
174 107
174 108
174 110
174 113
174 120
174 125
174 131
174 137
174 139
174 144
174 145
174 150
174 151
174 154
174 157
174 166
174 170
174 174
174 187
174 189
174 191
174 195
174 197
175 2
175 3
175 4
175 14
175 19
175 23
175 26
175 28
175 33
175 38
175 44
175 48
175 53
175 59
175 62
175 64
175 65
175 71
175 74
175 75
175 94
175 96
175 99
175 101
175 112
175 113
175 115
175 116
175 122
175 124
175 129
175 138
175 152
175 165
175 169
175 170
175 174
175 176
175 181
175 184
175 194
176 2
176 11
176 23
176 26
176 34
176 36
176 48
176 50
176 53
176 56
176 58
176 63
176 69
176 70
176 72
176 76
176 78
176 79
176 92
176 95
176 102
176 103
176 104
176 110
176 115
176 117
176 136
176 143
176 144
176 150
176 152
176 154
176 159
176 170
176 171
176 172
176 175
176 186
176 188
176 190
176 196
177 5
177 7
177 16
177 19
177 21
177 27
177 42
177 46
177 47
177 48
177 53
177 55
177 57
177 58
177 59
177 64
177 67
177 73
177 75
177 79
177 81
177 84
177 89
177 91
177 92
177 95
177 102
177 132
177 149
177 152
177 157
177 160
177 162
177 173
177 178
177 182
177 194
178 3
178 7
178 10
178 19
178 22
178 24
178 26
178 29
178 31
178 32
178 35
178 38
178 59
178 68
178 70
178 75
178 77
178 82
178 91
178 94
178 97
178 99
178 106
178 117
178 119
178 121
178 128
178 130
178 132
178 137
178 152
178 160
178 161
178 166
178 172
178 175
178 177
178 184
178 186
178 188
178 192
179 5
179 9
179 16
179 18
179 21
179 22
179 24
179 29
179 50
179 67
179 88
179 93
179 97
179 102
179 103
179 106
179 109
179 123
179 124
179 130
179 132
179 133
179 141
179 152
179 154
179 160
179 161
179 166
179 179
180 1
180 9
180 10
180 14
180 22
180 23
180 25
180 27
180 33
180 43
180 68
180 75
180 82
180 84
180 87
180 90
180 95
180 98
180 102
180 107
180 119
180 120
180 124
180 126
180 133
180 136
180 139
180 143
180 157
180 160
180 167
180 169
180 170
180 173
180 191
180 193
180 197
181 2
181 3
181 4
181 7
181 8
181 18
181 31
181 32
181 40
181 44
181 51
181 61
181 62
181 63
181 67
181 72
181 77
181 91
181 92
181 93
181 111
181 114
181 117
181 119
181 130
181 134
181 135
181 137
181 150
181 164
181 169
181 172
181 179
181 180
181 185
181 187
181 193
182 0
182 22
182 27
182 30
182 34
182 40
182 53
182 69
182 74
182 79
182 84
182 85
182 87
182 93
182 96
182 98
182 104
182 118
182 122
182 128
182 130
182 140
182 142
182 144
182 148
182 152
182 156
182 157
182 159
182 162
182 165
182 172
182 173
182 174
182 182
182 185
182 188
182 191
182 195
182 198
183 4
183 24
183 29
183 33
183 35
183 36
183 42
183 45
183 53
183 55
183 56
183 58
183 60
183 67
183 80
183 84
183 91
183 94
183 97
183 101
183 108
183 111
183 146
183 160
183 164
183 169
183 171
183 177
183 187
183 190
183 192
183 194
184 2
184 11
184 12
184 23
184 24
184 29
184 33
184 40
184 42
184 49
184 50
184 52
184 57
184 61
184 64
184 72
184 75
184 78
184 97
184 99
184 100
184 105
184 113
184 116
184 126
184 127
184 133
184 136
184 138
184 139
184 150
184 164
184 169
184 177
184 178
184 187
184 190
184 195
184 196
185 0
185 12
185 26
185 27
185 29
185 36
185 37
185 38
185 41
185 49
185 57
185 60
185 64
185 65
185 68
185 76
185 80
185 84
185 92
185 97
185 99
185 102
185 105
185 110
185 111
185 112
185 116
185 117
185 118
185 124
185 125
185 126
185 127
185 128
185 130
185 131
185 133
185 136
185 137
185 145
185 159
185 168
185 170
185 171
185 176
185 179
185 187
185 189
185 196
186 6
186 9
186 10
186 11
186 16
186 33
186 36
186 42
186 43
186 45
186 46
186 48
186 51
186 52
186 59
186 60
186 62
186 65
186 70
186 71
186 72
186 73
186 82
186 85
186 86
186 97
186 104
186 115
186 120
186 121
186 122
186 128
186 138
186 142
186 158
186 161
186 163
186 164
186 165
186 166
186 172
186 176
186 180
186 193
187 4
187 17
187 18
187 25
187 31
187 35
187 37
187 45
187 47
187 54
187 57
187 58
187 63
187 67
187 70
187 74
187 82
187 84
187 88
187 95
187 102
187 107
187 109
187 118
187 121
187 127
187 128
187 130
187 139
187 140
187 143
187 147
187 156
187 165
187 176
187 182
187 184
187 185
187 190
187 196
187 199
188 5
188 10
188 11
188 24
188 27
188 28
188 33
188 40
188 42
188 45
188 47
188 56
188 61
188 63
188 67
188 68
188 70
188 73
188 74
188 75
188 77
188 78
188 87
188 88
188 89
188 90
188 95
188 102
188 109
188 111
188 116
188 117
188 129
188 141
188 149
188 157
188 164
188 170
188 175
188 186
188 187
188 190
188 192
188 197
189 1
189 2
189 5
189 7
189 9
189 13
189 14
189 22
189 23
189 24
189 25
189 26
189 27
189 28
189 38
189 39
189 47
189 65
189 66
189 78
189 92
189 100
189 101
189 102
189 103
189 104
189 105
189 107
189 112
189 114
189 118
189 119
189 122
189 124
189 125
189 127
189 134
189 135
189 148
189 150
189 166
189 181
189 186
190 1
190 3
190 9
190 13
190 18
190 19
190 22
190 29
190 39
190 42
190 43
190 44
190 48
190 50
190 52
190 58
190 61
190 67
190 68
190 69
190 70
190 74
190 79
190 80
190 82
190 88
190 96
190 97
190 103
190 104
190 106
190 107
190 110
190 113
190 114
190 116
190 123
190 132
190 143
190 145
190 146
190 147
190 157
190 162
190 170
190 171
190 173
190 176
190 177
190 183
190 185
190 199
191 3
191 6
191 7
191 9
191 11
191 13
191 23
191 25
191 26
191 27
191 29
191 31
191 33
191 45
191 47
191 49
191 50
191 51
191 61
191 72
191 77
191 87
191 89
191 90
191 94
191 100
191 101
191 102
191 111
191 112
191 117
191 118
191 130
191 142
191 163
191 166
191 169
191 172
191 176
191 182
191 187
191 188
191 194
192 1
192 14
192 16
192 26
192 27
192 34
192 39
192 43
192 46
192 50
192 52
192 58
192 60
192 64
192 68
192 71
192 73
192 74
192 75
192 87
192 92
192 93
192 94
192 104
192 108
192 119
192 121
192 122
192 124
192 126
192 129
192 134
192 137
192 139
192 141
192 144
192 149
192 156
192 157
192 158
192 159
192 160
192 161
192 164
192 171
192 173
192 179
192 181
192 182
192 185
192 188
192 197
192 198
193 6
193 12
193 14
193 17
193 27
193 34
193 35
193 38
193 41
193 46
193 53
193 61
193 70
193 73
193 89
193 99
193 120
193 125
193 127
193 139
193 145
193 147
193 153
193 154
193 157
193 158
193 161
193 163
193 170
193 179
193 181
193 185
193 190
193 194
193 195
193 199
194 5
194 8
194 11
194 13
194 23
194 24
194 29
194 44
194 45
194 48
194 50
194 64
194 66
194 74
194 76
194 80
194 81
194 84
194 89
194 94
194 95
194 99
194 101
194 108
194 109
194 118
194 121
194 123
194 124
194 134
194 144
194 156
194 157
194 158
194 166
194 170
194 171
194 174
194 178
194 179
194 180
194 184
194 186
194 194
194 199
195 2
195 5
195 7
195 15
195 27
195 29
195 33
195 35
195 44
195 52
195 67
195 69
195 75
195 82
195 92
195 94
195 100
195 102
195 103
195 104
195 106
195 111
195 114
195 118
195 121
195 122
195 124
195 142
195 151
195 154
195 159
195 161
195 164
195 168
195 170
195 179
195 180
195 187
195 189
195 190
195 192
196 14
196 15
196 16
196 19
196 23
196 25
196 34
196 40
196 46
196 51
196 61
196 64
196 80
196 83
196 84
196 85
196 86
196 87
196 90
196 94
196 95
196 99
196 100
196 103
196 105
196 106
196 110
196 119
196 124
196 126
196 127
196 128
196 131
196 133
196 135
196 142
196 144
196 149
196 150
196 153
196 158
196 159
196 164
196 177
196 179
196 182
196 184
196 185
196 188
196 191
196 196
197 5
197 16
197 19
197 21
197 22
197 23
197 25
197 27
197 28
197 30
197 34
197 43
197 47
197 53
197 55
197 62
197 65
197 70
197 77
197 83
197 87
197 114
197 115
197 117
197 128
197 129
197 130
197 136
197 143
197 146
197 151
197 154
197 157
197 165
197 167
197 170
197 181
197 186
197 187
197 191
197 197
198 2
198 9
198 23
198 26
198 30
198 35
198 37
198 39
198 40
198 41
198 51
198 56
198 57
198 62
198 71
198 74
198 77
198 80
198 83
198 91
198 92
198 95
198 96
198 98
198 103
198 128
198 129
198 137
198 140
198 142
198 144
198 149
198 152
198 156
198 160
198 161
198 172
198 182
198 184
198 191
198 199
199 10
199 11
199 16
199 20
199 25
199 29
199 30
199 32
199 38
199 40
199 44
199 47
199 54
199 60
199 64
199 68
199 70
199 73
199 82
199 86
199 95
199 104
199 108
199 109
199 111
199 119
199 121
199 124
199 131
199 133
199 135
199 147
199 163
199 164
199 165
199 173
199 174
199 179
199 183
199 191
199 196
