120
2856
0 4
0 11
0 14
0 18
0 22
0 25
0 26
0 27
0 34
0 35
0 38
0 45
0 49
0 54
0 60
0 68
0 84
0 96
0 98
0 99
0 107
0 108
0 113
0 119
1 1
1 3
1 7
1 9
1 21
1 26
1 32
1 34
1 38
1 39
1 45
1 57
1 58
1 59
1 63
1 67
1 81
1 88
1 92
1 94
1 97
1 98
1 103
1 112
1 114
1 115
2 0
2 3
2 4
2 16
2 18
2 22
2 25
2 49
2 52
2 53
2 55
2 61
2 67
2 79
2 84
2 92
2 94
2 97
2 112
3 5
3 6
3 7
3 28
3 32
3 40
3 49
3 52
3 56
3 59
3 63
3 64
3 66
3 68
3 100
3 102
3 103
3 104
3 108
3 110
3 112
3 113
4 6
4 14
4 20
4 22
4 29
4 35
4 36
4 40
4 42
4 50
4 51
4 54
4 55
4 61
4 67
4 80
4 89
4 93
4 100
4 101
4 105
4 108
4 109
4 112
4 113
4 116
4 117
4 118
4 119
5 7
5 9
5 12
5 13
5 16
5 18
5 21
5 26
5 47
5 62
5 64
5 76
5 80
5 86
5 89
5 91
5 93
5 96
5 99
5 104
5 105
5 119
6 4
6 10
6 11
6 23
6 29
6 33
6 34
6 40
6 49
6 56
6 59
6 60
6 61
6 65
6 70
6 72
6 73
6 77
6 80
6 86
6 92
6 95
6 99
6 101
6 104
7 10
7 18
7 19
7 22
7 23
7 27
7 45
7 48
7 51
7 54
7 56
7 59
7 67
7 71
7 75
7 77
7 78
7 89
7 90
7 93
7 102
7 107
8 1
8 3
8 5
8 10
8 24
8 32
8 35
8 45
8 56
8 58
8 68
8 69
8 76
8 88
8 92
8 101
8 102
9 7
9 8
9 9
9 16
9 19
9 25
9 35
9 36
9 49
9 50
9 62
9 67
9 68
9 71
9 74
9 79
9 82
9 83
9 96
9 97
9 110
9 117
9 119
10 10
10 18
10 22
10 23
10 25
10 27
10 32
10 40
10 41
10 42
10 43
10 48
10 53
10 61
10 63
10 68
10 70
10 76
10 77
10 95
10 101
10 119
11 3
11 7
11 8
11 11
11 13
11 15
11 19
11 21
11 26
11 29
11 30
11 34
11 35
11 40
11 51
11 53
11 54
11 57
11 63
11 64
11 71
11 79
11 80
11 81
11 92
11 93
11 94
11 100
11 105
11 106
11 107
11 113
11 118
12 7
12 8
12 11
12 16
12 18
12 28
12 33
12 35
12 49
12 50
12 52
12 56
12 58
12 64
12 72
12 82
12 86
12 91
12 92
12 95
12 97
12 99
12 104
12 105
12 106
12 108
13 3
13 5
13 6
13 7
13 12
13 21
13 23
13 37
13 39
13 40
13 50
13 55
13 66
13 77
13 78
13 81
13 87
13 93
13 94
13 95
13 99
13 106
13 110
13 115
14 0
14 5
14 7
14 9
14 13
14 35
14 41
14 45
14 47
14 51
14 56
14 59
14 64
14 74
14 77
14 88
14 90
14 93
14 95
14 96
14 99
14 101
14 107
14 109
14 114
15 5
15 11
15 13
15 18
15 19
15 25
15 30
15 37
15 38
15 45
15 46
15 47
15 49
15 51
15 54
15 70
15 72
15 75
15 76
15 78
15 80
15 83
15 95
15 96
15 97
15 99
15 106
15 112
15 115
16 0
16 4
16 6
16 19
16 25
16 27
16 31
16 32
16 41
16 42
16 60
16 64
16 65
16 71
16 75
16 88
16 89
16 97
16 99
16 102
16 105
16 107
16 112
16 113
16 114
16 116
17 5
17 9
17 11
17 13
17 27
17 33
17 34
17 36
17 41
17 45
17 52
17 54
17 60
17 62
17 63
17 64
17 72
17 81
17 88
17 90
17 95
17 96
17 101
17 108
17 112
17 113
17 115
18 0
18 4
18 12
18 18
18 34
18 38
18 39
18 45
18 51
18 56
18 57
18 63
18 67
18 80
18 81
18 94
18 95
18 96
18 97
18 103
18 105
18 106
18 112
18 114
18 116
18 118
18 119
19 7
19 25
19 34
19 36
19 55
19 57
19 62
19 65
19 67
19 74
19 76
19 80
19 82
19 83
19 88
19 96
19 99
19 100
19 104
19 105
19 106
19 108
19 118
20 1
20 2
20 3
20 12
20 17
20 23
20 26
20 29
20 33
20 37
20 41
20 47
20 56
20 62
20 66
20 67
20 71
20 72
20 73
20 76
20 82
20 86
20 90
20 100
21 4
21 14
21 15
21 17
21 30
21 35
21 36
21 37
21 39
21 45
21 47
21 48
21 49
21 57
21 58
21 60
21 64
21 69
21 71
21 72
21 94
21 97
21 98
21 116
22 2
22 16
22 17
22 19
22 21
22 31
22 35
22 40
22 52
22 53
22 57
22 61
22 68
22 73
22 79
22 92
22 93
22 97
22 111
22 112
22 118
22 119
23 1
23 2
23 16
23 18
23 23
23 26
23 37
23 53
23 54
23 59
23 65
23 70
23 76
23 81
23 82
23 84
23 90
23 91
23 98
23 103
23 105
23 106
23 108
24 7
24 8
24 13
24 19
24 20
24 21
24 24
24 25
24 31
24 32
24 37
24 42
24 44
24 57
24 59
24 61
24 68
24 81
24 85
24 93
24 98
24 102
24 105
24 109
24 116
25 6
25 8
25 12
25 14
25 15
25 18
25 20
25 23
25 25
25 34
25 37
25 50
25 51
25 54
25 57
25 63
25 67
25 68
25 75
25 82
25 84
25 85
25 87
25 88
25 94
25 103
25 104
25 111
25 119
26 5
26 8
26 10
26 15
26 16
26 17
26 19
26 20
26 30
26 40
26 58
26 67
26 77
26 78
26 81
26 85
26 86
26 89
26 92
26 93
26 94
26 102
26 108
26 109
26 113
26 115
26 116
27 4
27 20
27 22
27 41
27 50
27 55
27 56
27 65
27 68
27 73
27 76
27 83
27 84
27 91
27 96
27 97
27 101
27 103
27 104
27 106
27 108
27 111
27 114
28 5
28 17
28 19
28 23
28 33
28 38
28 40
28 41
28 47
28 65
28 67
28 71
28 75
28 77
28 82
28 83
28 95
28 97
28 101
28 119
29 2
29 4
29 10
29 11
29 27
29 28
29 37
29 43
29 44
29 53
29 54
29 60
29 68
29 72
29 84
29 91
29 105
29 106
29 108
29 109
30 3
30 6
30 11
30 31
30 36
30 40
30 42
30 52
30 54
30 56
30 61
30 63
30 68
30 74
30 76
30 79
30 86
30 88
30 91
30 96
30 107
30 108
30 117
30 118
31 6
31 8
31 9
31 13
31 19
31 27
31 29
31 31
31 48
31 63
31 82
31 84
31 85
31 92
31 94
31 106
31 108
31 112
31 116
31 117
32 5
32 7
32 10
32 12
32 17
32 19
32 27
32 31
32 42
32 50
32 58
32 60
32 62
32 64
32 65
32 70
32 72
32 74
32 79
32 83
32 86
32 88
32 102
32 103
32 107
32 113
32 116
33 3
33 9
33 14
33 26
33 31
33 35
33 38
33 56
33 57
33 61
33 67
33 75
33 82
33 85
33 87
33 103
33 114
33 118
34 3
34 7
34 10
34 11
34 12
34 15
34 17
34 19
34 22
34 31
34 39
34 43
34 49
34 52
34 66
34 67
34 74
34 80
34 85
34 90
34 91
34 100
34 103
34 106
34 114
35 0
35 3
35 24
35 25
35 29
35 31
35 39
35 42
35 61
35 67
35 68
35 69
35 71
35 73
35 76
35 77
35 98
35 99
35 101
35 102
35 106
35 110
35 115
35 117
35 119
36 6
36 10
36 29
36 32
36 37
36 47
36 50
36 67
36 74
36 84
36 88
36 90
36 105
36 106
36 117
37 5
37 11
37 16
37 17
37 21
37 22
37 30
37 38
37 41
37 42
37 48
37 51
37 52
37 54
37 64
37 65
37 82
37 90
37 93
37 95
37 104
37 107
37 108
37 112
38 4
38 6
38 11
38 12
38 19
38 27
38 34
38 36
38 39
38 43
38 44
38 59
38 61
38 70
38 76
38 77
38 83
38 103
38 109
38 113
39 13
39 20
39 31
39 32
39 33
39 34
39 38
39 54
39 65
39 66
39 85
39 92
39 95
39 103
39 105
39 109
39 119
40 0
40 2
40 8
40 9
40 12
40 20
40 27
40 30
40 38
40 45
40 50
40 52
40 56
40 57
40 60
40 61
40 62
40 64
40 70
40 71
40 73
40 83
40 84
40 87
40 89
40 90
40 99
40 100
40 101
40 107
40 108
40 109
40 112
41 3
41 8
41 13
41 17
41 31
41 33
41 34
41 35
41 43
41 51
41 53
41 56
41 58
41 67
41 69
41 85
41 97
41 109
41 115
42 3
42 5
42 7
42 11
42 13
42 14
42 17
42 24
42 31
42 44
42 50
42 56
42 61
42 63
42 65
42 68
42 69
42 71
42 77
42 81
42 82
42 85
42 91
42 96
42 105
42 110
42 116
43 8
43 10
43 26
43 41
43 47
43 49
43 55
43 61
43 64
43 66
43 74
43 75
43 81
43 85
43 87
43 92
43 97
43 102
43 106
43 109
43 113
43 114
43 115
44 5
44 7
44 14
44 17
44 22
44 30
44 33
44 35
44 38
44 45
44 49
44 50
44 57
44 64
44 67
44 88
44 90
44 96
44 100
44 102
44 110
44 114
44 116
44 118
45 2
45 11
45 13
45 14
45 16
45 22
45 25
45 26
45 32
45 43
45 46
45 80
45 84
45 85
45 96
45 109
45 111
45 115
46 14
46 15
46 17
46 18
46 19
46 20
46 21
46 23
46 27
46 36
46 38
46 39
46 41
46 42
46 52
46 62
46 73
46 76
46 79
46 81
46 85
46 89
46 92
46 96
46 99
46 108
47 2
47 8
47 11
47 12
47 18
47 19
47 23
47 39
47 40
47 43
47 45
47 53
47 56
47 66
47 71
47 76
47 78
47 91
47 92
47 105
47 109
47 112
48 2
48 5
48 8
48 11
48 12
48 16
48 20
48 23
48 32
48 35
48 45
48 52
48 56
48 58
48 61
48 63
48 64
48 66
48 72
48 77
48 82
48 84
48 85
48 87
48 102
48 105
48 107
48 109
48 110
48 112
48 113
48 118
48 119
49 0
49 9
49 11
49 12
49 14
49 21
49 24
49 27
49 41
49 45
49 53
49 59
49 68
49 80
49 89
49 93
49 96
49 107
49 113
49 114
49 116
50 0
50 1
50 6
50 35
50 40
50 44
50 49
50 56
50 59
50 68
50 71
50 76
50 82
50 85
50 86
50 89
50 90
50 95
50 101
50 107
51 2
51 3
51 8
51 9
51 10
51 15
51 17
51 18
51 30
51 37
51 39
51 40
51 42
51 46
51 57
51 62
51 70
51 71
51 74
51 75
51 78
51 80
51 100
51 103
51 105
51 114
51 119
52 1
52 15
52 18
52 19
52 26
52 27
52 30
52 32
52 38
52 39
52 48
52 58
52 63
52 69
52 73
52 78
52 79
52 95
52 98
52 103
52 111
52 117
52 118
53 3
53 5
53 9
53 11
53 20
53 22
53 24
53 28
53 32
53 35
53 39
53 53
53 55
53 73
53 80
53 81
53 82
53 85
53 87
53 97
53 100
53 106
53 109
53 115
53 118
54 5
54 15
54 19
54 20
54 29
54 38
54 46
54 53
54 54
54 64
54 69
54 71
54 73
54 79
54 84
54 88
54 93
54 96
54 104
54 105
54 106
54 109
54 110
54 113
54 116
54 117
55 3
55 4
55 16
55 20
55 21
55 36
55 37
55 38
55 41
55 45
55 49
55 58
55 62
55 64
55 74
55 79
55 81
55 84
55 86
55 92
55 94
55 101
55 102
55 104
55 106
55 113
55 118
56 0
56 4
56 9
56 17
56 29
56 32
56 47
56 51
56 66
56 69
56 73
56 89
56 93
56 97
56 106
56 109
56 112
57 4
57 7
57 17
57 19
57 23
57 24
57 28
57 30
57 34
57 41
57 42
57 45
57 46
57 53
57 57
57 61
57 64
57 70
57 80
57 83
57 85
57 88
57 91
57 98
57 118
58 3
58 9
58 20
58 25
58 28
58 29
58 30
58 32
58 35
58 38
58 41
58 42
58 47
58 51
58 55
58 57
58 62
58 63
58 84
58 85
58 89
58 90
58 99
58 100
58 110
58 111
58 115
59 10
59 12
59 14
59 16
59 17
59 48
59 50
59 55
59 61
59 64
59 67
59 68
59 87
59 89
59 105
59 113
59 114
59 115
59 119
60 3
60 7
60 15
60 16
60 24
60 27
60 29
60 37
60 45
60 47
60 51
60 59
60 63
60 65
60 70
60 71
60 73
60 78
60 79
60 80
60 85
60 86
60 93
60 100
60 102
60 106
60 108
60 111
60 113
60 115
61 14
61 15
61 16
61 17
61 21
61 25
61 30
61 32
61 36
61 39
61 40
61 48
61 65
61 70
61 73
61 77
61 81
61 83
61 87
61 108
61 110
61 114
61 116
62 1
62 7
62 20
62 22
62 32
62 35
62 39
62 46
62 53
62 56
62 65
62 66
62 69
62 70
62 80
62 88
62 91
62 93
62 99
62 108
62 113
62 117
62 119
63 0
63 1
63 4
63 16
63 20
63 23
63 35
63 39
63 42
63 49
63 55
63 56
63 59
63 65
63 74
63 77
63 78
63 83
63 85
63 87
63 89
63 90
63 97
63 104
63 113
63 119
64 0
64 2
64 3
64 4
64 5
64 8
64 10
64 18
64 24
64 28
64 31
64 35
64 41
64 51
64 52
64 70
64 79
64 86
64 88
64 93
64 109
64 110
64 117
64 118
65 0
65 4
65 7
65 16
65 30
65 31
65 36
65 44
65 48
65 56
65 61
65 70
65 79
65 80
65 84
65 91
65 108
65 119
66 1
66 5
66 11
66 25
66 28
66 31
66 34
66 41
66 54
66 58
66 62
66 63
66 76
66 84
66 89
66 92
66 96
66 98
66 100
66 101
66 106
66 107
66 110
66 113
66 115
66 117
66 118
67 12
67 16
67 27
67 29
67 32
67 36
67 38
67 41
67 44
67 47
67 49
67 50
67 60
67 65
67 66
67 73
67 82
67 98
67 103
67 104
67 105
67 109
67 110
67 113
67 117
68 3
68 4
68 5
68 7
68 19
68 22
68 23
68 28
68 32
68 36
68 37
68 43
68 45
68 46
68 47
68 49
68 50
68 51
68 52
68 55
68 57
68 59
68 61
68 64
68 66
68 71
68 74
68 77
68 87
68 89
68 90
68 96
68 113
68 115
69 11
69 14
69 18
69 20
69 22
69 25
69 26
69 31
69 33
69 49
69 58
69 63
69 68
69 69
69 71
69 72
69 74
69 77
69 83
69 84
69 92
69 97
69 116
70 4
70 5
70 6
70 12
70 14
70 17
70 22
70 23
70 24
70 31
70 37
70 42
70 45
70 49
70 52
70 55
70 56
70 60
70 65
70 69
70 76
70 84
70 89
70 102
70 113
70 116
70 118
71 1
71 5
71 20
71 24
71 30
71 34
71 38
71 43
71 45
71 54
71 60
71 63
71 64
71 65
71 66
71 71
71 76
71 84
71 85
71 92
71 95
71 104
71 106
71 107
71 110
71 116
72 0
72 6
72 7
72 17
72 19
72 21
72 22
72 23
72 39
72 43
72 44
72 45
72 76
72 77
72 81
72 83
72 84
72 90
72 110
72 111
72 115
72 117
72 118
73 7
73 13
73 14
73 16
73 17
73 22
73 24
73 25
73 28
73 30
73 44
73 47
73 49
73 50
73 63
73 66
73 68
73 70
73 76
73 77
73 83
73 95
73 98
73 99
73 100
73 101
73 102
73 103
73 108
73 109
73 110
73 112
73 117
74 1
74 3
74 6
74 15
74 17
74 27
74 31
74 45
74 49
74 53
74 54
74 70
74 74
74 75
74 80
74 87
74 91
74 104
75 10
75 12
75 13
75 21
75 22
75 25
75 26
75 28
75 31
75 33
75 35
75 37
75 58
75 65
75 69
75 70
75 76
75 89
75 100
75 104
75 105
75 112
75 113
75 116
75 117
76 8
76 19
76 23
76 24
76 34
76 37
76 39
76 42
76 46
76 72
76 73
76 77
76 78
76 81
76 88
76 94
76 108
76 113
76 114
76 119
77 3
77 6
77 24
77 26
77 30
77 32
77 39
77 48
77 52
77 53
77 54
77 56
77 58
77 62
77 72
77 77
77 81
77 85
77 101
77 104
77 108
77 115
77 117
78 5
78 12
78 13
78 16
78 35
78 36
78 38
78 53
78 55
78 56
78 69
78 77
78 84
78 85
78 89
78 97
78 98
78 105
78 112
79 3
79 7
79 8
79 10
79 13
79 20
79 21
79 23
79 31
79 36
79 40
79 42
79 44
79 48
79 53
79 57
79 61
79 65
79 66
79 73
79 77
79 93
79 94
79 99
79 100
79 107
79 111
80 5
80 11
80 13
80 21
80 38
80 74
80 80
80 83
80 85
80 93
80 105
80 110
80 112
80 115
81 0
81 25
81 29
81 30
81 32
81 34
81 36
81 37
81 45
81 55
81 61
81 63
81 72
81 74
81 77
81 81
81 82
81 84
81 90
81 92
81 93
81 105
81 108
82 5
82 6
82 8
82 9
82 20
82 27
82 28
82 35
82 42
82 43
82 44
82 45
82 49
82 52
82 58
82 62
82 65
82 66
82 73
82 75
82 77
82 82
82 83
82 114
82 115
83 9
83 14
83 16
83 18
83 26
83 34
83 37
83 46
83 50
83 52
83 57
83 60
83 62
83 70
83 72
83 76
83 78
83 80
83 89
83 93
83 97
83 108
83 113
83 115
84 6
84 29
84 33
84 40
84 45
84 47
84 50
84 51
84 53
84 60
84 65
84 67
84 75
84 82
84 83
84 119
85 1
85 27
85 29
85 33
85 34
85 38
85 39
85 40
85 41
85 45
85 53
85 57
85 62
85 65
85 67
85 69
85 72
85 75
85 77
85 90
85 91
85 95
85 97
85 101
85 104
85 105
85 118
86 14
86 25
86 32
86 37
86 38
86 44
86 45
86 46
86 49
86 50
86 51
86 54
86 63
86 66
86 67
86 68
86 83
86 85
86 98
86 108
86 119
87 1
87 3
87 10
87 13
87 17
87 24
87 26
87 27
87 28
87 30
87 33
87 36
87 37
87 42
87 49
87 51
87 60
87 61
87 62
87 63
87 70
87 72
87 74
87 76
87 80
87 81
87 92
87 95
87 101
87 102
87 105
87 107
87 112
87 117
88 3
88 5
88 13
88 17
88 18
88 39
88 43
88 48
88 51
88 54
88 65
88 70
88 71
88 75
88 77
88 81
88 82
88 96
88 105
88 106
88 107
88 115
89 3
89 6
89 10
89 15
89 23
89 26
89 27
89 28
89 30
89 37
89 45
89 47
89 49
89 55
89 58
89 60
89 70
89 75
89 80
89 86
89 88
89 92
89 95
89 96
89 98
89 111
89 115
89 117
90 17
90 18
90 32
90 38
90 55
90 58
90 59
90 62
90 67
90 73
90 82
90 84
90 87
90 88
90 89
90 103
90 112
90 119
91 1
91 4
91 6
91 8
91 11
91 30
91 32
91 36
91 42
91 45
91 46
91 50
91 56
91 61
91 63
91 70
91 71
91 80
91 83
91 93
91 96
91 97
91 107
91 110
91 116
92 14
92 19
92 29
92 30
92 34
92 44
92 48
92 54
92 55
92 57
92 58
92 68
92 77
92 89
92 90
92 93
92 97
92 101
92 112
92 113
92 114
92 116
92 119
93 3
93 7
93 13
93 26
93 33
93 35
93 42
93 46
93 49
93 54
93 59
93 63
93 74
93 79
93 90
93 97
93 103
93 105
93 111
93 114
94 2
94 4
94 11
94 17
94 21
94 24
94 25
94 27
94 30
94 31
94 34
94 36
94 58
94 60
94 64
94 65
94 73
94 75
94 84
94 90
94 99
94 108
94 112
94 113
95 0
95 7
95 9
95 14
95 15
95 16
95 17
95 34
95 42
95 45
95 52
95 53
95 54
95 56
95 60
95 61
95 64
95 67
95 69
95 78
95 81
95 87
95 89
95 90
95 94
95 95
95 97
95 101
95 103
95 112
95 115
95 119
96 3
96 4
96 10
96 12
96 16
96 18
96 29
96 31
96 35
96 50
96 63
96 66
96 71
96 92
96 94
96 95
96 98
96 101
96 104
96 118
97 10
97 15
97 19
97 20
97 30
97 35
97 47
97 52
97 57
97 61
97 67
97 69
97 75
97 81
97 82
97 87
97 89
97 91
97 97
97 99
97 109
97 113
97 117
98 15
98 22
98 29
98 30
98 31
98 32
98 34
98 38
98 41
98 43
98 48
98 65
98 69
98 73
98 82
98 84
98 93
98 96
98 108
98 114
98 119
99 13
99 21
99 22
99 24
99 27
99 32
99 34
99 40
99 43
99 54
99 59
99 70
99 72
99 74
99 75
99 76
99 78
99 80
99 87
99 91
99 96
99 101
99 104
99 108
99 110
99 115
100 2
100 7
100 8
100 12
100 16
100 24
100 25
100 26
100 35
100 44
100 47
100 48
100 49
100 56
100 57
100 58
100 62
100 69
100 73
100 76
100 80
100 83
100 86
100 91
100 99
100 105
100 107
100 111
100 114
101 3
101 4
101 9
101 10
101 30
101 32
101 38
101 40
101 50
101 55
101 59
101 64
101 65
101 71
101 79
101 87
101 88
101 93
101 113
101 114
101 117
101 119
102 1
102 4
102 5
102 6
102 21
102 30
102 31
102 35
102 38
102 41
102 49
102 50
102 63
102 66
102 68
102 71
102 72
102 78
102 84
102 85
102 86
102 94
102 95
102 110
102 114
102 116
103 2
103 3
103 8
103 10
103 12
103 14
103 20
103 24
103 26
103 27
103 35
103 40
103 42
103 47
103 48
103 53
103 56
103 59
103 60
103 68
103 70
103 72
103 73
103 75
103 77
103 80
103 84
103 85
103 89
103 91
103 97
103 99
103 104
103 111
103 116
104 1
104 2
104 3
104 9
104 10
104 14
104 21
104 26
104 32
104 34
104 42
104 47
104 48
104 52
104 53
104 54
104 57
104 65
104 85
104 100
104 101
104 105
104 107
104 111
104 116
104 118
105 4
105 6
105 10
105 14
105 19
105 22
105 30
105 31
105 39
105 41
105 42
105 43
105 44
105 49
105 63
105 67
105 73
105 76
105 79
105 83
105 88
105 90
105 98
105 109
105 111
105 117
106 0
106 12
106 24
106 25
106 29
106 33
106 34
106 37
106 40
106 46
106 56
106 61
106 65
106 66
106 73
106 77
106 79
106 83
106 86
106 89
106 90
106 93
106 99
106 102
106 111
107 4
107 14
107 18
107 21
107 44
107 47
107 56
107 59
107 63
107 65
107 81
107 90
107 100
107 101
107 102
107 107
107 108
108 0
108 9
108 12
108 20
108 34
108 48
108 54
108 56
108 57
108 64
108 65
108 68
108 70
108 73
108 81
108 85
108 90
108 96
108 97
108 107
108 108
109 11
109 12
109 16
109 17
109 18
109 34
109 35
109 37
109 42
109 49
109 54
109 70
109 72
109 81
109 84
109 85
109 93
109 95
109 97
109 102
109 103
109 105
110 11
110 12
110 19
110 21
110 22
110 25
110 28
110 35
110 36
110 38
110 39
110 41
110 59
110 66
110 68
110 75
110 81
110 87
110 91
110 95
110 97
110 99
110 100
111 6
111 11
111 20
111 22
111 29
111 36
111 39
111 49
111 50
111 57
111 65
111 66
111 68
111 69
111 73
111 77
111 92
111 103
111 110
111 113
112 0
112 1
112 13
112 18
112 19
112 40
112 45
112 50
112 52
112 54
112 62
112 66
112 72
112 76
112 85
112 88
112 89
112 90
112 91
112 98
112 101
112 102
112 103
112 107
112 109
112 110
112 114
112 115
112 119
113 8
113 11
113 12
113 23
113 24
113 25
113 29
113 35
113 42
113 53
113 58
113 67
113 69
113 71
113 76
113 77
113 79
113 81
113 83
113 88
113 90
113 91
113 92
113 96
113 97
113 101
113 108
113 111
114 6
114 16
114 37
114 46
114 47
114 58
114 62
114 67
114 68
114 76
114 84
114 88
114 95
114 98
114 100
114 106
114 107
114 113
114 117
115 0
115 7
115 11
115 13
115 16
115 21
115 44
115 52
115 56
115 59
115 64
115 69
115 72
115 74
115 78
115 86
115 91
115 97
115 104
115 107
115 110
115 116
116 2
116 3
116 10
116 14
116 18
116 21
116 27
116 33
116 35
116 47
116 48
116 62
116 66
116 69
116 83
116 98
116 101
116 105
116 112
116 118
117 9
117 32
117 40
117 52
117 55
117 60
117 65
117 67
117 72
117 73
117 79
117 81
117 85
117 88
117 96
117 97
117 104
117 109
117 113
117 119
118 2
118 5
118 10
118 17
118 25
118 40
118 41
118 47
118 51
118 52
118 53
118 61
118 65
118 66
118 88
118 95
118 100
118 105
118 109
118 110
118 111
118 112
118 116
119 7
119 9
119 11
119 24
119 28
119 37
119 43
119 44
119 54
119 57
119 62
119 67
119 91
119 93
119 96
119 101
119 112
119 115
