30
174
0 1
0 3
0 7
0 8
0 14
0 22
0 28
1 2
1 9
1 13
1 16
1 28
1 29
2 2
2 3
2 15
2 16
2 20
2 25
2 28
3 7
3 10
3 12
3 23
3 27
3 29
4 5
4 12
4 15
4 16
4 24
4 25
5 9
5 12
5 13
5 24
5 26
5 29
6 3
6 5
6 9
6 17
6 25
6 28
7 1
7 5
7 6
7 9
7 12
7 14
7 17
7 18
7 19
7 24
8 2
8 3
8 6
8 11
8 22
8 28
9 1
9 3
9 8
9 9
9 12
9 15
9 16
9 18
9 23
9 24
10 15
10 20
10 22
10 26
10 29
11 1
11 14
11 17
11 23
11 24
12 2
12 7
12 18
12 21
13 10
13 16
13 18
13 20
13 23
14 0
14 4
14 10
14 16
14 18
14 20
14 23
15 7
15 11
15 14
15 20
15 23
15 24
16 2
16 4
16 17
17 5
17 9
17 18
17 19
17 23
17 24
17 25
18 1
18 7
18 11
18 21
18 29
19 0
19 15
19 22
19 29
20 9
20 11
20 13
20 15
20 17
21 2
21 13
21 16
21 17
21 19
21 25
22 0
22 2
22 6
22 14
22 16
22 19
22 22
22 29
23 6
23 7
23 13
23 16
24 0
24 2
24 3
24 13
24 26
25 16
25 18
26 1
26 28
27 14
27 20
27 21
27 22
27 26
27 27
27 29
28 2
28 12
28 14
28 19
28 23
28 24
28 29
29 0
29 7
29 11
29 13
29 17
29 24
29 29
