60
708
0 3
0 14
0 17
0 23
0 30
0 32
0 35
0 36
0 42
0 51
1 5
1 7
1 13
1 16
1 17
1 21
1 22
1 24
1 26
1 28
1 34
1 39
1 42
1 44
1 47
1 50
2 3
2 7
2 8
2 22
2 25
2 26
2 29
2 30
2 41
2 47
3 2
3 10
3 11
3 13
3 17
3 20
3 22
3 26
3 27
3 29
3 32
3 36
3 37
3 40
3 44
3 45
3 49
3 53
3 55
4 10
4 12
4 22
4 23
4 27
4 29
4 34
4 41
4 42
4 48
4 52
4 59
5 0
5 7
5 17
5 18
5 23
5 25
5 43
5 49
5 50
5 51
5 52
5 58
6 0
6 4
6 11
6 14
6 17
6 19
6 21
6 26
6 33
6 34
6 37
6 42
6 51
6 54
6 56
6 57
6 58
6 59
7 13
7 17
7 24
7 25
7 29
7 37
7 49
7 51
7 53
7 54
7 56
8 0
8 1
8 11
8 12
8 21
8 26
8 34
8 37
8 41
8 51
8 54
9 2
9 5
9 6
9 14
9 18
9 20
9 22
9 23
9 24
9 27
9 38
9 39
9 44
9 50
9 52
9 54
9 58
9 59
10 9
10 13
10 22
10 24
10 25
10 38
10 43
10 46
10 49
10 52
11 10
11 14
11 16
11 19
11 20
11 21
11 28
11 32
11 40
11 42
11 46
11 47
11 55
11 58
12 16
12 19
12 23
12 27
12 28
12 32
12 44
12 47
12 49
12 52
12 59
13 2
13 7
13 9
13 10
13 23
13 29
13 37
13 38
13 40
13 45
13 47
13 48
13 55
13 56
14 7
14 8
14 11
14 13
14 29
14 36
14 46
14 51
14 55
14 57
15 5
15 11
15 14
15 20
15 21
15 26
15 28
15 33
15 41
15 42
15 46
15 48
15 52
15 55
15 59
16 7
16 25
16 28
16 29
16 39
16 41
16 43
16 45
16 47
16 51
16 59
17 10
17 12
17 20
17 25
17 27
17 28
17 42
17 49
17 55
17 57
17 59
18 0
18 2
18 4
18 17
18 19
18 24
18 26
18 28
18 30
18 39
18 40
18 46
18 47
18 55
19 7
19 10
19 13
19 23
19 34
19 35
19 37
19 44
19 45
19 46
19 49
19 51
19 52
20 10
20 18
20 19
20 21
20 26
20 37
20 38
20 40
20 55
20 59
21 6
21 15
21 27
21 28
21 30
21 31
21 37
21 41
21 57
22 0
22 7
22 15
22 16
22 20
22 22
22 37
22 40
22 42
22 49
22 53
22 54
22 57
23 9
23 10
23 11
23 30
23 45
23 46
23 48
23 50
24 15
24 16
24 19
24 22
24 29
24 30
24 38
24 47
24 50
24 54
25 3
25 4
25 5
25 12
25 14
25 16
25 20
25 22
25 26
25 40
25 55
26 0
26 9
26 16
26 18
26 23
26 28
26 32
26 37
26 39
26 40
26 53
26 54
26 55
27 5
27 15
27 16
27 25
27 31
27 35
27 36
27 42
27 48
28 6
28 8
28 37
28 39
28 42
28 51
29 6
29 8
29 9
29 10
29 13
29 14
29 24
29 26
29 30
29 31
29 36
29 39
29 41
29 45
29 50
30 0
30 1
30 4
30 5
30 6
30 7
30 19
30 22
30 26
30 29
30 37
30 41
30 42
30 43
30 46
30 48
30 50
30 58
31 6
31 7
31 11
31 18
31 35
31 36
31 43
31 47
31 49
31 50
31 58
32 2
32 4
32 6
32 8
32 14
32 15
32 16
32 18
32 23
32 29
32 37
32 45
32 46
32 48
32 49
32 57
33 1
33 10
33 12
33 14
33 17
33 18
33 35
33 40
33 48
33 56
33 58
34 0
34 14
34 16
34 23
34 26
34 36
34 40
34 42
34 46
34 47
35 0
35 2
35 4
35 5
35 12
35 13
35 27
35 34
35 36
35 37
35 44
35 54
35 55
35 58
36 3
36 31
36 37
36 44
36 46
36 47
37 7
37 10
37 11
37 22
37 27
37 34
37 35
37 36
37 38
37 40
37 41
37 43
37 44
37 47
37 59
38 3
38 4
38 5
38 9
38 14
38 17
38 18
38 19
38 29
38 37
38 42
38 43
38 55
38 56
39 12
39 20
39 25
39 28
39 30
39 36
39 37
39 58
40 2
40 5
40 11
40 32
40 33
40 41
40 47
40 49
40 53
41 0
41 12
41 17
41 27
41 30
41 41
41 50
41 56
42 11
42 20
42 24
42 28
42 38
42 42
42 44
42 57
42 58
43 1
43 3
43 8
43 23
43 24
43 27
43 28
43 36
43 38
43 41
44 6
44 13
44 23
44 26
44 33
44 35
44 38
44 41
44 42
44 48
44 50
44 52
45 0
45 1
45 3
45 7
45 10
45 11
45 15
45 17
45 27
45 28
45 31
45 32
45 45
45 52
46 8
46 10
46 12
46 14
46 15
46 19
46 29
46 33
46 39
46 41
46 47
46 56
47 11
47 13
47 14
47 21
47 25
47 27
47 33
47 34
47 39
47 42
47 43
47 47
47 55
48 11
48 12
48 13
48 20
48 26
48 28
48 29
48 39
48 41
48 43
48 47
48 49
48 51
48 53
48 59
49 2
49 3
49 4
49 7
49 8
49 12
49 19
49 21
49 30
49 36
49 37
49 43
49 45
49 48
49 54
49 57
49 58
50 4
50 6
50 8
50 11
50 12
50 18
50 20
50 23
50 25
50 26
50 28
50 34
50 50
50 53
50 56
50 58
51 2
51 3
51 7
51 19
51 23
51 28
51 39
51 41
51 44
51 56
52 2
52 3
52 11
52 24
52 28
52 33
52 46
53 18
53 21
53 24
53 34
53 37
53 38
53 39
53 57
54 2
54 9
54 11
54 21
54 33
54 48
54 53
55 11
55 12
55 14
55 21
55 25
55 29
55 32
55 37
55 38
55 47
56 2
56 3
56 5
56 10
56 12
56 17
56 19
56 22
56 25
56 26
56 27
56 41
56 42
56 50
56 55
57 1
57 9
57 12
57 28
57 29
57 31
57 34
57 58
57 59
58 0
58 2
58 5
58 13
58 16
58 17
58 18
58 32
58 37
58 46
58 59
59 6
59 11
59 15
59 32
59 35
59 42
59 50
59 51
59 54
