40
312
0 2
0 17
0 20
0 26
0 31
0 33
0 36
0 37
1 3
1 4
1 8
1 12
1 18
1 20
1 21
1 22
1 29
1 39
2 9
2 10
2 16
2 18
2 20
2 28
2 36
2 37
3 0
3 1
3 11
3 13
3 23
3 24
3 26
3 34
3 35
3 39
4 12
4 16
4 19
4 24
4 27
4 30
4 31
4 32
4 38
5 0
5 5
5 7
5 8
5 11
5 25
5 34
5 36
6 6
6 8
6 10
6 19
6 29
6 31
6 33
7 1
7 4
7 7
7 8
7 20
7 21
7 33
7 38
7 39
8 6
8 7
8 8
8 11
8 13
8 14
8 17
8 18
8 27
8 36
8 37
9 2
9 5
9 15
9 19
10 2
10 4
10 13
10 17
10 22
10 23
10 29
11 0
11 5
11 8
11 11
11 17
11 29
11 33
11 37
11 39
12 4
12 8
12 10
12 28
12 31
13 0
13 1
13 13
13 14
13 23
13 27
13 32
13 35
13 37
14 2
14 4
14 10
14 14
14 17
14 34
14 35
15 5
15 13
15 16
15 17
15 20
15 23
15 25
15 36
15 38
16 6
16 8
16 9
16 10
16 27
16 29
16 38
17 6
17 8
17 10
17 13
17 15
17 18
18 0
18 11
18 19
18 25
18 28
18 31
18 38
19 0
19 2
19 7
19 9
19 11
19 19
19 24
19 32
19 36
19 39
20 2
20 3
20 7
20 12
20 15
20 19
20 22
20 23
20 24
20 32
21 1
21 2
21 6
21 24
21 26
21 34
21 35
21 38
22 15
22 16
22 19
22 20
22 24
22 27
23 0
23 2
23 5
23 7
23 12
23 23
23 26
23 35
24 3
24 4
24 11
24 14
24 18
24 23
24 27
25 2
25 3
25 12
25 14
25 16
25 18
25 32
25 34
26 14
26 15
26 18
26 19
26 22
26 25
26 26
27 0
27 4
27 6
27 12
27 17
27 28
27 35
27 38
27 39
28 0
28 3
28 12
28 13
28 24
28 25
28 26
28 32
28 33
29 8
29 14
29 17
29 18
29 19
29 22
29 34
29 37
30 0
30 15
30 17
30 27
30 31
30 34
30 35
31 7
31 15
31 21
31 29
31 37
31 38
32 5
32 6
32 10
32 11
32 15
32 17
32 34
32 35
33 6
33 15
33 18
33 37
33 39
34 1
34 2
34 9
34 15
34 27
34 29
34 30
34 31
34 39
35 0
35 5
35 10
35 19
35 21
35 25
35 27
35 34
35 36
36 0
36 3
36 9
36 19
36 21
36 37
36 38
36 39
37 0
37 1
37 5
37 8
37 9
37 15
37 16
37 34
38 17
38 20
38 24
38 25
38 35
38 37
39 7
39 12
39 25
39 28
39 31
39 34
