220
9636
0 1
0 9
0 22
0 25
0 27
0 33
0 42
0 43
0 45
0 55
0 62
0 64
0 65
0 73
0 75
0 76
0 78
0 94
0 98
0 111
0 112
0 134
0 136
0 138
0 141
0 142
0 144
0 169
0 170
0 194
0 199
0 200
0 203
1 6
1 8
1 10
1 25
1 26
1 29
1 32
1 36
1 40
1 46
1 52
1 55
1 65
1 73
1 88
1 90
1 98
1 108
1 119
1 121
1 139
1 151
1 153
1 159
1 163
1 169
1 183
1 189
1 199
1 200
1 205
1 207
1 211
2 1
2 8
2 16
2 17
2 18
2 32
2 36
2 38
2 40
2 52
2 53
2 56
2 58
2 67
2 68
2 69
2 74
2 81
2 83
2 96
2 111
2 112
2 119
2 122
2 135
2 141
2 152
2 154
2 164
2 165
2 167
2 174
2 179
2 185
2 192
2 194
2 199
2 203
2 204
2 205
2 206
2 207
2 208
2 211
2 213
2 215
3 4
3 8
3 12
3 20
3 26
3 28
3 31
3 39
3 50
3 57
3 73
3 76
3 77
3 78
3 90
3 98
3 111
3 115
3 118
3 132
3 147
3 148
3 156
3 158
3 160
3 161
3 175
3 176
3 178
3 187
3 194
3 197
3 201
3 203
3 204
3 209
3 211
3 214
3 215
4 2
4 10
4 11
4 13
4 18
4 23
4 24
4 25
4 27
4 37
4 38
4 41
4 46
4 60
4 65
4 69
4 75
4 76
4 87
4 92
4 97
4 99
4 102
4 104
4 113
4 118
4 121
4 124
4 125
4 126
4 129
4 130
4 131
4 148
4 162
4 166
4 167
4 169
4 171
4 175
4 176
4 181
4 187
4 190
4 191
4 202
4 206
4 208
4 209
4 214
4 215
4 217
5 6
5 21
5 25
5 42
5 44
5 45
5 55
5 61
5 62
5 63
5 66
5 79
5 80
5 91
5 98
5 104
5 107
5 111
5 116
5 124
5 131
5 138
5 140
5 142
5 143
5 150
5 151
5 168
5 170
5 180
5 181
5 189
5 193
5 204
5 205
5 206
6 0
6 1
6 10
6 12
6 18
6 24
6 25
6 26
6 31
6 32
6 37
6 38
6 43
6 46
6 53
6 54
6 55
6 57
6 60
6 68
6 74
6 79
6 91
6 100
6 108
6 109
6 110
6 117
6 119
6 126
6 127
6 129
6 134
6 139
6 141
6 145
6 148
6 150
6 153
6 154
6 161
6 167
6 179
6 184
6 186
6 192
6 196
6 201
6 205
6 209
6 216
7 0
7 8
7 20
7 22
7 24
7 25
7 26
7 32
7 33
7 42
7 47
7 48
7 53
7 69
7 70
7 72
7 74
7 75
7 76
7 77
7 80
7 82
7 87
7 91
7 96
7 104
7 105
7 113
7 115
7 119
7 123
7 128
7 129
7 130
7 135
7 137
7 140
7 141
7 149
7 159
7 160
7 164
7 175
7 183
7 190
7 195
7 198
7 202
7 210
7 212
7 217
8 0
8 1
8 8
8 12
8 17
8 21
8 22
8 26
8 31
8 38
8 39
8 40
8 42
8 43
8 44
8 45
8 46
8 49
8 56
8 71
8 72
8 86
8 100
8 105
8 121
8 135
8 136
8 139
8 159
8 160
8 165
8 171
8 182
8 184
8 197
8 200
8 208
9 2
9 9
9 11
9 15
9 17
9 18
9 20
9 27
9 39
9 40
9 46
9 47
9 56
9 80
9 82
9 86
9 94
9 95
9 101
9 105
9 107
9 110
9 111
9 112
9 119
9 128
9 133
9 135
9 144
9 145
9 147
9 152
9 164
9 169
9 171
9 188
9 194
9 196
9 209
9 211
9 217
10 4
10 25
10 33
10 35
10 38
10 49
10 57
10 58
10 59
10 60
10 61
10 64
10 68
10 74
10 84
10 94
10 97
10 105
10 107
10 116
10 118
10 125
10 134
10 137
10 138
10 141
10 148
10 152
10 155
10 159
10 166
10 169
10 175
10 178
10 198
10 201
10 205
10 206
10 210
10 215
10 217
10 218
11 8
11 18
11 22
11 24
11 30
11 31
11 32
11 35
11 39
11 57
11 58
11 59
11 60
11 61
11 64
11 65
11 72
11 73
11 74
11 76
11 81
11 82
11 84
11 93
11 96
11 102
11 106
11 112
11 126
11 137
11 145
11 153
11 162
11 168
11 171
11 173
11 177
11 188
11 189
11 190
11 192
11 200
11 213
12 2
12 6
12 7
12 13
12 20
12 22
12 23
12 26
12 32
12 38
12 41
12 49
12 57
12 59
12 60
12 62
12 67
12 82
12 85
12 86
12 89
12 95
12 113
12 114
12 116
12 117
12 121
12 140
12 141
12 143
12 149
12 150
12 152
12 156
12 157
12 162
12 170
12 182
12 189
12 193
12 209
12 216
12 217
13 0
13 4
13 10
13 12
13 19
13 21
13 22
13 29
13 31
13 32
13 36
13 44
13 45
13 46
13 57
13 58
13 67
13 75
13 76
13 81
13 82
13 85
13 87
13 91
13 93
13 96
13 98
13 125
13 136
13 138
13 143
13 146
13 149
13 154
13 164
13 169
13 179
13 183
13 185
13 188
13 193
13 196
13 200
13 205
13 208
13 211
13 212
13 214
14 1
14 2
14 4
14 5
14 7
14 15
14 36
14 38
14 42
14 49
14 52
14 57
14 62
14 63
14 80
14 81
14 89
14 101
14 104
14 107
14 110
14 111
14 112
14 117
14 128
14 131
14 138
14 161
14 162
14 163
14 168
14 171
14 174
14 177
14 179
14 185
14 197
14 202
14 204
14 210
15 1
15 2
15 6
15 8
15 13
15 22
15 24
15 25
15 42
15 44
15 48
15 50
15 53
15 60
15 62
15 70
15 74
15 86
15 88
15 99
15 100
15 104
15 107
15 109
15 110
15 114
15 117
15 118
15 119
15 120
15 132
15 147
15 148
15 153
15 157
15 158
15 168
15 172
15 173
15 175
15 178
15 186
15 199
15 204
15 207
15 211
15 219
16 0
16 13
16 21
16 26
16 30
16 31
16 36
16 38
16 45
16 47
16 48
16 53
16 67
16 73
16 77
16 78
16 83
16 84
16 86
16 87
16 90
16 94
16 96
16 109
16 112
16 123
16 131
16 133
16 138
16 143
16 145
16 146
16 164
16 177
16 187
16 192
16 197
16 200
16 210
16 211
16 217
17 0
17 13
17 15
17 16
17 19
17 21
17 22
17 27
17 38
17 40
17 43
17 44
17 57
17 58
17 68
17 73
17 74
17 78
17 81
17 82
17 85
17 87
17 88
17 90
17 93
17 98
17 101
17 103
17 106
17 108
17 114
17 116
17 123
17 128
17 133
17 144
17 150
17 151
17 157
17 158
17 159
17 164
17 165
17 174
17 175
17 177
17 178
17 180
17 185
17 186
17 190
17 203
17 207
17 215
17 216
17 217
18 0
18 1
18 4
18 13
18 15
18 18
18 24
18 27
18 31
18 38
18 45
18 46
18 49
18 50
18 51
18 58
18 61
18 63
18 65
18 66
18 73
18 84
18 87
18 96
18 99
18 107
18 111
18 113
18 114
18 117
18 132
18 133
18 134
18 136
18 137
18 138
18 141
18 153
18 154
18 158
18 160
18 161
18 169
18 170
18 171
18 175
18 182
18 184
18 187
18 194
18 199
18 202
18 213
19 5
19 9
19 10
19 13
19 16
19 17
19 18
19 19
19 23
19 25
19 38
19 52
19 53
19 56
19 57
19 62
19 66
19 68
19 74
19 77
19 79
19 80
19 84
19 85
19 90
19 91
19 101
19 102
19 115
19 119
19 130
19 131
19 133
19 135
19 146
19 147
19 151
19 157
19 163
19 173
19 177
19 184
19 186
19 192
19 194
19 206
19 209
19 213
19 215
19 219
20 6
20 8
20 14
20 28
20 30
20 43
20 55
20 59
20 61
20 72
20 76
20 77
20 78
20 80
20 84
20 87
20 90
20 91
20 93
20 98
20 101
20 102
20 121
20 125
20 127
20 129
20 141
20 142
20 146
20 150
20 159
20 173
20 174
20 176
20 187
20 197
20 204
20 206
20 218
21 3
21 4
21 6
21 12
21 20
21 21
21 22
21 24
21 26
21 27
21 33
21 38
21 45
21 47
21 49
21 75
21 77
21 78
21 79
21 92
21 93
21 102
21 106
21 114
21 125
21 133
21 134
21 141
21 147
21 149
21 153
21 158
21 178
21 181
21 185
21 188
21 190
21 203
21 211
22 7
22 8
22 17
22 24
22 30
22 31
22 39
22 42
22 51
22 60
22 61
22 67
22 70
22 71
22 79
22 80
22 92
22 96
22 99
22 103
22 104
22 108
22 110
22 111
22 118
22 119
22 134
22 138
22 140
22 150
22 156
22 166
22 170
22 172
22 181
22 192
22 195
22 196
22 200
22 204
22 205
22 213
23 0
23 5
23 13
23 28
23 29
23 39
23 42
23 48
23 51
23 53
23 55
23 59
23 61
23 67
23 70
23 74
23 76
23 82
23 87
23 93
23 95
23 101
23 118
23 119
23 123
23 126
23 127
23 130
23 134
23 139
23 145
23 148
23 150
23 151
23 169
23 174
23 180
23 200
23 204
23 217
23 218
24 0
24 16
24 31
24 34
24 38
24 48
24 49
24 57
24 67
24 72
24 73
24 98
24 101
24 102
24 111
24 115
24 120
24 126
24 127
24 128
24 133
24 141
24 151
24 155
24 169
24 171
24 175
24 178
24 180
24 187
24 189
24 191
24 197
24 200
24 202
24 211
24 214
24 215
24 217
24 219
25 2
25 3
25 13
25 21
25 25
25 29
25 31
25 33
25 36
25 39
25 43
25 49
25 54
25 59
25 66
25 68
25 72
25 76
25 81
25 85
25 87
25 92
25 97
25 98
25 104
25 109
25 115
25 118
25 128
25 132
25 133
25 144
25 146
25 152
25 161
25 166
25 179
25 181
25 186
25 189
25 193
25 198
25 201
25 204
25 211
25 212
25 214
25 217
26 0
26 3
26 4
26 9
26 10
26 16
26 18
26 28
26 29
26 32
26 34
26 35
26 36
26 38
26 42
26 46
26 47
26 49
26 53
26 54
26 57
26 67
26 75
26 85
26 96
26 97
26 107
26 115
26 118
26 129
26 131
26 134
26 135
26 137
26 139
26 149
26 156
26 159
26 160
26 162
26 171
26 173
26 174
26 175
26 179
26 183
26 187
26 189
26 190
26 193
26 194
26 195
26 204
26 205
26 216
26 218
26 219
27 0
27 1
27 7
27 13
27 15
27 16
27 20
27 26
27 28
27 30
27 44
27 68
27 72
27 81
27 82
27 90
27 93
27 94
27 103
27 107
27 115
27 125
27 130
27 132
27 138
27 157
27 167
27 168
27 171
27 188
27 210
27 211
27 216
28 2
28 5
28 7
28 9
28 15
28 24
28 42
28 46
28 60
28 66
28 69
28 71
28 74
28 90
28 91
28 103
28 107
28 120
28 126
28 132
28 135
28 136
28 137
28 138
28 141
28 149
28 151
28 154
28 155
28 159
28 160
28 162
28 166
28 184
28 186
28 188
28 189
28 195
28 198
28 199
28 200
28 207
28 214
29 0
29 9
29 13
29 15
29 16
29 18
29 21
29 24
29 34
29 42
29 43
29 51
29 54
29 57
29 64
29 72
29 85
29 86
29 88
29 89
29 91
29 94
29 98
29 102
29 103
29 109
29 117
29 137
29 142
29 151
29 157
29 163
29 169
29 171
29 175
29 180
29 182
29 183
29 184
29 189
29 193
29 198
29 207
29 212
29 219
30 1
30 2
30 8
30 11
30 22
30 24
30 30
30 38
30 41
30 55
30 59
30 64
30 66
30 76
30 77
30 79
30 91
30 94
30 96
30 110
30 113
30 114
30 115
30 116
30 118
30 120
30 125
30 143
30 146
30 152
30 153
30 156
30 159
30 163
30 167
30 171
30 172
30 178
30 179
30 183
30 186
30 187
30 199
30 209
30 213
31 11
31 14
31 21
31 22
31 25
31 27
31 32
31 38
31 42
31 46
31 48
31 51
31 56
31 64
31 65
31 67
31 69
31 70
31 72
31 73
31 74
31 87
31 91
31 97
31 100
31 106
31 119
31 127
31 128
31 130
31 132
31 140
31 141
31 145
31 154
31 157
31 160
31 161
31 163
31 171
31 174
31 177
31 198
31 199
31 201
32 1
32 13
32 21
32 24
32 38
32 39
32 43
32 56
32 62
32 68
32 75
32 83
32 85
32 94
32 102
32 110
32 114
32 128
32 131
32 135
32 136
32 138
32 144
32 148
32 157
32 160
32 166
32 173
32 177
32 202
32 203
32 205
33 1
33 2
33 24
33 26
33 31
33 36
33 45
33 51
33 63
33 65
33 67
33 74
33 77
33 82
33 83
33 85
33 86
33 95
33 103
33 106
33 107
33 118
33 119
33 122
33 134
33 137
33 141
33 143
33 146
33 162
33 165
33 179
33 182
33 189
33 192
33 197
33 204
33 216
34 1
34 6
34 8
34 18
34 25
34 26
34 28
34 31
34 34
34 47
34 56
34 61
34 63
34 66
34 67
34 70
34 82
34 84
34 95
34 98
34 99
34 101
34 102
34 103
34 106
34 113
34 114
34 117
34 124
34 127
34 145
34 147
34 150
34 151
34 154
34 155
34 158
34 163
34 168
34 173
34 175
34 180
34 181
34 182
34 187
34 192
34 196
34 197
34 200
34 203
34 208
34 210
34 213
34 217
34 219
35 0
35 3
35 9
35 10
35 11
35 25
35 26
35 29
35 30
35 33
35 36
35 38
35 40
35 43
35 53
35 57
35 62
35 64
35 69
35 70
35 71
35 72
35 75
35 82
35 83
35 85
35 87
35 96
35 97
35 100
35 104
35 107
35 111
35 113
35 121
35 125
35 131
35 136
35 137
35 140
35 148
35 156
35 159
35 163
35 167
35 168
35 173
35 177
35 180
35 182
35 184
35 186
35 199
35 201
35 210
35 217
35 218
36 1
36 7
36 13
36 15
36 16
36 23
36 31
36 40
36 44
36 46
36 49
36 50
36 51
36 52
36 56
36 58
36 60
36 65
36 73
36 75
36 84
36 86
36 87
36 88
36 97
36 102
36 109
36 140
36 142
36 153
36 155
36 156
36 170
36 173
36 177
36 179
36 188
36 193
36 197
36 201
36 202
36 204
36 205
37 1
37 4
37 16
37 30
37 34
37 39
37 40
37 42
37 44
37 51
37 52
37 67
37 68
37 81
37 86
37 88
37 90
37 95
37 99
37 101
37 103
37 105
37 106
37 114
37 116
37 117
37 118
37 124
37 126
37 129
37 137
37 140
37 154
37 155
37 161
37 162
37 166
37 169
37 173
37 180
37 182
37 190
37 191
37 194
37 195
37 198
37 203
37 212
37 214
37 218
38 10
38 17
38 19
38 27
38 28
38 31
38 37
38 41
38 46
38 48
38 49
38 50
38 58
38 62
38 65
38 66
38 72
38 76
38 79
38 88
38 108
38 110
38 122
38 127
38 128
38 136
38 143
38 160
38 163
38 172
38 174
38 175
38 185
38 186
38 192
39 2
39 7
39 9
39 18
39 19
39 20
39 35
39 37
39 43
39 48
39 58
39 59
39 61
39 68
39 77
39 84
39 100
39 101
39 102
39 104
39 105
39 107
39 113
39 135
39 140
39 145
39 146
39 152
39 155
39 156
39 157
39 162
39 165
39 175
39 191
39 195
39 196
39 203
39 214
39 215
40 2
40 5
40 9
40 17
40 20
40 21
40 24
40 26
40 27
40 28
40 32
40 34
40 45
40 50
40 51
40 52
40 63
40 66
40 68
40 77
40 83
40 86
40 89
40 97
40 101
40 102
40 119
40 122
40 140
40 155
40 162
40 167
40 170
40 173
40 174
40 176
40 178
40 179
40 180
40 190
40 194
40 197
40 199
40 204
40 206
40 211
40 213
40 219
41 1
41 2
41 3
41 5
41 8
41 15
41 17
41 18
41 27
41 33
41 41
41 43
41 44
41 49
41 63
41 69
41 82
41 85
41 86
41 90
41 95
41 98
41 101
41 108
41 111
41 126
41 131
41 134
41 142
41 150
41 158
41 159
41 160
41 181
41 184
41 189
41 194
41 209
41 211
41 216
41 219
42 0
42 5
42 8
42 9
42 16
42 20
42 25
42 27
42 29
42 35
42 38
42 44
42 50
42 58
42 59
42 66
42 69
42 71
42 75
42 78
42 81
42 84
42 101
42 104
42 113
42 119
42 125
42 130
42 133
42 137
42 148
42 151
42 162
42 165
42 170
42 172
42 173
42 183
42 195
42 196
42 201
42 204
42 210
42 212
42 213
42 214
42 217
42 218
43 2
43 6
43 14
43 17
43 34
43 40
43 42
43 43
43 47
43 60
43 67
43 74
43 79
43 82
43 86
43 89
43 93
43 94
43 98
43 104
43 109
43 111
43 121
43 125
43 128
43 134
43 141
43 142
43 144
43 145
43 148
43 153
43 164
43 168
43 177
43 178
43 183
43 186
43 206
43 215
43 219
44 5
44 7
44 16
44 19
44 21
44 24
44 29
44 35
44 41
44 47
44 49
44 51
44 59
44 60
44 66
44 68
44 70
44 83
44 89
44 94
44 98
44 113
44 121
44 122
44 123
44 124
44 125
44 131
44 137
44 138
44 146
44 147
44 148
44 149
44 152
44 154
44 155
44 166
44 172
44 177
44 180
44 182
44 189
44 193
44 203
44 208
44 211
45 0
45 5
45 7
45 8
45 10
45 11
45 20
45 23
45 27
45 28
45 41
45 43
45 49
45 54
45 66
45 87
45 97
45 99
45 102
45 109
45 110
45 111
45 115
45 118
45 119
45 127
45 132
45 133
45 141
45 143
45 144
45 145
45 152
45 156
45 173
45 189
45 196
45 199
45 200
45 202
45 211
45 212
45 216
45 217
45 218
45 219
46 2
46 5
46 7
46 13
46 18
46 26
46 28
46 31
46 38
46 44
46 52
46 56
46 59
46 66
46 70
46 71
46 75
46 87
46 88
46 89
46 107
46 109
46 114
46 123
46 128
46 131
46 134
46 140
46 141
46 144
46 146
46 147
46 149
46 150
46 151
46 163
46 165
46 167
46 171
46 179
46 180
46 188
46 189
46 191
46 196
46 200
46 213
46 216
47 2
47 8
47 17
47 25
47 29
47 58
47 59
47 62
47 65
47 82
47 84
47 86
47 92
47 96
47 97
47 98
47 99
47 102
47 106
47 108
47 109
47 114
47 123
47 128
47 129
47 132
47 140
47 158
47 162
47 174
47 179
47 185
47 188
47 197
47 205
47 218
48 0
48 4
48 5
48 7
48 8
48 9
48 18
48 29
48 37
48 40
48 45
48 48
48 52
48 56
48 59
48 60
48 63
48 67
48 70
48 78
48 79
48 81
48 84
48 90
48 96
48 112
48 113
48 117
48 128
48 138
48 139
48 143
48 144
48 166
48 175
48 185
48 187
48 188
48 199
48 201
48 202
48 203
48 217
49 0
49 2
49 3
49 8
49 22
49 25
49 29
49 32
49 34
49 39
49 42
49 48
49 60
49 64
49 74
49 75
49 77
49 84
49 87
49 92
49 93
49 107
49 111
49 114
49 123
49 125
49 126
49 130
49 143
49 145
49 151
49 152
49 153
49 156
49 157
49 160
49 166
49 168
49 173
49 174
49 176
49 189
49 191
49 193
49 196
49 199
49 200
49 210
49 213
49 216
50 1
50 4
50 13
50 15
50 23
50 29
50 35
50 36
50 41
50 44
50 54
50 58
50 63
50 68
50 72
50 77
50 90
50 93
50 103
50 113
50 119
50 121
50 123
50 128
50 140
50 149
50 152
50 159
50 169
50 174
50 183
50 189
50 191
50 194
50 199
50 201
50 210
50 214
50 217
51 0
51 3
51 5
51 7
51 9
51 27
51 31
51 39
51 45
51 46
51 48
51 49
51 53
51 57
51 58
51 66
51 67
51 71
51 74
51 77
51 85
51 94
51 101
51 106
51 116
51 122
51 131
51 135
51 143
51 165
51 166
51 169
51 172
51 173
51 175
51 177
51 182
51 183
51 197
51 199
51 201
51 205
51 209
51 210
51 219
52 2
52 10
52 12
52 18
52 23
52 25
52 27
52 29
52 31
52 32
52 37
52 40
52 61
52 64
52 75
52 80
52 81
52 84
52 93
52 97
52 106
52 113
52 115
52 118
52 119
52 121
52 140
52 147
52 161
52 164
52 165
52 176
52 192
52 193
52 196
52 211
53 2
53 5
53 6
53 7
53 8
53 17
53 39
53 41
53 42
53 43
53 50
53 53
53 58
53 62
53 64
53 66
53 69
53 73
53 75
53 77
53 78
53 82
53 89
53 99
53 113
53 116
53 123
53 127
53 135
53 152
53 154
53 164
53 171
53 176
53 178
53 188
53 191
53 195
53 200
53 208
53 209
53 215
53 218
54 13
54 16
54 18
54 27
54 28
54 53
54 55
54 57
54 58
54 59
54 65
54 71
54 75
54 76
54 82
54 84
54 90
54 104
54 108
54 110
54 111
54 114
54 124
54 127
54 132
54 136
54 139
54 147
54 151
54 168
54 178
54 179
54 185
54 186
54 193
54 194
54 195
54 197
54 209
54 211
54 215
54 217
55 9
55 12
55 14
55 15
55 17
55 19
55 21
55 26
55 34
55 44
55 49
55 63
55 68
55 75
55 80
55 82
55 84
55 89
55 102
55 105
55 111
55 117
55 133
55 135
55 136
55 137
55 145
55 154
55 155
55 158
55 175
55 180
55 181
55 184
55 185
55 187
55 203
55 212
55 216
55 218
56 1
56 4
56 19
56 23
56 25
56 33
56 34
56 37
56 49
56 50
56 59
56 62
56 76
56 80
56 85
56 89
56 91
56 92
56 94
56 96
56 101
56 108
56 109
56 111
56 116
56 118
56 119
56 121
56 129
56 132
56 141
56 144
56 150
56 154
56 156
56 158
56 171
56 174
56 183
56 187
56 198
56 199
56 205
56 212
56 219
57 3
57 26
57 39
57 40
57 46
57 49
57 57
57 64
57 65
57 68
57 71
57 76
57 89
57 90
57 91
57 94
57 97
57 106
57 118
57 125
57 129
57 132
57 139
57 145
57 146
57 150
57 155
57 163
57 164
57 177
57 191
57 213
57 217
58 2
58 6
58 11
58 12
58 15
58 16
58 31
58 32
58 33
58 42
58 44
58 45
58 48
58 58
58 66
58 71
58 80
58 85
58 87
58 90
58 91
58 97
58 103
58 108
58 124
58 127
58 136
58 140
58 142
58 143
58 149
58 159
58 162
58 165
58 174
58 196
58 209
58 215
59 0
59 2
59 6
59 7
59 8
59 10
59 20
59 26
59 28
59 44
59 51
59 67
59 79
59 81
59 85
59 86
59 88
59 95
59 106
59 110
59 114
59 119
59 129
59 132
59 138
59 148
59 153
59 156
59 161
59 168
59 170
59 171
59 173
59 179
59 180
59 185
59 188
59 190
59 196
59 198
59 199
59 202
59 207
59 213
59 215
59 217
60 11
60 12
60 14
60 18
60 21
60 22
60 26
60 29
60 30
60 54
60 59
60 61
60 69
60 70
60 71
60 73
60 75
60 79
60 90
60 102
60 110
60 113
60 115
60 116
60 121
60 123
60 129
60 136
60 143
60 158
60 163
60 164
60 165
60 169
60 178
60 190
60 197
60 202
60 205
60 206
60 215
60 217
60 218
61 4
61 9
61 11
61 13
61 15
61 16
61 17
61 30
61 33
61 34
61 35
61 70
61 76
61 78
61 92
61 93
61 97
61 99
61 101
61 102
61 103
61 105
61 113
61 114
61 116
61 120
61 132
61 139
61 144
61 145
61 146
61 155
61 156
61 159
61 164
61 167
61 168
61 175
61 180
61 192
61 197
61 203
61 206
62 7
62 9
62 15
62 21
62 25
62 28
62 34
62 35
62 36
62 42
62 44
62 53
62 56
62 61
62 63
62 65
62 67
62 71
62 75
62 78
62 85
62 91
62 92
62 95
62 104
62 129
62 133
62 136
62 138
62 139
62 145
62 146
62 148
62 150
62 157
62 164
62 178
62 186
62 191
62 194
62 200
62 201
62 207
62 211
62 212
63 2
63 3
63 6
63 14
63 17
63 20
63 23
63 24
63 27
63 28
63 33
63 44
63 53
63 63
63 66
63 67
63 70
63 72
63 74
63 83
63 84
63 88
63 100
63 102
63 121
63 136
63 143
63 148
63 150
63 151
63 153
63 154
63 161
63 166
63 167
63 169
63 173
63 177
63 182
63 186
63 188
63 190
63 191
63 192
63 202
64 3
64 8
64 10
64 14
64 17
64 20
64 21
64 23
64 25
64 29
64 35
64 36
64 40
64 42
64 53
64 57
64 58
64 64
64 68
64 69
64 70
64 71
64 74
64 76
64 78
64 80
64 88
64 89
64 92
64 98
64 109
64 110
64 114
64 122
64 125
64 126
64 135
64 140
64 144
64 149
64 154
64 155
64 156
64 160
64 165
64 176
64 180
64 187
64 190
64 194
64 198
64 211
64 214
64 217
65 0
65 2
65 11
65 12
65 18
65 20
65 21
65 29
65 32
65 33
65 37
65 38
65 43
65 44
65 47
65 51
65 52
65 63
65 69
65 100
65 101
65 106
65 112
65 123
65 125
65 129
65 130
65 133
65 149
65 150
65 152
65 154
65 157
65 158
65 160
65 170
65 171
65 175
65 176
65 179
65 188
65 189
65 195
65 199
65 202
65 215
65 217
66 3
66 12
66 14
66 20
66 25
66 29
66 31
66 34
66 40
66 45
66 46
66 49
66 51
66 52
66 53
66 69
66 72
66 77
66 99
66 104
66 109
66 112
66 113
66 114
66 116
66 120
66 122
66 130
66 144
66 146
66 162
66 172
66 181
66 185
66 192
66 195
66 199
66 204
66 205
66 206
66 207
66 210
66 212
66 213
66 216
67 1
67 5
67 7
67 9
67 11
67 19
67 20
67 21
67 24
67 28
67 29
67 35
67 41
67 43
67 52
67 57
67 64
67 71
67 79
67 80
67 82
67 85
67 88
67 90
67 96
67 97
67 98
67 112
67 113
67 124
67 125
67 134
67 141
67 143
67 151
67 153
67 165
67 170
67 171
67 184
67 187
67 188
67 194
67 196
67 197
67 198
67 205
67 207
67 209
67 214
67 215
68 2
68 10
68 12
68 13
68 16
68 24
68 26
68 29
68 44
68 45
68 48
68 53
68 59
68 70
68 74
68 84
68 92
68 101
68 107
68 112
68 116
68 119
68 121
68 124
68 130
68 141
68 145
68 147
68 170
68 171
68 173
68 177
68 182
68 186
68 189
68 190
68 191
68 205
68 211
68 212
68 219
69 3
69 4
69 14
69 16
69 29
69 32
69 36
69 40
69 49
69 53
69 67
69 74
69 76
69 79
69 87
69 92
69 94
69 96
69 97
69 99
69 100
69 106
69 110
69 111
69 121
69 122
69 126
69 131
69 142
69 144
69 145
69 148
69 155
69 158
69 160
69 163
69 169
69 176
69 183
69 184
69 188
69 190
69 199
69 207
69 210
69 214
69 215
70 2
70 5
70 10
70 11
70 12
70 13
70 14
70 18
70 25
70 34
70 40
70 45
70 46
70 58
70 70
70 71
70 75
70 84
70 89
70 90
70 94
70 104
70 116
70 123
70 125
70 126
70 137
70 140
70 151
70 154
70 156
70 159
70 160
70 164
70 175
70 176
70 179
70 180
70 184
70 189
70 190
70 214
70 218
71 4
71 6
71 8
71 12
71 15
71 21
71 31
71 34
71 41
71 43
71 49
71 58
71 59
71 61
71 66
71 74
71 101
71 108
71 110
71 111
71 113
71 114
71 115
71 119
71 121
71 125
71 135
71 137
71 139
71 145
71 148
71 150
71 156
71 157
71 159
71 160
71 162
71 164
71 169
71 172
71 177
71 178
71 180
71 181
71 190
71 212
71 213
71 215
72 17
72 23
72 27
72 34
72 35
72 39
72 61
72 62
72 69
72 74
72 83
72 85
72 88
72 90
72 91
72 94
72 100
72 104
72 106
72 125
72 145
72 152
72 165
72 178
72 197
72 204
72 209
72 210
73 1
73 3
73 8
73 13
73 14
73 15
73 17
73 20
73 23
73 30
73 36
73 38
73 65
73 73
73 76
73 80
73 83
73 101
73 105
73 107
73 108
73 124
73 125
73 130
73 144
73 146
73 158
73 159
73 161
73 165
73 167
73 174
73 178
73 188
73 191
73 200
73 206
73 207
73 218
74 11
74 28
74 35
74 42
74 51
74 60
74 64
74 65
74 75
74 89
74 91
74 93
74 95
74 101
74 102
74 111
74 117
74 118
74 123
74 126
74 130
74 132
74 143
74 144
74 155
74 159
74 162
74 166
74 170
74 173
74 188
74 194
74 201
74 203
74 210
74 211
74 212
74 213
74 216
75 0
75 2
75 3
75 4
75 17
75 21
75 23
75 25
75 26
75 28
75 29
75 38
75 42
75 43
75 46
75 49
75 65
75 66
75 68
75 70
75 75
75 78
75 79
75 86
75 102
75 103
75 113
75 116
75 117
75 122
75 124
75 129
75 135
75 140
75 144
75 145
75 152
75 162
75 173
75 178
75 179
75 188
75 191
75 195
75 198
75 204
75 206
75 214
75 219
76 6
76 16
76 27
76 38
76 56
76 60
76 65
76 69
76 71
76 75
76 77
76 80
76 96
76 97
76 102
76 103
76 121
76 125
76 129
76 139
76 152
76 172
76 173
76 180
76 181
76 196
76 202
76 207
76 213
76 216
77 1
77 5
77 14
77 18
77 19
77 26
77 32
77 34
77 43
77 49
77 58
77 61
77 71
77 80
77 81
77 89
77 101
77 105
77 110
77 112
77 114
77 115
77 120
77 126
77 127
77 128
77 133
77 137
77 139
77 142
77 151
77 157
77 160
77 161
77 163
77 166
77 168
77 170
77 171
77 173
77 176
77 186
77 192
77 197
77 198
77 208
78 5
78 7
78 11
78 12
78 18
78 20
78 29
78 32
78 36
78 37
78 39
78 42
78 46
78 50
78 54
78 56
78 57
78 62
78 63
78 64
78 65
78 68
78 69
78 72
78 76
78 78
78 94
78 99
78 100
78 106
78 110
78 113
78 115
78 120
78 122
78 137
78 156
78 158
78 163
78 168
78 179
78 188
78 200
78 205
78 212
78 213
78 219
79 1
79 3
79 4
79 20
79 23
79 29
79 30
79 38
79 41
79 42
79 55
79 66
79 69
79 80
79 81
79 83
79 85
79 94
79 96
79 98
79 112
79 119
79 129
79 130
79 133
79 134
79 139
79 144
79 145
79 155
79 162
79 167
79 174
79 176
79 179
79 185
79 199
79 201
79 202
79 206
79 207
79 208
79 211
79 212
79 215
80 2
80 4
80 7
80 15
80 16
80 17
80 18
80 23
80 44
80 46
80 48
80 56
80 57
80 63
80 65
80 69
80 76
80 78
80 96
80 101
80 112
80 125
80 128
80 132
80 134
80 136
80 138
80 145
80 146
80 149
80 162
80 164
80 165
80 167
80 172
80 179
80 181
80 185
80 190
80 198
80 203
80 212
80 216
81 3
81 6
81 14
81 20
81 21
81 24
81 31
81 34
81 41
81 47
81 52
81 54
81 57
81 67
81 72
81 82
81 83
81 86
81 87
81 88
81 95
81 102
81 108
81 111
81 121
81 123
81 132
81 141
81 151
81 156
81 158
81 160
81 161
81 163
81 164
81 168
81 178
81 180
81 185
81 187
81 191
81 195
81 201
81 212
82 1
82 5
82 25
82 27
82 30
82 31
82 36
82 42
82 45
82 46
82 55
82 58
82 59
82 62
82 63
82 64
82 65
82 68
82 77
82 86
82 89
82 102
82 104
82 133
82 135
82 138
82 140
82 141
82 151
82 154
82 164
82 168
82 169
82 173
82 175
82 177
82 184
82 187
82 193
82 194
82 199
82 205
82 208
82 211
82 212
82 213
83 0
83 2
83 4
83 11
83 14
83 18
83 19
83 21
83 24
83 39
83 52
83 80
83 87
83 89
83 99
83 103
83 105
83 108
83 110
83 113
83 118
83 124
83 127
83 128
83 132
83 142
83 147
83 152
83 154
83 162
83 165
83 192
83 198
83 200
83 201
83 203
83 208
83 211
83 213
83 216
84 0
84 5
84 7
84 13
84 14
84 15
84 16
84 20
84 22
84 24
84 27
84 58
84 64
84 67
84 69
84 72
84 76
84 77
84 89
84 92
84 102
84 107
84 110
84 112
84 113
84 116
84 118
84 121
84 123
84 126
84 131
84 134
84 136
84 139
84 140
84 141
84 143
84 155
84 156
84 164
84 170
84 172
84 176
84 188
84 197
84 201
84 202
84 203
84 205
85 0
85 5
85 12
85 16
85 21
85 22
85 26
85 27
85 33
85 35
85 38
85 39
85 42
85 50
85 54
85 59
85 60
85 62
85 75
85 81
85 82
85 92
85 95
85 96
85 98
85 101
85 107
85 108
85 110
85 119
85 126
85 127
85 143
85 158
85 168
85 173
85 177
85 178
85 184
85 187
85 188
85 189
85 198
85 201
85 209
85 210
85 214
86 1
86 2
86 3
86 6
86 9
86 19
86 28
86 30
86 31
86 32
86 36
86 37
86 39
86 40
86 50
86 57
86 60
86 67
86 68
86 79
86 83
86 86
86 97
86 101
86 112
86 115
86 118
86 133
86 141
86 143
86 145
86 147
86 148
86 149
86 151
86 152
86 154
86 162
86 163
86 164
86 165
86 172
86 185
86 194
86 199
86 200
86 201
86 205
86 207
86 213
86 214
87 7
87 9
87 17
87 23
87 28
87 33
87 39
87 55
87 66
87 90
87 97
87 100
87 120
87 125
87 126
87 130
87 134
87 137
87 138
87 139
87 140
87 142
87 143
87 150
87 151
87 156
87 160
87 169
87 190
87 195
87 198
87 199
87 204
87 211
87 214
88 8
88 18
88 19
88 24
88 37
88 38
88 40
88 41
88 45
88 46
88 52
88 57
88 69
88 70
88 73
88 79
88 81
88 85
88 96
88 102
88 103
88 104
88 107
88 114
88 119
88 124
88 125
88 129
88 134
88 142
88 147
88 148
88 150
88 153
88 157
88 158
88 167
88 168
88 170
88 171
88 173
88 177
88 192
88 216
89 4
89 12
89 14
89 23
89 24
89 25
89 36
89 38
89 46
89 50
89 57
89 65
89 66
89 69
89 71
89 73
89 76
89 78
89 81
89 84
89 90
89 91
89 109
89 110
89 120
89 122
89 130
89 131
89 134
89 141
89 143
89 151
89 155
89 157
89 158
89 163
89 168
89 169
89 173
89 177
89 180
89 196
89 201
89 203
89 204
89 218
90 2
90 11
90 13
90 14
90 16
90 23
90 25
90 33
90 36
90 38
90 52
90 53
90 55
90 62
90 73
90 79
90 83
90 93
90 95
90 98
90 101
90 118
90 119
90 120
90 125
90 128
90 138
90 144
90 145
90 147
90 158
90 160
90 163
90 165
90 166
90 167
90 178
90 179
90 181
90 183
90 187
90 188
90 192
90 194
90 201
90 211
90 214
91 0
91 2
91 5
91 12
91 15
91 16
91 22
91 26
91 37
91 40
91 51
91 57
91 63
91 90
91 91
91 93
91 97
91 99
91 103
91 106
91 117
91 120
91 122
91 127
91 134
91 156
91 161
91 165
91 167
91 175
91 188
91 193
91 200
91 211
91 217
91 218
92 6
92 12
92 17
92 18
92 22
92 25
92 38
92 50
92 61
92 69
92 71
92 76
92 82
92 84
92 86
92 101
92 102
92 110
92 113
92 118
92 120
92 123
92 127
92 140
92 142
92 150
92 151
92 152
92 157
92 165
92 174
92 189
92 197
92 198
92 202
92 207
92 210
92 214
93 0
93 5
93 15
93 31
93 32
93 37
93 45
93 54
93 66
93 68
93 73
93 74
93 76
93 77
93 78
93 84
93 87
93 90
93 95
93 104
93 107
93 110
93 114
93 118
93 132
93 149
93 166
93 176
93 177
93 178
93 182
93 185
93 186
93 191
93 197
93 205
93 211
94 25
94 39
94 41
94 43
94 44
94 59
94 60
94 75
94 77
94 88
94 95
94 97
94 98
94 99
94 102
94 106
94 109
94 118
94 123
94 140
94 149
94 151
94 154
94 158
94 160
94 162
94 164
94 166
94 174
94 176
94 178
94 179
94 189
94 190
94 191
94 193
94 200
94 214
94 215
94 216
94 219
95 1
95 5
95 8
95 9
95 10
95 14
95 19
95 21
95 38
95 41
95 50
95 53
95 60
95 62
95 65
95 68
95 72
95 82
95 94
95 96
95 100
95 102
95 105
95 106
95 114
95 116
95 117
95 126
95 131
95 134
95 138
95 140
95 141
95 146
95 156
95 160
95 162
95 167
95 168
95 170
95 187
95 188
95 191
95 212
95 218
95 219
96 5
96 8
96 15
96 19
96 22
96 28
96 31
96 44
96 47
96 54
96 67
96 69
96 70
96 75
96 84
96 94
96 113
96 117
96 121
96 123
96 126
96 129
96 130
96 132
96 148
96 152
96 166
96 172
96 183
96 186
96 201
96 202
96 211
96 215
97 6
97 9
97 12
97 13
97 17
97 19
97 21
97 32
97 42
97 48
97 75
97 92
97 106
97 107
97 110
97 115
97 121
97 123
97 128
97 135
97 142
97 143
97 144
97 145
97 147
97 151
97 155
97 156
97 157
97 158
97 159
97 160
97 171
97 187
97 199
97 201
97 214
97 217
98 5
98 7
98 16
98 22
98 24
98 33
98 41
98 52
98 57
98 60
98 61
98 62
98 66
98 71
98 77
98 80
98 89
98 91
98 94
98 97
98 107
98 109
98 114
98 115
98 118
98 119
98 120
98 121
98 122
98 127
98 128
98 129
98 141
98 142
98 147
98 148
98 154
98 155
98 170
98 173
98 175
98 178
98 180
98 182
98 183
98 185
98 187
98 188
98 190
98 199
98 203
98 210
98 211
98 212
98 217
99 1
99 2
99 8
99 17
99 21
99 25
99 30
99 31
99 33
99 39
99 41
99 50
99 52
99 54
99 66
99 68
99 72
99 82
99 85
99 86
99 88
99 89
99 110
99 119
99 125
99 128
99 134
99 135
99 137
99 146
99 157
99 167
99 170
99 176
99 179
99 183
99 188
99 197
99 205
99 207
99 211
99 215
99 216
100 5
100 7
100 17
100 19
100 25
100 27
100 40
100 47
100 49
100 66
100 70
100 79
100 81
100 84
100 99
100 101
100 104
100 112
100 116
100 139
100 150
100 157
100 170
100 175
100 177
100 185
100 187
100 189
100 191
100 194
100 198
100 200
101 2
101 21
101 22
101 23
101 30
101 32
101 39
101 43
101 55
101 59
101 65
101 67
101 74
101 78
101 90
101 92
101 95
101 96
101 98
101 100
101 108
101 111
101 114
101 115
101 118
101 122
101 123
101 125
101 127
101 128
101 130
101 137
101 140
101 144
101 152
101 153
101 159
101 161
101 171
101 173
101 179
101 183
101 195
101 208
101 212
102 1
102 7
102 21
102 22
102 23
102 34
102 36
102 41
102 42
102 45
102 47
102 52
102 54
102 75
102 83
102 92
102 102
102 109
102 116
102 121
102 126
102 129
102 134
102 141
102 165
102 170
102 172
102 175
102 177
102 184
102 187
102 209
102 210
103 5
103 9
103 16
103 21
103 22
103 25
103 51
103 64
103 69
103 70
103 78
103 82
103 86
103 87
103 90
103 96
103 98
103 100
103 111
103 116
103 126
103 134
103 136
103 137
103 142
103 145
103 160
103 167
103 168
103 171
103 178
103 181
103 182
103 197
103 198
103 201
103 202
103 208
103 211
104 12
104 21
104 25
104 29
104 31
104 32
104 33
104 35
104 36
104 39
104 45
104 52
104 61
104 73
104 80
104 86
104 89
104 110
104 111
104 125
104 128
104 133
104 134
104 135
104 143
104 145
104 149
104 162
104 166
104 169
104 173
104 175
104 180
104 182
104 185
104 187
104 201
104 202
104 209
104 210
104 212
105 2
105 4
105 6
105 11
105 12
105 14
105 21
105 22
105 33
105 37
105 48
105 51
105 52
105 58
105 60
105 63
105 67
105 70
105 75
105 77
105 79
105 82
105 88
105 96
105 101
105 105
105 110
105 115
105 122
105 124
105 142
105 146
105 153
105 154
105 157
105 159
105 164
105 167
105 169
105 171
105 172
105 176
105 180
105 181
105 185
105 187
105 192
105 203
105 205
105 209
105 217
106 4
106 5
106 8
106 13
106 19
106 20
106 25
106 32
106 34
106 35
106 42
106 44
106 46
106 64
106 68
106 70
106 76
106 81
106 82
106 84
106 94
106 102
106 103
106 107
106 116
106 120
106 126
106 132
106 142
106 147
106 149
106 150
106 154
106 157
106 169
106 174
106 178
106 190
106 193
106 200
106 207
106 209
106 210
106 218
106 219
107 0
107 3
107 6
107 10
107 18
107 20
107 23
107 31
107 33
107 34
107 40
107 44
107 45
107 48
107 60
107 65
107 71
107 75
107 76
107 82
107 83
107 86
107 111
107 113
107 119
107 121
107 126
107 131
107 138
107 149
107 153
107 159
107 161
107 170
107 171
107 174
107 184
107 189
107 191
107 196
107 197
107 198
107 200
107 207
107 212
107 217
108 2
108 3
108 9
108 11
108 18
108 22
108 23
108 29
108 31
108 37
108 38
108 48
108 50
108 51
108 57
108 69
108 70
108 95
108 104
108 105
108 121
108 132
108 135
108 138
108 139
108 140
108 146
108 148
108 150
108 161
108 163
108 169
108 173
108 186
108 191
108 192
108 194
108 198
108 199
108 208
108 214
108 217
109 0
109 3
109 4
109 7
109 12
109 15
109 17
109 18
109 21
109 23
109 25
109 26
109 28
109 30
109 31
109 32
109 43
109 46
109 51
109 55
109 66
109 69
109 74
109 75
109 78
109 85
109 103
109 104
109 107
109 112
109 114
109 115
109 117
109 119
109 124
109 125
109 127
109 129
109 131
109 135
109 144
109 148
109 152
109 155
109 156
109 160
109 165
109 169
109 188
109 190
109 191
109 195
109 196
109 212
109 215
109 216
110 0
110 2
110 3
110 6
110 7
110 10
110 17
110 18
110 23
110 30
110 42
110 46
110 52
110 59
110 60
110 61
110 64
110 73
110 80
110 82
110 85
110 88
110 90
110 91
110 94
110 97
110 98
110 111
110 112
110 117
110 118
110 127
110 129
110 135
110 145
110 163
110 173
110 183
110 201
110 203
110 204
110 209
110 210
110 211
110 216
110 217
111 4
111 12
111 14
111 15
111 19
111 23
111 25
111 27
111 33
111 34
111 44
111 51
111 54
111 55
111 57
111 63
111 64
111 72
111 75
111 94
111 107
111 115
111 117
111 119
111 124
111 131
111 132
111 133
111 140
111 142
111 148
111 151
111 152
111 156
111 161
111 169
111 174
111 187
111 195
112 2
112 10
112 16
112 19
112 26
112 28
112 34
112 39
112 40
112 46
112 49
112 58
112 59
112 61
112 63
112 65
112 66
112 76
112 83
112 91
112 101
112 106
112 121
112 139
112 151
112 158
112 160
112 161
112 167
112 168
112 174
112 188
112 203
113 11
113 12
113 13
113 21
113 24
113 29
113 40
113 41
113 44
113 49
113 50
113 52
113 53
113 54
113 67
113 71
113 86
113 88
113 91
113 96
113 99
113 100
113 103
113 116
113 121
113 122
113 129
113 136
113 137
113 138
113 157
113 158
113 161
113 163
113 167
113 168
113 170
113 171
113 172
113 173
113 180
113 182
113 185
113 189
113 204
113 217
114 1
114 5
114 8
114 17
114 21
114 28
114 33
114 36
114 38
114 40
114 45
114 48
114 49
114 59
114 61
114 73
114 85
114 100
114 103
114 108
114 109
114 110
114 114
114 120
114 125
114 129
114 133
114 134
114 137
114 144
114 159
114 167
114 169
114 178
114 188
114 195
114 199
114 201
114 202
114 208
114 209
114 219
115 7
115 19
115 26
115 31
115 32
115 35
115 38
115 40
115 45
115 46
115 50
115 59
115 60
115 61
115 65
115 68
115 72
115 82
115 89
115 91
115 96
115 105
115 108
115 111
115 114
115 118
115 119
115 128
115 131
115 137
115 139
115 147
115 148
115 156
115 158
115 159
115 160
115 170
115 173
115 179
115 182
115 189
115 194
115 203
115 205
115 207
115 213
115 217
115 218
116 1
116 3
116 23
116 24
116 30
116 38
116 44
116 58
116 69
116 77
116 82
116 89
116 90
116 93
116 94
116 98
116 104
116 113
116 115
116 121
116 125
116 131
116 133
116 154
116 157
116 168
116 176
116 179
116 180
116 185
116 187
116 198
116 200
116 210
117 10
117 12
117 24
117 32
117 33
117 34
117 35
117 39
117 44
117 50
117 67
117 82
117 83
117 86
117 88
117 92
117 94
117 97
117 98
117 104
117 108
117 113
117 119
117 128
117 129
117 130
117 133
117 142
117 151
117 152
117 167
117 170
117 174
117 178
117 179
117 180
117 185
117 186
117 187
117 188
117 192
117 194
117 200
117 205
117 209
117 210
117 211
117 215
117 218
117 219
118 0
118 7
118 9
118 15
118 18
118 22
118 24
118 25
118 26
118 30
118 34
118 39
118 40
118 48
118 59
118 61
118 66
118 67
118 70
118 71
118 72
118 75
118 78
118 81
118 84
118 87
118 88
118 90
118 92
118 93
118 94
118 100
118 115
118 116
118 125
118 126
118 130
118 132
118 133
118 136
118 137
118 141
118 159
118 161
118 174
118 175
118 181
118 183
118 185
118 189
118 194
118 195
118 196
118 206
118 207
118 214
118 215
118 219
119 1
119 2
119 3
119 9
119 15
119 18
119 21
119 25
119 30
119 36
119 40
119 50
119 54
119 55
119 68
119 70
119 73
119 84
119 95
119 102
119 105
119 107
119 117
119 118
119 121
119 125
119 134
119 142
119 155
119 180
119 181
119 183
119 188
119 190
119 203
119 218
120 0
120 2
120 3
120 7
120 12
120 20
120 37
120 41
120 43
120 44
120 45
120 46
120 48
120 53
120 57
120 58
120 59
120 65
120 74
120 75
120 76
120 80
120 83
120 88
120 92
120 94
120 96
120 104
120 108
120 114
120 118
120 128
120 135
120 141
120 147
120 148
120 149
120 151
120 161
120 169
120 174
120 185
120 187
120 190
120 192
120 199
120 203
120 208
120 216
121 0
121 33
121 40
121 47
121 49
121 51
121 52
121 58
121 61
121 66
121 67
121 80
121 86
121 90
121 95
121 98
121 99
121 105
121 106
121 111
121 112
121 119
121 122
121 125
121 126
121 132
121 139
121 142
121 163
121 165
121 167
121 168
121 171
121 172
121 175
121 176
121 177
121 181
121 182
121 187
121 192
121 201
121 202
121 210
121 214
121 217
122 1
122 2
122 9
122 18
122 31
122 34
122 36
122 40
122 46
122 52
122 55
122 57
122 68
122 70
122 72
122 73
122 80
122 83
122 86
122 87
122 94
122 97
122 98
122 99
122 101
122 102
122 103
122 108
122 115
122 124
122 126
122 127
122 131
122 132
122 135
122 145
122 149
122 159
122 168
122 171
122 177
122 189
122 202
122 213
122 219
123 3
123 10
123 11
123 12
123 13
123 19
123 20
123 21
123 28
123 30
123 34
123 36
123 38
123 40
123 44
123 45
123 46
123 48
123 55
123 64
123 65
123 67
123 69
123 71
123 74
123 76
123 93
123 94
123 96
123 108
123 111
123 112
123 123
123 131
123 135
123 137
123 142
123 143
123 145
123 151
123 165
123 166
123 171
123 172
123 176
123 178
123 180
123 183
123 186
123 188
123 191
123 201
123 202
123 212
123 214
123 215
124 4
124 7
124 20
124 24
124 25
124 26
124 29
124 30
124 34
124 39
124 41
124 51
124 55
124 58
124 60
124 64
124 66
124 68
124 69
124 71
124 72
124 77
124 83
124 84
124 93
124 94
124 95
124 101
124 102
124 106
124 130
124 134
124 138
124 139
124 140
124 151
124 155
124 175
124 194
124 209
124 214
125 0
125 8
125 19
125 30
125 39
125 49
125 62
125 64
125 65
125 66
125 70
125 71
125 73
125 76
125 82
125 89
125 103
125 108
125 110
125 114
125 120
125 128
125 132
125 133
125 134
125 136
125 138
125 147
125 152
125 154
125 158
125 161
125 169
125 170
125 174
125 177
125 179
125 180
125 199
125 207
125 212
125 213
126 2
126 3
126 8
126 9
126 13
126 16
126 18
126 21
126 29
126 31
126 32
126 35
126 37
126 40
126 44
126 45
126 56
126 58
126 62
126 63
126 64
126 67
126 73
126 85
126 87
126 90
126 98
126 101
126 104
126 105
126 108
126 121
126 126
126 130
126 132
126 133
126 135
126 143
126 149
126 155
126 162
126 168
126 171
126 172
126 177
126 182
126 184
126 190
126 207
126 212
126 218
127 2
127 5
127 6
127 11
127 12
127 14
127 23
127 29
127 30
127 33
127 38
127 61
127 64
127 70
127 78
127 81
127 82
127 89
127 95
127 98
127 104
127 124
127 129
127 148
127 155
127 172
127 178
127 179
127 184
127 185
127 206
127 213
127 215
127 218
128 3
128 6
128 11
128 26
128 39
128 46
128 56
128 61
128 67
128 68
128 72
128 73
128 80
128 86
128 87
128 89
128 90
128 102
128 104
128 105
128 114
128 123
128 124
128 138
128 143
128 145
128 149
128 150
128 151
128 156
128 164
128 166
128 170
128 172
128 177
128 179
128 189
128 198
128 214
129 3
129 7
129 28
129 29
129 32
129 38
129 47
129 49
129 53
129 54
129 56
129 57
129 63
129 68
129 71
129 82
129 86
129 87
129 99
129 119
129 131
129 138
129 140
129 141
129 145
129 151
129 152
129 154
129 157
129 159
129 166
129 178
129 181
129 188
129 194
129 196
129 198
129 200
129 213
129 214
129 219
130 5
130 11
130 20
130 22
130 27
130 28
130 32
130 43
130 45
130 53
130 60
130 61
130 65
130 73
130 74
130 78
130 82
130 87
130 93
130 95
130 100
130 103
130 104
130 109
130 113
130 114
130 118
130 119
130 127
130 134
130 137
130 142
130 145
130 146
130 147
130 150
130 153
130 156
130 157
130 158
130 170
130 171
130 175
130 187
130 195
130 203
130 204
130 205
131 8
131 16
131 20
131 29
131 32
131 41
131 42
131 51
131 52
131 72
131 79
131 80
131 83
131 92
131 95
131 96
131 102
131 114
131 116
131 118
131 121
131 122
131 124
131 129
131 135
131 146
131 154
131 157
131 158
131 159
131 167
131 173
131 183
131 186
131 187
131 188
131 193
131 194
131 199
131 200
131 203
131 204
131 208
131 211
132 3
132 4
132 5
132 12
132 13
132 25
132 37
132 43
132 46
132 50
132 52
132 60
132 61
132 62
132 65
132 71
132 74
132 76
132 79
132 99
132 110
132 113
132 114
132 119
132 120
132 122
132 130
132 131
132 141
132 142
132 150
132 156
132 160
132 168
132 179
132 198
132 202
132 203
132 204
132 206
132 210
132 212
132 213
132 214
133 2
133 10
133 17
133 35
133 36
133 39
133 48
133 51
133 59
133 67
133 69
133 76
133 81
133 88
133 95
133 100
133 103
133 104
133 106
133 108
133 111
133 112
133 115
133 118
133 129
133 144
133 146
133 148
133 151
133 152
133 154
133 158
133 160
133 175
133 180
133 199
133 200
133 205
133 211
134 0
134 2
134 9
134 12
134 19
134 22
134 23
134 29
134 33
134 34
134 41
134 55
134 56
134 59
134 65
134 66
134 74
134 79
134 88
134 96
134 97
134 105
134 108
134 118
134 120
134 124
134 130
134 132
134 137
134 138
134 139
134 149
134 161
134 163
134 177
134 181
134 183
134 186
134 191
134 216
134 217
135 5
135 6
135 22
135 24
135 26
135 41
135 46
135 49
135 50
135 56
135 59
135 62
135 67
135 70
135 74
135 75
135 84
135 94
135 97
135 100
135 104
135 108
135 120
135 122
135 123
135 126
135 132
135 135
135 138
135 145
135 155
135 158
135 159
135 167
135 168
135 170
135 178
135 179
135 203
135 212
135 215
135 216
136 1
136 8
136 12
136 15
136 20
136 33
136 39
136 41
136 43
136 70
136 74
136 76
136 82
136 90
136 91
136 92
136 93
136 99
136 108
136 109
136 114
136 130
136 132
136 142
136 155
136 159
136 160
136 168
136 170
136 176
136 184
136 185
136 188
136 189
136 192
136 196
136 204
136 210
136 214
137 2
137 6
137 7
137 19
137 20
137 22
137 25
137 51
137 53
137 58
137 65
137 71
137 87
137 88
137 91
137 94
137 99
137 100
137 102
137 106
137 108
137 112
137 114
137 117
137 119
137 129
137 132
137 140
137 151
137 157
137 163
137 166
137 171
137 185
137 186
137 188
137 197
137 203
137 214
137 218
138 4
138 13
138 17
138 22
138 26
138 29
138 35
138 38
138 40
138 47
138 51
138 55
138 62
138 63
138 69
138 79
138 80
138 87
138 93
138 105
138 127
138 138
138 144
138 147
138 149
138 152
138 156
138 168
138 169
138 171
138 175
138 188
138 193
138 202
138 204
138 208
138 212
138 216
138 219
139 17
139 24
139 26
139 30
139 33
139 34
139 37
139 38
139 43
139 48
139 51
139 59
139 63
139 66
139 67
139 69
139 71
139 73
139 74
139 87
139 90
139 91
139 100
139 108
139 109
139 123
139 131
139 143
139 146
139 147
139 151
139 161
139 163
139 180
139 188
139 191
139 197
139 203
139 209
139 211
139 217
140 0
140 5
140 17
140 18
140 21
140 24
140 31
140 36
140 45
140 60
140 61
140 65
140 69
140 72
140 82
140 87
140 90
140 93
140 95
140 97
140 127
140 135
140 138
140 142
140 144
140 149
140 152
140 160
140 161
140 174
140 177
140 178
140 181
140 195
140 202
140 205
140 207
140 208
140 210
140 213
140 218
140 219
141 7
141 16
141 27
141 32
141 35
141 38
141 41
141 42
141 44
141 49
141 50
141 52
141 56
141 58
141 62
141 64
141 68
141 71
141 72
141 78
141 85
141 86
141 93
141 97
141 99
141 108
141 109
141 112
141 113
141 114
141 115
141 118
141 120
141 121
141 124
141 131
141 143
141 144
141 145
141 154
141 155
141 156
141 174
141 177
141 179
141 182
141 185
141 186
141 189
141 191
141 195
141 206
141 208
141 210
141 211
141 215
142 4
142 5
142 10
142 11
142 15
142 18
142 27
142 35
142 41
142 48
142 54
142 56
142 64
142 67
142 74
142 81
142 94
142 95
142 97
142 102
142 107
142 108
142 113
142 118
142 126
142 133
142 145
142 148
142 152
142 153
142 163
142 167
142 169
142 172
142 175
142 201
142 203
142 209
142 210
142 216
143 4
143 10
143 12
143 16
143 17
143 21
143 22
143 24
143 27
143 34
143 35
143 40
143 42
143 46
143 52
143 55
143 57
143 60
143 62
143 66
143 68
143 71
143 78
143 83
143 85
143 86
143 95
143 105
143 108
143 110
143 112
143 119
143 125
143 135
143 136
143 137
143 139
143 145
143 153
143 158
143 161
143 188
143 191
143 194
143 197
143 208
143 210
143 214
144 12
144 14
144 29
144 38
144 39
144 58
144 63
144 79
144 90
144 91
144 106
144 108
144 115
144 120
144 129
144 131
144 132
144 133
144 137
144 145
144 152
144 153
144 157
144 162
144 164
144 166
144 177
144 182
144 186
144 190
144 194
144 195
144 199
144 200
144 207
144 208
144 210
144 211
144 218
145 1
145 4
145 20
145 26
145 32
145 36
145 37
145 40
145 41
145 49
145 51
145 53
145 59
145 85
145 89
145 91
145 92
145 95
145 99
145 102
145 103
145 105
145 112
145 113
145 123
145 124
145 126
145 133
145 137
145 147
145 149
145 153
145 155
145 157
145 168
145 177
145 189
145 192
145 197
145 204
145 205
145 214
146 7
146 19
146 23
146 27
146 37
146 38
146 41
146 43
146 44
146 45
146 49
146 53
146 59
146 60
146 68
146 74
146 77
146 94
146 96
146 102
146 109
146 110
146 114
146 122
146 133
146 135
146 136
146 141
146 147
146 149
146 160
146 163
146 169
146 173
146 194
146 195
146 210
146 212
146 214
147 4
147 14
147 17
147 21
147 25
147 30
147 35
147 37
147 44
147 45
147 49
147 51
147 54
147 66
147 68
147 73
147 76
147 77
147 78
147 85
147 86
147 91
147 101
147 112
147 118
147 121
147 128
147 130
147 131
147 145
147 151
147 155
147 157
147 161
147 164
147 168
147 170
147 172
147 180
147 190
147 192
147 196
147 199
147 203
147 206
147 209
147 214
148 3
148 5
148 6
148 11
148 12
148 14
148 22
148 33
148 49
148 51
148 54
148 64
148 65
148 67
148 74
148 77
148 84
148 91
148 93
148 106
148 107
148 109
148 111
148 114
148 115
148 117
148 122
148 128
148 136
148 137
148 138
148 142
148 154
148 155
148 157
148 158
148 162
148 164
148 165
148 169
148 184
148 188
148 190
148 193
148 194
148 200
148 202
148 203
148 209
148 215
149 0
149 1
149 4
149 11
149 21
149 30
149 37
149 42
149 50
149 52
149 54
149 61
149 69
149 73
149 74
149 80
149 83
149 87
149 100
149 102
149 103
149 105
149 112
149 115
149 117
149 119
149 121
149 129
149 133
149 140
149 145
149 149
149 161
149 167
149 173
149 175
149 177
149 181
149 182
149 188
149 189
149 194
149 196
149 200
149 204
149 205
149 208
149 217
149 218
150 0
150 8
150 11
150 19
150 29
150 42
150 55
150 57
150 61
150 62
150 67
150 68
150 70
150 82
150 89
150 90
150 95
150 97
150 98
150 121
150 125
150 133
150 137
150 145
150 146
150 152
150 155
150 159
150 176
150 179
150 185
150 189
150 192
150 194
150 200
150 206
150 207
150 208
150 211
150 214
150 215
150 217
150 219
151 1
151 5
151 7
151 9
151 10
151 23
151 25
151 28
151 31
151 33
151 35
151 36
151 50
151 52
151 54
151 59
151 60
151 63
151 65
151 69
151 70
151 72
151 82
151 86
151 87
151 88
151 110
151 116
151 124
151 128
151 131
151 145
151 146
151 148
151 149
151 154
151 155
151 156
151 160
151 173
151 182
151 189
151 192
151 194
151 196
151 201
151 204
151 205
151 206
152 7
152 8
152 11
152 12
152 16
152 18
152 21
152 32
152 33
152 34
152 36
152 40
152 42
152 58
152 62
152 72
152 75
152 79
152 88
152 95
152 101
152 103
152 107
152 115
152 119
152 124
152 129
152 135
152 143
152 146
152 147
152 163
152 165
152 171
152 176
152 179
152 181
152 182
152 195
152 199
152 203
153 3
153 10
153 13
153 18
153 19
153 22
153 25
153 27
153 28
153 29
153 32
153 34
153 38
153 40
153 46
153 47
153 53
153 56
153 65
153 66
153 68
153 73
153 75
153 78
153 93
153 94
153 95
153 99
153 100
153 104
153 106
153 111
153 116
153 118
153 123
153 126
153 135
153 142
153 143
153 145
153 147
153 148
153 153
153 167
153 177
153 179
153 182
153 191
153 196
153 204
153 205
153 209
153 213
154 0
154 2
154 4
154 21
154 22
154 24
154 25
154 27
154 38
154 40
154 42
154 44
154 45
154 54
154 56
154 58
154 64
154 68
154 81
154 83
154 86
154 90
154 93
154 97
154 99
154 102
154 106
154 116
154 124
154 137
154 147
154 149
154 169
154 170
154 175
154 179
154 182
154 184
154 188
154 191
154 192
154 195
154 211
154 219
155 0
155 1
155 3
155 4
155 5
155 6
155 11
155 14
155 16
155 19
155 22
155 30
155 33
155 39
155 44
155 45
155 47
155 50
155 52
155 56
155 66
155 67
155 69
155 80
155 85
155 101
155 114
155 123
155 132
155 142
155 145
155 146
155 147
155 148
155 158
155 160
155 166
155 170
155 172
155 174
155 185
155 195
155 198
155 199
155 200
155 204
155 208
155 212
155 213
155 214
155 216
155 218
155 219
156 8
156 10
156 13
156 18
156 19
156 21
156 23
156 28
156 30
156 37
156 41
156 42
156 48
156 58
156 68
156 71
156 74
156 79
156 83
156 89
156 107
156 109
156 116
156 119
156 120
156 121
156 126
156 127
156 132
156 134
156 137
156 142
156 154
156 171
156 172
156 174
156 177
156 181
156 185
156 218
157 1
157 3
157 6
157 7
157 9
157 12
157 16
157 21
157 22
157 38
157 41
157 44
157 51
157 63
157 68
157 69
157 79
157 87
157 93
157 96
157 99
157 105
157 115
157 118
157 119
157 122
157 132
157 138
157 146
157 149
157 150
157 151
157 157
157 158
157 160
157 167
157 169
157 176
157 182
157 183
157 194
157 200
157 205
157 210
157 213
157 218
158 2
158 3
158 4
158 7
158 14
158 17
158 24
158 27
158 34
158 35
158 38
158 39
158 49
158 52
158 54
158 56
158 57
158 58
158 62
158 67
158 68
158 79
158 81
158 86
158 87
158 89
158 91
158 92
158 93
158 108
158 112
158 123
158 128
158 134
158 138
158 142
158 160
158 168
158 172
158 174
158 177
158 187
158 213
158 218
159 1
159 5
159 6
159 8
159 14
159 15
159 20
159 25
159 30
159 34
159 41
159 49
159 52
159 56
159 57
159 62
159 65
159 68
159 75
159 89
159 93
159 96
159 106
159 108
159 111
159 114
159 116
159 117
159 122
159 123
159 124
159 128
159 130
159 131
159 134
159 136
159 138
159 139
159 141
159 142
159 150
159 155
159 156
159 165
159 169
159 171
159 179
159 181
159 187
159 189
159 195
159 208
159 212
159 213
159 219
160 5
160 9
160 21
160 38
160 46
160 47
160 50
160 51
160 72
160 74
160 79
160 80
160 84
160 95
160 103
160 107
160 114
160 121
160 126
160 127
160 131
160 147
160 161
160 162
160 163
160 166
160 174
160 178
160 181
160 189
160 198
160 208
161 3
161 4
161 5
161 7
161 22
161 24
161 29
161 30
161 33
161 35
161 39
161 51
161 57
161 72
161 78
161 82
161 91
161 97
161 102
161 105
161 113
161 119
161 120
161 125
161 131
161 132
161 137
161 143
161 144
161 150
161 153
161 157
161 159
161 161
161 170
161 181
161 191
161 192
161 207
161 208
161 212
161 219
162 1
162 3
162 5
162 7
162 11
162 12
162 14
162 17
162 26
162 31
162 32
162 35
162 38
162 73
162 80
162 84
162 88
162 90
162 91
162 96
162 106
162 107
162 109
162 117
162 119
162 123
162 127
162 137
162 138
162 144
162 151
162 155
162 156
162 158
162 168
162 170
162 181
162 184
162 190
162 192
162 195
162 199
162 204
162 210
162 211
162 212
162 215
162 218
163 0
163 2
163 6
163 9
163 19
163 35
163 36
163 38
163 45
163 52
163 56
163 59
163 67
163 68
163 76
163 90
163 92
163 97
163 99
163 115
163 116
163 117
163 127
163 132
163 133
163 136
163 140
163 147
163 148
163 152
163 155
163 158
163 159
163 160
163 162
163 163
163 164
163 165
163 167
163 169
163 171
163 180
163 182
163 186
163 188
163 193
163 195
163 197
163 200
163 201
163 208
163 209
163 212
163 213
163 214
164 4
164 6
164 9
164 12
164 17
164 22
164 46
164 47
164 56
164 69
164 72
164 79
164 80
164 81
164 82
164 101
164 110
164 120
164 128
164 130
164 132
164 134
164 147
164 150
164 158
164 161
164 162
164 166
164 173
164 180
164 186
164 191
164 199
164 207
164 212
164 215
164 217
165 5
165 15
165 16
165 22
165 25
165 26
165 39
165 43
165 69
165 95
165 96
165 106
165 113
165 114
165 117
165 124
165 132
165 133
165 136
165 156
165 159
165 166
165 170
165 174
165 177
165 180
165 182
165 183
165 189
165 193
165 201
165 203
165 204
165 209
165 212
165 219
166 5
166 10
166 12
166 14
166 16
166 21
166 22
166 27
166 28
166 29
166 35
166 38
166 53
166 61
166 65
166 66
166 71
166 88
166 93
166 97
166 102
166 117
166 120
166 121
166 122
166 127
166 130
166 132
166 137
166 143
166 145
166 147
166 155
166 162
166 163
166 175
166 181
166 182
166 191
166 197
166 201
166 207
166 215
166 219
167 1
167 5
167 8
167 23
167 42
167 51
167 53
167 55
167 59
167 68
167 70
167 73
167 82
167 92
167 96
167 98
167 104
167 107
167 108
167 111
167 118
167 123
167 124
167 127
167 139
167 150
167 153
167 155
167 165
167 171
167 182
167 191
167 193
167 201
167 213
167 219
168 4
168 16
168 17
168 19
168 21
168 38
168 45
168 46
168 47
168 53
168 58
168 62
168 69
168 78
168 102
168 112
168 120
168 132
168 136
168 140
168 145
168 148
168 152
168 153
168 155
168 157
168 163
168 166
168 168
168 172
168 173
168 182
168 189
168 195
168 209
168 210
169 3
169 15
169 19
169 20
169 23
169 26
169 27
169 32
169 33
169 34
169 35
169 38
169 44
169 58
169 69
169 80
169 83
169 95
169 99
169 107
169 111
169 117
169 119
169 128
169 131
169 140
169 142
169 145
169 147
169 149
169 155
169 156
169 160
169 161
169 163
169 166
169 167
169 176
169 182
169 184
169 189
169 190
169 194
169 195
169 198
169 199
169 206
170 1
170 12
170 14
170 25
170 27
170 30
170 31
170 37
170 42
170 57
170 59
170 63
170 74
170 77
170 78
170 84
170 93
170 95
170 120
170 128
170 129
170 134
170 139
170 141
170 153
170 154
170 168
170 174
170 183
170 185
170 187
170 207
170 212
170 217
171 18
171 37
171 40
171 42
171 45
171 52
171 57
171 63
171 74
171 80
171 83
171 85
171 90
171 91
171 92
171 94
171 98
171 100
171 102
171 119
171 120
171 122
171 127
171 134
171 150
171 156
171 159
171 162
171 167
171 168
171 171
171 183
171 191
171 196
171 197
171 202
171 204
171 207
171 215
171 217
172 0
172 3
172 5
172 13
172 16
172 20
172 26
172 31
172 32
172 42
172 43
172 63
172 68
172 76
172 78
172 81
172 87
172 89
172 90
172 91
172 97
172 101
172 112
172 116
172 118
172 125
172 126
172 137
172 140
172 141
172 144
172 146
172 161
172 164
172 167
172 174
172 182
172 185
172 197
172 209
172 219
173 1
173 4
173 8
173 9
173 16
173 19
173 25
173 26
173 30
173 32
173 33
173 36
173 38
173 46
173 48
173 52
173 59
173 61
173 62
173 74
173 75
173 78
173 90
173 92
173 94
173 100
173 102
173 111
173 112
173 113
173 116
173 117
173 119
173 120
173 121
173 124
173 128
173 137
173 141
173 143
173 145
173 149
173 151
173 153
173 162
173 164
173 168
173 169
173 171
173 178
173 187
173 195
173 196
173 197
173 204
173 206
173 213
174 11
174 15
174 16
174 23
174 27
174 32
174 37
174 42
174 44
174 48
174 54
174 66
174 76
174 77
174 84
174 94
174 95
174 96
174 104
174 108
174 115
174 118
174 125
174 135
174 137
174 138
174 145
174 146
174 150
174 154
174 155
174 157
174 165
174 166
174 187
174 199
174 203
174 211
174 217
175 3
175 5
175 6
175 14
175 31
175 33
175 39
175 41
175 42
175 45
175 49
175 50
175 55
175 61
175 63
175 66
175 67
175 69
175 72
175 76
175 78
175 83
175 92
175 105
175 107
175 119
175 120
175 122
175 124
175 125
175 137
175 160
175 170
175 174
175 182
175 186
175 189
175 190
175 196
175 200
175 207
175 215
175 216
176 3
176 4
176 10
176 11
176 19
176 25
176 28
176 32
176 36
176 54
176 57
176 60
176 64
176 71
176 86
176 107
176 108
176 114
176 116
176 125
176 128
176 140
176 150
176 156
176 157
176 165
176 168
176 171
176 173
176 181
176 183
176 187
176 188
176 191
176 196
176 205
176 207
176 209
176 216
177 0
177 5
177 6
177 11
177 25
177 28
177 33
177 42
177 49
177 50
177 53
177 74
177 75
177 85
177 87
177 92
177 97
177 108
177 114
177 118
177 124
177 131
177 134
177 135
177 136
177 139
177 146
177 151
177 152
177 154
177 156
177 162
177 164
177 167
177 173
177 176
177 180
177 185
177 187
177 190
177 191
177 193
177 194
177 196
177 197
177 208
177 209
177 211
177 216
177 218
178 1
178 9
178 14
178 15
178 16
178 19
178 31
178 45
178 47
178 61
178 62
178 72
178 78
178 80
178 89
178 90
178 91
178 96
178 104
178 107
178 115
178 116
178 117
178 118
178 125
178 128
178 130
178 134
178 135
178 136
178 138
178 165
178 167
178 172
178 176
178 180
178 182
178 193
178 200
178 201
178 202
178 211
178 215
178 218
178 219
179 0
179 12
179 24
179 28
179 29
179 30
179 33
179 35
179 39
179 40
179 44
179 46
179 48
179 49
179 52
179 55
179 56
179 70
179 71
179 74
179 75
179 76
179 77
179 78
179 85
179 87
179 89
179 92
179 95
179 97
179 102
179 103
179 108
179 110
179 114
179 116
179 119
179 126
179 148
179 150
179 151
179 171
179 172
179 175
179 179
179 181
179 184
179 199
179 202
179 211
179 212
179 216
179 217
180 0
180 5
180 6
180 18
180 21
180 23
180 24
180 25
180 31
180 34
180 36
180 48
180 52
180 53
180 54
180 67
180 69
180 71
180 81
180 96
180 99
180 103
180 104
180 116
180 120
180 121
180 125
180 126
180 127
180 128
180 132
180 135
180 139
180 143
180 144
180 147
180 163
180 165
180 166
180 167
180 170
180 176
180 177
180 179
180 182
180 190
180 191
180 192
180 196
180 197
180 199
180 200
180 201
180 209
180 213
180 216
181 1
181 4
181 25
181 31
181 33
181 37
181 38
181 43
181 47
181 57
181 65
181 75
181 82
181 91
181 104
181 108
181 112
181 117
181 125
181 129
181 138
181 139
181 142
181 144
181 145
181 148
181 152
181 167
181 171
181 172
181 174
181 175
181 178
181 181
181 196
181 197
181 202
181 203
181 207
181 209
181 218
182 8
182 9
182 11
182 13
182 27
182 28
182 33
182 40
182 41
182 50
182 57
182 58
182 68
182 75
182 77
182 91
182 92
182 119
182 123
182 124
182 126
182 127
182 128
182 144
182 146
182 156
182 167
182 173
182 174
182 175
182 176
182 177
182 179
182 180
182 185
182 186
182 191
182 193
182 199
182 200
182 204
182 210
182 213
183 2
183 7
183 15
183 19
183 27
183 28
183 29
183 42
183 49
183 54
183 61
183 62
183 64
183 65
183 68
183 69
183 71
183 77
183 98
183 102
183 106
183 113
183 118
183 123
183 137
183 146
183 155
183 159
183 166
183 173
183 176
183 177
183 180
183 191
183 192
183 203
183 205
183 209
183 215
183 216
184 2
184 18
184 19
184 23
184 26
184 32
184 39
184 43
184 46
184 61
184 65
184 67
184 77
184 78
184 81
184 82
184 91
184 95
184 105
184 119
184 124
184 125
184 128
184 130
184 136
184 138
184 140
184 146
184 149
184 154
184 160
184 161
184 167
184 169
184 170
184 178
184 184
184 190
184 191
184 196
184 200
184 213
185 0
185 7
185 8
185 10
185 27
185 41
185 44
185 50
185 53
185 58
185 59
185 67
185 83
185 85
185 87
185 92
185 96
185 99
185 107
185 108
185 116
185 119
185 122
185 123
185 134
185 147
185 154
185 155
185 163
185 174
185 189
185 190
185 193
185 201
185 202
185 203
185 206
185 211
185 213
185 217
186 5
186 7
186 10
186 13
186 18
186 20
186 21
186 24
186 29
186 36
186 37
186 50
186 53
186 59
186 60
186 66
186 67
186 74
186 76
186 78
186 86
186 88
186 89
186 118
186 119
186 121
186 123
186 129
186 134
186 148
186 171
186 177
186 179
186 181
186 182
186 183
186 186
186 199
186 203
186 211
186 212
186 214
186 217
186 219
187 2
187 3
187 20
187 32
187 34
187 35
187 39
187 48
187 53
187 58
187 59
187 69
187 71
187 74
187 75
187 76
187 77
187 78
187 82
187 83
187 87
187 94
187 101
187 110
187 115
187 120
187 126
187 128
187 133
187 137
187 146
187 156
187 159
187 160
187 161
187 162
187 166
187 170
187 175
187 185
187 186
187 188
187 189
187 190
187 200
187 206
187 208
187 210
187 211
187 219
188 0
188 11
188 25
188 26
188 27
188 34
188 41
188 46
188 49
188 51
188 56
188 58
188 62
188 64
188 67
188 68
188 79
188 83
188 98
188 106
188 110
188 120
188 123
188 125
188 128
188 130
188 131
188 134
188 135
188 137
188 138
188 143
188 144
188 148
188 151
188 157
188 160
188 161
188 163
188 164
188 171
188 177
188 180
188 181
188 182
188 186
188 189
188 190
188 207
188 213
188 218
189 9
189 13
189 14
189 21
189 25
189 27
189 37
189 45
189 50
189 53
189 55
189 59
189 61
189 63
189 89
189 97
189 106
189 112
189 113
189 119
189 122
189 131
189 136
189 141
189 143
189 150
189 159
189 189
189 192
189 201
189 204
189 207
189 218
190 7
190 14
190 18
190 22
190 29
190 36
190 37
190 50
190 51
190 58
190 60
190 61
190 67
190 70
190 86
190 87
190 88
190 90
190 92
190 103
190 106
190 109
190 114
190 119
190 125
190 128
190 131
190 132
190 134
190 146
190 182
190 190
190 196
190 199
190 205
190 209
190 219
191 10
191 11
191 20
191 23
191 26
191 28
191 33
191 35
191 36
191 39
191 50
191 55
191 56
191 57
191 60
191 67
191 70
191 73
191 78
191 83
191 85
191 86
191 87
191 90
191 92
191 99
191 103
191 105
191 108
191 112
191 120
191 125
191 131
191 142
191 145
191 147
191 148
191 152
191 164
191 169
191 171
191 172
191 181
191 182
191 184
191 185
191 187
191 201
191 206
191 216
191 219
192 0
192 1
192 3
192 5
192 6
192 7
192 8
192 15
192 27
192 28
192 30
192 37
192 45
192 51
192 63
192 70
192 72
192 93
192 101
192 102
192 110
192 113
192 117
192 121
192 122
192 129
192 130
192 136
192 144
192 145
192 146
192 148
192 149
192 156
192 158
192 159
192 169
192 170
192 180
192 181
192 186
192 198
192 202
192 204
192 209
192 212
192 218
193 4
193 7
193 21
193 24
193 25
193 28
193 35
193 41
193 45
193 48
193 70
193 75
193 80
193 81
193 83
193 86
193 87
193 93
193 96
193 103
193 104
193 107
193 114
193 115
193 122
193 123
193 124
193 128
193 129
193 133
193 144
193 145
193 146
193 147
193 158
193 162
193 164
193 166
193 168
193 174
193 177
193 181
193 184
193 185
193 186
193 187
193 188
193 192
193 199
193 200
193 206
193 208
193 210
193 212
193 215
194 5
194 6
194 23
194 31
194 32
194 36
194 40
194 41
194 50
194 51
194 54
194 57
194 62
194 64
194 65
194 76
194 80
194 87
194 90
194 92
194 93
194 94
194 107
194 111
194 116
194 119
194 121
194 138
194 142
194 145
194 153
194 154
194 155
194 157
194 158
194 162
194 163
194 168
194 169
194 174
194 175
194 179
194 186
194 188
194 192
194 193
194 194
194 199
194 207
194 213
194 216
195 0
195 5
195 7
195 20
195 23
195 26
195 33
195 41
195 43
195 47
195 56
195 57
195 58
195 66
195 71
195 78
195 81
195 83
195 88
195 99
195 103
195 104
195 105
195 108
195 110
195 113
195 117
195 121
195 125
195 128
195 129
195 132
195 156
195 165
195 166
195 167
195 173
195 185
195 191
195 202
195 208
195 213
196 1
196 4
196 5
196 15
196 17
196 21
196 30
196 36
196 39
196 43
196 63
196 70
196 72
196 73
196 76
196 81
196 86
196 98
196 99
196 100
196 125
196 129
196 140
196 155
196 157
196 159
196 165
196 168
196 169
196 175
196 176
196 180
196 185
196 186
196 190
196 195
196 196
196 198
196 202
196 208
196 210
196 216
196 219
197 0
197 2
197 5
197 8
197 12
197 16
197 27
197 30
197 35
197 39
197 40
197 46
197 47
197 48
197 59
197 71
197 83
197 87
197 90
197 92
197 96
197 100
197 101
197 103
197 105
197 107
197 108
197 109
197 115
197 123
197 124
197 127
197 135
197 143
197 144
197 145
197 153
197 160
197 165
197 167
197 168
197 172
197 174
197 175
197 181
197 190
197 192
197 203
197 205
197 208
197 209
197 211
197 218
198 0
198 3
198 4
198 13
198 15
198 17
198 34
198 35
198 45
198 50
198 60
198 77
198 82
198 98
198 101
198 104
198 108
198 110
198 114
198 118
198 123
198 125
198 127
198 129
198 130
198 135
198 144
198 146
198 147
198 148
198 157
198 158
198 159
198 160
198 163
198 168
198 172
198 175
198 177
198 179
198 185
198 186
198 190
198 194
198 196
198 198
198 210
199 1
199 2
199 5
199 6
199 9
199 11
199 23
199 27
199 29
199 32
199 37
199 40
199 45
199 54
199 61
199 64
199 66
199 67
199 74
199 76
199 77
199 83
199 88
199 102
199 103
199 105
199 112
199 122
199 124
199 126
199 129
199 138
199 142
199 147
199 148
199 157
199 158
199 162
199 164
199 166
199 171
199 173
199 174
199 175
199 188
199 192
199 204
199 213
199 216
200 3
200 6
200 16
200 17
200 20
200 21
200 25
200 29
200 33
200 39
200 43
200 49
200 50
200 51
200 53
200 58
200 59
200 67
200 68
200 70
200 72
200 74
200 81
200 92
200 94
200 95
200 101
200 113
200 114
200 119
200 129
200 136
200 142
200 144
200 147
200 167
200 168
200 177
200 178
200 182
200 191
200 194
200 205
200 206
200 217
201 1
201 2
201 4
201 7
201 9
201 13
201 15
201 16
201 23
201 30
201 42
201 43
201 48
201 50
201 62
201 66
201 74
201 76
201 79
201 80
201 100
201 104
201 114
201 124
201 125
201 133
201 138
201 140
201 151
201 154
201 156
201 180
201 181
201 203
201 205
201 211
201 219
202 0
202 14
202 19
202 24
202 25
202 26
202 32
202 34
202 36
202 37
202 38
202 39
202 51
202 52
202 54
202 60
202 61
202 66
202 68
202 70
202 83
202 94
202 99
202 109
202 110
202 111
202 115
202 122
202 126
202 129
202 137
202 138
202 139
202 144
202 145
202 146
202 149
202 154
202 156
202 157
202 163
202 167
202 170
202 186
202 187
202 192
202 195
202 205
202 210
202 213
202 214
202 215
203 0
203 4
203 15
203 18
203 26
203 31
203 33
203 36
203 46
203 48
203 51
203 55
203 58
203 64
203 89
203 97
203 99
203 112
203 121
203 124
203 126
203 144
203 146
203 147
203 148
203 149
203 154
203 163
203 164
203 168
203 169
203 170
203 177
203 179
203 183
203 202
203 215
203 219
204 1
204 2
204 4
204 6
204 7
204 9
204 10
204 12
204 28
204 35
204 37
204 40
204 41
204 49
204 50
204 52
204 55
204 58
204 62
204 64
204 66
204 93
204 96
204 99
204 101
204 109
204 112
204 116
204 122
204 128
204 129
204 131
204 136
204 138
204 147
204 148
204 150
204 162
204 172
204 181
204 182
204 185
204 186
204 190
204 198
204 213
204 216
205 20
205 22
205 29
205 40
205 50
205 51
205 60
205 66
205 71
205 77
205 85
205 91
205 98
205 105
205 115
205 116
205 118
205 128
205 131
205 136
205 145
205 146
205 147
205 150
205 154
205 155
205 176
205 186
205 195
205 197
205 203
205 208
205 212
205 217
206 11
206 14
206 20
206 21
206 26
206 32
206 35
206 38
206 40
206 62
206 64
206 67
206 71
206 74
206 77
206 79
206 80
206 95
206 96
206 97
206 98
206 102
206 107
206 112
206 114
206 118
206 123
206 125
206 142
206 145
206 160
206 164
206 167
206 177
206 178
206 183
206 184
206 187
206 188
206 195
206 198
206 217
207 0
207 2
207 3
207 8
207 10
207 11
207 12
207 13
207 20
207 22
207 26
207 27
207 34
207 52
207 60
207 62
207 65
207 66
207 68
207 69
207 89
207 103
207 105
207 110
207 113
207 116
207 128
207 131
207 136
207 139
207 141
207 142
207 143
207 147
207 155
207 160
207 163
207 165
207 169
207 171
207 179
207 184
207 185
207 190
207 194
207 203
207 204
207 210
208 4
208 15
208 16
208 20
208 30
208 31
208 35
208 36
208 41
208 42
208 46
208 47
208 52
208 55
208 62
208 64
208 67
208 73
208 77
208 83
208 87
208 89
208 92
208 98
208 100
208 107
208 112
208 114
208 126
208 129
208 143
208 144
208 145
208 148
208 156
208 157
208 159
208 165
208 171
208 172
208 177
208 179
208 180
208 183
208 184
208 185
208 187
208 188
208 189
208 192
208 193
208 197
208 198
208 199
208 200
208 202
208 203
208 209
208 211
208 214
208 219
209 2
209 3
209 10
209 18
209 35
209 43
209 44
209 56
209 58
209 76
209 82
209 86
209 87
209 92
209 96
209 100
209 101
209 102
209 106
209 117
209 122
209 126
209 131
209 137
209 138
209 145
209 154
209 160
209 162
209 163
209 167
209 172
209 176
209 181
209 182
209 184
209 185
209 188
209 189
209 191
209 196
209 198
209 203
209 207
209 209
209 212
209 213
209 215
210 0
210 2
210 3
210 10
210 18
210 37
210 38
210 43
210 53
210 64
210 65
210 66
210 78
210 82
210 85
210 91
210 95
210 96
210 98
210 99
210 104
210 108
210 109
210 114
210 122
210 128
210 129
210 130
210 132
210 140
210 143
210 147
210 148
210 153
210 156
210 166
210 173
210 176
210 179
210 180
210 192
210 195
210 203
210 207
211 15
211 19
211 21
211 22
211 29
211 33
211 34
211 36
211 45
211 54
211 69
211 86
211 90
211 95
211 97
211 98
211 104
211 118
211 123
211 124
211 134
211 140
211 152
211 156
211 158
211 159
211 167
211 168
211 170
211 174
211 176
211 186
211 190
211 193
211 198
211 201
211 203
211 210
211 212
211 214
211 215
212 10
212 11
212 16
212 21
212 30
212 34
212 36
212 47
212 49
212 53
212 56
212 58
212 60
212 62
212 65
212 69
212 82
212 83
212 88
212 91
212 103
212 113
212 114
212 127
212 133
212 140
212 150
212 154
212 155
212 162
212 165
212 177
212 178
212 184
212 186
212 188
212 198
212 200
212 204
212 213
212 214
212 215
213 4
213 6
213 8
213 10
213 11
213 12
213 16
213 17
213 32
213 35
213 36
213 46
213 51
213 52
213 57
213 65
213 67
213 75
213 76
213 79
213 81
213 82
213 87
213 103
213 105
213 109
213 124
213 130
213 131
213 132
213 138
213 143
213 146
213 150
213 157
213 168
213 177
213 181
213 186
213 190
213 191
213 193
213 197
213 199
213 200
213 205
213 212
213 215
214 0
214 13
214 23
214 25
214 31
214 35
214 48
214 50
214 54
214 56
214 65
214 75
214 78
214 82
214 86
214 95
214 100
214 108
214 114
214 116
214 126
214 127
214 142
214 147
214 149
214 157
214 158
214 159
214 162
214 164
214 178
214 182
214 184
214 192
214 193
214 194
214 196
214 198
214 200
214 206
214 207
214 209
214 213
214 214
214 215
214 217
215 1
215 3
215 8
215 15
215 26
215 29
215 35
215 37
215 51
215 58
215 59
215 62
215 78
215 80
215 87
215 89
215 90
215 94
215 97
215 98
215 99
215 100
215 102
215 107
215 109
215 113
215 115
215 118
215 129
215 136
215 138
215 140
215 146
215 154
215 162
215 165
215 170
215 175
215 176
215 178
215 184
215 185
215 187
215 193
215 194
215 205
215 209
215 215
216 2
216 6
216 7
216 9
216 17
216 30
216 38
216 40
216 43
216 46
216 52
216 58
216 60
216 63
216 67
216 68
216 71
216 73
216 77
216 81
216 84
216 91
216 97
216 103
216 113
216 122
216 127
216 133
216 135
216 136
216 141
216 158
216 159
216 162
216 194
216 195
216 199
216 201
216 204
216 205
216 217
217 13
217 21
217 36
217 39
217 44
217 45
217 46
217 47
217 57
217 60
217 62
217 67
217 75
217 78
217 83
217 85
217 88
217 94
217 96
217 104
217 106
217 109
217 121
217 139
217 151
217 155
217 164
217 170
217 173
217 174
217 178
217 196
217 199
217 204
217 206
218 1
218 4
218 7
218 13
218 23
218 24
218 26
218 27
218 32
218 46
218 56
218 67
218 71
218 81
218 85
218 86
218 94
218 95
218 110
218 111
218 114
218 116
218 128
218 137
218 145
218 147
218 149
218 167
218 180
218 188
218 189
218 194
218 195
218 201
218 204
218 212
218 214
219 8
219 11
219 21
219 22
219 25
219 26
219 27
219 29
219 30
219 46
219 50
219 58
219 60
219 61
219 69
219 72
219 81
219 83
219 87
219 90
219 93
219 94
219 101
219 109
219 113
219 114
219 125
219 126
219 128
219 141
219 144
219 145
219 148
219 157
219 166
219 168
219 172
219 176
219 178
219 179
219 181
219 183
219 188
219 199
219 200
219 202
219 208
219 209
219 210
219 216
