90
1602
0 2
0 15
0 31
0 35
0 39
0 43
0 48
0 60
0 62
0 74
0 75
0 77
0 83
0 86
0 87
1 0
1 6
1 32
1 38
1 52
1 63
1 66
1 68
1 77
1 85
2 4
2 6
2 14
2 18
2 41
2 42
2 47
2 49
2 52
2 55
2 62
2 63
2 64
2 66
2 70
2 78
2 83
2 86
3 2
3 13
3 15
3 16
3 25
3 35
3 37
3 38
3 39
3 40
3 56
3 57
3 63
3 66
3 68
3 70
3 77
3 82
3 83
3 85
4 2
4 15
4 20
4 22
4 24
4 35
4 42
4 49
4 51
4 58
4 62
4 69
4 70
4 72
4 77
4 78
4 81
4 85
5 3
5 5
5 20
5 28
5 39
5 41
5 43
5 44
5 46
5 52
5 56
5 65
5 68
5 70
5 79
5 80
5 81
5 83
5 84
5 89
6 4
6 17
6 27
6 39
6 40
6 52
6 58
6 59
6 60
6 65
6 73
6 74
6 76
6 80
6 84
6 85
7 5
7 21
7 23
7 29
7 31
7 33
7 35
7 36
7 40
7 41
7 55
7 56
7 58
7 60
7 61
7 62
7 66
7 67
7 70
7 76
7 77
7 80
7 88
8 4
8 6
8 7
8 10
8 11
8 14
8 19
8 20
8 26
8 27
8 33
8 35
8 58
8 64
8 67
8 68
8 73
8 74
8 77
8 78
8 80
8 82
9 6
9 10
9 12
9 18
9 19
9 22
9 27
9 31
9 35
9 47
9 51
9 52
9 54
9 64
9 71
9 72
9 78
9 86
9 87
10 0
10 1
10 4
10 10
10 11
10 12
10 13
10 20
10 28
10 35
10 38
10 42
10 51
10 56
10 57
10 59
10 65
10 67
10 79
10 86
10 87
10 89
11 0
11 1
11 2
11 4
11 16
11 20
11 21
11 25
11 29
11 33
11 39
11 44
11 62
11 63
11 74
11 76
11 78
11 80
12 7
12 8
12 19
12 40
12 43
12 46
12 48
12 52
12 55
12 64
12 76
12 77
12 82
12 83
13 2
13 5
13 15
13 29
13 30
13 43
13 45
13 48
13 49
13 66
13 71
13 85
13 86
13 88
14 5
14 8
14 9
14 11
14 13
14 15
14 19
14 25
14 27
14 29
14 32
14 33
14 34
14 35
14 36
14 38
14 39
14 45
14 48
14 49
14 65
14 68
14 71
14 87
14 89
15 4
15 5
15 11
15 14
15 15
15 23
15 24
15 27
15 28
15 31
15 32
15 42
15 49
15 58
15 63
15 64
15 76
15 83
16 12
16 18
16 22
16 34
16 35
16 36
16 37
16 38
16 40
16 43
16 46
16 58
16 65
16 72
16 85
16 88
17 11
17 16
17 19
17 20
17 22
17 25
17 32
17 33
17 42
17 48
17 49
17 52
17 58
17 59
17 62
17 63
17 76
17 81
18 8
18 9
18 10
18 11
18 14
18 19
18 23
18 26
18 31
18 32
18 40
18 52
18 53
18 57
18 64
18 65
18 71
18 79
18 81
18 82
18 83
19 6
19 14
19 19
19 25
19 28
19 33
19 35
19 37
19 42
19 45
19 46
19 48
19 56
19 57
19 58
19 59
19 65
19 70
19 71
19 84
19 89
20 2
20 3
20 4
20 8
20 10
20 12
20 33
20 41
20 43
20 50
20 54
20 55
20 58
20 61
20 66
20 68
20 69
20 82
20 84
21 3
21 9
21 14
21 22
21 28
21 37
21 38
21 46
21 47
21 55
21 59
21 61
21 64
21 68
21 72
21 77
21 83
21 88
22 6
22 11
22 26
22 28
22 36
22 37
22 38
22 43
22 45
22 52
22 60
22 66
22 82
22 83
22 86
22 89
23 6
23 17
23 21
23 25
23 31
23 41
23 43
23 51
23 54
23 64
23 65
23 68
23 74
23 75
23 80
23 81
23 83
23 88
24 1
24 6
24 11
24 13
24 14
24 25
24 26
24 32
24 42
24 48
24 57
24 61
24 63
24 69
24 74
24 85
25 0
25 8
25 11
25 14
25 16
25 35
25 38
25 40
25 41
25 52
25 60
25 64
25 77
25 79
25 81
25 84
25 88
26 1
26 8
26 9
26 33
26 36
26 43
26 45
26 56
26 58
26 59
26 65
26 66
26 76
26 80
26 83
26 84
26 87
27 1
27 16
27 18
27 20
27 28
27 33
27 36
27 40
27 45
27 46
27 49
27 61
27 68
27 71
27 82
27 86
28 2
28 7
28 10
28 21
28 22
28 23
28 26
28 27
28 31
28 33
28 36
28 49
28 52
28 55
28 60
28 64
28 68
28 70
28 73
28 81
28 83
28 84
28 85
29 2
29 4
29 9
29 15
29 16
29 22
29 27
29 28
29 29
29 31
29 36
29 45
29 50
29 58
29 62
29 73
29 89
30 0
30 1
30 3
30 7
30 9
30 11
30 25
30 29
30 35
30 36
30 37
30 39
30 42
30 53
30 55
30 57
30 63
30 65
30 67
30 73
30 76
30 80
30 85
30 86
31 4
31 14
31 16
31 19
31 25
31 31
31 38
31 45
31 46
31 47
31 49
31 53
31 62
31 66
31 72
31 78
31 79
31 80
31 81
31 84
32 2
32 18
32 22
32 29
32 32
32 35
32 39
32 40
32 50
32 55
32 61
32 68
32 70
32 83
33 0
33 4
33 6
33 7
33 9
33 12
33 18
33 34
33 35
33 52
33 54
33 56
33 60
33 71
33 73
33 76
33 81
33 83
33 89
34 9
34 14
34 23
34 24
34 29
34 36
34 39
34 49
34 60
34 62
34 65
34 78
35 11
35 13
35 16
35 22
35 23
35 31
35 50
35 57
35 61
35 76
35 78
35 82
35 86
35 87
35 89
36 1
36 15
36 17
36 19
36 22
36 23
36 26
36 30
36 36
36 49
36 59
36 74
36 82
36 85
36 88
37 1
37 8
37 14
37 22
37 29
37 32
37 42
37 43
37 46
37 66
37 74
37 88
38 4
38 7
38 16
38 20
38 24
38 25
38 32
38 33
38 34
38 35
38 36
38 37
38 39
38 48
38 52
38 53
38 57
38 61
38 62
38 63
38 66
38 77
38 84
38 89
39 4
39 12
39 27
39 28
39 30
39 37
39 38
39 41
39 52
39 53
39 62
39 68
39 71
39 72
39 75
39 88
40 4
40 11
40 20
40 22
40 25
40 26
40 38
40 45
40 47
40 60
40 66
40 69
40 81
40 82
41 10
41 14
41 16
41 20
41 36
41 38
41 39
41 48
41 53
41 56
41 60
41 63
41 67
42 1
42 2
42 4
42 7
42 19
42 20
42 24
42 27
42 38
42 40
42 46
42 54
42 59
42 64
42 66
42 75
42 80
42 83
42 87
43 5
43 6
43 7
43 8
43 10
43 14
43 15
43 17
43 18
43 19
43 22
43 31
43 41
43 49
43 62
43 64
43 70
43 71
43 72
43 76
43 77
43 88
44 1
44 5
44 10
44 17
44 25
44 29
44 30
44 32
44 35
44 37
44 49
44 51
44 60
44 71
44 85
45 1
45 2
45 6
45 8
45 9
45 16
45 17
45 21
45 34
45 37
45 56
45 58
45 61
45 66
45 70
45 71
45 79
45 80
45 82
45 87
46 1
46 7
46 10
46 11
46 19
46 23
46 25
46 29
46 32
46 39
46 44
46 51
46 55
46 56
46 58
46 62
46 67
46 77
46 83
46 85
46 88
46 89
47 17
47 18
47 19
47 23
47 26
47 30
47 38
47 39
47 42
47 48
47 54
47 59
47 73
47 88
48 4
48 14
48 15
48 17
48 22
48 32
48 35
48 39
48 41
48 51
48 54
48 60
48 62
48 67
48 70
48 76
48 82
48 83
48 84
48 85
49 0
49 3
49 7
49 10
49 21
49 31
49 33
49 35
49 38
49 43
49 53
49 61
49 63
49 64
49 65
49 66
49 67
49 77
49 82
49 83
50 3
50 5
50 8
50 15
50 16
50 17
50 19
50 28
50 33
50 36
50 48
50 49
50 51
50 54
50 55
50 62
50 69
50 79
50 89
51 10
51 13
51 16
51 18
51 38
51 46
51 55
51 62
51 64
51 73
51 80
51 81
51 82
52 1
52 5
52 8
52 10
52 14
52 16
52 17
52 29
52 30
52 35
52 41
52 44
52 47
52 49
52 79
52 83
52 89
53 5
53 25
53 29
53 38
53 51
53 52
53 53
53 54
53 55
53 61
53 66
53 67
53 68
53 69
53 70
53 74
53 76
53 78
53 81
53 89
54 5
54 10
54 12
54 13
54 28
54 32
54 35
54 36
54 42
54 46
54 47
54 48
54 50
54 52
54 59
54 71
54 78
55 0
55 16
55 23
55 34
55 35
55 37
55 43
55 54
55 58
55 59
55 61
55 68
55 73
55 77
55 79
55 82
56 2
56 7
56 11
56 12
56 13
56 19
56 23
56 34
56 44
56 55
56 68
57 2
57 10
57 15
57 20
57 28
57 33
57 38
57 42
57 59
57 67
57 68
57 73
57 74
57 75
57 86
57 89
58 0
58 2
58 3
58 12
58 13
58 14
58 15
58 23
58 42
58 43
58 46
58 49
58 50
58 51
58 54
58 57
58 62
58 65
58 71
58 81
58 88
59 3
59 5
59 11
59 12
59 17
59 24
59 28
59 34
59 35
59 41
59 46
59 48
59 54
59 62
59 81
59 84
59 88
60 1
60 3
60 4
60 8
60 13
60 16
60 22
60 24
60 28
60 35
60 41
60 42
60 43
60 50
60 51
60 52
60 61
60 62
60 68
60 69
60 80
60 89
61 4
61 10
61 17
61 18
61 20
61 21
61 23
61 24
61 26
61 27
61 28
61 32
61 36
61 41
61 45
61 51
61 63
61 68
61 87
61 89
62 11
62 12
62 13
62 19
62 23
62 27
62 28
62 29
62 31
62 35
62 56
62 58
62 59
62 69
62 71
62 74
62 76
62 77
62 81
62 85
62 87
63 8
63 12
63 15
63 16
63 19
63 24
63 26
63 31
63 34
63 35
63 37
63 39
63 40
63 41
63 42
63 48
63 49
63 54
63 55
63 56
63 60
63 62
63 64
63 69
63 70
63 72
63 73
63 79
63 86
64 2
64 8
64 17
64 26
64 27
64 28
64 33
64 35
64 38
64 39
64 47
64 49
64 51
64 53
64 58
64 60
64 64
64 68
64 84
65 5
65 9
65 13
65 14
65 19
65 23
65 24
65 28
65 39
65 41
65 43
65 49
65 53
65 55
65 58
65 64
65 74
65 75
65 80
65 81
65 84
65 89
66 1
66 5
66 6
66 12
66 14
66 16
66 21
66 27
66 31
66 32
66 39
66 43
66 45
66 48
66 49
66 50
66 51
66 55
66 57
66 60
66 70
66 71
66 74
66 85
66 88
67 7
67 10
67 15
67 22
67 24
67 36
67 41
67 52
67 53
67 67
67 73
67 79
68 12
68 15
68 18
68 48
68 51
68 56
68 65
68 71
68 72
68 78
68 84
68 86
68 88
68 89
69 0
69 2
69 3
69 4
69 5
69 7
69 12
69 14
69 16
69 29
69 33
69 39
69 42
69 58
69 59
69 64
69 70
69 73
69 75
69 78
69 87
70 3
70 7
70 8
70 9
70 10
70 33
70 41
70 50
70 52
70 59
70 66
70 72
70 80
70 84
71 0
71 2
71 11
71 17
71 28
71 32
71 37
71 44
71 47
71 49
71 52
71 55
71 61
71 64
71 79
71 83
71 85
72 2
72 8
72 11
72 20
72 29
72 33
72 39
72 40
72 41
72 42
72 45
72 49
72 50
72 53
72 64
72 70
72 74
72 75
72 78
72 79
72 80
72 84
73 5
73 14
73 17
73 22
73 32
73 37
73 39
73 46
73 47
73 48
73 49
73 51
73 52
73 65
73 70
73 87
74 3
74 10
74 15
74 21
74 23
74 24
74 26
74 28
74 30
74 32
74 34
74 42
74 56
74 61
74 71
74 77
74 79
74 80
74 84
75 8
75 18
75 19
75 21
75 22
75 24
75 30
75 32
75 43
75 54
75 76
75 78
75 79
75 81
76 5
76 13
76 14
76 38
76 42
76 48
76 59
76 62
76 65
76 66
76 69
76 78
76 79
76 87
77 1
77 3
77 5
77 7
77 15
77 18
77 26
77 29
77 33
77 37
77 40
77 42
77 47
77 55
77 58
77 67
77 71
77 78
77 79
77 81
77 83
77 84
78 11
78 24
78 28
78 32
78 33
78 34
78 45
78 54
78 55
78 57
78 63
78 68
78 69
78 77
78 78
78 79
78 82
78 87
78 89
79 0
79 13
79 14
79 16
79 17
79 19
79 24
79 27
79 29
79 30
79 34
79 36
79 44
79 51
79 61
79 64
79 70
79 77
79 78
79 80
79 82
79 83
80 7
80 10
80 20
80 31
80 34
80 40
80 44
80 46
80 61
80 62
80 81
81 8
81 16
81 19
81 22
81 25
81 38
81 40
81 51
81 53
81 64
81 65
81 69
81 73
81 81
81 87
82 10
82 11
82 12
82 17
82 31
82 34
82 39
82 43
82 44
82 47
82 55
82 58
82 61
82 64
82 66
82 69
82 78
82 79
82 83
82 86
82 89
83 3
83 15
83 22
83 26
83 27
83 29
83 32
83 34
83 35
83 36
83 38
83 52
83 59
83 63
83 64
83 73
83 76
83 78
83 81
83 82
84 2
84 8
84 13
84 34
84 41
84 44
84 53
84 54
84 61
84 70
84 71
84 72
84 81
84 87
85 3
85 7
85 16
85 17
85 22
85 43
85 44
85 46
85 56
85 64
85 67
85 77
85 79
85 83
86 6
86 8
86 10
86 12
86 18
86 32
86 45
86 50
86 51
86 54
86 57
86 59
86 61
86 64
86 71
86 74
86 75
86 77
86 82
87 5
87 12
87 22
87 23
87 29
87 30
87 35
87 49
87 51
87 52
87 61
87 64
87 75
87 76
87 83
87 85
88 4
88 6
88 9
88 19
88 27
88 51
88 55
88 56
88 61
88 68
88 76
88 83
88 86
89 17
89 30
89 32
89 35
89 38
89 45
89 55
89 58
89 59
89 72
89 77
89 79
89 85
