80
1264
0 4
0 8
0 16
0 23
0 24
0 29
0 37
0 38
0 43
0 52
0 62
0 68
1 25
1 34
1 39
1 43
1 46
1 53
1 57
1 59
1 60
1 63
1 69
1 72
2 2
2 5
2 8
2 10
2 25
2 29
2 30
2 31
2 41
2 46
2 48
2 53
2 54
2 57
2 58
2 59
3 5
3 6
3 7
3 13
3 16
3 20
3 25
3 33
3 40
3 43
3 44
3 45
3 61
3 71
3 72
3 78
4 2
4 8
4 12
4 16
4 21
4 27
4 42
4 45
4 52
4 53
4 56
4 65
4 70
4 71
4 72
4 78
5 0
5 6
5 18
5 45
5 62
5 70
5 73
5 77
6 3
6 6
6 7
6 12
6 14
6 17
6 21
6 25
6 41
6 59
6 60
6 61
6 75
6 79
7 3
7 9
7 14
7 15
7 18
7 19
7 20
7 22
7 23
7 24
7 28
7 32
7 36
7 49
7 52
7 55
7 60
7 61
7 62
7 66
7 73
7 74
8 7
8 11
8 20
8 22
8 25
8 31
8 33
8 34
8 43
8 50
8 64
8 66
8 67
8 69
8 71
8 76
8 77
9 0
9 5
9 10
9 12
9 17
9 18
9 20
9 27
9 36
9 37
9 51
9 56
9 58
9 68
9 76
10 5
10 8
10 12
10 30
10 31
10 34
10 36
10 41
10 42
10 46
10 47
10 59
10 64
10 75
10 77
10 78
11 0
11 1
11 3
11 4
11 6
11 17
11 26
11 27
11 28
11 36
11 40
11 45
11 46
11 52
11 61
11 62
11 63
11 69
11 70
12 4
12 8
12 11
12 24
12 29
12 34
12 37
12 41
12 48
12 74
13 4
13 5
13 7
13 9
13 10
13 16
13 17
13 20
13 22
13 32
13 36
13 40
13 50
13 52
13 54
13 61
13 76
13 77
13 79
14 5
14 8
14 9
14 11
14 12
14 25
14 27
14 35
14 36
14 38
14 41
14 47
14 62
14 64
14 66
14 69
14 74
14 75
14 78
15 0
15 11
15 18
15 21
15 29
15 32
15 40
15 42
15 46
15 50
15 51
15 53
15 56
15 67
15 69
15 70
15 71
15 76
16 7
16 8
16 12
16 14
16 20
16 21
16 27
16 34
16 42
16 45
16 46
16 48
16 49
16 53
16 55
16 67
16 68
16 69
17 0
17 2
17 8
17 25
17 26
17 27
17 50
17 55
17 58
17 64
17 67
17 76
18 7
18 13
18 20
18 27
18 36
18 41
18 45
18 47
18 56
18 58
18 61
18 66
18 67
18 75
18 76
18 78
19 7
19 9
19 11
19 15
19 19
19 31
19 40
19 42
19 46
19 48
19 52
19 54
19 55
19 56
19 64
19 65
19 70
19 73
19 75
20 1
20 4
20 13
20 25
20 30
20 44
20 45
20 46
20 49
20 52
20 53
20 55
20 60
20 65
20 72
20 77
21 6
21 7
21 20
21 27
21 32
21 42
21 54
21 57
21 61
21 62
21 66
21 71
21 77
22 8
22 10
22 17
22 25
22 32
22 36
22 46
22 61
22 70
23 3
23 11
23 13
23 15
23 21
23 25
23 29
23 32
23 33
23 35
23 37
23 39
23 40
23 44
23 46
23 58
23 59
23 60
23 62
23 64
23 69
23 71
23 73
23 77
24 5
24 7
24 10
24 19
24 28
24 35
24 36
24 38
24 49
24 51
24 59
24 63
24 65
24 66
24 77
25 8
25 9
25 12
25 27
25 30
25 31
25 35
25 38
25 46
25 53
25 59
25 63
25 68
25 70
26 1
26 7
26 11
26 15
26 16
26 22
26 23
26 31
26 32
26 37
26 43
26 53
26 59
26 61
26 72
26 73
26 78
27 0
27 2
27 10
27 15
27 19
27 29
27 30
27 34
27 40
27 41
27 48
27 50
27 51
27 53
27 58
27 60
27 61
27 67
27 68
27 69
27 71
27 74
27 76
28 3
28 10
28 11
28 13
28 26
28 27
28 43
28 44
28 50
28 54
28 69
28 71
29 2
29 8
29 13
29 14
29 44
29 47
29 52
29 53
29 56
29 67
29 68
29 69
29 74
30 4
30 10
30 13
30 14
30 17
30 32
30 37
30 38
30 45
30 49
30 50
30 54
30 56
30 61
30 63
30 64
30 65
30 68
30 70
30 73
30 75
30 78
31 0
31 1
31 2
31 3
31 5
31 9
31 10
31 13
31 15
31 16
31 22
31 32
31 42
31 46
31 47
31 48
31 59
31 70
31 79
32 0
32 6
32 11
32 12
32 14
32 15
32 21
32 27
32 29
32 32
32 35
32 38
32 39
32 42
32 46
32 51
32 57
32 65
32 67
32 68
32 77
32 79
33 1
33 4
33 6
33 10
33 11
33 15
33 17
33 22
33 27
33 29
33 30
33 33
33 34
33 35
33 36
33 44
33 45
33 49
33 53
33 54
33 59
33 62
34 1
34 2
34 3
34 4
34 8
34 20
34 22
34 30
34 36
34 53
34 61
34 62
34 64
34 65
34 67
34 75
34 76
34 78
35 0
35 3
35 7
35 10
35 13
35 15
35 18
35 27
35 32
35 41
35 42
35 45
35 58
35 59
35 70
36 3
36 4
36 10
36 16
36 17
36 21
36 23
36 24
36 25
36 35
36 38
36 41
36 48
36 56
36 58
36 68
36 69
36 77
37 5
37 38
37 40
37 45
37 60
37 61
37 66
37 73
38 5
38 6
38 7
38 15
38 16
38 22
38 32
38 35
38 36
38 37
38 44
38 48
38 49
38 52
38 54
38 62
38 63
38 65
38 73
38 74
38 78
39 4
39 9
39 13
39 16
39 22
39 26
39 27
39 28
39 43
39 53
39 60
39 62
39 64
39 77
40 5
40 14
40 19
40 22
40 26
40 30
40 59
40 62
40 63
40 64
40 70
40 77
40 78
41 9
41 17
41 21
41 29
41 30
41 31
41 32
41 34
41 37
41 43
41 59
41 60
41 64
41 67
41 68
41 69
41 74
42 0
42 2
42 4
42 5
42 6
42 14
42 18
42 27
42 34
42 37
42 41
42 45
42 46
42 54
42 55
42 56
42 57
42 60
42 61
42 62
43 8
43 18
43 28
43 34
43 46
43 48
43 52
43 53
43 59
43 64
43 75
44 14
44 17
44 19
44 23
44 28
44 39
44 44
44 45
44 49
44 53
44 66
44 70
44 76
45 1
45 6
45 8
45 10
45 12
45 29
45 35
45 37
45 43
45 47
45 49
45 50
45 55
45 58
45 59
45 65
45 70
45 73
45 75
46 6
46 20
46 26
46 40
46 50
46 70
47 1
47 11
47 17
47 26
47 28
47 41
47 68
47 72
47 74
48 0
48 4
48 24
48 30
48 40
48 51
48 52
48 54
48 63
48 70
48 74
48 75
49 12
49 15
49 20
49 24
49 29
49 36
49 48
49 53
49 57
49 62
49 69
49 71
49 74
49 79
50 1
50 5
50 7
50 10
50 13
50 14
50 15
50 20
50 22
50 24
50 27
50 31
50 34
50 35
50 40
50 41
50 44
50 45
50 54
50 60
50 61
50 68
50 70
50 73
51 4
51 5
51 6
51 14
51 17
51 20
51 22
51 28
51 34
51 38
51 45
51 46
51 48
51 55
51 61
51 66
51 70
51 79
52 4
52 6
52 7
52 11
52 14
52 16
52 17
52 25
52 28
52 30
52 37
52 42
52 44
52 51
52 53
52 56
52 57
52 70
52 72
52 73
53 8
53 12
53 13
53 14
53 15
53 16
53 29
53 32
53 42
53 49
53 63
53 64
54 4
54 6
54 10
54 17
54 40
54 45
54 56
54 60
54 61
54 63
54 64
54 68
54 74
55 16
55 19
55 20
55 24
55 26
55 39
55 42
55 44
55 48
55 50
55 55
55 56
55 61
55 62
55 70
55 75
55 78
55 79
56 6
56 8
56 18
56 28
56 30
56 38
56 49
56 51
56 52
56 54
56 55
56 71
56 72
56 76
56 79
57 3
57 4
57 12
57 26
57 28
57 39
57 43
57 46
57 59
57 68
57 74
57 79
58 5
58 7
58 8
58 13
58 19
58 22
58 25
58 29
58 32
58 38
58 42
58 43
58 50
58 51
58 58
58 59
58 68
58 76
59 1
59 5
59 6
59 9
59 10
59 20
59 21
59 27
59 28
59 32
59 33
59 39
59 43
59 45
59 47
59 54
59 74
60 0
60 3
60 14
60 15
60 22
60 31
60 41
60 42
60 49
60 52
60 55
60 60
60 77
61 4
61 7
61 26
61 31
61 32
61 33
61 43
61 48
61 53
61 62
61 64
61 66
61 67
61 76
62 3
62 15
62 24
62 26
62 31
62 36
62 39
62 41
62 42
62 44
62 46
62 52
62 55
62 60
62 63
62 65
62 69
62 72
62 73
62 74
62 78
63 5
63 6
63 25
63 33
63 36
63 39
63 42
63 60
63 65
63 68
63 71
63 74
63 78
64 4
64 6
64 7
64 8
64 13
64 15
64 24
64 28
64 31
64 33
64 37
64 46
64 58
64 64
64 68
64 71
64 74
64 76
64 78
64 79
65 15
65 17
65 18
65 21
65 30
65 33
65 34
65 35
65 36
65 39
65 41
65 45
65 46
65 49
65 50
65 70
65 71
65 74
65 79
66 6
66 7
66 9
66 13
66 19
66 29
66 31
66 33
66 34
66 37
66 41
66 45
66 48
66 52
66 53
66 54
66 58
66 59
66 60
66 66
66 69
66 71
67 14
67 15
67 18
67 22
67 26
67 29
67 31
67 33
67 34
67 36
67 39
67 50
67 60
67 71
67 79
68 0
68 9
68 10
68 11
68 14
68 23
68 30
68 33
68 36
68 41
68 43
68 44
68 47
68 52
68 62
68 72
68 77
68 79
69 1
69 4
69 7
69 11
69 15
69 23
69 25
69 27
69 33
69 38
69 46
69 49
69 54
69 60
69 64
69 72
70 0
70 4
70 7
70 8
70 11
70 13
70 17
70 19
70 21
70 24
70 25
70 30
70 31
70 34
70 35
70 43
70 45
70 55
70 58
70 71
70 74
71 0
71 15
71 19
71 20
71 21
71 22
71 26
71 31
71 35
71 41
71 44
71 53
71 58
71 60
71 62
71 71
72 6
72 7
72 17
72 31
72 39
72 48
72 53
72 60
72 64
72 66
73 4
73 5
73 13
73 17
73 22
73 30
73 40
73 56
73 62
73 68
73 73
73 75
74 8
74 11
74 17
74 25
74 30
74 34
74 35
74 40
74 45
74 47
74 51
74 58
75 10
75 13
75 28
75 30
75 37
75 39
75 45
75 49
75 53
75 58
75 59
75 67
76 2
76 17
76 21
76 22
76 27
76 42
76 48
76 55
76 57
76 60
76 63
76 65
76 67
76 77
76 78
77 4
77 11
77 15
77 24
77 28
77 29
77 38
77 44
77 55
77 59
77 67
77 73
77 74
77 77
78 3
78 6
78 18
78 19
78 22
78 23
78 30
78 31
78 38
78 44
78 48
78 58
78 61
78 66
78 67
78 74
78 77
79 4
79 6
79 20
79 21
79 38
79 39
79 40
79 44
79 47
79 61
79 70
79 71
79 73
79 74
