70
966
0 0
0 1
0 3
0 5
0 7
0 37
0 38
0 52
0 54
0 55
0 63
0 67
1 5
1 7
1 11
1 12
1 18
1 20
1 23
1 25
1 30
1 31
1 39
1 44
1 45
1 46
1 47
1 49
1 50
1 51
1 53
2 1
2 6
2 8
2 13
2 14
2 20
2 30
2 39
2 47
2 48
2 50
2 51
2 67
3 0
3 2
3 15
3 24
3 25
3 30
3 31
3 38
3 39
3 44
3 45
3 51
3 63
3 65
3 67
4 4
4 6
4 10
4 13
4 14
4 24
4 50
4 52
4 62
4 65
5 8
5 22
5 23
5 42
5 44
5 46
5 54
5 56
5 57
5 62
5 65
6 0
6 6
6 7
6 26
6 28
6 30
6 31
6 48
6 59
6 69
7 3
7 5
7 14
7 15
7 24
7 25
7 26
7 29
7 41
7 44
7 47
7 54
7 57
7 63
7 66
8 0
8 1
8 2
8 5
8 7
8 10
8 14
8 19
8 30
8 37
8 45
8 50
8 55
8 58
8 59
8 60
8 69
9 0
9 2
9 8
9 9
9 13
9 14
9 18
9 29
9 36
9 37
9 41
9 42
9 43
9 45
9 48
9 51
9 52
9 63
9 67
10 1
10 3
10 15
10 17
10 20
10 25
10 35
10 37
10 48
10 57
10 65
11 6
11 10
11 17
11 21
11 23
11 30
11 32
11 34
11 38
11 64
12 25
12 28
12 34
12 36
12 37
12 39
12 48
12 49
12 57
12 61
12 64
12 66
13 6
13 7
13 9
13 12
13 22
13 23
13 25
13 30
13 51
13 67
13 68
14 1
14 2
14 5
14 6
14 7
14 12
14 13
14 16
14 30
14 34
14 36
14 38
14 39
14 47
14 49
14 50
14 58
14 63
14 64
14 67
14 69
15 3
15 4
15 5
15 8
15 12
15 17
15 21
15 27
15 37
15 41
15 46
15 50
15 56
15 60
15 62
15 68
16 3
16 4
16 7
16 10
16 19
16 24
16 32
16 33
16 35
16 37
16 38
16 39
16 42
16 47
16 52
16 57
16 60
16 63
16 65
16 66
17 0
17 10
17 16
17 17
17 20
17 24
17 35
17 43
17 48
17 49
17 58
17 65
18 7
18 10
18 16
18 21
18 26
18 28
18 37
18 63
19 0
19 1
19 14
19 16
19 17
19 25
19 27
19 31
19 36
19 39
19 40
19 46
19 50
19 53
19 56
19 57
20 3
20 9
20 10
20 13
20 16
20 29
20 34
20 35
20 44
20 55
20 60
20 65
21 5
21 20
21 32
21 41
21 42
21 50
21 55
21 59
21 60
21 63
22 5
22 7
22 13
22 36
22 38
22 41
22 43
22 53
22 57
22 69
23 1
23 5
23 16
23 22
23 27
23 29
23 53
23 55
23 58
23 59
23 63
23 64
24 4
24 6
24 19
24 25
24 43
24 45
24 51
24 56
24 67
25 1
25 17
25 18
25 24
25 34
25 41
25 45
25 48
25 54
25 56
25 58
25 64
25 67
26 6
26 15
26 17
26 19
26 26
26 27
26 30
26 32
26 37
26 39
26 53
26 59
26 60
27 3
27 7
27 9
27 16
27 20
27 29
27 38
27 39
27 51
27 53
27 57
28 1
28 3
28 17
28 20
28 22
28 31
28 35
28 38
28 40
28 57
28 59
28 62
28 64
28 69
29 17
29 36
29 37
29 42
29 45
29 56
29 58
29 64
30 3
30 7
30 9
30 12
30 14
30 15
30 25
30 33
30 36
30 44
30 50
30 51
30 52
30 59
30 66
30 68
31 2
31 8
31 23
31 33
31 39
31 48
31 57
31 64
31 68
32 1
32 2
32 7
32 9
32 12
32 14
32 18
32 22
32 25
32 28
32 29
32 31
32 38
32 41
32 53
32 55
32 58
33 2
33 4
33 16
33 19
33 30
33 45
33 48
33 49
33 51
33 60
33 63
33 64
33 67
34 3
34 11
34 24
34 25
34 26
34 29
34 37
34 43
34 48
34 52
34 57
34 60
35 3
35 6
35 9
35 14
35 20
35 30
35 37
35 42
35 46
35 57
36 2
36 7
36 14
36 20
36 23
36 37
36 40
36 41
36 42
36 43
36 47
36 48
36 53
36 56
36 60
36 68
37 11
37 17
37 22
37 30
37 35
37 36
37 38
37 51
37 52
37 63
37 64
38 0
38 10
38 13
38 15
38 28
38 45
38 48
38 56
38 58
38 65
39 6
39 7
39 17
39 25
39 56
39 58
39 61
39 63
39 67
40 0
40 1
40 17
40 18
40 19
40 22
40 26
40 30
40 37
40 41
40 43
40 44
40 49
40 50
40 52
40 55
40 57
40 58
40 59
40 63
41 1
41 3
41 8
41 10
41 12
41 15
41 17
41 20
41 22
41 27
41 34
41 35
41 36
41 39
41 43
41 54
41 61
41 65
42 10
42 11
42 14
42 22
42 25
42 27
42 29
42 44
42 46
42 47
42 48
42 64
43 3
43 5
43 7
43 10
43 14
43 16
43 18
43 20
43 21
43 22
43 29
43 31
43 32
43 43
43 53
43 62
43 63
43 65
43 69
44 0
44 14
44 18
44 24
44 30
44 31
44 51
44 55
44 64
44 65
44 67
45 2
45 6
45 7
45 13
45 18
45 19
45 20
45 21
45 25
45 26
45 30
45 32
45 33
45 44
45 56
45 57
45 61
45 65
45 67
45 68
45 69
46 3
46 4
46 9
46 10
46 11
46 14
46 15
46 17
46 19
46 27
46 40
46 43
46 46
46 55
46 58
46 60
46 64
47 7
47 14
47 18
47 19
47 21
47 26
47 27
47 33
47 35
47 36
47 41
47 53
47 58
48 1
48 5
48 7
48 12
48 19
48 21
48 27
48 30
48 34
48 36
48 37
48 40
48 51
48 56
48 63
48 65
48 66
48 69
49 1
49 2
49 6
49 16
49 41
49 45
49 48
49 53
49 55
49 56
49 59
50 4
50 9
50 11
50 12
50 13
50 37
50 42
50 43
50 51
50 53
50 55
50 68
50 69
51 1
51 10
51 11
51 18
51 25
51 34
51 40
51 45
51 61
51 64
51 66
52 1
52 9
52 12
52 15
52 31
52 37
52 45
52 61
52 67
52 69
53 0
53 3
53 5
53 6
53 7
53 8
53 16
53 20
53 22
53 27
53 32
53 36
53 41
53 43
53 44
53 46
53 48
53 58
53 61
54 1
54 5
54 8
54 10
54 11
54 13
54 19
54 29
54 31
54 33
54 37
54 41
54 43
54 45
54 65
54 68
55 1
55 2
55 9
55 18
55 20
55 21
55 36
55 60
55 65
56 5
56 22
56 31
56 44
56 48
56 62
56 66
56 67
57 3
57 15
57 20
57 21
57 27
57 28
57 30
57 31
57 35
57 36
57 37
57 50
57 52
57 53
57 58
57 69
58 1
58 2
58 3
58 5
58 13
58 17
58 19
58 27
58 28
58 30
58 31
58 35
58 36
58 39
58 48
58 49
58 50
58 51
58 52
58 57
58 61
58 67
59 3
59 6
59 22
59 24
59 25
59 30
59 31
59 39
59 46
59 55
59 56
59 65
60 0
60 3
60 8
60 9
60 14
60 20
60 21
60 23
60 25
60 32
60 39
60 46
60 49
60 51
60 54
60 56
60 64
61 0
61 3
61 11
61 12
61 13
61 21
61 29
61 31
61 35
61 36
61 48
61 51
61 58
62 10
62 16
62 20
62 21
62 28
62 29
62 34
62 36
62 41
62 54
62 55
62 60
62 61
62 62
62 68
63 11
63 15
63 16
63 24
63 26
63 31
63 33
63 36
63 37
63 40
63 43
63 44
63 50
63 52
63 55
63 56
63 58
63 59
63 62
63 63
63 64
64 0
64 9
64 19
64 20
64 24
64 28
64 30
64 43
64 45
64 48
64 56
64 67
64 68
65 1
65 2
65 12
65 14
65 18
65 25
65 30
65 36
65 37
65 39
65 45
65 47
65 51
65 55
65 64
66 0
66 4
66 6
66 9
66 19
66 22
66 29
66 32
66 43
66 53
66 57
66 58
66 59
66 60
66 69
67 5
67 7
67 9
67 12
67 15
67 20
67 24
67 28
67 30
67 41
67 44
67 49
67 51
67 52
67 56
67 58
67 65
67 67
68 3
68 5
68 7
68 10
68 11
68 16
68 30
68 32
68 35
68 43
68 51
68 55
68 63
68 69
69 3
69 13
69 18
69 21
69 30
69 34
69 37
69 40
69 42
69 43
69 47
69 52
69 53
69 60
69 65
69 66
