100
1980
0 6
0 7
0 11
0 12
0 13
0 16
0 18
0 24
0 33
0 38
0 41
0 42
0 47
0 55
0 58
0 60
0 64
0 83
0 86
0 93
1 3
1 7
1 13
1 21
1 23
1 24
1 34
1 35
1 40
1 44
1 51
1 54
1 55
1 59
1 61
1 62
1 72
1 76
1 84
1 85
1 86
1 91
1 94
1 98
2 1
2 5
2 6
2 7
2 9
2 15
2 22
2 25
2 27
2 32
2 34
2 43
2 45
2 56
2 63
2 64
2 67
2 73
2 79
2 92
3 0
3 1
3 4
3 7
3 9
3 10
3 19
3 21
3 24
3 34
3 37
3 41
3 47
3 48
3 54
3 73
3 80
3 93
4 2
4 4
4 8
4 12
4 23
4 32
4 35
4 37
4 53
4 54
4 58
4 59
4 62
4 63
4 72
4 82
4 86
4 88
4 94
4 95
4 97
5 5
5 11
5 14
5 19
5 22
5 24
5 30
5 35
5 37
5 41
5 43
5 63
5 71
5 74
5 79
5 81
5 89
5 92
5 96
5 98
6 1
6 2
6 5
6 8
6 10
6 15
6 16
6 19
6 20
6 28
6 31
6 36
6 44
6 53
6 56
6 59
6 63
6 66
6 70
6 74
6 75
6 87
6 89
6 98
6 99
7 2
7 8
7 26
7 43
7 45
7 46
7 61
7 69
7 70
7 77
7 87
7 95
7 98
8 2
8 10
8 13
8 14
8 28
8 29
8 31
8 34
8 46
8 50
8 51
8 54
8 59
8 61
8 62
8 76
8 83
8 97
9 2
9 7
9 8
9 9
9 13
9 18
9 22
9 24
9 29
9 33
9 36
9 41
9 44
9 46
9 50
9 54
9 62
9 66
9 70
9 75
9 80
9 85
9 91
9 94
10 0
10 3
10 4
10 7
10 9
10 13
10 20
10 30
10 32
10 35
10 37
10 40
10 61
10 79
10 80
10 82
10 89
10 94
10 95
11 3
11 4
11 8
11 9
11 17
11 18
11 19
11 23
11 25
11 30
11 33
11 43
11 47
11 49
11 55
11 65
11 80
11 81
11 86
11 87
11 93
11 95
11 96
12 18
12 25
12 27
12 28
12 31
12 32
12 35
12 39
12 49
12 55
12 68
12 75
12 77
12 82
12 84
12 86
12 90
12 92
12 97
13 2
13 3
13 4
13 7
13 8
13 21
13 31
13 35
13 37
13 42
13 45
13 48
13 54
13 80
13 89
13 92
13 93
14 2
14 4
14 18
14 19
14 35
14 37
14 40
14 43
14 49
14 56
14 58
14 67
14 69
14 80
15 0
15 7
15 11
15 28
15 44
15 56
15 59
15 72
15 73
15 83
15 84
15 86
15 88
15 93
16 2
16 14
16 25
16 26
16 30
16 33
16 38
16 40
16 41
16 44
16 51
16 54
16 63
16 83
16 85
16 95
17 21
17 24
17 34
17 36
17 53
17 59
17 63
17 67
17 68
17 69
17 70
17 72
17 81
17 95
17 98
18 7
18 10
18 11
18 13
18 16
18 20
18 26
18 31
18 32
18 37
18 40
18 47
18 51
18 57
18 59
18 63
18 66
18 79
18 91
18 92
18 96
19 6
19 12
19 13
19 19
19 24
19 27
19 38
19 39
19 42
19 47
19 53
19 60
19 66
19 69
19 75
19 76
19 78
19 80
19 83
19 84
19 87
19 88
19 92
19 97
19 99
20 0
20 15
20 29
20 38
20 44
20 47
20 61
20 81
20 95
20 96
20 97
20 99
21 15
21 24
21 37
21 46
21 47
21 48
21 49
21 55
21 59
21 60
21 65
21 66
21 70
21 73
21 78
21 82
21 95
21 99
22 1
22 3
22 23
22 28
22 30
22 47
22 52
22 65
22 78
22 89
22 90
22 91
23 23
23 25
23 30
23 34
23 44
23 49
23 51
23 52
23 56
23 64
23 67
23 72
23 76
23 86
23 94
23 97
23 98
24 13
24 14
24 27
24 34
24 36
24 40
24 43
24 60
24 63
24 66
24 68
24 79
24 80
24 85
24 89
24 91
24 92
25 3
25 4
25 10
25 14
25 15
25 19
25 24
25 27
25 38
25 42
25 53
25 61
25 65
25 74
25 75
25 79
25 85
25 97
25 99
26 5
26 10
26 13
26 14
26 15
26 16
26 18
26 20
26 22
26 25
26 34
26 36
26 42
26 43
26 47
26 48
26 49
26 58
26 66
26 78
26 79
26 80
26 85
26 86
26 91
26 98
27 0
27 2
27 13
27 27
27 30
27 31
27 33
27 49
27 56
27 60
27 62
27 77
27 82
27 88
27 93
27 98
28 2
28 3
28 4
28 14
28 18
28 22
28 30
28 40
28 44
28 46
28 49
28 59
28 67
28 75
28 81
28 86
28 94
29 0
29 1
29 7
29 10
29 12
29 18
29 20
29 32
29 44
29 50
29 60
29 63
29 68
29 74
29 91
29 98
30 2
30 3
30 16
30 18
30 19
30 23
30 31
30 38
30 45
30 46
30 52
30 57
30 61
30 64
30 69
30 71
30 77
30 78
30 86
30 90
30 93
31 6
31 18
31 19
31 23
31 28
31 29
31 36
31 37
31 49
31 50
31 67
31 68
31 71
31 73
31 75
31 85
31 89
31 93
31 99
32 17
32 20
32 22
32 27
32 36
32 50
32 55
32 57
32 58
32 60
32 64
32 66
32 72
32 84
32 85
32 88
32 89
32 98
33 4
33 15
33 19
33 20
33 36
33 40
33 47
33 48
33 49
33 50
33 51
33 55
33 57
33 70
33 74
33 79
33 81
33 89
33 90
33 98
33 99
34 11
34 17
34 19
34 21
34 22
34 23
34 25
34 26
34 28
34 33
34 37
34 41
34 42
34 46
34 56
34 61
34 63
34 72
34 74
34 75
34 77
34 82
34 83
34 88
34 89
34 99
35 1
35 10
35 14
35 19
35 23
35 30
35 35
35 49
35 61
35 75
35 86
35 94
36 5
36 9
36 14
36 15
36 18
36 19
36 33
36 34
36 39
36 43
36 44
36 46
36 47
36 53
36 58
36 63
36 77
36 78
36 83
36 85
36 90
36 91
36 92
36 93
36 99
37 6
37 16
37 18
37 26
37 28
37 30
37 31
37 32
37 36
37 40
37 41
37 45
37 47
37 48
37 64
37 82
37 83
37 86
37 91
37 92
37 95
38 2
38 4
38 8
38 16
38 27
38 31
38 36
38 39
38 40
38 41
38 42
38 50
38 68
38 75
38 78
38 84
38 88
38 92
39 5
39 11
39 23
39 24
39 26
39 27
39 30
39 42
39 45
39 50
39 56
39 63
39 69
39 71
39 72
39 87
39 88
39 91
39 92
39 95
40 2
40 5
40 8
40 10
40 21
40 26
40 33
40 36
40 49
40 50
40 52
40 56
40 66
40 73
40 76
40 81
40 82
40 83
40 85
40 90
40 92
40 95
41 0
41 3
41 11
41 15
41 27
41 32
41 41
41 43
41 49
41 51
41 56
41 66
41 74
41 75
41 85
41 91
41 92
41 99
42 0
42 4
42 7
42 15
42 18
42 34
42 35
42 37
42 39
42 41
42 42
42 51
42 54
42 60
42 66
42 73
42 77
42 82
42 88
42 90
42 99
43 1
43 18
43 27
43 29
43 32
43 41
43 43
43 48
43 52
43 53
43 56
43 57
43 58
43 65
43 68
43 79
43 84
43 87
43 88
44 1
44 4
44 5
44 17
44 20
44 21
44 22
44 28
44 34
44 35
44 45
44 48
44 51
44 55
44 56
44 64
44 65
44 67
44 74
44 81
44 86
44 90
44 94
44 96
44 97
45 0
45 4
45 9
45 10
45 14
45 17
45 41
45 42
45 44
45 55
45 64
45 71
45 74
45 80
45 84
45 87
45 89
45 93
45 94
45 97
45 99
46 8
46 18
46 22
46 26
46 29
46 30
46 32
46 35
46 39
46 46
46 48
46 49
46 61
46 65
46 70
46 71
46 82
46 83
46 91
46 92
46 99
47 1
47 2
47 15
47 21
47 22
47 27
47 28
47 29
47 31
47 37
47 39
47 42
47 44
47 49
47 86
47 90
47 93
47 94
47 95
47 97
48 6
48 12
48 17
48 20
48 28
48 30
48 34
48 35
48 36
48 49
48 50
48 52
48 62
48 65
48 72
48 74
48 75
48 79
48 81
48 82
48 90
48 92
48 98
49 4
49 16
49 21
49 33
49 34
49 37
49 58
49 71
49 78
49 85
49 90
49 93
49 95
50 0
50 19
50 30
50 35
50 37
50 47
50 50
50 54
50 62
50 76
50 85
50 89
50 90
50 97
51 9
51 12
51 16
51 21
51 23
51 30
51 41
51 43
51 46
51 51
51 52
51 61
51 76
51 87
51 90
51 96
51 98
52 1
52 3
52 5
52 8
52 11
52 12
52 13
52 22
52 29
52 30
52 35
52 37
52 40
52 42
52 44
52 51
52 56
52 58
52 59
52 61
52 76
52 78
52 88
52 90
52 94
52 95
53 4
53 5
53 9
53 11
53 14
53 23
53 28
53 33
53 34
53 40
53 41
53 47
53 49
53 56
53 58
53 59
53 63
53 66
53 67
53 72
53 75
53 79
53 80
53 87
53 92
53 96
54 1
54 4
54 5
54 18
54 22
54 26
54 30
54 38
54 40
54 41
54 45
54 46
54 47
54 68
54 77
54 82
54 83
54 85
54 87
54 88
54 96
54 97
55 1
55 12
55 13
55 26
55 38
55 44
55 45
55 46
55 57
55 61
55 62
55 65
55 67
55 71
55 75
55 77
55 88
55 91
55 92
55 96
56 0
56 5
56 9
56 13
56 14
56 17
56 18
56 19
56 20
56 21
56 23
56 33
56 35
56 38
56 39
56 41
56 44
56 50
56 52
56 56
56 57
56 61
56 62
56 66
56 70
56 71
56 73
56 77
56 84
56 87
56 88
56 91
56 98
57 3
57 4
57 8
57 20
57 23
57 28
57 32
57 34
57 36
57 40
57 48
57 51
57 52
57 55
57 61
57 66
57 71
57 77
57 79
57 84
57 95
57 98
58 5
58 14
58 20
58 22
58 35
58 36
58 37
58 39
58 42
58 56
58 66
58 67
58 69
58 72
58 80
58 84
58 85
58 97
59 3
59 5
59 8
59 18
59 20
59 28
59 34
59 42
59 43
59 47
59 49
59 50
59 53
59 68
59 69
59 77
59 78
59 82
59 86
59 87
59 89
59 94
60 1
60 18
60 21
60 22
60 23
60 27
60 28
60 29
60 40
60 46
60 55
60 67
60 69
60 82
60 83
60 95
61 4
61 6
61 11
61 15
61 19
61 22
61 24
61 27
61 34
61 39
61 43
61 51
61 55
61 59
61 60
61 61
61 65
61 74
61 75
61 85
61 86
61 91
61 93
61 95
62 4
62 17
62 21
62 30
62 33
62 34
62 48
62 59
62 69
62 73
62 81
62 85
62 86
62 94
63 0
63 7
63 11
63 12
63 15
63 16
63 17
63 21
63 22
63 36
63 43
63 44
63 48
63 51
63 56
63 59
63 69
63 77
63 84
63 86
63 87
63 89
63 94
64 5
64 10
64 16
64 17
64 22
64 24
64 33
64 38
64 45
64 56
64 67
64 71
64 88
64 95
65 2
65 24
65 26
65 28
65 34
65 35
65 37
65 40
65 43
65 48
65 49
65 51
65 52
65 56
65 57
65 59
65 60
65 68
65 69
65 76
65 80
65 86
65 89
65 90
65 92
65 93
66 6
66 8
66 10
66 16
66 19
66 28
66 29
66 32
66 39
66 42
66 45
66 48
66 57
66 58
66 65
66 78
66 82
66 83
66 85
66 91
66 93
66 95
67 2
67 17
67 18
67 25
67 30
67 32
67 34
67 46
67 52
67 53
67 54
67 71
67 72
67 79
67 85
67 96
68 2
68 3
68 11
68 20
68 31
68 33
68 34
68 38
68 42
68 46
68 52
68 54
68 57
68 58
68 63
68 76
68 78
68 84
68 99
69 2
69 5
69 12
69 15
69 16
69 17
69 18
69 19
69 22
69 39
69 40
69 43
69 48
69 50
69 53
69 62
69 67
69 69
69 71
69 74
69 76
69 80
69 82
69 84
69 91
69 99
70 1
70 5
70 7
70 14
70 21
70 37
70 38
70 43
70 53
70 60
70 62
70 65
70 68
70 75
70 84
70 89
70 93
71 4
71 8
71 11
71 14
71 17
71 19
71 20
71 37
71 39
71 44
71 48
71 57
71 58
71 62
71 63
71 65
71 66
71 70
71 73
71 75
71 78
71 79
71 81
71 87
71 90
72 3
72 6
72 9
72 13
72 23
72 24
72 30
72 45
72 48
72 52
72 54
72 62
72 63
72 69
72 71
72 75
72 78
72 86
72 92
72 96
72 97
73 19
73 34
73 37
73 45
73 47
73 51
73 52
73 53
73 54
73 55
73 56
73 57
73 64
73 72
73 79
73 85
73 90
73 95
74 2
74 12
74 19
74 26
74 31
74 41
74 49
74 52
74 54
74 57
74 68
74 70
74 71
74 72
74 74
74 76
74 94
75 1
75 3
75 10
75 18
75 26
75 29
75 31
75 43
75 44
75 49
75 55
75 58
75 68
75 71
75 74
75 78
75 81
75 83
75 85
75 95
75 97
75 99
76 3
76 9
76 21
76 25
76 32
76 35
76 36
76 42
76 43
76 47
76 48
76 49
76 51
76 67
76 74
76 75
76 85
76 94
76 99
77 0
77 1
77 2
77 7
77 21
77 25
77 35
77 36
77 40
77 46
77 48
77 58
77 69
77 84
77 88
77 89
77 94
78 0
78 3
78 4
78 7
78 13
78 14
78 18
78 25
78 30
78 32
78 41
78 44
78 53
78 81
78 89
78 94
78 99
79 0
79 4
79 7
79 13
79 20
79 23
79 27
79 30
79 33
79 34
79 35
79 37
79 38
79 49
79 52
79 57
79 59
79 61
79 63
79 73
79 78
79 80
80 0
80 3
80 11
80 12
80 26
80 41
80 42
80 43
80 51
80 52
80 53
80 62
80 68
81 6
81 8
81 13
81 15
81 20
81 31
81 35
81 44
81 62
81 67
81 70
81 75
81 76
81 79
81 84
81 85
81 86
81 94
81 98
81 99
82 3
82 8
82 13
82 17
82 19
82 24
82 40
82 44
82 52
82 55
82 63
82 64
82 70
82 73
82 79
82 80
82 83
82 85
82 87
82 88
82 89
82 92
82 93
83 3
83 4
83 9
83 15
83 17
83 23
83 27
83 37
83 41
83 42
83 43
83 50
83 54
83 56
83 57
83 69
83 80
83 91
83 93
83 95
83 97
83 99
84 2
84 16
84 17
84 33
84 35
84 40
84 43
84 54
84 58
84 69
84 73
84 74
84 82
84 83
84 96
84 97
85 6
85 10
85 11
85 15
85 21
85 23
85 30
85 31
85 34
85 36
85 41
85 47
85 48
85 67
85 69
85 77
85 83
85 89
85 96
85 97
86 0
86 2
86 11
86 14
86 20
86 21
86 36
86 40
86 62
86 66
86 73
86 74
86 77
86 92
86 95
87 1
87 8
87 12
87 13
87 16
87 17
87 25
87 32
87 44
87 45
87 46
87 47
87 50
87 51
87 52
87 55
87 62
87 67
87 69
87 72
87 79
87 87
87 88
87 90
87 94
88 0
88 1
88 5
88 6
88 20
88 21
88 39
88 42
88 47
88 50
88 51
88 52
88 58
88 62
88 65
88 75
88 83
88 84
88 88
88 90
88 92
88 95
88 96
88 98
89 3
89 6
89 19
89 26
89 36
89 40
89 41
89 56
89 62
89 69
89 72
89 79
89 88
89 91
89 97
90 1
90 6
90 8
90 18
90 28
90 31
90 33
90 36
90 46
90 52
90 53
90 60
90 78
90 87
90 89
90 95
90 97
91 6
91 10
91 18
91 21
91 27
91 30
91 36
91 37
91 41
91 44
91 45
91 48
91 49
91 52
91 56
91 58
91 59
91 61
91 62
91 64
91 69
91 71
91 72
91 74
91 76
91 79
91 80
91 82
91 84
91 85
91 88
91 97
92 8
92 17
92 27
92 29
92 36
92 38
92 43
92 59
92 66
92 72
92 75
92 77
92 79
92 81
92 87
92 92
92 94
92 99
93 0
93 1
93 2
93 3
93 5
93 6
93 18
93 19
93 22
93 23
93 27
93 28
93 29
93 39
93 40
93 42
93 45
93 46
93 48
93 54
93 61
93 68
93 74
93 75
93 81
93 87
93 90
93 93
93 94
93 97
94 6
94 15
94 18
94 22
94 24
94 33
94 38
94 39
94 41
94 50
94 61
94 74
94 78
94 82
94 88
94 91
94 94
94 99
95 3
95 21
95 28
95 29
95 34
95 35
95 43
95 44
95 48
95 51
95 55
95 59
95 64
95 72
95 85
95 86
95 93
96 0
96 2
96 5
96 11
96 16
96 18
96 31
96 33
96 37
96 40
96 44
96 49
96 50
96 54
96 60
96 64
96 69
96 76
96 78
96 85
96 87
96 89
96 90
96 91
97 1
97 3
97 12
97 19
97 26
97 29
97 32
97 34
97 35
97 37
97 58
97 60
97 66
97 67
97 68
97 70
97 74
97 85
97 89
97 96
97 97
98 0
98 9
98 11
98 13
98 30
98 32
98 35
98 37
98 41
98 42
98 50
98 56
98 57
98 64
98 65
98 68
98 83
98 84
98 89
98 94
98 98
99 0
99 1
99 17
99 20
99 22
99 23
99 36
99 48
99 49
99 50
99 63
99 64
99 65
99 86
