170
5746
0 0
0 1
0 6
0 8
0 10
0 14
0 17
0 18
0 21
0 30
0 33
0 35
0 37
0 41
0 48
0 51
0 52
0 61
0 64
0 70
0 71
0 72
0 74
0 87
0 89
0 91
0 96
0 99
0 103
0 105
0 107
0 109
0 113
0 114
0 115
0 117
0 119
0 129
0 130
0 136
0 137
0 146
0 148
0 159
0 162
0 164
0 166
0 169
1 1
1 3
1 7
1 9
1 20
1 32
1 37
1 48
1 71
1 74
1 77
1 79
1 92
1 93
1 96
1 101
1 102
1 114
1 116
1 119
1 123
1 127
1 135
1 136
1 137
1 139
1 152
1 158
1 159
1 160
1 161
2 5
2 12
2 13
2 15
2 20
2 22
2 31
2 32
2 35
2 41
2 53
2 63
2 64
2 69
2 73
2 88
2 94
2 96
2 97
2 102
2 105
2 117
2 119
2 122
2 126
2 128
2 131
2 133
2 134
2 136
2 138
2 141
2 146
2 157
2 163
3 8
3 11
3 31
3 34
3 42
3 44
3 46
3 47
3 51
3 52
3 69
3 72
3 75
3 77
3 82
3 84
3 87
3 89
3 93
3 107
3 124
3 142
3 144
3 151
3 157
3 159
3 161
4 0
4 6
4 9
4 33
4 35
4 44
4 47
4 48
4 51
4 54
4 56
4 57
4 59
4 60
4 62
4 78
4 82
4 87
4 89
4 90
4 98
4 100
4 104
4 109
4 111
4 113
4 118
4 120
4 123
4 127
4 129
4 136
4 144
4 146
4 149
4 157
4 159
4 165
5 0
5 7
5 10
5 15
5 17
5 21
5 29
5 31
5 57
5 60
5 61
5 63
5 64
5 65
5 67
5 72
5 73
5 77
5 85
5 88
5 92
5 95
5 107
5 110
5 112
5 121
5 131
5 134
5 136
5 138
5 142
5 154
5 156
6 18
6 35
6 36
6 48
6 50
6 61
6 63
6 64
6 67
6 70
6 76
6 77
6 78
6 88
6 100
6 102
6 105
6 113
6 115
6 117
6 135
6 138
6 141
6 144
6 146
6 150
6 156
6 160
7 4
7 7
7 10
7 13
7 14
7 16
7 17
7 19
7 25
7 28
7 37
7 38
7 42
7 49
7 52
7 66
7 68
7 74
7 83
7 85
7 86
7 89
7 98
7 102
7 104
7 107
7 111
7 117
7 118
7 123
7 129
7 132
7 135
7 139
7 142
7 151
7 158
7 164
7 168
7 169
8 4
8 11
8 12
8 14
8 17
8 34
8 36
8 39
8 45
8 50
8 52
8 58
8 66
8 69
8 72
8 79
8 80
8 83
8 95
8 101
8 112
8 117
8 118
8 123
8 127
8 138
8 143
8 144
8 145
8 148
8 149
8 151
8 159
9 1
9 2
9 6
9 18
9 25
9 32
9 37
9 47
9 49
9 53
9 70
9 71
9 75
9 78
9 80
9 86
9 90
9 93
9 95
9 99
9 104
9 111
9 113
9 117
9 120
9 123
9 124
9 127
9 128
9 131
9 133
9 141
9 147
9 148
9 150
9 167
9 168
10 16
10 20
10 22
10 55
10 57
10 58
10 68
10 69
10 84
10 86
10 90
10 91
10 102
10 103
10 104
10 106
10 113
10 115
10 123
10 127
10 156
10 157
10 161
10 164
11 7
11 8
11 10
11 12
11 21
11 27
11 37
11 49
11 57
11 58
11 63
11 79
11 84
11 88
11 89
11 95
11 101
11 103
11 107
11 114
11 120
11 122
11 134
11 136
11 139
11 145
11 152
11 157
11 163
11 168
12 5
12 10
12 11
12 19
12 20
12 21
12 22
12 23
12 31
12 36
12 41
12 48
12 49
12 51
12 57
12 61
12 63
12 64
12 65
12 66
12 73
12 74
12 77
12 78
12 80
12 82
12 102
12 103
12 108
12 112
12 115
12 122
12 126
12 129
12 132
12 134
12 135
12 137
12 138
12 146
12 153
12 155
12 160
12 163
12 165
13 3
13 8
13 14
13 17
13 18
13 21
13 23
13 26
13 30
13 34
13 37
13 38
13 40
13 45
13 49
13 50
13 52
13 57
13 65
13 66
13 71
13 103
13 105
13 107
13 111
13 115
13 118
13 129
13 135
13 136
13 137
13 138
13 141
13 144
13 145
13 146
13 148
13 158
13 169
14 0
14 1
14 15
14 20
14 23
14 24
14 29
14 32
14 38
14 39
14 40
14 44
14 47
14 51
14 63
14 68
14 74
14 80
14 86
14 89
14 92
14 93
14 108
14 110
14 115
14 124
14 130
14 132
14 134
14 147
14 150
14 153
14 157
14 160
14 162
14 167
14 168
15 0
15 4
15 14
15 20
15 23
15 31
15 32
15 36
15 38
15 44
15 52
15 56
15 58
15 68
15 70
15 74
15 75
15 80
15 85
15 88
15 89
15 95
15 105
15 130
15 134
15 139
15 146
15 150
15 154
15 155
15 156
15 160
15 166
15 168
16 0
16 1
16 6
16 14
16 17
16 34
16 35
16 37
16 38
16 48
16 51
16 63
16 90
16 107
16 113
16 116
16 118
16 122
16 129
16 138
16 146
16 165
16 167
16 168
16 169
17 9
17 24
17 25
17 27
17 35
17 38
17 39
17 40
17 41
17 44
17 50
17 56
17 59
17 77
17 78
17 84
17 86
17 87
17 91
17 92
17 95
17 97
17 107
17 120
17 127
17 129
17 140
17 150
17 156
17 159
17 163
17 166
18 1
18 10
18 14
18 45
18 58
18 61
18 71
18 73
18 74
18 75
18 80
18 94
18 95
18 99
18 101
18 104
18 109
18 111
18 120
18 121
18 127
18 128
18 129
18 130
18 134
18 139
18 141
18 144
18 145
18 159
18 167
18 168
18 169
19 4
19 9
19 11
19 13
19 15
19 16
19 20
19 24
19 29
19 31
19 42
19 43
19 44
19 45
19 47
19 49
19 56
19 57
19 60
19 70
19 73
19 83
19 84
19 107
19 110
19 118
19 121
19 125
19 130
19 135
19 141
19 148
19 159
19 161
19 166
20 4
20 5
20 15
20 17
20 31
20 32
20 50
20 52
20 55
20 56
20 57
20 61
20 66
20 70
20 71
20 78
20 79
20 82
20 86
20 88
20 95
20 96
20 99
20 102
20 106
20 114
20 123
20 145
20 148
20 157
20 158
20 161
20 169
21 3
21 5
21 8
21 17
21 18
21 23
21 24
21 25
21 33
21 40
21 42
21 46
21 48
21 51
21 57
21 61
21 65
21 68
21 69
21 75
21 76
21 78
21 79
21 84
21 93
21 97
21 111
21 116
21 118
21 122
21 127
21 130
21 131
21 133
21 138
21 139
21 149
21 156
21 163
22 5
22 9
22 13
22 18
22 26
22 29
22 30
22 31
22 33
22 35
22 37
22 38
22 39
22 40
22 41
22 42
22 47
22 51
22 72
22 77
22 78
22 80
22 82
22 86
22 87
22 89
22 98
22 101
22 104
22 105
22 109
22 112
22 113
22 116
22 120
22 121
22 123
22 129
22 144
22 146
22 151
22 152
22 157
22 161
23 5
23 11
23 14
23 17
23 19
23 23
23 25
23 26
23 27
23 31
23 35
23 38
23 42
23 43
23 48
23 50
23 60
23 65
23 72
23 74
23 87
23 88
23 96
23 99
23 102
23 104
23 112
23 113
23 114
23 115
23 122
23 127
23 134
23 137
23 145
23 153
23 154
23 161
23 169
24 6
24 9
24 15
24 17
24 21
24 29
24 42
24 45
24 46
24 55
24 68
24 69
24 71
24 81
24 93
24 94
24 99
24 119
24 120
24 123
24 125
24 128
24 130
24 132
24 138
24 151
24 159
24 161
24 162
24 163
24 169
25 11
25 12
25 21
25 25
25 28
25 30
25 32
25 45
25 50
25 87
25 88
25 91
25 92
25 98
25 100
25 102
25 107
25 109
25 114
25 116
25 117
25 119
25 124
25 127
25 128
25 129
25 131
25 137
25 148
25 156
25 167
25 168
26 8
26 14
26 32
26 45
26 58
26 63
26 67
26 71
26 79
26 80
26 84
26 90
26 91
26 92
26 105
26 115
26 117
26 119
26 129
26 130
26 132
26 134
26 140
26 146
26 148
26 151
26 156
27 13
27 19
27 21
27 27
27 31
27 36
27 38
27 40
27 49
27 50
27 51
27 53
27 55
27 63
27 69
27 70
27 83
27 84
27 85
27 87
27 89
27 91
27 93
27 94
27 96
27 100
27 106
27 107
27 108
27 110
27 111
27 113
27 119
27 122
27 127
27 134
27 135
27 139
27 140
27 142
27 145
27 150
27 155
27 158
27 162
27 164
27 165
28 3
28 4
28 20
28 24
28 29
28 35
28 36
28 41
28 43
28 46
28 49
28 63
28 69
28 70
28 82
28 85
28 95
28 108
28 118
28 122
28 125
28 131
28 134
28 143
28 146
28 153
28 164
29 13
29 18
29 26
29 31
29 40
29 43
29 46
29 59
29 62
29 68
29 77
29 78
29 93
29 98
29 102
29 105
29 106
29 113
29 132
29 133
29 134
29 145
29 149
29 155
29 167
30 11
30 21
30 40
30 45
30 62
30 63
30 66
30 69
30 71
30 81
30 97
30 102
30 103
30 109
30 110
30 112
30 115
30 121
30 127
30 134
30 141
30 143
30 158
30 159
30 165
31 2
31 9
31 14
31 17
31 25
31 39
31 40
31 42
31 52
31 53
31 61
31 66
31 69
31 76
31 90
31 94
31 97
31 98
31 103
31 104
31 112
31 118
31 129
31 134
31 139
31 141
31 149
31 152
31 155
31 156
31 162
31 164
31 165
31 166
32 3
32 6
32 8
32 9
32 13
32 18
32 21
32 29
32 35
32 38
32 43
32 44
32 45
32 53
32 54
32 55
32 66
32 79
32 80
32 95
32 106
32 107
32 109
32 122
32 127
32 135
32 143
32 147
32 162
32 164
32 165
33 2
33 3
33 6
33 13
33 15
33 16
33 19
33 23
33 31
33 34
33 43
33 48
33 57
33 59
33 62
33 69
33 79
33 87
33 91
33 94
33 96
33 97
33 103
33 109
33 114
33 117
33 125
33 127
33 132
33 134
33 138
33 150
33 154
33 164
33 167
34 2
34 5
34 6
34 13
34 16
34 25
34 30
34 34
34 35
34 41
34 44
34 46
34 60
34 65
34 73
34 78
34 81
34 83
34 84
34 86
34 97
34 99
34 111
34 114
34 117
34 122
34 126
34 127
34 128
34 131
34 133
34 135
34 140
34 143
34 146
34 156
34 165
34 166
34 168
35 0
35 7
35 14
35 19
35 29
35 34
35 40
35 59
35 61
35 72
35 78
35 85
35 88
35 97
35 104
35 106
35 109
35 110
35 111
35 113
35 114
35 115
35 119
35 122
35 134
35 136
35 141
35 145
35 148
35 150
36 6
36 8
36 10
36 27
36 28
36 33
36 34
36 44
36 49
36 50
36 51
36 54
36 55
36 59
36 61
36 64
36 65
36 69
36 81
36 86
36 91
36 94
36 101
36 107
36 109
36 116
36 119
36 127
36 138
36 143
36 148
36 151
36 156
36 162
36 166
37 1
37 21
37 22
37 27
37 30
37 35
37 49
37 60
37 64
37 68
37 86
37 90
37 91
37 93
37 94
37 96
37 99
37 100
37 101
37 105
37 108
37 119
37 127
37 128
37 132
37 142
37 143
37 150
37 152
37 156
37 159
37 168
38 3
38 19
38 20
38 30
38 36
38 39
38 62
38 63
38 71
38 73
38 86
38 87
38 89
38 94
38 95
38 97
38 100
38 104
38 113
38 115
38 121
38 130
38 133
38 140
38 148
38 151
38 166
38 169
39 1
39 5
39 6
39 8
39 15
39 34
39 40
39 45
39 54
39 58
39 65
39 76
39 77
39 79
39 80
39 88
39 91
39 93
39 102
39 113
39 118
39 119
39 120
39 125
39 129
39 132
39 138
39 144
39 148
39 150
39 151
39 152
39 155
39 164
39 167
40 5
40 12
40 16
40 18
40 20
40 21
40 26
40 27
40 35
40 36
40 44
40 45
40 50
40 54
40 55
40 69
40 74
40 76
40 79
40 84
40 86
40 87
40 89
40 97
40 100
40 107
40 109
40 110
40 120
40 126
40 134
40 140
40 141
40 146
40 147
40 156
40 157
40 159
40 161
40 167
40 169
41 4
41 8
41 9
41 17
41 22
41 28
41 29
41 31
41 32
41 33
41 38
41 40
41 48
41 51
41 58
41 62
41 66
41 68
41 73
41 90
41 100
41 105
41 106
41 110
41 114
41 129
41 132
41 134
41 159
41 164
42 3
42 5
42 9
42 12
42 16
42 20
42 21
42 22
42 24
42 29
42 32
42 45
42 55
42 59
42 62
42 64
42 71
42 78
42 86
42 107
42 111
42 130
42 133
42 149
42 151
42 152
42 158
42 167
43 12
43 41
43 43
43 44
43 45
43 48
43 50
43 57
43 66
43 76
43 78
43 82
43 91
43 93
43 97
43 100
43 106
43 107
43 132
43 135
43 143
43 148
43 154
43 156
43 157
43 158
43 159
43 160
43 165
43 166
43 167
44 7
44 10
44 20
44 23
44 35
44 40
44 42
44 55
44 57
44 58
44 60
44 68
44 71
44 72
44 73
44 76
44 87
44 88
44 92
44 96
44 101
44 110
44 124
44 125
44 133
44 136
44 148
44 150
44 152
44 155
44 157
45 2
45 5
45 7
45 8
45 12
45 17
45 21
45 28
45 40
45 41
45 45
45 46
45 47
45 55
45 58
45 63
45 66
45 75
45 76
45 78
45 89
45 93
45 94
45 97
45 98
45 101
45 104
45 112
45 114
45 118
45 126
45 131
45 136
45 155
45 159
45 163
46 3
46 6
46 17
46 22
46 25
46 42
46 46
46 48
46 53
46 55
46 56
46 60
46 62
46 63
46 71
46 74
46 81
46 97
46 100
46 113
46 116
46 123
46 136
46 137
46 138
46 141
46 156
46 163
46 164
46 166
47 3
47 4
47 8
47 9
47 11
47 17
47 20
47 22
47 24
47 25
47 29
47 34
47 49
47 50
47 54
47 74
47 77
47 78
47 80
47 83
47 109
47 111
47 112
47 113
47 120
47 131
47 150
47 154
48 1
48 5
48 7
48 8
48 11
48 16
48 20
48 22
48 29
48 38
48 41
48 44
48 47
48 48
48 51
48 55
48 65
48 66
48 68
48 80
48 85
48 92
48 95
48 100
48 103
48 105
48 116
48 133
48 134
48 139
48 140
48 143
48 144
48 145
48 148
48 154
48 156
48 158
48 161
49 1
49 2
49 10
49 13
49 21
49 30
49 34
49 38
49 42
49 45
49 51
49 59
49 62
49 64
49 69
49 72
49 76
49 81
49 84
49 85
49 87
49 92
49 99
49 101
49 109
49 111
49 116
49 120
49 122
49 141
49 151
49 161
49 163
49 169
50 2
50 4
50 8
50 13
50 19
50 38
50 40
50 41
50 50
50 54
50 57
50 70
50 76
50 77
50 78
50 81
50 82
50 83
50 94
50 99
50 102
50 103
50 104
50 105
50 107
50 111
50 113
50 114
50 122
50 127
50 130
50 136
50 150
50 157
50 158
50 163
51 1
51 9
51 12
51 13
51 16
51 18
51 20
51 21
51 27
51 30
51 35
51 45
51 53
51 82
51 87
51 89
51 90
51 95
51 97
51 113
51 115
51 119
51 123
51 124
51 126
51 145
51 146
51 158
51 159
51 161
51 168
52 1
52 9
52 14
52 19
52 28
52 31
52 43
52 52
52 57
52 61
52 62
52 63
52 69
52 70
52 78
52 82
52 86
52 97
52 100
52 102
52 110
52 111
52 112
52 118
52 120
52 126
52 128
52 132
52 142
52 143
52 145
52 147
52 162
52 163
52 164
52 166
52 167
52 169
53 6
53 18
53 20
53 28
53 38
53 39
53 45
53 47
53 49
53 52
53 55
53 56
53 65
53 73
53 75
53 77
53 78
53 80
53 81
53 88
53 89
53 90
53 92
53 95
53 96
53 102
53 103
53 104
53 106
53 107
53 110
53 111
53 113
53 114
53 118
53 123
53 143
53 164
53 165
53 166
54 12
54 20
54 28
54 31
54 34
54 39
54 45
54 49
54 61
54 73
54 74
54 75
54 80
54 82
54 83
54 88
54 90
54 92
54 96
54 97
54 100
54 103
54 112
54 113
54 120
54 123
54 126
54 127
54 129
54 135
54 138
54 152
54 154
54 156
54 158
54 160
55 6
55 18
55 25
55 26
55 31
55 32
55 35
55 37
55 38
55 42
55 44
55 48
55 55
55 57
55 71
55 72
55 78
55 97
55 102
55 103
55 106
55 121
55 127
55 135
55 140
55 157
55 168
56 0
56 1
56 3
56 10
56 20
56 22
56 24
56 26
56 31
56 39
56 41
56 46
56 49
56 58
56 59
56 61
56 76
56 79
56 85
56 88
56 94
56 102
56 103
56 104
56 105
56 110
56 121
56 126
56 128
56 130
56 133
56 134
56 135
56 143
56 148
56 149
56 152
56 154
56 157
56 164
57 8
57 17
57 37
57 39
57 46
57 52
57 56
57 57
57 61
57 62
57 66
57 68
57 70
57 76
57 80
57 81
57 82
57 87
57 96
57 100
57 107
57 119
57 122
57 123
57 131
57 134
57 141
57 144
57 149
57 150
57 161
57 166
57 168
58 6
58 9
58 20
58 25
58 34
58 36
58 38
58 47
58 54
58 62
58 67
58 86
58 89
58 91
58 100
58 106
58 108
58 116
58 119
58 122
58 125
58 129
58 131
58 138
58 145
58 146
58 154
58 158
59 3
59 9
59 11
59 19
59 28
59 31
59 40
59 42
59 54
59 64
59 72
59 78
59 85
59 89
59 90
59 103
59 108
59 109
59 112
59 117
59 124
59 125
59 128
59 134
59 137
59 152
59 153
59 155
59 162
59 169
60 1
60 3
60 5
60 6
60 27
60 30
60 36
60 38
60 43
60 54
60 57
60 60
60 62
60 63
60 65
60 84
60 89
60 90
60 98
60 99
60 100
60 109
60 123
60 127
60 129
60 130
60 140
60 154
60 158
60 162
60 165
60 166
61 0
61 2
61 6
61 13
61 16
61 18
61 20
61 27
61 28
61 36
61 48
61 52
61 53
61 57
61 67
61 68
61 73
61 81
61 91
61 97
61 103
61 109
61 119
61 120
61 122
61 123
61 127
61 135
61 148
61 163
62 2
62 8
62 9
62 11
62 16
62 20
62 23
62 43
62 44
62 46
62 50
62 56
62 59
62 78
62 83
62 84
62 88
62 93
62 101
62 107
62 109
62 111
62 112
62 113
62 118
62 119
62 127
62 135
62 138
62 143
62 151
62 152
62 153
62 160
62 162
62 164
63 1
63 17
63 19
63 21
63 23
63 35
63 38
63 40
63 46
63 53
63 55
63 61
63 65
63 71
63 72
63 77
63 88
63 92
63 94
63 100
63 102
63 104
63 106
63 107
63 119
63 121
63 126
63 132
63 135
63 146
63 153
63 155
63 162
63 169
64 2
64 3
64 7
64 11
64 16
64 20
64 24
64 27
64 28
64 32
64 33
64 45
64 46
64 56
64 62
64 65
64 75
64 79
64 89
64 94
64 100
64 101
64 106
64 108
64 124
64 127
64 130
64 138
64 147
64 149
64 158
64 164
64 166
64 167
65 1
65 19
65 32
65 36
65 38
65 49
65 51
65 59
65 64
65 71
65 88
65 90
65 93
65 96
65 97
65 104
65 105
65 106
65 109
65 110
65 112
65 119
65 129
65 132
65 137
65 156
65 159
65 161
65 162
65 163
65 166
65 167
66 3
66 8
66 11
66 14
66 15
66 34
66 37
66 42
66 43
66 46
66 48
66 49
66 51
66 59
66 69
66 71
66 76
66 78
66 81
66 85
66 95
66 105
66 113
66 131
66 135
66 156
66 158
66 160
66 162
66 165
66 168
67 0
67 3
67 14
67 16
67 18
67 21
67 26
67 33
67 41
67 44
67 46
67 51
67 54
67 56
67 57
67 72
67 74
67 86
67 87
67 89
67 98
67 107
67 108
67 110
67 116
67 120
67 125
67 130
67 131
67 134
67 143
67 144
67 147
67 151
67 153
67 155
67 158
68 14
68 16
68 18
68 19
68 36
68 40
68 54
68 66
68 68
68 75
68 79
68 80
68 82
68 84
68 89
68 90
68 103
68 104
68 107
68 112
68 120
68 123
68 124
68 127
68 128
68 134
68 138
68 140
68 143
68 144
68 150
68 155
68 156
68 158
68 163
68 166
68 167
69 1
69 2
69 4
69 7
69 14
69 18
69 20
69 31
69 32
69 34
69 36
69 47
69 50
69 53
69 57
69 66
69 68
69 73
69 76
69 80
69 83
69 98
69 99
69 102
69 114
69 119
69 120
69 128
69 135
69 139
69 143
69 155
69 159
69 162
69 163
69 167
69 169
70 14
70 16
70 18
70 21
70 29
70 39
70 41
70 50
70 51
70 66
70 74
70 80
70 83
70 84
70 88
70 95
70 99
70 108
70 109
70 115
70 116
70 118
70 143
70 148
70 150
70 153
70 157
70 162
70 168
70 169
71 0
71 1
71 3
71 6
71 8
71 9
71 29
71 31
71 40
71 44
71 55
71 62
71 68
71 76
71 91
71 94
71 96
71 104
71 106
71 124
71 126
71 129
71 130
71 135
71 142
71 145
71 150
71 168
72 8
72 13
72 21
72 25
72 29
72 31
72 33
72 41
72 45
72 49
72 50
72 51
72 53
72 54
72 100
72 110
72 111
72 112
72 116
72 117
72 118
72 128
72 137
72 149
72 151
72 156
72 157
73 1
73 10
73 17
73 22
73 45
73 52
73 54
73 59
73 74
73 84
73 99
73 101
73 102
73 128
73 131
73 132
73 133
73 136
73 145
73 146
73 147
73 149
73 157
73 169
74 5
74 15
74 18
74 38
74 50
74 52
74 53
74 59
74 61
74 63
74 65
74 68
74 80
74 84
74 89
74 90
74 91
74 93
74 103
74 104
74 109
74 110
74 112
74 117
74 120
74 123
74 136
74 144
74 152
74 157
74 160
74 161
74 164
75 8
75 12
75 22
75 26
75 34
75 36
75 39
75 43
75 50
75 53
75 66
75 72
75 77
75 81
75 98
75 117
75 119
75 127
75 134
75 138
75 141
75 144
75 145
75 149
75 151
75 157
75 158
76 2
76 13
76 28
76 29
76 32
76 36
76 37
76 40
76 41
76 47
76 53
76 60
76 81
76 87
76 89
76 90
76 91
76 98
76 103
76 112
76 123
76 130
76 131
76 135
76 140
76 149
76 150
76 164
77 2
77 9
77 25
77 30
77 36
77 42
77 46
77 54
77 59
77 65
77 83
77 91
77 93
77 102
77 103
77 111
77 112
77 118
77 120
77 124
77 125
77 129
77 134
77 153
77 154
77 158
77 163
78 2
78 6
78 7
78 12
78 32
78 35
78 48
78 49
78 71
78 72
78 87
78 92
78 94
78 101
78 102
78 109
78 112
78 129
78 132
78 142
78 143
78 152
78 169
79 3
79 9
79 13
79 19
79 20
79 22
79 36
79 49
79 52
79 53
79 71
79 73
79 78
79 82
79 83
79 84
79 85
79 97
79 100
79 101
79 110
79 115
79 116
79 123
79 124
79 132
79 134
79 135
79 138
79 140
79 141
79 144
79 145
79 148
79 156
79 158
79 159
79 162
79 163
79 166
80 7
80 13
80 22
80 23
80 33
80 35
80 40
80 44
80 45
80 46
80 50
80 52
80 55
80 62
80 73
80 85
80 88
80 93
80 97
80 99
80 104
80 108
80 112
80 116
80 117
80 129
80 132
80 143
80 144
80 157
80 160
80 162
81 2
81 8
81 15
81 19
81 28
81 32
81 33
81 36
81 37
81 40
81 45
81 54
81 64
81 70
81 71
81 88
81 94
81 98
81 99
81 101
81 105
81 107
81 111
81 116
81 118
81 120
81 127
81 138
81 139
81 143
81 152
81 153
81 160
81 161
81 164
82 4
82 7
82 12
82 20
82 24
82 32
82 39
82 41
82 46
82 52
82 55
82 64
82 68
82 74
82 104
82 116
82 122
82 125
82 126
82 128
82 131
82 137
82 145
82 148
82 150
82 151
82 155
82 158
82 162
82 163
82 165
82 169
83 7
83 8
83 14
83 15
83 19
83 20
83 21
83 23
83 28
83 33
83 42
83 55
83 57
83 58
83 63
83 69
83 71
83 73
83 75
83 80
83 82
83 90
83 96
83 104
83 107
83 118
83 119
83 122
83 126
83 128
83 137
83 138
83 140
83 152
83 163
83 164
83 166
84 5
84 8
84 11
84 25
84 30
84 45
84 48
84 50
84 52
84 64
84 68
84 75
84 87
84 90
84 105
84 111
84 118
84 119
84 120
84 131
84 143
84 151
84 155
84 156
84 162
84 164
84 165
84 167
85 6
85 12
85 15
85 27
85 28
85 30
85 35
85 40
85 42
85 49
85 55
85 57
85 61
85 70
85 71
85 77
85 82
85 93
85 95
85 99
85 109
85 132
85 134
85 135
85 138
85 151
85 153
85 154
85 158
85 160
85 163
85 169
86 0
86 1
86 2
86 9
86 11
86 13
86 19
86 24
86 27
86 28
86 30
86 32
86 39
86 41
86 42
86 50
86 51
86 53
86 54
86 55
86 56
86 57
86 88
86 89
86 92
86 97
86 104
86 105
86 119
86 121
86 124
86 125
86 132
86 133
86 139
86 146
86 151
86 153
86 159
86 162
87 1
87 4
87 9
87 12
87 13
87 31
87 33
87 36
87 38
87 41
87 44
87 56
87 62
87 85
87 102
87 106
87 118
87 127
87 129
87 136
87 138
87 139
87 140
87 148
87 149
87 150
87 157
88 1
88 3
88 7
88 15
88 23
88 24
88 25
88 33
88 36
88 45
88 55
88 69
88 76
88 77
88 78
88 79
88 80
88 87
88 92
88 98
88 112
88 114
88 118
88 126
88 131
88 137
88 140
88 144
88 151
88 153
88 163
89 1
89 2
89 7
89 9
89 10
89 13
89 21
89 39
89 53
89 56
89 57
89 60
89 61
89 67
89 71
89 75
89 77
89 81
89 102
89 106
89 113
89 118
89 127
89 134
89 136
89 145
89 146
89 149
89 151
89 152
89 159
89 162
89 165
89 166
89 167
90 6
90 7
90 14
90 15
90 17
90 20
90 34
90 35
90 37
90 45
90 49
90 58
90 64
90 68
90 69
90 70
90 82
90 85
90 87
90 90
90 94
90 109
90 110
90 123
90 125
90 133
90 134
90 140
90 143
90 149
90 153
90 157
90 158
90 163
91 2
91 3
91 5
91 8
91 27
91 30
91 34
91 41
91 48
91 57
91 59
91 60
91 65
91 68
91 69
91 71
91 75
91 76
91 79
91 84
91 94
91 98
91 99
91 102
91 106
91 115
91 117
91 123
91 125
91 127
91 129
91 133
91 139
91 143
91 146
91 148
91 150
91 156
91 161
92 0
92 6
92 11
92 12
92 15
92 23
92 26
92 32
92 34
92 37
92 38
92 40
92 49
92 50
92 59
92 61
92 77
92 79
92 87
92 88
92 95
92 96
92 98
92 108
92 109
92 112
92 114
92 116
92 119
92 121
92 124
92 129
92 133
92 134
92 139
92 141
92 143
92 144
92 149
92 161
92 162
93 1
93 3
93 8
93 13
93 19
93 20
93 23
93 25
93 36
93 42
93 46
93 54
93 57
93 58
93 59
93 78
93 83
93 84
93 85
93 99
93 109
93 117
93 120
93 122
93 124
93 129
93 134
93 137
93 144
93 145
93 146
93 158
94 8
94 9
94 15
94 20
94 29
94 32
94 36
94 37
94 40
94 41
94 46
94 58
94 66
94 69
94 70
94 73
94 78
94 81
94 82
94 87
94 89
94 90
94 93
94 97
94 99
94 100
94 101
94 107
94 110
94 114
94 119
94 120
94 121
94 125
94 126
94 132
94 137
94 141
94 143
94 150
94 152
95 5
95 6
95 14
95 17
95 24
95 25
95 31
95 33
95 36
95 49
95 58
95 68
95 72
95 76
95 86
95 93
95 98
95 105
95 111
95 113
95 114
95 130
95 131
95 133
95 134
95 135
95 147
95 152
95 154
95 157
95 169
96 0
96 6
96 19
96 21
96 22
96 23
96 24
96 29
96 35
96 36
96 38
96 48
96 52
96 62
96 74
96 89
96 98
96 101
96 111
96 120
96 122
96 124
96 126
96 128
96 140
96 152
96 157
96 161
96 166
96 167
97 0
97 2
97 6
97 9
97 22
97 23
97 25
97 27
97 28
97 29
97 31
97 32
97 34
97 37
97 43
97 50
97 55
97 57
97 59
97 60
97 63
97 67
97 77
97 80
97 81
97 82
97 86
97 89
97 106
97 113
97 115
97 117
97 122
97 126
97 134
97 146
97 151
97 155
97 158
97 160
98 1
98 19
98 22
98 26
98 31
98 32
98 33
98 35
98 37
98 44
98 59
98 60
98 62
98 65
98 67
98 69
98 73
98 75
98 79
98 82
98 99
98 112
98 118
98 120
98 123
98 125
98 126
98 135
98 144
98 146
98 150
98 156
98 157
98 158
98 161
98 163
98 164
98 167
98 168
99 0
99 1
99 2
99 6
99 12
99 16
99 20
99 52
99 78
99 79
99 80
99 81
99 95
99 97
99 98
99 100
99 105
99 110
99 120
99 129
99 133
99 134
99 137
99 139
99 144
99 148
99 161
99 162
100 3
100 4
100 11
100 14
100 26
100 29
100 33
100 38
100 44
100 48
100 57
100 69
100 73
100 75
100 76
100 80
100 84
100 95
100 102
100 103
100 105
100 109
100 111
100 113
100 114
100 119
100 131
100 140
100 144
100 145
100 146
100 149
100 152
100 157
100 161
101 1
101 3
101 4
101 12
101 14
101 21
101 29
101 35
101 38
101 39
101 43
101 44
101 45
101 47
101 48
101 53
101 55
101 56
101 60
101 63
101 68
101 76
101 82
101 89
101 90
101 94
101 96
101 99
101 105
101 109
101 113
101 114
101 116
101 120
101 122
101 141
101 158
101 159
101 161
101 164
101 166
101 169
102 0
102 3
102 11
102 14
102 15
102 17
102 26
102 29
102 30
102 47
102 50
102 52
102 56
102 58
102 69
102 71
102 79
102 85
102 86
102 90
102 96
102 101
102 108
102 124
102 131
102 133
102 140
102 143
102 146
102 148
102 149
102 152
102 153
102 156
102 158
102 162
102 164
103 0
103 2
103 4
103 7
103 9
103 10
103 15
103 20
103 23
103 24
103 32
103 37
103 41
103 52
103 55
103 58
103 61
103 69
103 71
103 74
103 78
103 85
103 89
103 98
103 99
103 101
103 103
103 105
103 106
103 112
103 125
103 127
103 128
103 142
103 147
103 154
103 155
103 159
103 161
104 1
104 6
104 10
104 13
104 14
104 16
104 18
104 24
104 25
104 29
104 31
104 35
104 36
104 37
104 39
104 44
104 52
104 53
104 57
104 59
104 66
104 68
104 71
104 86
104 90
104 95
104 96
104 105
104 106
104 108
104 109
104 110
104 111
104 121
104 129
104 142
104 145
104 148
104 151
104 155
104 158
104 161
104 162
104 165
104 166
104 168
105 4
105 6
105 9
105 18
105 27
105 37
105 40
105 42
105 46
105 49
105 51
105 52
105 62
105 65
105 72
105 77
105 82
105 83
105 86
105 93
105 99
105 102
105 106
105 108
105 111
105 116
105 118
105 129
105 149
105 151
105 159
105 162
105 166
106 4
106 17
106 35
106 43
106 44
106 45
106 51
106 55
106 60
106 61
106 68
106 73
106 74
106 78
106 80
106 87
106 88
106 89
106 100
106 101
106 107
106 119
106 122
106 124
106 125
106 127
106 135
106 139
106 141
106 148
106 150
106 151
106 156
106 159
106 167
107 4
107 5
107 13
107 16
107 18
107 21
107 22
107 26
107 34
107 36
107 40
107 43
107 52
107 53
107 67
107 73
107 75
107 76
107 81
107 84
107 86
107 95
107 103
107 104
107 113
107 114
107 117
107 118
107 123
107 125
107 134
107 137
107 139
107 142
107 147
107 148
107 151
107 153
108 4
108 7
108 12
108 14
108 18
108 20
108 21
108 23
108 26
108 31
108 37
108 39
108 46
108 49
108 50
108 56
108 57
108 58
108 60
108 63
108 77
108 78
108 93
108 103
108 112
108 118
108 121
108 133
108 136
108 143
108 148
108 151
108 159
108 166
109 3
109 6
109 7
109 11
109 20
109 23
109 31
109 42
109 44
109 45
109 53
109 57
109 73
109 78
109 86
109 88
109 93
109 97
109 99
109 110
109 113
109 120
109 125
109 131
109 138
109 140
109 151
109 156
109 157
109 158
109 160
110 5
110 15
110 19
110 33
110 34
110 39
110 49
110 53
110 54
110 56
110 57
110 61
110 63
110 67
110 76
110 78
110 81
110 83
110 86
110 87
110 88
110 89
110 91
110 95
110 99
110 103
110 109
110 114
110 117
110 119
110 133
110 135
110 142
110 144
110 146
110 147
110 149
110 153
110 165
110 168
111 3
111 10
111 13
111 14
111 15
111 20
111 29
111 30
111 38
111 39
111 40
111 42
111 46
111 62
111 83
111 91
111 92
111 95
111 104
111 106
111 110
111 113
111 132
111 142
111 151
111 153
111 166
112 1
112 11
112 12
112 13
112 15
112 17
112 21
112 22
112 26
112 28
112 31
112 37
112 49
112 61
112 71
112 75
112 78
112 79
112 81
112 82
112 85
112 86
112 87
112 88
112 92
112 93
112 98
112 108
112 110
112 115
112 121
112 124
112 126
112 145
112 148
112 153
112 157
113 4
113 5
113 7
113 10
113 11
113 18
113 19
113 20
113 21
113 26
113 30
113 32
113 33
113 36
113 48
113 50
113 60
113 62
113 65
113 73
113 78
113 92
113 102
113 108
113 110
113 117
113 118
113 122
113 129
113 137
113 139
113 144
113 146
113 151
113 163
113 164
113 167
113 168
113 169
114 0
114 1
114 8
114 13
114 24
114 27
114 28
114 38
114 41
114 45
114 47
114 57
114 61
114 67
114 73
114 84
114 85
114 88
114 90
114 111
114 112
114 113
114 117
114 119
114 134
114 145
114 149
114 151
114 164
114 165
114 169
115 0
115 2
115 4
115 5
115 7
115 8
115 18
115 19
115 21
115 26
115 30
115 32
115 41
115 44
115 51
115 57
115 59
115 65
115 68
115 76
115 82
115 85
115 87
115 94
115 101
115 107
115 132
115 133
116 0
116 6
116 11
116 14
116 16
116 25
116 28
116 35
116 45
116 49
116 51
116 52
116 58
116 61
116 63
116 64
116 74
116 82
116 83
116 84
116 86
116 87
116 90
116 94
116 98
116 100
116 101
116 102
116 107
116 113
116 118
116 121
116 125
116 130
116 133
116 141
116 146
116 148
116 154
116 158
116 165
117 11
117 14
117 16
117 19
117 29
117 30
117 35
117 38
117 42
117 49
117 58
117 61
117 66
117 68
117 74
117 77
117 81
117 84
117 85
117 89
117 94
117 105
117 120
117 123
117 127
117 130
117 132
117 133
117 140
117 153
117 154
117 157
117 161
117 164
118 3
118 13
118 14
118 28
118 30
118 31
118 32
118 37
118 44
118 55
118 59
118 60
118 72
118 73
118 79
118 83
118 84
118 97
118 98
118 121
118 123
118 126
118 131
118 139
118 142
118 146
118 149
118 151
118 161
119 15
119 16
119 39
119 41
119 43
119 45
119 46
119 48
119 55
119 57
119 63
119 73
119 79
119 88
119 97
119 101
119 106
119 107
119 114
119 115
119 118
119 122
119 133
119 134
119 139
119 144
119 147
119 150
119 153
119 155
119 157
119 162
119 169
120 0
120 2
120 12
120 19
120 20
120 22
120 27
120 38
120 41
120 43
120 45
120 52
120 64
120 65
120 66
120 83
120 92
120 94
120 96
120 100
120 145
120 148
120 157
120 158
120 162
120 164
121 5
121 6
121 9
121 24
121 28
121 29
121 37
121 47
121 49
121 54
121 58
121 67
121 85
121 89
121 92
121 94
121 95
121 104
121 107
121 109
121 112
121 116
121 126
121 130
121 134
121 139
121 151
121 152
121 159
121 160
121 162
122 1
122 14
122 21
122 23
122 25
122 26
122 28
122 32
122 34
122 35
122 38
122 40
122 42
122 47
122 58
122 59
122 60
122 63
122 72
122 73
122 74
122 87
122 88
122 89
122 90
122 91
122 95
122 103
122 105
122 107
122 108
122 111
122 116
122 118
122 125
122 126
122 134
122 135
122 138
122 139
122 142
122 147
122 150
122 162
122 167
122 168
123 0
123 2
123 4
123 7
123 12
123 19
123 22
123 28
123 30
123 31
123 38
123 43
123 55
123 56
123 57
123 58
123 60
123 64
123 76
123 90
123 93
123 95
123 103
123 104
123 112
123 119
123 122
123 135
123 136
123 137
123 142
123 149
123 154
123 155
123 157
123 158
123 168
124 8
124 12
124 15
124 19
124 21
124 22
124 24
124 29
124 35
124 36
124 37
124 38
124 43
124 46
124 56
124 57
124 63
124 70
124 71
124 75
124 78
124 86
124 87
124 91
124 93
124 97
124 107
124 108
124 111
124 112
124 114
124 115
124 117
124 127
124 129
124 136
124 139
124 140
124 142
124 147
124 158
124 164
124 166
124 168
125 11
125 12
125 22
125 25
125 28
125 31
125 37
125 46
125 51
125 59
125 63
125 66
125 67
125 69
125 73
125 83
125 96
125 97
125 104
125 108
125 118
125 132
125 137
125 143
125 149
125 150
125 152
125 158
125 162
125 163
125 164
126 11
126 12
126 25
126 27
126 32
126 36
126 43
126 49
126 52
126 53
126 54
126 60
126 68
126 72
126 74
126 77
126 86
126 89
126 94
126 95
126 105
126 115
126 117
126 120
126 139
126 140
126 147
126 148
126 150
126 160
127 1
127 11
127 15
127 16
127 21
127 22
127 23
127 26
127 32
127 33
127 34
127 37
127 52
127 54
127 64
127 70
127 75
127 85
127 102
127 108
127 114
127 121
127 127
127 130
127 133
127 135
127 136
127 142
127 146
127 159
127 160
127 162
128 0
128 4
128 6
128 14
128 18
128 19
128 23
128 25
128 30
128 32
128 35
128 40
128 46
128 54
128 58
128 62
128 63
128 64
128 66
128 69
128 76
128 83
128 86
128 94
128 96
128 99
128 115
128 118
128 124
128 125
128 128
128 130
128 133
128 135
128 138
128 142
128 153
128 157
128 158
128 161
128 162
128 164
128 165
129 2
129 5
129 12
129 13
129 16
129 19
129 23
129 27
129 28
129 37
129 43
129 50
129 58
129 65
129 68
129 69
129 70
129 71
129 73
129 78
129 79
129 88
129 90
129 99
129 100
129 103
129 105
129 106
129 107
129 109
129 115
129 125
129 126
129 137
129 142
129 143
129 147
129 148
129 150
129 151
129 162
129 163
130 6
130 8
130 14
130 24
130 26
130 29
130 31
130 47
130 49
130 53
130 55
130 57
130 62
130 63
130 68
130 69
130 77
130 80
130 81
130 84
130 92
130 94
130 99
130 103
130 104
130 105
130 110
130 117
130 118
130 122
130 123
130 124
130 127
130 131
130 134
130 139
130 147
130 148
130 150
130 159
130 162
130 166
130 169
131 5
131 11
131 14
131 15
131 17
131 18
131 22
131 43
131 45
131 48
131 53
131 56
131 57
131 65
131 67
131 73
131 78
131 79
131 85
131 86
131 93
131 98
131 103
131 113
131 116
131 126
131 131
131 133
131 135
131 138
131 148
131 149
131 151
131 152
131 169
132 0
132 5
132 6
132 33
132 36
132 46
132 51
132 58
132 61
132 62
132 65
132 78
132 93
132 94
132 100
132 105
132 108
132 110
132 117
132 122
132 123
132 124
132 129
132 135
132 141
132 145
132 150
132 159
132 163
132 165
132 169
133 5
133 7
133 14
133 15
133 21
133 26
133 31
133 41
133 50
133 55
133 57
133 65
133 67
133 92
133 102
133 114
133 117
133 126
133 136
133 138
133 152
133 159
133 163
133 167
134 8
134 16
134 26
134 28
134 34
134 37
134 40
134 45
134 46
134 51
134 52
134 53
134 55
134 62
134 70
134 72
134 80
134 81
134 87
134 92
134 102
134 103
134 109
134 117
134 119
134 120
134 123
134 126
134 127
134 129
134 131
134 133
134 138
134 145
134 148
134 151
134 153
135 0
135 7
135 11
135 23
135 27
135 37
135 41
135 42
135 46
135 58
135 61
135 62
135 67
135 75
135 89
135 91
135 96
135 106
135 107
135 112
135 116
135 119
135 123
135 125
135 126
135 127
135 136
135 144
135 154
135 160
135 164
135 166
136 10
136 12
136 13
136 22
136 27
136 37
136 40
136 50
136 64
136 77
136 78
136 79
136 81
136 88
136 94
136 98
136 101
136 102
136 107
136 109
136 111
136 112
136 114
136 122
136 126
136 127
136 129
136 137
136 151
137 1
137 9
137 22
137 28
137 35
137 46
137 55
137 58
137 61
137 70
137 74
137 75
137 81
137 88
137 96
137 104
137 106
137 107
137 108
137 110
137 113
137 114
137 118
137 119
137 123
137 133
137 142
137 145
137 162
137 163
137 165
137 169
138 3
138 13
138 19
138 22
138 36
138 48
138 52
138 57
138 70
138 71
138 76
138 78
138 79
138 81
138 88
138 90
138 100
138 102
138 106
138 111
138 115
138 121
138 124
138 126
138 135
138 138
138 141
138 145
138 147
138 157
138 160
138 161
139 4
139 5
139 7
139 9
139 10
139 13
139 20
139 35
139 40
139 44
139 53
139 75
139 78
139 81
139 87
139 89
139 90
139 93
139 98
139 99
139 102
139 103
139 113
139 143
139 145
139 150
139 161
139 166
140 3
140 11
140 12
140 15
140 17
140 19
140 20
140 28
140 29
140 42
140 50
140 53
140 64
140 65
140 66
140 69
140 71
140 84
140 92
140 93
140 96
140 99
140 107
140 108
140 109
140 110
140 113
140 120
140 125
140 130
140 131
140 139
140 143
140 145
140 163
140 164
141 6
141 7
141 8
141 9
141 13
141 18
141 19
141 21
141 36
141 37
141 38
141 42
141 44
141 55
141 60
141 65
141 69
141 74
141 78
141 82
141 86
141 88
141 89
141 96
141 100
141 101
141 106
141 111
141 112
141 116
141 124
141 129
141 134
141 135
141 141
141 144
141 153
141 157
141 160
141 163
142 8
142 10
142 14
142 16
142 17
142 21
142 24
142 25
142 33
142 55
142 77
142 78
142 86
142 89
142 110
142 119
142 136
142 143
142 146
142 161
142 169
143 0
143 9
143 21
143 30
143 34
143 40
143 55
143 59
143 61
143 65
143 68
143 70
143 74
143 80
143 83
143 86
143 95
143 98
143 101
143 105
143 108
143 110
143 111
143 112
143 113
143 114
143 118
143 122
143 123
143 125
143 126
143 132
143 136
143 137
143 140
143 151
143 153
143 157
143 164
144 1
144 4
144 6
144 7
144 11
144 18
144 24
144 28
144 36
144 54
144 58
144 61
144 74
144 84
144 111
144 115
144 117
144 123
144 130
144 134
144 139
144 142
144 144
144 148
144 156
144 158
144 168
145 1
145 9
145 11
145 19
145 35
145 37
145 38
145 41
145 49
145 51
145 54
145 56
145 57
145 63
145 73
145 80
145 95
145 97
145 101
145 107
145 108
145 110
145 112
145 120
145 127
145 130
145 134
145 137
145 138
145 146
145 148
145 154
145 155
145 156
145 160
145 165
145 167
146 1
146 7
146 14
146 23
146 33
146 36
146 37
146 38
146 39
146 43
146 44
146 47
146 49
146 69
146 80
146 86
146 92
146 94
146 99
146 105
146 107
146 109
146 110
146 119
146 133
146 139
146 141
146 146
146 147
146 159
146 161
147 5
147 7
147 9
147 19
147 33
147 34
147 44
147 47
147 48
147 62
147 64
147 67
147 71
147 74
147 76
147 79
147 80
147 83
147 90
147 91
147 112
147 117
147 121
147 125
147 138
147 139
147 149
147 152
147 157
147 162
147 164
148 1
148 3
148 8
148 10
148 23
148 27
148 29
148 30
148 35
148 44
148 46
148 59
148 66
148 68
148 69
148 78
148 82
148 87
148 89
148 94
148 95
148 96
148 102
148 111
148 112
148 115
148 131
148 146
148 147
148 152
148 167
148 168
149 6
149 20
149 27
149 38
149 39
149 41
149 42
149 43
149 51
149 58
149 62
149 65
149 71
149 72
149 76
149 78
149 84
149 85
149 88
149 91
149 104
149 120
149 132
149 134
149 138
149 139
149 145
149 149
149 153
149 154
149 161
149 162
150 8
150 20
150 28
150 36
150 38
150 51
150 65
150 69
150 75
150 80
150 83
150 84
150 88
150 90
150 92
150 105
150 106
150 111
150 134
150 138
150 140
150 141
150 152
150 158
150 160
150 168
151 10
151 16
151 28
151 50
151 51
151 63
151 64
151 72
151 80
151 86
151 91
151 94
151 96
151 98
151 111
151 117
151 120
151 126
151 129
151 130
151 143
151 145
151 151
151 155
151 161
151 163
152 3
152 6
152 7
152 12
152 20
152 21
152 23
152 25
152 27
152 28
152 29
152 33
152 37
152 48
152 55
152 59
152 63
152 70
152 85
152 88
152 89
152 94
152 98
152 100
152 103
152 106
152 110
152 116
152 117
152 121
152 122
152 124
152 125
152 136
152 137
152 156
153 0
153 1
153 4
153 5
153 15
153 19
153 20
153 28
153 29
153 31
153 40
153 43
153 44
153 56
153 72
153 80
153 82
153 85
153 88
153 95
153 103
153 105
153 113
153 115
153 120
153 124
153 127
153 140
153 144
153 145
153 149
153 150
153 153
153 155
153 156
153 164
154 17
154 19
154 21
154 34
154 47
154 48
154 53
154 54
154 59
154 70
154 88
154 95
154 104
154 105
154 110
154 111
154 112
154 125
154 126
154 131
154 133
154 139
154 146
154 147
154 149
154 154
155 1
155 3
155 8
155 9
155 15
155 40
155 41
155 42
155 48
155 51
155 53
155 59
155 60
155 61
155 62
155 72
155 73
155 74
155 76
155 82
155 84
155 92
155 94
155 105
155 107
155 108
155 118
155 121
155 126
155 131
155 136
155 140
155 144
155 149
155 152
155 155
155 156
155 161
155 162
155 164
155 165
155 166
156 5
156 9
156 10
156 11
156 24
156 31
156 38
156 40
156 46
156 51
156 54
156 59
156 67
156 68
156 70
156 80
156 81
156 83
156 84
156 89
156 90
156 91
156 92
156 102
156 108
156 109
156 111
156 112
156 119
156 125
156 126
156 133
156 137
156 144
156 149
156 150
156 156
156 161
156 162
156 165
156 166
156 169
157 1
157 15
157 16
157 19
157 20
157 22
157 25
157 26
157 28
157 30
157 31
157 33
157 40
157 44
157 48
157 51
157 52
157 53
157 54
157 55
157 57
157 62
157 64
157 71
157 72
157 78
157 84
157 86
157 87
157 89
157 105
157 106
157 109
157 111
157 128
157 129
157 131
157 137
157 138
157 140
157 152
157 155
157 166
158 2
158 7
158 14
158 18
158 39
158 41
158 47
158 59
158 65
158 66
158 69
158 70
158 81
158 88
158 90
158 93
158 100
158 102
158 105
158 108
158 126
158 128
158 145
158 146
158 150
158 161
158 166
158 168
158 169
159 4
159 6
159 7
159 12
159 17
159 29
159 30
159 34
159 36
159 38
159 39
159 42
159 49
159 53
159 54
159 56
159 58
159 71
159 74
159 78
159 80
159 85
159 88
159 91
159 107
159 109
159 110
159 113
159 117
159 121
159 123
159 130
159 135
159 136
159 140
159 142
159 143
159 145
159 147
159 148
159 161
159 166
159 168
160 14
160 18
160 22
160 23
160 24
160 25
160 31
160 37
160 38
160 47
160 50
160 54
160 56
160 60
160 65
160 66
160 71
160 75
160 76
160 79
160 90
160 96
160 98
160 99
160 103
160 109
160 115
160 118
160 122
160 123
160 126
160 138
160 139
160 140
160 142
160 150
160 151
160 156
160 159
161 0
161 1
161 7
161 9
161 21
161 27
161 30
161 36
161 38
161 40
161 48
161 51
161 61
161 63
161 68
161 70
161 74
161 79
161 82
161 83
161 90
161 98
161 102
161 113
161 115
161 116
161 118
161 123
161 138
161 139
161 143
161 151
161 152
161 161
161 164
161 167
162 9
162 12
162 20
162 22
162 29
162 32
162 40
162 50
162 53
162 63
162 68
162 76
162 79
162 80
162 82
162 85
162 95
162 109
162 110
162 111
162 113
162 117
162 119
162 121
162 122
162 126
162 134
162 146
162 148
162 155
162 160
162 166
162 167
162 169
163 8
163 11
163 12
163 14
163 16
163 36
163 38
163 43
163 49
163 50
163 62
163 70
163 74
163 79
163 91
163 92
163 94
163 96
163 107
163 110
163 112
163 113
163 120
163 124
163 128
163 129
163 130
163 140
163 148
163 149
163 162
163 168
164 0
164 2
164 4
164 8
164 10
164 24
164 27
164 34
164 38
164 42
164 43
164 44
164 47
164 52
164 62
164 63
164 66
164 68
164 69
164 70
164 75
164 88
164 93
164 103
164 106
164 108
164 109
164 114
164 121
164 125
164 127
164 136
164 140
164 143
164 146
164 148
164 159
164 169
165 9
165 11
165 31
165 36
165 40
165 43
165 46
165 54
165 61
165 64
165 67
165 68
165 73
165 74
165 80
165 83
165 90
165 100
165 103
165 105
165 111
165 113
165 121
165 127
165 129
165 132
165 137
165 139
165 141
165 144
165 145
165 147
165 149
165 165
166 1
166 3
166 4
166 33
166 36
166 37
166 40
166 41
166 42
166 45
166 51
166 65
166 69
166 76
166 79
166 88
166 91
166 94
166 99
166 101
166 109
166 110
166 115
166 125
166 128
166 129
166 131
166 141
166 143
166 151
166 157
166 161
166 167
167 1
167 3
167 6
167 22
167 27
167 36
167 37
167 38
167 49
167 52
167 54
167 55
167 61
167 62
167 65
167 66
167 69
167 73
167 85
167 87
167 91
167 94
167 96
167 98
167 99
167 107
167 109
167 110
167 120
167 121
167 136
167 139
167 140
167 144
167 149
167 150
167 153
167 154
167 159
167 164
168 15
168 16
168 17
168 21
168 22
168 24
168 36
168 38
168 45
168 50
168 55
168 60
168 61
168 65
168 66
168 78
168 87
168 88
168 90
168 95
168 106
168 119
168 120
168 122
168 127
168 134
168 138
168 144
168 145
168 152
168 165
168 167
169 2
169 3
169 4
169 5
169 7
169 11
169 13
169 20
169 24
169 30
169 36
169 41
169 47
169 53
169 63
169 65
169 67
169 70
169 73
169 89
169 109
169 110
169 111
169 112
169 113
169 141
169 143
169 144
169 169
