50
500
0 6
0 9
0 10
0 23
0 32
0 35
0 40
0 41
0 42
0 47
0 49
1 1
1 2
1 13
1 18
1 22
1 24
1 32
1 33
1 36
1 39
1 47
2 0
2 3
2 9
2 13
2 25
2 29
2 37
2 38
2 41
3 3
3 5
3 12
3 13
3 14
3 16
3 21
3 30
3 46
4 5
4 10
4 15
4 16
4 21
4 32
4 33
4 36
4 41
5 2
5 9
5 17
5 26
5 27
5 40
5 42
6 7
6 9
6 10
6 13
6 20
6 26
6 28
6 36
6 37
6 38
6 48
7 0
7 1
7 7
7 26
7 31
7 44
7 47
7 49
8 5
8 14
8 27
8 28
8 29
8 32
8 33
8 44
9 0
9 4
9 12
9 13
9 16
9 19
9 25
9 27
9 30
9 32
9 34
9 36
9 37
9 39
9 40
9 44
9 46
10 4
10 6
10 10
10 22
10 25
10 29
10 37
10 39
11 2
11 6
11 15
11 18
11 22
11 25
11 26
11 31
11 32
11 36
11 41
11 45
12 0
12 1
12 4
12 7
12 10
12 12
12 17
12 19
12 20
12 21
12 29
12 32
12 34
12 37
12 44
13 6
13 10
13 11
13 13
13 14
13 24
13 39
13 42
13 44
14 13
14 15
14 22
14 23
14 29
14 35
14 38
14 40
14 44
14 45
15 5
15 11
15 13
15 16
15 28
15 39
15 43
15 49
16 14
16 21
16 23
16 25
16 27
16 29
16 31
16 34
16 37
16 38
16 48
16 49
17 4
17 33
17 43
18 0
18 2
18 8
18 15
18 25
18 28
18 31
18 34
18 45
18 46
18 48
19 0
19 1
19 2
19 4
19 11
19 25
19 31
19 38
19 45
19 47
19 49
20 2
20 3
20 27
20 30
20 32
20 37
20 39
20 42
20 43
20 47
21 9
21 11
21 14
21 19
21 23
21 24
21 29
21 32
21 35
21 36
21 38
21 47
22 1
22 3
22 13
22 19
22 26
22 47
23 1
23 3
23 4
23 5
23 6
23 7
23 9
23 14
23 21
23 24
23 38
23 41
23 43
23 49
24 0
24 3
24 10
24 13
24 17
24 22
24 42
24 45
24 47
24 49
25 1
25 2
25 10
25 17
25 25
25 27
25 32
25 46
25 49
26 2
26 6
26 12
26 16
26 17
26 20
26 21
26 28
26 36
26 41
26 44
27 4
27 10
27 15
27 21
27 24
27 27
27 38
27 43
27 44
27 45
28 0
28 1
28 6
28 8
28 11
28 17
28 23
28 31
28 37
28 38
28 45
29 1
29 4
29 5
29 6
29 7
29 11
29 35
29 39
29 40
29 46
29 47
30 5
30 8
30 11
30 21
30 28
30 31
30 36
30 37
30 47
31 11
31 16
31 19
31 20
31 22
31 28
31 30
31 32
31 44
32 2
32 4
32 7
32 10
32 20
32 26
32 27
32 44
32 45
33 0
33 11
33 14
33 15
33 16
33 18
33 20
33 22
33 34
33 36
33 37
33 41
33 42
33 46
34 0
34 1
34 4
34 7
34 10
34 12
34 16
34 17
34 18
34 22
34 25
34 27
34 40
34 42
34 46
34 47
35 5
35 11
35 18
35 21
35 22
35 23
35 25
35 35
35 39
35 43
36 0
36 6
36 9
36 12
36 13
36 21
36 23
36 35
36 40
36 45
36 47
37 4
37 5
37 20
37 25
37 26
37 29
37 36
37 45
37 48
38 21
38 22
38 24
38 30
38 33
38 39
38 45
39 0
39 2
39 11
39 21
39 25
39 35
39 39
39 40
40 0
40 1
40 3
40 15
40 20
40 29
40 30
40 36
40 43
40 45
40 49
41 18
41 28
41 29
41 32
41 40
41 47
41 48
41 49
42 6
42 7
42 10
42 17
42 22
42 33
42 41
42 43
42 44
42 47
43 2
43 3
43 7
43 10
43 14
43 15
43 19
43 31
43 38
43 40
43 48
44 2
44 3
44 9
44 11
44 15
44 30
44 33
44 46
45 3
45 5
45 8
45 11
45 16
45 21
45 23
45 25
45 32
45 46
45 48
46 2
46 3
46 4
46 11
46 17
46 25
46 29
46 33
46 35
46 39
46 40
46 41
46 45
46 47
47 2
47 14
47 17
47 20
47 22
47 31
47 38
47 47
48 13
48 24
48 26
48 27
48 31
48 34
48 36
48 44
48 49
49 4
49 12
49 13
49 18
49 25
