230
10580
0 0
0 4
0 6
0 22
0 38
0 42
0 53
0 54
0 58
0 69
0 72
0 73
0 77
0 86
0 94
0 100
0 101
0 102
0 110
0 113
0 114
0 117
0 118
0 126
0 127
0 128
0 131
0 132
0 144
0 152
0 154
0 155
0 158
0 178
0 183
0 185
0 189
0 193
0 204
0 205
0 206
0 207
0 208
0 213
0 216
0 218
0 219
0 220
0 223
0 226
0 229
1 14
1 28
1 34
1 36
1 39
1 40
1 43
1 46
1 52
1 57
1 61
1 63
1 65
1 66
1 69
1 80
1 83
1 86
1 88
1 89
1 91
1 102
1 104
1 105
1 106
1 108
1 109
1 113
1 120
1 121
1 128
1 142
1 145
1 150
1 155
1 158
1 160
1 163
1 166
1 168
1 169
1 173
1 177
1 185
1 189
1 194
1 196
1 199
1 201
1 205
1 209
1 222
1 224
1 226
1 229
2 0
2 2
2 7
2 21
2 23
2 26
2 27
2 28
2 29
2 31
2 32
2 43
2 46
2 60
2 61
2 66
2 76
2 79
2 99
2 104
2 116
2 124
2 125
2 129
2 141
2 142
2 144
2 145
2 149
2 151
2 157
2 159
2 163
2 180
2 181
2 182
2 183
2 189
2 197
2 199
2 204
2 218
2 225
2 226
3 3
3 5
3 20
3 22
3 23
3 27
3 30
3 31
3 33
3 38
3 42
3 46
3 53
3 55
3 57
3 60
3 67
3 72
3 75
3 94
3 100
3 101
3 109
3 110
3 111
3 114
3 115
3 116
3 118
3 122
3 129
3 132
3 133
3 134
3 140
3 149
3 155
3 159
3 174
3 177
3 179
3 182
3 183
3 186
3 188
3 193
3 197
3 202
3 205
3 208
3 209
3 218
3 226
4 1
4 2
4 3
4 4
4 13
4 19
4 34
4 36
4 40
4 50
4 58
4 61
4 67
4 70
4 78
4 79
4 95
4 101
4 108
4 109
4 118
4 122
4 127
4 137
4 138
4 140
4 141
4 148
4 151
4 155
4 158
4 160
4 164
4 181
4 183
4 191
4 192
4 198
4 206
4 221
5 0
5 1
5 3
5 4
5 10
5 15
5 21
5 22
5 28
5 32
5 35
5 38
5 46
5 50
5 64
5 65
5 66
5 74
5 82
5 87
5 91
5 92
5 96
5 97
5 101
5 111
5 112
5 114
5 117
5 123
5 124
5 126
5 140
5 142
5 151
5 158
5 174
5 179
5 181
5 184
5 185
5 186
5 194
5 199
5 211
5 214
5 216
5 219
6 1
6 2
6 6
6 7
6 10
6 19
6 20
6 30
6 31
6 34
6 36
6 39
6 47
6 54
6 76
6 82
6 84
6 105
6 113
6 116
6 118
6 123
6 129
6 144
6 145
6 150
6 154
6 160
6 163
6 168
6 170
6 172
6 174
6 187
6 189
6 194
6 198
6 199
6 202
6 210
6 212
7 12
7 18
7 21
7 36
7 41
7 44
7 51
7 52
7 58
7 59
7 61
7 62
7 63
7 64
7 69
7 74
7 84
7 90
7 103
7 110
7 112
7 114
7 118
7 121
7 130
7 136
7 139
7 152
7 157
7 159
7 169
7 187
7 189
7 197
7 203
7 206
7 210
7 211
7 212
7 216
7 221
8 7
8 8
8 9
8 13
8 14
8 15
8 18
8 22
8 27
8 29
8 41
8 46
8 51
8 56
8 59
8 60
8 62
8 67
8 71
8 76
8 80
8 81
8 83
8 89
8 93
8 101
8 103
8 104
8 108
8 130
8 147
8 152
8 156
8 161
8 178
8 184
8 188
8 189
8 193
8 205
8 207
8 212
8 213
8 222
9 0
9 11
9 17
9 26
9 30
9 33
9 38
9 40
9 43
9 51
9 53
9 54
9 56
9 58
9 70
9 73
9 81
9 87
9 90
9 92
9 93
9 97
9 110
9 113
9 114
9 115
9 117
9 119
9 123
9 127
9 130
9 132
9 145
9 149
9 154
9 156
9 167
9 168
9 174
9 187
9 190
9 195
9 199
9 209
9 211
9 229
10 1
10 7
10 25
10 28
10 35
10 37
10 39
10 41
10 64
10 71
10 75
10 82
10 91
10 97
10 105
10 107
10 108
10 120
10 135
10 156
10 159
10 162
10 168
10 171
10 177
10 180
10 183
10 186
10 193
10 196
10 198
10 200
10 203
10 213
10 218
10 220
10 225
11 2
11 5
11 8
11 25
11 27
11 36
11 41
11 42
11 44
11 48
11 51
11 54
11 64
11 66
11 69
11 73
11 76
11 78
11 82
11 95
11 96
11 102
11 103
11 116
11 117
11 119
11 130
11 131
11 133
11 135
11 136
11 137
11 147
11 148
11 154
11 167
11 173
11 176
11 191
11 200
11 201
11 202
11 204
11 212
11 213
11 222
12 5
12 6
12 7
12 9
12 19
12 24
12 25
12 28
12 30
12 34
12 36
12 37
12 83
12 87
12 90
12 92
12 93
12 94
12 102
12 107
12 109
12 120
12 126
12 129
12 132
12 141
12 146
12 151
12 153
12 171
12 172
12 175
12 179
12 194
12 196
12 200
12 203
12 206
12 228
13 1
13 2
13 3
13 24
13 25
13 29
13 33
13 35
13 40
13 42
13 45
13 47
13 48
13 52
13 57
13 63
13 72
13 75
13 79
13 82
13 83
13 88
13 97
13 98
13 99
13 103
13 108
13 112
13 116
13 119
13 125
13 126
13 130
13 137
13 147
13 151
13 164
13 165
13 168
13 169
13 175
13 185
13 191
13 204
13 205
13 210
13 212
13 214
13 216
13 227
14 4
14 6
14 7
14 27
14 29
14 34
14 36
14 43
14 45
14 53
14 54
14 55
14 56
14 59
14 63
14 79
14 82
14 84
14 88
14 96
14 107
14 109
14 126
14 132
14 134
14 135
14 150
14 151
14 155
14 156
14 163
14 166
14 185
14 192
14 194
14 202
14 213
14 216
14 217
14 226
14 227
15 0
15 1
15 2
15 3
15 7
15 14
15 22
15 39
15 45
15 52
15 56
15 68
15 69
15 79
15 80
15 87
15 89
15 94
15 102
15 103
15 110
15 114
15 115
15 117
15 121
15 123
15 133
15 136
15 137
15 151
15 156
15 175
15 176
15 179
15 188
15 192
15 196
15 198
15 199
15 203
15 205
15 211
15 216
15 222
15 226
15 228
16 1
16 3
16 12
16 13
16 15
16 22
16 27
16 35
16 36
16 38
16 39
16 42
16 46
16 48
16 52
16 53
16 57
16 60
16 62
16 68
16 72
16 79
16 91
16 96
16 118
16 136
16 140
16 141
16 145
16 146
16 152
16 158
16 161
16 166
16 173
16 175
16 178
16 179
16 180
16 181
16 189
16 194
16 200
16 201
16 210
16 216
16 220
17 2
17 7
17 8
17 13
17 15
17 18
17 19
17 20
17 25
17 33
17 36
17 43
17 44
17 47
17 49
17 57
17 61
17 63
17 64
17 67
17 86
17 94
17 102
17 103
17 117
17 121
17 126
17 129
17 131
17 133
17 138
17 139
17 141
17 143
17 153
17 161
17 164
17 171
17 173
17 174
17 177
17 180
17 182
17 184
17 187
17 197
17 204
17 207
17 210
17 213
18 0
18 2
18 17
18 25
18 26
18 32
18 42
18 47
18 51
18 54
18 55
18 61
18 63
18 75
18 84
18 89
18 99
18 104
18 106
18 116
18 121
18 123
18 134
18 135
18 136
18 142
18 150
18 155
18 193
18 198
18 209
18 223
19 0
19 12
19 18
19 24
19 25
19 27
19 36
19 40
19 42
19 45
19 51
19 59
19 67
19 74
19 81
19 83
19 86
19 88
19 92
19 93
19 100
19 101
19 109
19 114
19 116
19 122
19 129
19 136
19 140
19 149
19 157
19 158
19 161
19 163
19 180
19 182
19 195
19 200
19 203
19 210
19 214
19 220
19 222
19 226
19 228
20 0
20 3
20 19
20 34
20 36
20 39
20 49
20 51
20 62
20 69
20 71
20 76
20 83
20 90
20 102
20 115
20 121
20 123
20 126
20 133
20 134
20 136
20 140
20 143
20 144
20 145
20 146
20 147
20 148
20 152
20 154
20 155
20 164
20 179
20 197
20 198
20 200
20 207
20 208
20 218
20 222
21 2
21 4
21 14
21 15
21 16
21 24
21 28
21 31
21 32
21 33
21 35
21 39
21 44
21 51
21 60
21 70
21 73
21 74
21 85
21 86
21 87
21 91
21 105
21 108
21 110
21 112
21 116
21 121
21 127
21 128
21 133
21 137
21 140
21 143
21 150
21 153
21 154
21 167
21 168
21 176
21 177
21 183
21 185
21 186
21 188
21 190
21 193
21 194
21 195
21 198
21 205
21 206
21 211
21 224
22 2
22 7
22 11
22 21
22 22
22 23
22 30
22 33
22 43
22 48
22 59
22 68
22 87
22 88
22 102
22 107
22 108
22 121
22 125
22 134
22 144
22 147
22 150
22 155
22 156
22 158
22 162
22 167
22 170
22 173
22 177
22 178
22 179
22 180
22 182
22 183
22 184
22 192
22 193
22 197
22 200
22 207
22 219
22 226
22 227
22 229
23 4
23 11
23 14
23 19
23 22
23 28
23 31
23 33
23 45
23 50
23 54
23 57
23 63
23 66
23 68
23 80
23 86
23 87
23 88
23 91
23 98
23 99
23 103
23 105
23 106
23 108
23 115
23 120
23 121
23 128
23 140
23 152
23 160
23 166
23 170
23 179
23 182
23 185
23 190
23 192
23 205
23 208
23 215
23 225
23 227
23 228
24 6
24 9
24 13
24 17
24 18
24 19
24 28
24 29
24 31
24 38
24 46
24 50
24 54
24 58
24 62
24 67
24 68
24 75
24 84
24 89
24 91
24 95
24 102
24 112
24 116
24 117
24 118
24 120
24 121
24 125
24 138
24 141
24 172
24 173
24 177
24 197
24 200
24 201
24 203
24 212
24 220
24 221
24 222
24 223
24 226
25 16
25 17
25 22
25 27
25 30
25 33
25 42
25 43
25 59
25 64
25 77
25 90
25 93
25 94
25 104
25 105
25 110
25 119
25 134
25 158
25 168
25 169
25 170
25 174
25 176
25 178
25 185
25 189
25 191
25 194
25 202
25 207
25 208
25 215
25 217
26 6
26 17
26 29
26 31
26 33
26 45
26 48
26 51
26 57
26 60
26 64
26 65
26 74
26 78
26 92
26 93
26 97
26 109
26 123
26 126
26 134
26 141
26 145
26 147
26 156
26 158
26 159
26 163
26 168
26 169
26 172
26 184
26 195
26 197
26 198
26 200
26 204
26 208
26 212
26 214
26 215
26 228
27 2
27 3
27 4
27 10
27 12
27 17
27 29
27 33
27 36
27 40
27 50
27 52
27 67
27 75
27 77
27 79
27 87
27 94
27 95
27 97
27 111
27 121
27 123
27 126
27 128
27 130
27 136
27 140
27 142
27 150
27 160
27 164
27 166
27 168
27 172
27 175
27 178
27 179
27 180
27 186
27 201
27 202
27 203
27 205
27 206
27 212
27 213
27 218
27 221
28 0
28 10
28 15
28 17
28 19
28 26
28 32
28 36
28 38
28 41
28 48
28 50
28 75
28 79
28 83
28 86
28 91
28 93
28 96
28 101
28 102
28 104
28 105
28 109
28 115
28 116
28 118
28 143
28 154
28 159
28 161
28 167
28 168
28 171
28 180
28 184
28 188
28 191
28 195
28 200
28 211
28 217
28 218
28 219
28 221
28 225
28 227
29 5
29 8
29 18
29 20
29 22
29 30
29 31
29 37
29 42
29 45
29 47
29 55
29 59
29 65
29 69
29 71
29 74
29 76
29 84
29 86
29 92
29 94
29 98
29 121
29 128
29 137
29 142
29 158
29 174
29 181
29 182
29 186
29 188
29 191
29 192
29 193
29 196
29 197
29 203
29 205
29 209
29 220
30 0
30 4
30 6
30 9
30 14
30 20
30 22
30 29
30 33
30 35
30 36
30 37
30 43
30 57
30 64
30 66
30 69
30 70
30 74
30 76
30 92
30 93
30 94
30 104
30 112
30 116
30 117
30 121
30 124
30 125
30 135
30 140
30 147
30 150
30 154
30 157
30 162
30 164
30 173
30 183
30 184
30 189
30 190
30 192
30 196
30 199
30 200
30 205
30 209
30 213
30 215
30 216
30 224
30 227
31 0
31 2
31 12
31 13
31 17
31 30
31 31
31 33
31 39
31 41
31 44
31 45
31 47
31 48
31 49
31 59
31 61
31 63
31 70
31 72
31 79
31 84
31 86
31 97
31 108
31 123
31 134
31 135
31 138
31 140
31 145
31 147
31 149
31 158
31 186
31 187
31 188
31 192
31 194
31 197
31 205
31 207
31 215
31 217
31 224
31 226
32 1
32 6
32 7
32 18
32 22
32 23
32 39
32 41
32 48
32 57
32 68
32 79
32 85
32 93
32 94
32 95
32 103
32 107
32 113
32 114
32 121
32 124
32 132
32 138
32 148
32 151
32 152
32 153
32 155
32 157
32 160
32 162
32 163
32 169
32 174
32 176
32 182
32 183
32 184
32 185
32 189
32 190
32 192
32 197
32 200
32 205
32 221
32 226
32 229
33 6
33 19
33 22
33 25
33 27
33 32
33 36
33 40
33 46
33 47
33 50
33 51
33 52
33 70
33 77
33 90
33 100
33 112
33 122
33 127
33 133
33 140
33 143
33 144
33 155
33 156
33 165
33 170
33 174
33 175
33 176
33 177
33 181
33 184
33 199
33 200
33 201
33 202
33 206
33 215
33 219
33 222
33 223
33 227
34 2
34 3
34 5
34 6
34 15
34 23
34 33
34 43
34 44
34 50
34 59
34 61
34 64
34 70
34 71
34 78
34 79
34 83
34 94
34 96
34 97
34 101
34 103
34 105
34 108
34 109
34 111
34 113
34 115
34 118
34 122
34 127
34 131
34 132
34 135
34 138
34 143
34 144
34 145
34 146
34 153
34 157
34 160
34 167
34 170
34 172
34 174
34 175
34 177
34 179
34 192
34 202
34 203
34 212
34 214
34 220
34 225
34 226
35 2
35 9
35 14
35 21
35 32
35 34
35 35
35 40
35 41
35 44
35 45
35 54
35 55
35 72
35 73
35 74
35 77
35 78
35 81
35 83
35 84
35 90
35 98
35 100
35 105
35 115
35 125
35 135
35 139
35 140
35 151
35 161
35 165
35 166
35 174
35 178
35 183
35 191
35 193
35 195
35 204
35 206
35 207
35 210
35 216
35 225
35 226
35 227
36 12
36 15
36 16
36 17
36 18
36 21
36 22
36 33
36 36
36 69
36 71
36 75
36 87
36 90
36 91
36 93
36 99
36 101
36 108
36 123
36 124
36 127
36 134
36 140
36 144
36 154
36 157
36 164
36 166
36 167
36 168
36 169
36 179
36 183
36 195
36 198
36 203
36 211
36 212
36 228
37 3
37 5
37 7
37 13
37 15
37 24
37 27
37 29
37 40
37 44
37 49
37 56
37 67
37 70
37 82
37 86
37 87
37 89
37 91
37 94
37 95
37 98
37 106
37 109
37 113
37 120
37 124
37 141
37 149
37 152
37 158
37 159
37 179
37 180
37 181
37 184
37 189
37 195
37 197
37 202
37 203
37 210
37 213
37 214
37 217
37 221
37 226
38 2
38 6
38 11
38 12
38 15
38 22
38 33
38 36
38 41
38 42
38 45
38 47
38 48
38 54
38 57
38 62
38 66
38 67
38 72
38 76
38 78
38 81
38 86
38 88
38 95
38 98
38 99
38 100
38 118
38 120
38 122
38 124
38 129
38 130
38 132
38 133
38 139
38 140
38 141
38 144
38 145
38 155
38 158
38 160
38 173
38 179
38 191
38 192
38 193
38 211
38 213
38 226
38 229
39 4
39 5
39 6
39 11
39 12
39 19
39 23
39 26
39 29
39 30
39 40
39 42
39 44
39 45
39 48
39 50
39 69
39 75
39 84
39 90
39 91
39 112
39 113
39 115
39 119
39 122
39 123
39 130
39 134
39 135
39 144
39 147
39 160
39 161
39 162
39 166
39 167
39 169
39 171
39 190
39 193
39 194
39 195
39 198
39 199
39 202
39 206
39 211
39 215
39 221
39 226
39 227
39 228
40 1
40 4
40 6
40 9
40 11
40 16
40 24
40 25
40 27
40 31
40 34
40 35
40 41
40 43
40 45
40 56
40 57
40 60
40 61
40 65
40 66
40 69
40 70
40 76
40 79
40 85
40 89
40 90
40 96
40 106
40 121
40 141
40 145
40 146
40 148
40 157
40 158
40 165
40 166
40 168
40 172
40 177
40 180
40 186
40 188
40 197
40 198
40 199
40 212
40 214
40 219
40 220
40 224
40 227
41 3
41 6
41 7
41 8
41 9
41 10
41 12
41 24
41 28
41 32
41 33
41 35
41 39
41 51
41 58
41 60
41 65
41 68
41 80
41 81
41 84
41 86
41 88
41 90
41 91
41 92
41 106
41 109
41 112
41 119
41 121
41 127
41 130
41 132
41 133
41 141
41 144
41 149
41 155
41 156
41 161
41 167
41 168
41 170
41 172
41 178
41 180
41 185
41 187
41 192
41 198
41 208
41 209
41 213
41 216
42 0
42 1
42 5
42 11
42 17
42 20
42 37
42 38
42 44
42 52
42 65
42 88
42 104
42 115
42 120
42 121
42 136
42 138
42 147
42 150
42 152
42 153
42 160
42 166
42 171
42 175
42 178
42 183
42 186
42 187
42 196
42 197
42 203
42 210
42 217
42 221
42 222
42 225
42 229
43 0
43 14
43 16
43 20
43 21
43 32
43 38
43 41
43 45
43 48
43 50
43 55
43 58
43 60
43 68
43 77
43 90
43 95
43 97
43 102
43 107
43 109
43 111
43 116
43 125
43 128
43 142
43 151
43 152
43 154
43 157
43 161
43 164
43 166
43 168
43 170
43 171
43 181
43 184
43 190
43 195
43 196
43 198
43 209
43 214
43 220
43 222
44 3
44 11
44 12
44 19
44 21
44 26
44 33
44 50
44 53
44 65
44 69
44 73
44 74
44 75
44 79
44 84
44 89
44 96
44 98
44 107
44 108
44 116
44 123
44 128
44 132
44 134
44 138
44 139
44 141
44 142
44 144
44 146
44 158
44 164
44 167
44 173
44 179
44 185
44 195
44 204
44 216
44 225
44 227
45 6
45 7
45 8
45 11
45 13
45 15
45 22
45 24
45 29
45 33
45 55
45 56
45 58
45 62
45 63
45 66
45 76
45 86
45 100
45 102
45 109
45 120
45 121
45 123
45 131
45 137
45 166
45 176
45 179
45 181
45 184
45 190
45 198
45 199
45 201
45 205
45 215
45 224
46 0
46 1
46 15
46 18
46 20
46 21
46 38
46 41
46 61
46 62
46 65
46 73
46 91
46 92
46 96
46 105
46 106
46 115
46 118
46 121
46 123
46 131
46 133
46 139
46 144
46 148
46 150
46 161
46 168
46 176
46 184
46 185
46 192
46 194
46 206
46 208
46 212
46 214
46 219
46 222
46 224
47 9
47 13
47 22
47 23
47 28
47 37
47 44
47 45
47 59
47 61
47 70
47 73
47 76
47 79
47 81
47 92
47 93
47 94
47 103
47 104
47 105
47 107
47 111
47 119
47 120
47 121
47 128
47 149
47 151
47 168
47 176
47 179
47 196
47 197
47 198
47 201
47 206
47 207
47 209
47 212
47 214
47 225
47 229
48 12
48 21
48 25
48 27
48 31
48 34
48 46
48 50
48 55
48 60
48 63
48 67
48 69
48 79
48 87
48 88
48 93
48 94
48 95
48 100
48 101
48 102
48 105
48 112
48 126
48 129
48 137
48 140
48 144
48 151
48 152
48 168
48 186
48 190
48 204
48 206
48 220
48 222
48 224
48 225
48 226
49 0
49 11
49 12
49 16
49 17
49 21
49 29
49 34
49 37
49 61
49 62
49 66
49 69
49 71
49 75
49 80
49 81
49 103
49 105
49 109
49 111
49 123
49 124
49 127
49 143
49 148
49 161
49 171
49 176
49 189
49 194
49 195
49 199
49 200
49 205
49 206
49 207
49 210
49 214
49 219
50 0
50 3
50 9
50 10
50 14
50 17
50 19
50 31
50 38
50 43
50 47
50 52
50 54
50 61
50 71
50 73
50 77
50 104
50 123
50 130
50 144
50 149
50 151
50 164
50 166
50 167
50 169
50 171
50 175
50 178
50 189
50 197
50 201
50 207
50 223
50 225
50 226
50 228
51 8
51 12
51 21
51 23
51 26
51 30
51 33
51 35
51 37
51 39
51 44
51 53
51 60
51 70
51 72
51 73
51 79
51 82
51 87
51 94
51 98
51 110
51 111
51 114
51 119
51 127
51 133
51 135
51 137
51 138
51 141
51 144
51 152
51 157
51 159
51 162
51 163
51 174
51 179
51 186
51 192
51 193
51 194
51 201
51 205
51 206
51 211
51 212
51 214
51 220
51 221
51 222
51 229
52 10
52 22
52 23
52 26
52 28
52 29
52 30
52 34
52 35
52 45
52 51
52 53
52 54
52 57
52 59
52 61
52 66
52 74
52 76
52 78
52 80
52 81
52 87
52 96
52 97
52 103
52 108
52 110
52 116
52 117
52 139
52 151
52 153
52 158
52 160
52 163
52 166
52 169
52 170
52 181
52 196
52 201
52 203
52 210
52 215
52 224
52 228
53 1
53 7
53 9
53 14
53 19
53 24
53 25
53 30
53 37
53 39
53 40
53 60
53 63
53 66
53 68
53 69
53 71
53 73
53 81
53 92
53 104
53 106
53 107
53 120
53 127
53 129
53 136
53 138
53 139
53 145
53 146
53 155
53 163
53 192
53 193
53 195
53 197
53 199
53 204
53 213
53 215
53 216
53 221
53 223
53 228
54 8
54 11
54 16
54 20
54 26
54 27
54 29
54 31
54 32
54 36
54 40
54 42
54 47
54 51
54 53
54 60
54 61
54 62
54 66
54 67
54 72
54 76
54 77
54 78
54 79
54 83
54 85
54 90
54 92
54 95
54 104
54 112
54 115
54 118
54 128
54 129
54 130
54 136
54 144
54 164
54 167
54 169
54 185
54 190
54 195
54 200
54 207
54 209
54 224
55 1
55 4
55 5
55 6
55 7
55 8
55 24
55 32
55 34
55 35
55 39
55 47
55 69
55 71
55 72
55 74
55 78
55 79
55 86
55 88
55 92
55 96
55 98
55 106
55 111
55 113
55 118
55 125
55 134
55 137
55 139
55 142
55 145
55 151
55 152
55 154
55 163
55 165
55 168
55 169
55 170
55 195
55 202
55 209
55 220
55 221
55 229
56 2
56 10
56 15
56 27
56 30
56 32
56 34
56 39
56 45
56 55
56 62
56 66
56 89
56 91
56 105
56 106
56 107
56 108
56 124
56 128
56 134
56 135
56 139
56 145
56 147
56 150
56 152
56 154
56 158
56 162
56 163
56 166
56 171
56 197
56 206
56 207
56 217
56 221
56 222
56 223
56 226
57 0
57 7
57 14
57 15
57 22
57 23
57 24
57 26
57 33
57 37
57 39
57 41
57 45
57 47
57 49
57 71
57 73
57 78
57 101
57 107
57 109
57 110
57 113
57 114
57 117
57 120
57 130
57 133
57 134
57 138
57 140
57 147
57 149
57 150
57 156
57 164
57 176
57 185
57 193
57 196
57 200
57 203
57 205
57 210
57 212
58 4
58 9
58 11
58 15
58 21
58 32
58 33
58 46
58 49
58 50
58 55
58 56
58 76
58 89
58 95
58 99
58 104
58 105
58 106
58 109
58 112
58 115
58 125
58 135
58 142
58 147
58 152
58 155
58 160
58 161
58 163
58 167
58 168
58 175
58 180
58 199
58 208
58 210
58 213
58 216
58 226
59 2
59 4
59 11
59 20
59 24
59 26
59 27
59 30
59 52
59 60
59 63
59 66
59 67
59 71
59 74
59 75
59 79
59 81
59 87
59 88
59 95
59 98
59 102
59 111
59 116
59 117
59 128
59 130
59 133
59 144
59 146
59 151
59 155
59 161
59 162
59 164
59 169
59 171
59 174
59 179
59 180
59 184
59 185
59 194
59 199
59 208
59 210
59 215
59 218
59 220
59 221
59 224
59 228
60 0
60 2
60 8
60 9
60 14
60 20
60 25
60 27
60 37
60 39
60 41
60 45
60 47
60 51
60 52
60 53
60 58
60 59
60 65
60 69
60 71
60 74
60 80
60 81
60 83
60 85
60 96
60 100
60 109
60 113
60 117
60 123
60 133
60 134
60 144
60 146
60 149
60 155
60 156
60 159
60 170
60 176
60 177
60 180
60 182
60 183
60 184
60 191
60 195
60 199
60 204
60 211
60 215
60 217
60 219
60 228
61 5
61 11
61 12
61 19
61 27
61 30
61 47
61 58
61 59
61 60
61 63
61 69
61 83
61 85
61 94
61 95
61 100
61 107
61 112
61 119
61 120
61 126
61 136
61 137
61 141
61 144
61 146
61 151
61 153
61 154
61 156
61 157
61 160
61 164
61 168
61 170
61 172
61 178
61 179
61 185
61 187
61 197
61 198
61 205
61 206
61 209
61 210
61 213
61 214
61 227
62 1
62 10
62 14
62 17
62 26
62 30
62 44
62 47
62 59
62 63
62 64
62 67
62 80
62 87
62 88
62 94
62 100
62 104
62 107
62 108
62 111
62 113
62 114
62 118
62 121
62 127
62 132
62 133
62 136
62 137
62 143
62 154
62 157
62 162
62 167
62 168
62 178
62 179
62 181
62 184
62 185
62 186
62 194
62 203
62 204
62 210
62 215
62 217
62 219
62 222
62 226
62 227
63 11
63 12
63 16
63 23
63 25
63 34
63 35
63 37
63 41
63 42
63 53
63 55
63 59
63 61
63 64
63 67
63 73
63 87
63 91
63 102
63 109
63 114
63 124
63 125
63 126
63 127
63 128
63 130
63 132
63 136
63 140
63 141
63 144
63 147
63 148
63 149
63 155
63 158
63 163
63 164
63 170
63 176
63 178
63 179
63 184
63 191
63 194
63 210
63 218
63 224
64 10
64 20
64 28
64 29
64 36
64 40
64 59
64 65
64 70
64 71
64 88
64 96
64 97
64 104
64 105
64 109
64 127
64 132
64 135
64 141
64 145
64 147
64 150
64 163
64 164
64 168
64 172
64 175
64 182
64 185
64 189
64 195
64 202
64 208
64 214
64 218
64 227
65 0
65 18
65 23
65 27
65 28
65 36
65 41
65 43
65 50
65 52
65 58
65 62
65 67
65 74
65 83
65 90
65 94
65 114
65 116
65 118
65 123
65 135
65 140
65 145
65 148
65 151
65 153
65 155
65 156
65 161
65 168
65 171
65 180
65 182
65 188
65 196
65 197
65 198
65 200
65 203
65 218
66 0
66 2
66 4
66 9
66 18
66 27
66 37
66 48
66 53
66 57
66 63
66 84
66 86
66 87
66 93
66 97
66 101
66 110
66 112
66 119
66 124
66 127
66 141
66 145
66 148
66 149
66 164
66 169
66 172
66 173
66 179
66 182
66 184
66 194
66 198
66 200
66 201
66 205
66 207
66 209
66 217
66 223
66 224
67 2
67 7
67 14
67 18
67 21
67 22
67 27
67 28
67 31
67 38
67 51
67 52
67 56
67 58
67 59
67 60
67 61
67 65
67 78
67 81
67 83
67 84
67 89
67 94
67 100
67 109
67 111
67 115
67 116
67 118
67 131
67 140
67 143
67 152
67 157
67 165
67 180
67 201
67 207
67 214
67 218
67 220
67 224
67 228
68 17
68 20
68 23
68 30
68 36
68 42
68 45
68 56
68 71
68 76
68 78
68 101
68 116
68 126
68 128
68 131
68 133
68 143
68 160
68 163
68 174
68 178
68 180
68 189
68 190
68 194
68 196
68 197
68 198
68 204
68 208
68 212
68 223
69 8
69 11
69 12
69 14
69 15
69 22
69 29
69 32
69 43
69 44
69 46
69 47
69 49
69 54
69 56
69 57
69 62
69 74
69 75
69 80
69 83
69 85
69 92
69 93
69 94
69 99
69 100
69 102
69 126
69 133
69 134
69 164
69 170
69 185
69 197
69 200
69 203
69 205
69 215
69 218
69 221
69 222
69 224
69 228
70 7
70 21
70 27
70 29
70 30
70 33
70 39
70 45
70 50
70 53
70 57
70 65
70 68
70 71
70 76
70 78
70 81
70 96
70 97
70 101
70 108
70 109
70 111
70 113
70 116
70 123
70 126
70 132
70 133
70 137
70 138
70 141
70 146
70 147
70 148
70 152
70 157
70 178
70 183
70 185
70 187
70 190
70 194
70 202
70 204
70 212
70 215
70 223
70 225
70 227
70 229
71 0
71 7
71 8
71 9
71 24
71 28
71 37
71 39
71 47
71 55
71 57
71 64
71 69
71 74
71 78
71 79
71 82
71 86
71 115
71 116
71 124
71 131
71 135
71 138
71 143
71 157
71 160
71 162
71 179
71 180
71 181
71 184
71 190
71 194
71 205
71 226
71 228
72 6
72 15
72 16
72 19
72 20
72 22
72 27
72 29
72 32
72 34
72 39
72 40
72 41
72 42
72 44
72 45
72 52
72 54
72 60
72 68
72 69
72 75
72 83
72 84
72 87
72 90
72 96
72 101
72 118
72 122
72 128
72 140
72 146
72 149
72 160
72 165
72 166
72 167
72 168
72 171
72 176
72 179
72 180
72 184
72 186
72 187
72 189
72 193
72 210
72 218
72 225
73 10
73 12
73 14
73 15
73 23
73 30
73 34
73 39
73 43
73 56
73 62
73 77
73 83
73 98
73 99
73 100
73 105
73 122
73 125
73 134
73 142
73 149
73 167
73 169
73 172
73 173
73 177
73 181
73 183
73 195
73 200
73 207
73 227
73 228
74 2
74 3
74 10
74 15
74 16
74 19
74 25
74 29
74 32
74 52
74 57
74 60
74 66
74 86
74 87
74 88
74 90
74 95
74 105
74 118
74 136
74 141
74 150
74 157
74 158
74 170
74 171
74 181
74 183
74 184
74 191
74 198
74 200
74 205
74 206
74 221
74 224
75 6
75 9
75 33
75 40
75 41
75 43
75 47
75 54
75 64
75 76
75 84
75 89
75 91
75 102
75 107
75 108
75 119
75 123
75 132
75 133
75 139
75 153
75 159
75 162
75 174
75 179
75 181
75 182
75 194
75 202
75 205
75 214
75 216
75 220
75 229
76 1
76 9
76 12
76 23
76 25
76 29
76 32
76 35
76 49
76 53
76 70
76 73
76 76
76 80
76 84
76 87
76 88
76 89
76 96
76 102
76 108
76 116
76 124
76 134
76 138
76 143
76 145
76 147
76 160
76 167
76 174
76 176
76 183
76 190
76 207
76 209
76 212
76 214
76 221
77 13
77 18
77 21
77 30
77 33
77 34
77 45
77 51
77 69
77 72
77 74
77 78
77 80
77 83
77 87
77 92
77 105
77 108
77 117
77 118
77 123
77 124
77 128
77 131
77 135
77 146
77 151
77 161
77 162
77 166
77 167
77 168
77 171
77 174
77 176
77 182
77 193
77 197
77 199
77 203
77 209
77 227
77 228
77 229
78 5
78 7
78 25
78 26
78 34
78 35
78 43
78 45
78 46
78 67
78 68
78 69
78 70
78 76
78 81
78 82
78 91
78 94
78 99
78 107
78 108
78 109
78 113
78 139
78 140
78 142
78 144
78 160
78 168
78 174
78 180
78 182
78 183
78 195
78 196
78 201
78 218
78 222
78 228
79 26
79 27
79 31
79 39
79 46
79 52
79 53
79 60
79 72
79 79
79 85
79 87
79 90
79 96
79 115
79 117
79 119
79 123
79 128
79 136
79 141
79 144
79 149
79 156
79 157
79 171
79 176
79 177
79 178
79 179
79 181
79 185
79 186
79 188
79 189
79 190
79 202
79 206
79 207
79 216
79 219
79 223
79 226
80 0
80 13
80 18
80 21
80 29
80 31
80 32
80 35
80 39
80 44
80 56
80 60
80 66
80 79
80 80
80 86
80 100
80 102
80 104
80 107
80 108
80 110
80 113
80 119
80 120
80 127
80 131
80 136
80 138
80 139
80 146
80 152
80 156
80 167
80 177
80 178
80 184
80 190
80 196
80 201
80 203
80 208
80 209
80 214
80 226
81 1
81 11
81 14
81 15
81 16
81 20
81 30
81 34
81 38
81 42
81 48
81 50
81 53
81 55
81 59
81 72
81 74
81 75
81 79
81 82
81 99
81 104
81 109
81 119
81 128
81 129
81 139
81 142
81 149
81 153
81 159
81 160
81 161
81 176
81 183
81 184
81 207
81 208
81 214
81 217
81 224
82 8
82 13
82 16
82 24
82 25
82 32
82 33
82 43
82 46
82 55
82 58
82 66
82 74
82 82
82 83
82 86
82 90
82 93
82 100
82 109
82 113
82 117
82 123
82 142
82 148
82 151
82 156
82 159
82 163
82 168
82 171
82 181
82 186
82 190
82 211
82 219
82 222
82 224
82 225
83 19
83 20
83 26
83 43
83 48
83 49
83 70
83 72
83 75
83 76
83 81
83 82
83 84
83 85
83 87
83 90
83 94
83 97
83 107
83 108
83 125
83 132
83 134
83 137
83 138
83 143
83 147
83 149
83 153
83 154
83 156
83 160
83 165
83 175
83 178
83 182
83 189
83 196
83 198
83 201
83 205
83 220
83 225
83 226
84 3
84 10
84 12
84 20
84 29
84 35
84 36
84 48
84 51
84 54
84 65
84 71
84 74
84 75
84 76
84 81
84 83
84 84
84 85
84 95
84 102
84 105
84 111
84 115
84 117
84 120
84 129
84 131
84 132
84 140
84 143
84 147
84 154
84 155
84 157
84 161
84 166
84 168
84 169
84 175
84 180
84 182
84 184
84 192
84 193
84 194
84 203
84 209
84 214
84 215
84 225
84 227
85 4
85 10
85 16
85 25
85 27
85 30
85 34
85 35
85 36
85 47
85 53
85 58
85 60
85 65
85 66
85 75
85 77
85 88
85 89
85 94
85 101
85 103
85 113
85 126
85 128
85 131
85 133
85 143
85 145
85 149
85 150
85 153
85 156
85 161
85 162
85 178
85 182
85 198
85 200
85 205
85 207
85 210
85 217
85 224
85 228
85 229
86 0
86 3
86 18
86 23
86 25
86 29
86 30
86 36
86 49
86 53
86 56
86 61
86 65
86 79
86 85
86 86
86 89
86 95
86 103
86 107
86 108
86 112
86 120
86 122
86 129
86 130
86 140
86 142
86 143
86 149
86 157
86 160
86 161
86 167
86 175
86 176
86 189
86 190
86 200
86 205
86 207
86 211
86 215
86 221
87 5
87 14
87 15
87 17
87 19
87 21
87 24
87 26
87 29
87 36
87 38
87 44
87 48
87 61
87 66
87 69
87 70
87 73
87 77
87 78
87 80
87 86
87 87
87 93
87 97
87 106
87 108
87 121
87 123
87 136
87 137
87 138
87 139
87 141
87 142
87 144
87 149
87 154
87 157
87 159
87 166
87 170
87 174
87 178
87 187
87 193
87 204
87 211
87 215
87 217
87 222
88 9
88 13
88 16
88 17
88 21
88 34
88 43
88 45
88 54
88 56
88 59
88 63
88 66
88 67
88 78
88 79
88 80
88 81
88 82
88 84
88 111
88 116
88 122
88 125
88 127
88 130
88 132
88 133
88 150
88 157
88 162
88 166
88 167
88 168
88 175
88 179
88 195
88 202
88 222
88 226
88 227
89 6
89 15
89 16
89 19
89 23
89 31
89 33
89 39
89 41
89 44
89 47
89 54
89 56
89 57
89 58
89 61
89 70
89 71
89 73
89 83
89 86
89 91
89 97
89 106
89 116
89 123
89 132
89 143
89 150
89 163
89 166
89 172
89 182
89 183
89 187
89 193
89 197
89 206
89 217
89 224
89 225
89 226
89 227
90 1
90 2
90 15
90 16
90 20
90 22
90 47
90 48
90 50
90 58
90 67
90 72
90 77
90 78
90 80
90 82
90 92
90 93
90 99
90 101
90 102
90 106
90 110
90 117
90 130
90 133
90 134
90 137
90 139
90 142
90 143
90 144
90 146
90 147
90 149
90 151
90 160
90 165
90 170
90 176
90 177
90 185
90 193
90 195
90 209
90 213
90 217
90 224
91 10
91 11
91 16
91 18
91 19
91 26
91 29
91 33
91 45
91 51
91 56
91 57
91 61
91 69
91 70
91 71
91 82
91 84
91 85
91 86
91 91
91 96
91 102
91 106
91 115
91 123
91 127
91 129
91 131
91 136
91 140
91 148
91 151
91 153
91 166
91 168
91 170
91 175
91 181
91 183
91 197
91 205
91 206
91 208
91 220
91 222
91 226
92 1
92 3
92 6
92 9
92 12
92 13
92 14
92 15
92 19
92 21
92 34
92 39
92 41
92 42
92 48
92 49
92 57
92 60
92 62
92 66
92 68
92 76
92 80
92 85
92 88
92 91
92 92
92 96
92 99
92 102
92 103
92 105
92 110
92 114
92 123
92 125
92 126
92 129
92 131
92 136
92 137
92 139
92 150
92 151
92 153
92 155
92 159
92 161
92 165
92 166
92 178
92 182
92 190
92 192
92 194
92 199
92 201
92 207
92 210
92 211
92 224
92 229
93 0
93 8
93 25
93 27
93 30
93 34
93 42
93 43
93 49
93 53
93 68
93 81
93 88
93 97
93 99
93 103
93 105
93 115
93 133
93 138
93 142
93 144
93 148
93 150
93 152
93 153
93 159
93 168
93 174
93 177
93 181
93 183
93 190
93 196
93 198
93 202
93 204
93 215
93 217
93 220
93 227
94 3
94 29
94 34
94 42
94 51
94 59
94 62
94 70
94 73
94 79
94 80
94 81
94 87
94 94
94 101
94 103
94 111
94 115
94 118
94 137
94 140
94 144
94 145
94 150
94 156
94 157
94 158
94 165
94 166
94 176
94 179
94 183
94 185
94 188
94 190
94 196
94 198
94 201
94 206
94 212
94 215
94 218
94 229
95 1
95 4
95 17
95 20
95 21
95 25
95 28
95 31
95 32
95 57
95 60
95 62
95 65
95 72
95 94
95 100
95 106
95 113
95 114
95 119
95 122
95 125
95 127
95 131
95 139
95 143
95 148
95 167
95 170
95 172
95 178
95 179
95 180
95 186
95 196
95 198
95 202
95 203
95 209
95 212
95 217
95 223
95 229
96 5
96 12
96 19
96 33
96 35
96 39
96 44
96 47
96 49
96 51
96 53
96 79
96 81
96 82
96 90
96 91
96 111
96 113
96 115
96 116
96 126
96 127
96 129
96 132
96 133
96 134
96 143
96 151
96 156
96 161
96 171
96 178
96 182
96 190
96 194
96 195
96 212
96 221
96 224
97 9
97 10
97 19
97 23
97 24
97 25
97 30
97 31
97 35
97 43
97 68
97 70
97 72
97 80
97 81
97 100
97 101
97 106
97 116
97 118
97 120
97 121
97 124
97 128
97 129
97 130
97 132
97 133
97 136
97 139
97 143
97 146
97 150
97 154
97 156
97 158
97 169
97 174
97 175
97 186
97 190
97 196
97 202
97 206
97 219
97 222
97 223
98 0
98 1
98 11
98 16
98 25
98 30
98 31
98 55
98 57
98 59
98 61
98 65
98 66
98 70
98 71
98 88
98 89
98 91
98 95
98 97
98 98
98 110
98 112
98 129
98 130
98 143
98 145
98 147
98 151
98 169
98 171
98 172
98 176
98 187
98 188
98 194
98 196
98 199
98 201
98 206
98 209
98 212
98 213
98 215
98 218
98 221
99 0
99 2
99 15
99 25
99 36
99 41
99 44
99 51
99 56
99 57
99 63
99 65
99 66
99 77
99 94
99 96
99 98
99 101
99 106
99 110
99 113
99 117
99 119
99 120
99 121
99 122
99 126
99 134
99 135
99 145
99 149
99 151
99 153
99 157
99 171
99 172
99 193
99 194
99 214
99 220
100 2
100 3
100 15
100 17
100 18
100 25
100 26
100 32
100 33
100 34
100 39
100 41
100 46
100 53
100 56
100 68
100 74
100 83
100 92
100 93
100 98
100 101
100 102
100 105
100 117
100 118
100 124
100 127
100 140
100 141
100 143
100 144
100 145
100 146
100 147
100 153
100 155
100 156
100 157
100 158
100 165
100 169
100 170
100 172
100 185
100 186
100 187
100 191
100 195
100 196
100 207
100 213
100 214
100 215
100 217
100 218
100 220
100 223
100 224
101 5
101 9
101 10
101 19
101 24
101 27
101 29
101 37
101 42
101 43
101 46
101 47
101 54
101 55
101 57
101 58
101 62
101 73
101 80
101 85
101 87
101 88
101 103
101 106
101 108
101 110
101 111
101 114
101 115
101 116
101 118
101 120
101 125
101 139
101 147
101 149
101 154
101 163
101 167
101 170
101 187
101 189
101 195
101 197
101 199
101 202
101 203
101 206
101 208
101 210
101 214
101 215
101 218
101 222
101 223
101 227
102 19
102 20
102 23
102 24
102 27
102 31
102 34
102 36
102 40
102 50
102 52
102 67
102 68
102 71
102 75
102 76
102 78
102 80
102 97
102 100
102 107
102 109
102 115
102 119
102 128
102 129
102 134
102 142
102 143
102 144
102 145
102 146
102 156
102 160
102 165
102 168
102 179
102 181
102 189
102 196
102 197
102 199
102 204
102 207
102 217
102 218
103 4
103 6
103 9
103 15
103 20
103 25
103 29
103 30
103 43
103 50
103 55
103 57
103 59
103 71
103 80
103 83
103 91
103 96
103 105
103 109
103 120
103 122
103 124
103 129
103 135
103 138
103 139
103 141
103 145
103 150
103 151
103 159
103 164
103 174
103 182
103 183
103 184
103 187
103 191
103 194
103 196
103 199
103 202
103 204
103 205
103 214
103 215
103 220
103 226
103 228
103 229
104 2
104 7
104 12
104 34
104 39
104 43
104 50
104 51
104 66
104 71
104 72
104 75
104 76
104 77
104 80
104 81
104 82
104 84
104 90
104 95
104 111
104 113
104 114
104 120
104 127
104 128
104 136
104 138
104 139
104 143
104 145
104 154
104 157
104 158
104 162
104 168
104 188
104 197
104 199
104 201
104 202
104 205
104 207
104 208
104 214
104 216
104 218
104 221
104 225
105 0
105 9
105 13
105 14
105 23
105 41
105 54
105 65
105 76
105 77
105 78
105 80
105 86
105 91
105 103
105 106
105 109
105 114
105 115
105 123
105 127
105 135
105 136
105 138
105 144
105 146
105 154
105 161
105 179
105 181
105 184
105 185
105 190
105 191
105 194
105 198
105 204
105 205
105 206
105 207
105 211
105 217
105 220
105 223
106 0
106 1
106 20
106 37
106 40
106 43
106 50
106 53
106 55
106 57
106 64
106 66
106 68
106 70
106 72
106 81
106 84
106 95
106 97
106 100
106 102
106 103
106 104
106 109
106 111
106 117
106 135
106 149
106 157
106 164
106 173
106 187
106 188
106 193
106 195
106 205
106 210
106 213
106 214
106 219
106 229
107 13
107 23
107 25
107 33
107 34
107 49
107 52
107 59
107 63
107 74
107 92
107 98
107 103
107 104
107 108
107 110
107 118
107 129
107 136
107 139
107 140
107 142
107 143
107 147
107 153
107 166
107 168
107 170
107 173
107 183
107 191
107 199
107 200
107 201
107 204
107 208
107 227
108 2
108 3
108 5
108 6
108 8
108 9
108 10
108 14
108 18
108 20
108 23
108 25
108 29
108 31
108 33
108 34
108 38
108 39
108 46
108 60
108 63
108 76
108 94
108 98
108 100
108 101
108 103
108 104
108 105
108 108
108 109
108 113
108 118
108 119
108 128
108 130
108 136
108 142
108 148
108 149
108 152
108 153
108 154
108 157
108 164
108 170
108 171
108 181
108 190
108 193
108 195
108 196
108 201
108 203
108 214
108 217
108 221
109 5
109 18
109 21
109 33
109 34
109 40
109 50
109 55
109 69
109 73
109 81
109 82
109 89
109 94
109 95
109 97
109 99
109 100
109 106
109 112
109 117
109 126
109 127
109 134
109 135
109 140
109 148
109 153
109 156
109 159
109 163
109 164
109 175
109 184
109 192
109 194
109 196
109 199
109 204
109 207
109 219
109 226
109 228
110 1
110 3
110 4
110 18
110 24
110 25
110 32
110 39
110 44
110 57
110 65
110 67
110 68
110 71
110 72
110 74
110 75
110 79
110 86
110 97
110 98
110 100
110 102
110 104
110 111
110 116
110 122
110 128
110 133
110 134
110 140
110 148
110 164
110 168
110 171
110 173
110 175
110 176
110 185
110 188
110 191
110 192
110 193
110 195
110 200
110 205
110 206
110 215
110 219
110 224
110 227
110 228
110 229
111 0
111 7
111 10
111 11
111 18
111 20
111 23
111 36
111 38
111 43
111 44
111 47
111 51
111 52
111 53
111 55
111 69
111 76
111 81
111 87
111 88
111 91
111 96
111 101
111 110
111 117
111 125
111 130
111 139
111 146
111 149
111 152
111 160
111 165
111 170
111 180
111 195
111 198
111 202
111 203
111 206
111 217
111 218
111 229
112 0
112 6
112 11
112 20
112 21
112 22
112 27
112 30
112 53
112 67
112 76
112 77
112 86
112 87
112 96
112 99
112 102
112 103
112 108
112 117
112 124
112 130
112 135
112 138
112 139
112 145
112 148
112 156
112 165
112 168
112 170
112 183
112 187
112 189
112 198
112 211
112 224
112 227
113 5
113 8
113 15
113 22
113 23
113 25
113 33
113 35
113 37
113 40
113 42
113 43
113 51
113 57
113 68
113 72
113 88
113 89
113 91
113 93
113 103
113 111
113 113
113 119
113 120
113 123
113 137
113 138
113 149
113 158
113 165
113 167
113 168
113 173
113 178
113 180
113 189
113 201
113 204
113 211
113 218
113 220
113 221
113 229
114 10
114 15
114 19
114 22
114 27
114 29
114 44
114 46
114 49
114 50
114 51
114 63
114 74
114 85
114 89
114 95
114 100
114 113
114 114
114 115
114 117
114 119
114 124
114 128
114 132
114 133
114 135
114 139
114 140
114 142
114 146
114 157
114 162
114 173
114 175
114 178
114 182
114 190
114 202
114 205
114 209
114 211
114 219
114 226
115 13
115 17
115 22
115 26
115 27
115 42
115 43
115 49
115 50
115 52
115 63
115 65
115 70
115 72
115 73
115 82
115 83
115 85
115 86
115 89
115 97
115 102
115 104
115 107
115 113
115 119
115 121
115 126
115 128
115 139
115 144
115 146
115 149
115 156
115 164
115 165
115 174
115 182
115 186
115 210
115 217
115 219
115 220
115 224
116 1
116 5
116 25
116 28
116 42
116 47
116 50
116 54
116 60
116 67
116 73
116 74
116 77
116 83
116 87
116 91
116 93
116 95
116 103
116 106
116 111
116 127
116 130
116 131
116 140
116 144
116 151
116 155
116 156
116 157
116 164
116 167
116 168
116 170
116 171
116 175
116 179
116 187
116 188
116 189
116 198
116 201
116 202
116 204
116 205
116 210
116 216
116 225
116 226
117 4
117 5
117 16
117 24
117 26
117 27
117 32
117 37
117 49
117 57
117 68
117 71
117 73
117 87
117 99
117 102
117 110
117 117
117 118
117 121
117 125
117 132
117 133
117 147
117 149
117 157
117 158
117 165
117 169
117 171
117 173
117 178
117 183
117 188
117 192
117 196
117 204
117 205
117 206
117 212
118 1
118 11
118 26
118 28
118 31
118 36
118 41
118 42
118 46
118 67
118 68
118 72
118 74
118 76
118 77
118 80
118 85
118 94
118 109
118 110
118 114
118 120
118 126
118 129
118 132
118 142
118 144
118 147
118 154
118 160
118 164
118 167
118 177
118 181
118 185
118 186
118 187
118 199
118 202
118 212
118 217
118 222
118 227
119 0
119 1
119 4
119 9
119 23
119 36
119 40
119 65
119 70
119 75
119 77
119 80
119 84
119 89
119 90
119 95
119 97
119 102
119 113
119 134
119 149
119 153
119 154
119 161
119 162
119 163
119 169
119 170
119 174
119 177
119 178
119 182
119 186
119 193
119 197
119 199
119 210
119 214
119 228
119 229
120 3
120 6
120 11
120 16
120 24
120 27
120 29
120 32
120 35
120 36
120 37
120 46
120 59
120 62
120 65
120 67
120 76
120 83
120 86
120 95
120 111
120 113
120 119
120 130
120 132
120 133
120 154
120 162
120 169
120 181
120 185
120 188
120 194
120 197
120 199
120 201
120 210
120 212
120 217
120 220
120 221
120 226
121 6
121 8
121 18
121 20
121 21
121 24
121 26
121 27
121 28
121 38
121 51
121 53
121 58
121 63
121 65
121 68
121 71
121 75
121 76
121 78
121 79
121 80
121 89
121 90
121 95
121 101
121 108
121 109
121 116
121 128
121 130
121 134
121 136
121 139
121 140
121 144
121 155
121 161
121 168
121 171
121 174
121 177
121 178
121 179
121 184
121 188
121 199
121 200
121 206
121 215
121 220
121 229
122 2
122 10
122 14
122 15
122 17
122 20
122 21
122 24
122 27
122 29
122 30
122 32
122 33
122 42
122 43
122 48
122 52
122 55
122 57
122 60
122 61
122 64
122 68
122 71
122 73
122 81
122 87
122 89
122 93
122 96
122 100
122 103
122 116
122 117
122 122
122 126
122 130
122 131
122 132
122 138
122 143
122 145
122 149
122 154
122 161
122 165
122 168
122 172
122 179
122 182
122 189
122 208
122 210
122 222
122 223
122 226
122 228
123 0
123 3
123 8
123 11
123 19
123 29
123 34
123 41
123 42
123 43
123 60
123 63
123 70
123 72
123 77
123 90
123 92
123 93
123 96
123 111
123 118
123 119
123 121
123 135
123 139
123 147
123 154
123 156
123 157
123 165
123 167
123 178
123 183
123 184
123 185
123 190
123 192
123 193
123 194
123 200
123 208
123 209
123 223
123 225
123 226
124 1
124 2
124 3
124 13
124 31
124 45
124 49
124 50
124 55
124 56
124 57
124 65
124 72
124 103
124 117
124 131
124 134
124 139
124 142
124 145
124 148
124 157
124 158
124 166
124 167
124 172
124 178
124 195
124 217
124 221
124 222
124 223
124 224
124 225
124 229
125 3
125 9
125 15
125 19
125 22
125 33
125 34
125 37
125 38
125 40
125 43
125 51
125 55
125 56
125 60
125 62
125 63
125 68
125 71
125 72
125 74
125 77
125 78
125 89
125 91
125 95
125 98
125 124
125 133
125 137
125 146
125 147
125 149
125 160
125 171
125 178
125 182
125 183
125 199
125 200
125 204
125 205
125 209
125 211
125 212
125 213
125 220
126 2
126 5
126 14
126 17
126 26
126 27
126 44
126 49
126 50
126 55
126 56
126 57
126 66
126 74
126 79
126 81
126 83
126 85
126 91
126 94
126 95
126 96
126 107
126 112
126 121
126 127
126 132
126 146
126 152
126 157
126 163
126 164
126 168
126 170
126 178
126 179
126 189
126 190
126 192
126 216
126 218
126 221
126 222
126 226
126 229
127 1
127 2
127 10
127 16
127 18
127 19
127 25
127 38
127 39
127 41
127 42
127 43
127 63
127 65
127 73
127 82
127 83
127 90
127 97
127 105
127 106
127 112
127 117
127 124
127 127
127 129
127 141
127 142
127 149
127 151
127 157
127 161
127 163
127 169
127 171
127 186
127 192
127 194
127 199
127 211
127 226
128 1
128 4
128 6
128 13
128 18
128 19
128 22
128 29
128 31
128 33
128 36
128 44
128 56
128 57
128 58
128 60
128 61
128 63
128 64
128 68
128 70
128 71
128 83
128 84
128 85
128 91
128 94
128 106
128 108
128 110
128 113
128 121
128 128
128 141
128 142
128 145
128 148
128 151
128 153
128 155
128 157
128 158
128 172
128 175
128 184
128 187
128 200
128 202
128 205
128 206
128 207
128 216
128 221
128 227
128 229
129 0
129 4
129 10
129 11
129 14
129 20
129 36
129 37
129 40
129 45
129 48
129 49
129 56
129 77
129 79
129 81
129 94
129 96
129 98
129 107
129 116
129 118
129 120
129 123
129 125
129 126
129 130
129 137
129 151
129 155
129 156
129 157
129 158
129 166
129 171
129 173
129 177
129 179
129 189
129 194
129 199
129 202
129 204
129 207
129 211
129 217
129 222
129 229
130 2
130 34
130 35
130 41
130 42
130 48
130 49
130 54
130 56
130 57
130 60
130 62
130 77
130 82
130 88
130 90
130 93
130 96
130 97
130 99
130 120
130 124
130 135
130 137
130 146
130 148
130 151
130 154
130 157
130 158
130 161
130 162
130 163
130 171
130 174
130 176
130 179
130 185
130 191
130 194
130 203
130 205
130 207
130 211
130 213
130 214
130 216
130 218
131 3
131 13
131 14
131 15
131 19
131 24
131 30
131 32
131 35
131 38
131 55
131 62
131 64
131 68
131 69
131 77
131 90
131 95
131 97
131 109
131 110
131 111
131 115
131 120
131 122
131 125
131 132
131 134
131 136
131 148
131 149
131 151
131 152
131 155
131 157
131 164
131 165
131 174
131 179
131 180
131 187
131 192
131 196
131 200
131 209
131 211
131 215
131 218
132 25
132 38
132 39
132 42
132 49
132 52
132 53
132 58
132 73
132 76
132 81
132 83
132 89
132 90
132 91
132 94
132 102
132 110
132 121
132 128
132 129
132 135
132 136
132 138
132 140
132 147
132 148
132 153
132 162
132 197
132 204
132 205
132 211
132 219
132 225
133 0
133 5
133 13
133 25
133 33
133 36
133 37
133 40
133 45
133 58
133 65
133 69
133 75
133 80
133 86
133 88
133 90
133 91
133 92
133 97
133 101
133 107
133 109
133 116
133 128
133 129
133 130
133 136
133 150
133 153
133 157
133 160
133 165
133 172
133 173
133 174
133 181
133 184
133 187
133 196
133 199
133 203
133 212
133 215
133 223
133 225
134 1
134 2
134 4
134 5
134 8
134 10
134 15
134 23
134 25
134 34
134 42
134 44
134 49
134 56
134 60
134 67
134 71
134 80
134 84
134 87
134 88
134 97
134 98
134 101
134 111
134 116
134 117
134 118
134 119
134 123
134 131
134 133
134 136
134 140
134 173
134 176
134 180
134 197
134 205
134 206
134 208
134 215
134 217
134 228
135 8
135 14
135 16
135 17
135 20
135 22
135 27
135 28
135 32
135 40
135 43
135 53
135 56
135 60
135 61
135 66
135 74
135 80
135 81
135 83
135 89
135 91
135 95
135 106
135 110
135 123
135 124
135 131
135 140
135 149
135 158
135 162
135 166
135 167
135 172
135 173
135 192
135 196
135 201
135 202
135 204
135 206
135 219
135 222
136 3
136 7
136 11
136 15
136 19
136 21
136 25
136 27
136 30
136 35
136 39
136 46
136 48
136 58
136 60
136 62
136 67
136 70
136 74
136 78
136 79
136 82
136 85
136 86
136 89
136 94
136 97
136 106
136 109
136 114
136 115
136 117
136 122
136 128
136 141
136 142
136 154
136 155
136 157
136 160
136 176
136 180
136 190
136 193
136 202
136 204
136 207
136 212
136 213
136 217
136 218
136 224
137 1
137 2
137 5
137 9
137 13
137 22
137 34
137 38
137 41
137 45
137 46
137 52
137 57
137 64
137 65
137 66
137 71
137 72
137 74
137 79
137 91
137 105
137 109
137 112
137 120
137 129
137 130
137 133
137 146
137 158
137 159
137 160
137 163
137 167
137 169
137 172
137 188
137 191
137 192
137 194
137 200
137 201
137 202
137 219
137 220
137 224
138 8
138 9
138 22
138 23
138 26
138 28
138 32
138 39
138 42
138 43
138 44
138 45
138 51
138 55
138 60
138 74
138 83
138 88
138 89
138 90
138 91
138 94
138 96
138 104
138 107
138 118
138 120
138 126
138 128
138 132
138 149
138 150
138 170
138 178
138 179
138 188
138 193
138 196
138 200
138 203
138 210
138 211
138 218
138 220
138 222
138 225
138 228
139 2
139 12
139 13
139 16
139 18
139 19
139 22
139 26
139 28
139 38
139 45
139 48
139 51
139 52
139 61
139 63
139 69
139 76
139 91
139 96
139 99
139 111
139 112
139 113
139 119
139 124
139 125
139 127
139 129
139 130
139 133
139 145
139 157
139 164
139 165
139 174
139 179
139 189
139 191
139 192
139 194
139 206
139 211
139 216
139 219
139 227
140 7
140 8
140 11
140 14
140 20
140 21
140 30
140 31
140 32
140 33
140 41
140 48
140 49
140 51
140 54
140 56
140 58
140 64
140 71
140 73
140 82
140 83
140 88
140 93
140 105
140 112
140 119
140 121
140 126
140 128
140 129
140 132
140 136
140 143
140 146
140 155
140 159
140 161
140 168
140 171
140 173
140 180
140 182
140 196
140 200
140 215
140 220
140 225
140 226
140 227
141 15
141 16
141 29
141 30
141 32
141 33
141 40
141 49
141 54
141 57
141 61
141 70
141 82
141 86
141 87
141 88
141 89
141 95
141 104
141 107
141 111
141 112
141 120
141 124
141 129
141 130
141 140
141 143
141 146
141 156
141 162
141 163
141 164
141 169
141 171
141 173
141 174
141 176
141 190
141 196
141 202
141 203
141 206
141 207
141 213
141 216
141 217
141 222
141 224
141 225
141 228
142 2
142 3
142 6
142 11
142 30
142 32
142 37
142 44
142 50
142 62
142 72
142 78
142 100
142 105
142 117
142 118
142 122
142 123
142 132
142 142
142 148
142 149
142 150
142 156
142 171
142 181
142 203
142 205
142 206
142 210
142 212
142 216
142 221
142 223
142 229
143 6
143 10
143 11
143 15
143 23
143 39
143 40
143 44
143 48
143 49
143 53
143 59
143 69
143 71
143 74
143 82
143 83
143 84
143 85
143 91
143 102
143 111
143 133
143 138
143 140
143 143
143 146
143 151
143 152
143 153
143 154
143 158
143 173
143 184
143 186
143 191
143 195
143 204
143 211
143 223
143 229
144 1
144 17
144 22
144 23
144 25
144 35
144 37
144 39
144 42
144 49
144 60
144 61
144 68
144 69
144 77
144 78
144 91
144 92
144 94
144 96
144 97
144 99
144 103
144 105
144 107
144 114
144 115
144 119
144 120
144 122
144 125
144 128
144 135
144 142
144 150
144 151
144 159
144 168
144 173
144 179
144 180
144 189
144 200
144 222
145 9
145 10
145 11
145 12
145 19
145 21
145 30
145 32
145 33
145 35
145 52
145 54
145 59
145 61
145 65
145 67
145 69
145 70
145 81
145 87
145 88
145 90
145 91
145 99
145 103
145 111
145 112
145 119
145 130
145 135
145 150
145 151
145 155
145 161
145 163
145 171
145 189
145 191
145 197
145 198
145 204
145 208
145 212
145 213
145 216
146 1
146 7
146 9
146 12
146 14
146 17
146 23
146 25
146 28
146 36
146 37
146 39
146 51
146 52
146 56
146 59
146 63
146 68
146 71
146 77
146 78
146 79
146 80
146 89
146 95
146 101
146 109
146 114
146 123
146 126
146 129
146 139
146 145
146 146
146 148
146 153
146 156
146 160
146 161
146 163
146 164
146 167
146 168
146 169
146 178
146 181
146 188
146 189
146 200
146 202
146 204
146 207
146 216
146 227
147 0
147 1
147 7
147 13
147 17
147 22
147 23
147 36
147 43
147 44
147 45
147 49
147 50
147 51
147 60
147 61
147 64
147 68
147 74
147 75
147 82
147 87
147 92
147 94
147 103
147 109
147 114
147 126
147 133
147 137
147 142
147 147
147 149
147 151
147 152
147 158
147 162
147 163
147 164
147 165
147 170
147 175
147 177
147 178
147 183
147 184
147 190
147 199
147 213
147 218
147 225
148 4
148 12
148 19
148 22
148 30
148 40
148 49
148 59
148 60
148 61
148 67
148 68
148 69
148 92
148 95
148 98
148 101
148 108
148 109
148 115
148 122
148 126
148 127
148 128
148 133
148 134
148 138
148 141
148 149
148 151
148 152
148 155
148 157
148 170
148 172
148 181
148 182
148 186
148 192
148 194
148 201
148 206
148 209
148 218
148 221
148 223
148 224
149 8
149 12
149 22
149 28
149 32
149 34
149 42
149 44
149 47
149 48
149 60
149 62
149 68
149 71
149 77
149 79
149 86
149 89
149 96
149 99
149 101
149 103
149 104
149 107
149 111
149 113
149 123
149 130
149 135
149 151
149 156
149 159
149 166
149 175
149 177
149 178
149 180
149 184
149 191
149 195
149 198
149 201
149 206
149 220
149 228
149 229
150 5
150 7
150 11
150 13
150 19
150 25
150 30
150 32
150 38
150 39
150 41
150 42
150 43
150 50
150 55
150 56
150 59
150 61
150 64
150 67
150 78
150 81
150 83
150 93
150 98
150 110
150 113
150 116
150 120
150 122
150 129
150 130
150 145
150 148
150 152
150 158
150 159
150 171
150 172
150 179
150 193
150 195
150 197
150 198
150 207
150 212
150 213
150 216
150 218
150 219
151 0
151 17
151 19
151 20
151 31
151 33
151 47
151 53
151 55
151 56
151 57
151 61
151 65
151 68
151 71
151 76
151 82
151 83
151 85
151 86
151 88
151 89
151 90
151 95
151 102
151 110
151 114
151 116
151 120
151 123
151 125
151 132
151 133
151 134
151 142
151 145
151 148
151 158
151 162
151 173
151 176
151 177
151 181
151 182
151 187
151 188
151 192
151 193
151 194
151 202
151 207
151 208
151 212
151 220
151 223
151 224
151 226
151 229
152 1
152 5
152 10
152 13
152 14
152 18
152 21
152 38
152 39
152 44
152 47
152 50
152 55
152 64
152 79
152 96
152 105
152 108
152 109
152 112
152 113
152 117
152 122
152 128
152 129
152 131
152 134
152 147
152 150
152 161
152 164
152 175
152 176
152 183
152 191
152 192
152 197
152 201
152 206
152 209
152 213
152 214
152 215
152 220
153 0
153 6
153 19
153 26
153 29
153 32
153 35
153 42
153 54
153 66
153 74
153 82
153 87
153 89
153 91
153 92
153 102
153 105
153 121
153 127
153 130
153 131
153 133
153 142
153 161
153 179
153 184
153 193
153 206
153 209
153 210
153 214
153 218
153 221
153 226
154 6
154 21
154 23
154 27
154 33
154 44
154 47
154 48
154 54
154 58
154 60
154 64
154 69
154 74
154 75
154 76
154 81
154 85
154 87
154 93
154 95
154 100
154 105
154 107
154 109
154 116
154 129
154 133
154 139
154 142
154 151
154 156
154 158
154 172
154 175
154 181
154 183
154 186
154 188
154 194
154 198
154 206
154 207
154 208
154 210
154 211
154 216
154 220
154 221
155 6
155 14
155 24
155 29
155 31
155 44
155 54
155 56
155 57
155 71
155 74
155 82
155 86
155 97
155 103
155 117
155 120
155 123
155 126
155 127
155 132
155 135
155 138
155 141
155 142
155 160
155 168
155 169
155 177
155 181
155 203
155 205
155 213
155 214
155 216
155 221
155 228
155 229
156 9
156 14
156 22
156 29
156 37
156 39
156 47
156 58
156 62
156 90
156 104
156 106
156 109
156 123
156 125
156 130
156 132
156 135
156 136
156 150
156 154
156 156
156 157
156 159
156 161
156 162
156 171
156 173
156 174
156 175
156 179
156 185
156 196
156 199
156 202
156 216
156 228
157 3
157 4
157 7
157 20
157 25
157 27
157 36
157 39
157 45
157 46
157 47
157 49
157 53
157 55
157 56
157 60
157 61
157 63
157 74
157 77
157 84
157 86
157 87
157 88
157 97
157 103
157 107
157 119
157 126
157 136
157 138
157 146
157 147
157 155
157 157
157 161
157 178
157 180
157 184
157 188
157 190
157 191
157 201
157 203
157 204
157 213
157 215
157 228
158 3
158 7
158 12
158 20
158 21
158 40
158 46
158 64
158 72
158 75
158 101
158 107
158 119
158 121
158 125
158 126
158 134
158 141
158 143
158 144
158 148
158 156
158 157
158 165
158 166
158 167
158 176
158 184
158 186
158 188
158 195
158 198
158 206
158 208
158 209
158 212
158 221
158 225
158 226
158 229
159 5
159 11
159 21
159 23
159 26
159 58
159 61
159 62
159 69
159 76
159 79
159 86
159 95
159 98
159 118
159 119
159 125
159 133
159 136
159 140
159 143
159 144
159 169
159 173
159 174
159 175
159 179
159 183
159 186
159 188
159 192
159 195
159 203
159 209
159 213
159 214
159 216
159 220
159 221
159 222
159 224
159 228
160 3
160 7
160 12
160 13
160 14
160 17
160 26
160 30
160 31
160 35
160 43
160 56
160 57
160 62
160 65
160 68
160 73
160 75
160 77
160 81
160 82
160 95
160 99
160 102
160 103
160 109
160 111
160 112
160 114
160 115
160 116
160 126
160 127
160 131
160 132
160 134
160 141
160 151
160 158
160 162
160 164
160 166
160 168
160 185
160 190
160 193
160 201
160 203
160 212
160 216
160 220
161 7
161 17
161 18
161 28
161 29
161 31
161 39
161 40
161 47
161 56
161 64
161 75
161 77
161 80
161 84
161 87
161 88
161 94
161 96
161 100
161 102
161 104
161 117
161 118
161 119
161 122
161 134
161 139
161 140
161 141
161 143
161 144
161 150
161 155
161 157
161 163
161 164
161 165
161 169
161 170
161 173
161 175
161 179
161 183
161 186
161 192
161 193
161 196
161 201
161 204
161 207
161 215
161 223
162 7
162 10
162 18
162 19
162 26
162 27
162 31
162 32
162 33
162 34
162 36
162 46
162 50
162 59
162 64
162 67
162 68
162 72
162 77
162 81
162 88
162 90
162 95
162 100
162 104
162 112
162 115
162 116
162 118
162 131
162 137
162 139
162 144
162 145
162 147
162 152
162 154
162 155
162 160
162 161
162 175
162 176
162 177
162 178
162 179
162 182
162 187
162 192
162 208
162 211
162 212
162 218
162 224
162 227
163 12
163 15
163 17
163 20
163 34
163 35
163 41
163 55
163 58
163 61
163 63
163 65
163 67
163 68
163 71
163 72
163 74
163 76
163 89
163 94
163 95
163 101
163 110
163 117
163 121
163 122
163 123
163 125
163 130
163 134
163 139
163 141
163 144
163 149
163 156
163 157
163 164
163 165
163 169
163 171
163 182
163 186
163 188
163 191
163 198
163 201
163 207
163 209
163 217
163 218
163 224
163 229
164 4
164 10
164 11
164 21
164 25
164 27
164 30
164 31
164 32
164 34
164 47
164 49
164 56
164 63
164 67
164 70
164 74
164 79
164 96
164 98
164 107
164 120
164 123
164 125
164 130
164 138
164 139
164 144
164 146
164 148
164 152
164 157
164 162
164 169
164 174
164 183
164 193
164 199
164 207
164 212
164 214
164 218
164 221
164 227
165 6
165 10
165 13
165 17
165 19
165 22
165 28
165 30
165 31
165 32
165 33
165 43
165 45
165 47
165 49
165 51
165 63
165 64
165 70
165 71
165 78
165 83
165 84
165 87
165 88
165 90
165 91
165 97
165 100
165 111
165 112
165 121
165 122
165 125
165 127
165 135
165 137
165 139
165 151
165 153
165 155
165 156
165 157
165 167
165 169
165 181
165 182
165 184
165 186
165 188
165 191
165 192
165 194
165 195
165 200
165 201
165 202
165 217
165 219
165 226
165 227
165 228
165 229
166 10
166 12
166 13
166 16
166 17
166 18
166 21
166 24
166 34
166 35
166 45
166 52
166 62
166 65
166 71
166 72
166 75
166 80
166 82
166 85
166 88
166 90
166 97
166 113
166 117
166 118
166 123
166 126
166 133
166 136
166 139
166 141
166 146
166 156
166 160
166 166
166 170
166 172
166 173
166 176
166 177
166 178
166 181
166 182
166 184
166 186
166 192
166 208
166 218
166 220
166 222
167 1
167 2
167 6
167 11
167 13
167 20
167 21
167 24
167 34
167 39
167 41
167 47
167 50
167 55
167 56
167 70
167 71
167 80
167 88
167 94
167 96
167 103
167 108
167 119
167 126
167 129
167 133
167 135
167 140
167 141
167 144
167 147
167 149
167 152
167 153
167 154
167 162
167 165
167 167
167 173
167 174
167 175
167 182
167 185
167 189
167 190
167 193
167 201
167 213
167 215
167 216
167 217
167 226
167 228
168 2
168 12
168 19
168 23
168 25
168 30
168 32
168 42
168 49
168 51
168 55
168 71
168 73
168 78
168 84
168 87
168 93
168 98
168 115
168 122
168 125
168 133
168 134
168 137
168 149
168 150
168 156
168 159
168 162
168 165
168 166
168 172
168 181
168 187
168 188
168 194
168 205
168 210
168 211
168 212
168 221
169 1
169 3
169 9
169 10
169 11
169 17
169 19
169 26
169 27
169 31
169 36
169 38
169 44
169 47
169 53
169 54
169 56
169 73
169 87
169 89
169 95
169 98
169 108
169 114
169 118
169 120
169 125
169 140
169 143
169 145
169 150
169 153
169 155
169 159
169 164
169 166
169 172
169 189
169 195
169 209
169 210
169 211
169 216
169 217
169 219
170 0
170 3
170 5
170 6
170 14
170 15
170 28
170 29
170 30
170 33
170 37
170 39
170 43
170 50
170 52
170 57
170 61
170 64
170 65
170 70
170 77
170 79
170 84
170 85
170 87
170 92
170 100
170 102
170 104
170 111
170 118
170 119
170 121
170 125
170 128
170 137
170 143
170 146
170 151
170 153
170 166
170 167
170 170
170 171
170 175
170 179
170 182
170 187
170 194
170 197
170 199
170 219
170 223
170 225
170 227
171 0
171 5
171 19
171 26
171 29
171 36
171 38
171 42
171 44
171 47
171 56
171 57
171 69
171 70
171 78
171 80
171 96
171 106
171 114
171 117
171 118
171 119
171 125
171 131
171 132
171 134
171 139
171 141
171 142
171 143
171 152
171 162
171 163
171 164
171 171
171 174
171 176
171 192
171 196
171 201
171 202
171 203
171 204
171 208
171 209
171 210
171 213
171 218
171 219
171 221
171 224
171 228
172 7
172 9
172 16
172 22
172 28
172 43
172 45
172 47
172 49
172 51
172 56
172 61
172 62
172 69
172 71
172 75
172 76
172 80
172 82
172 88
172 89
172 93
172 98
172 111
172 113
172 114
172 120
172 122
172 125
172 128
172 130
172 134
172 135
172 136
172 138
172 152
172 154
172 157
172 164
172 170
172 181
172 188
172 190
172 193
172 197
172 202
172 208
172 213
172 221
172 228
173 0
173 11
173 18
173 19
173 25
173 26
173 32
173 60
173 65
173 67
173 69
173 74
173 75
173 76
173 77
173 84
173 88
173 97
173 99
173 102
173 104
173 110
173 113
173 118
173 120
173 122
173 123
173 124
173 126
173 127
173 140
173 147
173 149
173 167
173 177
173 183
173 188
173 190
173 192
173 195
173 197
173 199
173 208
173 210
174 1
174 2
174 3
174 8
174 14
174 17
174 22
174 33
174 35
174 43
174 50
174 53
174 54
174 68
174 73
174 76
174 78
174 79
174 85
174 90
174 92
174 93
174 102
174 105
174 107
174 110
174 111
174 116
174 121
174 125
174 127
174 128
174 134
174 140
174 142
174 144
174 152
174 159
174 161
174 163
174 164
174 170
174 172
174 177
174 181
174 184
174 187
174 199
174 229
175 0
175 4
175 11
175 16
175 18
175 32
175 34
175 44
175 53
175 60
175 69
175 72
175 73
175 88
175 101
175 106
175 108
175 114
175 119
175 120
175 122
175 130
175 134
175 151
175 153
175 167
175 189
175 192
175 196
175 197
175 206
175 210
175 213
175 216
175 218
175 223
175 225
175 226
175 229
176 5
176 7
176 13
176 16
176 17
176 22
176 23
176 27
176 29
176 35
176 42
176 43
176 47
176 49
176 57
176 58
176 60
176 64
176 67
176 74
176 77
176 90
176 94
176 98
176 99
176 117
176 122
176 129
176 136
176 137
176 152
176 154
176 155
176 158
176 160
176 163
176 171
176 174
176 184
176 187
176 192
176 203
176 206
176 211
176 224
176 228
176 229
177 1
177 3
177 8
177 15
177 18
177 22
177 25
177 31
177 37
177 44
177 45
177 46
177 64
177 65
177 74
177 77
177 79
177 89
177 90
177 91
177 93
177 98
177 102
177 108
177 109
177 113
177 121
177 125
177 132
177 140
177 156
177 157
177 163
177 166
177 170
177 177
177 178
177 182
177 187
177 189
177 191
177 194
177 198
177 199
177 200
177 215
177 221
177 222
177 224
177 226
177 229
178 2
178 10
178 13
178 20
178 22
178 31
178 48
178 52
178 56
178 58
178 61
178 64
178 77
178 90
178 91
178 95
178 100
178 102
178 107
178 124
178 127
178 133
178 141
178 146
178 147
178 148
178 151
178 153
178 159
178 167
178 174
178 181
178 182
178 184
178 188
178 189
178 193
178 195
178 199
178 204
178 207
178 215
178 216
178 223
178 227
178 228
178 229
179 6
179 11
179 15
179 16
179 19
179 22
179 23
179 26
179 29
179 35
179 40
179 41
179 58
179 65
179 77
179 78
179 85
179 97
179 99
179 100
179 101
179 105
179 106
179 109
179 110
179 111
179 112
179 121
179 123
179 130
179 133
179 137
179 143
179 144
179 145
179 150
179 151
179 154
179 155
179 157
179 164
179 165
179 172
179 176
179 194
179 200
179 202
179 213
179 217
179 218
179 219
179 223
179 228
180 5
180 7
180 10
180 18
180 20
180 24
180 29
180 31
180 43
180 47
180 50
180 54
180 57
180 70
180 71
180 80
180 85
180 86
180 92
180 93
180 104
180 107
180 108
180 109
180 125
180 127
180 131
180 132
180 141
180 154
180 155
180 157
180 171
180 182
180 186
180 197
180 200
180 208
180 214
180 218
180 224
180 225
180 226
181 17
181 18
181 24
181 25
181 26
181 29
181 34
181 45
181 47
181 51
181 59
181 66
181 67
181 84
181 88
181 93
181 101
181 104
181 107
181 108
181 110
181 113
181 115
181 122
181 126
181 127
181 134
181 135
181 138
181 153
181 154
181 157
181 169
181 174
181 175
181 183
181 186
181 188
181 201
181 204
181 208
181 213
181 219
181 221
181 222
181 223
181 229
182 4
182 8
182 11
182 13
182 19
182 21
182 26
182 31
182 43
182 44
182 46
182 47
182 50
182 56
182 76
182 81
182 97
182 99
182 103
182 107
182 113
182 116
182 120
182 124
182 127
182 128
182 136
182 144
182 153
182 158
182 178
182 182
182 183
182 190
182 191
182 199
182 207
182 212
182 224
182 227
183 2
183 5
183 7
183 10
183 11
183 24
183 27
183 43
183 51
183 60
183 61
183 64
183 65
183 68
183 72
183 86
183 90
183 92
183 93
183 97
183 103
183 106
183 113
183 124
183 129
183 139
183 141
183 147
183 150
183 154
183 160
183 163
183 166
183 179
183 181
183 182
183 184
183 187
183 194
183 201
183 204
183 205
183 208
183 210
183 213
183 218
183 220
183 222
184 2
184 3
184 7
184 16
184 18
184 24
184 25
184 27
184 28
184 42
184 51
184 52
184 53
184 54
184 59
184 60
184 62
184 66
184 79
184 83
184 84
184 88
184 91
184 97
184 99
184 103
184 105
184 107
184 110
184 112
184 122
184 123
184 129
184 132
184 144
184 147
184 150
184 157
184 168
184 173
184 174
184 176
184 178
184 181
184 193
184 200
184 215
184 220
184 222
184 224
185 0
185 5
185 13
185 17
185 21
185 24
185 27
185 40
185 47
185 61
185 66
185 73
185 83
185 90
185 92
185 104
185 111
185 118
185 120
185 128
185 130
185 134
185 137
185 138
185 139
185 145
185 147
185 150
185 152
185 158
185 168
185 171
185 177
185 182
185 192
185 201
185 203
185 210
185 225
186 1
186 7
186 8
186 11
186 23
186 26
186 28
186 32
186 34
186 37
186 43
186 45
186 46
186 51
186 72
186 79
186 82
186 94
186 95
186 102
186 115
186 122
186 127
186 128
186 132
186 135
186 137
186 138
186 143
186 153
186 154
186 156
186 157
186 166
186 174
186 179
186 182
186 185
186 187
186 188
186 189
186 191
186 195
186 200
186 206
186 221
186 225
187 0
187 5
187 6
187 8
187 9
187 12
187 15
187 19
187 29
187 30
187 34
187 42
187 50
187 51
187 54
187 58
187 63
187 75
187 76
187 101
187 129
187 133
187 136
187 140
187 152
187 156
187 167
187 168
187 175
187 177
187 180
187 186
187 190
187 191
187 192
187 193
187 197
187 202
187 206
187 207
187 212
187 213
187 218
187 219
188 2
188 4
188 11
188 18
188 19
188 25
188 30
188 39
188 41
188 43
188 44
188 54
188 55
188 57
188 69
188 71
188 73
188 75
188 83
188 84
188 87
188 99
188 114
188 117
188 122
188 128
188 130
188 142
188 151
188 155
188 166
188 171
188 177
188 180
188 182
188 190
188 195
188 202
188 203
188 204
188 205
188 206
188 207
188 209
188 221
188 223
188 225
188 226
189 7
189 11
189 13
189 15
189 20
189 23
189 25
189 26
189 31
189 32
189 33
189 37
189 44
189 46
189 52
189 62
189 68
189 75
189 83
189 95
189 99
189 105
189 111
189 113
189 120
189 122
189 124
189 127
189 135
189 139
189 148
189 150
189 157
189 158
189 159
189 163
189 166
189 172
189 180
189 187
189 191
189 194
189 199
189 201
189 204
189 208
189 210
189 211
189 218
189 221
189 225
189 228
190 3
190 7
190 19
190 30
190 33
190 38
190 43
190 48
190 52
190 58
190 61
190 63
190 64
190 65
190 70
190 74
190 75
190 76
190 77
190 78
190 81
190 83
190 84
190 96
190 98
190 102
190 108
190 115
190 116
190 117
190 119
190 132
190 152
190 153
190 158
190 161
190 162
190 163
190 165
190 167
190 173
190 176
190 179
190 188
190 201
190 203
190 207
190 215
190 217
190 220
190 226
191 9
191 19
191 23
191 34
191 36
191 43
191 49
191 53
191 55
191 56
191 61
191 73
191 77
191 82
191 87
191 95
191 96
191 100
191 107
191 108
191 110
191 112
191 116
191 123
191 127
191 135
191 137
191 141
191 146
191 150
191 156
191 165
191 166
191 169
191 173
191 174
191 177
191 182
191 196
191 198
191 206
191 208
191 209
191 217
191 222
191 227
192 0
192 5
192 11
192 12
192 24
192 25
192 43
192 45
192 48
192 49
192 50
192 59
192 60
192 65
192 67
192 70
192 72
192 73
192 75
192 77
192 78
192 80
192 84
192 86
192 88
192 89
192 92
192 97
192 99
192 100
192 104
192 106
192 117
192 120
192 131
192 135
192 142
192 145
192 153
192 155
192 163
192 164
192 174
192 178
192 180
192 198
192 200
192 203
192 208
192 212
192 213
192 215
192 222
192 224
192 226
192 227
193 4
193 9
193 10
193 13
193 14
193 15
193 18
193 30
193 32
193 36
193 40
193 43
193 44
193 45
193 48
193 49
193 56
193 64
193 66
193 67
193 69
193 71
193 80
193 88
193 92
193 96
193 103
193 109
193 110
193 116
193 126
193 130
193 136
193 139
193 141
193 155
193 157
193 162
193 164
193 180
193 181
193 192
193 204
193 212
193 213
193 215
193 216
193 221
193 222
194 4
194 9
194 18
194 25
194 31
194 33
194 35
194 41
194 46
194 58
194 59
194 60
194 71
194 73
194 78
194 81
194 84
194 101
194 110
194 115
194 121
194 125
194 137
194 138
194 139
194 144
194 150
194 153
194 159
194 162
194 169
194 177
194 178
194 181
194 183
194 187
194 191
194 195
194 200
194 204
194 211
194 216
194 219
194 223
195 2
195 6
195 10
195 14
195 45
195 47
195 51
195 54
195 57
195 62
195 66
195 74
195 81
195 107
195 115
195 123
195 127
195 130
195 131
195 134
195 136
195 146
195 164
195 168
195 173
195 174
195 177
195 183
195 186
195 187
195 188
195 193
195 195
195 198
195 229
196 5
196 12
196 26
196 27
196 29
196 30
196 32
196 38
196 42
196 51
196 72
196 78
196 80
196 81
196 84
196 92
196 99
196 117
196 126
196 130
196 132
196 134
196 137
196 138
196 141
196 142
196 144
196 146
196 147
196 150
196 153
196 155
196 157
196 159
196 177
196 179
196 180
196 182
196 184
196 193
196 207
196 217
196 219
196 222
196 224
196 227
196 228
197 16
197 28
197 33
197 35
197 50
197 60
197 62
197 71
197 72
197 74
197 81
197 83
197 86
197 88
197 96
197 98
197 102
197 103
197 119
197 122
197 128
197 132
197 136
197 137
197 139
197 141
197 148
197 149
197 152
197 156
197 157
197 167
197 169
197 173
197 178
197 179
197 193
197 194
197 195
197 198
197 224
198 1
198 5
198 11
198 18
198 21
198 22
198 27
198 42
198 44
198 45
198 56
198 68
198 69
198 73
198 80
198 88
198 90
198 105
198 109
198 113
198 125
198 129
198 134
198 135
198 139
198 155
198 157
198 161
198 162
198 164
198 172
198 176
198 183
198 195
198 197
198 199
198 203
198 206
198 207
198 214
198 222
198 225
198 227
199 4
199 6
199 12
199 17
199 18
199 20
199 23
199 33
199 35
199 36
199 38
199 50
199 57
199 61
199 82
199 84
199 85
199 86
199 99
199 100
199 101
199 109
199 112
199 115
199 123
199 125
199 129
199 132
199 134
199 136
199 138
199 145
199 152
199 154
199 158
199 169
199 171
199 185
199 195
199 199
199 201
199 212
200 15
200 18
200 23
200 24
200 29
200 31
200 35
200 40
200 41
200 50
200 52
200 61
200 68
200 75
200 76
200 79
200 82
200 88
200 94
200 105
200 108
200 127
200 129
200 130
200 133
200 137
200 143
200 145
200 150
200 151
200 156
200 157
200 158
200 161
200 162
200 165
200 180
200 187
200 188
200 189
200 193
200 196
200 198
200 203
200 206
200 208
200 212
200 220
201 9
201 10
201 11
201 14
201 18
201 32
201 47
201 50
201 53
201 74
201 79
201 82
201 86
201 89
201 90
201 91
201 104
201 110
201 112
201 118
201 120
201 122
201 129
201 136
201 151
201 155
201 156
201 159
201 163
201 174
201 179
201 182
201 190
201 194
201 198
201 202
201 206
201 219
201 220
202 0
202 4
202 6
202 14
202 15
202 18
202 25
202 46
202 55
202 59
202 62
202 68
202 74
202 94
202 104
202 115
202 131
202 132
202 134
202 135
202 145
202 147
202 151
202 152
202 153
202 154
202 165
202 173
202 175
202 178
202 182
202 202
202 221
203 1
203 2
203 4
203 11
203 15
203 24
203 43
203 45
203 46
203 52
203 55
203 61
203 65
203 68
203 70
203 75
203 78
203 80
203 81
203 84
203 92
203 93
203 100
203 111
203 119
203 123
203 131
203 132
203 136
203 141
203 145
203 146
203 150
203 156
203 158
203 167
203 168
203 169
203 172
203 174
203 176
203 189
203 193
203 202
203 203
203 211
203 216
203 220
203 222
203 224
203 227
204 0
204 9
204 15
204 18
204 32
204 40
204 44
204 46
204 59
204 61
204 62
204 67
204 77
204 79
204 82
204 83
204 85
204 86
204 89
204 97
204 100
204 114
204 124
204 127
204 140
204 145
204 146
204 157
204 163
204 167
204 171
204 178
204 186
204 192
204 194
204 204
204 205
204 206
204 208
204 215
204 219
204 220
204 224
204 225
204 226
205 0
205 4
205 6
205 10
205 11
205 20
205 26
205 27
205 30
205 33
205 35
205 41
205 52
205 55
205 62
205 64
205 67
205 68
205 70
205 74
205 83
205 96
205 100
205 103
205 111
205 114
205 115
205 120
205 139
205 141
205 142
205 148
205 153
205 166
205 168
205 169
205 173
205 175
205 181
205 184
205 187
205 201
205 202
205 206
205 209
205 219
205 222
206 18
206 19
206 21
206 24
206 25
206 31
206 35
206 39
206 40
206 50
206 53
206 57
206 61
206 63
206 64
206 65
206 69
206 70
206 91
206 118
206 122
206 134
206 147
206 159
206 161
206 164
206 167
206 174
206 176
206 192
206 194
206 197
206 203
206 207
206 209
206 210
206 215
206 220
206 221
207 4
207 6
207 11
207 13
207 22
207 29
207 38
207 41
207 44
207 45
207 46
207 53
207 56
207 61
207 62
207 63
207 65
207 73
207 76
207 80
207 90
207 93
207 98
207 107
207 113
207 119
207 124
207 126
207 127
207 128
207 129
207 135
207 140
207 155
207 156
207 159
207 160
207 164
207 170
207 172
207 174
207 176
207 179
207 182
207 185
207 188
207 189
207 193
207 195
207 196
207 202
207 206
207 207
207 212
207 219
208 2
208 6
208 7
208 15
208 17
208 22
208 28
208 35
208 36
208 38
208 39
208 40
208 51
208 53
208 59
208 60
208 61
208 63
208 69
208 77
208 87
208 90
208 93
208 95
208 97
208 101
208 105
208 107
208 108
208 113
208 117
208 127
208 134
208 140
208 147
208 151
208 156
208 160
208 164
208 172
208 175
208 178
208 183
208 184
208 196
208 197
208 200
208 202
208 206
208 207
208 211
208 212
208 215
208 223
208 226
208 227
209 1
209 3
209 5
209 14
209 18
209 20
209 23
209 33
209 35
209 37
209 39
209 40
209 46
209 47
209 51
209 52
209 64
209 68
209 76
209 80
209 82
209 84
209 87
209 91
209 99
209 101
209 105
209 111
209 112
209 114
209 124
209 130
209 136
209 138
209 149
209 150
209 152
209 167
209 178
209 181
209 195
209 197
209 201
209 202
209 210
209 211
209 213
209 220
209 223
210 13
210 15
210 23
210 24
210 32
210 40
210 43
210 44
210 49
210 55
210 66
210 68
210 74
210 79
210 88
210 90
210 91
210 94
210 95
210 96
210 100
210 101
210 103
210 104
210 110
210 122
210 125
210 126
210 132
210 138
210 145
210 158
210 168
210 169
210 170
210 171
210 184
210 187
210 189
210 200
210 210
210 214
210 215
210 216
210 218
210 228
211 7
211 8
211 13
211 17
211 23
211 33
211 38
211 41
211 43
211 49
211 54
211 57
211 68
211 74
211 79
211 85
211 86
211 98
211 99
211 100
211 104
211 114
211 116
211 118
211 122
211 123
211 128
211 143
211 144
211 147
211 152
211 154
211 156
211 172
211 182
211 183
211 186
211 187
211 190
211 194
211 195
211 205
211 207
211 217
211 220
211 221
211 228
212 0
212 1
212 4
212 10
212 11
212 12
212 15
212 19
212 22
212 23
212 24
212 31
212 36
212 38
212 42
212 43
212 48
212 49
212 52
212 57
212 69
212 83
212 92
212 94
212 95
212 114
212 117
212 122
212 126
212 128
212 129
212 130
212 132
212 141
212 143
212 145
212 147
212 149
212 150
212 152
212 156
212 158
212 159
212 161
212 166
212 168
212 174
212 177
212 179
212 186
212 187
212 193
212 195
212 204
212 205
212 209
212 213
212 218
212 224
213 0
213 2
213 7
213 12
213 19
213 24
213 26
213 30
213 32
213 34
213 51
213 70
213 71
213 79
213 80
213 82
213 87
213 92
213 94
213 97
213 101
213 105
213 108
213 112
213 128
213 129
213 139
213 144
213 145
213 149
213 153
213 155
213 157
213 158
213 175
213 181
213 188
213 195
213 205
213 211
213 212
213 215
213 219
213 224
213 226
214 1
214 2
214 8
214 11
214 19
214 20
214 30
214 33
214 40
214 47
214 56
214 77
214 79
214 83
214 85
214 90
214 96
214 100
214 105
214 110
214 127
214 130
214 135
214 138
214 144
214 167
214 168
214 170
214 172
214 174
214 176
214 179
214 188
214 192
214 196
214 202
214 208
214 214
214 219
214 223
215 0
215 1
215 15
215 20
215 25
215 32
215 34
215 44
215 45
215 46
215 52
215 55
215 61
215 62
215 63
215 67
215 72
215 73
215 79
215 80
215 82
215 84
215 86
215 90
215 93
215 99
215 100
215 103
215 104
215 108
215 117
215 125
215 134
215 143
215 145
215 148
215 149
215 153
215 155
215 158
215 160
215 169
215 170
215 171
215 173
215 179
215 181
215 184
215 186
215 189
215 192
215 210
215 217
215 218
215 220
216 2
216 4
216 16
216 21
216 27
216 33
216 45
216 53
216 54
216 61
216 67
216 74
216 85
216 87
216 92
216 93
216 95
216 105
216 106
216 107
216 108
216 109
216 118
216 120
216 127
216 132
216 135
216 144
216 146
216 147
216 161
216 165
216 166
216 167
216 172
216 180
216 184
216 185
216 186
216 190
216 191
216 193
216 194
216 197
216 202
216 203
216 207
216 209
216 216
216 217
216 221
216 222
216 227
217 7
217 8
217 9
217 10
217 13
217 14
217 17
217 18
217 19
217 26
217 28
217 32
217 39
217 56
217 71
217 78
217 98
217 99
217 101
217 107
217 110
217 112
217 114
217 121
217 137
217 139
217 143
217 144
217 145
217 150
217 155
217 157
217 163
217 167
217 175
217 190
217 207
217 225
217 229
218 24
218 26
218 32
218 52
218 59
218 63
218 65
218 70
218 75
218 77
218 84
218 89
218 92
218 102
218 107
218 112
218 117
218 119
218 126
218 129
218 130
218 139
218 148
218 150
218 154
218 164
218 166
218 172
218 173
218 174
218 175
218 177
218 185
218 187
218 193
218 201
218 207
218 213
218 214
218 215
218 216
218 218
218 222
218 227
218 229
219 13
219 20
219 22
219 23
219 32
219 37
219 39
219 46
219 47
219 59
219 61
219 80
219 83
219 90
219 91
219 95
219 104
219 105
219 111
219 113
219 115
219 121
219 127
219 129
219 130
219 135
219 140
219 142
219 144
219 147
219 148
219 155
219 167
219 169
219 176
219 179
219 183
219 184
219 187
219 188
219 193
219 194
219 195
219 196
219 205
219 209
219 216
219 221
219 222
219 224
219 229
220 11
220 17
220 20
220 21
220 25
220 26
220 32
220 35
220 38
220 46
220 54
220 56
220 59
220 62
220 63
220 65
220 69
220 73
220 74
220 75
220 76
220 80
220 81
220 84
220 97
220 99
220 101
220 107
220 110
220 113
220 118
220 125
220 126
220 129
220 131
220 133
220 137
220 146
220 148
220 155
220 162
220 166
220 173
220 182
220 183
220 184
220 192
220 193
220 195
220 198
220 203
220 205
220 210
221 16
221 20
221 37
221 42
221 44
221 45
221 52
221 53
221 60
221 63
221 65
221 66
221 70
221 72
221 74
221 75
221 78
221 79
221 80
221 85
221 91
221 92
221 93
221 95
221 109
221 116
221 121
221 129
221 134
221 138
221 140
221 143
221 145
221 146
221 149
221 165
221 168
221 170
221 174
221 178
221 181
221 184
221 195
221 202
221 204
221 218
221 219
221 223
221 227
222 3
222 9
222 16
222 17
222 21
222 25
222 32
222 40
222 45
222 54
222 56
222 57
222 58
222 60
222 61
222 62
222 71
222 74
222 82
222 86
222 96
222 104
222 108
222 109
222 110
222 115
222 119
222 123
222 138
222 140
222 142
222 153
222 166
222 167
222 168
222 179
222 180
222 181
222 189
222 192
222 196
222 197
222 198
222 201
222 207
222 210
222 213
222 215
222 225
223 10
223 12
223 13
223 20
223 22
223 29
223 44
223 45
223 46
223 50
223 52
223 56
223 62
223 66
223 68
223 75
223 76
223 93
223 103
223 114
223 119
223 129
223 133
223 136
223 139
223 147
223 149
223 155
223 158
223 162
223 164
223 170
223 171
223 172
223 175
223 184
223 194
223 198
223 206
223 207
223 209
223 214
223 223
223 224
223 226
223 228
224 0
224 3
224 4
224 5
224 10
224 15
224 17
224 23
224 24
224 27
224 30
224 32
224 38
224 42
224 48
224 59
224 69
224 73
224 75
224 77
224 81
224 84
224 85
224 87
224 95
224 98
224 100
224 102
224 103
224 112
224 119
224 125
224 131
224 136
224 137
224 140
224 141
224 146
224 155
224 161
224 162
224 164
224 166
224 178
224 185
224 195
224 198
224 206
224 213
224 220
224 224
224 226
225 0
225 1
225 5
225 7
225 9
225 12
225 29
225 30
225 35
225 37
225 54
225 58
225 62
225 63
225 66
225 67
225 75
225 82
225 83
225 87
225 89
225 91
225 93
225 97
225 100
225 110
225 112
225 113
225 115
225 120
225 124
225 126
225 136
225 137
225 144
225 147
225 158
225 161
225 163
225 176
225 177
225 184
225 187
225 193
225 197
225 212
225 216
225 226
226 2
226 7
226 8
226 10
226 16
226 33
226 35
226 36
226 39
226 43
226 51
226 53
226 56
226 63
226 67
226 78
226 92
226 99
226 103
226 104
226 113
226 115
226 131
226 138
226 151
226 152
226 153
226 154
226 158
226 174
226 176
226 187
226 194
226 195
226 199
226 201
226 205
226 208
226 214
226 221
226 224
226 225
226 229
227 5
227 28
227 29
227 33
227 39
227 41
227 48
227 53
227 61
227 65
227 66
227 70
227 82
227 95
227 101
227 102
227 107
227 112
227 117
227 119
227 125
227 127
227 130
227 136
227 139
227 141
227 149
227 154
227 167
227 170
227 172
227 174
227 192
227 198
227 200
227 202
227 203
227 205
227 207
227 210
227 220
227 228
227 229
228 6
228 9
228 14
228 15
228 18
228 24
228 25
228 39
228 40
228 56
228 57
228 59
228 65
228 68
228 70
228 74
228 75
228 76
228 78
228 80
228 85
228 86
228 87
228 97
228 112
228 117
228 119
228 122
228 123
228 134
228 136
228 150
228 151
228 155
228 157
228 168
228 170
228 174
228 180
228 189
228 191
228 195
228 196
228 198
228 203
228 210
228 211
228 212
228 215
228 221
229 2
229 6
229 7
229 18
229 19
229 21
229 22
229 24
229 32
229 33
229 38
229 39
229 47
229 53
229 55
229 57
229 58
229 59
229 61
229 63
229 67
229 70
229 78
229 81
229 82
229 87
229 93
229 96
229 101
229 108
229 114
229 116
229 117
229 121
229 122
229 124
229 126
229 132
229 157
229 158
229 168
229 169
229 174
229 178
229 184
229 192
229 202
229 204
229 210
229 216
229 218
