30
180
0 7
0 10
1 1
1 13
1 14
1 16
1 18
1 23
1 24
1 27
1 29
2 3
2 12
2 14
2 22
2 23
2 26
3 9
3 15
3 20
3 29
4 8
4 11
4 12
4 14
4 15
4 27
5 0
5 3
5 5
5 12
5 17
5 18
5 24
5 25
6 3
6 4
6 12
6 29
7 6
7 12
7 13
7 19
7 22
7 28
8 0
8 10
8 11
8 14
8 19
8 22
8 29
9 11
9 18
9 24
9 29
10 9
10 15
10 16
10 20
10 22
10 26
10 28
11 4
11 5
11 6
11 9
11 14
11 20
11 29
12 1
12 2
12 11
12 15
12 16
12 26
13 4
13 8
13 11
13 15
13 17
13 22
13 25
14 0
14 8
14 22
14 26
15 3
15 5
15 9
15 15
15 19
15 20
15 23
15 28
15 29
16 4
16 7
16 8
16 20
16 24
16 28
17 0
17 9
17 11
17 14
17 15
17 20
17 22
17 25
18 1
18 4
18 6
18 8
18 10
18 16
18 18
18 29
19 6
19 10
19 15
19 20
19 22
20 18
20 29
21 1
21 5
21 12
21 14
21 22
22 0
22 6
22 8
22 10
22 12
22 13
22 16
22 21
22 26
22 29
23 2
23 5
23 6
23 16
23 22
23 27
24 5
24 8
24 9
24 16
24 23
24 28
25 7
25 9
25 14
25 20
25 22
25 29
26 0
26 5
26 10
26 16
26 26
27 2
27 6
27 7
27 13
27 21
27 27
28 5
28 8
28 12
28 14
28 15
28 22
28 28
29 1
29 5
29 13
29 20
