150
4500
0 1
0 5
0 8
0 9
0 13
0 15
0 18
0 19
0 20
0 48
0 51
0 52
0 69
0 71
0 72
0 75
0 77
0 82
0 85
0 93
0 94
0 102
0 104
0 105
0 121
0 131
0 145
1 16
1 17
1 18
1 21
1 31
1 32
1 36
1 38
1 42
1 47
1 54
1 63
1 70
1 76
1 80
1 84
1 90
1 95
1 97
1 98
1 100
1 103
1 109
1 113
1 125
1 133
1 138
1 143
1 145
1 149
2 10
2 12
2 22
2 24
2 28
2 30
2 32
2 33
2 35
2 39
2 46
2 48
2 55
2 56
2 57
2 61
2 66
2 73
2 86
2 89
2 95
2 103
2 121
2 123
2 127
2 140
2 141
2 142
2 143
2 145
3 1
3 6
3 10
3 18
3 26
3 27
3 31
3 32
3 38
3 43
3 47
3 52
3 55
3 57
3 61
3 63
3 68
3 70
3 71
3 73
3 91
3 98
3 106
3 110
3 116
3 118
3 121
3 123
3 133
3 134
3 136
3 138
3 141
3 146
4 5
4 8
4 9
4 11
4 13
4 14
4 27
4 28
4 29
4 31
4 39
4 46
4 47
4 53
4 54
4 65
4 78
4 81
4 83
4 84
4 85
4 95
4 96
4 99
4 106
4 112
4 118
4 121
4 141
5 2
5 5
5 9
5 17
5 25
5 32
5 33
5 38
5 47
5 49
5 51
5 62
5 72
5 75
5 77
5 81
5 83
5 86
5 90
5 93
5 94
5 95
5 99
5 100
5 102
5 103
5 106
5 107
5 115
5 118
5 120
5 126
5 139
5 140
5 142
6 8
6 9
6 13
6 14
6 15
6 17
6 31
6 41
6 43
6 44
6 46
6 50
6 53
6 54
6 55
6 63
6 69
6 70
6 71
6 73
6 74
6 88
6 91
6 93
6 95
6 98
6 99
6 106
6 112
6 113
6 116
6 122
6 124
6 127
6 129
6 142
7 5
7 6
7 8
7 20
7 22
7 29
7 32
7 40
7 43
7 47
7 48
7 52
7 54
7 55
7 56
7 57
7 59
7 63
7 67
7 68
7 69
7 77
7 101
7 109
7 113
7 141
7 142
7 143
7 146
8 8
8 17
8 18
8 21
8 22
8 35
8 42
8 43
8 45
8 51
8 61
8 69
8 91
8 100
8 102
8 104
8 106
8 108
8 112
8 122
8 123
8 127
8 134
8 137
8 138
8 140
8 142
8 144
8 146
9 1
9 6
9 11
9 13
9 20
9 26
9 38
9 42
9 44
9 49
9 50
9 51
9 60
9 61
9 71
9 72
9 74
9 75
9 85
9 87
9 89
9 96
9 101
9 113
9 114
9 116
9 119
9 121
9 130
9 138
9 147
9 148
9 149
10 2
10 13
10 16
10 19
10 25
10 28
10 36
10 37
10 42
10 50
10 55
10 57
10 58
10 59
10 61
10 70
10 71
10 72
10 73
10 79
10 85
10 89
10 90
10 93
10 102
10 103
10 108
10 118
10 123
10 126
10 130
10 131
10 135
10 137
10 140
10 144
10 148
11 24
11 28
11 35
11 37
11 44
11 51
11 52
11 57
11 58
11 61
11 63
11 72
11 77
11 78
11 86
11 103
11 107
11 110
11 111
11 112
11 127
11 129
11 130
11 132
11 135
11 140
11 146
12 0
12 33
12 46
12 54
12 58
12 60
12 67
12 69
12 71
12 86
12 87
12 91
12 102
12 113
12 125
12 128
12 132
12 145
13 2
13 5
13 14
13 15
13 16
13 18
13 19
13 21
13 24
13 37
13 39
13 41
13 43
13 47
13 49
13 66
13 69
13 71
13 91
13 93
13 95
13 97
13 114
13 115
13 122
13 126
13 132
13 137
13 139
13 146
14 0
14 1
14 2
14 9
14 10
14 11
14 12
14 13
14 23
14 24
14 26
14 27
14 29
14 31
14 35
14 36
14 39
14 40
14 41
14 43
14 50
14 51
14 52
14 65
14 68
14 71
14 77
14 78
14 92
14 101
14 103
14 104
14 106
14 107
14 118
14 123
14 131
14 133
14 134
14 135
14 138
14 139
14 141
15 4
15 8
15 38
15 39
15 41
15 44
15 46
15 49
15 58
15 59
15 62
15 63
15 64
15 78
15 82
15 86
15 89
15 91
15 93
15 94
15 95
15 100
15 103
15 104
15 106
15 112
15 114
15 117
15 126
15 130
15 132
15 139
15 142
15 148
16 6
16 8
16 17
16 36
16 48
16 49
16 52
16 55
16 58
16 62
16 68
16 77
16 79
16 85
16 86
16 91
16 97
16 98
16 109
16 111
16 114
16 117
16 121
16 124
16 125
17 0
17 2
17 10
17 18
17 21
17 26
17 32
17 33
17 45
17 53
17 54
17 59
17 61
17 66
17 69
17 75
17 80
17 84
17 91
17 102
17 104
17 109
17 113
17 115
17 120
17 138
17 139
17 141
17 142
17 149
18 0
18 4
18 10
18 21
18 22
18 33
18 37
18 38
18 42
18 50
18 57
18 65
18 71
18 83
18 84
18 108
18 110
18 112
18 116
18 121
18 122
18 124
18 126
18 137
18 143
18 145
19 8
19 12
19 25
19 31
19 37
19 39
19 42
19 61
19 66
19 69
19 73
19 75
19 77
19 79
19 82
19 83
19 92
19 103
19 111
19 119
19 123
19 126
19 138
19 140
20 0
20 3
20 4
20 8
20 16
20 17
20 24
20 29
20 33
20 43
20 46
20 48
20 52
20 54
20 60
20 61
20 62
20 66
20 68
20 79
20 85
20 86
20 97
20 103
20 110
20 115
20 116
20 119
20 124
20 126
20 129
20 133
20 140
20 149
21 0
21 2
21 6
21 10
21 27
21 28
21 37
21 42
21 60
21 61
21 65
21 66
21 74
21 89
21 94
21 95
21 96
21 97
21 107
21 110
21 111
21 112
21 113
21 122
21 124
21 126
21 132
21 133
21 134
21 135
21 148
22 3
22 6
22 12
22 21
22 27
22 35
22 39
22 43
22 53
22 56
22 66
22 71
22 79
22 80
22 85
22 87
22 88
22 90
22 92
22 93
22 103
22 112
22 117
22 130
22 132
22 148
22 149
23 15
23 17
23 25
23 26
23 28
23 38
23 49
23 52
23 53
23 55
23 71
23 89
23 90
23 92
23 106
23 110
23 113
23 131
23 139
23 140
23 142
23 145
23 147
24 9
24 10
24 19
24 26
24 43
24 52
24 61
24 62
24 64
24 67
24 69
24 70
24 72
24 73
24 74
24 82
24 85
24 86
24 105
24 109
24 120
24 124
24 135
24 136
24 139
24 141
24 143
24 145
25 0
25 3
25 5
25 6
25 17
25 24
25 25
25 30
25 37
25 44
25 50
25 51
25 54
25 57
25 70
25 72
25 75
25 77
25 83
25 98
25 99
25 102
25 106
25 109
25 114
25 118
25 121
25 122
25 130
25 133
25 144
25 146
25 147
26 5
26 9
26 12
26 16
26 27
26 32
26 37
26 41
26 52
26 61
26 64
26 68
26 70
26 73
26 76
26 81
26 91
26 92
26 93
26 96
26 98
26 105
26 109
26 112
26 113
26 114
26 115
26 120
26 121
26 134
26 135
26 139
26 142
26 143
26 149
27 3
27 5
27 7
27 12
27 13
27 17
27 41
27 45
27 55
27 56
27 59
27 66
27 69
27 70
27 79
27 84
27 86
27 91
27 96
27 101
27 108
27 114
27 122
27 126
27 130
27 131
27 138
27 148
27 149
28 10
28 13
28 14
28 23
28 29
28 34
28 42
28 45
28 46
28 52
28 57
28 66
28 71
28 78
28 79
28 80
28 85
28 86
28 91
28 95
28 98
28 101
28 109
28 111
28 113
28 126
28 130
29 0
29 1
29 3
29 9
29 13
29 14
29 18
29 20
29 25
29 26
29 28
29 32
29 33
29 34
29 52
29 53
29 65
29 73
29 74
29 79
29 82
29 84
29 85
29 97
29 101
29 105
29 113
29 115
29 116
29 119
29 121
29 127
29 129
29 139
29 144
29 149
30 1
30 2
30 6
30 14
30 20
30 24
30 32
30 33
30 35
30 38
30 44
30 58
30 59
30 62
30 70
30 73
30 82
30 88
30 89
30 90
30 94
30 96
30 107
30 109
30 122
30 126
30 129
30 130
30 132
30 133
30 134
30 136
30 137
30 139
30 142
30 143
30 144
30 146
30 148
31 0
31 2
31 7
31 9
31 19
31 23
31 26
31 31
31 36
31 43
31 47
31 60
31 85
31 89
31 90
31 104
31 107
31 113
31 119
31 127
31 131
31 138
31 140
31 142
31 146
31 148
32 1
32 15
32 16
32 23
32 25
32 26
32 41
32 43
32 49
32 51
32 52
32 56
32 60
32 66
32 68
32 71
32 73
32 82
32 85
32 87
32 88
32 89
32 91
32 103
32 107
32 131
32 135
32 136
32 138
32 139
32 142
33 9
33 13
33 15
33 16
33 25
33 31
33 32
33 34
33 35
33 37
33 45
33 51
33 54
33 55
33 56
33 59
33 63
33 64
33 75
33 79
33 81
33 86
33 87
33 88
33 101
33 103
33 107
33 119
33 142
34 0
34 2
34 3
34 5
34 10
34 15
34 19
34 33
34 36
34 38
34 45
34 50
34 58
34 61
34 65
34 71
34 83
34 84
34 89
34 93
34 102
34 105
34 111
34 120
34 121
34 122
34 124
34 126
34 135
34 136
34 143
35 7
35 16
35 20
35 22
35 32
35 35
35 39
35 40
35 42
35 44
35 48
35 51
35 62
35 68
35 75
35 81
35 83
35 91
35 95
35 98
35 106
35 113
35 119
35 121
35 124
35 130
35 131
35 132
36 17
36 21
36 27
36 33
36 42
36 46
36 49
36 50
36 57
36 72
36 85
36 90
36 100
36 109
36 115
36 124
36 125
36 139
36 147
37 5
37 15
37 22
37 23
37 26
37 28
37 29
37 31
37 40
37 42
37 44
37 46
37 48
37 50
37 56
37 59
37 77
37 88
37 90
37 91
37 95
37 100
37 102
37 104
37 105
37 106
37 107
37 110
37 127
37 131
37 133
37 140
38 3
38 4
38 7
38 9
38 11
38 16
38 17
38 24
38 32
38 47
38 58
38 70
38 73
38 75
38 78
38 79
38 80
38 81
38 87
38 93
38 99
38 110
38 111
38 116
38 120
38 138
38 141
38 145
38 148
39 8
39 10
39 11
39 16
39 22
39 23
39 26
39 34
39 35
39 36
39 43
39 47
39 54
39 55
39 59
39 71
39 76
39 78
39 79
39 85
39 86
39 88
39 89
39 99
39 106
39 107
39 108
39 112
39 118
39 122
39 130
39 131
39 137
39 138
39 141
39 144
40 2
40 3
40 12
40 14
40 15
40 19
40 20
40 28
40 29
40 40
40 47
40 48
40 62
40 63
40 64
40 65
40 70
40 72
40 76
40 92
40 94
40 97
40 98
40 100
40 101
40 107
40 120
40 123
40 124
40 130
40 131
40 135
40 137
40 141
40 142
41 0
41 1
41 3
41 5
41 7
41 8
41 9
41 10
41 13
41 15
41 16
41 30
41 45
41 48
41 52
41 56
41 62
41 74
41 78
41 85
41 89
41 96
41 99
41 109
41 118
41 133
41 144
41 149
42 2
42 6
42 10
42 12
42 27
42 49
42 53
42 56
42 60
42 63
42 74
42 81
42 94
42 95
42 100
42 101
42 103
42 104
42 106
42 108
42 116
42 117
42 118
42 126
42 127
42 135
42 140
42 143
42 144
43 8
43 10
43 25
43 39
43 47
43 52
43 54
43 58
43 60
43 70
43 75
43 76
43 80
43 81
43 82
43 83
43 86
43 88
43 89
43 103
43 111
43 112
43 114
43 121
43 131
43 132
43 133
43 144
43 149
44 0
44 2
44 4
44 15
44 18
44 31
44 46
44 74
44 79
44 83
44 85
44 88
44 94
44 98
44 101
44 111
44 118
44 121
44 124
44 130
44 137
44 138
44 140
44 149
45 2
45 4
45 8
45 10
45 11
45 12
45 15
45 17
45 31
45 36
45 39
45 44
45 47
45 51
45 54
45 59
45 62
45 75
45 76
45 78
45 89
45 91
45 93
45 97
45 120
45 126
45 129
45 130
45 131
45 139
45 141
45 143
45 146
46 3
46 7
46 9
46 20
46 21
46 22
46 29
46 38
46 39
46 48
46 61
46 62
46 67
46 68
46 72
46 75
46 78
46 86
46 88
46 93
46 94
46 98
46 106
46 131
46 133
46 136
46 143
46 149
47 10
47 11
47 13
47 15
47 18
47 23
47 41
47 63
47 67
47 68
47 69
47 74
47 75
47 78
47 82
47 83
47 84
47 86
47 87
47 88
47 91
47 98
47 102
47 110
47 115
47 126
47 132
47 141
48 3
48 9
48 11
48 12
48 15
48 22
48 29
48 31
48 33
48 39
48 45
48 51
48 52
48 65
48 68
48 72
48 73
48 74
48 79
48 80
48 81
48 98
48 99
48 107
48 116
48 118
48 120
48 121
48 127
48 132
48 148
49 1
49 3
49 17
49 20
49 25
49 29
49 32
49 34
49 42
49 46
49 48
49 49
49 51
49 59
49 61
49 62
49 64
49 76
49 81
49 82
49 88
49 95
49 100
49 101
49 103
49 104
49 117
49 120
49 121
49 122
49 123
49 124
49 128
49 136
49 139
49 148
49 149
50 0
50 1
50 8
50 9
50 22
50 25
50 26
50 39
50 49
50 56
50 58
50 65
50 71
50 73
50 76
50 84
50 90
50 91
50 106
50 109
50 122
50 127
50 141
50 144
50 148
51 1
51 6
51 13
51 15
51 17
51 21
51 23
51 27
51 30
51 31
51 39
51 43
51 44
51 48
51 53
51 54
51 59
51 66
51 68
51 71
51 73
51 89
51 91
51 92
51 96
51 109
51 113
51 120
51 124
51 127
51 129
51 130
51 132
51 139
51 143
51 145
51 147
52 7
52 8
52 17
52 28
52 31
52 32
52 34
52 38
52 43
52 49
52 55
52 68
52 70
52 72
52 75
52 76
52 79
52 85
52 98
52 106
52 116
52 119
52 120
52 129
52 138
53 10
53 13
53 14
53 19
53 29
53 33
53 35
53 41
53 42
53 51
53 52
53 54
53 58
53 60
53 66
53 70
53 71
53 72
53 75
53 76
53 110
53 114
53 117
53 118
53 120
53 122
53 126
53 131
53 134
53 138
53 143
53 144
53 147
54 12
54 16
54 18
54 32
54 38
54 40
54 56
54 59
54 75
54 82
54 83
54 84
54 86
54 91
54 97
54 109
54 116
54 117
54 125
54 127
54 133
54 136
54 146
55 1
55 5
55 9
55 10
55 11
55 12
55 15
55 24
55 29
55 30
55 31
55 36
55 40
55 59
55 73
55 74
55 80
55 81
55 82
55 90
55 94
55 105
55 106
55 138
55 143
55 148
56 1
56 8
56 10
56 11
56 15
56 19
56 21
56 25
56 31
56 44
56 46
56 50
56 67
56 82
56 83
56 84
56 87
56 91
56 92
56 98
56 102
56 108
56 109
56 111
56 120
56 125
56 134
56 135
56 136
56 139
56 140
56 146
57 2
57 3
57 5
57 8
57 32
57 35
57 39
57 42
57 43
57 44
57 48
57 51
57 53
57 60
57 63
57 65
57 68
57 70
57 76
57 82
57 83
57 97
57 109
57 110
57 119
57 134
57 138
57 146
58 17
58 26
58 30
58 37
58 40
58 49
58 55
58 57
58 61
58 62
58 66
58 70
58 72
58 75
58 77
58 79
58 81
58 82
58 84
58 93
58 108
58 111
58 116
58 117
58 118
58 128
58 134
58 135
58 139
58 146
58 148
58 149
59 2
59 6
59 11
59 12
59 20
59 25
59 26
59 27
59 28
59 42
59 43
59 44
59 47
59 48
59 49
59 63
59 65
59 69
59 76
59 77
59 89
59 99
59 112
59 114
59 135
59 139
59 141
59 144
60 1
60 5
60 8
60 13
60 14
60 27
60 35
60 38
60 48
60 50
60 51
60 58
60 67
60 70
60 73
60 77
60 85
60 90
60 96
60 97
60 102
60 105
60 110
60 111
60 115
60 121
60 125
60 126
60 127
60 130
60 131
60 135
60 140
60 141
60 143
60 144
60 145
61 1
61 4
61 14
61 16
61 20
61 21
61 23
61 39
61 42
61 47
61 53
61 60
61 69
61 74
61 81
61 85
61 87
61 89
61 93
61 94
61 108
61 115
61 121
61 124
61 129
61 134
61 137
61 138
61 144
61 148
62 2
62 24
62 25
62 26
62 28
62 30
62 39
62 40
62 44
62 46
62 51
62 54
62 60
62 61
62 65
62 80
62 82
62 84
62 85
62 88
62 91
62 95
62 98
62 101
62 103
62 106
62 110
62 112
62 116
62 133
62 134
62 140
62 143
63 0
63 7
63 19
63 22
63 24
63 31
63 37
63 44
63 62
63 73
63 76
63 77
63 82
63 84
63 96
63 99
63 117
63 122
63 125
63 131
63 138
63 146
63 148
64 1
64 6
64 9
64 17
64 19
64 22
64 24
64 33
64 37
64 43
64 47
64 49
64 61
64 68
64 74
64 93
64 97
64 107
64 119
64 142
65 0
65 8
65 10
65 11
65 13
65 23
65 24
65 25
65 33
65 38
65 41
65 46
65 49
65 56
65 62
65 67
65 68
65 70
65 72
65 74
65 85
65 99
65 101
65 103
65 111
65 112
65 117
65 133
65 137
65 138
65 142
65 147
66 2
66 6
66 10
66 18
66 29
66 41
66 43
66 45
66 58
66 60
66 66
66 74
66 78
66 81
66 83
66 84
66 93
66 94
66 108
66 112
66 116
66 125
66 126
66 130
66 134
66 145
66 146
67 2
67 7
67 10
67 19
67 22
67 27
67 29
67 34
67 56
67 65
67 66
67 72
67 74
67 86
67 95
67 109
67 111
67 124
67 128
67 132
67 140
67 146
67 147
68 5
68 8
68 11
68 16
68 17
68 22
68 45
68 49
68 50
68 53
68 54
68 62
68 68
68 71
68 72
68 77
68 82
68 92
68 96
68 101
68 106
68 113
68 114
68 118
68 120
68 122
68 124
68 128
68 131
68 132
68 133
68 135
68 145
68 147
69 0
69 3
69 4
69 6
69 17
69 21
69 22
69 23
69 24
69 32
69 34
69 52
69 55
69 63
69 65
69 74
69 75
69 79
69 87
69 88
69 91
69 96
69 98
69 99
69 100
69 101
69 114
69 121
69 127
69 130
69 142
69 143
69 147
70 4
70 9
70 15
70 19
70 25
70 29
70 34
70 37
70 38
70 40
70 41
70 46
70 50
70 54
70 59
70 60
70 61
70 64
70 67
70 74
70 84
70 86
70 88
70 92
70 94
70 103
70 105
70 107
70 116
70 117
70 119
70 123
70 124
70 127
70 130
70 131
70 132
70 135
70 141
70 145
70 147
71 8
71 9
71 10
71 11
71 15
71 20
71 30
71 31
71 32
71 35
71 39
71 40
71 41
71 48
71 49
71 60
71 73
71 78
71 81
71 83
71 86
71 87
71 95
71 108
71 111
71 114
71 115
71 121
71 132
71 135
71 141
71 147
72 2
72 4
72 6
72 7
72 9
72 13
72 15
72 22
72 26
72 27
72 42
72 54
72 56
72 58
72 63
72 73
72 75
72 77
72 78
72 81
72 85
72 86
72 88
72 92
72 94
72 96
72 100
72 101
72 102
72 104
72 107
72 115
72 131
72 143
72 144
72 149
73 2
73 5
73 9
73 12
73 13
73 21
73 25
73 43
73 46
73 47
73 53
73 54
73 63
73 65
73 68
73 78
73 80
73 92
73 94
73 97
73 116
73 117
73 118
73 120
73 122
73 127
73 129
73 131
73 134
73 136
73 142
73 143
74 0
74 4
74 8
74 16
74 17
74 23
74 32
74 38
74 39
74 40
74 44
74 53
74 61
74 66
74 67
74 77
74 85
74 95
74 103
74 104
74 106
74 107
74 109
74 112
74 114
74 118
74 120
74 123
74 131
74 132
74 136
74 139
74 147
74 148
75 2
75 3
75 5
75 8
75 13
75 15
75 18
75 21
75 22
75 41
75 42
75 44
75 47
75 48
75 50
75 51
75 56
75 57
75 59
75 64
75 65
75 66
75 81
75 82
75 93
75 97
75 98
75 101
75 107
75 109
75 111
75 115
75 117
75 120
75 122
75 125
75 134
75 141
75 148
76 2
76 16
76 21
76 24
76 26
76 32
76 41
76 44
76 50
76 55
76 59
76 61
76 70
76 73
76 75
76 79
76 80
76 87
76 88
76 92
76 96
76 101
76 109
76 112
76 120
76 123
76 130
76 132
76 137
76 139
76 145
76 149
77 6
77 18
77 26
77 45
77 49
77 64
77 67
77 95
77 101
77 104
77 107
77 109
77 120
77 128
77 138
78 5
78 9
78 11
78 18
78 23
78 26
78 44
78 48
78 52
78 54
78 60
78 68
78 70
78 76
78 86
78 88
78 92
78 95
78 96
78 97
78 99
78 104
78 127
78 130
78 131
78 133
78 134
78 136
78 145
78 147
78 148
79 2
79 6
79 16
79 17
79 19
79 23
79 24
79 29
79 33
79 34
79 36
79 40
79 42
79 52
79 55
79 59
79 61
79 63
79 67
79 70
79 84
79 85
79 86
79 94
79 98
79 99
79 100
79 102
79 103
79 104
79 106
79 113
79 120
79 127
79 130
79 136
79 138
79 147
80 5
80 7
80 16
80 32
80 41
80 60
80 62
80 72
80 75
80 78
80 92
80 118
80 119
80 124
80 125
80 127
80 138
80 139
80 141
80 142
80 144
80 145
80 147
80 148
81 4
81 5
81 8
81 11
81 17
81 22
81 23
81 25
81 36
81 40
81 52
81 59
81 62
81 67
81 68
81 69
81 70
81 74
81 76
81 78
81 81
81 84
81 91
81 93
81 99
81 104
81 106
81 108
81 123
81 125
81 126
81 127
81 146
81 147
82 5
82 15
82 31
82 33
82 38
82 46
82 48
82 53
82 57
82 58
82 59
82 62
82 69
82 70
82 71
82 82
82 87
82 90
82 91
82 95
82 102
82 103
82 105
82 109
82 126
83 2
83 3
83 9
83 18
83 25
83 27
83 28
83 29
83 39
83 44
83 47
83 51
83 60
83 62
83 65
83 72
83 82
83 89
83 97
83 98
83 99
83 102
83 104
83 112
83 122
83 123
83 126
83 138
83 139
83 140
84 2
84 24
84 29
84 34
84 35
84 39
84 53
84 62
84 63
84 65
84 72
84 73
84 75
84 83
84 84
84 85
84 87
84 88
84 98
84 104
84 105
84 107
84 111
84 120
84 125
84 126
84 134
84 135
84 139
84 141
85 0
85 5
85 16
85 23
85 29
85 30
85 31
85 46
85 47
85 54
85 58
85 59
85 62
85 64
85 72
85 73
85 76
85 77
85 80
85 84
85 90
85 91
85 96
85 97
85 98
85 99
85 102
85 118
85 120
85 125
85 138
85 143
86 1
86 8
86 9
86 14
86 18
86 22
86 23
86 24
86 40
86 41
86 51
86 53
86 54
86 57
86 60
86 68
86 69
86 84
86 89
86 91
86 99
86 100
86 102
86 103
86 106
86 107
86 116
86 122
86 124
86 136
86 138
86 142
87 5
87 7
87 12
87 15
87 19
87 21
87 23
87 27
87 30
87 33
87 44
87 48
87 49
87 54
87 58
87 63
87 66
87 74
87 77
87 79
87 83
87 89
87 93
87 100
87 105
87 111
87 135
87 139
87 141
87 142
87 144
87 148
88 1
88 2
88 12
88 17
88 18
88 23
88 28
88 30
88 33
88 36
88 48
88 51
88 52
88 60
88 61
88 66
88 68
88 73
88 74
88 81
88 88
88 90
88 93
88 101
88 104
88 106
88 114
88 115
88 116
88 125
88 131
88 134
88 138
88 140
88 147
89 2
89 13
89 19
89 21
89 30
89 36
89 38
89 45
89 50
89 53
89 69
89 76
89 79
89 88
89 89
89 97
89 105
89 108
89 109
89 110
89 113
89 123
89 125
89 137
89 139
89 148
90 0
90 6
90 7
90 17
90 27
90 30
90 35
90 36
90 52
90 53
90 65
90 67
90 81
90 84
90 110
90 123
90 130
90 133
90 145
91 1
91 2
91 8
91 10
91 12
91 13
91 14
91 19
91 20
91 24
91 36
91 39
91 45
91 48
91 60
91 61
91 66
91 67
91 68
91 73
91 75
91 81
91 82
91 85
91 91
91 95
91 101
91 105
91 113
91 120
91 125
91 130
91 132
91 143
91 144
91 148
92 9
92 15
92 23
92 28
92 32
92 35
92 40
92 43
92 47
92 49
92 50
92 52
92 56
92 60
92 61
92 70
92 72
92 81
92 83
92 88
92 90
92 95
92 107
92 115
92 116
92 122
92 132
92 133
92 138
93 1
93 3
93 4
93 6
93 17
93 25
93 33
93 43
93 44
93 49
93 50
93 52
93 55
93 64
93 68
93 75
93 76
93 83
93 85
93 90
93 106
93 112
93 113
93 122
93 141
93 142
93 143
93 147
94 0
94 1
94 9
94 14
94 18
94 23
94 27
94 30
94 34
94 44
94 48
94 49
94 50
94 53
94 59
94 61
94 65
94 70
94 74
94 78
94 80
94 81
94 82
94 113
94 127
94 138
94 142
94 144
94 145
95 1
95 4
95 7
95 14
95 21
95 23
95 28
95 31
95 38
95 41
95 42
95 43
95 46
95 51
95 65
95 69
95 71
95 72
95 74
95 78
95 80
95 87
95 89
95 94
95 102
95 109
95 119
95 123
95 124
95 143
95 144
95 148
96 9
96 10
96 16
96 28
96 33
96 35
96 37
96 39
96 41
96 44
96 51
96 63
96 69
96 76
96 86
96 88
96 91
96 102
96 103
96 104
96 105
96 109
96 110
96 111
96 121
96 123
96 126
96 127
96 128
96 144
96 145
97 0
97 5
97 14
97 27
97 28
97 33
97 40
97 46
97 49
97 51
97 53
97 54
97 60
97 67
97 72
97 73
97 74
97 77
97 78
97 83
97 90
97 101
97 105
97 112
97 117
97 123
97 125
97 147
97 149
98 0
98 15
98 18
98 19
98 23
98 27
98 29
98 34
98 37
98 41
98 50
98 60
98 61
98 69
98 70
98 75
98 82
98 86
98 88
98 96
98 97
98 108
98 109
98 113
98 114
98 117
98 120
98 122
98 124
98 127
98 130
98 133
98 140
99 16
99 18
99 33
99 35
99 36
99 43
99 48
99 66
99 74
99 75
99 80
99 83
99 84
99 90
99 94
99 101
99 104
99 109
99 110
99 122
99 127
99 128
99 141
99 149
100 6
100 8
100 23
100 26
100 27
100 28
100 31
100 32
100 37
100 46
100 48
100 53
100 65
100 66
100 74
100 79
100 83
100 85
100 89
100 90
100 91
100 93
100 94
100 97
100 98
100 107
100 109
100 115
100 119
100 125
100 130
100 132
101 2
101 5
101 7
101 8
101 14
101 15
101 20
101 22
101 25
101 27
101 29
101 30
101 32
101 39
101 40
101 42
101 46
101 51
101 52
101 53
101 63
101 67
101 68
101 69
101 71
101 73
101 82
101 91
101 92
101 98
101 107
101 109
101 110
101 123
101 126
101 141
101 143
101 148
102 0
102 3
102 4
102 7
102 8
102 9
102 11
102 14
102 22
102 26
102 28
102 37
102 39
102 67
102 71
102 79
102 81
102 82
102 84
102 92
102 93
102 95
102 96
102 98
102 99
102 109
102 113
102 117
102 126
102 127
102 130
102 133
102 135
102 137
102 143
102 147
103 8
103 11
103 15
103 19
103 24
103 26
103 28
103 29
103 31
103 33
103 39
103 45
103 46
103 52
103 55
103 58
103 67
103 68
103 71
103 75
103 79
103 85
103 91
103 95
103 99
103 101
103 105
103 109
103 110
103 113
103 129
103 135
103 138
103 143
103 145
104 8
104 18
104 21
104 27
104 29
104 30
104 32
104 34
104 49
104 52
104 55
104 58
104 60
104 64
104 76
104 82
104 84
104 87
104 93
104 97
104 100
104 112
104 113
104 114
104 115
104 123
104 140
104 144
105 7
105 16
105 19
105 20
105 46
105 47
105 49
105 63
105 65
105 73
105 76
105 83
105 86
105 90
105 109
105 113
105 116
105 119
105 122
106 0
106 4
106 12
106 17
106 19
106 21
106 27
106 29
106 48
106 51
106 54
106 58
106 59
106 62
106 63
106 66
106 69
106 71
106 72
106 73
106 81
106 84
106 88
106 89
106 97
106 106
106 116
106 118
106 120
106 122
106 126
106 135
106 137
106 139
106 140
106 145
106 147
107 8
107 16
107 21
107 25
107 27
107 28
107 31
107 33
107 41
107 42
107 51
107 59
107 61
107 71
107 78
107 82
107 97
107 102
107 110
107 125
107 126
107 132
107 135
107 136
107 138
107 140
108 0
108 1
108 3
108 18
108 33
108 38
108 44
108 45
108 52
108 55
108 61
108 66
108 68
108 69
108 72
108 73
108 74
108 80
108 90
108 91
108 92
108 95
108 97
108 103
108 117
108 121
108 122
108 132
109 0
109 1
109 9
109 10
109 12
109 21
109 25
109 27
109 29
109 35
109 41
109 43
109 50
109 56
109 57
109 58
109 61
109 62
109 63
109 64
109 67
109 71
109 72
109 83
109 84
109 92
109 104
109 106
109 109
109 111
109 117
109 121
109 125
109 128
109 137
109 146
110 0
110 2
110 14
110 21
110 23
110 24
110 36
110 37
110 38
110 40
110 48
110 59
110 64
110 65
110 83
110 84
110 93
110 102
110 109
110 112
110 113
110 114
110 119
110 120
110 122
110 131
110 136
110 138
110 141
110 145
110 146
110 147
111 11
111 20
111 22
111 23
111 24
111 36
111 40
111 41
111 42
111 43
111 45
111 57
111 64
111 69
111 84
111 85
111 90
111 92
111 94
111 99
111 105
111 109
111 112
111 121
111 124
111 131
111 133
111 142
111 147
112 1
112 3
112 6
112 20
112 25
112 26
112 31
112 32
112 35
112 38
112 45
112 48
112 51
112 64
112 65
112 66
112 68
112 70
112 72
112 73
112 76
112 78
112 81
112 87
112 99
112 103
112 104
112 108
112 117
112 119
112 122
112 124
112 125
112 131
112 134
112 142
113 4
113 11
113 13
113 14
113 23
113 36
113 37
113 38
113 58
113 60
113 67
113 69
113 70
113 73
113 82
113 84
113 85
113 86
113 90
113 92
113 96
113 97
113 98
113 100
113 101
113 106
113 107
113 115
113 119
113 120
113 133
113 135
114 2
114 6
114 31
114 32
114 43
114 46
114 53
114 57
114 64
114 65
114 67
114 68
114 72
114 77
114 95
114 101
114 103
114 106
114 107
114 111
114 112
114 113
114 117
114 131
114 133
114 140
115 10
115 18
115 19
115 21
115 25
115 27
115 38
115 40
115 50
115 58
115 65
115 69
115 70
115 73
115 77
115 80
115 82
115 86
115 98
115 102
115 104
115 105
115 113
115 114
115 116
115 120
115 129
115 130
115 135
115 138
116 10
116 14
116 16
116 19
116 37
116 43
116 44
116 46
116 52
116 55
116 58
116 61
116 63
116 65
116 66
116 67
116 69
116 76
116 83
116 111
116 117
116 129
116 136
116 138
117 0
117 13
117 18
117 20
117 29
117 36
117 40
117 52
117 60
117 70
117 82
117 83
117 88
117 92
117 100
117 101
117 103
117 107
117 110
117 112
117 115
117 118
117 123
117 133
117 134
117 136
117 146
118 4
118 5
118 9
118 15
118 19
118 23
118 25
118 28
118 30
118 32
118 37
118 38
118 39
118 41
118 47
118 52
118 55
118 60
118 64
118 66
118 69
118 70
118 71
118 72
118 75
118 76
118 77
118 78
118 81
118 82
118 86
118 88
118 92
118 102
118 109
118 113
118 114
118 119
118 125
118 128
118 133
118 136
118 143
118 146
118 147
118 149
119 5
119 15
119 18
119 37
119 46
119 50
119 53
119 55
119 56
119 60
119 67
119 68
119 70
119 98
119 101
119 105
119 107
119 115
119 136
119 137
119 146
120 5
120 7
120 25
120 39
120 41
120 43
120 55
120 67
120 70
120 72
120 73
120 77
120 84
120 85
120 88
120 95
120 100
120 105
120 109
120 112
120 124
120 133
120 148
121 6
121 11
121 14
121 15
121 19
121 21
121 23
121 32
121 36
121 58
121 63
121 70
121 74
121 77
121 78
121 88
121 89
121 90
121 103
121 104
121 112
121 114
121 119
121 121
121 132
121 141
121 143
122 5
122 10
122 11
122 12
122 20
122 27
122 28
122 34
122 36
122 37
122 41
122 43
122 51
122 57
122 61
122 64
122 68
122 74
122 83
122 87
122 88
122 96
122 98
122 104
122 106
122 108
122 109
122 111
122 115
122 121
122 122
122 128
122 129
122 131
122 144
122 145
122 149
123 11
123 14
123 20
123 22
123 24
123 27
123 28
123 29
123 33
123 36
123 52
123 54
123 58
123 62
123 65
123 67
123 69
123 70
123 76
123 80
123 88
123 91
123 99
123 102
123 106
123 119
123 121
123 122
123 126
123 131
123 136
123 147
123 148
124 2
124 6
124 8
124 9
124 19
124 22
124 34
124 41
124 43
124 50
124 55
124 58
124 61
124 64
124 65
124 69
124 70
124 72
124 80
124 81
124 82
124 83
124 84
124 88
124 89
124 90
124 104
124 105
124 111
124 125
124 129
124 130
124 131
124 147
124 148
125 1
125 4
125 9
125 23
125 26
125 31
125 41
125 44
125 45
125 50
125 55
125 56
125 59
125 68
125 69
125 78
125 79
125 81
125 85
125 92
125 97
125 103
125 108
125 114
125 118
125 120
125 124
125 129
125 134
125 135
125 137
125 140
126 4
126 9
126 12
126 13
126 17
126 21
126 22
126 23
126 30
126 35
126 45
126 46
126 51
126 53
126 54
126 55
126 56
126 63
126 88
126 92
126 94
126 97
126 102
126 112
126 117
126 128
126 142
126 145
126 148
127 8
127 14
127 15
127 23
127 28
127 29
127 34
127 38
127 42
127 48
127 53
127 54
127 55
127 56
127 63
127 72
127 81
127 83
127 84
127 86
127 92
127 94
127 97
127 106
127 109
127 117
127 120
127 124
127 125
127 128
127 136
128 1
128 12
128 21
128 23
128 29
128 36
128 37
128 39
128 40
128 48
128 50
128 56
128 59
128 66
128 68
128 70
128 71
128 76
128 79
128 82
128 89
128 101
128 111
128 114
128 115
128 122
128 125
128 128
128 137
128 143
129 0
129 6
129 7
129 11
129 16
129 33
129 39
129 43
129 73
129 77
129 78
129 90
129 94
129 97
129 102
129 103
129 106
129 108
129 109
129 110
129 112
129 115
129 119
129 122
129 127
129 130
129 134
129 136
129 137
129 138
129 139
129 143
129 144
129 145
130 7
130 10
130 14
130 17
130 21
130 31
130 37
130 43
130 51
130 53
130 54
130 55
130 62
130 74
130 76
130 78
130 80
130 81
130 83
130 87
130 90
130 97
130 104
130 107
130 109
130 113
130 119
130 120
130 124
130 125
130 129
130 136
130 137
130 140
130 142
130 144
131 1
131 4
131 6
131 8
131 20
131 22
131 23
131 29
131 56
131 60
131 70
131 77
131 88
131 90
131 93
131 96
131 97
131 98
131 99
131 109
131 110
131 111
131 113
131 117
131 118
131 122
131 125
131 126
131 128
131 133
131 134
131 139
131 142
132 1
132 4
132 16
132 18
132 23
132 35
132 37
132 39
132 42
132 46
132 56
132 59
132 62
132 63
132 65
132 69
132 82
132 88
132 97
132 122
132 123
132 144
132 148
133 0
133 1
133 21
133 24
133 30
133 41
133 45
133 46
133 47
133 62
133 64
133 69
133 70
133 71
133 76
133 83
133 88
133 91
133 96
133 98
133 103
133 104
133 107
133 112
133 123
133 124
133 133
133 135
133 144
133 149
134 0
134 6
134 13
134 14
134 16
134 21
134 28
134 29
134 45
134 47
134 57
134 58
134 59
134 60
134 78
134 91
134 110
134 116
134 117
134 125
134 140
135 2
135 10
135 11
135 13
135 21
135 23
135 24
135 29
135 30
135 35
135 39
135 45
135 59
135 77
135 82
135 97
135 102
135 103
135 104
135 107
135 108
135 109
135 113
135 115
135 117
135 124
135 126
135 129
135 131
135 136
135 142
135 148
135 149
136 2
136 8
136 20
136 21
136 23
136 24
136 35
136 39
136 42
136 44
136 50
136 52
136 70
136 71
136 72
136 77
136 79
136 84
136 88
136 91
136 96
136 117
136 120
136 123
136 126
136 129
136 149
137 2
137 9
137 14
137 22
137 23
137 28
137 45
137 49
137 53
137 56
137 65
137 78
137 88
137 91
137 97
137 98
137 101
137 107
137 108
137 112
137 114
137 117
137 119
137 128
137 130
137 131
137 142
137 149
138 1
138 2
138 14
138 16
138 31
138 32
138 33
138 47
138 49
138 52
138 58
138 59
138 61
138 68
138 71
138 91
138 97
138 109
138 110
138 121
138 123
138 126
138 132
138 133
138 146
139 1
139 3
139 4
139 20
139 23
139 31
139 35
139 37
139 41
139 44
139 48
139 57
139 63
139 65
139 67
139 69
139 72
139 78
139 80
139 82
139 85
139 90
139 92
139 94
139 95
139 97
139 101
139 103
139 116
139 118
139 119
139 127
139 131
139 146
140 1
140 12
140 14
140 15
140 20
140 28
140 29
140 31
140 62
140 67
140 70
140 87
140 91
140 103
140 105
140 111
140 114
140 115
140 117
140 118
140 119
140 120
140 134
140 136
140 143
140 146
140 147
141 13
141 20
141 24
141 41
141 55
141 65
141 84
141 94
141 100
141 110
141 111
141 115
141 133
141 143
142 4
142 8
142 11
142 13
142 20
142 22
142 25
142 35
142 40
142 43
142 46
142 58
142 63
142 68
142 79
142 80
142 83
142 87
142 99
142 100
142 101
142 102
142 104
142 109
142 122
142 127
142 132
142 136
143 9
143 10
143 12
143 24
143 35
143 36
143 40
143 44
143 49
143 51
143 63
143 66
143 69
143 76
143 77
143 80
143 84
143 87
143 96
143 98
143 109
143 115
143 116
143 120
143 130
143 136
143 144
143 147
144 1
144 19
144 32
144 35
144 38
144 43
144 45
144 51
144 53
144 55
144 58
144 67
144 86
144 87
144 91
144 94
144 101
144 102
144 104
144 112
144 120
144 128
144 131
144 137
144 138
144 142
145 3
145 5
145 6
145 11
145 20
145 25
145 30
145 34
145 36
145 37
145 39
145 43
145 44
145 49
145 54
145 57
145 58
145 60
145 73
145 80
145 82
145 84
145 90
145 112
145 116
145 127
145 129
145 130
145 132
145 148
146 1
146 21
146 23
146 26
146 28
146 31
146 34
146 36
146 37
146 42
146 46
146 48
146 50
146 51
146 55
146 56
146 61
146 62
146 66
146 69
146 72
146 79
146 96
146 108
146 109
146 110
146 117
146 125
146 126
146 134
146 137
146 141
146 149
147 7
147 8
147 9
147 20
147 24
147 25
147 31
147 46
147 48
147 60
147 70
147 71
147 72
147 78
147 83
147 89
147 98
147 101
147 103
147 113
147 115
147 126
147 130
147 135
147 142
147 145
147 146
147 149
148 0
148 2
148 5
148 25
148 31
148 34
148 35
148 36
148 39
148 45
148 50
148 55
148 59
148 61
148 64
148 74
148 83
148 93
148 96
148 114
148 118
148 123
148 124
148 126
148 130
148 131
148 132
148 142
148 146
149 6
149 10
149 18
149 23
149 30
149 31
149 44
149 49
149 52
149 53
149 54
149 55
149 58
149 81
149 95
149 103
149 105
149 108
149 110
149 121
149 129
149 133
149 134
149 141
149 142
149 145
