160
5120
0 10
0 14
0 16
0 18
0 31
0 39
0 41
0 42
0 43
0 46
0 47
0 49
0 58
0 60
0 62
0 64
0 65
0 67
0 73
0 81
0 86
0 91
0 96
0 97
0 102
0 122
0 123
0 144
0 145
0 146
0 155
0 156
1 0
1 6
1 12
1 14
1 38
1 39
1 44
1 45
1 49
1 52
1 53
1 54
1 66
1 67
1 68
1 82
1 85
1 88
1 89
1 99
1 102
1 104
1 106
1 113
1 124
1 131
1 132
1 137
1 138
1 139
1 140
1 150
1 157
2 1
2 9
2 12
2 16
2 28
2 29
2 32
2 39
2 43
2 45
2 61
2 68
2 72
2 82
2 90
2 111
2 112
2 113
2 115
2 119
2 120
2 121
2 122
2 134
2 136
2 138
2 144
2 146
3 1
3 5
3 9
3 11
3 21
3 23
3 25
3 27
3 29
3 30
3 33
3 43
3 47
3 61
3 71
3 73
3 75
3 78
3 81
3 83
3 87
3 96
3 98
3 99
3 108
3 113
3 117
3 124
3 134
3 137
3 146
3 149
4 3
4 6
4 8
4 19
4 20
4 21
4 27
4 31
4 35
4 36
4 42
4 43
4 46
4 49
4 59
4 60
4 63
4 67
4 79
4 85
4 86
4 89
4 90
4 94
4 95
4 97
4 101
4 103
4 104
4 112
4 116
4 117
4 120
4 126
4 128
4 134
4 142
4 150
4 153
4 154
5 7
5 9
5 11
5 18
5 27
5 36
5 45
5 50
5 52
5 57
5 70
5 71
5 84
5 97
5 101
5 103
5 110
5 111
5 114
5 116
5 121
5 134
5 151
5 152
5 154
6 8
6 11
6 17
6 19
6 22
6 26
6 27
6 31
6 33
6 38
6 45
6 52
6 61
6 66
6 72
6 74
6 78
6 82
6 93
6 94
6 103
6 117
6 122
6 124
6 126
6 131
6 137
6 142
6 143
6 151
7 5
7 8
7 16
7 18
7 21
7 25
7 41
7 53
7 56
7 57
7 58
7 66
7 81
7 83
7 85
7 90
7 92
7 94
7 110
7 112
7 113
7 115
7 116
7 117
7 128
7 131
7 132
7 133
7 134
7 144
7 149
7 154
7 155
7 157
8 2
8 6
8 20
8 30
8 33
8 44
8 49
8 52
8 55
8 66
8 70
8 73
8 76
8 78
8 85
8 87
8 88
8 93
8 98
8 105
8 107
8 109
8 110
8 116
8 128
8 135
8 147
8 150
8 155
9 0
9 1
9 2
9 10
9 12
9 15
9 24
9 28
9 32
9 33
9 42
9 49
9 50
9 51
9 68
9 81
9 89
9 91
9 102
9 103
9 108
9 110
9 114
9 119
9 137
9 144
9 153
10 0
10 5
10 12
10 16
10 19
10 23
10 25
10 26
10 41
10 42
10 43
10 44
10 51
10 53
10 59
10 65
10 66
10 68
10 69
10 72
10 73
10 74
10 82
10 88
10 95
10 100
10 106
10 107
10 110
10 114
10 116
10 118
10 125
10 130
10 131
10 132
10 134
10 142
10 150
10 155
11 6
11 12
11 15
11 16
11 17
11 25
11 38
11 42
11 44
11 45
11 46
11 48
11 50
11 52
11 64
11 65
11 73
11 79
11 82
11 87
11 89
11 93
11 97
11 100
11 105
11 106
11 119
11 120
11 133
11 144
11 146
11 147
11 148
11 153
12 8
12 14
12 18
12 21
12 25
12 29
12 31
12 34
12 43
12 48
12 51
12 55
12 60
12 65
12 66
12 69
12 70
12 74
12 79
12 81
12 82
12 86
12 87
12 91
12 107
12 113
12 115
12 124
12 133
12 134
12 148
12 153
12 155
13 1
13 3
13 6
13 11
13 12
13 18
13 19
13 21
13 22
13 25
13 41
13 42
13 44
13 51
13 61
13 71
13 72
13 76
13 80
13 82
13 87
13 88
13 89
13 92
13 94
13 96
13 101
13 102
13 110
13 113
13 122
13 132
13 137
13 144
13 146
13 154
13 156
14 7
14 12
14 27
14 29
14 30
14 34
14 35
14 39
14 55
14 59
14 60
14 71
14 77
14 84
14 86
14 89
14 91
14 93
14 101
14 108
14 110
14 111
14 128
14 129
14 145
14 148
14 150
14 151
14 155
15 4
15 8
15 10
15 24
15 36
15 42
15 44
15 47
15 49
15 56
15 60
15 74
15 75
15 77
15 80
15 81
15 91
15 92
15 93
15 98
15 99
15 102
15 104
15 108
15 113
15 122
15 125
15 129
15 147
15 149
15 157
16 0
16 5
16 10
16 14
16 19
16 27
16 28
16 37
16 49
16 51
16 55
16 62
16 64
16 67
16 70
16 77
16 79
16 89
16 91
16 92
16 99
16 103
16 104
16 114
16 115
16 117
16 118
16 128
16 138
16 148
16 149
16 151
16 152
16 155
16 158
16 159
17 0
17 1
17 5
17 17
17 18
17 19
17 20
17 23
17 34
17 50
17 57
17 58
17 63
17 66
17 67
17 74
17 75
17 83
17 90
17 93
17 94
17 97
17 107
17 110
17 114
17 115
17 117
17 121
17 123
17 136
17 139
17 147
17 150
18 0
18 12
18 32
18 33
18 48
18 52
18 55
18 56
18 57
18 66
18 67
18 69
18 73
18 77
18 83
18 91
18 92
18 99
18 102
18 106
18 108
18 109
18 130
18 134
18 137
18 143
18 144
18 147
18 151
18 155
18 156
19 1
19 2
19 20
19 21
19 24
19 27
19 36
19 40
19 48
19 54
19 58
19 62
19 67
19 81
19 88
19 95
19 104
19 105
19 107
19 109
19 115
19 123
19 127
19 129
19 137
19 140
19 147
19 148
19 150
20 3
20 4
20 6
20 9
20 15
20 20
20 21
20 22
20 39
20 45
20 51
20 63
20 66
20 73
20 76
20 79
20 82
20 87
20 89
20 95
20 96
20 98
20 102
20 104
20 110
20 112
20 121
20 128
20 131
20 140
20 143
20 146
20 147
20 150
20 153
20 154
21 8
21 28
21 31
21 34
21 35
21 36
21 41
21 45
21 51
21 56
21 60
21 61
21 68
21 76
21 80
21 81
21 82
21 83
21 84
21 86
21 88
21 111
21 129
21 133
21 141
21 145
21 146
21 152
21 159
22 8
22 9
22 12
22 19
22 20
22 21
22 28
22 30
22 34
22 36
22 37
22 38
22 42
22 46
22 58
22 60
22 70
22 77
22 79
22 84
22 86
22 96
22 104
22 107
22 115
22 116
22 118
22 137
22 143
22 145
22 147
22 156
22 159
23 6
23 9
23 12
23 33
23 39
23 41
23 43
23 45
23 48
23 49
23 51
23 52
23 54
23 55
23 59
23 61
23 63
23 66
23 71
23 85
23 86
23 92
23 93
23 94
23 96
23 101
23 102
23 125
23 127
23 129
23 131
23 132
23 135
23 147
24 1
24 5
24 8
24 10
24 12
24 17
24 18
24 23
24 27
24 31
24 38
24 43
24 56
24 62
24 64
24 65
24 68
24 75
24 77
24 81
24 82
24 83
24 84
24 88
24 101
24 105
24 106
24 123
24 124
24 125
24 127
24 131
24 133
24 134
24 135
24 136
24 139
24 150
25 4
25 11
25 23
25 29
25 33
25 36
25 37
25 41
25 42
25 67
25 71
25 86
25 87
25 89
25 91
25 94
25 100
25 105
25 114
25 117
25 125
25 129
25 132
25 135
25 146
25 154
25 155
25 156
26 0
26 3
26 10
26 11
26 17
26 19
26 36
26 37
26 41
26 51
26 59
26 63
26 70
26 80
26 81
26 88
26 90
26 95
26 100
26 105
26 115
26 116
26 117
26 139
26 141
26 142
26 144
26 148
26 150
26 159
27 4
27 10
27 13
27 15
27 17
27 25
27 40
27 44
27 45
27 61
27 62
27 63
27 72
27 79
27 81
27 85
27 96
27 107
27 113
27 118
27 119
27 126
27 127
27 130
27 132
27 150
28 4
28 18
28 20
28 21
28 26
28 40
28 48
28 49
28 54
28 60
28 61
28 64
28 69
28 71
28 75
28 77
28 78
28 80
28 81
28 94
28 101
28 112
28 113
28 119
28 124
28 133
28 140
28 142
28 143
28 144
28 149
28 150
28 153
29 10
29 25
29 28
29 40
29 41
29 49
29 51
29 54
29 56
29 57
29 59
29 60
29 62
29 63
29 64
29 65
29 68
29 80
29 86
29 92
29 106
29 112
29 113
29 117
29 120
29 128
29 135
29 140
29 143
29 144
29 145
29 148
29 151
29 152
30 0
30 2
30 3
30 8
30 16
30 18
30 21
30 38
30 43
30 47
30 61
30 64
30 68
30 72
30 76
30 81
30 82
30 96
30 99
30 105
30 108
30 110
30 123
30 130
30 132
30 133
30 134
30 135
30 138
30 139
30 141
30 142
30 144
30 145
30 148
30 150
30 153
31 1
31 11
31 25
31 27
31 28
31 29
31 30
31 33
31 41
31 56
31 62
31 66
31 67
31 71
31 73
31 76
31 77
31 78
31 79
31 83
31 88
31 92
31 96
31 98
31 102
31 109
31 111
31 122
31 128
31 134
31 139
31 140
31 141
31 150
31 151
31 155
32 1
32 3
32 6
32 8
32 9
32 23
32 29
32 32
32 33
32 34
32 46
32 47
32 51
32 53
32 54
32 57
32 65
32 67
32 77
32 78
32 84
32 85
32 92
32 116
32 121
32 128
32 130
32 132
32 136
32 140
32 146
32 148
32 149
32 154
32 155
32 156
33 5
33 11
33 17
33 18
33 20
33 21
33 27
33 31
33 33
33 36
33 39
33 46
33 47
33 54
33 61
33 62
33 64
33 66
33 72
33 74
33 82
33 83
33 89
33 95
33 96
33 98
33 103
33 105
33 106
33 108
33 110
33 126
33 127
33 134
33 139
33 144
34 5
34 12
34 15
34 18
34 28
34 31
34 40
34 42
34 48
34 49
34 60
34 61
34 65
34 67
34 74
34 75
34 76
34 81
34 86
34 90
34 98
34 111
34 116
34 131
34 149
34 151
34 158
35 6
35 10
35 16
35 24
35 26
35 37
35 44
35 49
35 57
35 60
35 74
35 79
35 80
35 82
35 89
35 91
35 102
35 105
35 109
35 118
35 121
35 123
35 124
35 132
35 142
35 146
35 148
35 150
36 1
36 2
36 8
36 14
36 18
36 27
36 29
36 30
36 43
36 49
36 56
36 67
36 76
36 80
36 82
36 89
36 92
36 103
36 104
36 120
36 131
36 134
36 137
36 140
36 142
36 145
36 150
36 152
36 159
37 11
37 17
37 26
37 27
37 28
37 33
37 34
37 36
37 50
37 51
37 53
37 54
37 55
37 58
37 63
37 73
37 75
37 81
37 83
37 85
37 94
37 103
37 108
37 115
37 117
37 126
37 133
37 143
37 151
37 158
38 10
38 16
38 19
38 21
38 32
38 36
38 44
38 50
38 56
38 57
38 59
38 70
38 73
38 79
38 80
38 86
38 93
38 95
38 106
38 109
38 119
38 123
38 124
38 129
38 131
38 133
38 145
38 146
39 9
39 12
39 13
39 33
39 47
39 48
39 54
39 67
39 73
39 75
39 76
39 79
39 89
39 99
39 100
39 107
39 108
39 109
39 123
39 124
39 128
39 129
39 132
39 135
39 141
39 145
39 147
39 149
39 153
39 157
39 158
40 7
40 9
40 14
40 50
40 53
40 55
40 66
40 68
40 69
40 70
40 88
40 90
40 91
40 92
40 95
40 96
40 97
40 100
40 116
40 117
40 120
40 122
40 124
40 125
40 132
40 136
40 137
40 142
40 149
40 151
40 155
41 0
41 1
41 2
41 3
41 5
41 6
41 9
41 10
41 16
41 22
41 26
41 28
41 36
41 46
41 49
41 54
41 64
41 76
41 78
41 79
41 80
41 84
41 99
41 101
41 104
41 105
41 108
41 120
41 126
41 129
41 132
42 5
42 18
42 32
42 37
42 40
42 44
42 46
42 60
42 67
42 69
42 82
42 83
42 89
42 91
42 98
42 108
42 110
42 111
42 121
42 132
42 141
42 144
42 154
42 159
43 0
43 3
43 7
43 8
43 11
43 12
43 14
43 19
43 20
43 24
43 26
43 31
43 34
43 36
43 40
43 42
43 63
43 88
43 90
43 91
43 97
43 103
43 104
43 105
43 108
43 110
43 116
43 119
43 122
43 126
43 139
43 140
43 151
43 154
44 19
44 21
44 24
44 27
44 30
44 32
44 36
44 56
44 59
44 66
44 75
44 76
44 79
44 81
44 85
44 88
44 92
44 98
44 100
44 103
44 104
44 110
44 111
44 120
44 122
44 124
44 130
44 133
44 143
44 145
44 149
44 156
45 1
45 2
45 8
45 16
45 17
45 18
45 23
45 40
45 47
45 49
45 53
45 54
45 58
45 63
45 71
45 72
45 94
45 97
45 101
45 104
45 112
45 116
45 120
45 124
45 125
45 133
45 135
45 142
45 146
45 150
45 151
45 155
45 156
45 159
46 9
46 10
46 12
46 13
46 20
46 21
46 22
46 30
46 41
46 51
46 54
46 56
46 58
46 62
46 64
46 65
46 69
46 70
46 71
46 72
46 77
46 78
46 88
46 93
46 99
46 108
46 111
46 123
46 133
46 148
46 149
46 152
47 9
47 11
47 19
47 24
47 28
47 30
47 31
47 40
47 41
47 46
47 51
47 53
47 63
47 69
47 84
47 89
47 101
47 105
47 106
47 110
47 128
47 131
47 133
47 138
47 154
48 4
48 8
48 13
48 19
48 23
48 31
48 40
48 42
48 44
48 48
48 49
48 53
48 57
48 64
48 68
48 69
48 80
48 85
48 86
48 93
48 94
48 102
48 118
48 122
48 146
48 147
48 151
49 5
49 7
49 10
49 11
49 15
49 25
49 26
49 31
49 32
49 33
49 34
49 37
49 45
49 51
49 52
49 58
49 59
49 69
49 71
49 73
49 80
49 87
49 88
49 93
49 96
49 99
49 101
49 123
49 124
49 130
49 131
49 135
49 137
49 139
49 142
50 17
50 21
50 24
50 32
50 34
50 35
50 40
50 41
50 52
50 53
50 54
50 61
50 63
50 67
50 70
50 73
50 74
50 78
50 87
50 93
50 117
50 121
50 126
50 127
50 130
50 131
50 140
50 146
50 147
50 153
50 154
50 155
51 3
51 4
51 9
51 14
51 16
51 32
51 33
51 37
51 45
51 46
51 59
51 64
51 70
51 72
51 76
51 79
51 82
51 89
51 91
51 100
51 102
51 103
51 125
51 131
51 141
51 142
51 144
51 158
52 7
52 8
52 18
52 24
52 38
52 41
52 51
52 67
52 69
52 75
52 76
52 79
52 82
52 84
52 96
52 115
52 120
52 136
52 139
52 140
52 146
52 151
52 156
53 8
53 9
53 10
53 18
53 20
53 24
53 26
53 29
53 30
53 36
53 40
53 45
53 46
53 51
53 53
53 54
53 61
53 62
53 63
53 71
53 87
53 92
53 103
53 107
53 109
53 118
53 120
53 121
53 137
53 141
53 148
53 155
54 14
54 22
54 23
54 27
54 28
54 40
54 45
54 47
54 52
54 58
54 66
54 71
54 79
54 89
54 91
54 92
54 100
54 104
54 109
54 111
54 115
54 124
54 125
54 131
54 137
54 142
54 143
54 144
54 146
54 151
54 157
54 159
55 4
55 17
55 18
55 21
55 22
55 26
55 38
55 39
55 40
55 45
55 51
55 60
55 64
55 70
55 71
55 76
55 82
55 86
55 89
55 92
55 94
55 98
55 102
55 110
55 117
55 130
55 139
55 142
55 147
55 154
55 155
55 156
56 12
56 15
56 19
56 21
56 23
56 43
56 54
56 55
56 58
56 61
56 66
56 79
56 81
56 87
56 88
56 89
56 93
56 96
56 100
56 103
56 107
56 113
56 118
56 125
56 130
56 132
56 148
56 149
57 10
57 16
57 18
57 22
57 28
57 29
57 51
57 54
57 57
57 64
57 65
57 67
57 69
57 74
57 76
57 78
57 87
57 91
57 97
57 103
57 109
57 110
57 114
57 125
57 142
57 148
57 149
57 153
57 157
58 2
58 8
58 10
58 12
58 14
58 20
58 25
58 34
58 36
58 54
58 62
58 67
58 69
58 72
58 77
58 80
58 83
58 89
58 93
58 95
58 99
58 100
58 105
58 106
58 107
58 109
58 113
58 122
58 125
58 132
58 151
58 159
59 3
59 11
59 12
59 20
59 22
59 23
59 25
59 31
59 43
59 51
59 59
59 63
59 66
59 70
59 91
59 92
59 93
59 95
59 118
59 120
59 137
59 143
59 157
59 159
60 2
60 3
60 23
60 33
60 37
60 42
60 47
60 59
60 62
60 75
60 77
60 81
60 83
60 95
60 97
60 108
60 111
60 112
60 114
60 116
60 120
60 139
60 147
60 153
61 11
61 14
61 16
61 18
61 19
61 25
61 28
61 33
61 34
61 41
61 48
61 49
61 50
61 62
61 67
61 74
61 75
61 95
61 105
61 113
61 114
61 115
61 136
61 142
61 145
61 149
61 150
61 157
62 3
62 8
62 14
62 16
62 18
62 22
62 29
62 30
62 36
62 41
62 45
62 46
62 47
62 57
62 63
62 73
62 86
62 99
62 100
62 104
62 110
62 127
62 135
62 137
62 140
62 155
63 9
63 11
63 12
63 17
63 18
63 27
63 35
63 37
63 44
63 48
63 56
63 59
63 61
63 65
63 71
63 74
63 75
63 81
63 93
63 96
63 99
63 102
63 106
63 108
63 110
63 112
63 115
63 128
63 133
63 135
63 140
63 143
63 146
63 152
63 153
63 154
63 155
63 158
64 3
64 8
64 11
64 18
64 21
64 26
64 29
64 30
64 32
64 37
64 49
64 52
64 54
64 57
64 61
64 62
64 69
64 70
64 91
64 93
64 96
64 101
64 102
64 103
64 115
64 116
64 117
64 132
64 138
64 142
64 148
64 149
65 0
65 1
65 7
65 11
65 13
65 14
65 16
65 23
65 25
65 29
65 38
65 39
65 42
65 48
65 51
65 58
65 59
65 63
65 66
65 75
65 78
65 83
65 85
65 86
65 98
65 99
65 103
65 107
65 108
65 109
65 111
65 117
65 118
65 125
65 126
65 128
65 129
65 134
65 137
65 142
65 143
65 146
65 150
65 156
65 158
65 159
66 8
66 11
66 20
66 26
66 28
66 33
66 34
66 47
66 56
66 66
66 68
66 73
66 83
66 102
66 104
66 107
66 109
66 111
66 124
66 125
66 154
66 156
67 7
67 13
67 18
67 19
67 21
67 22
67 24
67 26
67 34
67 47
67 55
67 61
67 81
67 83
67 84
67 87
67 98
67 110
67 118
67 126
67 128
67 132
67 136
67 148
67 154
67 158
67 159
68 7
68 17
68 22
68 31
68 42
68 46
68 56
68 61
68 63
68 69
68 72
68 75
68 88
68 89
68 97
68 111
68 117
68 120
68 123
68 124
68 127
68 128
68 129
68 138
68 142
68 143
68 145
68 147
68 150
68 156
68 158
69 2
69 11
69 20
69 22
69 29
69 35
69 42
69 44
69 45
69 51
69 56
69 59
69 61
69 75
69 88
69 94
69 95
69 96
69 104
69 106
69 109
69 110
69 111
69 113
69 115
69 116
69 117
69 122
69 124
69 125
69 128
69 131
69 147
69 149
69 152
69 155
70 1
70 2
70 9
70 11
70 12
70 14
70 21
70 22
70 28
70 29
70 35
70 39
70 42
70 59
70 62
70 65
70 75
70 80
70 88
70 92
70 95
70 98
70 102
70 118
70 121
70 122
70 131
70 140
70 144
70 146
70 152
70 153
70 154
70 156
71 0
71 3
71 8
71 9
71 16
71 23
71 37
71 39
71 44
71 45
71 47
71 51
71 52
71 60
71 74
71 86
71 88
71 95
71 108
71 115
71 117
71 120
71 123
71 126
71 138
71 140
71 142
71 157
72 9
72 14
72 15
72 18
72 20
72 23
72 26
72 37
72 38
72 39
72 42
72 53
72 62
72 66
72 69
72 70
72 73
72 78
72 87
72 90
72 91
72 92
72 93
72 102
72 103
72 105
72 109
72 110
72 112
72 115
72 116
72 124
72 133
72 134
72 137
72 155
72 156
72 157
73 1
73 6
73 8
73 14
73 15
73 16
73 21
73 25
73 30
73 35
73 39
73 40
73 44
73 46
73 48
73 59
73 62
73 69
73 70
73 75
73 77
73 93
73 103
73 109
73 110
73 119
73 122
73 128
73 135
73 136
73 137
73 146
73 151
73 152
73 159
74 6
74 7
74 8
74 12
74 15
74 34
74 45
74 52
74 57
74 58
74 59
74 65
74 73
74 76
74 84
74 85
74 86
74 89
74 92
74 93
74 100
74 104
74 107
74 118
74 126
74 127
74 131
74 135
74 141
74 143
74 145
74 146
74 147
74 149
74 154
74 156
75 1
75 2
75 28
75 36
75 50
75 53
75 59
75 63
75 67
75 72
75 73
75 76
75 84
75 86
75 90
75 93
75 95
75 101
75 107
75 115
75 116
75 133
75 137
75 138
75 139
75 142
75 148
75 153
75 156
75 157
76 2
76 4
76 10
76 18
76 23
76 29
76 30
76 32
76 42
76 44
76 48
76 57
76 62
76 63
76 73
76 74
76 78
76 81
76 84
76 85
76 86
76 94
76 110
76 116
76 134
76 139
76 154
76 155
76 156
77 4
77 5
77 6
77 8
77 12
77 13
77 30
77 33
77 35
77 42
77 49
77 53
77 56
77 60
77 62
77 65
77 66
77 67
77 86
77 87
77 88
77 89
77 92
77 94
77 107
77 110
77 113
77 133
77 138
77 142
77 144
77 155
77 158
78 1
78 15
78 20
78 21
78 24
78 37
78 45
78 48
78 51
78 52
78 53
78 54
78 65
78 70
78 73
78 85
78 90
78 94
78 95
78 111
78 125
78 131
78 132
78 134
78 148
78 154
79 0
79 2
79 3
79 4
79 8
79 10
79 20
79 27
79 29
79 30
79 31
79 48
79 56
79 70
79 71
79 72
79 75
79 76
79 80
79 85
79 88
79 104
79 114
79 119
79 120
79 122
79 124
79 125
79 126
79 134
79 144
79 147
79 154
79 158
80 4
80 10
80 15
80 21
80 29
80 37
80 43
80 47
80 48
80 49
80 50
80 53
80 57
80 70
80 73
80 75
80 77
80 80
80 82
80 85
80 87
80 88
80 99
80 105
80 108
80 110
80 112
80 117
80 119
80 132
80 134
80 148
80 151
81 9
81 11
81 12
81 13
81 15
81 19
81 24
81 33
81 35
81 40
81 62
81 64
81 77
81 79
81 86
81 90
81 104
81 105
81 108
81 117
81 129
81 130
81 134
81 138
81 142
82 6
82 11
82 12
82 13
82 15
82 18
82 21
82 30
82 33
82 34
82 39
82 43
82 59
82 62
82 77
82 80
82 81
82 84
82 86
82 92
82 93
82 96
82 99
82 100
82 101
82 105
82 112
82 115
82 119
82 120
82 128
82 129
82 130
82 140
82 151
82 154
82 156
83 7
83 8
83 18
83 28
83 29
83 32
83 34
83 37
83 49
83 51
83 55
83 61
83 65
83 68
83 72
83 82
83 91
83 93
83 94
83 95
83 96
83 100
83 110
83 118
83 124
83 126
83 127
83 132
83 135
83 144
83 145
83 147
83 149
83 152
83 153
84 12
84 13
84 15
84 33
84 39
84 45
84 56
84 58
84 61
84 70
84 78
84 79
84 85
84 92
84 94
84 96
84 99
84 101
84 111
84 113
84 116
84 132
84 137
84 139
84 140
84 144
84 150
84 151
84 158
84 159
85 13
85 15
85 21
85 27
85 31
85 32
85 33
85 47
85 53
85 59
85 66
85 71
85 82
85 86
85 89
85 96
85 101
85 109
85 111
85 114
85 127
85 134
85 138
85 139
85 140
85 146
85 149
85 153
86 0
86 6
86 10
86 15
86 16
86 24
86 29
86 30
86 36
86 37
86 38
86 50
86 53
86 58
86 66
86 69
86 72
86 74
86 75
86 76
86 84
86 86
86 93
86 96
86 97
86 103
86 113
86 125
86 126
86 128
86 144
87 1
87 12
87 14
87 15
87 27
87 28
87 29
87 35
87 45
87 47
87 51
87 54
87 55
87 63
87 87
87 94
87 104
87 112
87 115
87 116
87 122
87 125
87 126
87 131
87 136
87 139
87 154
87 156
87 158
88 7
88 9
88 10
88 12
88 14
88 17
88 35
88 38
88 39
88 42
88 51
88 59
88 75
88 83
88 85
88 88
88 102
88 104
88 118
88 119
88 120
88 121
88 123
88 132
88 134
88 135
88 137
88 140
88 141
88 153
88 155
89 3
89 10
89 12
89 14
89 21
89 24
89 25
89 30
89 32
89 35
89 37
89 42
89 43
89 51
89 56
89 62
89 65
89 66
89 69
89 75
89 84
89 86
89 94
89 98
89 100
89 106
89 109
89 116
89 117
89 122
89 124
89 125
89 126
89 130
89 135
89 137
89 140
89 141
89 146
90 1
90 16
90 18
90 22
90 24
90 30
90 39
90 40
90 45
90 64
90 67
90 79
90 82
90 86
90 98
90 100
90 104
90 107
90 116
90 121
90 122
90 126
90 131
90 134
90 144
90 147
90 150
90 153
91 1
91 4
91 7
91 8
91 9
91 12
91 22
91 31
91 34
91 46
91 50
91 56
91 58
91 60
91 62
91 63
91 74
91 90
91 92
91 95
91 97
91 99
91 102
91 107
91 115
91 116
91 121
91 122
91 125
91 131
91 133
91 134
91 135
91 138
91 144
91 149
91 153
91 157
92 4
92 7
92 19
92 23
92 24
92 25
92 28
92 37
92 53
92 60
92 62
92 64
92 66
92 68
92 69
92 72
92 76
92 78
92 83
92 84
92 87
92 93
92 95
92 96
92 102
92 108
92 113
92 116
92 128
92 137
92 141
92 145
92 146
92 148
93 12
93 15
93 23
93 25
93 30
93 38
93 39
93 46
93 47
93 48
93 51
93 52
93 54
93 65
93 66
93 69
93 73
93 90
93 93
93 94
93 100
93 105
93 113
93 114
93 115
93 119
93 121
93 123
93 131
93 132
93 134
93 137
93 141
93 143
93 159
94 9
94 13
94 16
94 22
94 29
94 33
94 35
94 44
94 50
94 55
94 60
94 65
94 70
94 72
94 74
94 79
94 80
94 81
94 82
94 87
94 92
94 93
94 94
94 101
94 102
94 103
94 108
94 115
94 122
94 124
94 130
94 131
94 134
94 138
94 142
94 144
94 146
94 156
94 157
94 159
95 4
95 7
95 15
95 19
95 22
95 23
95 25
95 27
95 33
95 39
95 68
95 80
95 81
95 84
95 88
95 119
95 120
95 121
95 129
95 130
95 131
95 133
95 140
95 148
95 151
95 155
95 157
96 3
96 4
96 6
96 14
96 17
96 19
96 20
96 23
96 24
96 29
96 32
96 52
96 54
96 58
96 64
96 78
96 89
96 90
96 97
96 101
96 107
96 114
96 117
96 118
96 122
96 126
96 133
96 135
96 138
96 139
96 142
96 154
97 3
97 9
97 16
97 30
97 32
97 36
97 41
97 43
97 44
97 52
97 76
97 78
97 79
97 97
97 98
97 104
97 107
97 108
97 114
97 119
97 120
97 122
97 128
97 135
97 139
97 140
97 141
97 142
97 143
97 144
97 146
97 150
97 155
98 1
98 7
98 9
98 19
98 21
98 25
98 29
98 33
98 36
98 37
98 42
98 47
98 51
98 55
98 56
98 59
98 62
98 78
98 79
98 83
98 91
98 95
98 97
98 98
98 100
98 104
98 105
98 106
98 108
98 110
98 119
98 124
98 125
98 126
98 133
98 134
98 141
98 145
98 151
98 157
99 2
99 10
99 20
99 25
99 28
99 33
99 35
99 36
99 43
99 48
99 57
99 74
99 76
99 92
99 97
99 113
99 115
99 118
99 121
99 124
99 130
99 135
99 144
99 145
99 151
99 156
100 3
100 17
100 28
100 30
100 31
100 34
100 47
100 52
100 67
100 74
100 75
100 84
100 86
100 95
100 97
100 99
100 101
100 106
100 107
100 111
100 114
100 115
100 116
100 119
100 137
100 145
100 152
100 154
100 158
101 5
101 9
101 11
101 18
101 19
101 24
101 27
101 40
101 47
101 50
101 53
101 63
101 66
101 82
101 84
101 85
101 88
101 89
101 92
101 100
101 101
101 104
101 107
101 111
101 114
101 118
101 120
101 121
101 123
101 124
101 125
101 126
101 128
101 129
101 156
102 9
102 13
102 17
102 24
102 32
102 44
102 47
102 65
102 76
102 79
102 80
102 81
102 82
102 90
102 93
102 121
102 122
102 123
102 128
102 132
102 134
102 141
102 145
102 152
102 155
102 159
103 10
103 11
103 15
103 22
103 30
103 32
103 33
103 40
103 43
103 56
103 66
103 70
103 72
103 80
103 81
103 93
103 96
103 107
103 116
103 117
103 123
103 125
103 130
103 135
103 137
103 143
104 0
104 1
104 3
104 5
104 12
104 18
104 20
104 23
104 27
104 30
104 31
104 36
104 42
104 48
104 64
104 66
104 67
104 68
104 72
104 73
104 76
104 77
104 79
104 86
104 88
104 95
104 97
104 99
104 102
104 104
104 107
104 110
104 114
104 116
104 118
104 147
104 151
104 159
105 0
105 11
105 18
105 23
105 24
105 32
105 36
105 41
105 48
105 50
105 52
105 57
105 60
105 61
105 65
105 67
105 69
105 80
105 82
105 91
105 97
105 106
105 113
105 115
105 116
105 122
105 129
105 130
105 135
105 137
105 140
105 147
105 153
105 158
105 159
106 0
106 5
106 8
106 15
106 24
106 34
106 35
106 36
106 45
106 50
106 61
106 62
106 68
106 77
106 82
106 90
106 92
106 95
106 96
106 102
106 103
106 104
106 108
106 112
106 125
106 127
106 141
106 149
106 152
106 157
107 8
107 15
107 16
107 20
107 25
107 26
107 30
107 43
107 49
107 50
107 56
107 62
107 63
107 68
107 69
107 73
107 74
107 78
107 86
107 89
107 91
107 101
107 104
107 116
107 119
107 121
107 124
107 128
107 140
107 141
107 144
107 145
108 0
108 3
108 5
108 9
108 11
108 13
108 18
108 24
108 29
108 34
108 46
108 47
108 49
108 54
108 58
108 60
108 63
108 67
108 72
108 85
108 93
108 96
108 101
108 104
108 105
108 127
108 132
108 140
108 145
108 147
108 150
108 154
108 157
109 5
109 6
109 8
109 15
109 17
109 23
109 28
109 33
109 39
109 53
109 64
109 66
109 67
109 71
109 84
109 87
109 91
109 93
109 94
109 98
109 100
109 109
109 113
109 114
109 117
109 121
109 125
109 130
109 133
109 139
109 144
109 148
109 153
109 159
110 3
110 5
110 11
110 12
110 18
110 22
110 24
110 26
110 28
110 29
110 38
110 42
110 43
110 57
110 67
110 74
110 75
110 85
110 87
110 90
110 95
110 99
110 105
110 111
110 120
110 129
110 131
110 135
110 137
110 138
110 139
110 146
110 153
110 155
110 158
111 0
111 10
111 14
111 15
111 17
111 19
111 22
111 27
111 30
111 38
111 41
111 44
111 52
111 59
111 63
111 64
111 67
111 68
111 69
111 73
111 77
111 81
111 88
111 92
111 101
111 121
111 122
111 131
111 136
111 137
111 138
111 139
112 4
112 7
112 10
112 11
112 13
112 18
112 20
112 21
112 26
112 27
112 35
112 38
112 40
112 51
112 52
112 57
112 60
112 61
112 65
112 79
112 82
112 98
112 102
112 110
112 116
112 122
112 132
112 134
112 138
112 150
112 156
113 1
113 2
113 3
113 5
113 11
113 12
113 17
113 23
113 38
113 46
113 55
113 59
113 60
113 64
113 66
113 69
113 70
113 78
113 84
113 88
113 94
113 95
113 100
113 111
113 112
113 119
113 126
113 127
113 131
113 138
113 143
113 145
113 156
114 3
114 5
114 10
114 13
114 21
114 27
114 44
114 46
114 50
114 55
114 57
114 63
114 66
114 74
114 82
114 95
114 100
114 102
114 104
114 105
114 108
114 109
114 112
114 113
114 115
114 122
114 126
114 131
114 138
114 140
114 152
114 157
115 4
115 7
115 16
115 19
115 21
115 27
115 32
115 33
115 37
115 42
115 45
115 59
115 61
115 67
115 76
115 80
115 86
115 89
115 98
115 99
115 108
115 111
115 112
115 116
115 126
115 130
115 136
115 139
115 147
115 148
115 152
116 0
116 5
116 12
116 25
116 35
116 36
116 38
116 51
116 64
116 66
116 67
116 68
116 71
116 79
116 82
116 83
116 88
116 96
116 100
116 101
116 104
116 107
116 112
116 115
116 118
116 127
116 134
116 138
116 140
116 146
116 147
116 148
116 150
116 156
116 158
116 159
117 0
117 2
117 7
117 9
117 14
117 18
117 20
117 44
117 46
117 64
117 69
117 75
117 76
117 78
117 86
117 89
117 90
117 91
117 92
117 96
117 98
117 104
117 107
117 112
117 118
117 119
117 140
117 154
118 0
118 16
118 18
118 20
118 23
118 24
118 32
118 37
118 44
118 50
118 56
118 57
118 65
118 71
118 75
118 80
118 85
118 88
118 90
118 94
118 95
118 98
118 99
118 105
118 114
118 115
118 127
118 141
118 142
118 144
118 145
118 149
118 157
119 2
119 6
119 15
119 16
119 24
119 35
119 38
119 40
119 53
119 60
119 67
119 73
119 77
119 82
119 84
119 91
119 94
119 115
119 116
119 117
119 120
119 121
119 138
119 142
119 149
119 152
119 159
120 6
120 9
120 12
120 14
120 22
120 30
120 32
120 37
120 50
120 57
120 59
120 70
120 73
120 75
120 81
120 86
120 94
120 95
120 96
120 99
120 107
120 114
120 122
120 132
120 138
120 139
120 152
120 153
120 158
121 2
121 7
121 10
121 13
121 21
121 26
121 30
121 33
121 37
121 46
121 49
121 52
121 53
121 64
121 66
121 67
121 76
121 79
121 101
121 102
121 111
121 113
121 134
121 135
121 136
121 137
121 144
121 146
121 152
121 155
121 156
122 3
122 11
122 12
122 13
122 15
122 18
122 28
122 34
122 35
122 36
122 37
122 46
122 50
122 51
122 52
122 53
122 65
122 72
122 73
122 77
122 92
122 93
122 94
122 95
122 96
122 108
122 110
122 112
122 122
122 123
122 125
122 136
122 143
122 149
123 0
123 16
123 22
123 23
123 28
123 31
123 37
123 39
123 43
123 45
123 47
123 56
123 64
123 66
123 70
123 71
123 72
123 73
123 74
123 92
123 94
123 96
123 99
123 100
123 103
123 109
123 112
123 117
123 120
123 122
123 135
123 137
123 144
123 145
123 150
123 151
123 152
123 156
123 158
124 0
124 2
124 8
124 9
124 20
124 21
124 22
124 30
124 31
124 32
124 33
124 34
124 41
124 44
124 46
124 48
124 49
124 51
124 53
124 57
124 63
124 70
124 75
124 88
124 89
124 97
124 99
124 105
124 110
124 114
124 118
124 122
124 124
124 125
124 127
124 133
124 137
124 140
124 142
124 146
124 149
124 158
124 159
125 1
125 3
125 7
125 9
125 10
125 18
125 20
125 30
125 32
125 36
125 39
125 56
125 57
125 61
125 67
125 79
125 80
125 82
125 85
125 86
125 89
125 93
125 99
125 101
125 105
125 106
125 110
125 120
125 135
125 137
125 140
125 144
126 1
126 13
126 24
126 29
126 32
126 34
126 37
126 38
126 40
126 44
126 49
126 50
126 52
126 57
126 58
126 59
126 66
126 69
126 71
126 78
126 83
126 97
126 100
126 105
126 107
126 110
126 114
126 118
126 120
126 124
126 127
126 128
126 133
126 136
126 137
126 138
126 139
126 140
126 148
126 151
126 152
126 153
126 156
127 0
127 3
127 5
127 14
127 19
127 20
127 25
127 28
127 34
127 35
127 45
127 46
127 52
127 71
127 77
127 89
127 93
127 97
127 100
127 104
127 110
127 112
127 115
127 123
127 135
127 140
127 141
127 143
127 147
127 151
127 158
128 5
128 7
128 13
128 17
128 24
128 25
128 27
128 28
128 40
128 42
128 44
128 46
128 69
128 72
128 73
128 74
128 78
128 83
128 93
128 95
128 97
128 119
128 121
128 123
128 125
128 131
128 133
128 136
128 137
128 140
128 144
128 146
128 148
129 4
129 5
129 6
129 13
129 22
129 25
129 27
129 35
129 36
129 42
129 53
129 54
129 58
129 63
129 68
129 72
129 75
129 77
129 82
129 84
129 97
129 100
129 106
129 125
129 138
129 148
129 154
129 155
130 0
130 1
130 11
130 20
130 23
130 31
130 35
130 36
130 41
130 47
130 48
130 51
130 61
130 64
130 69
130 78
130 84
130 93
130 97
130 98
130 113
130 118
130 130
130 136
130 145
130 147
130 149
130 152
131 0
131 7
131 8
131 16
131 20
131 24
131 31
131 35
131 40
131 45
131 47
131 49
131 50
131 51
131 54
131 57
131 63
131 69
131 70
131 78
131 83
131 86
131 94
131 96
131 102
131 118
131 119
131 133
131 139
131 141
131 144
131 149
132 1
132 8
132 11
132 17
132 18
132 23
132 24
132 42
132 49
132 72
132 73
132 81
132 84
132 90
132 91
132 96
132 99
132 108
132 113
132 114
132 117
132 118
132 126
132 131
132 136
132 148
132 155
133 1
133 8
133 11
133 13
133 19
133 30
133 35
133 36
133 37
133 39
133 40
133 47
133 52
133 53
133 64
133 66
133 72
133 77
133 79
133 87
133 90
133 101
133 106
133 110
133 132
133 135
133 137
133 144
133 145
133 154
134 2
134 4
134 6
134 14
134 19
134 20
134 34
134 36
134 38
134 41
134 49
134 52
134 58
134 64
134 67
134 74
134 90
134 92
134 94
134 98
134 112
134 117
134 119
134 120
134 122
134 130
134 133
134 140
134 148
134 154
134 159
135 6
135 15
135 19
135 22
135 29
135 32
135 34
135 43
135 48
135 62
135 65
135 67
135 69
135 84
135 87
135 92
135 94
135 95
135 101
135 105
135 110
135 113
135 114
135 120
135 140
135 143
135 144
135 151
135 152
135 156
136 1
136 7
136 11
136 20
136 25
136 27
136 34
136 38
136 42
136 44
136 49
136 52
136 61
136 69
136 75
136 82
136 86
136 91
136 92
136 94
136 95
136 100
136 104
136 108
136 111
136 114
136 119
136 124
136 125
136 127
136 130
136 137
136 141
136 145
136 150
137 5
137 6
137 7
137 8
137 10
137 14
137 17
137 20
137 24
137 26
137 28
137 29
137 36
137 41
137 43
137 49
137 56
137 67
137 72
137 83
137 84
137 86
137 91
137 93
137 95
137 96
137 102
137 105
137 106
137 109
137 110
137 113
137 146
137 155
138 3
138 4
138 21
138 25
138 28
138 40
138 47
138 48
138 51
138 53
138 59
138 64
138 66
138 69
138 75
138 77
138 81
138 88
138 101
138 103
138 123
138 134
138 138
138 139
138 140
138 141
138 156
139 7
139 9
139 10
139 14
139 19
139 20
139 47
139 48
139 51
139 53
139 54
139 57
139 58
139 64
139 68
139 69
139 70
139 72
139 73
139 89
139 91
139 92
139 94
139 96
139 100
139 105
139 106
139 107
139 108
139 109
139 115
139 117
139 121
139 123
139 124
139 125
139 127
139 130
139 138
139 139
139 142
139 144
139 146
139 147
139 159
140 4
140 7
140 8
140 14
140 21
140 27
140 29
140 35
140 40
140 41
140 42
140 44
140 46
140 49
140 61
140 63
140 68
140 70
140 76
140 86
140 89
140 92
140 96
140 97
140 98
140 102
140 105
140 117
140 124
140 129
140 135
140 137
140 141
140 152
140 153
140 155
141 3
141 11
141 26
141 30
141 31
141 61
141 62
141 64
141 69
141 74
141 78
141 90
141 93
141 94
141 100
141 107
141 108
141 110
141 115
141 116
141 119
141 141
141 142
141 144
141 148
141 149
141 151
141 152
141 158
142 4
142 5
142 7
142 9
142 18
142 27
142 35
142 43
142 46
142 54
142 57
142 58
142 61
142 62
142 63
142 66
142 67
142 75
142 79
142 80
142 91
142 93
142 94
142 96
142 105
142 109
142 110
142 124
142 127
142 128
142 132
142 133
142 138
143 5
143 10
143 12
143 15
143 21
143 22
143 23
143 25
143 30
143 35
143 37
143 41
143 48
143 50
143 53
143 57
143 58
143 63
143 64
143 69
143 72
143 74
143 87
143 88
143 97
143 99
143 100
143 104
143 112
143 119
143 125
143 130
143 142
143 144
143 146
143 147
143 148
143 157
143 159
144 9
144 10
144 11
144 16
144 23
144 26
144 28
144 31
144 37
144 43
144 45
144 48
144 55
144 56
144 58
144 59
144 64
144 73
144 85
144 101
144 102
144 104
144 107
144 111
144 112
144 116
144 122
144 124
144 127
144 136
144 138
144 139
144 140
144 148
144 152
144 154
145 6
145 11
145 14
145 23
145 24
145 26
145 28
145 42
145 48
145 49
145 51
145 57
145 59
145 62
145 65
145 72
145 74
145 76
145 84
145 85
145 90
145 92
145 95
145 99
145 108
145 114
145 116
145 125
145 133
145 142
145 150
145 153
145 154
145 158
146 4
146 20
146 24
146 32
146 39
146 41
146 45
146 52
146 54
146 57
146 61
146 64
146 75
146 81
146 82
146 87
146 98
146 102
146 109
146 121
146 127
146 133
146 138
146 145
146 147
146 152
146 153
147 3
147 4
147 11
147 12
147 13
147 14
147 19
147 24
147 25
147 27
147 42
147 43
147 45
147 49
147 51
147 54
147 60
147 70
147 72
147 75
147 77
147 91
147 92
147 93
147 99
147 103
147 124
147 126
147 131
147 142
147 154
147 156
148 3
148 8
148 12
148 33
148 35
148 56
148 61
148 66
148 68
148 72
148 73
148 74
148 78
148 82
148 86
148 92
148 100
148 109
148 110
148 115
148 122
148 123
148 125
148 126
148 127
148 130
148 134
148 135
148 138
148 151
148 158
149 3
149 4
149 5
149 8
149 11
149 13
149 16
149 36
149 39
149 47
149 52
149 53
149 57
149 62
149 70
149 74
149 77
149 88
149 98
149 100
149 104
149 110
149 123
149 124
149 130
149 133
149 134
149 146
149 147
149 150
149 152
149 154
149 155
150 2
150 4
150 13
150 16
150 19
150 28
150 31
150 32
150 54
150 61
150 63
150 67
150 70
150 87
150 88
150 102
150 111
150 112
150 125
150 127
150 133
150 144
150 147
150 155
151 1
151 2
151 4
151 5
151 18
151 20
151 26
151 29
151 30
151 34
151 36
151 38
151 40
151 42
151 48
151 49
151 53
151 56
151 57
151 59
151 62
151 63
151 66
151 77
151 78
151 83
151 104
151 106
151 123
151 133
151 143
151 146
151 154
151 156
152 0
152 8
152 10
152 14
152 17
152 21
152 23
152 24
152 25
152 27
152 35
152 48
152 49
152 52
152 54
152 57
152 65
152 73
152 81
152 83
152 88
152 93
152 95
152 106
152 107
152 110
152 111
152 113
152 127
152 132
152 151
152 152
152 155
153 5
153 8
153 13
153 19
153 28
153 31
153 35
153 39
153 47
153 49
153 55
153 63
153 65
153 66
153 70
153 74
153 79
153 80
153 82
153 85
153 90
153 96
153 100
153 102
153 107
153 113
153 118
153 125
153 132
153 136
153 139
153 144
154 2
154 10
154 11
154 13
154 14
154 29
154 30
154 38
154 42
154 43
154 48
154 49
154 61
154 66
154 67
154 68
154 75
154 79
154 88
154 91
154 96
154 98
154 101
154 104
154 110
154 126
154 128
154 130
154 132
154 140
154 141
154 143
154 144
154 145
154 147
154 155
154 159
155 0
155 1
155 2
155 5
155 7
155 10
155 11
155 12
155 16
155 20
155 25
155 32
155 38
155 40
155 43
155 45
155 47
155 49
155 52
155 56
155 65
155 69
155 74
155 75
155 90
155 94
155 106
155 108
155 109
155 114
155 118
155 121
155 122
155 124
155 128
155 137
155 143
155 144
155 146
155 154
155 158
156 2
156 14
156 21
156 24
156 29
156 36
156 40
156 44
156 46
156 53
156 54
156 56
156 62
156 66
156 73
156 80
156 87
156 88
156 91
156 99
156 103
156 104
156 116
156 127
156 128
156 129
156 132
156 134
156 136
156 143
156 150
156 158
157 0
157 20
157 22
157 24
157 27
157 28
157 37
157 39
157 48
157 57
157 58
157 59
157 60
157 63
157 70
157 73
157 80
157 82
157 84
157 85
157 89
157 100
157 101
157 104
157 108
157 120
157 131
157 132
157 134
157 136
157 141
157 144
157 151
157 158
157 159
158 1
158 2
158 5
158 6
158 10
158 12
158 17
158 19
158 20
158 21
158 24
158 25
158 34
158 35
158 36
158 37
158 40
158 47
158 48
158 72
158 79
158 81
158 89
158 90
158 91
158 92
158 104
158 121
158 131
158 133
158 138
158 145
158 146
159 13
159 16
159 18
159 22
159 27
159 29
159 32
159 43
159 44
159 46
159 47
159 48
159 53
159 61
159 73
159 76
159 80
159 85
159 89
159 90
159 95
159 108
159 111
159 112
159 116
159 117
159 130
159 158
