220
9680
0 2
0 6
0 7
0 9
0 10
0 11
0 34
0 36
0 38
0 40
0 46
0 49
0 50
0 54
0 59
0 60
0 66
0 67
0 75
0 76
0 83
0 87
0 92
0 93
0 102
0 116
0 117
0 118
0 122
0 130
0 140
0 151
0 155
0 156
0 159
0 164
0 168
0 171
0 176
0 178
0 180
0 182
0 186
0 194
0 202
0 203
0 207
0 209
0 210
0 211
1 0
1 5
1 9
1 11
1 16
1 17
1 22
1 23
1 29
1 35
1 38
1 44
1 53
1 56
1 60
1 64
1 68
1 69
1 73
1 76
1 77
1 78
1 79
1 82
1 87
1 89
1 94
1 99
1 111
1 117
1 118
1 120
1 122
1 123
1 127
1 128
1 134
1 137
1 138
1 142
1 143
1 149
1 151
1 152
1 158
1 170
1 179
1 182
1 186
1 193
1 196
1 200
1 202
1 208
2 0
2 1
2 16
2 17
2 23
2 34
2 37
2 41
2 44
2 48
2 52
2 53
2 55
2 58
2 62
2 66
2 99
2 108
2 115
2 117
2 119
2 123
2 126
2 128
2 136
2 137
2 146
2 152
2 154
2 159
2 170
2 178
2 179
2 192
2 195
2 203
2 204
2 207
2 209
2 212
2 219
3 0
3 4
3 15
3 16
3 18
3 22
3 30
3 33
3 35
3 37
3 43
3 45
3 57
3 63
3 78
3 84
3 90
3 93
3 94
3 97
3 98
3 101
3 102
3 103
3 105
3 106
3 109
3 115
3 118
3 125
3 126
3 127
3 143
3 146
3 159
3 163
3 164
3 169
3 178
3 181
3 183
3 194
3 209
3 214
4 1
4 14
4 15
4 16
4 23
4 24
4 33
4 40
4 43
4 46
4 49
4 54
4 55
4 60
4 63
4 65
4 66
4 67
4 78
4 80
4 84
4 87
4 97
4 110
4 112
4 115
4 116
4 118
4 122
4 136
4 140
4 145
4 150
4 158
4 166
4 170
4 181
4 186
4 187
4 188
4 194
4 197
4 198
4 202
4 212
5 12
5 14
5 26
5 37
5 38
5 45
5 46
5 50
5 52
5 53
5 65
5 69
5 83
5 84
5 87
5 88
5 96
5 100
5 110
5 116
5 117
5 121
5 125
5 136
5 145
5 151
5 153
5 157
5 160
5 168
5 170
5 175
5 176
5 205
5 213
5 216
6 5
6 11
6 13
6 15
6 16
6 17
6 20
6 22
6 23
6 24
6 31
6 32
6 34
6 37
6 42
6 51
6 56
6 64
6 68
6 73
6 82
6 90
6 100
6 106
6 124
6 133
6 135
6 136
6 146
6 150
6 153
6 154
6 156
6 158
6 161
6 165
6 179
6 186
6 201
6 207
6 212
6 215
7 2
7 12
7 17
7 18
7 20
7 22
7 23
7 38
7 42
7 45
7 48
7 51
7 64
7 66
7 70
7 77
7 86
7 92
7 93
7 97
7 100
7 105
7 110
7 112
7 125
7 151
7 158
7 159
7 164
7 167
7 168
7 169
7 170
7 175
7 177
7 178
7 183
7 189
7 199
7 203
7 207
7 208
7 209
7 210
7 217
7 218
8 6
8 8
8 10
8 11
8 13
8 14
8 16
8 18
8 19
8 28
8 36
8 41
8 42
8 50
8 59
8 60
8 63
8 64
8 65
8 66
8 69
8 79
8 89
8 94
8 101
8 102
8 104
8 119
8 126
8 130
8 134
8 136
8 138
8 146
8 156
8 159
8 160
8 161
8 174
8 188
8 190
8 198
8 199
8 209
8 213
8 218
9 0
9 12
9 14
9 19
9 27
9 44
9 65
9 66
9 77
9 81
9 85
9 86
9 93
9 95
9 96
9 118
9 119
9 128
9 141
9 158
9 166
9 167
9 173
9 176
9 178
9 181
9 182
9 184
9 185
9 186
9 187
9 199
9 200
10 6
10 7
10 9
10 11
10 21
10 22
10 25
10 29
10 30
10 34
10 46
10 62
10 75
10 76
10 78
10 79
10 84
10 88
10 95
10 96
10 106
10 108
10 112
10 120
10 121
10 122
10 124
10 147
10 158
10 159
10 163
10 176
10 178
10 183
10 185
10 190
10 191
10 198
10 203
10 206
10 214
10 215
11 4
11 18
11 26
11 33
11 38
11 43
11 45
11 48
11 65
11 72
11 75
11 76
11 77
11 81
11 90
11 91
11 103
11 104
11 120
11 127
11 131
11 132
11 133
11 136
11 137
11 143
11 148
11 168
11 192
11 193
11 196
11 197
11 198
11 203
11 205
11 207
11 214
11 215
12 5
12 8
12 11
12 14
12 16
12 18
12 21
12 34
12 43
12 44
12 45
12 46
12 48
12 50
12 64
12 72
12 75
12 77
12 78
12 91
12 101
12 106
12 108
12 112
12 115
12 124
12 125
12 134
12 136
12 140
12 141
12 143
12 144
12 167
12 171
12 182
12 183
12 191
12 199
12 210
12 217
13 7
13 12
13 14
13 22
13 24
13 26
13 29
13 30
13 32
13 39
13 46
13 57
13 59
13 60
13 63
13 64
13 66
13 70
13 72
13 75
13 81
13 82
13 85
13 99
13 100
13 102
13 107
13 111
13 112
13 118
13 119
13 120
13 131
13 132
13 135
13 145
13 149
13 153
13 155
13 156
13 163
13 164
13 170
13 180
13 183
13 186
13 194
13 195
13 197
13 204
13 212
13 213
13 214
14 2
14 7
14 8
14 15
14 16
14 23
14 24
14 26
14 31
14 33
14 49
14 50
14 52
14 65
14 66
14 67
14 72
14 79
14 81
14 82
14 84
14 85
14 92
14 95
14 103
14 109
14 113
14 114
14 118
14 124
14 125
14 130
14 136
14 137
14 138
14 142
14 153
14 155
14 161
14 167
14 168
14 169
14 171
14 173
14 176
14 180
14 182
14 188
14 202
14 206
14 211
14 212
15 0
15 1
15 6
15 7
15 9
15 19
15 22
15 27
15 30
15 34
15 35
15 41
15 60
15 63
15 66
15 69
15 70
15 76
15 85
15 86
15 92
15 95
15 96
15 98
15 103
15 105
15 108
15 112
15 115
15 123
15 128
15 136
15 144
15 148
15 150
15 157
15 167
15 179
15 180
15 181
15 186
15 187
15 189
15 190
15 206
15 211
16 0
16 7
16 14
16 15
16 25
16 28
16 31
16 35
16 45
16 47
16 53
16 54
16 56
16 57
16 61
16 63
16 67
16 74
16 79
16 81
16 84
16 90
16 92
16 95
16 103
16 111
16 112
16 114
16 116
16 126
16 128
16 129
16 134
16 146
16 147
16 148
16 154
16 159
16 160
16 161
16 163
16 172
16 173
16 177
16 179
16 180
16 181
16 185
16 186
16 188
16 189
16 193
16 197
16 199
16 203
17 2
17 3
17 9
17 15
17 20
17 28
17 32
17 33
17 48
17 61
17 62
17 66
17 70
17 74
17 84
17 111
17 115
17 126
17 132
17 134
17 138
17 139
17 140
17 142
17 160
17 175
17 177
17 185
17 189
17 192
17 193
17 201
17 206
17 208
17 213
17 218
18 15
18 28
18 30
18 37
18 41
18 44
18 45
18 54
18 60
18 70
18 77
18 81
18 85
18 87
18 89
18 103
18 104
18 112
18 114
18 117
18 126
18 127
18 131
18 132
18 135
18 138
18 143
18 154
18 159
18 162
18 175
18 180
18 183
18 184
18 188
18 195
18 201
18 204
18 212
18 216
19 0
19 18
19 26
19 29
19 31
19 34
19 52
19 61
19 62
19 63
19 64
19 65
19 67
19 71
19 75
19 78
19 79
19 82
19 84
19 89
19 96
19 97
19 102
19 104
19 107
19 112
19 117
19 118
19 120
19 126
19 128
19 138
19 148
19 167
19 178
19 179
19 197
19 198
19 205
19 207
19 209
19 213
19 216
19 218
20 13
20 15
20 22
20 26
20 27
20 29
20 34
20 52
20 54
20 55
20 58
20 67
20 79
20 87
20 90
20 93
20 100
20 102
20 109
20 115
20 128
20 133
20 136
20 140
20 152
20 155
20 156
20 169
20 173
20 174
20 176
20 185
20 191
20 192
20 193
20 199
20 201
20 204
20 213
21 24
21 31
21 37
21 38
21 42
21 50
21 51
21 52
21 59
21 62
21 72
21 88
21 92
21 93
21 130
21 137
21 145
21 146
21 148
21 153
21 161
21 164
21 165
21 166
21 176
21 178
21 181
21 184
21 196
21 198
21 207
21 215
22 1
22 9
22 18
22 19
22 25
22 29
22 33
22 44
22 49
22 54
22 71
22 78
22 85
22 86
22 90
22 93
22 98
22 100
22 106
22 108
22 113
22 114
22 116
22 119
22 120
22 125
22 126
22 145
22 149
22 166
22 170
22 172
22 182
22 187
22 188
22 199
22 218
23 0
23 3
23 12
23 13
23 19
23 25
23 27
23 37
23 38
23 60
23 63
23 64
23 67
23 74
23 88
23 95
23 98
23 103
23 104
23 111
23 125
23 130
23 132
23 141
23 143
23 144
23 146
23 147
23 151
23 154
23 158
23 166
23 168
23 169
23 178
23 182
23 201
23 217
23 218
24 0
24 2
24 3
24 4
24 6
24 14
24 21
24 29
24 31
24 33
24 36
24 37
24 38
24 43
24 49
24 52
24 54
24 60
24 65
24 79
24 80
24 88
24 91
24 98
24 100
24 110
24 111
24 115
24 118
24 119
24 120
24 131
24 139
24 145
24 148
24 151
24 156
24 170
24 172
24 174
24 176
24 180
24 182
24 189
24 191
24 214
25 0
25 2
25 7
25 22
25 25
25 29
25 31
25 41
25 45
25 47
25 52
25 54
25 58
25 66
25 67
25 68
25 71
25 75
25 76
25 83
25 86
25 89
25 98
25 99
25 100
25 102
25 132
25 142
25 143
25 144
25 152
25 157
25 159
25 160
25 164
25 165
25 169
25 176
25 184
25 185
25 186
25 188
25 189
25 191
25 201
25 206
25 208
25 218
26 5
26 10
26 12
26 13
26 20
26 25
26 26
26 34
26 36
26 41
26 51
26 52
26 55
26 56
26 57
26 58
26 59
26 62
26 67
26 82
26 83
26 87
26 90
26 94
26 95
26 97
26 99
26 105
26 122
26 127
26 135
26 136
26 138
26 144
26 156
26 161
26 165
26 171
26 186
26 191
26 197
26 198
26 206
26 208
26 210
26 212
26 214
27 0
27 6
27 8
27 13
27 19
27 20
27 31
27 35
27 40
27 41
27 45
27 47
27 57
27 64
27 70
27 78
27 79
27 86
27 92
27 93
27 94
27 101
27 104
27 109
27 115
27 123
27 126
27 128
27 131
27 133
27 157
27 159
27 161
27 164
27 170
27 172
27 175
27 180
27 182
27 199
27 200
27 201
27 202
27 203
27 207
27 210
28 1
28 2
28 8
28 11
28 17
28 19
28 25
28 27
28 29
28 42
28 44
28 55
28 59
28 63
28 64
28 67
28 69
28 70
28 72
28 78
28 80
28 83
28 86
28 107
28 113
28 117
28 127
28 137
28 142
28 146
28 147
28 150
28 160
28 164
28 165
28 167
28 176
28 188
28 190
28 193
28 197
28 204
28 211
28 213
29 4
29 9
29 15
29 19
29 26
29 28
29 35
29 37
29 43
29 44
29 46
29 49
29 56
29 61
29 62
29 77
29 78
29 79
29 82
29 84
29 85
29 87
29 89
29 92
29 100
29 107
29 110
29 127
29 131
29 132
29 133
29 134
29 138
29 154
29 156
29 173
29 175
29 181
29 183
29 184
29 187
29 189
29 191
29 192
29 199
29 203
29 209
29 216
29 218
30 3
30 9
30 12
30 26
30 28
30 34
30 36
30 44
30 45
30 46
30 48
30 51
30 52
30 56
30 59
30 69
30 78
30 80
30 84
30 93
30 94
30 109
30 113
30 120
30 124
30 127
30 135
30 142
30 144
30 154
30 156
30 167
30 181
30 183
30 184
30 186
30 189
30 193
30 198
30 199
30 203
30 211
30 212
30 219
31 0
31 2
31 4
31 7
31 9
31 17
31 20
31 23
31 24
31 25
31 33
31 34
31 35
31 64
31 70
31 76
31 81
31 84
31 85
31 89
31 93
31 95
31 97
31 105
31 115
31 117
31 118
31 121
31 130
31 131
31 135
31 137
31 138
31 145
31 150
31 152
31 157
31 160
31 165
31 179
31 180
31 186
31 194
31 201
31 209
31 217
32 3
32 8
32 21
32 26
32 36
32 38
32 45
32 51
32 54
32 56
32 57
32 61
32 62
32 64
32 65
32 69
32 72
32 77
32 79
32 100
32 101
32 116
32 117
32 128
32 134
32 139
32 141
32 145
32 150
32 156
32 172
32 179
32 195
32 196
32 203
32 211
33 4
33 7
33 8
33 13
33 21
33 24
33 29
33 37
33 40
33 42
33 54
33 58
33 65
33 67
33 78
33 80
33 97
33 100
33 102
33 109
33 123
33 128
33 129
33 130
33 149
33 160
33 162
33 166
33 172
33 174
33 179
33 189
33 200
33 201
33 204
33 207
33 208
33 217
34 2
34 8
34 11
34 17
34 18
34 20
34 24
34 25
34 27
34 29
34 30
34 31
34 39
34 40
34 47
34 48
34 50
34 57
34 58
34 67
34 71
34 79
34 82
34 91
34 95
34 96
34 103
34 105
34 108
34 109
34 112
34 115
34 122
34 124
34 125
34 128
34 142
34 150
34 152
34 156
34 159
34 166
34 168
34 170
34 173
34 175
34 176
34 182
34 183
34 185
34 188
34 196
34 197
34 198
34 199
34 204
34 207
34 208
35 20
35 33
35 37
35 40
35 43
35 47
35 49
35 51
35 54
35 67
35 74
35 75
35 86
35 108
35 111
35 118
35 119
35 120
35 124
35 126
35 131
35 133
35 134
35 136
35 149
35 156
35 158
35 165
35 170
35 172
35 173
35 183
35 194
35 209
36 2
36 4
36 5
36 10
36 11
36 18
36 20
36 36
36 37
36 41
36 43
36 44
36 45
36 52
36 57
36 62
36 64
36 68
36 80
36 86
36 87
36 106
36 109
36 119
36 120
36 124
36 127
36 134
36 145
36 149
36 151
36 159
36 165
36 174
36 176
36 179
36 183
36 192
36 194
36 197
36 201
36 217
36 218
37 1
37 6
37 9
37 21
37 31
37 35
37 38
37 51
37 54
37 61
37 63
37 64
37 67
37 70
37 73
37 74
37 82
37 84
37 97
37 108
37 117
37 119
37 121
37 126
37 127
37 133
37 139
37 143
37 151
37 157
37 167
37 169
37 179
37 191
37 194
37 202
37 218
38 0
38 4
38 5
38 7
38 8
38 11
38 12
38 16
38 19
38 33
38 45
38 47
38 59
38 67
38 89
38 90
38 92
38 103
38 107
38 112
38 118
38 119
38 128
38 129
38 143
38 144
38 145
38 148
38 154
38 158
38 164
38 168
38 176
38 178
38 186
38 187
38 198
38 212
39 10
39 14
39 29
39 43
39 53
39 58
39 60
39 61
39 63
39 70
39 80
39 83
39 88
39 91
39 95
39 101
39 105
39 115
39 121
39 127
39 136
39 137
39 149
39 150
39 153
39 156
39 157
39 162
39 167
39 170
39 181
39 186
39 187
39 192
39 198
39 202
39 209
39 213
39 214
40 0
40 1
40 14
40 19
40 20
40 21
40 25
40 30
40 40
40 57
40 68
40 72
40 79
40 87
40 97
40 98
40 99
40 101
40 102
40 105
40 110
40 114
40 117
40 118
40 119
40 129
40 133
40 146
40 150
40 153
40 154
40 165
40 168
40 175
40 177
40 181
40 188
40 198
40 199
40 201
40 202
40 210
40 214
40 217
41 0
41 5
41 10
41 12
41 13
41 15
41 33
41 34
41 45
41 47
41 48
41 53
41 59
41 61
41 63
41 72
41 76
41 82
41 85
41 91
41 93
41 98
41 111
41 112
41 126
41 129
41 130
41 132
41 136
41 137
41 146
41 155
41 162
41 168
41 170
41 173
41 175
41 186
41 189
41 201
41 212
41 218
42 13
42 22
42 27
42 42
42 44
42 53
42 55
42 60
42 68
42 69
42 81
42 83
42 95
42 97
42 101
42 112
42 119
42 120
42 122
42 136
42 143
42 144
42 153
42 154
42 156
42 157
42 168
42 176
42 184
42 185
42 189
42 190
42 196
42 201
42 206
42 212
42 215
43 0
43 13
43 14
43 19
43 29
43 33
43 37
43 41
43 43
43 54
43 58
43 59
43 61
43 75
43 88
43 90
43 96
43 97
43 99
43 102
43 104
43 107
43 114
43 116
43 127
43 131
43 132
43 134
43 142
43 147
43 149
43 154
43 164
43 168
43 172
43 178
43 179
43 181
43 187
43 198
43 200
43 204
43 205
43 207
43 214
43 215
43 216
43 219
44 10
44 11
44 15
44 17
44 19
44 21
44 40
44 45
44 54
44 56
44 59
44 65
44 81
44 91
44 96
44 98
44 100
44 105
44 106
44 108
44 112
44 114
44 115
44 122
44 124
44 125
44 128
44 132
44 133
44 135
44 136
44 142
44 144
44 145
44 161
44 162
44 168
44 170
44 182
44 192
44 194
44 200
44 204
44 206
44 207
44 211
44 215
44 218
45 0
45 10
45 17
45 20
45 23
45 29
45 34
45 37
45 40
45 48
45 56
45 60
45 61
45 63
45 64
45 70
45 76
45 82
45 97
45 100
45 101
45 107
45 120
45 121
45 125
45 126
45 127
45 129
45 131
45 134
45 141
45 142
45 143
45 144
45 149
45 154
45 155
45 157
45 159
45 162
45 165
45 166
45 187
45 190
45 198
45 199
45 219
46 2
46 4
46 6
46 8
46 15
46 21
46 23
46 31
46 32
46 33
46 46
46 47
46 54
46 55
46 62
46 63
46 64
46 79
46 90
46 102
46 107
46 110
46 115
46 116
46 118
46 119
46 132
46 137
46 143
46 151
46 152
46 158
46 164
46 165
46 168
46 171
46 172
46 174
46 175
46 177
46 183
46 210
46 216
47 6
47 7
47 12
47 14
47 15
47 19
47 21
47 30
47 33
47 34
47 37
47 44
47 46
47 48
47 50
47 57
47 59
47 62
47 75
47 77
47 78
47 80
47 83
47 84
47 86
47 96
47 97
47 106
47 114
47 124
47 126
47 127
47 129
47 137
47 141
47 143
47 145
47 148
47 149
47 160
47 163
47 179
47 189
47 191
47 192
47 194
47 196
47 198
47 204
47 212
47 216
47 217
48 2
48 4
48 10
48 13
48 17
48 19
48 26
48 27
48 32
48 33
48 35
48 37
48 50
48 58
48 63
48 69
48 84
48 85
48 86
48 101
48 104
48 109
48 112
48 115
48 116
48 117
48 119
48 120
48 126
48 127
48 138
48 149
48 151
48 159
48 169
48 172
48 176
48 181
48 183
48 184
48 197
48 198
48 200
48 203
48 207
48 209
48 210
48 212
48 213
49 11
49 17
49 19
49 22
49 40
49 49
49 51
49 52
49 57
49 66
49 75
49 85
49 88
49 98
49 108
49 109
49 111
49 114
49 122
49 124
49 128
49 137
49 139
49 140
49 141
49 142
49 148
49 150
49 156
49 160
49 166
49 187
49 190
49 196
49 197
49 202
49 206
49 209
49 212
49 213
49 219
50 4
50 10
50 11
50 25
50 26
50 31
50 32
50 39
50 40
50 41
50 55
50 61
50 62
50 65
50 66
50 69
50 70
50 71
50 77
50 81
50 82
50 83
50 84
50 85
50 88
50 89
50 100
50 101
50 115
50 124
50 130
50 139
50 141
50 142
50 143
50 144
50 147
50 148
50 154
50 157
50 169
50 172
50 180
50 182
50 187
50 193
50 196
50 198
50 199
50 202
50 203
50 209
50 214
50 216
51 0
51 2
51 20
51 21
51 24
51 31
51 35
51 37
51 43
51 46
51 48
51 49
51 50
51 53
51 54
51 55
51 56
51 69
51 70
51 72
51 73
51 81
51 85
51 86
51 90
51 94
51 105
51 106
51 110
51 112
51 118
51 124
51 126
51 129
51 130
51 136
51 137
51 139
51 141
51 142
51 143
51 146
51 153
51 157
51 159
51 162
51 166
51 178
51 184
51 185
51 188
51 189
51 192
51 194
51 198
51 206
51 208
51 214
51 215
51 219
52 0
52 3
52 10
52 13
52 26
52 30
52 35
52 39
52 43
52 51
52 53
52 57
52 64
52 74
52 75
52 76
52 79
52 87
52 93
52 100
52 115
52 116
52 117
52 120
52 122
52 126
52 133
52 134
52 137
52 142
52 148
52 150
52 153
52 155
52 158
52 164
52 177
52 182
52 184
52 185
52 199
52 202
52 206
52 207
52 211
52 212
52 217
52 219
53 1
53 3
53 4
53 8
53 12
53 21
53 22
53 23
53 31
53 40
53 56
53 57
53 63
53 84
53 87
53 98
53 101
53 104
53 116
53 123
53 125
53 133
53 137
53 147
53 151
53 158
53 161
53 180
53 181
53 182
53 191
53 198
53 203
53 204
53 205
53 207
53 211
53 213
54 1
54 2
54 3
54 7
54 8
54 31
54 34
54 36
54 40
54 51
54 53
54 55
54 64
54 76
54 82
54 89
54 91
54 95
54 108
54 110
54 113
54 124
54 126
54 134
54 142
54 154
54 155
54 160
54 161
54 164
54 172
54 173
54 178
54 183
54 186
54 189
54 194
54 198
54 209
54 210
54 212
54 215
55 4
55 5
55 11
55 15
55 22
55 29
55 33
55 52
55 54
55 64
55 65
55 66
55 67
55 70
55 93
55 95
55 101
55 103
55 106
55 126
55 132
55 139
55 147
55 152
55 155
55 157
55 180
55 181
55 183
55 189
55 196
55 199
55 201
55 207
55 208
55 211
55 213
56 1
56 13
56 15
56 20
56 25
56 32
56 38
56 41
56 42
56 48
56 49
56 53
56 55
56 57
56 59
56 62
56 63
56 64
56 71
56 73
56 75
56 76
56 79
56 87
56 89
56 94
56 104
56 108
56 109
56 113
56 116
56 118
56 129
56 138
56 147
56 149
56 155
56 156
56 175
56 178
56 183
56 185
56 191
56 193
56 202
56 210
56 213
57 6
57 12
57 23
57 26
57 29
57 33
57 41
57 46
57 49
57 50
57 53
57 66
57 68
57 71
57 76
57 80
57 87
57 91
57 94
57 96
57 97
57 109
57 113
57 121
57 124
57 128
57 130
57 134
57 149
57 158
57 160
57 164
57 165
57 172
57 175
57 178
57 186
57 189
57 190
57 199
57 205
57 206
57 208
57 210
57 217
57 218
58 13
58 23
58 25
58 31
58 35
58 38
58 44
58 45
58 56
58 58
58 59
58 64
58 66
58 67
58 72
58 73
58 76
58 100
58 107
58 113
58 126
58 127
58 128
58 129
58 131
58 134
58 136
58 140
58 149
58 151
58 155
58 157
58 159
58 167
58 168
58 172
58 175
58 176
58 179
58 181
58 197
58 201
58 202
58 210
58 211
58 217
59 4
59 9
59 11
59 16
59 23
59 27
59 28
59 40
59 42
59 54
59 60
59 62
59 64
59 66
59 77
59 78
59 79
59 81
59 87
59 89
59 92
59 95
59 97
59 99
59 108
59 114
59 115
59 118
59 119
59 125
59 127
59 130
59 131
59 132
59 140
59 141
59 144
59 147
59 149
59 150
59 158
59 160
59 161
59 167
59 173
59 187
59 192
59 196
59 203
59 207
59 210
59 214
60 8
60 19
60 29
60 38
60 39
60 40
60 52
60 60
60 69
60 70
60 78
60 88
60 90
60 98
60 102
60 103
60 107
60 111
60 113
60 119
60 134
60 138
60 140
60 146
60 152
60 161
60 165
60 173
60 182
60 186
60 193
60 194
60 211
60 214
60 215
60 216
61 11
61 16
61 22
61 26
61 28
61 30
61 31
61 33
61 36
61 39
61 44
61 50
61 53
61 57
61 58
61 62
61 63
61 67
61 95
61 106
61 111
61 122
61 123
61 124
61 130
61 132
61 134
61 135
61 151
61 156
61 163
61 166
61 171
61 180
61 182
61 183
61 184
61 191
62 3
62 4
62 6
62 13
62 14
62 17
62 20
62 23
62 28
62 37
62 40
62 41
62 44
62 45
62 46
62 48
62 49
62 53
62 54
62 73
62 78
62 83
62 92
62 98
62 99
62 102
62 107
62 110
62 111
62 114
62 130
62 132
62 134
62 137
62 138
62 146
62 152
62 166
62 167
62 168
62 170
62 176
62 183
62 185
62 189
62 192
62 202
62 209
62 215
62 217
63 1
63 13
63 14
63 24
63 26
63 27
63 34
63 36
63 39
63 41
63 43
63 44
63 47
63 54
63 57
63 62
63 65
63 66
63 69
63 73
63 93
63 98
63 102
63 120
63 125
63 137
63 147
63 151
63 154
63 159
63 168
63 179
63 182
63 184
63 190
63 191
63 197
63 200
63 201
63 203
63 204
63 206
63 210
63 218
64 0
64 8
64 20
64 21
64 31
64 36
64 46
64 59
64 63
64 65
64 68
64 69
64 70
64 79
64 85
64 86
64 87
64 96
64 114
64 123
64 126
64 131
64 134
64 143
64 144
64 148
64 149
64 150
64 152
64 155
64 161
64 172
64 183
64 184
64 187
64 196
64 197
64 200
64 203
64 206
64 209
64 214
65 6
65 7
65 8
65 17
65 21
65 23
65 29
65 42
65 43
65 44
65 49
65 56
65 64
65 68
65 73
65 80
65 93
65 96
65 97
65 101
65 102
65 106
65 129
65 130
65 141
65 144
65 149
65 154
65 155
65 157
65 164
65 165
65 171
65 173
65 177
65 180
65 181
65 206
65 208
65 213
65 215
65 217
66 2
66 11
66 15
66 17
66 18
66 22
66 40
66 48
66 51
66 58
66 59
66 62
66 64
66 68
66 70
66 71
66 73
66 84
66 92
66 95
66 97
66 98
66 101
66 103
66 107
66 114
66 127
66 132
66 142
66 147
66 158
66 177
66 179
66 180
66 183
66 187
66 191
66 192
66 193
66 197
66 200
66 206
66 208
66 212
66 215
67 1
67 5
67 6
67 12
67 29
67 32
67 33
67 41
67 42
67 47
67 51
67 52
67 58
67 73
67 74
67 78
67 83
67 86
67 88
67 91
67 102
67 108
67 109
67 113
67 115
67 133
67 134
67 136
67 138
67 140
67 144
67 148
67 154
67 155
67 160
67 169
67 171
67 173
67 180
67 187
67 190
67 193
67 194
67 195
67 199
67 202
67 203
67 211
67 214
67 218
68 12
68 20
68 23
68 25
68 26
68 42
68 49
68 51
68 53
68 58
68 59
68 62
68 66
68 69
68 71
68 73
68 76
68 81
68 84
68 95
68 98
68 102
68 106
68 108
68 112
68 119
68 120
68 122
68 125
68 131
68 139
68 143
68 144
68 146
68 147
68 152
68 156
68 158
68 159
68 169
68 172
68 174
68 178
68 180
68 181
68 188
68 193
68 195
68 196
68 200
68 207
68 209
68 217
69 7
69 13
69 16
69 24
69 35
69 40
69 41
69 48
69 49
69 62
69 70
69 72
69 77
69 80
69 81
69 89
69 95
69 101
69 109
69 112
69 114
69 115
69 118
69 120
69 122
69 133
69 135
69 136
69 141
69 146
69 148
69 150
69 170
69 183
69 184
69 189
69 193
69 194
69 201
69 202
69 203
69 205
69 208
69 209
69 216
69 219
70 1
70 4
70 7
70 11
70 12
70 14
70 15
70 18
70 27
70 42
70 46
70 52
70 53
70 54
70 66
70 68
70 76
70 82
70 84
70 88
70 91
70 99
70 100
70 103
70 104
70 108
70 112
70 113
70 115
70 118
70 119
70 120
70 133
70 137
70 154
70 155
70 156
70 157
70 161
70 166
70 173
70 174
70 194
70 197
70 199
70 201
71 5
71 7
71 15
71 18
71 21
71 27
71 29
71 33
71 36
71 40
71 44
71 51
71 62
71 67
71 70
71 74
71 75
71 79
71 89
71 93
71 94
71 104
71 105
71 107
71 108
71 110
71 117
71 128
71 132
71 138
71 139
71 142
71 147
71 149
71 156
71 159
71 161
71 162
71 164
71 169
71 174
71 179
71 182
71 184
71 200
71 208
71 212
71 214
72 0
72 3
72 7
72 26
72 32
72 42
72 48
72 52
72 53
72 54
72 60
72 63
72 64
72 67
72 68
72 73
72 74
72 78
72 79
72 80
72 84
72 85
72 86
72 89
72 95
72 100
72 105
72 110
72 121
72 123
72 130
72 136
72 137
72 148
72 150
72 160
72 163
72 170
72 172
72 175
72 176
72 188
72 189
72 201
72 206
72 215
72 218
72 219
73 2
73 12
73 13
73 16
73 19
73 23
73 28
73 36
73 41
73 43
73 55
73 57
73 64
73 65
73 69
73 74
73 75
73 76
73 82
73 85
73 86
73 89
73 93
73 94
73 99
73 103
73 107
73 113
73 115
73 117
73 122
73 126
73 128
73 149
73 150
73 152
73 153
73 160
73 162
73 171
73 172
73 176
73 184
73 187
73 192
73 195
73 197
73 199
73 209
73 210
73 218
73 219
74 6
74 7
74 11
74 16
74 24
74 27
74 31
74 35
74 38
74 39
74 41
74 50
74 55
74 57
74 59
74 61
74 68
74 69
74 81
74 84
74 86
74 92
74 102
74 103
74 105
74 107
74 112
74 113
74 118
74 125
74 136
74 137
74 145
74 154
74 167
74 174
74 175
74 187
74 196
74 197
74 201
74 203
74 208
74 211
74 216
75 0
75 5
75 6
75 9
75 11
75 20
75 22
75 25
75 40
75 45
75 47
75 48
75 50
75 51
75 57
75 62
75 63
75 65
75 67
75 78
75 93
75 94
75 107
75 109
75 110
75 125
75 131
75 135
75 142
75 150
75 154
75 155
75 159
75 160
75 176
75 179
75 182
75 184
75 187
75 195
75 196
75 197
75 199
75 201
75 205
76 0
76 8
76 12
76 18
76 22
76 28
76 29
76 34
76 40
76 44
76 46
76 49
76 53
76 57
76 59
76 65
76 66
76 73
76 74
76 82
76 83
76 86
76 95
76 96
76 98
76 101
76 107
76 110
76 112
76 118
76 121
76 123
76 129
76 131
76 137
76 139
76 144
76 150
76 154
76 155
76 156
76 161
76 162
76 180
76 183
76 185
76 186
76 199
76 202
76 204
76 207
77 7
77 10
77 26
77 38
77 42
77 43
77 46
77 48
77 49
77 51
77 57
77 60
77 61
77 63
77 66
77 67
77 70
77 76
77 78
77 91
77 92
77 103
77 104
77 111
77 115
77 117
77 127
77 129
77 135
77 138
77 145
77 153
77 161
77 162
77 170
77 172
77 173
77 179
77 185
77 187
77 194
77 195
77 196
77 198
77 202
77 205
77 217
78 8
78 10
78 12
78 13
78 14
78 19
78 24
78 26
78 30
78 46
78 52
78 57
78 60
78 62
78 71
78 73
78 74
78 79
78 83
78 87
78 93
78 102
78 103
78 107
78 114
78 118
78 119
78 122
78 123
78 124
78 128
78 131
78 149
78 180
78 182
78 184
78 185
78 186
78 189
78 205
78 207
78 212
79 1
79 3
79 18
79 21
79 24
79 27
79 33
79 35
79 36
79 42
79 43
79 45
79 49
79 51
79 54
79 57
79 66
79 87
79 92
79 99
79 109
79 116
79 123
79 139
79 146
79 147
79 151
79 179
79 183
79 190
79 193
79 194
79 195
79 196
79 197
79 202
79 203
79 209
79 214
79 217
80 2
80 38
80 39
80 40
80 43
80 44
80 57
80 67
80 68
80 70
80 78
80 81
80 82
80 88
80 90
80 99
80 101
80 104
80 115
80 118
80 120
80 130
80 136
80 137
80 145
80 150
80 152
80 154
80 160
80 162
80 177
80 184
80 194
80 200
80 203
80 207
80 210
80 215
80 217
80 218
80 219
81 1
81 11
81 16
81 18
81 19
81 20
81 21
81 27
81 29
81 36
81 37
81 41
81 52
81 53
81 54
81 56
81 60
81 62
81 67
81 71
81 73
81 74
81 81
81 92
81 95
81 100
81 101
81 105
81 107
81 108
81 116
81 122
81 124
81 125
81 126
81 132
81 142
81 151
81 154
81 165
81 169
81 174
81 179
81 186
81 188
81 189
81 192
81 193
81 194
81 195
81 200
81 205
81 207
81 209
81 212
82 1
82 5
82 10
82 11
82 18
82 23
82 24
82 28
82 29
82 33
82 45
82 47
82 52
82 60
82 65
82 77
82 78
82 84
82 86
82 88
82 100
82 110
82 111
82 120
82 121
82 122
82 130
82 137
82 138
82 140
82 141
82 148
82 150
82 152
82 155
82 158
82 163
82 173
82 175
82 187
82 193
82 195
82 197
82 202
82 203
83 2
83 3
83 5
83 6
83 9
83 11
83 13
83 14
83 16
83 18
83 19
83 27
83 31
83 47
83 51
83 58
83 59
83 67
83 68
83 76
83 81
83 84
83 85
83 86
83 93
83 103
83 104
83 110
83 113
83 114
83 136
83 147
83 154
83 157
83 161
83 165
83 166
83 167
83 178
83 180
83 184
83 186
83 190
83 198
83 202
83 209
83 218
84 3
84 4
84 14
84 15
84 18
84 19
84 20
84 24
84 28
84 29
84 30
84 42
84 48
84 49
84 54
84 55
84 59
84 63
84 67
84 78
84 84
84 85
84 88
84 92
84 97
84 100
84 110
84 116
84 122
84 134
84 149
84 151
84 164
84 170
84 173
84 174
84 177
84 181
84 191
84 192
84 211
85 1
85 8
85 19
85 28
85 33
85 36
85 45
85 52
85 58
85 59
85 60
85 62
85 65
85 68
85 72
85 73
85 79
85 90
85 91
85 95
85 97
85 103
85 118
85 122
85 126
85 129
85 132
85 139
85 142
85 144
85 154
85 156
85 161
85 162
85 170
85 171
85 174
85 176
85 184
85 191
85 197
85 201
85 203
85 206
85 212
85 216
85 219
86 0
86 17
86 18
86 21
86 23
86 24
86 27
86 31
86 33
86 45
86 52
86 57
86 64
86 65
86 66
86 67
86 69
86 82
86 83
86 93
86 94
86 96
86 98
86 103
86 104
86 105
86 110
86 111
86 113
86 120
86 125
86 126
86 127
86 128
86 131
86 147
86 158
86 161
86 166
86 175
86 179
86 180
86 184
86 189
86 191
86 196
86 202
86 207
86 214
86 219
87 3
87 9
87 10
87 12
87 18
87 19
87 28
87 29
87 32
87 37
87 38
87 44
87 49
87 54
87 57
87 58
87 59
87 63
87 66
87 72
87 90
87 99
87 101
87 110
87 111
87 117
87 126
87 127
87 134
87 136
87 147
87 154
87 160
87 165
87 167
87 176
87 181
87 191
87 197
87 210
87 212
88 6
88 7
88 12
88 14
88 17
88 20
88 25
88 28
88 37
88 38
88 42
88 45
88 71
88 75
88 83
88 84
88 86
88 94
88 96
88 97
88 99
88 104
88 105
88 107
88 109
88 116
88 118
88 119
88 122
88 123
88 126
88 134
88 137
88 145
88 146
88 153
88 161
88 162
88 163
88 166
88 182
88 187
88 189
88 190
88 193
88 196
88 198
88 200
88 211
88 212
89 4
89 6
89 20
89 21
89 22
89 25
89 29
89 32
89 37
89 38
89 39
89 41
89 46
89 48
89 56
89 57
89 59
89 68
89 70
89 77
89 84
89 100
89 105
89 107
89 116
89 124
89 136
89 137
89 139
89 140
89 145
89 147
89 161
89 176
89 200
89 201
89 202
89 203
89 204
89 210
89 212
89 214
89 218
90 6
90 12
90 16
90 22
90 31
90 32
90 33
90 35
90 39
90 40
90 41
90 48
90 53
90 58
90 59
90 61
90 66
90 71
90 74
90 77
90 78
90 80
90 82
90 85
90 87
90 95
90 98
90 102
90 112
90 125
90 129
90 140
90 141
90 143
90 144
90 146
90 147
90 148
90 154
90 156
90 157
90 160
90 171
90 175
90 176
90 184
90 185
90 187
90 190
90 192
90 202
90 209
90 212
90 213
90 217
91 4
91 12
91 14
91 22
91 23
91 29
91 33
91 44
91 47
91 50
91 51
91 53
91 61
91 70
91 77
91 79
91 81
91 84
91 95
91 100
91 103
91 104
91 108
91 113
91 119
91 123
91 124
91 126
91 131
91 134
91 155
91 163
91 167
91 178
91 181
91 184
91 193
91 198
91 205
91 209
91 218
92 1
92 2
92 3
92 9
92 12
92 13
92 14
92 18
92 20
92 22
92 34
92 36
92 37
92 38
92 39
92 40
92 41
92 42
92 46
92 48
92 53
92 62
92 71
92 73
92 75
92 88
92 94
92 106
92 111
92 113
92 114
92 116
92 121
92 122
92 126
92 127
92 134
92 136
92 140
92 147
92 148
92 149
92 151
92 155
92 158
92 164
92 167
92 170
92 179
92 182
92 184
92 197
92 201
92 207
92 208
93 2
93 8
93 17
93 18
93 25
93 26
93 35
93 38
93 44
93 47
93 50
93 53
93 57
93 67
93 70
93 77
93 82
93 84
93 86
93 96
93 104
93 107
93 118
93 121
93 122
93 135
93 138
93 157
93 164
93 165
93 166
93 169
93 173
93 177
93 180
93 182
93 184
93 190
93 191
93 196
93 199
93 200
93 207
93 209
93 214
93 217
94 3
94 9
94 11
94 13
94 15
94 17
94 19
94 22
94 23
94 36
94 38
94 44
94 50
94 53
94 54
94 56
94 58
94 64
94 65
94 67
94 84
94 92
94 101
94 115
94 117
94 124
94 125
94 128
94 130
94 133
94 136
94 137
94 151
94 171
94 174
94 177
94 179
94 180
94 181
94 183
94 185
94 200
94 202
94 204
94 211
94 214
94 219
95 0
95 8
95 12
95 15
95 23
95 35
95 41
95 44
95 49
95 50
95 56
95 75
95 86
95 88
95 89
95 97
95 98
95 99
95 100
95 103
95 108
95 111
95 113
95 114
95 115
95 118
95 123
95 124
95 126
95 129
95 131
95 134
95 153
95 154
95 156
95 157
95 159
95 167
95 172
95 183
95 185
95 187
95 188
95 197
95 201
95 212
95 215
96 7
96 9
96 10
96 30
96 33
96 36
96 37
96 40
96 49
96 55
96 56
96 58
96 59
96 60
96 68
96 70
96 72
96 74
96 77
96 87
96 89
96 103
96 104
96 118
96 124
96 132
96 139
96 142
96 153
96 160
96 178
96 179
96 186
96 193
96 194
96 195
96 198
96 201
96 203
96 204
96 206
96 213
96 217
97 3
97 8
97 13
97 17
97 20
97 21
97 24
97 27
97 33
97 35
97 44
97 45
97 46
97 48
97 49
97 51
97 52
97 54
97 55
97 57
97 59
97 62
97 63
97 65
97 67
97 71
97 72
97 81
97 92
97 104
97 109
97 110
97 112
97 115
97 116
97 121
97 122
97 123
97 125
97 127
97 130
97 132
97 138
97 151
97 154
97 162
97 169
97 179
97 184
97 188
97 190
97 195
97 200
97 201
97 204
97 209
98 13
98 17
98 34
98 35
98 41
98 48
98 70
98 73
98 82
98 86
98 87
98 108
98 114
98 115
98 120
98 121
98 131
98 132
98 138
98 139
98 142
98 147
98 152
98 155
98 157
98 159
98 160
98 167
98 168
98 170
98 184
98 187
98 196
98 202
98 203
98 205
98 213
98 215
99 6
99 15
99 23
99 25
99 26
99 30
99 32
99 46
99 47
99 57
99 59
99 60
99 71
99 72
99 73
99 74
99 78
99 82
99 87
99 88
99 90
99 92
99 93
99 96
99 99
99 105
99 107
99 113
99 122
99 127
99 129
99 130
99 132
99 134
99 136
99 137
99 142
99 144
99 148
99 158
99 164
99 167
99 176
99 179
99 183
99 190
99 191
99 192
99 200
99 201
99 203
99 205
99 207
99 208
99 218
99 219
100 16
100 18
100 21
100 27
100 31
100 36
100 39
100 42
100 50
100 55
100 61
100 63
100 72
100 76
100 81
100 82
100 84
100 86
100 87
100 88
100 89
100 90
100 101
100 108
100 113
100 124
100 134
100 138
100 150
100 155
100 161
100 162
100 174
100 175
100 176
100 178
100 181
100 187
100 189
100 194
100 196
100 210
100 216
101 2
101 15
101 16
101 17
101 31
101 34
101 58
101 59
101 65
101 80
101 83
101 84
101 94
101 104
101 108
101 109
101 113
101 114
101 115
101 122
101 128
101 144
101 145
101 149
101 150
101 154
101 156
101 167
101 169
101 173
101 174
101 180
101 182
101 184
101 185
101 191
101 200
101 203
101 206
101 207
101 219
102 1
102 12
102 13
102 20
102 23
102 25
102 26
102 28
102 30
102 32
102 33
102 40
102 46
102 49
102 55
102 56
102 59
102 62
102 66
102 79
102 80
102 84
102 85
102 87
102 90
102 92
102 93
102 95
102 99
102 100
102 102
102 104
102 108
102 112
102 113
102 121
102 123
102 131
102 135
102 137
102 146
102 147
102 159
102 172
102 174
102 178
102 182
102 183
102 184
102 185
102 186
102 191
102 195
102 208
102 210
102 215
103 7
103 9
103 13
103 21
103 44
103 46
103 50
103 53
103 62
103 68
103 74
103 88
103 92
103 112
103 113
103 118
103 120
103 124
103 127
103 138
103 140
103 141
103 154
103 159
103 161
103 163
103 164
103 170
103 173
103 175
103 178
103 180
103 183
103 186
103 189
103 191
103 200
103 202
103 203
103 217
103 218
104 4
104 6
104 8
104 13
104 14
104 17
104 21
104 23
104 25
104 28
104 33
104 34
104 36
104 37
104 45
104 55
104 57
104 62
104 63
104 65
104 66
104 76
104 77
104 80
104 93
104 96
104 97
104 99
104 100
104 103
104 111
104 112
104 114
104 116
104 118
104 120
104 124
104 135
104 139
104 162
104 168
104 169
104 183
104 184
104 191
104 203
104 204
104 212
104 218
105 9
105 24
105 30
105 42
105 45
105 48
105 51
105 53
105 70
105 72
105 79
105 84
105 117
105 126
105 127
105 132
105 133
105 134
105 142
105 149
105 150
105 163
105 165
105 166
105 180
105 182
105 186
105 190
105 194
105 198
105 199
105 209
105 213
105 214
105 218
106 3
106 4
106 5
106 17
106 18
106 23
106 27
106 30
106 39
106 40
106 48
106 51
106 53
106 55
106 57
106 59
106 65
106 70
106 72
106 77
106 80
106 81
106 86
106 97
106 100
106 113
106 119
106 122
106 125
106 136
106 141
106 142
106 145
106 148
106 152
106 171
106 173
106 183
106 184
106 185
106 187
106 196
106 207
106 219
107 3
107 8
107 11
107 23
107 25
107 32
107 37
107 43
107 54
107 56
107 59
107 61
107 63
107 68
107 69
107 73
107 75
107 76
107 80
107 81
107 84
107 93
107 98
107 99
107 104
107 105
107 110
107 114
107 120
107 121
107 126
107 129
107 140
107 149
107 153
107 157
107 165
107 167
107 170
107 189
107 190
107 191
107 192
107 193
107 212
107 217
108 0
108 9
108 10
108 11
108 18
108 19
108 25
108 26
108 33
108 36
108 53
108 56
108 57
108 62
108 79
108 81
108 92
108 101
108 107
108 110
108 112
108 122
108 142
108 145
108 162
108 173
108 180
108 185
108 189
108 190
108 199
108 200
108 210
108 216
108 219
109 5
109 11
109 12
109 16
109 17
109 19
109 27
109 35
109 36
109 41
109 47
109 49
109 62
109 70
109 71
109 72
109 85
109 87
109 101
109 103
109 111
109 124
109 133
109 134
109 137
109 140
109 147
109 148
109 151
109 163
109 166
109 175
109 178
109 180
109 184
109 185
109 186
109 188
109 195
109 199
109 204
109 206
109 210
109 211
109 219
110 4
110 8
110 10
110 21
110 22
110 44
110 45
110 48
110 54
110 66
110 70
110 77
110 79
110 82
110 87
110 91
110 93
110 94
110 96
110 106
110 121
110 126
110 131
110 135
110 146
110 147
110 156
110 158
110 171
110 174
110 178
110 187
110 188
110 189
110 197
110 199
110 203
110 206
110 210
110 215
111 10
111 17
111 23
111 34
111 38
111 54
111 55
111 57
111 58
111 65
111 69
111 77
111 83
111 87
111 88
111 90
111 95
111 97
111 99
111 100
111 106
111 110
111 115
111 122
111 123
111 124
111 128
111 135
111 144
111 157
111 160
111 165
111 168
111 193
111 194
111 195
111 202
111 204
111 219
112 2
112 3
112 6
112 11
112 17
112 18
112 19
112 27
112 29
112 38
112 47
112 56
112 60
112 62
112 67
112 70
112 78
112 80
112 81
112 88
112 90
112 93
112 94
112 104
112 107
112 112
112 114
112 115
112 116
112 125
112 130
112 131
112 138
112 143
112 145
112 146
112 167
112 175
112 183
112 184
112 187
112 191
112 192
112 202
112 206
112 207
112 208
112 212
112 214
113 2
113 5
113 15
113 17
113 31
113 34
113 44
113 45
113 49
113 54
113 56
113 57
113 63
113 66
113 81
113 82
113 87
113 98
113 124
113 126
113 127
113 132
113 140
113 143
113 146
113 147
113 149
113 150
113 151
113 152
113 153
113 157
113 158
113 161
113 173
113 174
113 175
113 177
113 181
113 188
113 195
113 198
113 200
113 207
113 212
113 215
113 217
113 218
114 0
114 3
114 7
114 8
114 9
114 10
114 16
114 20
114 27
114 44
114 54
114 62
114 63
114 67
114 74
114 75
114 76
114 80
114 81
114 87
114 88
114 91
114 95
114 96
114 99
114 107
114 117
114 121
114 123
114 131
114 133
114 134
114 144
114 160
114 166
114 170
114 171
114 172
114 183
114 190
114 192
114 196
114 208
115 0
115 4
115 7
115 13
115 16
115 18
115 19
115 21
115 23
115 25
115 28
115 37
115 44
115 45
115 60
115 65
115 66
115 80
115 81
115 102
115 127
115 130
115 132
115 133
115 135
115 137
115 148
115 153
115 154
115 172
115 179
115 183
115 184
115 190
115 198
115 200
115 201
115 202
115 204
115 209
115 216
115 218
115 219
116 0
116 6
116 10
116 25
116 26
116 33
116 40
116 41
116 43
116 45
116 61
116 64
116 68
116 73
116 78
116 80
116 81
116 84
116 88
116 105
116 106
116 113
116 118
116 125
116 131
116 134
116 139
116 144
116 146
116 157
116 160
116 164
116 165
116 170
116 173
116 176
116 177
116 188
116 189
116 201
116 213
117 12
117 14
117 16
117 17
117 18
117 19
117 20
117 24
117 29
117 34
117 35
117 36
117 39
117 46
117 48
117 49
117 53
117 60
117 70
117 72
117 95
117 113
117 117
117 122
117 129
117 140
117 146
117 147
117 150
117 152
117 159
117 162
117 179
117 185
117 190
117 203
117 206
117 216
117 217
117 218
118 8
118 12
118 20
118 30
118 36
118 38
118 48
118 52
118 55
118 58
118 60
118 63
118 71
118 80
118 87
118 93
118 99
118 101
118 106
118 108
118 115
118 119
118 120
118 126
118 147
118 148
118 157
118 159
118 171
118 180
118 184
118 194
118 204
118 206
118 214
118 217
119 0
119 6
119 11
119 19
119 20
119 42
119 46
119 52
119 54
119 55
119 56
119 60
119 61
119 63
119 68
119 73
119 84
119 86
119 87
119 89
119 93
119 96
119 103
119 104
119 105
119 118
119 130
119 135
119 142
119 148
119 164
119 174
119 175
119 178
119 181
119 183
119 187
119 189
119 190
119 191
119 192
119 198
119 200
119 210
119 212
119 219
120 11
120 12
120 14
120 26
120 29
120 42
120 43
120 44
120 47
120 51
120 53
120 56
120 66
120 67
120 69
120 75
120 76
120 80
120 86
120 87
120 96
120 114
120 115
120 119
120 120
120 124
120 125
120 127
120 136
120 150
120 152
120 153
120 156
120 161
120 162
120 170
120 174
120 176
120 177
120 178
120 185
120 198
120 203
120 208
120 211
120 212
120 214
120 215
121 7
121 11
121 16
121 19
121 22
121 31
121 34
121 38
121 41
121 48
121 54
121 55
121 64
121 65
121 69
121 76
121 81
121 91
121 112
121 114
121 116
121 124
121 125
121 132
121 135
121 141
121 142
121 149
121 151
121 158
121 170
121 172
121 179
121 207
121 210
121 217
121 218
122 7
122 8
122 9
122 14
122 16
122 24
122 25
122 39
122 47
122 49
122 52
122 56
122 59
122 65
122 71
122 77
122 89
122 94
122 101
122 103
122 106
122 110
122 111
122 115
122 117
122 119
122 120
122 136
122 138
122 142
122 145
122 151
122 152
122 155
122 159
122 162
122 165
122 168
122 177
122 179
122 186
122 190
122 203
122 204
122 209
122 217
123 0
123 1
123 4
123 8
123 9
123 14
123 19
123 21
123 24
123 30
123 31
123 32
123 35
123 40
123 43
123 47
123 50
123 52
123 60
123 70
123 81
123 82
123 97
123 109
123 110
123 114
123 117
123 118
123 121
123 123
123 127
123 132
123 144
123 149
123 166
123 172
123 173
123 174
123 188
123 191
123 199
123 201
123 213
123 214
123 217
124 8
124 14
124 15
124 34
124 39
124 43
124 46
124 56
124 58
124 59
124 61
124 65
124 67
124 80
124 85
124 103
124 112
124 114
124 115
124 120
124 125
124 127
124 128
124 134
124 135
124 137
124 141
124 147
124 152
124 165
124 182
124 198
124 199
124 202
124 213
125 0
125 5
125 6
125 19
125 20
125 21
125 27
125 38
125 51
125 59
125 66
125 70
125 84
125 85
125 89
125 96
125 100
125 107
125 109
125 110
125 116
125 121
125 123
125 124
125 125
125 133
125 135
125 141
125 145
125 148
125 150
125 158
125 162
125 164
125 169
125 176
125 178
125 187
125 195
125 207
125 212
125 216
126 1
126 18
126 26
126 37
126 45
126 47
126 53
126 60
126 66
126 67
126 69
126 70
126 72
126 75
126 77
126 81
126 86
126 88
126 95
126 108
126 109
126 120
126 125
126 126
126 137
126 145
126 155
126 161
126 162
126 163
126 166
126 168
126 170
126 173
126 174
126 175
126 176
126 177
126 184
126 187
126 190
126 191
126 197
126 214
126 216
126 217
127 2
127 5
127 7
127 10
127 16
127 26
127 29
127 38
127 40
127 41
127 44
127 48
127 54
127 55
127 59
127 67
127 77
127 79
127 87
127 88
127 107
127 118
127 129
127 130
127 131
127 137
127 159
127 165
127 171
127 173
127 179
127 183
127 195
127 199
127 206
127 207
127 215
128 2
128 3
128 7
128 8
128 13
128 14
128 15
128 21
128 33
128 34
128 35
128 40
128 51
128 55
128 56
128 61
128 62
128 68
128 72
128 74
128 77
128 79
128 80
128 86
128 90
128 96
128 98
128 117
128 124
128 126
128 127
128 131
128 132
128 137
128 141
128 145
128 148
128 150
128 151
128 154
128 156
128 157
128 167
128 179
128 184
128 185
128 186
128 187
128 189
128 192
128 195
128 196
128 201
128 210
128 211
128 212
128 214
128 215
129 0
129 3
129 14
129 17
129 23
129 43
129 49
129 50
129 54
129 55
129 56
129 61
129 65
129 66
129 82
129 84
129 87
129 99
129 103
129 106
129 111
129 115
129 125
129 128
129 129
129 130
129 135
129 141
129 142
129 157
129 162
129 166
129 171
129 173
129 174
129 177
129 183
129 194
129 195
129 202
129 213
130 0
130 9
130 27
130 37
130 41
130 48
130 55
130 56
130 59
130 63
130 66
130 67
130 73
130 75
130 83
130 84
130 85
130 88
130 92
130 94
130 96
130 101
130 124
130 127
130 139
130 142
130 151
130 153
130 154
130 161
130 162
130 181
130 184
130 192
130 197
130 201
130 204
130 212
131 9
131 15
131 20
131 32
131 36
131 43
131 46
131 53
131 54
131 57
131 77
131 79
131 81
131 82
131 89
131 97
131 114
131 115
131 120
131 123
131 125
131 131
131 137
131 138
131 149
131 152
131 153
131 162
131 163
131 172
131 187
131 190
131 197
131 199
131 204
131 205
131 206
131 211
131 212
131 217
132 3
132 10
132 13
132 23
132 25
132 30
132 39
132 42
132 46
132 47
132 74
132 80
132 86
132 94
132 101
132 105
132 108
132 115
132 119
132 128
132 133
132 140
132 145
132 149
132 154
132 159
132 160
132 166
132 170
132 176
132 183
132 190
132 192
132 200
132 204
132 207
132 211
132 213
132 214
133 0
133 18
133 27
133 35
133 36
133 47
133 50
133 57
133 65
133 73
133 80
133 85
133 99
133 110
133 118
133 119
133 120
133 124
133 131
133 135
133 136
133 140
133 143
133 167
133 169
133 173
133 179
133 186
133 188
133 195
133 197
133 199
133 200
133 203
133 206
133 208
133 212
133 219
134 0
134 1
134 7
134 10
134 12
134 17
134 18
134 32
134 37
134 41
134 46
134 49
134 57
134 60
134 62
134 66
134 71
134 81
134 83
134 84
134 97
134 98
134 99
134 100
134 101
134 104
134 110
134 111
134 115
134 122
134 132
134 133
134 136
134 146
134 152
134 156
134 161
134 168
134 187
134 189
134 196
134 212
134 213
134 217
135 16
135 17
135 18
135 21
135 26
135 27
135 28
135 36
135 41
135 45
135 47
135 53
135 63
135 65
135 68
135 71
135 72
135 82
135 83
135 94
135 95
135 96
135 97
135 104
135 118
135 123
135 131
135 135
135 137
135 139
135 140
135 152
135 157
135 165
135 166
135 169
135 170
135 174
135 184
135 185
135 186
135 191
135 200
135 205
135 217
136 0
136 2
136 4
136 8
136 10
136 16
136 17
136 18
136 20
136 23
136 29
136 39
136 42
136 50
136 56
136 60
136 68
136 71
136 72
136 73
136 80
136 90
136 111
136 114
136 136
136 145
136 154
136 156
136 161
136 162
136 163
136 165
136 171
136 175
136 176
136 177
136 180
136 185
136 187
136 189
136 192
136 193
137 8
137 12
137 16
137 21
137 31
137 32
137 34
137 40
137 43
137 45
137 49
137 55
137 58
137 61
137 62
137 70
137 72
137 77
137 83
137 95
137 99
137 106
137 115
137 116
137 120
137 121
137 123
137 127
137 131
137 137
137 157
137 160
137 164
137 165
137 167
137 172
137 179
137 181
137 187
137 191
137 193
137 199
137 202
137 203
137 205
137 209
137 215
137 217
138 4
138 8
138 9
138 15
138 19
138 24
138 35
138 38
138 39
138 42
138 43
138 46
138 47
138 48
138 50
138 57
138 64
138 70
138 78
138 80
138 89
138 92
138 103
138 106
138 110
138 113
138 114
138 115
138 121
138 122
138 126
138 132
138 143
138 147
138 153
138 156
138 157
138 164
138 166
138 172
138 177
138 186
138 191
138 192
138 193
138 197
138 203
138 207
139 8
139 9
139 10
139 12
139 23
139 26
139 33
139 36
139 40
139 42
139 44
139 45
139 48
139 55
139 66
139 69
139 72
139 79
139 97
139 101
139 103
139 106
139 110
139 112
139 115
139 122
139 124
139 138
139 142
139 156
139 157
139 167
139 169
139 173
139 177
139 179
139 185
139 187
139 195
139 196
139 203
139 210
139 213
139 215
139 218
139 219
140 7
140 16
140 17
140 20
140 27
140 33
140 40
140 45
140 47
140 51
140 67
140 75
140 77
140 80
140 85
140 94
140 101
140 105
140 112
140 115
140 132
140 136
140 151
140 152
140 158
140 159
140 162
140 164
140 173
140 176
140 178
140 185
140 189
140 191
140 206
140 207
140 209
140 211
140 218
141 0
141 6
141 10
141 19
141 22
141 39
141 45
141 47
141 49
141 53
141 58
141 62
141 66
141 68
141 82
141 83
141 85
141 86
141 87
141 90
141 91
141 93
141 98
141 104
141 105
141 107
141 108
141 117
141 127
141 130
141 131
141 134
141 135
141 141
141 149
141 152
141 154
141 158
141 160
141 163
141 165
141 178
141 179
141 187
141 196
141 197
141 203
141 205
141 206
141 208
141 213
141 219
142 0
142 20
142 23
142 25
142 29
142 31
142 35
142 38
142 39
142 50
142 60
142 61
142 67
142 70
142 73
142 78
142 90
142 91
142 92
142 94
142 96
142 99
142 100
142 101
142 106
142 108
142 111
142 121
142 123
142 124
142 125
142 126
142 128
142 129
142 134
142 138
142 141
142 143
142 144
142 147
142 148
142 151
142 155
142 157
142 163
142 164
142 165
142 175
142 176
142 187
142 189
142 192
142 193
142 198
142 200
142 201
142 216
142 219
143 2
143 11
143 12
143 15
143 34
143 35
143 36
143 39
143 42
143 43
143 44
143 46
143 51
143 53
143 55
143 57
143 60
143 61
143 65
143 66
143 72
143 73
143 80
143 85
143 96
143 98
143 102
143 112
143 113
143 116
143 125
143 131
143 136
143 149
143 150
143 159
143 160
143 161
143 162
143 170
143 179
143 181
143 187
143 189
143 190
143 200
143 203
143 206
143 207
143 213
143 216
143 217
143 218
144 0
144 4
144 7
144 9
144 10
144 26
144 36
144 46
144 49
144 59
144 61
144 70
144 72
144 74
144 83
144 90
144 100
144 114
144 117
144 121
144 124
144 136
144 150
144 161
144 162
144 164
144 166
144 167
144 174
144 177
144 184
144 186
144 190
144 191
144 201
144 202
144 206
144 213
144 219
145 5
145 9
145 10
145 11
145 16
145 18
145 22
145 23
145 24
145 26
145 50
145 56
145 59
145 74
145 77
145 80
145 85
145 87
145 93
145 105
145 112
145 113
145 115
145 125
145 134
145 135
145 151
145 155
145 168
145 169
145 170
145 175
145 185
145 189
145 191
145 196
145 199
145 208
145 209
145 211
145 217
145 218
146 2
146 5
146 17
146 23
146 31
146 33
146 43
146 47
146 50
146 54
146 56
146 63
146 64
146 71
146 75
146 81
146 83
146 85
146 89
146 94
146 95
146 102
146 110
146 111
146 114
146 116
146 117
146 122
146 123
146 125
146 130
146 134
146 136
146 143
146 147
146 150
146 151
146 159
146 161
146 163
146 164
146 165
146 174
146 177
146 178
146 182
146 183
146 190
146 193
146 204
146 209
146 215
146 217
146 218
147 6
147 13
147 19
147 20
147 29
147 31
147 40
147 42
147 45
147 63
147 67
147 72
147 73
147 75
147 82
147 87
147 88
147 99
147 106
147 107
147 109
147 110
147 113
147 116
147 121
147 125
147 128
147 135
147 141
147 144
147 145
147 152
147 153
147 156
147 158
147 171
147 172
147 177
147 180
147 187
147 191
147 193
147 196
147 197
147 200
147 201
147 210
147 213
147 214
147 216
148 10
148 19
148 20
148 29
148 31
148 38
148 40
148 42
148 46
148 49
148 50
148 51
148 52
148 54
148 55
148 59
148 69
148 71
148 77
148 94
148 96
148 97
148 100
148 112
148 115
148 127
148 129
148 137
148 144
148 146
148 163
148 167
148 170
148 194
148 197
148 199
148 202
148 218
149 9
149 11
149 20
149 23
149 28
149 30
149 34
149 35
149 36
149 49
149 56
149 59
149 61
149 68
149 74
149 76
149 83
149 89
149 90
149 91
149 117
149 127
149 128
149 134
149 138
149 139
149 140
149 143
149 158
149 166
149 179
149 184
149 193
149 196
149 199
149 200
149 215
149 217
150 6
150 7
150 18
150 19
150 22
150 26
150 42
150 46
150 49
150 51
150 55
150 61
150 63
150 67
150 73
150 76
150 82
150 88
150 90
150 94
150 98
150 101
150 104
150 111
150 112
150 117
150 129
150 136
150 137
150 140
150 148
150 151
150 155
150 157
150 164
150 167
150 171
150 180
150 181
150 182
150 183
150 185
150 192
150 194
150 197
150 198
150 205
150 209
151 12
151 14
151 15
151 16
151 17
151 23
151 27
151 31
151 34
151 43
151 48
151 51
151 53
151 58
151 65
151 86
151 98
151 101
151 102
151 105
151 110
151 117
151 119
151 132
151 136
151 145
151 156
151 171
151 179
151 180
151 182
151 184
151 192
151 194
151 197
151 201
151 204
151 205
151 217
152 0
152 4
152 9
152 11
152 31
152 38
152 46
152 55
152 87
152 88
152 92
152 93
152 101
152 117
152 127
152 131
152 139
152 149
152 179
152 185
152 194
152 195
152 197
152 200
152 211
153 3
153 7
153 10
153 16
153 18
153 30
153 35
153 39
153 41
153 42
153 48
153 62
153 66
153 67
153 68
153 74
153 76
153 77
153 90
153 96
153 97
153 100
153 103
153 111
153 112
153 115
153 118
153 120
153 122
153 126
153 128
153 154
153 156
153 157
153 158
153 162
153 172
153 173
153 181
153 186
153 190
153 203
153 204
153 205
153 210
153 216
153 217
153 218
154 1
154 10
154 28
154 29
154 32
154 35
154 36
154 38
154 39
154 40
154 41
154 43
154 53
154 66
154 74
154 75
154 76
154 83
154 88
154 90
154 102
154 105
154 107
154 112
154 117
154 131
154 139
154 142
154 149
154 151
154 161
154 179
154 180
154 183
154 189
154 194
154 195
154 197
154 200
154 201
154 202
154 204
154 208
154 217
154 219
155 12
155 19
155 22
155 27
155 28
155 30
155 32
155 36
155 40
155 41
155 46
155 60
155 67
155 71
155 73
155 74
155 79
155 80
155 84
155 86
155 89
155 91
155 104
155 105
155 109
155 112
155 123
155 126
155 129
155 131
155 135
155 140
155 145
155 146
155 155
155 159
155 162
155 164
155 167
155 169
155 171
155 177
155 180
155 189
155 190
155 198
155 203
155 211
155 212
155 217
156 1
156 2
156 9
156 14
156 15
156 31
156 35
156 36
156 37
156 40
156 42
156 45
156 49
156 56
156 59
156 63
156 68
156 75
156 77
156 86
156 89
156 94
156 98
156 99
156 102
156 111
156 117
156 124
156 128
156 135
156 138
156 144
156 147
156 152
156 156
156 163
156 169
156 170
156 178
156 181
156 183
156 190
156 191
156 198
156 210
156 211
156 213
156 214
157 12
157 15
157 20
157 21
157 24
157 31
157 36
157 40
157 44
157 51
157 54
157 56
157 59
157 65
157 66
157 69
157 70
157 80
157 87
157 88
157 122
157 133
157 135
157 140
157 156
157 158
157 160
157 161
157 165
157 167
157 170
157 175
157 178
157 189
157 206
157 216
158 6
158 14
158 17
158 18
158 22
158 30
158 42
158 44
158 55
158 56
158 66
158 67
158 75
158 77
158 80
158 89
158 93
158 99
158 111
158 113
158 121
158 131
158 151
158 155
158 156
158 173
158 175
158 182
158 187
158 189
158 215
159 10
159 14
159 15
159 17
159 28
159 33
159 37
159 38
159 42
159 45
159 56
159 59
159 64
159 67
159 73
159 83
159 85
159 89
159 92
159 94
159 95
159 98
159 99
159 100
159 106
159 107
159 112
159 113
159 122
159 127
159 131
159 149
159 154
159 159
159 162
159 164
159 167
159 168
159 177
159 182
159 187
159 190
159 191
159 197
159 202
159 206
159 207
159 211
159 218
160 2
160 10
160 11
160 13
160 23
160 27
160 37
160 46
160 49
160 53
160 55
160 57
160 63
160 73
160 77
160 78
160 89
160 97
160 105
160 106
160 125
160 126
160 133
160 142
160 148
160 152
160 156
160 158
160 164
160 166
160 175
160 176
160 183
160 188
160 191
160 210
160 213
161 8
161 16
161 22
161 27
161 30
161 33
161 38
161 39
161 40
161 53
161 60
161 66
161 68
161 69
161 74
161 77
161 79
161 81
161 85
161 87
161 90
161 96
161 101
161 102
161 125
161 128
161 132
161 135
161 139
161 140
161 145
161 154
161 157
161 158
161 170
161 177
161 180
161 182
161 183
161 186
161 195
161 202
161 206
161 211
161 213
161 219
162 7
162 10
162 17
162 20
162 21
162 36
162 38
162 40
162 42
162 44
162 50
162 53
162 60
162 70
162 73
162 91
162 101
162 102
162 104
162 106
162 109
162 111
162 114
162 118
162 122
162 125
162 138
162 145
162 152
162 153
162 160
162 161
162 162
162 164
162 165
162 168
162 174
162 176
162 179
162 183
162 188
162 191
162 192
162 198
162 200
162 208
162 210
163 0
163 2
163 4
163 14
163 21
163 28
163 37
163 51
163 64
163 65
163 66
163 71
163 76
163 80
163 81
163 91
163 96
163 98
163 99
163 100
163 101
163 119
163 124
163 125
163 135
163 137
163 142
163 144
163 145
163 148
163 158
163 170
163 172
163 173
163 175
163 204
163 213
163 214
164 3
164 9
164 29
164 33
164 38
164 39
164 45
164 55
164 56
164 57
164 64
164 72
164 73
164 76
164 80
164 83
164 87
164 97
164 103
164 106
164 107
164 124
164 137
164 138
164 140
164 144
164 145
164 150
164 160
164 163
164 164
164 165
164 167
164 172
164 175
164 176
164 186
164 191
164 198
164 199
164 201
164 203
164 215
164 218
164 219
165 0
165 18
165 35
165 40
165 42
165 45
165 50
165 51
165 62
165 68
165 75
165 76
165 77
165 84
165 94
165 95
165 96
165 134
165 143
165 144
165 166
165 167
165 171
165 174
165 179
165 180
165 183
165 187
165 212
165 213
165 217
166 0
166 5
166 8
166 16
166 18
166 20
166 26
166 32
166 35
166 39
166 45
166 46
166 49
166 75
166 77
166 80
166 89
166 90
166 94
166 100
166 102
166 106
166 109
166 113
166 131
166 133
166 135
166 136
166 140
166 142
166 150
166 151
166 159
166 163
166 184
166 188
166 195
166 210
166 212
167 0
167 8
167 11
167 13
167 16
167 18
167 21
167 23
167 27
167 28
167 37
167 38
167 40
167 46
167 56
167 58
167 59
167 63
167 69
167 70
167 71
167 73
167 74
167 83
167 85
167 91
167 102
167 104
167 108
167 126
167 129
167 137
167 142
167 157
167 162
167 168
167 170
167 177
167 185
167 186
167 192
167 198
167 201
167 205
167 207
168 2
168 7
168 11
168 16
168 21
168 23
168 26
168 27
168 29
168 30
168 32
168 65
168 73
168 93
168 95
168 103
168 104
168 107
168 109
168 113
168 114
168 121
168 126
168 133
168 142
168 146
168 152
168 161
168 168
168 173
168 177
168 188
168 192
168 195
168 207
168 215
169 1
169 3
169 8
169 11
169 14
169 20
169 22
169 24
169 32
169 35
169 39
169 41
169 42
169 49
169 59
169 64
169 67
169 68
169 83
169 88
169 101
169 104
169 106
169 107
169 108
169 119
169 127
169 132
169 143
169 144
169 146
169 153
169 158
169 161
169 163
169 169
169 171
169 185
169 193
169 197
169 210
169 213
169 214
170 7
170 9
170 14
170 15
170 16
170 23
170 28
170 31
170 32
170 33
170 36
170 40
170 42
170 46
170 48
170 60
170 61
170 65
170 76
170 88
170 94
170 100
170 103
170 109
170 111
170 125
170 128
170 146
170 148
170 152
170 155
170 156
170 167
170 168
170 169
170 173
170 182
170 184
170 186
170 190
170 198
170 204
170 205
170 206
170 212
170 213
171 11
171 15
171 27
171 32
171 35
171 39
171 53
171 56
171 57
171 65
171 67
171 68
171 79
171 83
171 93
171 94
171 104
171 105
171 111
171 114
171 120
171 121
171 128
171 156
171 159
171 164
171 165
171 168
171 170
171 182
171 186
171 190
171 196
171 211
171 215
171 217
172 6
172 9
172 10
172 15
172 23
172 24
172 42
172 55
172 65
172 66
172 80
172 88
172 89
172 90
172 106
172 114
172 118
172 119
172 120
172 121
172 127
172 146
172 157
172 172
172 178
172 179
172 181
172 182
172 185
172 188
172 195
172 208
172 214
173 2
173 13
173 15
173 20
173 26
173 46
173 55
173 56
173 57
173 59
173 63
173 69
173 77
173 78
173 83
173 86
173 88
173 91
173 93
173 99
173 101
173 106
173 114
173 123
173 126
173 139
173 142
173 143
173 144
173 145
173 148
173 149
173 154
173 155
173 163
173 174
173 191
173 199
173 203
173 213
173 214
173 218
174 0
174 6
174 16
174 18
174 26
174 27
174 35
174 39
174 44
174 60
174 63
174 70
174 71
174 82
174 84
174 94
174 99
174 108
174 144
174 145
174 146
174 152
174 160
174 171
174 177
174 183
174 186
174 189
174 198
174 209
174 214
174 218
175 14
175 16
175 29
175 43
175 44
175 50
175 58
175 59
175 61
175 62
175 64
175 78
175 80
175 81
175 87
175 100
175 101
175 102
175 103
175 107
175 108
175 112
175 117
175 119
175 120
175 123
175 124
175 129
175 130
175 131
175 147
175 149
175 151
175 152
175 155
175 180
175 184
175 189
175 190
175 208
175 209
175 210
175 213
175 218
175 219
176 0
176 13
176 18
176 22
176 26
176 28
176 31
176 63
176 64
176 77
176 85
176 91
176 97
176 98
176 130
176 141
176 149
176 153
176 158
176 163
176 165
176 167
176 168
176 174
176 177
176 178
176 182
176 186
176 190
176 195
176 205
176 211
177 0
177 1
177 2
177 6
177 9
177 11
177 12
177 13
177 15
177 19
177 21
177 25
177 29
177 31
177 34
177 35
177 36
177 44
177 51
177 59
177 64
177 66
177 70
177 71
177 77
177 81
177 88
177 90
177 96
177 97
177 101
177 102
177 105
177 108
177 112
177 113
177 115
177 118
177 126
177 151
177 160
177 161
177 163
177 171
177 178
177 182
177 189
177 192
177 197
177 199
177 202
177 207
177 212
178 7
178 11
178 15
178 19
178 39
178 56
178 61
178 65
178 68
178 76
178 78
178 79
178 81
178 83
178 86
178 90
178 92
178 94
178 102
178 104
178 114
178 121
178 123
178 125
178 131
178 137
178 153
178 159
178 182
178 185
178 188
178 189
178 198
178 200
178 215
178 219
179 0
179 1
179 2
179 3
179 4
179 6
179 7
179 17
179 18
179 19
179 21
179 24
179 25
179 32
179 37
179 38
179 47
179 55
179 68
179 77
179 81
179 86
179 90
179 95
179 101
179 103
179 106
179 111
179 116
179 117
179 118
179 131
179 133
179 139
179 145
179 147
179 151
179 158
179 160
179 165
179 167
179 168
179 170
179 173
179 178
179 185
179 194
179 199
179 201
179 210
179 212
180 13
180 17
180 20
180 23
180 27
180 31
180 36
180 38
180 42
180 59
180 80
180 89
180 96
180 97
180 101
180 102
180 110
180 111
180 115
180 116
180 119
180 120
180 125
180 126
180 133
180 134
180 138
180 139
180 141
180 148
180 150
180 153
180 154
180 160
180 161
180 166
180 175
180 180
180 186
180 191
180 199
180 200
180 209
180 218
180 219
181 1
181 3
181 12
181 16
181 20
181 21
181 27
181 28
181 30
181 31
181 32
181 35
181 39
181 63
181 65
181 67
181 69
181 71
181 74
181 78
181 79
181 82
181 87
181 91
181 92
181 96
181 101
181 111
181 112
181 147
181 154
181 160
181 170
181 179
181 187
181 197
181 202
181 203
181 210
181 211
181 213
181 214
182 0
182 3
182 9
182 10
182 15
182 21
182 22
182 24
182 25
182 39
182 41
182 44
182 50
182 59
182 61
182 63
182 73
182 77
182 85
182 89
182 100
182 101
182 117
182 121
182 123
182 125
182 126
182 129
182 134
182 141
182 142
182 144
182 148
182 149
182 162
182 171
182 173
182 190
182 191
182 203
182 205
182 211
182 214
182 215
182 217
183 9
183 10
183 17
183 23
183 27
183 35
183 36
183 40
183 45
183 50
183 55
183 59
183 61
183 62
183 64
183 65
183 66
183 68
183 69
183 74
183 77
183 86
183 88
183 90
183 94
183 105
183 106
183 111
183 112
183 117
183 118
183 123
183 127
183 137
183 149
183 151
183 156
183 158
183 160
183 168
183 172
183 173
183 181
183 203
183 207
183 211
183 213
183 217
184 9
184 26
184 28
184 31
184 35
184 43
184 52
184 57
184 65
184 69
184 70
184 84
184 88
184 90
184 95
184 99
184 101
184 103
184 114
184 116
184 120
184 123
184 132
184 133
184 137
184 147
184 148
184 150
184 155
184 167
184 168
184 172
184 174
184 175
184 193
184 196
184 208
184 213
184 215
184 219
185 7
185 10
185 19
185 22
185 23
185 24
185 41
185 54
185 59
185 74
185 81
185 83
185 85
185 88
185 107
185 113
185 118
185 127
185 128
185 130
185 132
185 133
185 143
185 149
185 155
185 157
185 162
185 169
185 171
185 174
185 187
185 207
185 212
185 217
186 0
186 15
186 20
186 22
186 31
186 36
186 40
186 42
186 43
186 58
186 64
186 66
186 68
186 73
186 82
186 84
186 89
186 90
186 92
186 93
186 94
186 97
186 99
186 101
186 105
186 107
186 111
186 112
186 113
186 126
186 127
186 128
186 138
186 148
186 149
186 155
186 156
186 167
186 172
186 174
186 180
186 188
186 198
186 200
186 203
186 219
187 15
187 16
187 19
187 22
187 23
187 25
187 26
187 27
187 45
187 47
187 53
187 60
187 61
187 62
187 70
187 78
187 82
187 94
187 95
187 96
187 99
187 100
187 101
187 103
187 107
187 120
187 128
187 136
187 137
187 142
187 143
187 148
187 150
187 152
187 153
187 157
187 163
187 173
187 175
187 178
187 190
187 191
187 193
187 201
187 212
188 8
188 11
188 18
188 23
188 31
188 39
188 50
188 56
188 66
188 67
188 69
188 71
188 73
188 82
188 86
188 88
188 89
188 92
188 105
188 113
188 119
188 126
188 131
188 132
188 134
188 136
188 140
188 148
188 150
188 154
188 155
188 167
188 171
188 179
188 185
188 195
188 199
188 210
188 218
188 219
189 2
189 8
189 11
189 15
189 29
189 30
189 31
189 32
189 35
189 39
189 49
189 57
189 65
189 69
189 78
189 82
189 86
189 91
189 93
189 94
189 102
189 124
189 126
189 128
189 134
189 138
189 142
189 162
189 167
189 173
189 174
189 181
189 186
189 188
189 189
189 195
189 196
190 1
190 2
190 5
190 15
190 17
190 25
190 37
190 40
190 42
190 53
190 68
190 74
190 81
190 85
190 86
190 94
190 97
190 99
190 101
190 108
190 119
190 135
190 137
190 138
190 139
190 142
190 149
190 150
190 157
190 159
190 161
190 169
190 175
190 184
190 186
190 193
190 194
190 198
190 206
190 215
190 216
191 3
191 4
191 6
191 10
191 17
191 30
191 41
191 47
191 50
191 56
191 60
191 62
191 68
191 73
191 76
191 83
191 87
191 91
191 97
191 101
191 107
191 109
191 114
191 115
191 119
191 137
191 139
191 145
191 147
191 148
191 150
191 152
191 158
191 159
191 162
191 174
191 178
191 183
191 188
191 194
191 196
191 199
191 208
191 211
191 216
191 217
192 0
192 1
192 21
192 23
192 24
192 26
192 27
192 28
192 31
192 39
192 40
192 45
192 50
192 54
192 58
192 62
192 68
192 72
192 80
192 83
192 87
192 94
192 96
192 104
192 108
192 115
192 141
192 146
192 159
192 161
192 162
192 164
192 172
192 173
192 174
192 185
192 187
192 194
192 198
192 203
192 210
192 215
192 218
193 1
193 2
193 3
193 5
193 8
193 13
193 16
193 19
193 21
193 27
193 33
193 40
193 43
193 46
193 47
193 50
193 55
193 58
193 63
193 69
193 71
193 75
193 79
193 87
193 88
193 89
193 91
193 92
193 98
193 117
193 125
193 135
193 146
193 147
193 157
193 175
193 178
193 183
193 190
193 191
193 193
193 196
193 200
193 206
193 209
194 1
194 2
194 4
194 12
194 16
194 24
194 26
194 29
194 34
194 50
194 51
194 57
194 63
194 72
194 85
194 86
194 87
194 98
194 101
194 113
194 118
194 121
194 124
194 126
194 144
194 145
194 147
194 148
194 151
194 159
194 160
194 168
194 169
194 175
194 176
194 177
194 179
194 182
194 186
194 187
194 194
194 202
194 203
194 208
194 216
194 217
195 15
195 18
195 25
195 27
195 32
195 33
195 44
195 50
195 51
195 52
195 53
195 54
195 56
195 58
195 61
195 67
195 72
195 75
195 76
195 86
195 89
195 96
195 101
195 108
195 114
195 121
195 131
195 134
195 142
195 150
195 156
195 159
195 163
195 168
195 173
195 177
195 189
195 190
195 191
195 209
195 211
195 217
195 218
195 219
196 7
196 9
196 12
196 27
196 37
196 38
196 48
196 49
196 50
196 56
196 58
196 63
196 65
196 73
196 75
196 76
196 79
196 82
196 86
196 88
196 89
196 90
196 93
196 99
196 105
196 109
196 110
196 113
196 129
196 130
196 139
196 143
196 145
196 160
196 180
196 181
196 184
196 196
196 202
196 205
196 206
196 213
196 217
196 219
197 2
197 5
197 8
197 19
197 20
197 22
197 35
197 38
197 39
197 43
197 44
197 49
197 50
197 61
197 64
197 66
197 74
197 79
197 83
197 84
197 86
197 90
197 98
197 108
197 110
197 112
197 113
197 121
197 123
197 126
197 131
197 137
197 140
197 141
197 143
197 150
197 154
197 155
197 156
197 161
197 162
197 170
197 177
197 184
197 186
197 190
197 194
197 217
197 218
198 2
198 10
198 11
198 14
198 16
198 19
198 25
198 31
198 38
198 41
198 45
198 48
198 52
198 57
198 58
198 59
198 61
198 64
198 65
198 66
198 71
198 74
198 75
198 86
198 87
198 91
198 98
198 101
198 121
198 123
198 136
198 144
198 148
198 149
198 159
198 160
198 171
198 178
198 181
198 187
198 190
198 194
198 196
198 200
198 203
198 213
199 3
199 7
199 8
199 13
199 15
199 23
199 28
199 34
199 38
199 40
199 43
199 44
199 57
199 61
199 66
199 68
199 69
199 72
199 76
199 79
199 81
199 83
199 87
199 92
199 94
199 99
199 100
199 102
199 105
199 116
199 117
199 118
199 122
199 136
199 138
199 142
199 154
199 159
199 168
199 172
199 174
199 177
199 179
199 186
199 188
199 189
199 190
199 196
199 205
200 4
200 7
200 9
200 10
200 12
200 15
200 16
200 22
200 24
200 25
200 29
200 35
200 38
200 53
200 55
200 63
200 79
200 91
200 92
200 93
200 95
200 97
200 98
200 100
200 102
200 104
200 109
200 110
200 113
200 115
200 120
200 133
200 139
200 142
200 145
200 146
200 148
200 149
200 150
200 158
200 168
200 170
200 175
200 178
200 182
200 199
200 203
200 206
200 208
200 211
200 213
201 6
201 18
201 26
201 40
201 41
201 49
201 56
201 59
201 67
201 72
201 75
201 77
201 78
201 86
201 98
201 100
201 108
201 114
201 117
201 118
201 120
201 129
201 138
201 141
201 145
201 154
201 158
201 161
201 167
201 168
201 174
201 184
201 185
201 193
201 199
201 206
201 211
201 213
201 214
202 11
202 17
202 26
202 30
202 34
202 38
202 51
202 55
202 60
202 68
202 72
202 80
202 86
202 94
202 95
202 100
202 102
202 103
202 117
202 119
202 120
202 122
202 143
202 150
202 156
202 158
202 161
202 167
202 175
202 177
202 181
202 186
202 187
202 194
202 198
202 202
202 213
202 216
202 218
202 219
203 10
203 18
203 19
203 21
203 26
203 27
203 32
203 34
203 38
203 42
203 50
203 58
203 59
203 74
203 77
203 78
203 79
203 83
203 85
203 88
203 89
203 93
203 98
203 99
203 105
203 110
203 112
203 113
203 123
203 130
203 134
203 136
203 142
203 144
203 146
203 151
203 153
203 154
203 157
203 159
203 160
203 165
203 186
203 195
203 198
203 204
203 216
204 13
204 18
204 21
204 23
204 31
204 32
204 37
204 42
204 49
204 57
204 64
204 73
204 85
204 88
204 98
204 99
204 109
204 111
204 112
204 122
204 129
204 130
204 135
204 143
204 150
204 151
204 154
204 157
204 161
204 162
204 170
204 175
204 176
204 177
204 184
204 185
204 192
204 197
204 206
204 215
205 5
205 7
205 10
205 17
205 19
205 22
205 29
205 30
205 39
205 40
205 46
205 48
205 52
205 64
205 74
205 87
205 89
205 90
205 99
205 105
205 115
205 128
205 137
205 140
205 156
205 178
205 193
205 195
205 197
205 201
205 207
205 208
206 0
206 5
206 11
206 14
206 26
206 31
206 42
206 44
206 47
206 65
206 72
206 75
206 77
206 79
206 84
206 88
206 93
206 94
206 101
206 112
206 113
206 115
206 116
206 120
206 125
206 126
206 131
206 139
206 143
206 144
206 145
206 152
206 161
206 163
206 168
206 169
206 170
206 173
206 174
206 175
206 178
206 181
206 195
206 201
206 214
206 217
206 219
207 1
207 2
207 14
207 16
207 18
207 19
207 29
207 32
207 39
207 41
207 43
207 46
207 55
207 56
207 62
207 64
207 95
207 98
207 99
207 103
207 111
207 113
207 115
207 116
207 119
207 134
207 142
207 146
207 147
207 150
207 152
207 154
207 155
207 156
207 160
207 161
207 162
207 164
207 179
207 182
207 184
207 185
207 194
207 196
207 207
207 208
207 209
207 210
207 214
207 216
208 2
208 5
208 11
208 15
208 37
208 39
208 40
208 43
208 59
208 62
208 74
208 75
208 78
208 79
208 86
208 90
208 99
208 100
208 111
208 114
208 115
208 119
208 125
208 126
208 129
208 130
208 131
208 132
208 133
208 139
208 143
208 163
208 170
208 172
208 176
208 185
208 186
208 193
208 197
208 205
208 218
209 0
209 3
209 11
209 16
209 20
209 26
209 28
209 37
209 44
209 49
209 55
209 56
209 58
209 66
209 67
209 75
209 76
209 79
209 81
209 101
209 105
209 108
209 109
209 110
209 113
209 114
209 122
209 124
209 131
209 135
209 148
209 165
209 169
209 170
209 179
209 184
209 187
209 188
209 192
209 194
209 196
209 197
209 199
209 201
209 208
209 211
209 219
210 5
210 6
210 17
210 21
210 26
210 43
210 52
210 53
210 60
210 67
210 71
210 81
210 82
210 84
210 91
210 97
210 100
210 113
210 116
210 117
210 145
210 156
210 161
210 162
210 166
210 168
210 169
210 171
210 173
210 176
210 177
210 179
210 190
210 191
210 192
210 204
210 208
210 210
211 4
211 11
211 12
211 13
211 14
211 20
211 22
211 27
211 30
211 39
211 40
211 49
211 53
211 56
211 60
211 65
211 68
211 70
211 75
211 78
211 81
211 86
211 87
211 89
211 93
211 95
211 118
211 126
211 134
211 147
211 155
211 181
211 185
211 188
211 190
211 193
211 196
211 198
211 199
211 203
211 204
211 205
211 218
212 7
212 12
212 34
212 40
212 50
212 53
212 58
212 64
212 75
212 79
212 80
212 81
212 84
212 90
212 92
212 100
212 102
212 104
212 107
212 124
212 127
212 138
212 139
212 143
212 147
212 150
212 151
212 152
212 157
212 159
212 161
212 176
212 181
212 190
212 191
212 193
212 195
212 198
212 199
212 200
212 207
212 213
212 216
212 218
212 219
213 1
213 10
213 20
213 22
213 32
213 33
213 35
213 40
213 43
213 45
213 47
213 48
213 49
213 55
213 63
213 67
213 68
213 75
213 87
213 94
213 106
213 107
213 115
213 116
213 119
213 121
213 128
213 133
213 138
213 139
213 140
213 144
213 148
213 152
213 166
213 172
213 178
213 182
213 183
213 184
213 186
213 189
213 191
213 194
213 195
213 198
213 199
213 200
213 206
213 207
213 213
213 219
214 0
214 3
214 4
214 6
214 7
214 13
214 15
214 18
214 19
214 22
214 29
214 34
214 35
214 41
214 43
214 44
214 50
214 62
214 74
214 75
214 83
214 90
214 91
214 93
214 99
214 101
214 114
214 118
214 120
214 129
214 132
214 152
214 153
214 156
214 157
214 167
214 169
214 171
214 177
214 179
214 182
214 184
214 185
214 189
214 192
214 194
214 204
214 207
214 210
214 216
214 218
215 5
215 8
215 11
215 13
215 21
215 31
215 33
215 37
215 38
215 39
215 45
215 49
215 54
215 59
215 60
215 67
215 75
215 86
215 87
215 92
215 94
215 95
215 100
215 101
215 106
215 107
215 111
215 112
215 129
215 133
215 134
215 141
215 142
215 144
215 147
215 157
215 170
215 175
215 182
215 183
215 184
215 192
215 194
215 196
215 202
215 203
215 206
215 208
215 211
215 217
216 6
216 13
216 16
216 17
216 20
216 24
216 31
216 42
216 49
216 51
216 53
216 56
216 62
216 68
216 74
216 93
216 95
216 99
216 114
216 122
216 123
216 125
216 128
216 130
216 131
216 133
216 134
216 143
216 146
216 159
216 167
216 170
216 172
216 180
216 190
216 200
216 201
216 204
216 205
216 207
216 208
216 209
217 7
217 11
217 13
217 26
217 27
217 39
217 42
217 44
217 45
217 46
217 47
217 54
217 59
217 62
217 80
217 82
217 84
217 85
217 90
217 99
217 101
217 112
217 114
217 115
217 130
217 133
217 135
217 142
217 144
217 148
217 156
217 168
217 170
217 178
217 185
217 200
217 206
217 209
217 213
217 214
218 3
218 9
218 11
218 14
218 25
218 32
218 33
218 35
218 49
218 52
218 57
218 60
218 61
218 66
218 70
218 82
218 87
218 88
218 92
218 93
218 97
218 98
218 103
218 109
218 112
218 124
218 135
218 136
218 140
218 142
218 148
218 157
218 160
218 172
218 176
218 177
218 182
218 186
218 192
218 193
218 199
218 206
218 212
218 215
219 3
219 6
219 19
219 20
219 22
219 24
219 26
219 27
219 36
219 42
219 54
219 56
219 61
219 67
219 71
219 74
219 78
219 88
219 89
219 94
219 96
219 97
219 99
219 100
219 115
219 117
219 118
219 124
219 125
219 129
219 136
219 138
219 142
219 143
219 146
219 154
219 159
219 162
219 169
219 176
219 178
219 183
219 191
219 193
219 196
219 199
219 200
219 210
219 219
