250
12500
0 3
0 4
0 5
0 9
0 12
0 31
0 32
0 35
0 39
0 50
0 53
0 55
0 58
0 63
0 67
0 75
0 77
0 87
0 89
0 99
0 104
0 106
0 109
0 113
0 116
0 119
0 122
0 123
0 132
0 138
0 139
0 144
0 145
0 147
0 148
0 150
0 159
0 173
0 174
0 177
0 182
0 193
0 194
0 202
0 207
0 214
0 226
0 234
0 236
0 242
0 246
1 7
1 9
1 16
1 17
1 18
1 20
1 30
1 33
1 42
1 47
1 49
1 51
1 55
1 60
1 61
1 64
1 67
1 77
1 84
1 85
1 91
1 95
1 96
1 97
1 100
1 113
1 115
1 121
1 122
1 135
1 136
1 139
1 147
1 157
1 158
1 162
1 170
1 176
1 180
1 181
1 183
1 185
1 190
1 191
1 192
1 193
1 199
1 214
1 220
1 221
1 223
1 227
1 231
1 235
1 237
1 242
2 4
2 12
2 13
2 16
2 17
2 21
2 22
2 24
2 26
2 28
2 32
2 37
2 39
2 43
2 47
2 54
2 55
2 62
2 70
2 71
2 78
2 79
2 80
2 81
2 83
2 86
2 91
2 114
2 117
2 120
2 130
2 132
2 138
2 144
2 146
2 149
2 157
2 161
2 165
2 166
2 180
2 181
2 196
2 205
2 208
2 225
2 227
2 230
2 247
2 248
3 5
3 12
3 24
3 27
3 29
3 31
3 35
3 47
3 48
3 49
3 54
3 57
3 60
3 68
3 73
3 78
3 87
3 88
3 99
3 100
3 106
3 125
3 133
3 135
3 137
3 138
3 142
3 144
3 145
3 156
3 160
3 161
3 163
3 171
3 172
3 176
3 177
3 179
3 200
3 208
3 213
3 214
3 224
3 229
3 236
3 243
4 3
4 4
4 22
4 25
4 33
4 41
4 46
4 88
4 97
4 100
4 110
4 115
4 118
4 120
4 121
4 124
4 125
4 128
4 138
4 144
4 149
4 158
4 160
4 161
4 167
4 171
4 195
4 200
4 201
4 204
4 206
4 208
4 209
4 211
4 214
4 215
4 216
4 229
4 230
4 236
4 240
4 242
4 244
4 246
5 1
5 9
5 12
5 13
5 24
5 26
5 27
5 29
5 32
5 34
5 37
5 42
5 43
5 48
5 50
5 51
5 52
5 56
5 59
5 61
5 62
5 65
5 73
5 74
5 76
5 85
5 87
5 89
5 91
5 100
5 102
5 109
5 112
5 120
5 126
5 129
5 135
5 145
5 156
5 163
5 172
5 181
5 183
5 184
5 186
5 188
5 194
5 199
5 204
5 217
5 220
5 231
5 233
5 234
5 236
5 237
5 245
6 2
6 4
6 10
6 13
6 14
6 24
6 29
6 34
6 37
6 45
6 46
6 47
6 52
6 55
6 62
6 65
6 66
6 73
6 76
6 78
6 79
6 80
6 81
6 85
6 92
6 94
6 95
6 96
6 100
6 101
6 107
6 127
6 137
6 144
6 145
6 149
6 151
6 154
6 155
6 156
6 157
6 158
6 165
6 170
6 175
6 185
6 193
6 196
6 205
6 207
6 211
6 213
6 216
6 217
6 223
6 227
6 229
6 234
6 243
6 246
6 248
7 3
7 11
7 18
7 20
7 32
7 34
7 35
7 39
7 40
7 44
7 49
7 54
7 55
7 58
7 59
7 61
7 62
7 72
7 73
7 76
7 82
7 85
7 90
7 97
7 109
7 110
7 112
7 117
7 123
7 126
7 127
7 130
7 135
7 136
7 148
7 149
7 151
7 152
7 158
7 171
7 173
7 176
7 177
7 179
7 186
7 191
7 196
7 198
7 202
7 203
7 214
7 217
7 219
7 223
7 229
7 233
7 234
7 241
7 242
7 248
8 4
8 5
8 14
8 16
8 20
8 24
8 28
8 29
8 32
8 50
8 51
8 61
8 74
8 82
8 85
8 86
8 87
8 89
8 96
8 98
8 113
8 115
8 126
8 140
8 143
8 148
8 150
8 158
8 167
8 171
8 181
8 183
8 194
8 195
8 196
8 199
8 209
8 211
8 216
8 230
8 234
8 244
8 246
8 247
9 0
9 1
9 11
9 16
9 18
9 20
9 21
9 24
9 28
9 36
9 40
9 44
9 46
9 60
9 67
9 72
9 85
9 86
9 88
9 98
9 102
9 109
9 110
9 111
9 115
9 119
9 123
9 127
9 141
9 147
9 149
9 151
9 155
9 162
9 166
9 167
9 180
9 201
9 206
9 208
9 217
9 221
9 226
10 10
10 15
10 17
10 19
10 23
10 27
10 39
10 40
10 76
10 80
10 82
10 87
10 89
10 93
10 97
10 99
10 100
10 109
10 115
10 119
10 130
10 137
10 145
10 157
10 160
10 164
10 165
10 167
10 170
10 174
10 176
10 179
10 180
10 183
10 189
10 192
10 195
10 199
10 201
10 203
10 212
10 213
10 215
10 216
10 218
10 219
10 220
10 231
10 238
11 2
11 10
11 14
11 21
11 24
11 27
11 39
11 44
11 55
11 59
11 60
11 61
11 64
11 79
11 81
11 85
11 90
11 92
11 93
11 94
11 104
11 112
11 113
11 121
11 123
11 136
11 138
11 139
11 144
11 151
11 155
11 159
11 170
11 171
11 174
11 177
11 182
11 185
11 187
11 198
11 199
11 202
11 205
11 208
11 209
11 210
11 215
11 224
11 236
11 237
11 244
11 249
12 6
12 7
12 16
12 22
12 29
12 31
12 36
12 39
12 51
12 61
12 62
12 69
12 81
12 86
12 87
12 91
12 93
12 97
12 99
12 101
12 106
12 108
12 119
12 123
12 124
12 130
12 135
12 137
12 158
12 164
12 173
12 174
12 180
12 184
12 185
12 186
12 191
12 193
12 196
12 198
12 201
12 203
12 207
12 230
12 231
12 233
12 234
12 236
12 237
12 239
12 245
12 247
13 0
13 3
13 26
13 32
13 35
13 38
13 44
13 47
13 48
13 55
13 65
13 72
13 76
13 79
13 86
13 88
13 91
13 108
13 119
13 135
13 138
13 139
13 144
13 146
13 147
13 149
13 154
13 157
13 159
13 160
13 168
13 169
13 172
13 176
13 182
13 184
13 187
13 188
13 190
13 192
13 193
13 194
13 195
13 196
13 201
13 204
13 208
13 220
13 221
13 241
13 249
14 3
14 7
14 10
14 28
14 29
14 36
14 37
14 39
14 44
14 46
14 51
14 59
14 64
14 65
14 70
14 79
14 80
14 95
14 106
14 111
14 117
14 133
14 137
14 138
14 146
14 152
14 154
14 156
14 157
14 160
14 163
14 164
14 170
14 172
14 179
14 186
14 193
14 195
14 200
14 205
14 210
14 220
14 222
14 223
14 224
14 225
14 226
14 235
14 237
14 240
14 242
14 246
15 3
15 4
15 17
15 19
15 22
15 24
15 25
15 28
15 29
15 36
15 46
15 47
15 56
15 59
15 60
15 63
15 65
15 69
15 72
15 75
15 77
15 78
15 87
15 100
15 101
15 102
15 104
15 106
15 113
15 115
15 117
15 120
15 123
15 129
15 137
15 148
15 149
15 155
15 157
15 172
15 173
15 176
15 194
15 198
15 207
15 218
15 219
15 223
15 227
15 233
15 237
15 240
15 245
15 247
16 5
16 6
16 12
16 15
16 17
16 27
16 33
16 35
16 36
16 40
16 50
16 51
16 54
16 68
16 71
16 73
16 77
16 90
16 105
16 106
16 107
16 109
16 111
16 116
16 129
16 131
16 137
16 141
16 146
16 155
16 157
16 158
16 166
16 170
16 174
16 177
16 182
16 192
16 197
16 198
16 209
16 215
16 220
16 229
16 232
16 233
16 241
16 245
16 248
16 249
17 6
17 11
17 14
17 21
17 25
17 30
17 38
17 45
17 49
17 51
17 61
17 62
17 63
17 65
17 66
17 68
17 71
17 79
17 83
17 85
17 88
17 91
17 95
17 96
17 109
17 116
17 119
17 129
17 132
17 135
17 141
17 145
17 146
17 147
17 148
17 156
17 167
17 171
17 181
17 185
17 188
17 193
17 196
17 201
17 226
17 227
17 230
17 234
17 236
17 239
17 240
17 243
17 247
18 3
18 5
18 15
18 19
18 20
18 31
18 42
18 54
18 56
18 57
18 61
18 69
18 80
18 85
18 93
18 95
18 110
18 112
18 116
18 135
18 137
18 138
18 147
18 152
18 155
18 156
18 158
18 161
18 163
18 168
18 179
18 189
18 192
18 193
18 204
18 205
18 210
18 231
18 233
18 234
18 241
19 6
19 21
19 22
19 30
19 34
19 41
19 44
19 46
19 59
19 63
19 69
19 72
19 78
19 80
19 85
19 86
19 90
19 92
19 94
19 115
19 118
19 119
19 128
19 133
19 138
19 150
19 151
19 152
19 153
19 154
19 157
19 166
19 167
19 175
19 182
19 192
19 195
19 198
19 202
19 207
19 209
19 232
19 239
19 241
19 243
20 1
20 7
20 8
20 12
20 19
20 30
20 37
20 46
20 70
20 71
20 75
20 82
20 87
20 90
20 96
20 103
20 111
20 125
20 135
20 136
20 138
20 141
20 154
20 157
20 160
20 162
20 166
20 167
20 173
20 175
20 176
20 181
20 191
20 195
20 196
20 203
20 206
20 215
20 216
20 219
20 230
20 232
20 237
20 238
20 243
20 248
21 14
21 25
21 28
21 38
21 44
21 48
21 49
21 50
21 55
21 57
21 59
21 63
21 75
21 86
21 95
21 102
21 114
21 115
21 117
21 119
21 143
21 148
21 156
21 161
21 166
21 169
21 175
21 180
21 186
21 187
21 193
21 195
21 196
21 198
21 201
21 203
21 209
21 219
21 221
21 227
21 234
21 241
21 245
22 4
22 9
22 13
22 18
22 26
22 35
22 42
22 44
22 48
22 49
22 51
22 60
22 62
22 70
22 76
22 84
22 88
22 89
22 105
22 121
22 126
22 129
22 135
22 141
22 150
22 154
22 156
22 160
22 166
22 168
22 169
22 174
22 175
22 177
22 180
22 186
22 191
22 193
22 195
22 196
22 197
22 204
22 208
22 212
22 215
22 216
22 217
22 227
22 236
22 238
22 241
22 244
22 245
22 248
23 0
23 1
23 12
23 14
23 19
23 21
23 33
23 39
23 40
23 44
23 49
23 53
23 55
23 56
23 58
23 59
23 62
23 64
23 67
23 70
23 73
23 74
23 78
23 83
23 85
23 91
23 95
23 111
23 113
23 115
23 124
23 125
23 134
23 135
23 141
23 149
23 151
23 152
23 157
23 172
23 183
23 190
23 193
23 199
23 200
23 209
23 210
23 213
23 214
23 215
23 221
23 225
23 235
23 245
23 247
24 3
24 4
24 5
24 15
24 17
24 22
24 26
24 30
24 37
24 41
24 42
24 44
24 46
24 51
24 54
24 55
24 57
24 61
24 65
24 66
24 74
24 75
24 81
24 84
24 87
24 88
24 95
24 108
24 114
24 120
24 123
24 127
24 128
24 138
24 141
24 144
24 145
24 147
24 154
24 158
24 160
24 166
24 167
24 169
24 175
24 179
24 194
24 199
24 203
24 210
24 214
24 221
24 226
24 228
24 229
24 232
24 239
25 2
25 4
25 6
25 9
25 13
25 17
25 21
25 22
25 30
25 33
25 36
25 43
25 50
25 51
25 53
25 54
25 56
25 57
25 66
25 76
25 78
25 82
25 84
25 88
25 97
25 102
25 104
25 105
25 109
25 110
25 113
25 114
25 116
25 117
25 127
25 128
25 131
25 133
25 138
25 147
25 148
25 152
25 154
25 155
25 156
25 158
25 159
25 161
25 165
25 174
25 183
25 185
25 191
25 193
25 195
25 197
25 201
25 202
25 203
25 212
25 213
25 223
25 232
25 236
25 244
26 8
26 9
26 13
26 14
26 16
26 17
26 31
26 36
26 50
26 59
26 61
26 63
26 69
26 70
26 86
26 87
26 99
26 106
26 107
26 109
26 112
26 128
26 130
26 145
26 146
26 151
26 156
26 167
26 169
26 173
26 174
26 177
26 183
26 188
26 191
26 194
26 201
26 222
26 229
26 235
26 244
26 245
26 248
27 10
27 18
27 21
27 31
27 37
27 38
27 39
27 43
27 44
27 57
27 63
27 64
27 65
27 72
27 76
27 86
27 94
27 120
27 128
27 134
27 139
27 142
27 157
27 162
27 167
27 169
27 170
27 176
27 177
27 179
27 180
27 181
27 182
27 183
27 189
27 190
27 192
27 194
27 199
27 205
27 209
27 213
27 216
27 218
27 224
27 229
27 233
28 7
28 9
28 17
28 20
28 38
28 39
28 40
28 53
28 55
28 62
28 67
28 69
28 74
28 78
28 82
28 83
28 87
28 100
28 103
28 105
28 109
28 113
28 126
28 127
28 141
28 152
28 158
28 166
28 172
28 190
28 192
28 198
28 200
28 213
28 217
28 228
28 239
28 242
28 244
28 245
29 2
29 6
29 8
29 18
29 25
29 28
29 33
29 34
29 40
29 42
29 43
29 46
29 48
29 51
29 52
29 55
29 58
29 59
29 60
29 65
29 72
29 79
29 83
29 89
29 90
29 94
29 95
29 102
29 110
29 112
29 115
29 118
29 123
29 128
29 129
29 141
29 154
29 158
29 161
29 163
29 166
29 170
29 177
29 180
29 189
29 193
29 197
29 201
29 209
29 210
29 216
29 228
29 230
29 236
29 242
30 1
30 13
30 18
30 20
30 24
30 27
30 32
30 33
30 39
30 42
30 44
30 51
30 52
30 55
30 58
30 63
30 69
30 71
30 73
30 82
30 84
30 90
30 92
30 93
30 94
30 102
30 107
30 118
30 127
30 136
30 140
30 142
30 144
30 151
30 154
30 156
30 167
30 172
30 173
30 177
30 184
30 185
30 188
30 193
30 196
30 201
30 203
30 208
30 210
30 216
30 217
30 222
30 225
30 238
30 242
30 246
31 0
31 3
31 5
31 8
31 11
31 12
31 19
31 26
31 38
31 45
31 49
31 51
31 60
31 61
31 65
31 67
31 68
31 70
31 72
31 79
31 87
31 89
31 94
31 98
31 103
31 106
31 108
31 116
31 117
31 127
31 129
31 132
31 154
31 157
31 160
31 166
31 170
31 173
31 180
31 182
31 184
31 195
31 198
31 199
31 205
31 207
31 211
31 218
31 220
31 225
31 231
31 242
31 247
32 0
32 2
32 5
32 6
32 7
32 14
32 23
32 24
32 25
32 27
32 38
32 40
32 41
32 54
32 59
32 61
32 64
32 68
32 100
32 103
32 106
32 113
32 126
32 134
32 138
32 140
32 149
32 150
32 152
32 154
32 155
32 166
32 168
32 169
32 174
32 175
32 184
32 190
32 192
32 197
32 215
32 217
32 226
32 229
32 230
32 233
32 236
32 239
32 240
33 1
33 6
33 12
33 15
33 17
33 24
33 33
33 34
33 36
33 37
33 39
33 42
33 44
33 51
33 53
33 57
33 65
33 66
33 77
33 92
33 95
33 105
33 110
33 111
33 112
33 113
33 124
33 126
33 133
33 141
33 143
33 146
33 150
33 152
33 154
33 155
33 161
33 164
33 165
33 179
33 180
33 186
33 191
33 197
33 209
33 212
33 215
33 217
33 218
33 219
33 233
33 238
33 242
33 246
34 2
34 8
34 9
34 18
34 26
34 33
34 37
34 46
34 51
34 56
34 70
34 72
34 78
34 79
34 82
34 91
34 97
34 114
34 115
34 116
34 124
34 130
34 131
34 132
34 135
34 137
34 138
34 139
34 154
34 155
34 156
34 162
34 170
34 172
34 178
34 180
34 182
34 185
34 186
34 188
34 191
34 198
34 199
34 209
34 211
34 217
34 219
34 221
34 226
34 228
34 239
34 242
34 244
34 246
34 247
34 249
35 7
35 8
35 9
35 15
35 22
35 24
35 25
35 34
35 37
35 39
35 46
35 65
35 81
35 83
35 101
35 103
35 107
35 113
35 114
35 117
35 118
35 126
35 133
35 137
35 143
35 158
35 161
35 163
35 169
35 171
35 178
35 180
35 185
35 194
35 196
35 197
35 198
35 201
35 210
35 217
35 238
35 240
36 5
36 8
36 17
36 36
36 48
36 50
36 51
36 52
36 62
36 64
36 73
36 79
36 84
36 98
36 99
36 117
36 119
36 121
36 122
36 123
36 128
36 136
36 147
36 155
36 167
36 175
36 184
36 187
36 190
36 192
36 193
36 197
36 199
36 200
36 201
36 212
36 220
36 226
36 228
36 229
36 233
36 236
36 238
36 244
36 245
37 7
37 9
37 13
37 20
37 21
37 24
37 30
37 38
37 39
37 42
37 51
37 52
37 58
37 65
37 73
37 85
37 86
37 89
37 99
37 104
37 113
37 115
37 119
37 135
37 137
37 139
37 144
37 159
37 162
37 167
37 168
37 171
37 173
37 177
37 186
37 190
37 193
37 196
37 210
37 211
37 214
37 217
37 223
37 229
37 237
37 240
37 245
37 246
37 247
38 3
38 11
38 14
38 15
38 19
38 21
38 32
38 39
38 50
38 55
38 59
38 63
38 80
38 81
38 96
38 100
38 107
38 109
38 111
38 113
38 121
38 132
38 151
38 153
38 155
38 160
38 168
38 174
38 176
38 178
38 180
38 183
38 186
38 193
38 197
38 203
38 204
38 206
38 208
38 211
38 212
38 218
38 224
38 226
38 227
38 231
38 234
38 244
39 4
39 5
39 9
39 10
39 12
39 21
39 22
39 24
39 28
39 32
39 36
39 49
39 56
39 65
39 72
39 78
39 79
39 85
39 91
39 93
39 104
39 109
39 114
39 115
39 118
39 120
39 125
39 128
39 130
39 134
39 138
39 144
39 150
39 152
39 155
39 156
39 157
39 158
39 178
39 179
39 182
39 188
39 200
39 205
39 209
39 213
39 224
39 230
39 232
39 236
39 243
40 15
40 18
40 21
40 23
40 24
40 30
40 31
40 36
40 39
40 52
40 55
40 58
40 62
40 68
40 71
40 79
40 88
40 89
40 91
40 98
40 123
40 126
40 134
40 136
40 142
40 147
40 151
40 152
40 154
40 158
40 168
40 172
40 179
40 184
40 187
40 194
40 195
40 200
40 202
40 203
40 207
40 208
40 216
40 227
40 236
40 238
40 248
41 1
41 4
41 16
41 17
41 20
41 23
41 27
41 29
41 38
41 42
41 45
41 52
41 57
41 64
41 69
41 72
41 76
41 83
41 89
41 94
41 111
41 118
41 123
41 126
41 136
41 138
41 139
41 144
41 145
41 153
41 170
41 171
41 173
41 174
41 176
41 181
41 183
41 186
41 194
41 196
41 200
41 215
41 216
41 219
41 220
41 223
41 225
41 226
41 237
41 241
41 242
41 246
41 248
42 1
42 5
42 17
42 23
42 26
42 29
42 34
42 35
42 39
42 40
42 43
42 56
42 62
42 64
42 66
42 70
42 73
42 74
42 78
42 83
42 87
42 100
42 108
42 109
42 111
42 113
42 116
42 125
42 128
42 134
42 136
42 145
42 157
42 158
42 162
42 165
42 175
42 190
42 195
42 198
42 202
42 203
42 209
42 215
42 220
42 221
42 223
42 225
42 227
42 246
43 2
43 12
43 20
43 23
43 42
43 51
43 53
43 59
43 62
43 67
43 77
43 88
43 89
43 100
43 101
43 102
43 110
43 126
43 127
43 130
43 135
43 138
43 141
43 150
43 155
43 161
43 164
43 168
43 172
43 173
43 184
43 185
43 199
43 203
43 209
43 211
43 214
43 217
43 219
43 232
43 234
43 239
43 242
43 245
44 4
44 6
44 27
44 28
44 30
44 35
44 41
44 44
44 48
44 54
44 56
44 58
44 64
44 66
44 72
44 73
44 77
44 83
44 84
44 109
44 111
44 123
44 127
44 131
44 137
44 140
44 144
44 157
44 163
44 170
44 189
44 193
44 195
44 199
44 200
44 204
44 211
44 213
44 215
44 219
44 230
44 231
44 233
44 235
44 239
44 248
45 5
45 7
45 16
45 25
45 26
45 31
45 37
45 42
45 48
45 57
45 72
45 77
45 80
45 92
45 103
45 109
45 117
45 126
45 128
45 131
45 133
45 139
45 153
45 163
45 166
45 184
45 187
45 191
45 198
45 199
45 201
45 202
45 210
45 213
45 214
45 223
45 228
45 232
45 234
45 244
45 249
46 7
46 11
46 12
46 21
46 24
46 26
46 32
46 38
46 40
46 43
46 51
46 53
46 56
46 60
46 61
46 67
46 71
46 72
46 75
46 88
46 89
46 91
46 92
46 112
46 116
46 121
46 128
46 132
46 134
46 144
46 152
46 153
46 156
46 158
46 160
46 161
46 165
46 171
46 174
46 175
46 181
46 189
46 196
46 200
46 206
46 210
46 212
46 225
46 227
46 233
46 244
46 248
47 2
47 11
47 28
47 30
47 35
47 38
47 42
47 46
47 51
47 57
47 60
47 66
47 71
47 89
47 98
47 99
47 108
47 113
47 114
47 116
47 122
47 135
47 138
47 146
47 149
47 152
47 154
47 160
47 162
47 173
47 178
47 182
47 183
47 191
47 193
47 198
47 211
47 224
47 232
47 238
47 240
47 248
47 249
48 6
48 20
48 21
48 25
48 39
48 47
48 49
48 56
48 60
48 64
48 103
48 113
48 125
48 130
48 138
48 139
48 146
48 151
48 152
48 156
48 158
48 160
48 163
48 166
48 174
48 179
48 183
48 185
48 200
48 209
48 212
48 217
48 227
48 229
48 231
48 233
48 234
48 236
48 241
49 1
49 4
49 12
49 13
49 16
49 23
49 24
49 28
49 31
49 37
49 54
49 55
49 60
49 61
49 70
49 74
49 75
49 79
49 80
49 83
49 84
49 89
49 90
49 93
49 96
49 105
49 112
49 114
49 116
49 121
49 128
49 140
49 141
49 142
49 145
49 155
49 159
49 162
49 174
49 179
49 180
49 181
49 185
49 189
49 192
49 197
49 207
49 214
49 218
49 221
49 222
49 234
49 241
49 243
49 245
49 249
50 3
50 7
50 36
50 40
50 42
50 51
50 53
50 54
50 67
50 77
50 82
50 91
50 92
50 102
50 113
50 125
50 126
50 127
50 143
50 147
50 158
50 159
50 160
50 163
50 165
50 171
50 173
50 175
50 179
50 181
50 195
50 197
50 202
50 204
50 206
50 208
50 211
50 215
50 216
50 218
50 219
50 224
50 231
50 238
50 241
50 244
50 247
50 248
51 2
51 22
51 37
51 39
51 44
51 48
51 55
51 56
51 64
51 83
51 84
51 87
51 88
51 99
51 100
51 104
51 108
51 115
51 119
51 120
51 135
51 136
51 137
51 138
51 141
51 145
51 151
51 154
51 165
51 168
51 171
51 173
51 174
51 183
51 196
51 199
51 202
51 210
51 213
51 242
51 245
51 248
51 249
52 1
52 4
52 9
52 11
52 15
52 16
52 18
52 31
52 33
52 35
52 36
52 39
52 56
52 57
52 60
52 72
52 76
52 79
52 82
52 93
52 94
52 99
52 104
52 115
52 116
52 118
52 136
52 142
52 146
52 167
52 168
52 169
52 173
52 184
52 185
52 198
52 206
52 223
52 226
52 229
52 231
52 233
52 234
52 243
53 2
53 5
53 6
53 8
53 16
53 21
53 31
53 32
53 33
53 38
53 48
53 55
53 62
53 68
53 84
53 86
53 93
53 94
53 98
53 100
53 113
53 125
53 126
53 127
53 128
53 129
53 130
53 138
53 146
53 147
53 154
53 160
53 163
53 164
53 166
53 169
53 176
53 178
53 179
53 186
53 187
53 188
53 192
53 197
53 198
53 202
53 205
53 221
53 227
53 228
53 230
53 232
53 233
53 235
53 237
53 240
53 242
54 16
54 25
54 33
54 48
54 55
54 56
54 58
54 64
54 71
54 76
54 82
54 87
54 90
54 92
54 95
54 97
54 108
54 117
54 119
54 128
54 134
54 135
54 144
54 147
54 150
54 151
54 161
54 162
54 165
54 180
54 181
54 187
54 189
54 192
54 200
54 202
54 203
54 212
54 213
54 217
54 219
54 227
54 235
54 240
54 244
54 246
55 4
55 8
55 13
55 26
55 29
55 46
55 75
55 78
55 92
55 94
55 116
55 118
55 126
55 138
55 142
55 144
55 146
55 151
55 160
55 169
55 172
55 173
55 180
55 182
55 184
55 193
55 196
55 197
55 201
55 206
55 207
55 212
55 214
55 216
55 219
55 222
55 234
55 237
55 239
55 240
55 243
55 246
55 249
56 12
56 14
56 17
56 23
56 25
56 26
56 27
56 28
56 36
56 37
56 40
56 48
56 58
56 60
56 63
56 70
56 74
56 76
56 80
56 87
56 110
56 121
56 133
56 135
56 141
56 142
56 146
56 147
56 149
56 152
56 154
56 161
56 163
56 172
56 180
56 182
56 193
56 198
56 215
56 221
56 229
56 235
56 239
56 242
57 0
57 4
57 8
57 16
57 32
57 37
57 45
57 53
57 54
57 90
57 92
57 93
57 100
57 108
57 113
57 120
57 136
57 138
57 145
57 146
57 151
57 164
57 165
57 172
57 173
57 182
57 185
57 190
57 197
57 200
57 201
57 203
57 212
57 214
57 222
57 223
57 232
57 234
57 236
57 241
58 9
58 11
58 13
58 14
58 23
58 26
58 28
58 31
58 35
58 37
58 52
58 66
58 73
58 74
58 76
58 77
58 84
58 86
58 90
58 91
58 110
58 111
58 114
58 115
58 118
58 125
58 130
58 133
58 139
58 148
58 152
58 158
58 162
58 166
58 203
58 204
58 205
58 206
58 209
58 210
58 212
58 217
58 223
58 235
58 239
58 242
58 248
59 5
59 20
59 21
59 29
59 33
59 35
59 37
59 39
59 41
59 44
59 47
59 49
59 56
59 63
59 67
59 71
59 75
59 78
59 80
59 94
59 102
59 117
59 127
59 129
59 135
59 152
59 154
59 155
59 167
59 179
59 185
59 186
59 196
59 198
59 208
59 209
59 211
59 214
59 215
59 216
59 220
59 222
59 231
59 232
59 234
59 238
59 241
60 6
60 7
60 15
60 17
60 22
60 23
60 33
60 34
60 35
60 45
60 49
60 54
60 58
60 63
60 66
60 70
60 71
60 86
60 101
60 108
60 109
60 110
60 114
60 118
60 126
60 128
60 130
60 139
60 141
60 145
60 146
60 161
60 179
60 188
60 197
60 199
60 204
60 210
60 213
60 218
60 219
60 222
60 223
60 233
60 242
61 14
61 16
61 18
61 21
61 23
61 25
61 40
61 46
61 56
61 59
61 60
61 65
61 66
61 67
61 78
61 83
61 89
61 90
61 94
61 102
61 107
61 111
61 115
61 116
61 135
61 141
61 153
61 156
61 166
61 167
61 173
61 177
61 187
61 192
61 194
61 201
61 202
61 204
61 206
61 226
61 231
61 235
61 236
61 238
61 248
62 4
62 8
62 9
62 17
62 19
62 22
62 23
62 26
62 28
62 29
62 38
62 48
62 49
62 50
62 51
62 57
62 69
62 73
62 75
62 88
62 90
62 94
62 99
62 103
62 105
62 108
62 109
62 114
62 117
62 121
62 122
62 153
62 162
62 163
62 164
62 166
62 177
62 178
62 183
62 191
62 198
62 203
62 204
62 216
62 221
62 229
62 243
62 246
63 3
63 8
63 11
63 16
63 26
63 28
63 29
63 34
63 38
63 41
63 42
63 44
63 47
63 50
63 54
63 56
63 58
63 59
63 60
63 61
63 64
63 65
63 68
63 75
63 80
63 95
63 96
63 107
63 111
63 118
63 119
63 128
63 136
63 138
63 154
63 155
63 164
63 172
63 179
63 188
63 201
63 202
63 205
63 208
63 211
63 215
63 216
63 239
63 240
63 245
63 247
64 2
64 5
64 20
64 22
64 30
64 35
64 39
64 53
64 55
64 58
64 69
64 73
64 77
64 78
64 82
64 89
64 90
64 91
64 98
64 108
64 109
64 110
64 114
64 139
64 142
64 144
64 150
64 151
64 154
64 162
64 170
64 171
64 173
64 182
64 187
64 195
64 206
64 207
64 209
64 211
64 219
64 225
64 228
64 229
64 237
64 241
64 242
64 249
65 6
65 16
65 26
65 33
65 49
65 51
65 56
65 57
65 65
65 94
65 98
65 108
65 109
65 110
65 112
65 116
65 123
65 136
65 138
65 142
65 143
65 144
65 148
65 149
65 157
65 160
65 165
65 171
65 173
65 175
65 180
65 183
65 195
65 200
65 202
65 212
65 213
65 219
65 220
65 221
65 229
66 1
66 6
66 16
66 27
66 28
66 32
66 34
66 38
66 40
66 48
66 58
66 59
66 60
66 71
66 73
66 75
66 76
66 77
66 80
66 81
66 90
66 93
66 96
66 101
66 110
66 111
66 113
66 117
66 118
66 119
66 123
66 124
66 125
66 132
66 136
66 154
66 163
66 175
66 183
66 184
66 185
66 189
66 202
66 207
66 214
66 215
66 227
66 236
66 237
67 2
67 5
67 11
67 12
67 22
67 23
67 29
67 32
67 34
67 35
67 37
67 38
67 39
67 46
67 49
67 60
67 62
67 71
67 72
67 74
67 78
67 79
67 90
67 94
67 95
67 98
67 106
67 111
67 126
67 135
67 137
67 138
67 148
67 151
67 155
67 163
67 165
67 166
67 167
67 176
67 186
67 187
67 190
67 204
67 206
67 207
67 216
67 217
67 218
67 219
67 222
67 225
67 227
67 232
67 239
67 240
67 241
67 244
68 4
68 5
68 6
68 12
68 15
68 18
68 19
68 26
68 32
68 41
68 42
68 48
68 58
68 61
68 63
68 66
68 69
68 75
68 88
68 91
68 97
68 108
68 111
68 118
68 120
68 131
68 134
68 135
68 136
68 137
68 138
68 140
68 144
68 146
68 156
68 157
68 168
68 174
68 180
68 181
68 182
68 184
68 185
68 189
68 190
68 195
68 202
68 210
68 212
68 213
68 216
68 218
68 227
68 232
68 235
68 239
68 241
68 244
68 248
69 1
69 4
69 7
69 17
69 27
69 29
69 40
69 41
69 43
69 44
69 47
69 59
69 60
69 61
69 66
69 73
69 75
69 76
69 89
69 100
69 103
69 106
69 110
69 112
69 117
69 119
69 123
69 125
69 126
69 129
69 135
69 138
69 142
69 143
69 146
69 147
69 149
69 152
69 155
69 171
69 174
69 175
69 188
69 193
69 203
69 215
69 216
69 218
69 221
69 226
69 232
69 234
69 238
69 239
69 240
69 246
70 1
70 2
70 10
70 13
70 16
70 28
70 30
70 38
70 47
70 58
70 63
70 66
70 71
70 79
70 87
70 91
70 94
70 103
70 110
70 117
70 122
70 131
70 134
70 138
70 145
70 147
70 157
70 158
70 160
70 163
70 171
70 178
70 181
70 182
70 185
70 187
70 190
70 199
70 209
70 215
70 221
70 222
70 224
70 230
70 231
70 239
71 4
71 9
71 11
71 15
71 24
71 25
71 29
71 32
71 36
71 38
71 44
71 48
71 55
71 58
71 59
71 60
71 63
71 68
71 77
71 81
71 82
71 88
71 94
71 100
71 101
71 107
71 111
71 116
71 131
71 132
71 140
71 144
71 147
71 152
71 157
71 165
71 169
71 172
71 173
71 176
71 179
71 185
71 188
71 192
71 206
71 220
71 224
71 225
71 239
72 2
72 4
72 10
72 27
72 29
72 38
72 41
72 42
72 44
72 48
72 56
72 57
72 62
72 68
72 70
72 73
72 74
72 77
72 79
72 90
72 95
72 97
72 99
72 111
72 112
72 115
72 126
72 127
72 130
72 131
72 132
72 137
72 146
72 158
72 166
72 167
72 171
72 175
72 176
72 179
72 182
72 183
72 190
72 191
72 195
72 203
72 211
72 212
72 215
72 219
72 224
72 228
72 229
72 231
72 232
72 235
72 238
72 240
72 242
72 244
72 245
72 246
73 1
73 4
73 5
73 6
73 7
73 8
73 12
73 16
73 18
73 20
73 21
73 28
73 56
73 57
73 59
73 61
73 68
73 69
73 74
73 75
73 77
73 80
73 92
73 93
73 99
73 103
73 105
73 107
73 109
73 110
73 112
73 124
73 128
73 134
73 142
73 143
73 147
73 157
73 160
73 161
73 162
73 166
73 179
73 198
73 207
73 214
73 215
73 216
73 223
73 231
73 232
73 237
73 241
73 244
74 0
74 4
74 10
74 18
74 21
74 24
74 27
74 29
74 47
74 55
74 63
74 66
74 75
74 81
74 82
74 84
74 90
74 91
74 96
74 97
74 100
74 101
74 114
74 117
74 123
74 128
74 135
74 138
74 140
74 144
74 149
74 154
74 157
74 166
74 167
74 168
74 176
74 186
74 194
74 196
74 197
74 203
74 217
74 225
74 233
74 235
74 237
74 241
74 242
74 245
75 7
75 12
75 22
75 25
75 31
75 34
75 35
75 39
75 41
75 63
75 64
75 68
75 72
75 77
75 81
75 82
75 94
75 97
75 110
75 119
75 126
75 128
75 132
75 138
75 139
75 155
75 156
75 160
75 163
75 168
75 177
75 178
75 179
75 181
75 191
75 214
75 221
75 228
75 229
75 230
75 231
75 234
75 248
75 249
76 0
76 4
76 8
76 12
76 16
76 30
76 41
76 50
76 52
76 54
76 56
76 59
76 61
76 65
76 69
76 70
76 73
76 76
76 77
76 83
76 96
76 98
76 101
76 104
76 107
76 113
76 115
76 123
76 125
76 135
76 141
76 144
76 159
76 174
76 184
76 191
76 192
76 202
76 211
76 217
76 218
76 224
76 226
76 227
76 229
76 230
76 231
77 0
77 9
77 20
77 30
77 43
77 54
77 66
77 67
77 73
77 76
77 79
77 80
77 85
77 99
77 107
77 111
77 120
77 124
77 130
77 135
77 136
77 143
77 149
77 151
77 155
77 156
77 157
77 158
77 159
77 178
77 180
77 194
77 199
77 200
77 206
77 215
77 217
77 233
77 242
78 0
78 6
78 13
78 17
78 18
78 22
78 35
78 39
78 40
78 48
78 57
78 58
78 61
78 68
78 69
78 85
78 88
78 89
78 91
78 93
78 100
78 107
78 122
78 125
78 126
78 142
78 148
78 151
78 157
78 163
78 172
78 174
78 175
78 177
78 180
78 189
78 193
78 198
78 201
78 214
78 222
78 228
78 234
78 236
78 237
78 241
78 242
78 244
78 245
78 247
78 249
79 2
79 9
79 11
79 35
79 40
79 46
79 49
79 52
79 64
79 76
79 82
79 84
79 94
79 95
79 99
79 109
79 127
79 131
79 135
79 137
79 143
79 144
79 149
79 152
79 166
79 187
79 191
79 208
79 212
79 215
79 219
79 220
79 227
79 234
79 235
79 238
79 242
80 0
80 3
80 9
80 13
80 21
80 24
80 31
80 38
80 42
80 47
80 52
80 66
80 76
80 84
80 95
80 98
80 99
80 100
80 107
80 115
80 122
80 134
80 138
80 145
80 148
80 164
80 166
80 168
80 180
80 195
80 196
80 200
80 202
80 204
80 206
80 212
80 216
80 218
80 226
80 228
80 232
80 237
80 245
80 247
80 248
80 249
81 0
81 4
81 7
81 19
81 21
81 28
81 29
81 39
81 47
81 54
81 60
81 64
81 72
81 75
81 81
81 87
81 91
81 92
81 93
81 94
81 114
81 115
81 119
81 120
81 125
81 131
81 132
81 138
81 150
81 151
81 152
81 153
81 154
81 166
81 172
81 177
81 181
81 183
81 184
81 185
81 194
81 195
81 196
81 201
81 204
81 208
81 219
81 224
81 225
81 235
81 244
81 248
82 4
82 11
82 28
82 32
82 33
82 41
82 49
82 53
82 55
82 60
82 65
82 66
82 70
82 75
82 80
82 94
82 97
82 98
82 113
82 118
82 121
82 134
82 145
82 150
82 152
82 153
82 154
82 157
82 158
82 165
82 175
82 180
82 181
82 191
82 193
82 196
82 198
82 200
82 203
82 212
82 215
82 216
82 222
82 227
82 229
82 230
82 234
82 245
82 246
83 1
83 12
83 13
83 15
83 16
83 19
83 20
83 21
83 28
83 32
83 33
83 40
83 43
83 45
83 46
83 54
83 55
83 66
83 80
83 82
83 87
83 95
83 97
83 98
83 99
83 102
83 110
83 111
83 117
83 123
83 124
83 126
83 136
83 142
83 147
83 148
83 150
83 151
83 157
83 158
83 161
83 168
83 178
83 183
83 189
83 192
83 196
83 202
83 211
83 215
83 217
83 218
83 232
83 234
83 237
84 2
84 4
84 6
84 20
84 32
84 35
84 36
84 37
84 40
84 44
84 45
84 48
84 54
84 60
84 74
84 75
84 84
84 91
84 98
84 99
84 102
84 103
84 107
84 111
84 112
84 117
84 121
84 128
84 134
84 138
84 139
84 147
84 148
84 150
84 154
84 157
84 159
84 162
84 168
84 172
84 195
84 197
84 198
84 200
84 203
84 204
84 206
84 212
84 213
84 214
84 220
84 222
84 227
84 230
84 238
85 1
85 2
85 5
85 12
85 20
85 21
85 33
85 46
85 64
85 71
85 72
85 75
85 76
85 79
85 81
85 84
85 85
85 88
85 105
85 109
85 115
85 119
85 126
85 130
85 136
85 145
85 152
85 154
85 156
85 160
85 164
85 176
85 177
85 182
85 187
85 194
85 198
85 205
85 206
85 214
85 224
85 226
85 228
85 238
85 239
85 240
85 247
86 0
86 7
86 26
86 27
86 35
86 38
86 41
86 42
86 47
86 54
86 57
86 60
86 61
86 74
86 86
86 93
86 96
86 99
86 101
86 111
86 114
86 115
86 120
86 123
86 126
86 127
86 138
86 139
86 148
86 153
86 155
86 158
86 159
86 164
86 175
86 176
86 177
86 189
86 191
86 193
86 199
86 201
86 205
86 206
86 211
86 216
86 220
86 222
86 225
86 233
86 236
86 237
86 243
86 244
86 248
87 7
87 12
87 19
87 24
87 25
87 28
87 35
87 38
87 40
87 42
87 46
87 61
87 63
87 64
87 69
87 75
87 77
87 79
87 80
87 89
87 90
87 95
87 102
87 103
87 108
87 109
87 116
87 120
87 121
87 122
87 125
87 127
87 130
87 133
87 144
87 146
87 147
87 150
87 151
87 156
87 159
87 162
87 163
87 165
87 167
87 179
87 187
87 189
87 192
87 196
87 215
87 220
87 223
87 224
87 225
87 231
87 235
87 242
87 244
87 245
87 248
87 249
88 4
88 6
88 16
88 20
88 23
88 24
88 26
88 35
88 44
88 50
88 65
88 66
88 67
88 70
88 71
88 75
88 78
88 79
88 80
88 88
88 99
88 107
88 117
88 121
88 122
88 123
88 125
88 145
88 147
88 153
88 155
88 156
88 162
88 177
88 183
88 186
88 191
88 197
88 202
88 210
88 214
88 215
88 216
88 221
88 223
88 227
88 229
88 231
88 243
88 247
88 249
89 1
89 3
89 8
89 16
89 25
89 27
89 28
89 33
89 38
89 39
89 40
89 42
89 45
89 46
89 50
89 64
89 66
89 73
89 77
89 78
89 79
89 82
89 89
89 95
89 100
89 103
89 105
89 107
89 116
89 123
89 126
89 128
89 135
89 136
89 138
89 139
89 146
89 152
89 161
89 165
89 177
89 179
89 187
89 188
89 194
89 201
89 204
89 210
89 218
89 221
89 222
89 227
89 234
89 239
89 241
89 243
90 6
90 14
90 16
90 19
90 23
90 32
90 33
90 34
90 35
90 54
90 59
90 65
90 73
90 75
90 83
90 89
90 98
90 109
90 111
90 114
90 121
90 128
90 132
90 133
90 134
90 136
90 148
90 153
90 169
90 173
90 174
90 194
90 198
90 200
90 203
90 211
90 218
90 221
90 222
90 227
90 231
90 233
90 236
90 246
91 5
91 7
91 21
91 22
91 26
91 37
91 40
91 41
91 50
91 53
91 67
91 74
91 79
91 84
91 96
91 103
91 106
91 109
91 112
91 117
91 122
91 130
91 131
91 134
91 135
91 154
91 157
91 161
91 162
91 166
91 167
91 169
91 170
91 172
91 185
91 190
91 196
91 199
91 202
91 205
91 207
91 219
91 223
91 225
91 231
91 235
91 243
91 245
91 249
92 7
92 10
92 11
92 14
92 16
92 19
92 21
92 25
92 28
92 33
92 36
92 47
92 55
92 58
92 61
92 65
92 67
92 77
92 79
92 80
92 90
92 96
92 105
92 124
92 126
92 128
92 129
92 138
92 139
92 161
92 162
92 168
92 178
92 188
92 195
92 197
92 198
92 210
92 211
92 217
92 220
92 221
92 222
92 229
92 231
92 244
93 4
93 6
93 11
93 15
93 27
93 28
93 29
93 42
93 50
93 53
93 55
93 57
93 58
93 71
93 74
93 79
93 85
93 86
93 90
93 99
93 100
93 103
93 104
93 105
93 106
93 109
93 121
93 128
93 135
93 147
93 151
93 156
93 161
93 162
93 176
93 178
93 182
93 196
93 198
93 204
93 220
93 223
93 224
93 227
93 233
93 235
93 237
93 242
93 244
94 1
94 5
94 12
94 13
94 16
94 19
94 20
94 33
94 34
94 39
94 67
94 68
94 76
94 80
94 81
94 82
94 83
94 91
94 96
94 101
94 102
94 104
94 110
94 116
94 120
94 124
94 127
94 128
94 133
94 135
94 138
94 140
94 141
94 144
94 171
94 172
94 173
94 177
94 185
94 191
94 200
94 203
94 205
94 207
94 220
94 222
94 225
94 231
94 239
94 241
95 6
95 22
95 31
95 37
95 38
95 39
95 42
95 49
95 50
95 52
95 55
95 56
95 59
95 60
95 66
95 67
95 72
95 76
95 78
95 86
95 91
95 101
95 111
95 118
95 122
95 124
95 126
95 132
95 133
95 135
95 137
95 149
95 158
95 181
95 185
95 189
95 191
95 194
95 196
95 204
95 206
95 210
95 212
95 225
95 227
95 237
96 1
96 5
96 11
96 15
96 20
96 25
96 31
96 37
96 38
96 51
96 54
96 60
96 61
96 67
96 68
96 74
96 79
96 83
96 86
96 107
96 116
96 127
96 129
96 134
96 136
96 137
96 145
96 153
96 155
96 159
96 171
96 172
96 174
96 187
96 193
96 194
96 195
96 198
96 201
96 210
96 212
96 213
96 223
96 232
96 234
96 243
96 246
97 0
97 7
97 10
97 14
97 15
97 44
97 45
97 46
97 50
97 54
97 58
97 59
97 60
97 61
97 63
97 68
97 70
97 81
97 86
97 87
97 88
97 89
97 90
97 96
97 98
97 108
97 110
97 119
97 123
97 124
97 128
97 129
97 133
97 138
97 141
97 142
97 154
97 158
97 164
97 166
97 177
97 181
97 183
97 190
97 194
97 199
97 204
97 218
97 221
97 223
97 224
97 225
97 239
97 246
98 0
98 5
98 9
98 11
98 12
98 19
98 21
98 31
98 36
98 38
98 42
98 45
98 47
98 49
98 53
98 55
98 56
98 65
98 69
98 72
98 80
98 83
98 93
98 95
98 102
98 108
98 109
98 111
98 118
98 122
98 123
98 128
98 151
98 155
98 158
98 173
98 175
98 178
98 179
98 180
98 210
98 214
98 217
98 221
98 223
98 224
98 230
98 231
98 238
98 245
99 3
99 8
99 15
99 25
99 37
99 39
99 47
99 55
99 56
99 57
99 61
99 63
99 65
99 66
99 77
99 79
99 80
99 89
99 113
99 115
99 152
99 159
99 164
99 165
99 168
99 169
99 170
99 176
99 183
99 192
99 193
99 194
99 201
99 202
99 205
99 216
99 217
99 221
99 222
99 223
99 225
99 229
99 234
99 237
99 238
99 239
100 1
100 14
100 15
100 18
100 21
100 29
100 40
100 48
100 52
100 54
100 58
100 60
100 70
100 71
100 76
100 80
100 82
100 88
100 91
100 92
100 93
100 94
100 95
100 97
100 100
100 109
100 114
100 118
100 129
100 131
100 132
100 133
100 134
100 137
100 139
100 143
100 167
100 178
100 179
100 182
100 186
100 188
100 191
100 196
100 197
100 202
100 203
100 219
100 225
100 229
100 238
100 243
100 248
101 7
101 11
101 13
101 15
101 18
101 24
101 27
101 34
101 35
101 43
101 47
101 48
101 49
101 55
101 60
101 68
101 71
101 80
101 81
101 82
101 85
101 86
101 90
101 91
101 94
101 99
101 101
101 106
101 116
101 118
101 120
101 129
101 130
101 134
101 135
101 140
101 147
101 149
101 157
101 158
101 211
101 218
101 220
101 221
101 238
101 240
101 249
102 7
102 10
102 12
102 13
102 23
102 32
102 34
102 38
102 40
102 41
102 42
102 45
102 46
102 49
102 53
102 59
102 60
102 67
102 68
102 75
102 80
102 81
102 82
102 83
102 89
102 92
102 95
102 106
102 121
102 122
102 133
102 137
102 158
102 162
102 168
102 172
102 173
102 186
102 191
102 194
102 202
102 209
102 212
102 214
102 215
102 217
102 220
102 229
102 230
102 239
102 242
102 246
102 247
103 4
103 7
103 11
103 13
103 14
103 15
103 21
103 27
103 30
103 34
103 37
103 39
103 40
103 52
103 54
103 58
103 63
103 66
103 72
103 74
103 75
103 76
103 81
103 83
103 88
103 94
103 102
103 106
103 108
103 115
103 117
103 124
103 127
103 128
103 136
103 144
103 145
103 150
103 163
103 165
103 170
103 171
103 172
103 173
103 176
103 179
103 181
103 182
103 183
103 190
103 196
103 202
103 207
103 215
103 219
103 220
103 240
103 242
103 246
104 1
104 6
104 13
104 14
104 18
104 20
104 33
104 35
104 36
104 50
104 55
104 60
104 69
104 72
104 74
104 77
104 80
104 83
104 84
104 86
104 90
104 97
104 105
104 109
104 110
104 114
104 115
104 116
104 123
104 126
104 127
104 146
104 147
104 149
104 152
104 156
104 157
104 159
104 166
104 168
104 172
104 184
104 193
104 194
104 201
104 211
104 227
104 231
104 235
104 239
104 244
104 249
105 0
105 7
105 9
105 11
105 19
105 22
105 28
105 36
105 40
105 49
105 76
105 85
105 88
105 97
105 98
105 101
105 107
105 118
105 120
105 133
105 136
105 138
105 143
105 148
105 149
105 150
105 151
105 170
105 172
105 174
105 179
105 181
105 183
105 185
105 186
105 187
105 192
105 194
105 196
105 208
105 215
105 216
105 228
105 232
105 237
105 239
105 244
106 0
106 1
106 3
106 4
106 13
106 39
106 49
106 63
106 78
106 79
106 80
106 86
106 90
106 109
106 116
106 127
106 130
106 133
106 137
106 147
106 151
106 159
106 162
106 167
106 169
106 181
106 211
106 214
106 216
106 218
106 226
106 229
106 230
106 232
106 236
106 241
106 247
107 0
107 3
107 7
107 15
107 19
107 23
107 26
107 29
107 33
107 36
107 46
107 48
107 52
107 55
107 59
107 64
107 65
107 70
107 75
107 76
107 79
107 80
107 83
107 88
107 90
107 91
107 94
107 107
107 110
107 111
107 122
107 124
107 127
107 133
107 136
107 142
107 159
107 166
107 169
107 170
107 176
107 178
107 179
107 186
107 187
107 188
107 189
107 190
107 192
107 196
107 199
107 208
107 209
107 213
107 217
107 221
107 222
107 223
107 237
107 238
107 243
107 245
108 0
108 5
108 6
108 10
108 15
108 17
108 22
108 28
108 36
108 38
108 40
108 45
108 59
108 65
108 70
108 92
108 93
108 98
108 115
108 130
108 135
108 136
108 143
108 148
108 150
108 151
108 160
108 166
108 174
108 177
108 180
108 186
108 192
108 204
108 205
108 208
108 212
108 222
108 223
108 227
108 244
108 245
109 4
109 11
109 19
109 24
109 27
109 30
109 33
109 42
109 50
109 51
109 52
109 77
109 80
109 88
109 94
109 122
109 127
109 128
109 131
109 132
109 133
109 142
109 149
109 150
109 156
109 169
109 170
109 172
109 175
109 176
109 178
109 179
109 194
109 195
109 196
109 203
109 207
109 213
109 218
109 234
109 235
109 238
109 239
109 240
109 244
109 245
110 0
110 3
110 10
110 28
110 29
110 35
110 36
110 38
110 45
110 50
110 53
110 54
110 57
110 65
110 69
110 79
110 81
110 90
110 95
110 96
110 98
110 99
110 101
110 102
110 108
110 116
110 117
110 120
110 124
110 126
110 130
110 132
110 142
110 146
110 151
110 152
110 159
110 162
110 163
110 173
110 177
110 179
110 185
110 192
110 195
110 207
110 208
110 209
110 211
110 213
110 215
110 218
110 220
110 234
110 238
110 239
111 5
111 7
111 8
111 9
111 10
111 16
111 19
111 25
111 26
111 28
111 34
111 35
111 52
111 69
111 71
111 84
111 87
111 88
111 93
111 94
111 96
111 102
111 103
111 115
111 119
111 125
111 128
111 129
111 132
111 136
111 149
111 152
111 156
111 157
111 158
111 160
111 162
111 165
111 168
111 183
111 185
111 186
111 196
111 198
111 200
111 205
111 207
111 209
111 212
111 225
111 226
111 234
111 240
111 242
111 244
111 245
111 247
112 5
112 7
112 17
112 23
112 34
112 36
112 37
112 38
112 55
112 70
112 74
112 78
112 82
112 86
112 93
112 95
112 97
112 98
112 105
112 107
112 108
112 111
112 112
112 114
112 116
112 117
112 121
112 123
112 131
112 135
112 136
112 138
112 150
112 151
112 153
112 157
112 158
112 163
112 169
112 172
112 173
112 179
112 190
112 206
112 209
112 212
112 227
112 229
112 233
112 238
112 246
112 249
113 7
113 32
113 48
113 54
113 56
113 58
113 66
113 69
113 86
113 97
113 98
113 102
113 107
113 110
113 112
113 120
113 122
113 123
113 134
113 136
113 139
113 141
113 146
113 148
113 155
113 156
113 162
113 171
113 177
113 187
113 188
113 191
113 195
113 206
113 212
113 216
113 220
113 224
113 228
113 235
114 1
114 4
114 5
114 7
114 8
114 18
114 20
114 22
114 33
114 37
114 41
114 47
114 50
114 58
114 61
114 64
114 67
114 73
114 76
114 85
114 93
114 119
114 124
114 135
114 143
114 149
114 150
114 156
114 160
114 164
114 168
114 172
114 180
114 184
114 187
114 190
114 196
114 199
114 205
114 206
114 207
114 229
114 234
114 238
114 245
114 246
114 247
115 3
115 9
115 11
115 12
115 15
115 16
115 24
115 29
115 34
115 40
115 44
115 45
115 48
115 49
115 50
115 56
115 57
115 66
115 69
115 83
115 84
115 89
115 96
115 102
115 105
115 109
115 111
115 116
115 117
115 120
115 122
115 123
115 131
115 134
115 145
115 150
115 154
115 155
115 156
115 158
115 160
115 162
115 165
115 171
115 176
115 183
115 188
115 197
115 198
115 199
115 213
115 214
115 217
115 221
115 224
115 227
115 228
115 235
115 236
115 241
116 2
116 3
116 13
116 33
116 39
116 40
116 49
116 52
116 56
116 58
116 61
116 64
116 67
116 69
116 70
116 78
116 79
116 84
116 86
116 87
116 94
116 95
116 98
116 102
116 109
116 115
116 125
116 130
116 131
116 135
116 138
116 144
116 152
116 157
116 161
116 164
116 168
116 187
116 195
116 203
116 210
116 215
116 230
116 232
116 241
116 248
116 249
117 1
117 8
117 11
117 13
117 16
117 28
117 32
117 33
117 42
117 43
117 44
117 47
117 49
117 54
117 60
117 63
117 64
117 72
117 73
117 74
117 81
117 90
117 100
117 101
117 107
117 112
117 118
117 134
117 137
117 138
117 141
117 144
117 152
117 154
117 162
117 164
117 178
117 180
117 188
117 191
117 203
117 205
117 209
117 210
117 211
117 212
117 218
117 219
117 225
117 228
117 229
117 241
117 244
117 247
117 249
118 2
118 6
118 11
118 12
118 13
118 14
118 16
118 21
118 31
118 35
118 51
118 52
118 73
118 80
118 100
118 103
118 113
118 117
118 121
118 129
118 134
118 137
118 143
118 147
118 152
118 153
118 154
118 157
118 159
118 169
118 173
118 175
118 185
118 186
118 189
118 191
118 195
118 197
118 198
118 200
118 204
118 212
118 214
118 215
118 232
118 235
119 3
119 5
119 10
119 13
119 16
119 19
119 20
119 23
119 26
119 32
119 39
119 44
119 49
119 50
119 54
119 55
119 60
119 78
119 79
119 84
119 88
119 90
119 93
119 94
119 103
119 105
119 106
119 109
119 112
119 115
119 116
119 126
119 128
119 129
119 130
119 134
119 150
119 154
119 155
119 162
119 163
119 164
119 169
119 175
119 183
119 194
119 198
119 199
119 202
119 205
119 206
119 207
119 210
119 213
119 216
119 220
119 229
119 231
119 233
119 236
120 2
120 9
120 14
120 20
120 21
120 25
120 29
120 36
120 41
120 49
120 58
120 60
120 66
120 88
120 93
120 98
120 99
120 100
120 104
120 106
120 107
120 108
120 110
120 119
120 122
120 124
120 125
120 126
120 130
120 132
120 133
120 136
120 137
120 139
120 149
120 154
120 155
120 156
120 163
120 164
120 166
120 168
120 171
120 178
120 181
120 184
120 185
120 195
120 198
120 200
120 203
120 213
120 215
120 228
120 232
120 241
120 244
121 3
121 18
121 21
121 26
121 28
121 33
121 34
121 36
121 37
121 38
121 40
121 47
121 56
121 72
121 74
121 76
121 78
121 79
121 91
121 95
121 98
121 99
121 105
121 107
121 114
121 123
121 134
121 135
121 136
121 139
121 141
121 148
121 151
121 166
121 173
121 174
121 181
121 184
121 201
121 203
121 206
121 208
121 213
121 215
121 216
121 218
121 227
121 234
121 242
121 245
121 246
121 249
122 4
122 20
122 30
122 36
122 39
122 43
122 48
122 52
122 53
122 56
122 57
122 62
122 69
122 79
122 84
122 86
122 90
122 105
122 106
122 111
122 121
122 128
122 129
122 133
122 135
122 142
122 159
122 163
122 168
122 170
122 171
122 173
122 175
122 176
122 180
122 181
122 182
122 189
122 191
122 196
122 202
122 212
122 214
122 229
122 235
122 238
122 239
122 241
123 27
123 30
123 31
123 39
123 40
123 42
123 46
123 52
123 58
123 61
123 70
123 74
123 81
123 83
123 91
123 96
123 99
123 101
123 107
123 112
123 114
123 115
123 116
123 117
123 122
123 125
123 139
123 145
123 151
123 157
123 166
123 168
123 182
123 183
123 184
123 186
123 189
123 195
123 196
123 202
123 212
123 213
123 216
123 223
123 232
123 233
123 245
124 1
124 7
124 10
124 12
124 13
124 14
124 16
124 36
124 38
124 43
124 44
124 50
124 56
124 58
124 59
124 71
124 83
124 85
124 86
124 89
124 90
124 96
124 102
124 104
124 108
124 111
124 123
124 127
124 130
124 134
124 140
124 141
124 152
124 155
124 160
124 165
124 171
124 177
124 182
124 193
124 194
124 195
124 206
124 216
124 218
124 219
124 220
124 224
124 232
124 233
124 234
124 237
124 241
124 248
125 6
125 14
125 15
125 18
125 23
125 24
125 28
125 30
125 35
125 44
125 47
125 51
125 56
125 59
125 61
125 76
125 80
125 82
125 85
125 104
125 112
125 116
125 121
125 124
125 128
125 137
125 141
125 146
125 148
125 152
125 155
125 160
125 161
125 164
125 166
125 189
125 192
125 194
125 200
125 216
125 218
125 222
125 226
125 231
125 240
125 243
126 2
126 6
126 14
126 15
126 17
126 19
126 22
126 28
126 31
126 32
126 33
126 42
126 50
126 52
126 64
126 85
126 86
126 100
126 106
126 108
126 125
126 126
126 132
126 145
126 152
126 161
126 162
126 166
126 168
126 180
126 194
126 209
126 211
126 213
126 214
126 215
126 230
126 231
126 232
126 236
126 242
126 244
126 247
126 248
126 249
127 6
127 10
127 12
127 15
127 21
127 28
127 37
127 44
127 48
127 67
127 80
127 81
127 83
127 86
127 91
127 93
127 94
127 105
127 106
127 111
127 112
127 115
127 118
127 130
127 142
127 146
127 147
127 162
127 165
127 170
127 173
127 175
127 176
127 180
127 181
127 182
127 189
127 192
127 195
127 202
127 203
127 214
127 219
127 224
127 227
127 234
127 235
127 242
128 2
128 4
128 5
128 9
128 16
128 18
128 20
128 25
128 28
128 30
128 37
128 42
128 46
128 47
128 49
128 50
128 53
128 72
128 73
128 75
128 76
128 86
128 93
128 101
128 105
128 112
128 114
128 117
128 124
128 135
128 137
128 138
128 148
128 149
128 153
128 160
128 165
128 172
128 174
128 180
128 190
128 193
128 205
128 210
128 214
128 218
128 224
128 229
128 235
128 248
129 0
129 7
129 8
129 9
129 20
129 22
129 25
129 29
129 39
129 42
129 45
129 49
129 51
129 57
129 59
129 61
129 72
129 78
129 82
129 97
129 105
129 119
129 121
129 123
129 126
129 132
129 135
129 137
129 138
129 140
129 141
129 145
129 149
129 151
129 154
129 157
129 164
129 171
129 193
129 198
129 199
129 202
129 203
129 204
129 209
129 213
129 217
129 227
129 229
129 236
129 244
129 247
129 248
130 0
130 13
130 14
130 15
130 17
130 24
130 26
130 35
130 36
130 47
130 50
130 51
130 68
130 71
130 74
130 78
130 81
130 85
130 86
130 89
130 97
130 113
130 128
130 130
130 135
130 136
130 138
130 139
130 142
130 144
130 149
130 150
130 161
130 164
130 166
130 167
130 169
130 170
130 173
130 179
130 184
130 192
130 195
130 204
130 216
130 220
130 234
130 246
130 247
130 248
131 1
131 3
131 5
131 12
131 23
131 27
131 30
131 32
131 35
131 36
131 37
131 38
131 39
131 43
131 44
131 46
131 53
131 58
131 62
131 64
131 78
131 85
131 91
131 100
131 102
131 107
131 118
131 119
131 122
131 132
131 134
131 139
131 141
131 142
131 150
131 153
131 155
131 165
131 166
131 167
131 170
131 172
131 173
131 180
131 189
131 190
131 191
131 192
131 207
131 214
131 217
131 218
131 219
131 221
131 229
131 234
131 244
132 18
132 30
132 63
132 66
132 72
132 73
132 76
132 78
132 90
132 91
132 94
132 95
132 96
132 100
132 106
132 114
132 121
132 123
132 130
132 131
132 132
132 133
132 134
132 138
132 139
132 141
132 145
132 146
132 167
132 168
132 175
132 176
132 185
132 199
132 200
132 211
132 226
132 230
132 234
132 239
132 243
132 244
132 247
132 249
133 8
133 15
133 25
133 32
133 35
133 37
133 48
133 61
133 77
133 85
133 88
133 89
133 92
133 110
133 114
133 115
133 117
133 120
133 124
133 129
133 133
133 137
133 140
133 143
133 147
133 148
133 150
133 154
133 160
133 168
133 179
133 187
133 189
133 191
133 193
133 195
133 197
133 199
133 201
133 204
133 205
133 215
133 217
133 220
133 222
133 227
133 232
133 234
133 240
133 244
133 246
133 247
134 7
134 14
134 18
134 28
134 29
134 30
134 34
134 36
134 46
134 50
134 54
134 55
134 56
134 64
134 66
134 69
134 76
134 91
134 92
134 103
134 111
134 116
134 118
134 119
134 122
134 124
134 127
134 128
134 130
134 131
134 136
134 138
134 144
134 146
134 148
134 159
134 176
134 182
134 192
134 196
134 199
134 206
134 210
134 222
134 228
134 229
134 239
134 240
134 245
134 247
134 248
135 1
135 5
135 6
135 15
135 21
135 22
135 31
135 32
135 35
135 43
135 45
135 47
135 49
135 51
135 57
135 59
135 61
135 65
135 67
135 83
135 90
135 93
135 98
135 102
135 106
135 108
135 112
135 113
135 116
135 125
135 126
135 135
135 145
135 147
135 167
135 179
135 180
135 182
135 185
135 193
135 195
135 196
135 197
135 219
135 225
135 227
135 232
135 241
135 242
136 4
136 6
136 7
136 11
136 12
136 19
136 20
136 30
136 32
136 33
136 36
136 39
136 42
136 43
136 50
136 53
136 54
136 59
136 66
136 68
136 71
136 76
136 77
136 83
136 86
136 91
136 94
136 97
136 99
136 104
136 111
136 113
136 117
136 120
136 125
136 126
136 135
136 137
136 145
136 152
136 153
136 162
136 163
136 165
136 173
136 179
136 187
136 189
136 198
136 216
136 230
136 233
136 247
136 249
137 5
137 18
137 22
137 26
137 39
137 45
137 47
137 48
137 49
137 56
137 71
137 79
137 103
137 105
137 116
137 119
137 122
137 124
137 129
137 138
137 141
137 143
137 148
137 150
137 168
137 169
137 174
137 175
137 184
137 189
137 199
137 202
137 205
137 207
137 215
137 227
137 232
137 233
137 234
137 240
137 246
137 248
138 11
138 14
138 15
138 16
138 26
138 40
138 53
138 57
138 61
138 65
138 66
138 71
138 73
138 74
138 98
138 105
138 107
138 118
138 123
138 124
138 126
138 129
138 132
138 133
138 140
138 141
138 142
138 144
138 146
138 153
138 159
138 161
138 163
138 164
138 170
138 174
138 178
138 181
138 182
138 189
138 190
138 192
138 207
138 214
138 215
138 217
138 223
138 236
139 5
139 6
139 7
139 12
139 14
139 19
139 21
139 23
139 37
139 42
139 50
139 58
139 64
139 65
139 66
139 71
139 79
139 81
139 82
139 85
139 86
139 97
139 103
139 104
139 106
139 107
139 111
139 126
139 128
139 129
139 138
139 146
139 150
139 155
139 156
139 164
139 170
139 173
139 179
139 181
139 185
139 190
139 194
139 203
139 212
139 215
139 219
139 225
139 234
139 235
139 240
139 246
139 248
140 2
140 5
140 7
140 10
140 11
140 12
140 14
140 15
140 24
140 25
140 28
140 29
140 33
140 42
140 43
140 48
140 51
140 52
140 55
140 56
140 59
140 74
140 75
140 82
140 86
140 103
140 104
140 117
140 118
140 123
140 129
140 141
140 144
140 147
140 160
140 168
140 170
140 183
140 185
140 188
140 197
140 200
140 207
140 208
140 213
140 221
140 222
140 224
140 228
140 232
140 238
140 239
140 244
140 246
140 247
140 248
141 1
141 10
141 12
141 17
141 18
141 21
141 31
141 36
141 39
141 40
141 41
141 42
141 43
141 44
141 46
141 55
141 58
141 63
141 76
141 87
141 100
141 103
141 106
141 108
141 109
141 117
141 127
141 131
141 134
141 140
141 142
141 148
141 151
141 153
141 158
141 159
141 166
141 176
141 178
141 186
141 208
141 210
141 219
141 220
141 227
141 236
141 240
142 4
142 5
142 8
142 14
142 15
142 16
142 32
142 33
142 34
142 35
142 38
142 39
142 44
142 46
142 49
142 59
142 67
142 69
142 70
142 71
142 78
142 79
142 89
142 94
142 99
142 110
142 115
142 119
142 120
142 124
142 125
142 130
142 133
142 137
142 141
142 142
142 144
142 145
142 148
142 159
142 164
142 173
142 175
142 184
142 196
142 199
142 202
142 205
142 210
142 213
142 216
142 227
142 228
142 236
142 247
142 249
143 4
143 9
143 11
143 13
143 14
143 17
143 18
143 26
143 29
143 35
143 44
143 46
143 51
143 61
143 67
143 70
143 74
143 78
143 82
143 87
143 108
143 116
143 120
143 131
143 134
143 138
143 140
143 147
143 160
143 175
143 182
143 189
143 194
143 205
143 211
143 213
143 214
143 225
143 227
143 239
143 245
144 0
144 13
144 22
144 25
144 28
144 30
144 32
144 41
144 45
144 51
144 61
144 69
144 71
144 72
144 75
144 76
144 81
144 82
144 92
144 97
144 111
144 119
144 124
144 126
144 129
144 133
144 138
144 158
144 164
144 166
144 175
144 177
144 183
144 184
144 186
144 193
144 194
144 196
144 203
144 208
144 214
144 224
144 225
144 230
144 234
144 237
145 4
145 10
145 22
145 24
145 34
145 39
145 43
145 53
145 55
145 66
145 76
145 80
145 83
145 84
145 88
145 91
145 96
145 104
145 105
145 107
145 111
145 118
145 133
145 141
145 148
145 150
145 158
145 166
145 168
145 169
145 173
145 174
145 180
145 181
145 186
145 191
145 194
145 201
145 208
145 210
145 218
145 225
145 232
145 247
146 0
146 1
146 2
146 5
146 11
146 18
146 19
146 20
146 23
146 25
146 29
146 30
146 32
146 39
146 44
146 45
146 48
146 49
146 52
146 54
146 56
146 63
146 67
146 72
146 73
146 74
146 91
146 93
146 97
146 113
146 116
146 117
146 120
146 131
146 146
146 149
146 155
146 161
146 173
146 176
146 177
146 178
146 182
146 186
146 188
146 189
146 196
146 201
146 207
146 212
146 215
146 226
146 227
146 237
146 238
147 15
147 16
147 19
147 21
147 25
147 26
147 27
147 32
147 34
147 38
147 61
147 68
147 73
147 74
147 79
147 84
147 92
147 94
147 95
147 106
147 114
147 127
147 133
147 135
147 142
147 145
147 150
147 153
147 155
147 159
147 172
147 174
147 183
147 190
147 192
147 196
147 197
147 202
147 204
147 209
147 212
147 214
147 216
147 225
147 232
147 236
148 1
148 3
148 9
148 12
148 15
148 20
148 21
148 27
148 49
148 58
148 64
148 70
148 71
148 73
148 74
148 76
148 78
148 89
148 91
148 92
148 99
148 100
148 104
148 106
148 111
148 112
148 125
148 126
148 136
148 140
148 141
148 142
148 145
148 147
148 148
148 150
148 151
148 161
148 166
148 173
148 175
148 178
148 181
148 184
148 186
148 189
148 192
148 195
148 198
148 208
148 216
148 219
148 230
148 232
148 235
148 239
148 246
149 0
149 14
149 18
149 20
149 21
149 22
149 26
149 32
149 34
149 41
149 53
149 60
149 61
149 62
149 79
149 80
149 83
149 92
149 94
149 103
149 104
149 105
149 109
149 111
149 115
149 116
149 117
149 118
149 121
149 124
149 126
149 131
149 134
149 135
149 139
149 142
149 146
149 148
149 165
149 172
149 185
149 196
149 198
149 200
149 207
149 213
149 219
149 220
149 222
149 234
149 237
149 242
149 243
149 247
150 4
150 28
150 33
150 34
150 41
150 43
150 46
150 48
150 49
150 51
150 52
150 54
150 55
150 57
150 59
150 63
150 65
150 67
150 73
150 75
150 77
150 82
150 93
150 97
150 98
150 111
150 116
150 119
150 121
150 129
150 131
150 135
150 141
150 143
150 145
150 149
150 152
150 155
150 164
150 165
150 167
150 174
150 176
150 177
150 178
150 182
150 189
150 191
150 192
150 197
150 198
150 207
150 210
150 223
150 224
150 226
150 237
150 240
150 245
150 248
151 7
151 18
151 25
151 27
151 32
151 33
151 34
151 50
151 51
151 54
151 59
151 79
151 86
151 90
151 93
151 98
151 102
151 105
151 116
151 118
151 124
151 125
151 129
151 140
151 152
151 162
151 167
151 172
151 177
151 179
151 182
151 193
151 200
151 204
151 213
151 223
151 230
151 231
151 233
151 237
151 240
152 1
152 8
152 11
152 23
152 33
152 34
152 36
152 39
152 42
152 46
152 51
152 53
152 57
152 70
152 74
152 75
152 82
152 84
152 95
152 98
152 103
152 104
152 105
152 112
152 113
152 116
152 117
152 132
152 137
152 146
152 147
152 148
152 155
152 167
152 176
152 179
152 181
152 191
152 192
152 194
152 195
152 196
152 197
152 199
152 220
152 221
152 222
152 223
152 225
152 229
152 230
152 234
153 9
153 25
153 33
153 34
153 39
153 46
153 50
153 52
153 61
153 63
153 67
153 70
153 77
153 80
153 85
153 89
153 91
153 96
153 100
153 107
153 109
153 113
153 117
153 118
153 124
153 133
153 137
153 142
153 145
153 146
153 148
153 153
153 157
153 164
153 172
153 175
153 178
153 180
153 181
153 188
153 192
153 194
153 200
153 202
153 203
153 204
153 205
153 207
153 208
153 217
153 227
153 236
153 237
153 238
153 239
153 242
153 243
153 246
154 3
154 9
154 11
154 21
154 24
154 36
154 37
154 54
154 56
154 69
154 70
154 73
154 74
154 88
154 90
154 100
154 101
154 103
154 107
154 117
154 119
154 122
154 125
154 131
154 139
154 141
154 143
154 144
154 145
154 146
154 150
154 155
154 161
154 162
154 163
154 165
154 172
154 173
154 178
154 184
154 187
154 191
154 202
154 206
154 210
154 213
154 222
154 223
154 232
154 240
154 243
154 246
155 9
155 12
155 17
155 19
155 26
155 32
155 33
155 36
155 46
155 50
155 51
155 53
155 54
155 55
155 57
155 59
155 61
155 66
155 80
155 83
155 91
155 95
155 99
155 124
155 135
155 137
155 139
155 143
155 153
155 155
155 158
155 167
155 191
155 193
155 194
155 198
155 200
155 201
155 207
155 208
155 210
155 215
155 216
155 220
155 224
155 230
155 233
155 235
155 239
155 242
155 243
155 244
155 245
155 246
156 6
156 14
156 21
156 29
156 32
156 34
156 36
156 43
156 62
156 63
156 68
156 71
156 73
156 74
156 75
156 84
156 85
156 90
156 93
156 101
156 105
156 106
156 114
156 116
156 117
156 121
156 131
156 134
156 135
156 138
156 139
156 141
156 149
156 152
156 157
156 163
156 175
156 176
156 182
156 185
156 189
156 192
156 199
156 202
156 216
156 222
156 224
156 230
156 231
156 236
156 238
156 239
156 240
157 0
157 30
157 34
157 35
157 46
157 56
157 58
157 62
157 65
157 66
157 67
157 69
157 81
157 87
157 89
157 91
157 95
157 108
157 110
157 117
157 120
157 123
157 131
157 135
157 140
157 143
157 148
157 152
157 159
157 160
157 161
157 163
157 175
157 179
157 187
157 192
157 193
157 199
157 204
157 214
157 218
157 227
157 240
157 242
157 244
157 246
157 248
158 0
158 3
158 10
158 13
158 24
158 25
158 30
158 36
158 56
158 57
158 63
158 64
158 74
158 76
158 82
158 85
158 88
158 92
158 97
158 101
158 107
158 108
158 113
158 119
158 122
158 123
158 131
158 134
158 135
158 139
158 148
158 149
158 154
158 159
158 165
158 173
158 174
158 178
158 183
158 190
158 196
158 197
158 199
158 217
158 224
158 229
158 233
158 236
158 243
158 246
158 247
159 3
159 5
159 21
159 23
159 24
159 27
159 29
159 31
159 33
159 40
159 43
159 57
159 61
159 62
159 67
159 79
159 84
159 93
159 101
159 102
159 107
159 111
159 112
159 117
159 119
159 120
159 130
159 139
159 140
159 149
159 152
159 160
159 164
159 165
159 166
159 168
159 175
159 176
159 187
159 204
159 205
159 221
159 232
159 233
159 241
159 245
159 249
160 3
160 6
160 14
160 15
160 19
160 22
160 34
160 38
160 40
160 44
160 59
160 85
160 86
160 87
160 92
160 97
160 100
160 102
160 108
160 109
160 112
160 119
160 127
160 137
160 138
160 139
160 143
160 146
160 152
160 153
160 167
160 174
160 176
160 182
160 186
160 204
160 208
160 217
160 218
160 220
160 221
160 234
160 243
160 244
160 246
160 249
161 8
161 19
161 20
161 22
161 37
161 39
161 41
161 46
161 49
161 53
161 55
161 57
161 73
161 75
161 78
161 79
161 82
161 93
161 104
161 108
161 119
161 126
161 137
161 139
161 146
161 157
161 173
161 183
161 197
161 201
161 203
161 207
161 209
161 210
161 211
161 212
161 219
161 222
161 229
161 230
161 242
162 4
162 12
162 15
162 18
162 23
162 28
162 35
162 37
162 39
162 41
162 45
162 57
162 68
162 69
162 79
162 81
162 87
162 94
162 100
162 110
162 116
162 117
162 120
162 125
162 135
162 151
162 157
162 161
162 164
162 176
162 179
162 188
162 191
162 198
162 200
162 204
162 206
162 210
162 216
162 226
162 233
162 239
162 243
162 244
162 245
162 246
162 247
163 0
163 8
163 17
163 24
163 25
163 26
163 27
163 32
163 36
163 38
163 39
163 44
163 48
163 51
163 56
163 60
163 65
163 79
163 83
163 87
163 88
163 92
163 98
163 107
163 111
163 117
163 122
163 126
163 135
163 136
163 141
163 143
163 151
163 153
163 168
163 169
163 170
163 173
163 178
163 189
163 192
163 205
163 206
163 227
163 228
163 232
163 239
163 241
163 249
164 5
164 22
164 23
164 24
164 33
164 37
164 41
164 45
164 50
164 52
164 55
164 60
164 85
164 89
164 95
164 99
164 101
164 113
164 117
164 118
164 120
164 133
164 134
164 136
164 144
164 150
164 160
164 170
164 184
164 192
164 200
164 204
164 215
164 218
164 242
164 243
164 245
164 248
164 249
165 2
165 8
165 10
165 26
165 29
165 33
165 34
165 40
165 50
165 52
165 63
165 67
165 78
165 79
165 82
165 83
165 85
165 93
165 97
165 98
165 102
165 103
165 104
165 107
165 117
165 133
165 134
165 136
165 137
165 151
165 153
165 163
165 173
165 175
165 177
165 181
165 184
165 195
165 198
165 201
165 208
165 214
165 219
165 223
165 231
165 238
165 243
165 244
165 247
166 1
166 4
166 8
166 15
166 18
166 23
166 33
166 42
166 43
166 44
166 46
166 49
166 50
166 65
166 69
166 76
166 93
166 94
166 105
166 116
166 133
166 138
166 144
166 147
166 151
166 174
166 179
166 189
166 190
166 192
166 196
166 200
166 205
166 208
166 217
166 221
166 222
166 225
166 228
166 233
166 245
166 249
167 2
167 4
167 6
167 14
167 18
167 24
167 25
167 36
167 45
167 48
167 49
167 53
167 60
167 66
167 68
167 73
167 76
167 78
167 87
167 92
167 98
167 103
167 106
167 108
167 109
167 113
167 116
167 119
167 122
167 127
167 128
167 142
167 144
167 154
167 155
167 161
167 164
167 182
167 188
167 192
167 202
167 207
167 208
167 212
167 218
167 226
167 227
167 229
167 242
167 248
168 3
168 9
168 16
168 17
168 26
168 39
168 50
168 58
168 59
168 62
168 63
168 65
168 68
168 72
168 76
168 79
168 90
168 91
168 98
168 101
168 103
168 105
168 119
168 127
168 131
168 134
168 137
168 143
168 145
168 146
168 147
168 152
168 163
168 170
168 171
168 182
168 187
168 193
168 194
168 197
168 200
168 203
168 207
168 212
168 214
168 220
168 223
168 225
168 226
168 237
168 240
168 244
168 248
168 249
169 1
169 5
169 31
169 36
169 44
169 47
169 48
169 51
169 56
169 58
169 70
169 71
169 74
169 76
169 77
169 84
169 87
169 90
169 96
169 97
169 98
169 101
169 107
169 108
169 113
169 119
169 120
169 125
169 161
169 162
169 163
169 166
169 167
169 175
169 176
169 179
169 186
169 193
169 199
169 203
169 211
169 212
169 213
169 225
169 229
169 230
169 234
169 239
169 245
170 2
170 5
170 6
170 14
170 37
170 46
170 47
170 48
170 51
170 63
170 66
170 72
170 73
170 81
170 86
170 88
170 90
170 101
170 104
170 106
170 112
170 114
170 117
170 118
170 130
170 139
170 148
170 151
170 160
170 167
170 169
170 174
170 180
170 181
170 186
170 192
170 196
170 199
170 204
170 205
170 208
170 210
170 218
170 219
170 223
170 233
170 237
170 247
171 1
171 6
171 13
171 27
171 28
171 44
171 45
171 47
171 56
171 65
171 66
171 76
171 77
171 81
171 93
171 96
171 98
171 107
171 108
171 110
171 115
171 117
171 121
171 123
171 126
171 130
171 131
171 135
171 138
171 141
171 145
171 146
171 148
171 150
171 159
171 173
171 174
171 176
171 178
171 179
171 184
171 185
171 189
171 190
171 195
171 204
171 207
171 214
171 216
171 221
171 227
171 234
171 236
171 239
171 240
171 242
171 243
172 2
172 15
172 19
172 22
172 29
172 30
172 38
172 43
172 47
172 55
172 81
172 97
172 99
172 103
172 113
172 116
172 118
172 121
172 122
172 134
172 135
172 137
172 143
172 150
172 155
172 156
172 158
172 189
172 192
172 196
172 199
172 207
172 211
172 212
172 213
172 215
172 220
172 221
172 223
172 224
172 225
172 228
172 230
172 232
172 236
172 242
172 246
173 15
173 18
173 21
173 22
173 40
173 41
173 44
173 48
173 49
173 51
173 70
173 78
173 81
173 84
173 85
173 86
173 91
173 95
173 101
173 103
173 104
173 111
173 112
173 135
173 137
173 138
173 143
173 147
173 151
173 159
173 164
173 169
173 170
173 175
173 185
173 188
173 190
173 193
173 196
173 201
173 203
173 211
173 215
173 218
173 225
173 234
173 235
173 236
173 240
173 241
173 242
174 3
174 6
174 8
174 15
174 21
174 24
174 26
174 29
174 35
174 38
174 43
174 45
174 46
174 54
174 55
174 59
174 64
174 67
174 68
174 69
174 74
174 80
174 83
174 85
174 87
174 94
174 99
174 102
174 105
174 106
174 109
174 110
174 111
174 118
174 121
174 130
174 132
174 137
174 141
174 145
174 146
174 153
174 171
174 177
174 178
174 185
174 186
174 188
174 189
174 192
174 199
174 201
174 207
174 208
174 211
174 214
174 216
174 223
174 225
174 238
174 247
174 248
175 8
175 16
175 19
175 21
175 22
175 28
175 39
175 42
175 46
175 58
175 59
175 63
175 65
175 76
175 80
175 83
175 84
175 90
175 104
175 109
175 111
175 117
175 118
175 120
175 125
175 126
175 128
175 134
175 136
175 143
175 145
175 149
175 150
175 154
175 157
175 167
175 169
175 171
175 172
175 176
175 179
175 193
175 195
175 202
175 204
175 213
175 219
175 223
175 226
175 230
175 237
175 239
175 240
175 241
176 2
176 6
176 7
176 8
176 11
176 15
176 28
176 31
176 39
176 41
176 74
176 76
176 81
176 83
176 85
176 88
176 91
176 97
176 101
176 106
176 107
176 120
176 127
176 129
176 130
176 135
176 137
176 146
176 156
176 165
176 176
176 178
176 179
176 186
176 193
176 197
176 203
176 207
176 209
176 210
176 217
176 218
176 222
176 238
176 242
176 244
177 1
177 17
177 24
177 26
177 36
177 37
177 38
177 53
177 54
177 56
177 65
177 71
177 73
177 76
177 77
177 83
177 84
177 88
177 92
177 106
177 109
177 113
177 114
177 115
177 128
177 136
177 137
177 144
177 145
177 149
177 162
177 179
177 181
177 184
177 192
177 195
177 200
177 201
177 202
177 208
177 214
177 215
177 217
177 219
177 222
177 229
177 237
177 245
178 4
178 9
178 12
178 14
178 15
178 17
178 19
178 21
178 23
178 27
178 29
178 39
178 42
178 46
178 51
178 53
178 54
178 55
178 60
178 67
178 76
178 80
178 85
178 101
178 115
178 116
178 117
178 128
178 129
178 132
178 133
178 134
178 137
178 139
178 150
178 152
178 157
178 160
178 161
178 166
178 167
178 171
178 178
178 182
178 189
178 194
178 198
178 200
178 204
178 209
178 212
178 225
178 226
178 240
178 241
178 244
178 249
179 1
179 5
179 11
179 12
179 16
179 19
179 27
179 28
179 36
179 38
179 46
179 49
179 53
179 65
179 66
179 71
179 74
179 76
179 79
179 87
179 89
179 91
179 96
179 99
179 100
179 101
179 103
179 104
179 107
179 113
179 123
179 124
179 125
179 127
179 128
179 129
179 136
179 144
179 146
179 147
179 159
179 162
179 163
179 165
179 166
179 169
179 184
179 187
179 191
179 201
179 208
179 211
179 212
179 216
179 219
179 221
179 222
179 226
179 228
179 230
179 232
179 248
179 249
180 0
180 18
180 19
180 28
180 34
180 37
180 44
180 49
180 51
180 54
180 59
180 61
180 64
180 73
180 78
180 101
180 102
180 107
180 109
180 113
180 116
180 137
180 143
180 149
180 150
180 160
180 166
180 168
180 181
180 183
180 187
180 195
180 196
180 200
180 201
180 204
180 205
180 206
180 219
180 224
180 226
180 233
180 234
180 242
180 244
180 245
180 247
180 248
181 2
181 28
181 30
181 40
181 44
181 50
181 52
181 54
181 58
181 64
181 69
181 72
181 83
181 84
181 88
181 93
181 100
181 106
181 107
181 108
181 112
181 113
181 116
181 118
181 119
181 123
181 124
181 126
181 129
181 149
181 151
181 153
181 156
181 166
181 181
181 182
181 185
181 197
181 200
181 201
181 204
181 205
181 215
181 223
181 228
181 229
181 234
181 241
181 242
181 248
182 5
182 10
182 11
182 12
182 16
182 17
182 19
182 22
182 48
182 52
182 57
182 60
182 64
182 66
182 70
182 72
182 77
182 80
182 95
182 103
182 104
182 105
182 108
182 111
182 112
182 118
182 119
182 121
182 124
182 126
182 134
182 135
182 144
182 151
182 156
182 159
182 169
182 171
182 174
182 182
182 184
182 208
182 216
182 217
182 225
182 227
182 228
182 233
182 234
182 237
182 241
182 248
183 1
183 4
183 9
183 13
183 14
183 15
183 18
183 21
183 27
183 31
183 33
183 36
183 41
183 42
183 47
183 48
183 49
183 50
183 57
183 58
183 62
183 66
183 67
183 68
183 69
183 81
183 84
183 85
183 100
183 108
183 109
183 110
183 112
183 123
183 136
183 143
183 151
183 155
183 165
183 168
183 171
183 173
183 179
183 180
183 186
183 188
183 189
183 194
183 201
183 204
183 206
183 211
183 224
183 240
183 246
183 247
183 248
184 4
184 5
184 8
184 12
184 26
184 29
184 37
184 38
184 39
184 52
184 57
184 58
184 61
184 64
184 77
184 78
184 79
184 84
184 88
184 93
184 96
184 99
184 102
184 109
184 112
184 133
184 135
184 143
184 144
184 147
184 157
184 158
184 164
184 165
184 166
184 168
184 177
184 186
184 187
184 188
184 192
184 201
184 206
184 214
184 216
184 224
184 225
184 226
184 232
184 238
185 2
185 8
185 9
185 18
185 25
185 26
185 28
185 29
185 32
185 38
185 42
185 46
185 53
185 66
185 68
185 70
185 90
185 95
185 97
185 102
185 111
185 112
185 132
185 147
185 151
185 152
185 154
185 157
185 158
185 173
185 176
185 184
185 194
185 196
185 197
185 199
185 216
185 218
185 219
185 220
185 222
185 228
185 234
185 235
185 237
185 239
186 10
186 19
186 39
186 41
186 43
186 45
186 51
186 53
186 57
186 62
186 67
186 69
186 74
186 79
186 81
186 83
186 95
186 98
186 99
186 110
186 122
186 124
186 126
186 136
186 139
186 145
186 146
186 152
186 156
186 157
186 164
186 165
186 174
186 182
186 183
186 184
186 185
186 190
186 194
186 201
186 203
186 204
186 205
186 209
186 222
186 226
186 232
186 239
186 245
187 2
187 12
187 15
187 16
187 23
187 29
187 42
187 54
187 56
187 60
187 64
187 65
187 75
187 77
187 79
187 82
187 86
187 89
187 91
187 94
187 95
187 102
187 111
187 115
187 121
187 123
187 132
187 144
187 147
187 148
187 151
187 159
187 162
187 167
187 170
187 171
187 180
187 182
187 190
187 191
187 192
187 195
187 200
187 205
187 209
187 216
187 229
187 230
187 236
187 241
187 243
187 247
188 0
188 2
188 10
188 12
188 21
188 27
188 32
188 33
188 38
188 44
188 45
188 54
188 55
188 58
188 61
188 65
188 68
188 72
188 77
188 78
188 91
188 92
188 97
188 108
188 112
188 113
188 118
188 125
188 134
188 138
188 148
188 154
188 155
188 166
188 178
188 180
188 181
188 182
188 183
188 191
188 198
188 209
188 213
188 224
188 228
188 233
188 234
188 236
188 239
188 242
189 2
189 4
189 10
189 11
189 17
189 19
189 21
189 43
189 44
189 49
189 52
189 67
189 68
189 74
189 75
189 78
189 94
189 101
189 105
189 112
189 113
189 119
189 122
189 125
189 126
189 129
189 131
189 150
189 151
189 152
189 154
189 158
189 160
189 162
189 163
189 172
189 178
189 182
189 183
189 185
189 193
189 198
189 207
189 223
189 229
189 249
190 11
190 18
190 20
190 26
190 31
190 32
190 35
190 38
190 51
190 58
190 61
190 67
190 74
190 76
190 80
190 89
190 92
190 94
190 99
190 105
190 106
190 109
190 114
190 115
190 116
190 117
190 118
190 130
190 137
190 158
190 172
190 174
190 175
190 178
190 180
190 184
190 186
190 192
190 195
190 202
190 206
190 210
190 214
190 217
190 219
190 222
190 232
190 240
190 244
190 245
191 0
191 6
191 10
191 14
191 17
191 22
191 24
191 25
191 32
191 33
191 38
191 42
191 46
191 49
191 52
191 55
191 73
191 77
191 84
191 85
191 99
191 102
191 109
191 111
191 120
191 126
191 127
191 129
191 131
191 132
191 134
191 136
191 151
191 157
191 159
191 160
191 169
191 171
191 173
191 175
191 182
191 184
191 186
191 201
191 203
191 208
191 210
191 215
191 222
191 225
191 228
191 229
191 233
191 234
191 235
191 238
191 241
191 243
192 3
192 17
192 18
192 20
192 29
192 31
192 32
192 35
192 38
192 40
192 41
192 47
192 50
192 54
192 58
192 70
192 75
192 80
192 85
192 91
192 109
192 110
192 116
192 130
192 136
192 137
192 143
192 147
192 154
192 155
192 164
192 169
192 173
192 175
192 178
192 189
192 198
192 199
192 201
192 208
192 213
192 214
192 215
192 217
192 219
192 224
193 6
193 8
193 12
193 15
193 35
193 39
193 53
193 55
193 60
193 62
193 73
193 74
193 81
193 86
193 90
193 98
193 102
193 104
193 110
193 120
193 131
193 134
193 144
193 153
193 161
193 164
193 165
193 168
193 177
193 180
193 186
193 210
193 213
193 214
193 215
193 216
193 218
193 219
193 248
194 5
194 9
194 11
194 17
194 20
194 23
194 26
194 28
194 40
194 55
194 57
194 63
194 70
194 88
194 89
194 93
194 103
194 105
194 106
194 118
194 119
194 121
194 122
194 125
194 136
194 138
194 142
194 144
194 145
194 155
194 159
194 167
194 174
194 177
194 178
194 183
194 186
194 188
194 204
194 212
194 230
194 231
194 243
194 245
195 3
195 7
195 13
195 18
195 19
195 23
195 24
195 28
195 34
195 50
195 57
195 61
195 64
195 66
195 70
195 79
195 82
195 87
195 92
195 93
195 96
195 97
195 100
195 101
195 114
195 115
195 117
195 120
195 121
195 135
195 148
195 152
195 154
195 155
195 156
195 161
195 167
195 168
195 173
195 183
195 184
195 191
195 194
195 196
195 201
195 207
195 212
195 215
195 220
195 225
195 236
195 248
196 0
196 2
196 4
196 14
196 15
196 24
196 46
196 48
196 50
196 52
196 62
196 71
196 75
196 82
196 96
196 98
196 105
196 106
196 109
196 112
196 114
196 118
196 124
196 127
196 129
196 131
196 135
196 140
196 142
196 146
196 153
196 154
196 158
196 164
196 165
196 178
196 181
196 182
196 187
196 190
196 203
196 208
196 210
196 212
196 213
196 215
196 221
196 223
196 226
196 233
196 241
196 244
196 246
196 249
197 2
197 16
197 22
197 25
197 27
197 34
197 39
197 48
197 67
197 69
197 71
197 73
197 76
197 88
197 94
197 101
197 104
197 117
197 118
197 120
197 129
197 143
197 148
197 152
197 157
197 158
197 161
197 163
197 170
197 171
197 187
197 195
197 198
197 199
197 203
197 206
197 210
197 215
197 219
197 222
197 223
197 224
197 238
197 244
198 13
198 18
198 19
198 23
198 29
198 35
198 51
198 57
198 65
198 66
198 83
198 85
198 87
198 93
198 94
198 99
198 100
198 103
198 107
198 113
198 117
198 118
198 120
198 125
198 126
198 132
198 136
198 140
198 146
198 157
198 160
198 162
198 174
198 184
198 191
198 199
198 202
198 212
198 220
198 221
198 239
198 242
199 0
199 1
199 5
199 6
199 13
199 27
199 32
199 33
199 40
199 43
199 47
199 53
199 55
199 56
199 58
199 60
199 64
199 74
199 76
199 79
199 83
199 89
199 92
199 116
199 119
199 135
199 137
199 142
199 145
199 153
199 164
199 169
199 170
199 171
199 172
199 173
199 192
199 204
199 206
199 215
199 216
199 219
199 227
199 229
199 233
199 247
199 248
200 2
200 8
200 17
200 18
200 22
200 31
200 40
200 41
200 42
200 44
200 47
200 48
200 66
200 71
200 77
200 84
200 85
200 89
200 94
200 101
200 110
200 117
200 118
200 120
200 125
200 133
200 147
200 149
200 150
200 152
200 155
200 158
200 168
200 170
200 184
200 199
200 200
200 201
200 204
200 209
200 212
200 215
200 232
200 234
200 236
200 244
200 246
200 248
201 5
201 8
201 10
201 21
201 23
201 25
201 27
201 28
201 30
201 31
201 36
201 43
201 46
201 55
201 63
201 64
201 71
201 75
201 77
201 80
201 88
201 90
201 94
201 98
201 100
201 101
201 113
201 116
201 120
201 121
201 127
201 128
201 129
201 130
201 131
201 139
201 141
201 148
201 151
201 158
201 161
201 162
201 164
201 175
201 183
201 184
201 185
201 188
201 192
201 197
201 201
201 206
201 226
201 231
201 236
201 243
202 2
202 4
202 5
202 6
202 7
202 15
202 17
202 26
202 35
202 40
202 43
202 46
202 47
202 56
202 59
202 67
202 68
202 70
202 71
202 72
202 73
202 75
202 79
202 81
202 82
202 84
202 85
202 92
202 95
202 99
202 104
202 114
202 115
202 118
202 120
202 122
202 124
202 125
202 132
202 137
202 143
202 152
202 154
202 158
202 161
202 165
202 177
202 184
202 186
202 188
202 190
202 196
202 199
202 200
202 204
202 210
202 212
202 216
202 218
202 220
202 223
202 242
202 247
202 249
203 4
203 8
203 11
203 25
203 30
203 31
203 32
203 34
203 35
203 39
203 41
203 46
203 49
203 50
203 60
203 63
203 66
203 69
203 75
203 80
203 82
203 84
203 86
203 87
203 109
203 111
203 113
203 114
203 115
203 130
203 132
203 134
203 138
203 142
203 164
203 165
203 167
203 174
203 176
203 183
203 190
203 198
203 199
203 203
203 206
203 208
203 209
203 212
203 215
203 217
203 219
203 220
203 221
203 222
203 232
203 236
203 237
203 247
204 1
204 2
204 8
204 13
204 21
204 22
204 24
204 27
204 29
204 30
204 31
204 32
204 36
204 41
204 50
204 61
204 67
204 68
204 69
204 72
204 80
204 86
204 96
204 101
204 104
204 105
204 106
204 108
204 114
204 115
204 119
204 120
204 122
204 125
204 131
204 132
204 138
204 142
204 155
204 162
204 172
204 174
204 177
204 178
204 179
204 198
204 209
204 213
204 214
204 217
204 226
204 227
204 228
204 230
204 240
205 0
205 10
205 13
205 18
205 20
205 21
205 24
205 25
205 36
205 38
205 42
205 43
205 44
205 48
205 58
205 64
205 67
205 72
205 74
205 82
205 89
205 91
205 96
205 103
205 105
205 113
205 121
205 123
205 127
205 129
205 131
205 137
205 145
205 148
205 150
205 152
205 156
205 163
205 172
205 174
205 177
205 178
205 183
205 191
205 197
205 212
205 217
205 222
205 236
205 242
206 8
206 9
206 30
206 31
206 32
206 33
206 39
206 44
206 47
206 55
206 56
206 62
206 64
206 71
206 73
206 76
206 80
206 81
206 89
206 92
206 94
206 98
206 100
206 101
206 105
206 109
206 111
206 115
206 119
206 124
206 127
206 128
206 130
206 132
206 133
206 138
206 143
206 144
206 148
206 157
206 158
206 159
206 169
206 178
206 180
206 185
206 190
206 191
206 202
206 204
206 206
206 207
206 211
206 218
206 222
206 226
206 232
206 234
206 239
206 245
206 246
206 247
207 3
207 4
207 8
207 11
207 34
207 39
207 40
207 45
207 46
207 53
207 54
207 55
207 56
207 64
207 73
207 76
207 82
207 83
207 98
207 102
207 110
207 114
207 115
207 117
207 122
207 124
207 134
207 146
207 157
207 162
207 165
207 168
207 173
207 176
207 178
207 192
207 201
207 203
207 213
207 222
207 226
207 232
207 235
207 241
207 249
208 12
208 13
208 21
208 25
208 28
208 37
208 45
208 61
208 66
208 70
208 71
208 72
208 74
208 79
208 80
208 82
208 85
208 86
208 91
208 94
208 98
208 100
208 101
208 102
208 108
208 112
208 119
208 129
208 132
208 145
208 148
208 155
208 157
208 165
208 181
208 182
208 183
208 191
208 205
208 209
208 213
208 215
208 220
208 222
208 225
208 227
208 234
208 235
208 237
208 248
209 3
209 13
209 18
209 26
209 33
209 35
209 38
209 43
209 52
209 59
209 65
209 78
209 88
209 91
209 99
209 104
209 108
209 111
209 113
209 132
209 137
209 141
209 143
209 149
209 155
209 163
209 166
209 176
209 180
209 182
209 186
209 189
209 191
209 192
209 198
209 199
209 201
209 205
209 209
209 214
209 218
209 222
209 223
209 225
209 229
209 231
209 247
210 7
210 11
210 12
210 25
210 27
210 34
210 35
210 43
210 48
210 50
210 52
210 56
210 61
210 63
210 67
210 68
210 71
210 72
210 73
210 78
210 79
210 85
210 87
210 96
210 107
210 108
210 112
210 118
210 123
210 129
210 141
210 142
210 145
210 146
210 147
210 149
210 151
210 156
210 162
210 168
210 169
210 173
210 174
210 178
210 186
210 199
210 211
210 214
210 232
210 240
211 4
211 20
211 23
211 24
211 25
211 26
211 32
211 34
211 36
211 38
211 39
211 43
211 48
211 50
211 51
211 53
211 57
211 58
211 67
211 70
211 71
211 74
211 79
211 80
211 82
211 85
211 92
211 98
211 99
211 112
211 117
211 119
211 122
211 127
211 128
211 132
211 135
211 144
211 146
211 147
211 151
211 152
211 156
211 166
211 172
211 181
211 185
211 189
211 191
211 195
211 198
211 201
211 204
211 208
211 214
211 222
211 224
211 233
211 241
211 242
211 244
212 3
212 4
212 9
212 10
212 18
212 46
212 50
212 53
212 58
212 59
212 62
212 68
212 70
212 77
212 88
212 94
212 102
212 103
212 109
212 110
212 114
212 116
212 136
212 137
212 140
212 147
212 148
212 153
212 156
212 160
212 170
212 171
212 183
212 189
212 198
212 199
212 202
212 206
212 207
212 208
212 212
212 221
212 226
212 228
212 231
212 232
212 236
212 239
212 240
212 244
212 249
213 3
213 5
213 9
213 26
213 31
213 33
213 34
213 36
213 38
213 44
213 52
213 55
213 57
213 58
213 62
213 68
213 69
213 72
213 74
213 77
213 87
213 88
213 90
213 93
213 94
213 96
213 99
213 104
213 110
213 121
213 124
213 126
213 128
213 129
213 142
213 144
213 155
213 157
213 161
213 163
213 171
213 174
213 176
213 180
213 184
213 193
213 201
213 202
213 205
213 212
213 216
213 218
213 233
213 238
213 239
213 240
213 242
213 243
213 245
213 248
214 0
214 2
214 5
214 14
214 15
214 17
214 19
214 22
214 27
214 34
214 35
214 40
214 41
214 54
214 56
214 60
214 64
214 77
214 82
214 86
214 87
214 92
214 100
214 101
214 109
214 116
214 118
214 131
214 136
214 139
214 151
214 155
214 158
214 160
214 161
214 171
214 172
214 175
214 179
214 182
214 188
214 190
214 191
214 203
214 210
214 220
214 223
214 237
214 240
214 245
215 20
215 23
215 30
215 38
215 42
215 45
215 48
215 60
215 61
215 70
215 75
215 79
215 91
215 96
215 97
215 98
215 101
215 112
215 113
215 120
215 125
215 138
215 143
215 145
215 150
215 159
215 160
215 180
215 181
215 182
215 189
215 191
215 207
215 215
215 221
215 225
215 226
215 228
215 230
215 232
215 238
216 4
216 9
216 10
216 11
216 13
216 18
216 25
216 26
216 28
216 31
216 36
216 39
216 41
216 45
216 49
216 53
216 57
216 63
216 75
216 80
216 88
216 89
216 95
216 107
216 113
216 115
216 118
216 134
216 136
216 137
216 141
216 143
216 147
216 149
216 151
216 174
216 186
216 188
216 190
216 194
216 197
216 199
216 210
216 215
216 218
216 228
216 235
216 245
216 246
216 248
217 3
217 11
217 14
217 22
217 33
217 35
217 38
217 46
217 50
217 63
217 73
217 76
217 80
217 82
217 88
217 90
217 97
217 100
217 110
217 112
217 113
217 115
217 119
217 122
217 123
217 127
217 128
217 129
217 133
217 145
217 147
217 148
217 151
217 156
217 157
217 170
217 172
217 185
217 187
217 188
217 193
217 205
217 207
217 208
217 213
217 215
217 216
217 221
217 232
217 237
217 242
217 244
218 2
218 18
218 23
218 24
218 26
218 28
218 29
218 44
218 54
218 55
218 56
218 59
218 71
218 79
218 83
218 85
218 92
218 96
218 101
218 104
218 109
218 110
218 113
218 117
218 121
218 122
218 126
218 129
218 130
218 137
218 140
218 149
218 150
218 155
218 160
218 161
218 165
218 173
218 181
218 183
218 190
218 192
218 198
218 199
218 204
218 210
218 215
218 216
218 218
218 219
218 229
218 232
218 241
218 246
218 248
219 1
219 6
219 10
219 14
219 15
219 21
219 23
219 27
219 29
219 32
219 34
219 51
219 53
219 54
219 59
219 60
219 68
219 71
219 72
219 76
219 80
219 83
219 87
219 89
219 90
219 91
219 93
219 112
219 138
219 140
219 145
219 153
219 156
219 158
219 163
219 164
219 165
219 179
219 181
219 182
219 185
219 189
219 193
219 194
219 195
219 205
219 206
219 214
219 221
219 227
219 228
219 230
219 231
219 234
219 236
219 248
220 6
220 7
220 13
220 14
220 15
220 19
220 26
220 34
220 38
220 43
220 45
220 46
220 51
220 57
220 59
220 62
220 72
220 80
220 85
220 87
220 91
220 95
220 97
220 98
220 99
220 101
220 105
220 108
220 110
220 113
220 114
220 115
220 116
220 122
220 124
220 138
220 139
220 144
220 157
220 166
220 174
220 188
220 190
220 202
220 205
220 212
220 219
220 221
220 222
220 232
220 240
221 8
221 15
221 36
221 46
221 52
221 58
221 62
221 63
221 65
221 76
221 79
221 85
221 93
221 98
221 103
221 104
221 109
221 111
221 114
221 124
221 128
221 129
221 133
221 134
221 139
221 148
221 155
221 162
221 170
221 172
221 175
221 179
221 182
221 184
221 189
221 193
221 198
221 203
221 205
221 208
221 214
221 215
221 216
221 219
221 222
221 226
221 234
221 235
221 245
221 248
222 12
222 16
222 21
222 22
222 27
222 31
222 38
222 39
222 41
222 43
222 47
222 60
222 63
222 80
222 85
222 86
222 90
222 93
222 98
222 103
222 104
222 108
222 115
222 118
222 129
222 130
222 131
222 132
222 136
222 139
222 141
222 147
222 152
222 153
222 154
222 166
222 167
222 181
222 184
222 186
222 187
222 188
222 200
222 206
222 207
222 211
222 219
222 230
223 0
223 1
223 8
223 9
223 12
223 13
223 24
223 26
223 28
223 31
223 32
223 38
223 41
223 42
223 51
223 63
223 67
223 76
223 83
223 89
223 90
223 96
223 103
223 104
223 106
223 114
223 115
223 123
223 127
223 136
223 140
223 144
223 147
223 148
223 152
223 155
223 159
223 170
223 174
223 179
223 182
223 186
223 195
223 197
223 220
223 221
223 229
223 231
223 243
223 247
223 248
224 0
224 1
224 8
224 11
224 12
224 16
224 18
224 33
224 42
224 46
224 55
224 61
224 72
224 85
224 95
224 97
224 108
224 109
224 117
224 122
224 127
224 130
224 134
224 136
224 140
224 142
224 143
224 146
224 152
224 153
224 158
224 162
224 164
224 172
224 175
224 177
224 178
224 182
224 189
224 202
224 203
224 204
224 207
224 209
224 236
224 241
224 242
224 243
224 247
224 248
224 249
225 1
225 6
225 7
225 10
225 11
225 26
225 29
225 37
225 40
225 43
225 46
225 55
225 60
225 61
225 65
225 66
225 70
225 71
225 83
225 84
225 87
225 91
225 99
225 118
225 122
225 124
225 129
225 143
225 151
225 155
225 156
225 175
225 188
225 189
225 191
225 193
225 201
225 202
225 204
225 212
225 216
225 218
225 222
225 227
225 228
225 231
225 242
225 244
225 248
226 2
226 10
226 13
226 18
226 21
226 24
226 28
226 29
226 31
226 33
226 37
226 38
226 40
226 47
226 51
226 57
226 58
226 62
226 70
226 81
226 89
226 91
226 104
226 110
226 124
226 134
226 136
226 138
226 140
226 147
226 151
226 154
226 156
226 157
226 160
226 162
226 173
226 185
226 186
226 187
226 189
226 190
226 196
226 213
226 214
226 219
226 231
226 232
226 234
226 235
226 247
227 0
227 1
227 2
227 21
227 24
227 42
227 44
227 48
227 50
227 58
227 63
227 67
227 73
227 74
227 76
227 79
227 82
227 87
227 95
227 103
227 105
227 108
227 109
227 114
227 116
227 120
227 130
227 149
227 153
227 154
227 158
227 168
227 172
227 176
227 179
227 180
227 182
227 187
227 190
227 194
227 198
227 208
227 209
227 214
227 218
227 220
227 221
227 228
227 230
227 236
227 239
227 243
227 245
228 1
228 10
228 18
228 20
228 23
228 24
228 27
228 41
228 42
228 47
228 50
228 54
228 65
228 68
228 76
228 79
228 81
228 83
228 89
228 96
228 101
228 103
228 105
228 106
228 115
228 119
228 121
228 122
228 123
228 132
228 133
228 134
228 135
228 140
228 143
228 148
228 157
228 164
228 168
228 192
228 195
228 208
228 213
228 216
228 219
228 224
228 227
228 239
229 1
229 2
229 4
229 5
229 7
229 8
229 16
229 25
229 26
229 33
229 40
229 42
229 48
229 49
229 51
229 53
229 57
229 58
229 60
229 63
229 76
229 78
229 85
229 87
229 108
229 113
229 117
229 121
229 125
229 130
229 135
229 141
229 142
229 143
229 145
229 150
229 156
229 157
229 162
229 166
229 185
229 186
229 188
229 204
229 221
229 223
229 234
229 242
229 248
230 5
230 7
230 8
230 9
230 13
230 14
230 15
230 17
230 18
230 20
230 25
230 27
230 29
230 30
230 34
230 35
230 37
230 41
230 55
230 57
230 60
230 63
230 68
230 69
230 103
230 104
230 110
230 123
230 128
230 129
230 143
230 148
230 149
230 155
230 156
230 158
230 159
230 166
230 174
230 182
230 183
230 195
230 196
230 199
230 210
230 214
230 218
230 230
230 231
230 233
230 246
230 247
231 1
231 2
231 6
231 11
231 12
231 15
231 16
231 21
231 22
231 23
231 33
231 34
231 49
231 50
231 52
231 55
231 60
231 64
231 65
231 69
231 73
231 85
231 89
231 95
231 99
231 100
231 102
231 103
231 119
231 129
231 133
231 140
231 145
231 146
231 164
231 170
231 171
231 174
231 197
231 205
231 207
231 213
231 216
231 230
231 233
231 240
231 246
231 247
232 0
232 4
232 14
232 21
232 25
232 30
232 33
232 38
232 41
232 45
232 46
232 57
232 60
232 62
232 63
232 65
232 69
232 77
232 82
232 84
232 88
232 97
232 106
232 115
232 117
232 120
232 127
232 136
232 141
232 145
232 154
232 161
232 179
232 186
232 187
232 191
232 196
232 203
232 208
232 216
232 219
232 221
232 223
232 231
232 232
232 237
232 242
232 243
233 1
233 9
233 11
233 41
233 44
233 52
233 66
233 70
233 71
233 84
233 85
233 90
233 101
233 103
233 104
233 105
233 109
233 114
233 117
233 118
233 120
233 124
233 132
233 134
233 135
233 144
233 145
233 153
233 156
233 161
233 162
233 169
233 170
233 175
233 176
233 184
233 188
233 191
233 193
233 194
233 198
233 201
233 203
233 212
233 213
233 214
233 217
233 219
233 227
233 244
233 246
234 0
234 6
234 7
234 8
234 9
234 13
234 21
234 35
234 46
234 48
234 53
234 58
234 62
234 67
234 72
234 74
234 77
234 81
234 95
234 102
234 104
234 105
234 116
234 124
234 133
234 136
234 137
234 138
234 145
234 156
234 157
234 161
234 164
234 166
234 167
234 169
234 183
234 184
234 187
234 199
234 200
234 223
234 235
234 238
234 241
235 1
235 9
235 10
235 14
235 19
235 20
235 26
235 27
235 30
235 31
235 35
235 36
235 38
235 41
235 42
235 47
235 52
235 56
235 61
235 63
235 71
235 84
235 85
235 90
235 97
235 98
235 108
235 109
235 110
235 113
235 117
235 122
235 127
235 135
235 142
235 149
235 150
235 152
235 166
235 171
235 187
235 189
235 193
235 196
235 197
235 201
235 203
235 204
235 206
235 211
235 214
235 219
235 221
235 222
235 227
235 228
235 234
235 235
235 237
235 238
235 241
235 246
236 0
236 1
236 3
236 11
236 15
236 16
236 25
236 30
236 48
236 51
236 57
236 61
236 69
236 73
236 75
236 80
236 86
236 93
236 96
236 108
236 112
236 113
236 114
236 116
236 120
236 121
236 130
236 133
236 140
236 145
236 153
236 154
236 157
236 162
236 168
236 170
236 177
236 189
236 190
236 193
236 197
236 201
236 203
236 204
236 211
236 215
236 216
236 218
236 220
236 222
236 225
236 228
236 236
236 239
236 241
236 246
237 0
237 1
237 4
237 12
237 13
237 15
237 25
237 29
237 31
237 38
237 40
237 48
237 50
237 53
237 56
237 66
237 70
237 74
237 75
237 89
237 91
237 95
237 98
237 100
237 106
237 112
237 115
237 118
237 119
237 121
237 122
237 124
237 125
237 130
237 133
237 137
237 139
237 145
237 155
237 160
237 166
237 168
237 176
237 197
237 205
237 211
237 212
237 215
237 219
237 220
237 231
237 232
237 235
237 239
237 243
237 245
237 249
238 8
238 13
238 34
238 43
238 45
238 46
238 48
238 63
238 67
238 69
238 72
238 88
238 89
238 97
238 99
238 105
238 119
238 123
238 127
238 130
238 134
238 136
238 138
238 145
238 160
238 166
238 170
238 171
238 178
238 181
238 185
238 187
238 189
238 192
238 206
238 207
238 215
238 219
238 224
238 233
238 235
238 237
238 246
238 249
239 11
239 14
239 27
239 29
239 44
239 45
239 54
239 59
239 88
239 89
239 90
239 97
239 100
239 104
239 119
239 125
239 133
239 134
239 135
239 137
239 147
239 159
239 161
239 165
239 166
239 170
239 172
239 184
239 192
239 193
239 195
239 196
239 215
239 218
239 219
239 223
239 227
239 228
239 243
239 245
239 246
239 249
240 1
240 2
240 5
240 6
240 9
240 10
240 15
240 21
240 23
240 36
240 37
240 38
240 40
240 48
240 49
240 50
240 52
240 59
240 69
240 74
240 83
240 85
240 89
240 92
240 104
240 107
240 114
240 116
240 117
240 124
240 137
240 139
240 141
240 145
240 146
240 150
240 151
240 155
240 171
240 172
240 180
240 182
240 183
240 186
240 189
240 191
240 197
240 199
240 201
240 204
240 205
240 206
240 207
240 211
240 213
240 215
240 216
240 218
240 222
240 237
240 238
240 247
240 248
241 2
241 7
241 15
241 17
241 19
241 22
241 43
241 46
241 52
241 54
241 57
241 58
241 63
241 69
241 84
241 85
241 90
241 93
241 108
241 113
241 116
241 127
241 130
241 131
241 132
241 135
241 148
241 161
241 164
241 171
241 172
241 177
241 180
241 182
241 184
241 192
241 194
241 199
241 206
241 224
241 235
241 236
241 248
242 1
242 5
242 9
242 11
242 24
242 28
242 45
242 47
242 55
242 58
242 60
242 62
242 64
242 67
242 74
242 78
242 79
242 86
242 87
242 88
242 89
242 91
242 100
242 106
242 108
242 115
242 116
242 117
242 118
242 122
242 131
242 134
242 142
242 144
242 154
242 155
242 171
242 174
242 212
242 214
242 225
242 226
242 230
242 235
242 244
242 246
243 11
243 24
243 26
243 28
243 34
243 42
243 43
243 48
243 60
243 71
243 75
243 78
243 82
243 85
243 90
243 92
243 94
243 96
243 101
243 113
243 119
243 133
243 137
243 140
243 145
243 155
243 158
243 160
243 166
243 170
243 176
243 180
243 187
243 193
243 198
243 199
243 200
243 202
243 204
243 205
243 209
243 214
243 220
243 236
243 245
243 249
244 0
244 2
244 3
244 9
244 10
244 18
244 21
244 26
244 43
244 45
244 51
244 52
244 53
244 54
244 59
244 66
244 67
244 71
244 79
244 95
244 96
244 118
244 119
244 120
244 123
244 131
244 132
244 146
244 147
244 151
244 158
244 165
244 166
244 179
244 190
244 193
244 198
244 214
244 221
244 237
244 239
244 245
244 247
245 0
245 6
245 15
245 16
245 18
245 29
245 30
245 37
245 42
245 43
245 47
245 48
245 51
245 52
245 58
245 59
245 66
245 68
245 73
245 79
245 80
245 83
245 89
245 93
245 94
245 100
245 119
245 125
245 127
245 137
245 146
245 147
245 150
245 153
245 157
245 161
245 162
245 165
245 168
245 174
245 176
245 177
245 178
245 181
245 189
245 191
245 193
245 198
245 199
245 214
245 215
245 217
245 218
245 227
245 232
245 237
245 243
245 246
246 0
246 22
246 29
246 35
246 52
246 59
246 60
246 62
246 65
246 67
246 77
246 83
246 90
246 95
246 98
246 99
246 100
246 104
246 108
246 110
246 112
246 116
246 124
246 125
246 126
246 135
246 141
246 142
246 148
246 149
246 153
246 154
246 160
246 162
246 163
246 167
246 170
246 174
246 175
246 185
246 188
246 190
246 196
246 199
246 202
246 204
246 207
246 213
246 216
246 217
246 218
246 219
246 223
246 228
246 239
247 6
247 8
247 11
247 13
247 17
247 20
247 22
247 29
247 30
247 37
247 43
247 44
247 46
247 52
247 60
247 79
247 82
247 86
247 88
247 91
247 92
247 102
247 126
247 133
247 137
247 139
247 142
247 147
247 150
247 151
247 157
247 160
247 170
247 173
247 183
247 185
247 188
247 189
247 202
247 203
247 210
247 211
247 213
247 219
247 221
247 227
247 232
247 233
247 235
247 239
248 0
248 8
248 16
248 19
248 28
248 30
248 32
248 38
248 48
248 61
248 62
248 67
248 68
248 78
248 86
248 92
248 110
248 113
248 114
248 116
248 122
248 129
248 136
248 145
248 147
248 167
248 210
248 211
248 215
248 223
248 237
248 238
248 241
248 247
249 0
249 5
249 22
249 24
249 27
249 35
249 40
249 45
249 49
249 55
249 59
249 60
249 71
249 75
249 86
249 89
249 94
249 96
249 102
249 106
249 110
249 112
249 116
249 125
249 131
249 140
249 144
249 145
249 147
249 149
249 163
249 168
249 183
249 187
249 193
249 196
249 200
249 207
249 213
249 214
249 219
249 221
249 225
249 227
249 231
249 236
249 241
249 246
