40
320
0 1
0 10
0 24
0 26
0 28
0 32
1 1
1 3
1 5
1 7
1 18
1 26
1 28
1 32
2 6
2 10
2 12
2 14
2 20
2 26
2 28
3 14
3 28
3 30
3 33
3 34
3 39
4 2
4 4
4 11
4 12
4 20
4 22
4 32
5 4
5 5
5 8
5 16
5 24
5 31
5 38
6 1
6 3
6 4
6 5
6 9
6 11
6 12
6 16
6 19
6 20
6 26
6 27
6 34
6 36
7 3
7 5
7 8
7 11
7 18
7 20
7 28
7 30
7 34
8 4
8 7
8 11
8 14
8 25
8 34
9 0
9 8
9 9
9 10
9 15
9 17
9 19
9 20
9 39
10 2
10 3
10 4
10 5
10 8
10 10
10 20
10 24
10 26
10 29
10 30
10 31
10 38
11 9
11 10
11 13
11 18
11 19
11 27
11 33
12 1
12 12
12 17
12 22
12 23
12 31
12 32
12 34
13 4
13 12
13 14
13 19
13 22
13 24
13 27
13 39
14 0
14 6
14 21
14 27
14 30
15 2
15 3
15 4
15 5
15 16
15 17
15 18
15 20
15 21
15 22
15 28
15 33
15 36
16 12
16 16
16 18
16 28
16 32
16 34
16 35
17 8
17 19
17 20
17 22
17 23
17 24
17 37
18 6
18 7
18 11
18 24
18 29
18 35
18 36
19 1
19 4
19 7
19 8
19 13
19 14
19 15
19 18
19 28
19 31
19 36
20 7
20 14
20 16
20 18
20 30
20 32
21 0
21 7
21 16
21 17
21 18
21 22
21 23
21 28
21 29
21 30
21 31
21 34
21 39
22 8
22 9
22 10
22 12
22 13
22 20
22 30
22 33
22 39
23 0
23 6
23 9
23 10
23 15
23 18
23 20
23 21
23 30
24 3
24 14
24 28
24 29
24 33
24 34
25 0
25 10
25 22
25 25
25 31
25 35
26 13
26 15
26 18
26 28
27 5
27 7
27 19
27 20
27 26
27 29
27 30
27 36
27 39
28 2
28 3
28 4
28 6
28 7
28 10
28 13
28 19
28 24
28 26
28 29
28 31
28 34
28 38
29 1
29 3
29 12
29 13
29 20
29 21
29 25
29 28
29 29
29 32
30 0
30 2
30 8
30 14
30 15
30 27
30 35
30 37
31 1
31 3
31 5
31 13
31 14
31 17
31 19
31 20
31 22
31 39
32 0
32 14
32 32
32 36
33 1
33 19
33 21
33 22
33 23
33 35
33 37
34 4
34 5
34 13
34 14
35 9
35 11
35 19
35 20
35 28
35 29
35 30
35 35
35 37
36 0
36 2
36 3
36 4
36 11
36 24
36 31
37 0
37 2
37 4
37 18
37 25
37 27
37 33
37 34
37 39
38 8
38 12
38 13
38 18
38 26
38 31
38 36
39 18
39 25
39 29
39 32
