110
2420
0 3
0 4
0 7
0 9
0 14
0 18
0 20
0 25
0 31
0 42
0 43
0 45
0 47
0 58
0 59
0 65
0 68
0 72
0 78
0 80
0 81
0 88
0 89
0 91
0 100
0 103
0 104
1 7
1 16
1 27
1 32
1 34
1 39
1 47
1 52
1 59
1 70
1 76
1 82
1 83
1 89
1 100
1 101
1 105
2 0
2 8
2 17
2 23
2 32
2 33
2 36
2 40
2 45
2 54
2 60
2 67
2 71
2 75
2 78
2 80
2 91
2 96
2 100
2 109
3 3
3 5
3 8
3 16
3 18
3 20
3 23
3 31
3 33
3 37
3 50
3 56
3 58
3 60
3 61
3 66
3 69
3 75
3 82
3 88
3 91
3 93
3 94
3 95
3 105
3 109
4 4
4 5
4 8
4 14
4 17
4 22
4 23
4 24
4 27
4 28
4 29
4 31
4 33
4 42
4 43
4 53
4 54
4 66
4 77
4 83
4 85
4 94
4 96
4 101
4 108
5 3
5 10
5 15
5 20
5 22
5 27
5 28
5 37
5 56
5 61
5 68
5 70
5 78
5 79
5 83
5 93
5 97
5 103
5 107
6 15
6 18
6 22
6 26
6 28
6 31
6 41
6 47
6 48
6 53
6 55
6 56
6 69
6 70
6 72
6 74
6 78
6 83
6 86
6 87
6 91
6 92
6 98
6 104
6 106
7 0
7 2
7 3
7 5
7 8
7 9
7 11
7 16
7 17
7 18
7 19
7 22
7 24
7 46
7 50
7 60
7 62
7 67
7 68
7 71
7 75
7 84
7 86
7 88
7 103
7 105
7 109
8 1
8 9
8 14
8 15
8 18
8 29
8 32
8 34
8 39
8 45
8 52
8 54
8 56
8 64
8 68
8 70
8 71
8 75
8 78
8 89
8 95
8 102
8 103
8 105
8 107
9 3
9 4
9 6
9 13
9 14
9 26
9 30
9 35
9 40
9 52
9 55
9 58
9 61
9 66
9 67
9 69
9 78
9 81
9 92
9 93
9 96
9 98
9 100
9 109
10 2
10 20
10 25
10 26
10 29
10 30
10 31
10 32
10 34
10 43
10 44
10 45
10 47
10 65
10 67
10 69
10 79
10 87
10 88
10 100
10 101
10 102
10 108
10 109
11 2
11 5
11 8
11 9
11 21
11 22
11 36
11 39
11 41
11 52
11 53
11 59
11 66
11 68
11 71
11 72
11 80
11 83
11 84
11 92
11 98
11 102
11 106
11 108
12 7
12 14
12 16
12 18
12 24
12 29
12 31
12 40
12 47
12 50
12 58
12 59
12 60
12 66
12 69
12 71
12 79
12 84
12 92
12 94
12 95
12 98
12 106
12 107
13 16
13 31
13 38
13 43
13 44
13 48
13 49
13 56
13 57
13 63
13 64
13 75
13 76
13 81
13 95
13 97
13 102
13 103
13 105
13 106
14 5
14 16
14 18
14 24
14 29
14 32
14 35
14 42
14 46
14 53
14 59
14 67
14 71
14 79
14 84
14 91
14 94
14 102
14 104
14 107
14 109
15 1
15 2
15 16
15 24
15 26
15 40
15 57
15 59
15 64
15 69
15 73
15 85
15 94
15 95
15 96
15 98
15 103
15 104
15 106
16 11
16 17
16 24
16 25
16 26
16 31
16 32
16 33
16 36
16 40
16 46
16 50
16 55
16 57
16 77
16 92
16 97
16 105
17 0
17 6
17 12
17 14
17 18
17 25
17 31
17 45
17 50
17 54
17 57
17 58
17 62
17 64
17 65
17 74
17 75
17 80
17 87
17 103
17 107
18 0
18 6
18 7
18 17
18 20
18 23
18 25
18 33
18 38
18 45
18 49
18 56
18 63
18 66
18 69
18 70
18 76
18 78
18 80
18 83
18 84
18 89
18 93
18 102
18 105
18 108
19 2
19 3
19 13
19 18
19 19
19 22
19 44
19 45
19 47
19 48
19 58
19 60
19 62
19 71
19 73
19 75
19 93
19 95
19 102
20 2
20 3
20 4
20 11
20 14
20 21
20 34
20 37
20 54
20 56
20 58
20 67
20 77
20 81
20 84
20 86
20 89
21 28
21 29
21 30
21 35
21 47
21 51
21 52
21 54
21 64
21 70
21 76
21 79
21 88
21 90
21 104
21 108
21 109
22 4
22 6
22 9
22 11
22 12
22 13
22 14
22 16
22 17
22 18
22 20
22 21
22 22
22 33
22 38
22 45
22 47
22 50
22 51
22 61
22 71
22 77
22 78
22 84
22 88
22 97
22 108
22 109
23 5
23 8
23 11
23 25
23 29
23 37
23 52
23 53
23 57
23 60
23 61
23 65
23 90
23 103
23 104
24 0
24 4
24 13
24 23
24 30
24 38
24 44
24 46
24 48
24 51
24 53
24 58
24 63
24 67
24 68
24 71
24 79
24 87
24 88
24 101
24 108
25 0
25 3
25 7
25 8
25 23
25 26
25 50
25 56
25 57
25 59
25 66
25 70
25 89
25 90
25 94
25 96
25 103
25 105
26 1
26 12
26 14
26 31
26 33
26 38
26 41
26 45
26 47
26 49
26 50
26 53
26 56
26 57
26 58
26 65
26 73
26 81
27 4
27 6
27 8
27 9
27 12
27 14
27 15
27 19
27 28
27 29
27 34
27 39
27 42
27 49
27 50
27 72
27 74
27 77
27 78
27 79
27 82
27 94
27 102
28 0
28 5
28 11
28 12
28 14
28 16
28 32
28 33
28 41
28 45
28 49
28 53
28 55
28 58
28 62
28 63
28 64
28 74
28 75
28 90
28 97
28 101
28 109
29 3
29 6
29 9
29 10
29 14
29 17
29 22
29 23
29 28
29 33
29 36
29 41
29 46
29 50
29 57
29 61
29 64
29 68
29 74
29 75
29 81
29 82
29 103
29 104
30 1
30 5
30 26
30 29
30 34
30 36
30 42
30 47
30 51
30 54
30 72
30 74
30 76
30 81
30 84
30 85
30 87
30 97
30 98
30 104
30 108
31 6
31 9
31 15
31 20
31 22
31 27
31 30
31 39
31 45
31 46
31 49
31 66
31 77
31 93
31 95
31 105
32 3
32 7
32 28
32 40
32 45
32 46
32 63
32 64
32 65
32 73
32 74
32 76
32 78
32 79
32 81
32 84
32 85
32 87
32 105
33 5
33 6
33 11
33 15
33 20
33 23
33 25
33 28
33 29
33 30
33 41
33 51
33 53
33 59
33 65
33 73
33 74
33 75
33 85
33 89
33 100
33 105
33 107
34 15
34 23
34 38
34 41
34 51
34 56
34 67
34 68
34 80
34 91
34 92
34 93
34 94
34 95
34 96
34 100
34 101
34 102
35 3
35 4
35 13
35 22
35 30
35 35
35 47
35 51
35 60
35 63
35 69
35 72
35 78
35 82
35 87
35 99
35 102
35 107
36 1
36 14
36 25
36 42
36 58
36 62
36 70
36 73
36 78
36 79
36 83
36 88
37 2
37 13
37 16
37 19
37 21
37 22
37 24
37 28
37 32
37 34
37 36
37 37
37 38
37 39
37 43
37 52
37 53
37 54
37 60
37 75
37 89
37 90
37 95
37 96
37 97
37 98
38 1
38 8
38 11
38 14
38 15
38 20
38 23
38 30
38 32
38 33
38 36
38 38
38 41
38 43
38 48
38 49
38 59
38 65
38 71
38 85
38 93
38 94
38 98
39 7
39 8
39 20
39 29
39 33
39 47
39 52
39 62
39 63
39 87
39 94
39 95
39 97
39 102
39 104
40 2
40 6
40 7
40 8
40 11
40 29
40 49
40 56
40 61
40 62
40 69
40 75
40 78
40 81
40 94
40 99
40 101
41 2
41 7
41 16
41 18
41 24
41 25
41 26
41 28
41 35
41 43
41 49
41 61
41 65
41 67
41 68
41 70
41 78
41 80
41 82
41 83
41 88
41 90
41 92
41 100
41 103
41 108
42 2
42 6
42 9
42 13
42 23
42 27
42 29
42 34
42 35
42 39
42 42
42 45
42 46
42 48
42 53
42 56
42 57
42 62
42 64
42 71
42 72
42 91
42 92
42 100
42 103
42 107
42 108
43 3
43 5
43 11
43 19
43 22
43 37
43 39
43 41
43 44
43 45
43 58
43 63
43 69
43 70
43 74
43 84
43 87
43 88
43 89
43 104
43 105
43 108
44 3
44 10
44 11
44 13
44 15
44 16
44 24
44 30
44 40
44 42
44 50
44 51
44 69
44 72
44 82
44 84
44 91
44 98
44 101
44 102
44 103
44 107
45 0
45 2
45 4
45 9
45 17
45 18
45 21
45 24
45 25
45 31
45 33
45 36
45 37
45 39
45 50
45 52
45 56
45 68
45 70
45 78
45 80
45 81
45 82
45 91
45 104
45 105
46 1
46 3
46 6
46 11
46 13
46 14
46 22
46 26
46 36
46 46
46 48
46 54
46 55
46 56
46 61
46 81
46 87
46 106
46 108
47 0
47 5
47 10
47 11
47 12
47 14
47 15
47 17
47 22
47 38
47 39
47 50
47 65
47 67
47 75
47 77
47 87
47 95
47 98
47 106
48 0
48 3
48 4
48 12
48 19
48 21
48 26
48 29
48 34
48 38
48 43
48 47
48 48
48 52
48 53
48 64
48 67
48 72
48 80
48 81
48 94
48 96
48 97
48 103
49 2
49 3
49 9
49 13
49 15
49 21
49 26
49 27
49 30
49 33
49 49
49 50
49 52
49 56
49 64
49 68
49 73
49 74
49 81
49 91
49 93
50 1
50 3
50 11
50 15
50 17
50 19
50 22
50 31
50 35
50 37
50 42
50 45
50 48
50 50
50 54
50 67
50 71
50 73
50 79
50 81
50 89
50 90
50 94
50 109
51 2
51 7
51 9
51 11
51 12
51 25
51 31
51 42
51 44
51 45
51 46
51 53
51 56
51 58
51 67
51 69
51 72
51 74
51 80
51 84
51 86
51 104
51 108
52 2
52 3
52 7
52 12
52 16
52 20
52 23
52 24
52 28
52 29
52 45
52 52
52 63
52 64
52 67
52 75
52 76
52 87
52 94
52 103
53 2
53 3
53 10
53 12
53 13
53 14
53 15
53 20
53 26
53 32
53 39
53 40
53 42
53 43
53 47
53 51
53 54
53 68
53 69
53 74
53 75
53 84
53 91
53 99
53 100
54 2
54 15
54 17
54 19
54 24
54 31
54 33
54 35
54 38
54 42
54 51
54 56
54 64
54 72
54 74
54 79
54 82
54 84
54 85
54 89
54 91
54 92
54 96
54 98
55 2
55 3
55 8
55 18
55 24
55 30
55 33
55 40
55 43
55 51
55 52
55 56
55 63
55 67
55 68
55 72
55 85
55 91
55 94
55 100
55 107
56 4
56 12
56 32
56 33
56 35
56 39
56 44
56 50
56 52
56 65
56 69
56 71
56 75
56 79
56 81
56 83
56 85
56 90
56 91
56 100
56 105
56 108
57 2
57 8
57 10
57 19
57 23
57 24
57 26
57 30
57 39
57 44
57 49
57 51
57 55
57 56
57 57
57 64
57 73
57 76
57 81
57 84
57 86
57 98
57 99
57 101
58 0
58 4
58 9
58 30
58 35
58 38
58 53
58 59
58 67
58 74
58 84
58 101
58 106
59 13
59 15
59 22
59 26
59 30
59 37
59 48
59 49
59 51
59 60
59 64
59 67
59 68
59 79
59 92
59 99
59 105
60 1
60 3
60 5
60 17
60 18
60 19
60 26
60 30
60 32
60 39
60 44
60 47
60 53
60 58
60 62
60 65
60 72
60 80
60 82
60 88
60 92
61 2
61 7
61 8
61 11
61 13
61 15
61 18
61 28
61 29
61 30
61 38
61 42
61 58
61 62
61 66
61 68
61 80
61 81
61 84
61 88
61 89
61 90
61 94
61 101
62 4
62 12
62 18
62 21
62 40
62 41
62 42
62 48
62 54
62 55
62 64
62 68
62 70
62 71
62 72
62 74
62 83
62 85
62 91
62 92
62 98
62 102
62 103
62 105
62 107
62 109
63 5
63 6
63 9
63 12
63 22
63 24
63 29
63 30
63 32
63 34
63 35
63 38
63 50
63 56
63 58
63 62
63 63
63 65
63 66
63 84
63 88
63 94
63 97
63 107
64 17
64 18
64 22
64 35
64 51
64 53
64 58
64 59
64 67
64 70
64 71
64 73
64 76
64 78
64 79
64 80
64 83
64 96
64 102
64 107
64 108
65 8
65 9
65 12
65 15
65 20
65 23
65 44
65 53
65 58
65 63
65 71
65 72
65 76
65 80
65 82
65 91
65 101
65 106
66 26
66 31
66 41
66 42
66 46
66 50
66 56
66 59
66 72
66 78
66 80
66 97
66 99
66 106
66 108
67 7
67 9
67 16
67 17
67 22
67 25
67 27
67 28
67 29
67 40
67 42
67 43
67 44
67 46
67 56
67 58
67 59
67 60
67 61
67 63
67 64
67 65
67 77
67 80
67 87
67 91
67 96
67 103
68 1
68 4
68 5
68 12
68 14
68 15
68 18
68 23
68 29
68 32
68 34
68 35
68 36
68 40
68 45
68 47
68 48
68 49
68 53
68 57
68 58
68 66
68 67
68 83
68 85
68 87
68 95
68 96
68 97
68 98
69 0
69 1
69 2
69 20
69 24
69 28
69 33
69 41
69 42
69 50
69 57
69 65
69 68
69 74
69 78
69 84
69 88
69 91
69 92
69 93
70 1
70 3
70 12
70 14
70 16
70 18
70 25
70 28
70 34
70 42
70 45
70 50
70 51
70 56
70 62
70 63
70 67
70 68
70 69
70 73
70 76
70 82
70 87
70 89
70 90
70 97
70 101
71 1
71 3
71 6
71 10
71 13
71 21
71 25
71 39
71 41
71 45
71 47
71 56
71 61
71 70
71 74
71 80
71 81
71 84
71 104
71 105
71 108
72 0
72 4
72 7
72 23
72 24
72 28
72 30
72 35
72 40
72 44
72 58
72 64
72 67
72 69
72 71
72 74
72 75
72 77
72 78
72 79
72 88
72 95
72 101
72 106
72 107
73 0
73 7
73 9
73 10
73 20
73 22
73 24
73 25
73 29
73 38
73 39
73 41
73 44
73 49
73 50
73 54
73 58
73 62
73 64
73 65
73 67
73 73
73 81
73 84
73 86
73 87
73 90
73 106
74 8
74 10
74 15
74 26
74 45
74 54
74 56
74 62
74 66
74 72
74 81
74 84
74 90
74 91
74 96
74 97
74 102
74 106
74 108
75 8
75 14
75 15
75 22
75 25
75 29
75 31
75 42
75 45
75 48
75 52
75 53
75 56
75 57
75 64
75 71
75 74
75 76
75 80
75 83
75 85
75 88
75 92
75 96
75 107
76 15
76 20
76 22
76 26
76 29
76 34
76 39
76 40
76 46
76 49
76 51
76 55
76 64
76 68
76 72
76 74
76 80
76 83
76 86
76 102
76 107
76 108
77 1
77 3
77 5
77 23
77 38
77 43
77 44
77 46
77 53
77 54
77 59
77 63
77 66
77 68
77 74
77 75
77 79
77 80
77 83
77 88
77 90
77 91
77 98
77 99
77 103
77 108
78 0
78 6
78 9
78 10
78 11
78 12
78 17
78 46
78 59
78 72
78 83
78 89
78 90
78 101
78 105
79 1
79 5
79 7
79 8
79 10
79 12
79 17
79 35
79 50
79 51
79 54
79 56
79 63
79 70
79 71
79 72
79 76
79 77
79 79
79 80
79 86
79 92
79 93
79 103
80 10
80 13
80 16
80 24
80 31
80 42
80 43
80 46
80 54
80 60
80 66
80 67
80 72
80 73
80 80
80 84
80 90
80 98
80 99
80 100
80 101
81 22
81 23
81 26
81 37
81 40
81 41
81 45
81 50
81 69
81 71
81 83
81 84
81 88
81 92
81 98
82 4
82 16
82 17
82 20
82 21
82 22
82 26
82 27
82 30
82 37
82 41
82 45
82 53
82 61
82 63
82 65
82 66
82 67
82 69
82 70
82 72
82 79
82 80
82 82
82 83
82 86
82 88
82 92
82 101
82 106
82 108
83 0
83 5
83 11
83 14
83 21
83 25
83 38
83 39
83 41
83 50
83 58
83 60
83 62
83 63
83 65
83 71
83 91
83 93
83 99
83 105
83 106
84 9
84 10
84 17
84 22
84 37
84 42
84 46
84 48
84 55
84 61
84 62
84 68
84 72
84 73
84 79
84 82
84 85
84 87
84 89
84 92
84 95
85 3
85 8
85 13
85 15
85 16
85 25
85 33
85 34
85 36
85 45
85 47
85 52
85 53
85 59
85 62
85 66
85 67
85 72
85 83
85 84
85 86
85 94
85 99
85 102
85 109
86 0
86 1
86 8
86 10
86 15
86 19
86 32
86 41
86 43
86 48
86 50
86 52
86 59
86 69
86 77
86 85
86 94
86 103
86 105
87 2
87 5
87 14
87 28
87 30
87 33
87 43
87 45
87 47
87 53
87 54
87 56
87 62
87 70
87 72
87 79
87 81
87 85
87 89
87 90
87 94
87 97
87 98
87 100
87 107
87 108
88 1
88 7
88 9
88 10
88 16
88 20
88 26
88 28
88 32
88 35
88 40
88 45
88 46
88 48
88 49
88 53
88 58
88 66
88 72
88 78
88 92
88 102
89 11
89 12
89 14
89 20
89 25
89 28
89 30
89 31
89 36
89 57
89 62
89 70
89 76
89 81
89 84
89 88
89 89
89 90
89 95
89 97
90 5
90 7
90 12
90 14
90 18
90 19
90 24
90 32
90 33
90 37
90 38
90 39
90 40
90 42
90 43
90 48
90 50
90 55
90 60
90 66
90 78
90 82
90 88
90 93
90 96
90 99
91 0
91 1
91 9
91 16
91 20
91 25
91 27
91 28
91 29
91 34
91 78
91 79
91 83
91 91
91 92
91 96
91 99
91 101
91 108
91 109
92 12
92 13
92 20
92 22
92 23
92 35
92 40
92 41
92 47
92 50
92 51
92 61
92 63
92 64
92 66
92 71
92 75
92 76
92 101
92 102
92 107
92 108
93 6
93 14
93 17
93 25
93 29
93 35
93 42
93 44
93 46
93 49
93 50
93 51
93 54
93 56
93 60
93 61
93 62
93 66
93 69
93 80
93 85
93 98
93 100
93 101
93 103
93 109
94 7
94 8
94 9
94 13
94 20
94 24
94 28
94 29
94 32
94 37
94 41
94 42
94 44
94 45
94 50
94 53
94 54
94 56
94 59
94 65
94 83
94 86
94 88
94 91
94 93
94 96
94 99
94 103
94 108
95 0
95 9
95 27
95 30
95 38
95 45
95 51
95 53
95 55
95 69
95 74
95 76
95 81
95 83
95 87
95 90
95 93
95 94
95 98
95 101
96 4
96 5
96 10
96 11
96 12
96 13
96 14
96 21
96 23
96 27
96 32
96 35
96 39
96 41
96 49
96 64
96 66
96 71
96 73
96 80
96 83
96 90
96 91
96 92
96 98
96 102
97 10
97 11
97 12
97 13
97 23
97 30
97 32
97 42
97 45
97 48
97 52
97 61
97 64
97 68
97 74
97 84
97 86
97 87
97 96
97 104
97 105
97 108
98 3
98 8
98 9
98 12
98 24
98 28
98 40
98 42
98 47
98 52
98 57
98 58
98 64
98 74
98 82
98 83
98 85
98 90
98 99
98 102
98 104
98 109
99 4
99 10
99 17
99 26
99 28
99 29
99 32
99 38
99 45
99 46
99 48
99 50
99 58
99 61
99 62
99 65
99 67
99 69
99 74
99 75
99 78
99 81
99 88
99 99
99 103
99 104
99 108
100 1
100 4
100 10
100 13
100 34
100 40
100 44
100 45
100 46
100 64
100 67
100 68
100 76
100 86
100 89
100 93
100 105
100 108
101 0
101 2
101 3
101 10
101 19
101 36
101 38
101 40
101 51
101 53
101 61
101 69
101 71
101 79
101 80
101 90
101 91
101 92
101 93
101 104
102 4
102 5
102 14
102 19
102 29
102 30
102 35
102 36
102 38
102 39
102 44
102 54
102 55
102 62
102 67
102 70
102 73
102 76
102 77
102 87
102 90
102 94
102 97
102 100
102 109
103 5
103 6
103 9
103 36
103 38
103 40
103 56
103 70
103 72
103 76
103 77
103 81
103 82
103 84
103 87
103 91
103 94
103 98
103 103
104 3
104 8
104 10
104 11
104 12
104 27
104 29
104 30
104 41
104 44
104 47
104 48
104 49
104 50
104 52
104 65
104 79
104 87
104 94
104 104
104 105
105 1
105 15
105 18
105 27
105 30
105 33
105 40
105 44
105 48
105 57
105 68
105 76
105 77
105 79
105 80
105 85
105 86
105 96
105 100
106 15
106 20
106 21
106 31
106 36
106 43
106 44
106 45
106 51
106 68
106 77
106 78
106 81
106 84
106 89
106 91
106 101
106 108
107 8
107 12
107 29
107 33
107 35
107 44
107 53
107 54
107 62
107 69
107 72
107 83
107 86
107 90
107 95
107 97
107 98
108 1
108 4
108 14
108 22
108 31
108 33
108 36
108 38
108 40
108 45
108 46
108 50
108 54
108 57
108 59
108 64
108 68
108 70
108 71
108 80
108 82
108 85
108 86
108 90
108 94
108 97
108 102
108 109
109 0
109 2
109 4
109 5
109 8
109 10
109 14
109 15
109 16
109 18
109 27
109 29
109 30
109 34
109 40
109 44
109 54
109 55
109 56
109 63
109 65
109 68
109 72
109 73
109 82
109 89
109 90
109 91
109 94
109 96
109 98
109 108
