170
5780
0 10
0 14
0 22
0 25
0 28
0 31
0 43
0 48
0 51
0 67
0 71
0 73
0 75
0 83
0 90
0 102
0 106
0 109
0 126
0 131
0 145
0 148
0 151
0 155
0 158
0 164
0 165
0 169
1 1
1 3
1 6
1 16
1 17
1 19
1 21
1 22
1 25
1 30
1 31
1 51
1 53
1 60
1 61
1 63
1 76
1 89
1 93
1 96
1 100
1 103
1 108
1 113
1 127
1 144
1 146
1 161
1 167
1 168
1 169
2 3
2 16
2 19
2 21
2 25
2 35
2 43
2 44
2 49
2 51
2 54
2 58
2 62
2 63
2 64
2 77
2 80
2 84
2 86
2 91
2 95
2 97
2 101
2 102
2 109
2 111
2 127
2 131
2 134
2 136
2 140
2 141
2 148
2 151
2 161
2 167
3 3
3 4
3 14
3 21
3 24
3 25
3 29
3 32
3 35
3 41
3 46
3 55
3 63
3 69
3 73
3 77
3 97
3 99
3 114
3 115
3 119
3 121
3 126
3 127
3 130
3 131
3 143
3 145
3 147
3 149
3 155
3 161
3 163
3 168
4 3
4 4
4 19
4 21
4 24
4 27
4 28
4 29
4 30
4 38
4 41
4 45
4 47
4 56
4 81
4 93
4 99
4 100
4 101
4 108
4 109
4 116
4 123
4 124
4 126
4 127
4 128
4 129
4 138
4 145
4 153
4 157
4 168
5 3
5 15
5 29
5 35
5 38
5 40
5 42
5 43
5 48
5 53
5 57
5 58
5 60
5 67
5 76
5 78
5 79
5 80
5 86
5 90
5 93
5 102
5 104
5 110
5 111
5 112
5 113
5 114
5 117
5 120
5 127
5 129
5 132
5 138
5 141
5 143
5 145
5 148
5 150
5 159
5 160
5 164
6 9
6 10
6 17
6 27
6 29
6 31
6 34
6 35
6 40
6 43
6 56
6 60
6 66
6 71
6 79
6 80
6 81
6 93
6 97
6 107
6 119
6 120
6 123
6 163
7 3
7 4
7 7
7 9
7 11
7 12
7 24
7 34
7 35
7 37
7 39
7 41
7 47
7 52
7 58
7 60
7 65
7 66
7 67
7 75
7 92
7 93
7 96
7 102
7 105
7 115
7 116
7 121
7 124
7 133
7 135
7 136
7 142
7 149
7 151
7 153
7 155
7 156
7 162
7 163
7 164
7 167
7 168
8 1
8 6
8 8
8 14
8 17
8 20
8 22
8 30
8 36
8 40
8 44
8 46
8 47
8 54
8 62
8 65
8 67
8 71
8 74
8 79
8 86
8 87
8 91
8 93
8 94
8 96
8 102
8 111
8 113
8 115
8 116
8 118
8 121
8 124
8 127
8 134
8 147
8 167
9 0
9 5
9 11
9 17
9 22
9 25
9 27
9 32
9 39
9 47
9 58
9 64
9 75
9 82
9 87
9 93
9 95
9 98
9 101
9 108
9 112
9 116
9 119
9 122
9 123
9 128
9 130
9 139
9 147
9 148
9 151
9 159
9 160
9 165
9 166
9 168
10 1
10 3
10 11
10 14
10 22
10 23
10 31
10 36
10 37
10 43
10 49
10 59
10 71
10 72
10 88
10 90
10 95
10 106
10 112
10 119
10 124
10 133
10 140
10 141
10 143
10 144
10 151
10 163
10 164
10 166
11 2
11 3
11 4
11 9
11 11
11 21
11 22
11 24
11 38
11 42
11 57
11 72
11 82
11 85
11 96
11 98
11 100
11 107
11 108
11 123
11 125
11 130
11 131
11 143
11 145
11 146
11 154
11 156
11 161
11 164
12 0
12 1
12 13
12 26
12 29
12 31
12 42
12 43
12 47
12 62
12 64
12 83
12 88
12 93
12 100
12 106
12 111
12 116
12 118
12 127
12 134
12 138
12 143
12 148
12 150
12 152
12 166
13 2
13 3
13 10
13 11
13 13
13 16
13 18
13 21
13 22
13 24
13 34
13 38
13 48
13 49
13 56
13 65
13 69
13 70
13 73
13 81
13 85
13 86
13 88
13 90
13 92
13 94
13 98
13 107
13 110
13 119
13 122
13 124
13 134
13 146
13 153
13 154
13 157
13 161
13 168
14 1
14 2
14 8
14 13
14 29
14 30
14 33
14 35
14 39
14 43
14 44
14 50
14 65
14 67
14 71
14 76
14 78
14 81
14 82
14 84
14 95
14 107
14 111
14 115
14 116
14 122
14 131
14 133
14 138
14 146
14 155
14 161
14 162
14 164
15 1
15 13
15 27
15 28
15 29
15 34
15 41
15 42
15 43
15 51
15 52
15 55
15 60
15 63
15 72
15 74
15 77
15 78
15 80
15 82
15 91
15 93
15 108
15 111
15 119
15 132
15 143
15 146
15 151
15 165
16 1
16 13
16 20
16 22
16 25
16 30
16 31
16 38
16 40
16 41
16 42
16 43
16 50
16 51
16 54
16 57
16 60
16 70
16 75
16 76
16 79
16 82
16 97
16 98
16 115
16 118
16 122
16 128
16 132
16 136
16 137
16 154
16 169
17 3
17 12
17 14
17 15
17 20
17 28
17 41
17 47
17 48
17 53
17 59
17 60
17 62
17 63
17 67
17 73
17 75
17 81
17 83
17 85
17 87
17 97
17 105
17 116
17 119
17 125
17 128
17 135
17 139
17 140
17 144
17 147
17 148
17 150
17 151
17 152
17 154
17 155
17 157
17 160
17 161
17 165
17 167
18 0
18 8
18 10
18 12
18 13
18 22
18 27
18 41
18 53
18 56
18 75
18 77
18 89
18 92
18 100
18 103
18 109
18 133
18 136
18 139
18 142
18 146
18 158
18 159
18 161
19 3
19 11
19 17
19 19
19 20
19 21
19 27
19 30
19 32
19 36
19 39
19 43
19 45
19 52
19 67
19 73
19 82
19 83
19 89
19 95
19 99
19 108
19 111
19 112
19 120
19 122
19 125
19 129
19 135
19 137
19 140
19 142
19 144
19 149
19 152
19 153
19 156
19 157
19 162
19 163
19 165
19 166
20 0
20 1
20 3
20 11
20 14
20 25
20 31
20 32
20 33
20 36
20 44
20 45
20 47
20 50
20 55
20 59
20 68
20 77
20 82
20 114
20 116
20 118
20 125
20 128
20 144
20 147
20 151
20 154
20 155
20 163
21 3
21 12
21 14
21 22
21 23
21 25
21 29
21 30
21 39
21 41
21 42
21 46
21 50
21 51
21 52
21 55
21 61
21 68
21 71
21 72
21 79
21 80
21 83
21 96
21 109
21 111
21 119
21 125
21 133
21 141
21 146
21 147
21 152
21 160
21 165
22 6
22 21
22 26
22 33
22 39
22 45
22 46
22 55
22 60
22 62
22 65
22 70
22 79
22 80
22 81
22 82
22 83
22 84
22 85
22 92
22 95
22 97
22 98
22 99
22 107
22 116
22 119
22 124
22 133
22 134
22 139
22 141
22 145
23 1
23 8
23 9
23 12
23 28
23 31
23 32
23 36
23 40
23 43
23 55
23 61
23 65
23 77
23 82
23 95
23 97
23 101
23 123
23 124
23 127
23 135
23 137
23 141
23 147
23 149
24 12
24 21
24 28
24 30
24 41
24 51
24 53
24 54
24 57
24 58
24 68
24 73
24 75
24 77
24 83
24 85
24 86
24 92
24 103
24 122
24 124
24 127
24 135
24 141
24 142
24 146
24 151
24 158
24 161
24 167
25 3
25 4
25 7
25 12
25 13
25 15
25 21
25 23
25 25
25 26
25 31
25 33
25 45
25 46
25 49
25 50
25 51
25 55
25 57
25 59
25 63
25 71
25 72
25 73
25 74
25 76
25 82
25 87
25 88
25 91
25 100
25 101
25 103
25 123
25 124
25 137
25 143
25 145
25 154
25 157
26 2
26 15
26 21
26 22
26 23
26 25
26 30
26 34
26 45
26 62
26 66
26 68
26 69
26 71
26 72
26 79
26 83
26 85
26 98
26 102
26 106
26 107
26 110
26 113
26 114
26 122
26 124
26 125
26 126
26 127
26 147
26 148
26 149
26 151
26 152
26 155
26 167
27 0
27 11
27 17
27 23
27 25
27 27
27 38
27 50
27 56
27 59
27 69
27 72
27 86
27 89
27 94
27 98
27 100
27 103
27 104
27 108
27 110
27 119
27 122
27 127
27 136
27 141
27 157
27 159
27 160
27 163
27 166
27 167
28 0
28 2
28 5
28 7
28 10
28 13
28 18
28 19
28 32
28 40
28 41
28 42
28 53
28 55
28 59
28 71
28 75
28 82
28 84
28 87
28 93
28 100
28 102
28 110
28 115
28 116
28 119
28 128
28 129
28 130
28 133
28 135
28 136
28 139
28 142
28 144
28 147
28 154
28 155
28 156
28 163
28 166
28 169
29 3
29 4
29 7
29 10
29 11
29 15
29 17
29 31
29 36
29 41
29 42
29 45
29 48
29 50
29 51
29 52
29 54
29 55
29 59
29 69
29 75
29 77
29 78
29 88
29 93
29 109
29 110
29 115
29 124
29 128
29 129
29 137
29 138
29 144
29 145
29 147
29 156
29 157
29 159
30 0
30 1
30 5
30 15
30 16
30 18
30 29
30 32
30 38
30 40
30 42
30 54
30 62
30 63
30 78
30 80
30 88
30 92
30 93
30 101
30 105
30 106
30 107
30 112
30 115
30 116
30 119
30 122
30 130
30 133
30 137
30 142
30 148
30 149
30 150
30 151
30 153
30 158
31 5
31 6
31 7
31 8
31 23
31 34
31 40
31 45
31 48
31 49
31 53
31 59
31 60
31 64
31 69
31 78
31 91
31 92
31 93
31 95
31 98
31 101
31 107
31 108
31 122
31 126
31 130
31 133
31 134
31 141
31 146
31 153
31 163
31 168
32 3
32 6
32 10
32 27
32 29
32 30
32 41
32 42
32 53
32 54
32 61
32 66
32 81
32 82
32 88
32 100
32 103
32 107
32 108
32 110
32 114
32 120
32 121
32 132
32 134
32 135
32 136
32 137
32 140
32 143
32 147
32 153
32 160
32 168
33 0
33 5
33 9
33 15
33 16
33 29
33 33
33 38
33 42
33 50
33 56
33 60
33 62
33 64
33 68
33 71
33 75
33 84
33 88
33 96
33 101
33 104
33 109
33 115
33 118
33 125
33 132
33 134
33 135
33 139
33 144
33 148
33 153
33 154
33 157
33 165
33 167
33 168
34 2
34 10
34 13
34 16
34 30
34 32
34 37
34 45
34 49
34 60
34 67
34 71
34 85
34 87
34 88
34 93
34 94
34 99
34 106
34 108
34 111
34 114
34 117
34 118
34 123
34 125
34 128
34 131
34 138
34 144
34 146
34 148
34 150
34 155
34 164
35 3
35 6
35 13
35 15
35 19
35 25
35 30
35 35
35 44
35 46
35 55
35 65
35 67
35 68
35 74
35 93
35 102
35 103
35 106
35 109
35 110
35 114
35 121
35 126
35 127
35 135
35 136
35 164
36 0
36 1
36 3
36 7
36 9
36 11
36 14
36 17
36 27
36 28
36 41
36 43
36 47
36 52
36 55
36 60
36 61
36 62
36 65
36 66
36 68
36 78
36 85
36 101
36 103
36 107
36 109
36 119
36 123
36 127
36 139
36 143
36 147
36 148
36 157
36 158
36 168
37 2
37 3
37 7
37 8
37 9
37 10
37 18
37 26
37 29
37 40
37 45
37 46
37 50
37 52
37 53
37 76
37 80
37 82
37 83
37 89
37 108
37 110
37 117
37 127
37 130
37 135
37 142
37 147
37 151
37 168
38 9
38 10
38 15
38 20
38 21
38 22
38 24
38 32
38 39
38 42
38 45
38 46
38 69
38 72
38 75
38 77
38 80
38 81
38 83
38 87
38 88
38 89
38 102
38 105
38 110
38 111
38 131
38 142
38 143
38 147
38 148
38 152
38 153
38 159
39 12
39 14
39 23
39 25
39 34
39 46
39 47
39 50
39 52
39 56
39 60
39 63
39 71
39 73
39 85
39 86
39 95
39 98
39 106
39 115
39 117
39 122
39 127
39 129
39 139
39 141
39 142
39 143
39 146
39 150
39 151
39 152
39 154
39 166
40 1
40 2
40 3
40 4
40 11
40 18
40 22
40 26
40 27
40 30
40 32
40 35
40 37
40 40
40 44
40 46
40 48
40 52
40 55
40 66
40 68
40 71
40 84
40 85
40 95
40 97
40 98
40 105
40 106
40 108
40 115
40 116
40 121
40 122
40 130
40 138
40 139
40 144
40 145
40 147
40 152
40 154
40 161
40 165
40 166
40 167
41 5
41 6
41 14
41 15
41 16
41 36
41 38
41 40
41 42
41 43
41 49
41 54
41 55
41 56
41 73
41 74
41 75
41 85
41 88
41 94
41 96
41 99
41 101
41 107
41 108
41 110
41 114
41 120
41 121
41 128
41 130
41 147
41 151
41 154
41 157
41 162
41 163
41 166
42 1
42 3
42 8
42 10
42 11
42 12
42 21
42 22
42 24
42 41
42 50
42 62
42 69
42 73
42 77
42 86
42 97
42 114
42 119
42 120
42 126
42 129
42 136
42 153
42 157
42 158
42 161
42 166
43 10
43 42
43 48
43 57
43 71
43 75
43 77
43 88
43 99
43 105
43 112
43 119
43 123
43 124
43 126
43 132
43 135
43 137
43 139
43 148
43 152
43 156
43 163
43 165
44 0
44 17
44 18
44 30
44 31
44 40
44 54
44 56
44 61
44 62
44 67
44 69
44 74
44 75
44 76
44 82
44 86
44 99
44 100
44 103
44 105
44 107
44 109
44 114
44 128
44 136
44 148
44 151
44 154
44 156
45 2
45 7
45 13
45 18
45 26
45 30
45 34
45 49
45 50
45 53
45 64
45 67
45 68
45 72
45 80
45 84
45 98
45 100
45 121
45 130
45 149
45 151
45 157
45 163
45 165
45 166
45 168
46 1
46 17
46 22
46 23
46 29
46 34
46 37
46 38
46 51
46 53
46 56
46 60
46 61
46 65
46 78
46 84
46 86
46 88
46 93
46 98
46 100
46 107
46 108
46 111
46 114
46 119
46 121
46 127
46 129
46 132
46 145
46 147
46 149
46 157
46 160
46 161
46 162
46 169
47 10
47 14
47 16
47 18
47 19
47 25
47 31
47 35
47 42
47 48
47 50
47 64
47 69
47 81
47 85
47 87
47 94
47 95
47 97
47 98
47 100
47 107
47 109
47 113
47 116
47 119
47 136
47 137
47 139
47 146
47 149
47 150
47 151
47 161
47 165
47 167
48 4
48 9
48 12
48 21
48 25
48 26
48 32
48 34
48 36
48 39
48 40
48 47
48 49
48 57
48 59
48 61
48 73
48 74
48 83
48 90
48 94
48 106
48 113
48 118
48 122
48 126
48 129
48 131
48 135
48 139
48 143
48 145
48 148
48 152
48 159
48 163
48 166
48 167
49 3
49 4
49 6
49 9
49 16
49 20
49 26
49 30
49 37
49 38
49 41
49 47
49 50
49 51
49 55
49 57
49 65
49 67
49 71
49 80
49 88
49 92
49 99
49 108
49 111
49 112
49 115
49 118
49 128
49 131
49 135
49 144
49 153
49 155
50 0
50 1
50 2
50 3
50 6
50 29
50 37
50 39
50 41
50 42
50 45
50 47
50 53
50 57
50 60
50 77
50 78
50 85
50 91
50 92
50 93
50 97
50 102
50 104
50 106
50 108
50 112
50 121
50 125
50 130
50 138
50 141
50 142
50 143
50 147
50 150
50 157
50 158
50 159
50 165
50 167
51 3
51 12
51 19
51 23
51 26
51 27
51 28
51 30
51 34
51 40
51 45
51 49
51 51
51 52
51 53
51 57
51 60
51 70
51 73
51 88
51 90
51 100
51 111
51 113
51 115
51 117
51 119
51 121
51 125
51 127
51 132
51 141
51 142
51 151
51 152
51 153
51 163
51 168
51 169
52 8
52 9
52 10
52 11
52 16
52 22
52 25
52 27
52 31
52 38
52 42
52 52
52 54
52 59
52 68
52 70
52 71
52 72
52 80
52 86
52 88
52 98
52 100
52 103
52 106
52 111
52 112
52 113
52 116
52 117
52 119
52 122
52 131
52 141
52 149
52 152
52 154
52 169
53 3
53 11
53 13
53 25
53 27
53 28
53 35
53 38
53 42
53 54
53 56
53 59
53 63
53 64
53 65
53 69
53 74
53 78
53 80
53 85
53 95
53 100
53 101
53 102
53 106
53 109
53 114
53 116
53 121
53 124
53 127
53 137
53 138
53 151
53 152
53 154
53 157
53 161
53 164
53 168
54 2
54 4
54 6
54 12
54 15
54 22
54 23
54 24
54 28
54 37
54 39
54 42
54 45
54 46
54 48
54 49
54 50
54 56
54 68
54 71
54 77
54 82
54 86
54 106
54 124
54 125
54 127
54 130
54 133
54 140
54 142
54 147
54 164
54 165
55 0
55 11
55 23
55 30
55 35
55 39
55 51
55 52
55 56
55 57
55 61
55 68
55 70
55 73
55 75
55 78
55 79
55 83
55 84
55 86
55 98
55 101
55 105
55 112
55 122
55 123
55 125
55 126
55 128
55 133
55 136
55 138
55 141
55 148
55 149
55 151
55 165
55 167
56 0
56 1
56 2
56 6
56 13
56 35
56 41
56 45
56 56
56 57
56 61
56 62
56 63
56 67
56 70
56 79
56 80
56 85
56 87
56 96
56 100
56 105
56 128
56 130
56 131
56 133
56 134
56 135
56 136
56 145
56 146
56 168
56 169
57 4
57 5
57 8
57 18
57 21
57 25
57 27
57 31
57 33
57 37
57 48
57 52
57 59
57 62
57 69
57 73
57 82
57 86
57 89
57 91
57 97
57 107
57 108
57 113
57 115
57 116
57 128
57 130
57 131
57 133
57 154
57 156
57 162
57 164
57 165
57 166
57 169
58 0
58 1
58 2
58 4
58 14
58 15
58 18
58 20
58 23
58 27
58 28
58 29
58 34
58 39
58 40
58 52
58 55
58 56
58 61
58 68
58 70
58 75
58 76
58 77
58 78
58 86
58 87
58 92
58 95
58 96
58 102
58 108
58 113
58 118
58 119
58 130
58 134
58 157
58 159
58 160
58 167
58 169
59 4
59 10
59 12
59 13
59 18
59 20
59 21
59 37
59 41
59 42
59 44
59 55
59 56
59 75
59 77
59 103
59 107
59 109
59 112
59 115
59 118
59 120
59 125
59 128
59 143
59 146
59 147
59 151
59 162
59 167
60 8
60 23
60 29
60 36
60 55
60 56
60 66
60 74
60 81
60 83
60 87
60 111
60 118
60 119
60 120
60 125
60 127
60 148
60 152
60 154
60 162
60 166
61 6
61 9
61 16
61 20
61 22
61 25
61 27
61 30
61 32
61 33
61 44
61 45
61 50
61 55
61 57
61 63
61 75
61 76
61 77
61 81
61 85
61 91
61 93
61 99
61 100
61 104
61 105
61 112
61 114
61 123
61 130
61 145
61 164
61 168
62 22
62 24
62 25
62 31
62 34
62 37
62 43
62 46
62 53
62 56
62 57
62 60
62 61
62 65
62 67
62 81
62 84
62 91
62 94
62 97
62 98
62 106
62 108
62 114
62 115
62 119
62 121
62 123
62 126
62 133
62 135
62 144
62 149
62 150
62 157
62 158
62 161
62 162
62 163
62 164
62 169
63 0
63 14
63 17
63 21
63 29
63 34
63 37
63 40
63 47
63 50
63 51
63 58
63 66
63 74
63 91
63 94
63 97
63 100
63 109
63 114
63 119
63 120
63 125
63 128
63 139
63 141
63 143
63 155
63 158
63 161
63 166
63 168
64 0
64 3
64 7
64 10
64 11
64 14
64 21
64 25
64 26
64 35
64 41
64 48
64 56
64 61
64 65
64 81
64 87
64 94
64 101
64 107
64 112
64 114
64 116
64 125
64 128
64 132
64 143
64 148
64 159
64 160
64 164
64 165
65 6
65 9
65 11
65 17
65 25
65 30
65 33
65 36
65 40
65 42
65 45
65 50
65 57
65 63
65 64
65 66
65 68
65 69
65 76
65 77
65 80
65 84
65 85
65 86
65 104
65 107
65 111
65 114
65 116
65 120
65 124
65 126
65 131
65 132
65 136
65 141
65 143
65 150
65 156
66 2
66 3
66 12
66 13
66 14
66 19
66 31
66 32
66 34
66 38
66 40
66 43
66 48
66 52
66 53
66 61
66 62
66 73
66 75
66 78
66 82
66 89
66 94
66 97
66 99
66 102
66 104
66 106
66 115
66 128
66 140
66 148
66 155
66 162
66 168
67 0
67 1
67 2
67 29
67 31
67 36
67 39
67 40
67 48
67 50
67 52
67 53
67 61
67 62
67 66
67 68
67 78
67 80
67 81
67 82
67 85
67 100
67 102
67 114
67 117
67 121
67 122
67 146
67 151
67 152
67 159
67 164
67 166
67 167
68 12
68 19
68 22
68 27
68 30
68 31
68 40
68 41
68 42
68 46
68 47
68 54
68 60
68 67
68 68
68 75
68 76
68 84
68 106
68 111
68 112
68 128
68 131
68 134
68 138
68 147
68 151
68 160
68 165
68 169
69 0
69 3
69 5
69 7
69 12
69 16
69 21
69 23
69 31
69 46
69 54
69 56
69 58
69 76
69 86
69 89
69 91
69 92
69 108
69 112
69 116
69 118
69 122
69 124
69 125
69 126
69 140
69 145
69 146
69 148
69 154
69 156
69 158
69 161
69 163
69 169
70 3
70 14
70 16
70 22
70 23
70 31
70 48
70 58
70 66
70 70
70 71
70 76
70 82
70 83
70 86
70 92
70 95
70 107
70 120
70 121
70 125
70 135
70 143
70 147
70 151
70 152
70 153
70 162
70 166
71 18
71 20
71 23
71 24
71 26
71 34
71 45
71 49
71 59
71 80
71 83
71 84
71 89
71 93
71 104
71 106
71 110
71 118
71 120
71 123
71 126
71 130
71 131
71 134
71 135
71 138
71 146
71 150
71 153
71 160
71 166
72 0
72 11
72 20
72 27
72 29
72 34
72 39
72 42
72 46
72 49
72 64
72 69
72 77
72 88
72 93
72 95
72 102
72 109
72 115
72 119
72 122
72 127
72 128
72 135
72 138
72 142
72 145
72 146
72 147
72 153
72 163
72 166
72 167
73 6
73 7
73 19
73 26
73 28
73 31
73 32
73 33
73 34
73 38
73 43
73 51
73 53
73 54
73 55
73 57
73 58
73 68
73 76
73 77
73 79
73 81
73 86
73 88
73 90
73 96
73 97
73 104
73 105
73 108
73 110
73 114
73 123
73 125
73 133
73 134
73 139
73 146
73 147
73 149
73 152
73 157
73 161
73 164
73 167
74 0
74 11
74 13
74 25
74 38
74 42
74 46
74 57
74 61
74 68
74 72
74 80
74 83
74 88
74 90
74 92
74 100
74 108
74 110
74 112
74 116
74 118
74 123
74 127
74 139
74 144
74 154
74 155
74 163
74 164
75 0
75 1
75 11
75 12
75 18
75 25
75 27
75 46
75 48
75 57
75 65
75 71
75 76
75 81
75 94
75 99
75 104
75 107
75 109
75 110
75 114
75 115
75 123
75 142
75 144
75 147
75 148
75 155
75 164
75 168
76 2
76 21
76 23
76 25
76 28
76 32
76 33
76 36
76 50
76 55
76 65
76 66
76 67
76 68
76 69
76 77
76 79
76 86
76 108
76 124
76 142
76 148
76 150
76 155
76 159
76 160
76 167
77 1
77 2
77 7
77 8
77 19
77 21
77 24
77 30
77 34
77 41
77 42
77 43
77 45
77 46
77 47
77 62
77 66
77 68
77 71
77 76
77 77
77 82
77 100
77 103
77 104
77 106
77 111
77 112
77 116
77 123
77 146
77 148
77 157
77 158
77 161
77 162
77 164
77 167
78 4
78 15
78 18
78 26
78 28
78 30
78 31
78 35
78 38
78 39
78 43
78 45
78 63
78 66
78 70
78 71
78 74
78 76
78 77
78 79
78 81
78 87
78 91
78 93
78 100
78 104
78 106
78 107
78 109
78 121
78 131
78 136
78 139
78 144
78 146
78 147
78 155
78 157
78 158
78 159
78 162
78 163
79 1
79 17
79 20
79 21
79 22
79 24
79 54
79 61
79 62
79 64
79 67
79 72
79 81
79 84
79 99
79 104
79 108
79 119
79 125
79 127
79 141
79 146
79 147
79 158
79 160
79 162
80 0
80 1
80 2
80 14
80 16
80 22
80 23
80 28
80 29
80 31
80 46
80 52
80 53
80 60
80 67
80 85
80 91
80 102
80 106
80 109
80 117
80 121
80 125
80 126
80 129
80 131
80 140
80 141
80 142
80 145
80 149
80 151
81 5
81 16
81 20
81 21
81 26
81 28
81 34
81 39
81 43
81 44
81 47
81 70
81 83
81 85
81 86
81 96
81 101
81 104
81 105
81 108
81 111
81 122
81 133
81 136
81 145
81 146
81 147
82 15
82 18
82 28
82 31
82 35
82 37
82 41
82 44
82 46
82 47
82 66
82 67
82 72
82 75
82 78
82 87
82 95
82 96
82 97
82 102
82 106
82 107
82 108
82 110
82 111
82 127
82 129
82 142
82 143
82 145
82 148
82 157
82 160
82 165
82 168
83 0
83 3
83 9
83 10
83 15
83 26
83 28
83 33
83 42
83 49
83 53
83 56
83 63
83 71
83 81
83 82
83 98
83 99
83 100
83 108
83 114
83 118
83 122
83 132
83 133
83 137
83 139
83 148
83 149
83 155
83 157
83 159
83 160
83 161
84 13
84 17
84 22
84 26
84 29
84 39
84 44
84 46
84 49
84 51
84 62
84 71
84 82
84 90
84 100
84 101
84 102
84 111
84 121
84 123
84 128
84 131
84 137
84 161
84 163
85 0
85 1
85 9
85 11
85 16
85 20
85 24
85 26
85 27
85 28
85 29
85 31
85 32
85 37
85 49
85 54
85 62
85 65
85 67
85 70
85 76
85 84
85 85
85 93
85 95
85 102
85 106
85 111
85 112
85 117
85 121
85 129
85 134
85 135
85 143
85 144
85 157
85 160
85 163
85 166
86 1
86 7
86 8
86 17
86 22
86 34
86 35
86 44
86 46
86 47
86 48
86 49
86 50
86 55
86 59
86 63
86 70
86 71
86 76
86 77
86 80
86 84
86 87
86 90
86 96
86 102
86 117
86 119
86 121
86 125
86 128
86 130
86 136
86 148
86 151
86 152
86 153
86 157
86 158
86 159
87 0
87 5
87 8
87 9
87 19
87 34
87 36
87 37
87 44
87 47
87 57
87 59
87 65
87 70
87 77
87 93
87 98
87 101
87 102
87 104
87 109
87 112
87 118
87 128
87 131
87 142
87 144
87 154
87 159
87 161
87 164
87 166
87 167
88 1
88 4
88 8
88 12
88 13
88 33
88 35
88 40
88 42
88 48
88 65
88 74
88 78
88 81
88 83
88 84
88 85
88 87
88 93
88 117
88 126
88 137
88 145
88 153
88 161
88 162
88 164
88 167
88 169
89 0
89 1
89 9
89 11
89 15
89 26
89 31
89 39
89 43
89 48
89 58
89 64
89 72
89 75
89 77
89 81
89 83
89 84
89 86
89 88
89 92
89 93
89 94
89 101
89 107
89 108
89 114
89 119
89 126
89 129
89 132
89 133
89 138
89 145
89 150
89 159
89 162
89 168
89 169
90 9
90 11
90 12
90 15
90 17
90 19
90 21
90 27
90 32
90 36
90 37
90 44
90 49
90 52
90 54
90 56
90 57
90 68
90 70
90 72
90 73
90 76
90 80
90 84
90 91
90 93
90 99
90 102
90 111
90 119
90 135
90 144
90 149
90 158
90 163
91 6
91 9
91 13
91 19
91 20
91 21
91 42
91 44
91 45
91 52
91 54
91 62
91 68
91 70
91 72
91 102
91 115
91 116
91 124
91 132
91 139
91 140
91 141
91 147
91 154
91 157
91 162
91 164
91 167
92 3
92 10
92 14
92 15
92 19
92 21
92 32
92 35
92 36
92 43
92 45
92 48
92 52
92 53
92 71
92 79
92 84
92 91
92 96
92 101
92 102
92 104
92 105
92 115
92 119
92 120
92 127
92 128
92 131
92 132
92 134
92 136
92 138
92 160
92 168
93 0
93 1
93 3
93 4
93 16
93 20
93 23
93 30
93 37
93 45
93 47
93 54
93 57
93 64
93 65
93 71
93 75
93 81
93 82
93 86
93 90
93 96
93 97
93 99
93 100
93 101
93 102
93 104
93 107
93 109
93 113
93 123
93 128
93 129
93 136
93 139
93 144
93 145
93 158
93 162
94 12
94 13
94 17
94 22
94 33
94 41
94 45
94 55
94 65
94 73
94 75
94 76
94 85
94 95
94 100
94 101
94 107
94 110
94 111
94 125
94 126
94 128
94 131
94 132
94 143
94 152
94 159
94 166
94 168
94 169
95 0
95 4
95 7
95 19
95 22
95 24
95 32
95 39
95 40
95 43
95 49
95 52
95 53
95 57
95 62
95 74
95 75
95 80
95 91
95 95
95 106
95 110
95 123
95 142
95 143
95 148
95 149
95 151
95 152
95 159
96 7
96 9
96 10
96 21
96 22
96 25
96 44
96 49
96 52
96 55
96 58
96 78
96 80
96 83
96 85
96 94
96 110
96 111
96 112
96 114
96 130
96 135
96 139
96 143
96 144
96 152
96 155
96 158
96 161
96 166
97 15
97 19
97 20
97 21
97 23
97 24
97 25
97 30
97 31
97 34
97 38
97 39
97 44
97 48
97 50
97 61
97 74
97 77
97 79
97 98
97 104
97 109
97 110
97 113
97 116
97 124
97 130
97 137
97 140
97 143
97 147
97 148
97 151
97 154
97 155
98 5
98 16
98 17
98 19
98 23
98 32
98 45
98 48
98 52
98 53
98 55
98 56
98 61
98 63
98 65
98 69
98 71
98 74
98 75
98 79
98 80
98 93
98 100
98 102
98 105
98 113
98 118
98 122
98 123
98 124
98 128
98 141
99 2
99 9
99 20
99 22
99 23
99 37
99 38
99 39
99 46
99 47
99 52
99 59
99 61
99 63
99 77
99 86
99 94
99 95
99 98
99 106
99 116
99 118
99 119
99 123
99 124
99 126
99 130
99 133
99 135
99 139
99 143
99 149
99 156
99 159
99 164
99 169
100 7
100 8
100 9
100 10
100 14
100 24
100 27
100 29
100 32
100 33
100 35
100 36
100 37
100 46
100 48
100 49
100 50
100 56
100 65
100 75
100 89
100 96
100 97
100 109
100 113
100 131
100 142
100 154
100 162
100 166
101 2
101 3
101 7
101 8
101 9
101 26
101 36
101 38
101 55
101 58
101 61
101 67
101 74
101 78
101 85
101 88
101 89
101 98
101 105
101 106
101 114
101 121
101 122
101 123
101 124
101 125
101 126
101 127
101 134
101 135
101 153
101 155
101 156
101 159
101 160
102 2
102 4
102 6
102 9
102 11
102 14
102 17
102 19
102 24
102 26
102 35
102 38
102 39
102 42
102 44
102 49
102 60
102 67
102 69
102 74
102 77
102 94
102 100
102 110
102 117
102 118
102 123
102 129
102 133
102 135
102 138
102 139
102 140
102 144
102 146
102 151
102 152
102 162
102 164
102 165
102 166
102 169
103 2
103 4
103 14
103 26
103 31
103 32
103 38
103 39
103 41
103 50
103 56
103 64
103 66
103 67
103 72
103 73
103 77
103 81
103 91
103 94
103 97
103 106
103 112
103 113
103 117
103 124
103 130
103 132
103 135
103 136
103 137
103 139
103 149
103 162
104 0
104 1
104 5
104 8
104 9
104 10
104 20
104 22
104 30
104 35
104 48
104 49
104 51
104 54
104 55
104 57
104 71
104 72
104 74
104 81
104 83
104 84
104 85
104 86
104 88
104 95
104 102
104 107
104 118
104 120
104 125
104 126
104 129
104 140
104 142
104 143
104 145
104 150
104 151
104 157
105 5
105 22
105 27
105 29
105 33
105 35
105 38
105 42
105 44
105 52
105 55
105 64
105 73
105 77
105 79
105 83
105 87
105 90
105 93
105 95
105 108
105 114
105 118
105 129
105 130
105 136
105 138
105 142
105 147
105 150
105 151
105 152
105 153
105 156
105 159
105 161
105 167
106 4
106 9
106 16
106 22
106 24
106 29
106 35
106 41
106 44
106 48
106 67
106 69
106 72
106 81
106 84
106 85
106 86
106 88
106 96
106 98
106 105
106 114
106 115
106 119
106 120
106 123
106 130
106 131
106 147
106 149
106 150
106 154
106 155
106 162
106 165
107 2
107 3
107 7
107 9
107 14
107 19
107 33
107 34
107 38
107 43
107 52
107 57
107 60
107 63
107 67
107 73
107 74
107 78
107 81
107 82
107 86
107 90
107 100
107 104
107 111
107 112
107 117
107 120
107 122
107 127
107 128
107 156
107 157
107 158
107 160
107 167
108 1
108 11
108 29
108 39
108 40
108 57
108 69
108 71
108 79
108 80
108 85
108 87
108 91
108 113
108 117
108 118
108 119
108 135
108 149
108 155
108 158
108 159
108 160
109 11
109 13
109 23
109 25
109 32
109 34
109 39
109 40
109 42
109 48
109 52
109 59
109 74
109 83
109 94
109 99
109 100
109 101
109 103
109 107
109 114
109 117
109 118
109 119
109 120
109 121
109 124
109 139
109 146
109 152
109 157
109 163
109 166
109 167
110 1
110 4
110 6
110 9
110 17
110 26
110 28
110 34
110 36
110 38
110 39
110 40
110 43
110 45
110 50
110 56
110 60
110 63
110 66
110 69
110 73
110 77
110 79
110 89
110 92
110 94
110 96
110 98
110 99
110 102
110 104
110 110
110 111
110 112
110 114
110 115
110 116
110 125
110 129
110 131
110 142
110 144
110 147
110 152
110 169
111 7
111 15
111 19
111 30
111 32
111 46
111 48
111 62
111 63
111 68
111 78
111 82
111 90
111 91
111 95
111 97
111 99
111 106
111 114
111 123
111 124
111 131
111 133
111 141
111 143
111 145
111 147
111 151
111 154
111 158
111 160
111 168
112 15
112 21
112 23
112 31
112 34
112 46
112 50
112 53
112 63
112 65
112 73
112 74
112 82
112 85
112 86
112 87
112 88
112 103
112 104
112 106
112 108
112 125
112 133
112 137
112 152
112 156
112 157
113 0
113 15
113 33
113 50
113 51
113 57
113 59
113 62
113 67
113 70
113 71
113 72
113 73
113 76
113 83
113 84
113 102
113 104
113 105
113 109
113 113
113 118
113 120
113 124
113 126
113 131
113 135
113 143
113 150
113 154
113 157
113 163
113 166
113 169
114 2
114 5
114 11
114 17
114 18
114 19
114 21
114 35
114 38
114 39
114 43
114 48
114 49
114 60
114 61
114 63
114 69
114 85
114 89
114 90
114 96
114 103
114 110
114 114
114 131
114 135
114 147
114 153
114 161
114 164
114 168
115 1
115 2
115 7
115 9
115 24
115 27
115 30
115 34
115 36
115 37
115 43
115 49
115 51
115 56
115 57
115 60
115 64
115 69
115 75
115 76
115 77
115 84
115 86
115 89
115 91
115 92
115 96
115 98
115 103
115 108
115 116
115 145
115 146
115 147
115 148
115 150
115 155
115 164
115 166
116 3
116 9
116 24
116 28
116 33
116 41
116 60
116 62
116 74
116 75
116 76
116 93
116 99
116 101
116 105
116 115
116 116
116 120
116 122
116 125
116 128
116 130
116 134
116 137
116 141
116 148
116 152
116 153
116 162
116 163
116 164
116 168
117 9
117 10
117 11
117 22
117 24
117 25
117 29
117 30
117 36
117 37
117 39
117 40
117 45
117 54
117 58
117 74
117 77
117 91
117 93
117 109
117 110
117 113
117 114
117 116
117 121
117 123
117 126
117 132
117 136
117 137
117 145
117 148
117 158
117 159
117 160
117 164
118 4
118 5
118 32
118 50
118 51
118 52
118 61
118 69
118 70
118 72
118 75
118 78
118 80
118 81
118 84
118 86
118 92
118 109
118 112
118 116
118 118
118 120
118 121
118 135
118 138
118 154
118 157
118 159
118 165
119 3
119 10
119 11
119 13
119 26
119 27
119 28
119 61
119 62
119 63
119 67
119 68
119 69
119 77
119 80
119 84
119 85
119 89
119 111
119 113
119 114
119 115
119 125
119 127
119 129
119 133
119 135
119 139
119 145
119 148
119 152
119 153
119 155
119 162
119 168
120 11
120 17
120 19
120 20
120 24
120 26
120 36
120 41
120 53
120 54
120 57
120 60
120 64
120 65
120 69
120 70
120 86
120 87
120 93
120 99
120 102
120 105
120 106
120 112
120 116
120 120
120 128
120 132
120 134
120 138
120 144
120 148
120 152
120 153
120 154
120 160
120 161
120 166
121 2
121 11
121 13
121 23
121 30
121 32
121 38
121 48
121 49
121 58
121 61
121 62
121 63
121 64
121 74
121 77
121 85
121 87
121 95
121 101
121 105
121 116
121 125
121 128
121 129
121 131
121 132
121 135
121 138
121 146
121 147
121 150
121 152
121 153
121 156
121 157
122 2
122 4
122 13
122 19
122 22
122 48
122 50
122 52
122 53
122 67
122 69
122 70
122 73
122 75
122 77
122 81
122 90
122 97
122 113
122 114
122 117
122 119
122 130
122 139
122 140
122 146
122 147
122 149
122 151
122 154
122 156
122 161
122 165
122 169
123 8
123 20
123 21
123 30
123 32
123 47
123 57
123 58
123 59
123 63
123 65
123 67
123 69
123 70
123 72
123 83
123 96
123 101
123 105
123 107
123 109
123 111
123 117
123 118
123 119
123 128
123 129
123 134
123 140
123 144
123 147
123 152
123 164
123 168
123 169
124 10
124 18
124 20
124 22
124 24
124 28
124 44
124 51
124 59
124 68
124 72
124 73
124 80
124 81
124 84
124 88
124 100
124 110
124 118
124 120
124 132
124 133
124 150
124 152
124 161
125 2
125 11
125 25
125 30
125 31
125 33
125 40
125 49
125 50
125 55
125 68
125 69
125 82
125 92
125 103
125 105
125 110
125 111
125 116
125 130
125 132
125 148
126 8
126 12
126 13
126 18
126 19
126 24
126 32
126 35
126 36
126 42
126 61
126 74
126 78
126 83
126 87
126 88
126 92
126 94
126 113
126 119
126 138
126 139
126 142
126 143
126 149
126 150
126 152
126 155
126 157
126 158
126 163
126 164
126 165
127 1
127 4
127 12
127 15
127 18
127 21
127 25
127 29
127 37
127 38
127 42
127 46
127 47
127 48
127 54
127 74
127 76
127 77
127 88
127 102
127 109
127 113
127 116
127 118
127 120
127 122
127 123
127 124
127 126
127 130
127 133
127 140
127 146
127 156
127 165
127 169
128 0
128 1
128 5
128 10
128 11
128 13
128 18
128 19
128 26
128 35
128 38
128 46
128 47
128 51
128 66
128 69
128 70
128 73
128 75
128 84
128 87
128 89
128 95
128 102
128 105
128 118
128 134
128 146
128 153
128 158
128 159
128 161
128 162
128 163
128 169
129 0
129 3
129 5
129 8
129 10
129 21
129 30
129 38
129 43
129 48
129 54
129 60
129 62
129 65
129 68
129 71
129 79
129 81
129 96
129 98
129 101
129 103
129 104
129 112
129 114
129 121
129 128
129 133
129 154
129 165
129 167
129 169
130 23
130 33
130 47
130 52
130 59
130 69
130 70
130 75
130 76
130 78
130 100
130 101
130 106
130 107
130 110
130 118
130 125
130 135
130 141
130 146
130 150
130 157
130 162
131 0
131 4
131 7
131 12
131 13
131 17
131 31
131 32
131 36
131 42
131 45
131 56
131 57
131 60
131 64
131 65
131 68
131 71
131 73
131 74
131 78
131 79
131 82
131 87
131 89
131 95
131 96
131 104
131 106
131 112
131 115
131 120
131 122
131 126
131 142
131 146
131 152
131 153
131 166
131 168
132 1
132 2
132 5
132 8
132 9
132 13
132 19
132 20
132 24
132 30
132 41
132 43
132 45
132 46
132 50
132 57
132 62
132 71
132 72
132 82
132 84
132 95
132 96
132 101
132 102
132 104
132 108
132 120
132 124
132 127
132 138
132 140
132 141
132 143
132 146
132 149
132 150
132 154
132 163
132 169
133 5
133 7
133 18
133 19
133 23
133 29
133 37
133 39
133 41
133 43
133 45
133 50
133 53
133 56
133 60
133 61
133 63
133 66
133 72
133 83
133 84
133 91
133 95
133 99
133 104
133 105
133 119
133 120
133 121
133 123
133 124
133 130
133 133
133 145
133 158
133 159
133 160
133 166
133 167
133 169
134 1
134 4
134 9
134 23
134 30
134 38
134 39
134 45
134 50
134 59
134 60
134 63
134 67
134 68
134 69
134 72
134 74
134 75
134 81
134 82
134 86
134 88
134 94
134 95
134 96
134 104
134 108
134 110
134 121
134 129
134 136
134 140
134 142
134 149
134 156
134 158
134 164
135 1
135 2
135 4
135 5
135 10
135 15
135 20
135 21
135 28
135 29
135 32
135 43
135 51
135 60
135 63
135 72
135 76
135 77
135 79
135 88
135 95
135 102
135 110
135 113
135 115
135 121
135 124
135 127
135 133
135 136
135 142
135 144
135 145
135 147
135 148
135 154
135 155
135 156
135 158
136 6
136 13
136 30
136 31
136 39
136 47
136 51
136 56
136 60
136 68
136 71
136 75
136 94
136 109
136 112
136 113
136 114
136 116
136 117
136 119
136 146
136 149
136 150
136 158
136 160
136 165
137 3
137 10
137 11
137 17
137 19
137 47
137 49
137 51
137 56
137 64
137 69
137 72
137 91
137 97
137 99
137 101
137 105
137 111
137 116
137 118
137 125
137 128
137 133
137 136
137 151
137 156
137 160
137 163
137 168
137 169
138 5
138 8
138 10
138 14
138 18
138 34
138 36
138 42
138 44
138 49
138 54
138 57
138 63
138 64
138 70
138 71
138 73
138 97
138 102
138 106
138 108
138 113
138 124
138 126
138 127
138 129
138 135
138 144
138 156
138 160
138 162
139 2
139 4
139 5
139 8
139 10
139 14
139 17
139 20
139 23
139 26
139 27
139 32
139 39
139 40
139 42
139 45
139 60
139 67
139 69
139 71
139 72
139 74
139 76
139 82
139 84
139 85
139 87
139 88
139 90
139 92
139 101
139 103
139 104
139 106
139 108
139 111
139 113
139 117
139 120
139 121
139 122
139 123
139 124
139 126
139 132
139 139
139 141
139 143
139 144
139 147
139 148
139 156
139 162
140 0
140 3
140 14
140 29
140 30
140 31
140 32
140 34
140 37
140 40
140 49
140 53
140 62
140 64
140 65
140 76
140 79
140 82
140 83
140 103
140 113
140 117
140 129
140 132
140 135
140 146
140 152
140 159
140 169
141 1
141 2
141 4
141 5
141 10
141 11
141 13
141 17
141 21
141 25
141 42
141 47
141 50
141 51
141 56
141 60
141 62
141 68
141 70
141 72
141 75
141 82
141 85
141 96
141 105
141 109
141 113
141 115
141 116
141 119
141 121
141 132
141 133
141 140
141 142
141 144
141 147
141 149
141 152
141 153
141 157
141 161
141 164
142 3
142 7
142 9
142 10
142 11
142 16
142 17
142 24
142 28
142 32
142 36
142 38
142 50
142 51
142 59
142 66
142 69
142 80
142 82
142 109
142 112
142 114
142 115
142 116
142 118
142 122
142 130
142 133
142 160
142 168
142 169
143 4
143 14
143 28
143 29
143 35
143 53
143 55
143 57
143 61
143 65
143 66
143 68
143 77
143 84
143 85
143 104
143 115
143 138
143 140
143 141
143 154
143 159
143 161
144 9
144 10
144 16
144 23
144 32
144 36
144 52
144 56
144 57
144 58
144 63
144 65
144 71
144 74
144 75
144 76
144 77
144 78
144 79
144 91
144 92
144 102
144 106
144 116
144 128
144 131
144 132
144 133
144 136
144 142
144 152
144 153
144 155
144 156
144 161
144 166
145 0
145 3
145 9
145 19
145 24
145 32
145 36
145 38
145 40
145 51
145 57
145 58
145 60
145 61
145 62
145 63
145 72
145 80
145 84
145 89
145 93
145 94
145 102
145 126
145 128
145 130
145 134
145 137
145 146
145 147
145 148
145 154
145 158
146 5
146 8
146 17
146 19
146 24
146 27
146 28
146 38
146 58
146 67
146 73
146 84
146 86
146 89
146 94
146 95
146 98
146 101
146 107
146 113
146 116
146 123
146 124
146 128
146 130
146 137
146 144
146 147
146 151
146 155
146 156
146 160
146 166
146 168
146 169
147 0
147 1
147 3
147 6
147 7
147 8
147 12
147 14
147 16
147 17
147 19
147 21
147 26
147 29
147 31
147 37
147 38
147 40
147 50
147 54
147 69
147 70
147 71
147 74
147 76
147 89
147 93
147 94
147 96
147 97
147 101
147 111
147 120
147 121
147 135
147 142
147 143
147 144
147 145
147 163
148 8
148 9
148 17
148 26
148 28
148 36
148 37
148 38
148 42
148 44
148 46
148 48
148 56
148 61
148 63
148 75
148 78
148 79
148 85
148 93
148 98
148 102
148 104
148 107
148 110
148 111
148 113
148 123
148 127
148 136
148 140
148 152
148 155
148 166
148 167
149 7
149 10
149 20
149 22
149 23
149 30
149 43
149 48
149 50
149 51
149 53
149 55
149 58
149 69
149 71
149 78
149 86
149 97
149 99
149 101
149 102
149 107
149 112
149 113
149 116
149 121
149 128
149 129
149 130
149 132
149 133
149 149
149 154
149 161
149 162
149 168
149 169
150 9
150 23
150 25
150 28
150 37
150 40
150 41
150 52
150 54
150 60
150 61
150 66
150 78
150 80
150 81
150 86
150 91
150 92
150 95
150 102
150 110
150 112
150 120
150 123
150 124
150 126
150 129
150 135
150 136
150 137
150 141
150 158
150 163
150 164
151 7
151 14
151 15
151 16
151 22
151 26
151 29
151 35
151 38
151 47
151 50
151 52
151 69
151 74
151 75
151 79
151 83
151 90
151 96
151 99
151 100
151 103
151 105
151 112
151 114
151 131
151 136
151 137
151 140
151 143
151 153
151 157
152 3
152 10
152 16
152 17
152 20
152 25
152 31
152 34
152 36
152 37
152 38
152 46
152 52
152 59
152 61
152 65
152 66
152 71
152 78
152 80
152 87
152 103
152 108
152 119
152 120
152 135
152 138
152 139
152 141
152 143
152 148
152 149
152 158
152 159
152 168
153 6
153 17
153 22
153 27
153 31
153 41
153 43
153 47
153 50
153 60
153 61
153 65
153 70
153 73
153 74
153 77
153 81
153 83
153 84
153 87
153 93
153 94
153 99
153 100
153 121
153 123
153 125
153 128
153 133
153 139
153 143
153 156
153 164
153 166
153 168
154 4
154 6
154 7
154 11
154 16
154 22
154 39
154 46
154 75
154 77
154 87
154 90
154 94
154 99
154 101
154 109
154 111
154 114
154 123
154 128
154 140
154 145
154 155
154 156
154 157
154 159
154 160
154 161
155 3
155 12
155 22
155 33
155 38
155 49
155 50
155 53
155 54
155 56
155 86
155 88
155 99
155 101
155 104
155 108
155 112
155 115
155 119
155 121
155 130
155 137
155 138
155 144
155 149
155 150
155 153
155 154
155 155
155 158
156 2
156 3
156 5
156 6
156 13
156 22
156 26
156 27
156 32
156 35
156 38
156 42
156 43
156 44
156 45
156 60
156 69
156 75
156 77
156 79
156 81
156 85
156 96
156 99
156 110
156 111
156 112
156 125
156 126
156 127
156 133
156 138
156 155
156 159
156 169
157 1
157 3
157 4
157 5
157 7
157 32
157 37
157 41
157 43
157 45
157 47
157 54
157 56
157 57
157 59
157 62
157 74
157 77
157 79
157 83
157 84
157 90
157 94
157 106
157 107
157 115
157 120
157 124
157 126
157 136
157 137
157 141
157 144
157 148
157 155
157 157
157 162
157 165
158 0
158 2
158 11
158 13
158 14
158 23
158 32
158 33
158 35
158 54
158 66
158 69
158 75
158 78
158 84
158 90
158 99
158 103
158 104
158 105
158 106
158 107
158 112
158 115
158 117
158 122
158 140
158 144
158 145
158 148
158 153
158 157
158 159
159 1
159 3
159 5
159 11
159 13
159 16
159 24
159 25
159 31
159 35
159 37
159 38
159 40
159 42
159 55
159 56
159 58
159 59
159 60
159 68
159 70
159 71
159 72
159 73
159 76
159 82
159 86
159 94
159 113
159 120
159 121
159 124
159 127
159 131
159 132
159 140
159 145
159 159
159 166
160 7
160 14
160 15
160 21
160 29
160 34
160 40
160 42
160 47
160 49
160 50
160 51
160 65
160 72
160 75
160 86
160 97
160 99
160 100
160 101
160 102
160 115
160 118
160 123
160 132
160 134
160 135
160 144
160 157
160 158
160 161
160 165
160 167
161 5
161 8
161 17
161 23
161 25
161 41
161 44
161 46
161 47
161 48
161 51
161 56
161 62
161 65
161 68
161 69
161 70
161 95
161 101
161 122
161 132
161 134
161 137
161 138
161 140
161 141
161 143
161 144
161 161
161 163
161 165
162 1
162 2
162 7
162 9
162 12
162 15
162 16
162 18
162 19
162 21
162 22
162 25
162 26
162 35
162 40
162 47
162 57
162 58
162 62
162 63
162 68
162 75
162 77
162 82
162 84
162 90
162 93
162 95
162 96
162 99
162 100
162 109
162 110
162 112
162 132
162 136
162 137
162 138
162 145
162 147
162 148
162 151
162 155
162 163
162 169
163 10
163 15
163 25
163 32
163 48
163 52
163 56
163 61
163 69
163 72
163 77
163 80
163 86
163 87
163 99
163 108
163 110
163 120
163 124
163 126
163 136
163 143
163 147
163 152
163 157
163 159
163 162
163 164
163 166
164 1
164 3
164 4
164 8
164 24
164 27
164 35
164 40
164 43
164 50
164 56
164 64
164 69
164 73
164 82
164 89
164 90
164 98
164 103
164 104
164 115
164 127
164 128
164 142
164 148
164 151
164 154
164 160
164 166
165 21
165 26
165 33
165 36
165 37
165 38
165 41
165 52
165 55
165 56
165 59
165 60
165 62
165 63
165 75
165 80
165 86
165 89
165 92
165 95
165 96
165 102
165 109
165 119
165 123
165 127
165 130
165 131
165 142
165 143
165 149
165 153
165 154
165 159
165 160
165 161
165 164
165 167
166 1
166 9
166 11
166 12
166 19
166 25
166 27
166 31
166 41
166 44
166 46
166 48
166 50
166 64
166 69
166 74
166 77
166 78
166 82
166 84
166 100
166 101
166 113
166 117
166 123
166 125
166 135
166 139
166 143
166 144
166 145
166 147
166 149
166 150
166 152
166 154
166 157
166 164
166 167
167 3
167 4
167 16
167 27
167 29
167 30
167 39
167 42
167 53
167 54
167 58
167 64
167 68
167 76
167 86
167 87
167 89
167 97
167 101
167 103
167 113
167 124
167 140
167 145
167 149
167 155
167 159
168 1
168 3
168 6
168 24
168 33
168 35
168 39
168 42
168 48
168 50
168 77
168 96
168 108
168 111
168 128
168 139
168 148
168 159
169 9
169 15
169 17
169 18
169 26
169 31
169 36
169 37
169 38
169 50
169 53
169 62
169 69
169 71
169 77
169 84
169 91
169 106
169 108
169 112
169 117
169 119
169 124
169 125
169 143
169 144
169 146
169 148
169 149
169 152
169 166
