180
6480
0 6
0 7
0 8
0 32
0 37
0 39
0 46
0 60
0 65
0 66
0 72
0 78
0 80
0 85
0 104
0 107
0 112
0 125
0 128
0 134
0 136
0 138
0 148
0 149
0 151
0 154
0 156
0 158
0 160
0 163
0 165
0 169
0 172
0 176
1 4
1 7
1 8
1 9
1 11
1 12
1 14
1 16
1 24
1 26
1 30
1 39
1 41
1 45
1 56
1 58
1 64
1 70
1 73
1 80
1 86
1 88
1 89
1 90
1 100
1 108
1 114
1 115
1 119
1 135
1 151
1 152
1 159
1 161
1 162
1 172
2 19
2 26
2 27
2 29
2 34
2 39
2 41
2 50
2 52
2 54
2 55
2 63
2 65
2 66
2 69
2 71
2 74
2 75
2 78
2 80
2 88
2 89
2 91
2 101
2 117
2 127
2 129
2 139
2 140
2 147
2 151
2 159
2 167
2 176
3 0
3 3
3 18
3 28
3 32
3 35
3 49
3 59
3 74
3 79
3 87
3 93
3 95
3 96
3 99
3 103
3 105
3 109
3 112
3 119
3 125
3 131
3 132
3 139
3 140
3 145
3 149
3 153
3 157
3 162
3 177
3 179
4 4
4 7
4 11
4 18
4 19
4 23
4 27
4 30
4 31
4 33
4 35
4 36
4 38
4 39
4 41
4 45
4 48
4 50
4 57
4 61
4 67
4 77
4 83
4 84
4 85
4 88
4 104
4 120
4 124
4 140
4 142
4 144
4 153
4 157
4 168
4 170
4 177
5 8
5 9
5 11
5 15
5 25
5 30
5 49
5 53
5 54
5 60
5 61
5 65
5 67
5 68
5 79
5 80
5 86
5 87
5 88
5 89
5 93
5 99
5 102
5 107
5 117
5 138
5 139
5 140
5 148
5 153
5 155
5 161
5 169
5 175
6 5
6 6
6 12
6 13
6 25
6 26
6 42
6 44
6 49
6 50
6 55
6 62
6 65
6 67
6 96
6 102
6 104
6 105
6 107
6 121
6 123
6 124
6 125
6 126
6 132
6 135
6 139
6 140
6 145
6 148
6 155
6 162
6 170
6 171
6 172
6 177
6 179
7 0
7 4
7 10
7 20
7 29
7 33
7 37
7 39
7 40
7 42
7 44
7 45
7 46
7 50
7 51
7 53
7 60
7 71
7 73
7 76
7 83
7 90
7 94
7 110
7 112
7 121
7 123
7 124
7 130
7 133
7 138
7 139
7 140
7 142
7 144
7 146
7 149
7 157
7 169
7 171
7 173
7 175
7 176
8 12
8 13
8 15
8 21
8 23
8 26
8 27
8 28
8 32
8 33
8 36
8 40
8 76
8 85
8 88
8 92
8 98
8 99
8 102
8 116
8 119
8 122
8 123
8 128
8 132
8 140
8 141
8 143
8 146
8 151
8 154
8 156
8 159
8 161
8 174
9 13
9 15
9 26
9 29
9 34
9 37
9 41
9 42
9 51
9 60
9 63
9 65
9 67
9 72
9 74
9 76
9 84
9 89
9 92
9 94
9 102
9 105
9 124
9 126
9 133
9 139
9 149
9 175
9 177
10 4
10 5
10 9
10 14
10 23
10 27
10 29
10 45
10 52
10 59
10 60
10 66
10 67
10 72
10 73
10 83
10 84
10 91
10 95
10 96
10 97
10 99
10 106
10 110
10 111
10 112
10 114
10 120
10 131
10 140
10 144
10 152
10 157
11 0
11 3
11 7
11 10
11 21
11 28
11 29
11 31
11 37
11 44
11 45
11 47
11 52
11 55
11 59
11 61
11 71
11 78
11 89
11 90
11 101
11 109
11 113
11 116
11 119
11 124
11 131
11 145
11 149
11 151
11 169
11 179
12 1
12 5
12 8
12 12
12 14
12 20
12 35
12 36
12 59
12 61
12 62
12 70
12 79
12 87
12 89
12 92
12 100
12 102
12 107
12 108
12 114
12 115
12 121
12 125
12 126
12 128
12 136
12 144
12 145
12 146
12 150
12 153
12 154
12 158
12 166
12 167
12 173
13 3
13 6
13 7
13 23
13 25
13 30
13 31
13 37
13 38
13 42
13 43
13 44
13 55
13 59
13 62
13 66
13 69
13 77
13 81
13 86
13 91
13 99
13 100
13 105
13 107
13 108
13 112
13 115
13 124
13 130
13 133
13 134
13 139
13 140
13 141
13 142
13 145
13 146
13 147
13 148
13 149
13 153
13 156
13 162
13 166
13 171
13 177
14 11
14 18
14 19
14 20
14 22
14 26
14 27
14 31
14 36
14 39
14 42
14 52
14 59
14 60
14 64
14 73
14 79
14 87
14 102
14 104
14 112
14 116
14 117
14 122
14 127
14 128
14 129
14 146
14 156
14 159
14 163
14 165
14 172
14 175
14 179
15 0
15 1
15 2
15 4
15 6
15 13
15 14
15 21
15 23
15 25
15 26
15 27
15 28
15 30
15 33
15 39
15 41
15 44
15 49
15 58
15 60
15 61
15 64
15 65
15 70
15 71
15 78
15 79
15 80
15 81
15 86
15 87
15 88
15 116
15 118
15 120
15 122
15 132
15 141
15 144
15 145
15 146
15 152
15 157
15 179
16 9
16 16
16 18
16 22
16 24
16 33
16 34
16 36
16 45
16 54
16 56
16 58
16 60
16 66
16 71
16 75
16 76
16 77
16 81
16 82
16 83
16 99
16 101
16 105
16 110
16 117
16 129
16 130
16 131
16 137
16 148
16 155
16 158
16 168
16 170
16 171
16 173
16 177
16 179
17 0
17 7
17 10
17 15
17 22
17 25
17 28
17 33
17 39
17 42
17 47
17 48
17 53
17 55
17 68
17 70
17 77
17 86
17 87
17 109
17 110
17 111
17 116
17 121
17 131
17 141
17 154
17 155
17 159
17 160
17 167
17 170
18 3
18 12
18 14
18 18
18 22
18 25
18 27
18 40
18 47
18 57
18 59
18 60
18 62
18 65
18 69
18 70
18 81
18 89
18 92
18 97
18 104
18 105
18 106
18 107
18 108
18 109
18 113
18 120
18 124
18 125
18 128
18 130
18 135
18 140
18 148
18 150
18 165
18 166
18 174
19 5
19 10
19 11
19 16
19 22
19 26
19 45
19 48
19 51
19 61
19 68
19 69
19 74
19 80
19 84
19 85
19 88
19 93
19 100
19 102
19 104
19 109
19 118
19 121
19 132
19 135
19 137
19 139
19 141
19 143
19 147
19 155
19 157
19 158
19 174
19 175
19 176
20 0
20 1
20 7
20 8
20 11
20 13
20 14
20 25
20 31
20 38
20 39
20 42
20 43
20 45
20 48
20 60
20 61
20 67
20 74
20 75
20 77
20 84
20 94
20 96
20 101
20 104
20 109
20 118
20 132
20 138
20 140
20 147
20 151
20 157
20 158
20 163
20 166
20 175
21 0
21 8
21 9
21 10
21 17
21 20
21 28
21 33
21 41
21 57
21 61
21 74
21 75
21 78
21 80
21 81
21 84
21 85
21 94
21 95
21 96
21 102
21 111
21 117
21 121
21 122
21 123
21 128
21 139
21 140
21 147
21 170
21 172
21 176
21 179
22 1
22 2
22 5
22 9
22 22
22 26
22 36
22 41
22 43
22 53
22 56
22 70
22 71
22 75
22 83
22 90
22 91
22 93
22 94
22 96
22 101
22 102
22 104
22 109
22 114
22 118
22 120
22 122
22 124
22 132
22 137
22 138
22 143
22 145
22 149
22 166
23 1
23 2
23 4
23 10
23 16
23 22
23 26
23 30
23 31
23 33
23 35
23 41
23 44
23 50
23 61
23 63
23 71
23 72
23 77
23 79
23 93
23 96
23 109
23 110
23 143
23 150
23 151
23 152
23 160
23 161
23 163
23 164
23 169
23 171
23 179
24 0
24 3
24 4
24 5
24 18
24 28
24 30
24 31
24 46
24 50
24 52
24 74
24 77
24 80
24 88
24 96
24 97
24 99
24 108
24 109
24 112
24 116
24 124
24 134
24 138
24 142
24 150
24 152
24 155
24 158
24 159
24 160
24 162
24 170
24 171
24 178
25 9
25 11
25 14
25 22
25 28
25 35
25 36
25 42
25 44
25 50
25 55
25 61
25 64
25 65
25 66
25 71
25 80
25 83
25 88
25 89
25 92
25 94
25 95
25 97
25 103
25 120
25 124
25 136
25 139
25 155
25 161
25 162
25 163
25 168
25 172
25 179
26 0
26 4
26 6
26 9
26 11
26 12
26 14
26 16
26 17
26 24
26 25
26 28
26 31
26 32
26 37
26 43
26 47
26 49
26 56
26 58
26 63
26 64
26 65
26 76
26 87
26 90
26 92
26 94
26 98
26 122
26 128
26 129
26 135
26 138
26 144
26 155
26 159
26 162
26 164
26 168
26 169
26 173
26 176
26 178
27 20
27 21
27 25
27 33
27 38
27 39
27 51
27 57
27 61
27 72
27 82
27 83
27 87
27 88
27 97
27 100
27 101
27 102
27 105
27 118
27 119
27 120
27 126
27 136
27 140
27 154
27 155
27 158
27 161
27 162
27 165
27 166
27 170
28 2
28 3
28 4
28 5
28 7
28 8
28 11
28 13
28 18
28 21
28 23
28 24
28 29
28 30
28 34
28 35
28 37
28 45
28 48
28 55
28 60
28 66
28 75
28 89
28 91
28 100
28 114
28 124
28 128
28 135
28 138
28 143
28 150
28 154
28 172
29 1
29 11
29 14
29 25
29 31
29 34
29 42
29 47
29 48
29 50
29 55
29 71
29 82
29 97
29 103
29 115
29 124
29 132
29 136
29 138
29 150
29 164
29 166
29 174
30 5
30 6
30 11
30 22
30 29
30 34
30 37
30 39
30 42
30 44
30 50
30 51
30 52
30 56
30 57
30 58
30 59
30 67
30 73
30 76
30 82
30 83
30 92
30 95
30 98
30 124
30 126
30 127
30 143
30 145
30 151
30 153
30 154
30 174
30 176
30 177
31 1
31 13
31 16
31 18
31 33
31 38
31 39
31 41
31 42
31 50
31 58
31 71
31 72
31 77
31 82
31 88
31 90
31 107
31 113
31 122
31 129
31 136
31 137
31 138
31 139
31 143
31 157
31 164
31 168
31 171
31 174
31 177
31 178
32 11
32 15
32 19
32 20
32 21
32 25
32 26
32 27
32 37
32 47
32 50
32 55
32 63
32 65
32 68
32 70
32 77
32 82
32 85
32 93
32 97
32 103
32 106
32 110
32 112
32 118
32 126
32 129
32 131
32 132
32 133
32 139
32 140
32 143
32 146
32 158
32 177
32 178
33 4
33 7
33 12
33 21
33 23
33 29
33 30
33 40
33 44
33 50
33 58
33 66
33 71
33 79
33 81
33 82
33 84
33 93
33 95
33 100
33 105
33 109
33 110
33 111
33 116
33 120
33 121
33 122
33 123
33 125
33 134
33 138
33 140
33 141
33 144
33 145
33 147
33 161
33 165
33 169
33 170
33 172
33 178
34 3
34 11
34 12
34 21
34 22
34 24
34 32
34 38
34 40
34 44
34 48
34 59
34 70
34 71
34 73
34 74
34 77
34 78
34 85
34 89
34 98
34 112
34 136
34 140
34 145
34 146
34 149
34 176
35 3
35 9
35 10
35 12
35 22
35 31
35 42
35 48
35 53
35 54
35 55
35 57
35 58
35 66
35 67
35 68
35 71
35 79
35 86
35 89
35 91
35 96
35 100
35 106
35 116
35 118
35 119
35 128
35 133
35 137
35 138
35 142
35 147
35 151
35 155
35 156
35 162
35 167
35 172
35 175
36 0
36 2
36 3
36 6
36 11
36 13
36 16
36 19
36 22
36 44
36 45
36 66
36 77
36 78
36 79
36 91
36 101
36 102
36 111
36 112
36 116
36 120
36 133
36 137
36 141
36 146
36 151
36 152
36 158
36 162
36 173
37 3
37 14
37 17
37 22
37 24
37 30
37 36
37 43
37 46
37 54
37 55
37 65
37 69
37 77
37 81
37 82
37 84
37 92
37 94
37 103
37 110
37 116
37 117
37 121
37 125
37 127
37 129
37 132
37 133
37 136
37 143
37 152
37 157
37 158
37 160
37 166
37 172
38 8
38 12
38 15
38 18
38 34
38 35
38 39
38 49
38 52
38 64
38 70
38 75
38 83
38 93
38 107
38 114
38 116
38 160
38 171
38 173
39 0
39 1
39 4
39 16
39 19
39 22
39 24
39 26
39 29
39 31
39 33
39 36
39 38
39 42
39 49
39 50
39 51
39 52
39 57
39 62
39 65
39 89
39 94
39 95
39 96
39 99
39 107
39 122
39 125
39 129
39 134
39 139
39 160
39 177
40 4
40 14
40 18
40 26
40 29
40 35
40 37
40 45
40 56
40 65
40 69
40 70
40 71
40 76
40 79
40 80
40 83
40 89
40 90
40 91
40 96
40 97
40 102
40 103
40 128
40 130
40 141
40 150
40 157
40 161
40 162
40 165
41 0
41 5
41 10
41 12
41 14
41 21
41 25
41 26
41 38
41 45
41 49
41 60
41 63
41 64
41 73
41 74
41 76
41 77
41 82
41 84
41 98
41 101
41 102
41 111
41 113
41 121
41 127
41 128
41 131
41 137
41 143
41 152
41 155
41 157
41 169
41 170
41 172
41 174
41 177
42 1
42 4
42 8
42 12
42 15
42 16
42 17
42 18
42 23
42 24
42 28
42 31
42 34
42 36
42 39
42 41
42 42
42 44
42 49
42 54
42 55
42 66
42 69
42 86
42 87
42 93
42 95
42 96
42 98
42 102
42 104
42 109
42 112
42 120
42 126
42 131
42 133
42 134
42 139
42 146
42 149
42 154
42 155
42 157
42 162
42 165
42 167
42 168
42 169
42 170
42 173
42 176
42 179
43 8
43 12
43 14
43 22
43 24
43 27
43 28
43 32
43 33
43 35
43 41
43 51
43 62
43 65
43 73
43 79
43 81
43 87
43 91
43 94
43 96
43 103
43 105
43 106
43 111
43 117
43 141
43 146
43 149
43 150
43 153
43 167
43 177
43 178
44 1
44 3
44 12
44 15
44 24
44 27
44 29
44 35
44 37
44 52
44 57
44 70
44 71
44 77
44 79
44 82
44 86
44 89
44 93
44 102
44 106
44 110
44 115
44 116
44 117
44 119
44 124
44 129
44 130
44 133
44 137
44 140
44 146
44 150
44 155
44 156
44 164
44 166
44 169
44 173
44 177
44 178
45 18
45 19
45 20
45 21
45 26
45 29
45 31
45 33
45 40
45 43
45 45
45 46
45 49
45 54
45 58
45 63
45 67
45 72
45 73
45 74
45 78
45 80
45 87
45 88
45 94
45 99
45 101
45 104
45 112
45 113
45 120
45 131
45 132
45 133
45 139
45 140
45 149
45 153
45 156
45 159
45 168
45 175
46 4
46 6
46 13
46 28
46 44
46 47
46 51
46 64
46 65
46 68
46 76
46 77
46 86
46 99
46 103
46 106
46 114
46 116
46 122
46 127
46 130
46 135
46 152
46 156
46 157
46 159
46 163
46 164
46 168
46 174
46 178
47 0
47 13
47 23
47 24
47 33
47 39
47 40
47 44
47 46
47 48
47 58
47 73
47 74
47 79
47 83
47 93
47 103
47 109
47 132
47 140
47 141
47 147
47 158
47 160
47 162
47 163
47 166
47 168
47 172
47 177
48 0
48 1
48 5
48 9
48 15
48 16
48 20
48 23
48 24
48 26
48 29
48 33
48 42
48 44
48 50
48 51
48 53
48 68
48 71
48 72
48 84
48 85
48 88
48 92
48 96
48 103
48 105
48 106
48 115
48 118
48 119
48 126
48 138
48 141
48 151
48 158
48 162
48 164
48 166
48 167
48 172
48 173
49 2
49 12
49 22
49 24
49 35
49 41
49 42
49 45
49 47
49 49
49 54
49 55
49 57
49 58
49 66
49 71
49 72
49 73
49 81
49 88
49 89
49 93
49 97
49 98
49 99
49 109
49 112
49 114
49 115
49 120
49 124
49 128
49 132
49 143
49 147
49 151
49 154
49 162
49 165
49 169
49 172
49 175
49 176
49 178
50 1
50 4
50 7
50 12
50 15
50 17
50 18
50 22
50 26
50 30
50 33
50 39
50 41
50 42
50 44
50 47
50 50
50 67
50 72
50 78
50 82
50 95
50 96
50 108
50 114
50 122
50 140
50 144
50 145
50 146
50 149
50 160
50 169
50 170
50 176
51 2
51 7
51 32
51 43
51 63
51 69
51 71
51 87
51 89
51 91
51 92
51 95
51 98
51 108
51 114
51 122
51 123
51 125
51 126
51 133
51 137
51 141
51 155
51 156
51 157
51 172
51 177
51 178
52 1
52 14
52 16
52 18
52 23
52 29
52 38
52 50
52 57
52 61
52 65
52 66
52 67
52 69
52 70
52 74
52 77
52 80
52 86
52 88
52 101
52 111
52 115
52 119
52 125
52 126
52 132
52 133
52 138
52 148
52 154
52 157
52 159
52 166
52 169
53 1
53 4
53 5
53 9
53 11
53 21
53 23
53 24
53 35
53 51
53 52
53 62
53 63
53 67
53 68
53 72
53 74
53 76
53 77
53 78
53 79
53 81
53 87
53 98
53 99
53 101
53 106
53 107
53 116
53 121
53 122
53 133
53 144
53 154
53 156
53 157
53 158
53 166
53 176
54 2
54 3
54 13
54 17
54 19
54 21
54 31
54 32
54 39
54 44
54 45
54 46
54 48
54 49
54 61
54 63
54 73
54 75
54 79
54 81
54 89
54 90
54 93
54 110
54 113
54 115
54 118
54 122
54 129
54 144
54 146
54 148
54 154
54 157
54 160
54 165
54 166
54 170
54 173
55 7
55 15
55 16
55 19
55 21
55 28
55 35
55 42
55 57
55 70
55 74
55 77
55 78
55 82
55 86
55 92
55 96
55 101
55 102
55 103
55 106
55 116
55 119
55 134
55 145
55 146
55 148
55 150
55 160
55 163
55 165
55 170
55 178
56 0
56 2
56 7
56 9
56 25
56 26
56 32
56 34
56 38
56 50
56 52
56 55
56 56
56 59
56 77
56 79
56 85
56 93
56 94
56 95
56 96
56 106
56 109
56 110
56 112
56 125
56 127
56 128
56 132
56 138
56 141
56 144
56 145
56 147
56 150
56 153
56 162
56 163
56 164
56 165
56 166
57 2
57 6
57 9
57 10
57 24
57 33
57 38
57 44
57 46
57 49
57 51
57 52
57 56
57 61
57 64
57 65
57 75
57 79
57 80
57 81
57 82
57 86
57 98
57 110
57 128
57 135
57 143
57 153
57 156
57 159
57 163
57 171
57 175
58 6
58 8
58 14
58 15
58 23
58 33
58 39
58 44
58 47
58 48
58 51
58 53
58 60
58 65
58 66
58 72
58 79
58 83
58 91
58 93
58 99
58 101
58 107
58 110
58 111
58 113
58 119
58 127
58 129
58 130
58 133
58 138
58 144
58 147
58 156
58 157
58 161
58 162
58 164
58 169
58 171
58 174
59 5
59 6
59 10
59 17
59 32
59 39
59 42
59 44
59 51
59 58
59 62
59 63
59 69
59 70
59 75
59 82
59 86
59 93
59 109
59 111
59 114
59 115
59 117
59 120
59 129
59 130
59 138
59 145
59 146
59 166
59 168
59 174
59 178
59 179
60 1
60 3
60 6
60 8
60 10
60 22
60 23
60 30
60 31
60 38
60 53
60 55
60 57
60 61
60 62
60 63
60 65
60 75
60 84
60 86
60 94
60 95
60 100
60 103
60 104
60 116
60 117
60 133
60 143
60 147
60 151
60 156
60 175
61 2
61 5
61 12
61 16
61 18
61 22
61 26
61 27
61 30
61 34
61 36
61 54
61 58
61 60
61 64
61 65
61 67
61 70
61 86
61 88
61 89
61 90
61 93
61 102
61 103
61 112
61 126
61 136
61 140
61 144
61 149
61 155
61 169
61 179
62 2
62 3
62 7
62 8
62 9
62 11
62 31
62 37
62 40
62 44
62 47
62 59
62 63
62 69
62 72
62 73
62 75
62 79
62 85
62 86
62 87
62 92
62 93
62 100
62 103
62 104
62 106
62 107
62 117
62 118
62 154
62 175
62 176
62 179
63 0
63 5
63 10
63 12
63 15
63 19
63 20
63 37
63 40
63 41
63 47
63 49
63 67
63 71
63 76
63 77
63 79
63 80
63 81
63 99
63 103
63 106
63 116
63 122
63 128
63 131
63 132
63 134
63 135
63 139
63 148
63 155
63 156
63 157
63 169
63 174
64 13
64 16
64 17
64 20
64 21
64 22
64 27
64 28
64 34
64 36
64 38
64 45
64 55
64 63
64 65
64 68
64 70
64 77
64 78
64 99
64 104
64 105
64 110
64 118
64 122
64 130
64 135
64 137
64 151
64 161
64 170
64 171
65 1
65 6
65 21
65 25
65 37
65 47
65 50
65 60
65 62
65 63
65 64
65 73
65 76
65 82
65 85
65 89
65 95
65 102
65 111
65 120
65 127
65 128
65 130
65 144
65 145
65 156
65 158
65 159
65 161
65 165
65 168
65 176
65 179
66 3
66 14
66 17
66 19
66 27
66 28
66 34
66 40
66 43
66 44
66 57
66 60
66 61
66 64
66 68
66 70
66 73
66 75
66 81
66 84
66 91
66 92
66 95
66 97
66 102
66 113
66 115
66 117
66 119
66 128
66 133
66 140
66 159
66 168
66 174
66 176
66 177
67 11
67 12
67 18
67 19
67 24
67 39
67 42
67 46
67 60
67 62
67 63
67 65
67 72
67 80
67 81
67 82
67 86
67 88
67 89
67 91
67 97
67 98
67 107
67 112
67 117
67 118
67 120
67 123
67 125
67 138
67 166
67 173
67 174
67 175
67 176
68 5
68 12
68 16
68 22
68 27
68 28
68 30
68 35
68 47
68 58
68 62
68 64
68 67
68 68
68 69
68 70
68 79
68 80
68 84
68 95
68 96
68 113
68 123
68 133
68 135
68 147
68 151
68 158
68 160
68 162
68 176
69 1
69 17
69 20
69 22
69 24
69 26
69 27
69 28
69 40
69 47
69 49
69 50
69 62
69 64
69 69
69 74
69 77
69 78
69 85
69 87
69 91
69 109
69 116
69 117
69 122
69 123
69 124
69 136
69 145
69 151
69 153
69 154
69 161
69 174
69 178
70 1
70 5
70 15
70 18
70 20
70 22
70 34
70 39
70 42
70 54
70 58
70 65
70 77
70 78
70 109
70 115
70 118
70 120
70 121
70 122
70 138
70 140
70 145
70 146
70 149
70 154
70 157
70 163
70 165
70 166
70 167
70 168
70 169
70 170
70 173
70 178
71 3
71 7
71 17
71 25
71 27
71 31
71 33
71 35
71 38
71 39
71 41
71 45
71 58
71 68
71 71
71 88
71 95
71 96
71 97
71 101
71 105
71 130
71 132
71 133
71 137
71 140
71 141
71 143
71 146
71 150
71 153
71 162
71 165
71 169
71 172
71 174
71 176
71 178
71 179
72 3
72 4
72 7
72 9
72 16
72 20
72 22
72 31
72 36
72 39
72 46
72 47
72 49
72 54
72 59
72 60
72 62
72 63
72 66
72 70
72 73
72 74
72 84
72 87
72 93
72 94
72 111
72 112
72 117
72 125
72 130
72 133
72 134
72 136
72 139
72 142
72 151
72 154
72 157
72 159
72 161
72 168
73 0
73 1
73 2
73 10
73 15
73 24
73 25
73 27
73 35
73 36
73 49
73 53
73 55
73 60
73 63
73 68
73 77
73 96
73 101
73 103
73 105
73 108
73 109
73 114
73 119
73 120
73 122
73 128
73 137
73 138
73 154
73 166
73 167
73 168
73 179
74 0
74 1
74 5
74 6
74 10
74 13
74 19
74 27
74 29
74 38
74 48
74 56
74 59
74 60
74 61
74 81
74 82
74 87
74 88
74 95
74 107
74 111
74 112
74 122
74 123
74 124
74 137
74 145
74 146
74 155
74 160
74 161
74 162
74 165
74 172
74 176
75 1
75 2
75 5
75 17
75 18
75 22
75 29
75 30
75 38
75 47
75 52
75 53
75 58
75 67
75 68
75 74
75 83
75 88
75 91
75 94
75 95
75 106
75 110
75 115
75 121
75 127
75 130
75 133
75 136
75 137
75 147
75 152
75 153
75 160
75 162
75 164
75 175
76 0
76 1
76 6
76 11
76 17
76 19
76 22
76 25
76 28
76 29
76 34
76 35
76 44
76 45
76 48
76 49
76 57
76 58
76 61
76 64
76 73
76 76
76 89
76 90
76 96
76 98
76 101
76 104
76 107
76 113
76 115
76 117
76 122
76 124
76 136
76 138
76 142
76 144
76 147
76 152
76 159
76 160
76 168
76 170
76 179
77 6
77 11
77 12
77 15
77 18
77 19
77 21
77 22
77 23
77 24
77 26
77 32
77 40
77 49
77 59
77 72
77 81
77 89
77 90
77 94
77 95
77 102
77 105
77 125
77 128
77 132
77 134
77 146
77 155
77 160
77 161
77 162
77 163
78 2
78 14
78 15
78 31
78 40
78 51
78 64
78 75
78 79
78 90
78 97
78 102
78 103
78 107
78 117
78 118
78 123
78 132
78 135
78 140
78 142
78 146
78 149
78 158
78 160
78 161
78 162
78 163
78 165
78 166
78 174
79 1
79 9
79 11
79 16
79 17
79 23
79 26
79 28
79 34
79 35
79 45
79 47
79 56
79 59
79 65
79 74
79 75
79 76
79 83
79 88
79 97
79 99
79 104
79 115
79 124
79 125
79 145
79 151
79 153
79 166
79 170
79 173
79 174
80 3
80 10
80 11
80 15
80 17
80 30
80 31
80 32
80 33
80 35
80 48
80 57
80 70
80 76
80 83
80 97
80 103
80 104
80 105
80 106
80 107
80 109
80 114
80 115
80 118
80 122
80 125
80 126
80 128
80 139
80 141
80 151
80 154
80 158
80 162
80 171
80 179
81 0
81 6
81 9
81 10
81 44
81 49
81 51
81 52
81 56
81 77
81 87
81 88
81 90
81 96
81 99
81 102
81 103
81 104
81 109
81 118
81 120
81 133
81 137
81 139
81 142
81 145
81 148
81 178
82 2
82 6
82 16
82 21
82 30
82 34
82 51
82 75
82 77
82 80
82 82
82 85
82 96
82 101
82 102
82 110
82 115
82 116
82 118
82 124
82 141
82 142
82 144
82 147
82 148
82 149
82 150
82 151
82 156
82 157
82 167
82 175
83 1
83 7
83 9
83 13
83 16
83 18
83 28
83 32
83 36
83 46
83 53
83 54
83 66
83 75
83 81
83 85
83 87
83 90
83 98
83 102
83 103
83 122
83 129
83 131
83 133
83 138
83 155
83 157
83 159
83 175
83 177
83 179
84 11
84 19
84 30
84 37
84 41
84 44
84 56
84 67
84 74
84 76
84 77
84 82
84 85
84 93
84 96
84 99
84 105
84 111
84 113
84 114
84 124
84 125
84 128
84 131
84 137
84 146
84 152
84 154
84 162
84 165
84 168
84 170
84 176
85 1
85 2
85 10
85 35
85 37
85 45
85 47
85 52
85 53
85 56
85 57
85 63
85 68
85 70
85 74
85 75
85 79
85 80
85 85
85 87
85 104
85 107
85 109
85 110
85 111
85 121
85 123
85 125
85 126
85 129
85 131
85 132
85 136
85 153
85 156
85 164
85 168
85 171
86 5
86 10
86 12
86 13
86 29
86 32
86 40
86 43
86 45
86 47
86 52
86 64
86 75
86 79
86 80
86 82
86 88
86 89
86 94
86 107
86 109
86 112
86 125
86 136
86 138
86 150
86 152
86 157
86 161
86 162
86 163
86 167
86 168
86 176
87 8
87 11
87 14
87 22
87 29
87 30
87 40
87 47
87 53
87 55
87 61
87 65
87 66
87 78
87 87
87 92
87 93
87 102
87 104
87 108
87 110
87 111
87 113
87 114
87 116
87 117
87 121
87 126
87 134
87 138
87 141
87 143
87 148
87 154
87 161
87 163
87 168
87 176
88 0
88 6
88 8
88 9
88 10
88 13
88 20
88 25
88 32
88 33
88 37
88 40
88 43
88 48
88 61
88 74
88 80
88 88
88 92
88 93
88 96
88 101
88 125
88 129
88 133
88 137
88 139
88 153
88 168
88 172
88 176
89 1
89 5
89 7
89 12
89 15
89 20
89 24
89 30
89 31
89 37
89 41
89 42
89 43
89 44
89 47
89 48
89 50
89 51
89 62
89 64
89 70
89 76
89 81
89 84
89 94
89 104
89 106
89 107
89 108
89 109
89 114
89 115
89 120
89 121
89 122
89 130
89 133
89 140
89 143
89 146
89 148
89 150
89 154
89 163
89 168
89 169
89 171
89 177
90 2
90 4
90 13
90 17
90 18
90 29
90 31
90 34
90 36
90 44
90 48
90 64
90 65
90 66
90 72
90 86
90 91
90 99
90 102
90 118
90 132
90 157
90 159
90 163
90 167
90 168
90 169
90 175
90 178
91 3
91 11
91 14
91 19
91 27
91 34
91 35
91 38
91 40
91 43
91 48
91 51
91 67
91 71
91 75
91 78
91 85
91 96
91 107
91 114
91 116
91 117
91 122
91 128
91 130
91 131
91 138
91 147
91 150
91 152
91 154
91 155
91 167
91 174
91 179
92 3
92 11
92 25
92 26
92 31
92 33
92 35
92 44
92 55
92 56
92 90
92 102
92 105
92 117
92 124
92 125
92 126
92 127
92 145
92 148
92 153
92 157
92 174
92 176
92 178
93 7
93 14
93 17
93 18
93 21
93 22
93 23
93 38
93 39
93 40
93 49
93 50
93 61
93 66
93 68
93 73
93 74
93 75
93 79
93 87
93 96
93 98
93 99
93 100
93 107
93 111
93 122
93 132
93 146
93 153
93 159
93 165
93 166
93 168
93 176
94 2
94 5
94 13
94 14
94 20
94 33
94 34
94 35
94 43
94 55
94 62
94 64
94 70
94 71
94 75
94 77
94 80
94 86
94 88
94 100
94 104
94 109
94 115
94 117
94 118
94 120
94 121
94 124
94 129
94 132
94 145
94 152
94 158
94 160
94 164
94 171
94 176
95 1
95 4
95 6
95 13
95 21
95 24
95 44
95 45
95 56
95 65
95 73
95 90
95 93
95 98
95 101
95 103
95 110
95 115
95 118
95 120
95 123
95 128
95 134
95 135
95 136
95 147
95 162
95 163
95 164
95 168
95 172
96 1
96 3
96 11
96 12
96 17
96 18
96 31
96 36
96 40
96 43
96 46
96 52
96 53
96 54
96 58
96 73
96 75
96 79
96 82
96 91
96 93
96 103
96 107
96 113
96 114
96 123
96 135
96 145
96 149
96 152
96 155
96 158
96 162
96 164
96 172
96 179
97 2
97 4
97 8
97 10
97 13
97 14
97 17
97 21
97 25
97 34
97 36
97 38
97 41
97 45
97 47
97 59
97 63
97 65
97 67
97 70
97 85
97 87
97 94
97 99
97 102
97 107
97 111
97 113
97 119
97 121
97 125
97 134
97 142
97 146
97 151
97 152
97 153
97 155
97 160
97 162
97 166
97 167
97 170
98 6
98 7
98 8
98 16
98 17
98 24
98 33
98 34
98 43
98 45
98 50
98 52
98 53
98 57
98 59
98 61
98 62
98 64
98 67
98 71
98 76
98 78
98 79
98 83
98 84
98 114
98 116
98 122
98 128
98 138
98 139
98 156
98 158
98 171
98 176
98 178
99 0
99 3
99 15
99 16
99 24
99 28
99 41
99 42
99 47
99 49
99 52
99 59
99 62
99 65
99 67
99 82
99 86
99 87
99 98
99 102
99 103
99 112
99 118
99 124
99 125
99 126
99 132
99 133
99 135
99 139
99 151
99 153
99 155
99 158
99 161
99 162
99 165
99 166
99 167
99 171
99 177
99 178
100 3
100 8
100 14
100 17
100 27
100 29
100 30
100 31
100 34
100 49
100 58
100 59
100 66
100 69
100 71
100 79
100 87
100 88
100 90
100 93
100 102
100 107
100 124
100 126
100 127
100 129
100 132
100 138
100 140
100 142
100 147
100 150
100 152
100 156
100 159
100 174
100 176
100 178
101 1
101 8
101 10
101 13
101 14
101 15
101 16
101 18
101 20
101 22
101 30
101 32
101 37
101 42
101 55
101 78
101 83
101 85
101 87
101 89
101 99
101 101
101 113
101 115
101 116
101 121
101 126
101 131
101 134
101 153
101 155
101 156
101 161
101 169
101 178
101 179
102 8
102 9
102 15
102 23
102 29
102 30
102 34
102 35
102 36
102 38
102 40
102 41
102 46
102 50
102 58
102 67
102 69
102 78
102 79
102 94
102 96
102 102
102 104
102 107
102 109
102 123
102 128
102 131
102 140
102 148
102 155
102 156
102 163
102 167
102 171
102 174
102 175
102 177
103 2
103 3
103 13
103 16
103 25
103 26
103 38
103 46
103 51
103 53
103 54
103 60
103 64
103 71
103 74
103 97
103 99
103 101
103 105
103 119
103 122
103 131
103 133
103 137
103 145
103 148
103 155
103 160
103 163
103 179
104 12
104 19
104 21
104 25
104 27
104 28
104 34
104 35
104 37
104 44
104 46
104 48
104 52
104 53
104 54
104 55
104 56
104 83
104 88
104 90
104 91
104 96
104 98
104 99
104 105
104 106
104 108
104 109
104 118
104 122
104 123
104 129
104 135
104 143
104 157
104 161
104 167
104 174
105 0
105 7
105 17
105 19
105 21
105 22
105 31
105 36
105 54
105 61
105 62
105 64
105 75
105 76
105 78
105 84
105 103
105 118
105 125
105 128
105 129
105 130
105 134
105 137
105 150
105 152
105 156
105 165
106 5
106 9
106 10
106 15
106 19
106 31
106 34
106 40
106 44
106 46
106 53
106 54
106 62
106 68
106 71
106 77
106 92
106 95
106 96
106 101
106 104
106 105
106 117
106 123
106 127
106 136
106 138
106 143
106 149
106 150
106 157
106 160
106 166
106 170
106 172
107 0
107 2
107 5
107 8
107 15
107 19
107 27
107 32
107 34
107 49
107 52
107 55
107 57
107 58
107 61
107 70
107 71
107 73
107 78
107 86
107 90
107 93
107 98
107 108
107 109
107 114
107 117
107 122
107 132
107 133
107 141
107 150
107 155
107 157
107 163
107 165
107 166
107 169
107 172
107 178
108 0
108 2
108 3
108 6
108 14
108 18
108 19
108 20
108 22
108 28
108 30
108 37
108 44
108 47
108 58
108 59
108 74
108 76
108 79
108 80
108 89
108 98
108 99
108 106
108 108
108 110
108 116
108 117
108 126
108 129
108 134
108 143
108 150
108 153
108 154
108 157
108 162
108 163
108 170
109 6
109 7
109 12
109 13
109 15
109 16
109 21
109 22
109 29
109 30
109 34
109 35
109 36
109 41
109 42
109 45
109 46
109 49
109 59
109 60
109 68
109 80
109 87
109 92
109 93
109 97
109 107
109 110
109 126
109 130
109 131
109 141
109 151
109 152
109 159
109 160
109 161
109 171
109 178
110 0
110 1
110 2
110 9
110 11
110 21
110 22
110 24
110 27
110 33
110 37
110 43
110 44
110 54
110 61
110 62
110 69
110 82
110 86
110 97
110 103
110 106
110 114
110 116
110 118
110 122
110 124
110 126
110 137
110 140
110 145
110 148
110 150
110 159
110 172
110 175
110 179
111 0
111 4
111 15
111 19
111 21
111 23
111 27
111 31
111 33
111 38
111 41
111 43
111 46
111 50
111 54
111 65
111 66
111 67
111 70
111 73
111 74
111 75
111 76
111 80
111 83
111 88
111 89
111 100
111 101
111 102
111 116
111 117
111 121
111 123
111 130
111 131
111 133
111 139
111 140
111 141
111 155
111 163
111 167
111 168
111 170
112 6
112 8
112 16
112 17
112 19
112 34
112 36
112 44
112 46
112 49
112 51
112 56
112 57
112 62
112 65
112 68
112 74
112 76
112 83
112 86
112 96
112 98
112 99
112 102
112 114
112 116
112 120
112 125
112 126
112 131
112 132
112 133
112 135
112 136
112 137
112 140
112 142
112 148
112 156
112 176
112 178
112 179
113 3
113 6
113 11
113 14
113 17
113 18
113 20
113 23
113 30
113 34
113 38
113 43
113 50
113 58
113 66
113 69
113 75
113 91
113 92
113 95
113 104
113 113
113 114
113 117
113 119
113 132
113 138
113 140
113 144
113 146
113 154
113 158
113 159
113 162
113 179
114 0
114 1
114 3
114 6
114 11
114 14
114 18
114 25
114 29
114 31
114 34
114 39
114 42
114 48
114 50
114 56
114 58
114 61
114 67
114 71
114 72
114 78
114 81
114 85
114 96
114 107
114 111
114 120
114 121
114 124
114 135
114 140
114 147
114 150
114 153
114 161
114 168
115 0
115 1
115 4
115 7
115 10
115 14
115 31
115 46
115 48
115 54
115 59
115 66
115 75
115 80
115 82
115 83
115 92
115 96
115 97
115 99
115 101
115 103
115 105
115 120
115 121
115 123
115 126
115 127
115 128
115 131
115 134
115 137
115 140
115 141
115 142
115 149
115 156
115 158
115 165
115 166
115 167
115 168
115 172
115 174
115 175
115 179
116 5
116 6
116 9
116 23
116 36
116 39
116 56
116 69
116 70
116 77
116 106
116 112
116 115
116 122
116 123
116 126
116 127
116 130
116 136
116 137
116 138
116 141
116 144
116 147
116 148
116 151
116 155
116 156
116 163
116 167
117 2
117 4
117 9
117 10
117 24
117 27
117 28
117 33
117 53
117 56
117 59
117 62
117 67
117 68
117 71
117 108
117 113
117 126
117 135
117 140
117 141
117 155
117 160
117 162
117 169
117 170
117 171
117 175
118 3
118 9
118 13
118 19
118 20
118 30
118 31
118 33
118 36
118 38
118 45
118 46
118 58
118 61
118 62
118 67
118 75
118 95
118 98
118 101
118 103
118 104
118 107
118 108
118 119
118 122
118 126
118 130
118 131
118 138
118 141
118 145
118 148
118 149
118 151
118 153
118 169
118 171
118 172
118 176
118 178
119 0
119 7
119 12
119 26
119 28
119 39
119 43
119 46
119 48
119 50
119 51
119 52
119 54
119 68
119 75
119 76
119 79
119 85
119 87
119 89
119 99
119 100
119 104
119 108
119 111
119 113
119 115
119 120
119 138
119 139
119 159
119 160
119 165
119 167
119 169
119 173
120 1
120 2
120 3
120 4
120 6
120 8
120 9
120 17
120 23
120 24
120 31
120 32
120 40
120 45
120 48
120 53
120 55
120 57
120 60
120 61
120 63
120 64
120 67
120 72
120 75
120 78
120 81
120 88
120 90
120 91
120 93
120 102
120 106
120 108
120 122
120 123
120 131
120 134
120 140
120 141
120 142
120 144
120 145
120 153
120 157
120 159
120 162
120 164
120 172
120 178
121 8
121 9
121 13
121 14
121 15
121 25
121 29
121 37
121 39
121 41
121 43
121 44
121 46
121 48
121 51
121 55
121 61
121 67
121 69
121 73
121 78
121 85
121 86
121 90
121 94
121 96
121 102
121 107
121 110
121 115
121 118
121 122
121 132
121 137
121 147
121 155
121 169
122 4
122 5
122 12
122 16
122 23
122 25
122 28
122 30
122 31
122 42
122 44
122 47
122 48
122 50
122 56
122 62
122 67
122 72
122 82
122 94
122 97
122 100
122 113
122 119
122 123
122 125
122 128
122 146
122 148
122 152
122 153
122 160
122 171
123 3
123 7
123 8
123 11
123 15
123 20
123 22
123 27
123 30
123 31
123 33
123 34
123 40
123 44
123 45
123 53
123 65
123 76
123 78
123 85
123 90
123 101
123 104
123 114
123 117
123 125
123 126
123 127
123 128
123 130
123 131
123 137
123 138
123 140
123 143
123 144
123 150
123 152
123 164
123 165
123 169
123 173
123 175
123 177
123 179
124 3
124 6
124 10
124 11
124 16
124 20
124 24
124 25
124 34
124 36
124 37
124 38
124 40
124 41
124 42
124 43
124 45
124 46
124 49
124 53
124 57
124 58
124 60
124 61
124 65
124 68
124 69
124 75
124 77
124 78
124 80
124 81
124 86
124 88
124 94
124 98
124 103
124 105
124 109
124 115
124 117
124 121
124 122
124 129
124 131
124 135
124 141
124 142
124 146
124 159
124 161
124 165
124 166
124 169
125 9
125 10
125 12
125 17
125 18
125 22
125 26
125 27
125 35
125 37
125 38
125 40
125 53
125 54
125 57
125 59
125 69
125 76
125 82
125 92
125 95
125 106
125 107
125 110
125 115
125 122
125 125
125 129
125 130
125 135
125 142
125 144
125 149
125 150
125 151
125 159
125 161
125 163
125 164
125 168
125 175
126 8
126 18
126 19
126 20
126 33
126 37
126 39
126 41
126 63
126 66
126 67
126 76
126 77
126 94
126 98
126 100
126 103
126 105
126 114
126 116
126 117
126 120
126 126
126 132
126 138
126 141
126 142
126 143
126 147
126 149
126 150
126 176
126 178
126 179
127 19
127 22
127 29
127 37
127 44
127 47
127 49
127 50
127 51
127 62
127 68
127 69
127 74
127 75
127 80
127 81
127 86
127 93
127 94
127 96
127 100
127 103
127 106
127 116
127 117
127 123
127 128
127 130
127 132
127 141
127 144
127 151
127 162
127 166
127 169
127 179
128 1
128 5
128 9
128 10
128 17
128 25
128 34
128 40
128 52
128 58
128 67
128 70
128 71
128 74
128 75
128 79
128 80
128 82
128 92
128 110
128 114
128 116
128 118
128 126
128 132
128 133
128 140
128 141
128 153
128 159
128 164
128 173
128 175
129 2
129 3
129 5
129 7
129 21
129 23
129 30
129 32
129 36
129 37
129 41
129 44
129 49
129 59
129 61
129 65
129 66
129 81
129 95
129 107
129 108
129 116
129 118
129 120
129 131
129 132
129 138
129 140
129 143
129 147
129 150
129 160
129 163
129 165
129 166
130 9
130 11
130 15
130 24
130 26
130 29
130 34
130 36
130 38
130 39
130 51
130 56
130 72
130 78
130 87
130 90
130 93
130 102
130 106
130 107
130 110
130 111
130 115
130 116
130 126
130 127
130 133
130 134
130 136
130 139
130 152
130 156
130 157
130 158
130 162
130 163
130 167
130 168
130 169
131 2
131 6
131 8
131 14
131 15
131 16
131 19
131 25
131 26
131 37
131 39
131 44
131 60
131 65
131 71
131 85
131 94
131 96
131 98
131 100
131 104
131 123
131 130
131 138
131 140
131 143
131 147
131 155
131 159
131 162
131 167
132 2
132 3
132 18
132 26
132 32
132 35
132 38
132 44
132 46
132 47
132 48
132 50
132 52
132 53
132 54
132 58
132 62
132 72
132 80
132 83
132 86
132 89
132 90
132 96
132 98
132 100
132 107
132 129
132 130
132 131
132 134
132 137
132 138
132 143
132 144
132 157
132 163
132 168
132 169
133 14
133 31
133 33
133 40
133 43
133 46
133 55
133 60
133 68
133 77
133 88
133 94
133 95
133 111
133 113
133 117
133 122
133 129
133 135
133 140
133 143
133 154
133 158
133 161
133 179
134 0
134 1
134 7
134 16
134 28
134 34
134 48
134 53
134 55
134 62
134 71
134 84
134 95
134 98
134 103
134 124
134 126
134 127
134 136
134 142
134 144
134 147
134 152
134 153
134 157
134 164
135 19
135 21
135 28
135 30
135 45
135 62
135 75
135 76
135 77
135 86
135 100
135 104
135 107
135 109
135 112
135 114
135 116
135 120
135 121
135 141
135 149
135 150
135 154
135 159
135 171
135 173
135 177
136 11
136 12
136 18
136 26
136 30
136 34
136 37
136 40
136 42
136 44
136 45
136 48
136 54
136 57
136 63
136 65
136 68
136 72
136 77
136 81
136 89
136 92
136 95
136 97
136 106
136 112
136 113
136 116
136 122
136 124
136 128
136 130
136 131
136 140
136 141
136 144
136 145
136 147
136 150
136 153
136 156
136 163
136 175
136 177
137 8
137 13
137 19
137 23
137 32
137 44
137 60
137 64
137 73
137 76
137 80
137 82
137 92
137 101
137 102
137 104
137 105
137 109
137 111
137 112
137 113
137 121
137 130
137 138
137 140
137 143
137 146
137 154
137 156
137 159
137 174
137 175
138 13
138 32
138 33
138 34
138 37
138 38
138 51
138 62
138 64
138 68
138 74
138 76
138 81
138 86
138 91
138 97
138 101
138 103
138 104
138 110
138 121
138 122
138 126
138 133
138 134
138 136
138 138
138 144
138 146
138 148
138 152
138 160
138 166
138 168
138 171
138 172
138 179
139 2
139 5
139 15
139 17
139 18
139 27
139 31
139 33
139 44
139 46
139 47
139 48
139 57
139 58
139 62
139 66
139 68
139 70
139 87
139 89
139 90
139 98
139 104
139 107
139 108
139 109
139 113
139 130
139 131
139 132
139 133
139 137
139 141
139 142
139 144
139 147
139 149
139 155
139 156
139 158
139 162
139 173
140 0
140 1
140 2
140 7
140 10
140 16
140 31
140 41
140 45
140 47
140 49
140 50
140 56
140 66
140 70
140 79
140 90
140 94
140 100
140 101
140 103
140 115
140 117
140 132
140 133
140 134
140 153
140 164
141 2
141 4
141 7
141 8
141 9
141 10
141 12
141 22
141 25
141 27
141 33
141 36
141 43
141 45
141 49
141 50
141 57
141 72
141 75
141 78
141 87
141 93
141 96
141 110
141 113
141 129
141 135
141 137
141 139
141 142
141 148
141 151
141 157
141 164
141 174
141 179
142 4
142 8
142 9
142 14
142 17
142 18
142 24
142 25
142 54
142 57
142 58
142 68
142 75
142 77
142 83
142 88
142 95
142 104
142 109
142 113
142 133
142 140
142 147
142 148
142 154
142 155
142 156
142 157
142 166
142 171
142 172
142 173
142 174
142 178
143 12
143 20
143 21
143 28
143 35
143 39
143 42
143 44
143 47
143 55
143 59
143 82
143 91
143 92
143 94
143 100
143 111
143 114
143 116
143 119
143 123
143 140
143 146
143 148
143 151
143 163
143 164
143 170
144 1
144 6
144 16
144 19
144 20
144 22
144 28
144 41
144 42
144 46
144 48
144 52
144 57
144 62
144 63
144 67
144 83
144 84
144 88
144 91
144 94
144 98
144 104
144 112
144 115
144 126
144 127
144 128
144 129
144 148
144 153
144 155
144 156
144 159
144 161
144 164
144 174
144 178
145 2
145 6
145 9
145 14
145 17
145 25
145 26
145 30
145 34
145 36
145 40
145 42
145 44
145 50
145 55
145 60
145 64
145 66
145 67
145 78
145 79
145 83
145 89
145 90
145 91
145 92
145 101
145 113
145 118
145 120
145 122
145 129
145 130
145 131
145 139
145 140
145 141
145 147
145 151
145 168
145 176
146 23
146 25
146 26
146 39
146 40
146 42
146 46
146 48
146 51
146 57
146 58
146 61
146 63
146 64
146 66
146 67
146 68
146 70
146 102
146 104
146 109
146 110
146 123
146 124
146 130
146 131
146 139
146 147
146 148
146 149
146 160
146 167
146 169
146 172
146 178
147 9
147 18
147 19
147 23
147 53
147 61
147 67
147 70
147 74
147 81
147 89
147 98
147 106
147 115
147 124
147 131
147 132
147 134
147 144
147 152
147 156
147 164
147 165
147 166
147 168
147 171
148 13
148 17
148 19
148 25
148 34
148 35
148 39
148 41
148 42
148 59
148 61
148 65
148 67
148 70
148 80
148 85
148 88
148 116
148 124
148 128
148 150
148 159
148 161
148 162
148 167
148 168
148 172
148 179
149 0
149 4
149 7
149 11
149 15
149 18
149 22
149 33
149 35
149 40
149 41
149 42
149 43
149 44
149 48
149 52
149 54
149 55
149 59
149 63
149 64
149 67
149 69
149 74
149 79
149 81
149 86
149 87
149 96
149 101
149 107
149 115
149 120
149 126
149 129
149 138
149 141
149 142
149 152
149 154
149 161
149 162
149 164
149 172
149 175
149 178
149 179
150 7
150 11
150 17
150 28
150 30
150 34
150 39
150 42
150 44
150 46
150 53
150 57
150 61
150 63
150 64
150 72
150 76
150 84
150 85
150 86
150 95
150 97
150 102
150 109
150 115
150 120
150 122
150 127
150 138
150 140
150 148
150 151
150 168
150 171
150 174
151 2
151 3
151 6
151 17
151 22
151 25
151 32
151 33
151 36
151 49
151 51
151 55
151 61
151 66
151 68
151 70
151 79
151 84
151 85
151 88
151 91
151 92
151 99
151 102
151 104
151 106
151 107
151 112
151 120
151 126
151 140
151 145
151 146
151 153
151 154
151 157
151 161
151 166
151 169
151 171
152 1
152 3
152 6
152 7
152 8
152 9
152 13
152 15
152 26
152 39
152 59
152 60
152 61
152 69
152 84
152 85
152 87
152 89
152 91
152 93
152 95
152 97
152 98
152 113
152 118
152 135
152 156
152 157
152 159
152 167
152 171
152 177
152 179
153 14
153 16
153 18
153 19
153 25
153 31
153 51
153 53
153 54
153 64
153 79
153 97
153 104
153 106
153 108
153 114
153 120
153 126
153 132
153 136
153 139
153 149
153 154
153 155
153 159
153 170
153 175
153 177
154 3
154 5
154 14
154 24
154 33
154 37
154 45
154 46
154 50
154 51
154 58
154 61
154 69
154 73
154 75
154 82
154 92
154 93
154 98
154 105
154 110
154 127
154 129
154 131
154 137
154 143
154 150
154 156
154 170
154 172
154 174
154 176
155 4
155 14
155 18
155 26
155 28
155 32
155 35
155 38
155 48
155 51
155 55
155 59
155 71
155 72
155 73
155 81
155 83
155 92
155 99
155 103
155 106
155 114
155 124
155 135
155 146
155 150
155 151
155 163
156 2
156 14
156 17
156 18
156 23
156 26
156 36
156 38
156 59
156 61
156 74
156 83
156 89
156 92
156 99
156 100
156 104
156 114
156 118
156 133
156 142
156 146
156 150
156 157
156 167
156 177
156 178
157 2
157 4
157 5
157 14
157 22
157 29
157 31
157 33
157 34
157 36
157 38
157 40
157 41
157 42
157 44
157 47
157 52
157 54
157 55
157 63
157 65
157 68
157 73
157 75
157 78
157 90
157 99
157 105
157 106
157 124
157 126
157 127
157 138
157 139
157 141
157 144
157 147
157 155
157 158
157 168
157 171
157 173
157 175
158 8
158 9
158 10
158 11
158 13
158 14
158 21
158 28
158 35
158 36
158 42
158 43
158 45
158 46
158 65
158 70
158 74
158 76
158 86
158 87
158 88
158 91
158 94
158 95
158 107
158 111
158 112
158 119
158 122
158 124
158 129
158 132
158 133
158 141
158 142
158 147
158 152
158 156
158 158
158 166
158 169
158 170
158 171
158 174
158 178
159 0
159 1
159 5
159 8
159 9
159 10
159 13
159 14
159 19
159 45
159 51
159 53
159 59
159 60
159 61
159 64
159 68
159 72
159 75
159 79
159 85
159 87
159 93
159 95
159 101
159 109
159 110
159 111
159 113
159 119
159 126
159 127
159 128
159 134
159 139
159 140
159 144
159 145
159 151
159 159
159 162
159 167
159 172
159 176
159 178
160 1
160 5
160 6
160 7
160 8
160 10
160 11
160 12
160 18
160 25
160 26
160 28
160 34
160 35
160 38
160 41
160 43
160 44
160 48
160 77
160 80
160 81
160 85
160 89
160 91
160 95
160 97
160 98
160 103
160 106
160 111
160 115
160 125
160 130
160 132
160 138
160 148
160 153
160 154
160 155
160 157
160 159
160 167
160 171
160 178
161 2
161 4
161 13
161 17
161 20
161 21
161 25
161 36
161 38
161 39
161 45
161 47
161 53
161 56
161 58
161 63
161 67
161 69
161 76
161 78
161 80
161 83
161 92
161 98
161 99
161 108
161 111
161 119
161 122
161 123
161 132
161 134
161 140
161 147
161 150
161 154
161 157
161 159
161 163
161 168
161 169
161 174
161 176
162 3
162 4
162 12
162 13
162 19
162 29
162 32
162 33
162 35
162 43
162 46
162 47
162 48
162 53
162 56
162 57
162 76
162 81
162 86
162 88
162 90
162 92
162 97
162 98
162 102
162 103
162 108
162 111
162 116
162 121
162 122
162 129
162 138
162 142
162 147
162 148
162 150
162 151
162 159
163 1
163 5
163 9
163 10
163 11
163 17
163 20
163 22
163 25
163 27
163 32
163 34
163 40
163 45
163 46
163 47
163 53
163 71
163 78
163 82
163 84
163 91
163 101
163 106
163 111
163 119
163 126
163 136
163 146
163 147
163 148
163 154
163 156
163 168
163 173
163 174
164 1
164 5
164 13
164 19
164 21
164 24
164 28
164 30
164 39
164 41
164 51
164 57
164 60
164 63
164 78
164 80
164 81
164 84
164 90
164 91
164 103
164 110
164 113
164 117
164 136
164 140
164 143
164 155
164 161
164 176
165 6
165 10
165 30
165 34
165 36
165 39
165 51
165 52
165 58
165 61
165 62
165 72
165 79
165 80
165 85
165 93
165 94
165 96
165 97
165 99
165 102
165 105
165 107
165 110
165 114
165 115
165 118
165 120
165 122
165 124
165 127
165 129
165 133
165 135
165 145
165 162
165 176
165 179
166 2
166 7
166 8
166 9
166 11
166 12
166 17
166 20
166 21
166 28
166 29
166 30
166 36
166 37
166 38
166 41
166 47
166 55
166 66
166 70
166 77
166 79
166 81
166 92
166 97
166 100
166 110
166 114
166 142
166 143
166 145
166 151
166 155
166 161
166 170
166 173
166 174
166 175
167 1
167 3
167 5
167 14
167 31
167 33
167 36
167 59
167 62
167 63
167 67
167 69
167 70
167 89
167 96
167 105
167 116
167 120
167 124
167 125
167 133
167 145
167 147
167 159
167 161
167 166
167 177
168 0
168 8
168 10
168 15
168 16
168 17
168 20
168 28
168 32
168 38
168 47
168 53
168 65
168 75
168 76
168 78
168 79
168 87
168 95
168 98
168 101
168 104
168 105
168 110
168 123
168 125
168 133
168 134
168 137
168 138
168 142
168 156
168 157
168 174
169 8
169 12
169 15
169 18
169 19
169 21
169 27
169 29
169 31
169 39
169 45
169 47
169 49
169 50
169 52
169 60
169 63
169 64
169 71
169 81
169 85
169 87
169 99
169 105
169 107
169 108
169 113
169 115
169 123
169 132
169 134
169 142
169 145
169 146
169 149
169 159
169 160
169 167
170 4
170 24
170 30
170 45
170 46
170 47
170 56
170 57
170 62
170 67
170 69
170 93
170 95
170 100
170 101
170 103
170 111
170 116
170 118
170 139
170 151
170 152
170 154
170 156
170 157
170 174
170 179
171 0
171 3
171 21
171 27
171 29
171 39
171 47
171 52
171 57
171 64
171 66
171 67
171 68
171 69
171 76
171 77
171 85
171 88
171 94
171 95
171 96
171 97
171 101
171 106
171 107
171 110
171 112
171 119
171 128
171 130
171 144
171 145
171 159
171 160
171 161
171 167
171 169
171 170
171 173
171 177
172 5
172 8
172 11
172 13
172 23
172 26
172 28
172 36
172 47
172 51
172 55
172 58
172 68
172 76
172 79
172 84
172 85
172 92
172 96
172 97
172 99
172 110
172 112
172 116
172 119
172 120
172 127
172 141
172 148
172 151
172 153
172 156
172 160
172 161
172 171
173 2
173 7
173 9
173 17
173 18
173 20
173 29
173 31
173 35
173 37
173 39
173 46
173 47
173 55
173 59
173 60
173 67
173 68
173 72
173 75
173 77
173 80
173 82
173 96
173 98
173 107
173 109
173 111
173 112
173 117
173 119
173 121
173 123
173 125
173 128
173 145
173 157
173 159
173 167
173 171
173 176
173 179
174 1
174 2
174 18
174 28
174 30
174 36
174 38
174 39
174 48
174 57
174 58
174 69
174 71
174 75
174 83
174 85
174 91
174 98
174 104
174 106
174 107
174 108
174 110
174 126
174 129
174 136
174 141
174 149
174 169
174 172
174 174
174 179
175 14
175 17
175 24
175 40
175 44
175 60
175 66
175 69
175 75
175 80
175 85
175 86
175 87
175 91
175 94
175 97
175 99
175 102
175 104
175 111
175 113
175 115
175 117
175 119
175 123
175 126
175 134
175 135
175 137
175 138
175 141
175 142
175 145
175 147
175 154
175 156
175 158
175 163
175 167
175 169
175 179
176 0
176 1
176 3
176 10
176 11
176 15
176 16
176 18
176 28
176 30
176 32
176 35
176 41
176 43
176 44
176 47
176 48
176 49
176 56
176 60
176 65
176 66
176 68
176 71
176 80
176 93
176 94
176 95
176 96
176 98
176 100
176 102
176 122
176 125
176 129
176 130
176 133
176 137
176 139
176 140
176 145
176 146
176 153
176 154
176 157
176 158
176 159
176 160
176 165
177 5
177 6
177 8
177 22
177 23
177 26
177 34
177 35
177 47
177 52
177 54
177 60
177 75
177 78
177 81
177 84
177 104
177 111
177 113
177 129
177 131
177 132
177 138
177 148
177 150
177 152
177 153
177 158
177 168
177 176
178 4
178 13
178 29
178 33
178 36
178 39
178 50
178 54
178 56
178 57
178 68
178 82
178 83
178 84
178 85
178 91
178 95
178 97
178 99
178 109
178 110
178 111
178 115
178 121
178 128
178 129
178 134
178 135
178 143
178 150
178 151
178 162
178 164
178 167
178 171
178 172
178 176
178 178
179 9
179 23
179 24
179 26
179 28
179 30
179 34
179 39
179 40
179 43
179 45
179 47
179 54
179 60
179 72
179 82
179 86
179 93
179 94
179 97
179 100
179 102
179 106
179 141
179 143
179 159
179 171
179 178
179 179
