130
3380
0 13
0 16
0 19
0 22
0 24
0 26
0 27
0 30
0 41
0 43
0 44
0 46
0 48
0 50
0 51
0 53
0 72
0 73
0 74
0 80
0 82
0 85
0 87
0 94
0 98
0 99
0 102
0 104
0 105
0 107
0 108
0 113
0 114
0 117
0 120
0 125
0 128
1 1
1 8
1 11
1 13
1 21
1 22
1 29
1 32
1 34
1 35
1 36
1 37
1 40
1 44
1 51
1 52
1 54
1 59
1 64
1 70
1 77
1 85
1 89
1 96
1 99
1 101
1 103
1 105
1 112
1 113
1 114
1 116
1 118
1 121
1 126
1 128
2 2
2 4
2 6
2 7
2 10
2 15
2 17
2 19
2 21
2 24
2 30
2 34
2 35
2 50
2 53
2 55
2 56
2 60
2 68
2 91
2 93
2 97
2 98
2 101
2 104
2 107
2 116
2 120
2 123
3 11
3 21
3 23
3 37
3 38
3 39
3 42
3 46
3 47
3 52
3 56
3 70
3 71
3 75
3 77
3 88
3 93
3 96
3 97
3 99
3 109
3 112
3 113
3 114
3 117
3 118
3 119
3 125
3 128
3 129
4 7
4 17
4 19
4 26
4 29
4 39
4 43
4 44
4 50
4 52
4 61
4 75
4 80
4 90
4 92
4 94
4 96
4 98
4 99
4 100
4 101
4 105
4 108
4 112
4 114
4 115
4 116
4 117
4 129
5 11
5 13
5 24
5 29
5 31
5 41
5 47
5 49
5 54
5 58
5 59
5 67
5 75
5 83
5 84
5 90
5 108
5 114
5 121
5 128
6 13
6 18
6 19
6 20
6 22
6 25
6 26
6 36
6 45
6 58
6 66
6 71
6 78
6 85
6 90
6 101
6 102
6 107
6 110
6 113
6 120
6 125
7 4
7 7
7 9
7 14
7 20
7 22
7 24
7 29
7 31
7 32
7 34
7 35
7 48
7 50
7 60
7 65
7 68
7 69
7 75
7 99
7 104
7 106
7 116
7 119
7 125
7 128
8 9
8 21
8 22
8 33
8 38
8 48
8 53
8 73
8 77
8 81
8 83
8 91
8 98
8 100
8 110
8 116
8 125
9 3
9 9
9 12
9 15
9 21
9 26
9 28
9 29
9 38
9 50
9 55
9 58
9 65
9 67
9 68
9 72
9 76
9 93
9 104
9 107
9 113
9 115
9 117
9 124
9 128
10 4
10 5
10 7
10 25
10 31
10 35
10 41
10 42
10 56
10 58
10 62
10 63
10 64
10 81
10 87
10 88
10 91
10 92
10 93
10 95
10 100
10 101
10 104
10 107
10 111
10 120
10 128
10 129
11 6
11 20
11 23
11 25
11 33
11 45
11 56
11 57
11 60
11 61
11 69
11 74
11 75
11 82
11 86
11 92
11 100
11 107
11 110
11 115
11 125
12 0
12 5
12 6
12 9
12 10
12 14
12 18
12 24
12 25
12 27
12 28
12 49
12 51
12 52
12 53
12 56
12 63
12 64
12 66
12 67
12 70
12 71
12 72
12 77
12 78
12 83
12 84
12 92
12 103
12 127
12 128
13 0
13 13
13 15
13 18
13 20
13 23
13 26
13 28
13 45
13 47
13 48
13 54
13 62
13 65
13 67
13 69
13 76
13 79
13 84
13 85
13 89
13 91
13 98
13 102
13 103
13 107
13 110
13 111
13 114
13 118
13 120
13 125
14 6
14 12
14 19
14 23
14 33
14 34
14 37
14 55
14 59
14 72
14 75
14 77
14 80
14 82
14 95
14 100
14 110
14 111
14 113
14 114
14 121
14 122
14 124
15 0
15 3
15 6
15 10
15 21
15 23
15 24
15 33
15 36
15 40
15 46
15 49
15 51
15 57
15 60
15 64
15 77
15 78
15 95
15 96
15 100
15 103
15 107
15 109
15 117
15 124
15 128
16 4
16 5
16 11
16 13
16 14
16 19
16 26
16 39
16 41
16 43
16 45
16 46
16 53
16 61
16 65
16 73
16 80
16 85
16 88
16 92
16 96
16 109
16 110
16 119
16 121
16 122
16 127
17 2
17 3
17 4
17 13
17 17
17 21
17 23
17 26
17 27
17 28
17 36
17 46
17 56
17 57
17 58
17 60
17 64
17 68
17 70
17 72
17 74
17 78
17 81
17 92
17 94
17 102
17 107
17 109
17 126
17 128
17 129
18 0
18 11
18 18
18 21
18 25
18 27
18 28
18 35
18 38
18 40
18 42
18 47
18 66
18 67
18 76
18 87
18 93
18 96
18 102
18 106
18 111
18 114
18 117
18 125
18 126
18 129
19 0
19 3
19 9
19 16
19 25
19 42
19 43
19 45
19 46
19 51
19 66
19 69
19 71
19 73
19 86
19 101
19 102
19 106
19 107
19 110
19 112
19 117
19 119
19 124
20 4
20 26
20 27
20 30
20 33
20 35
20 36
20 39
20 44
20 47
20 48
20 53
20 55
20 74
20 75
20 78
20 79
20 82
20 87
20 89
20 91
20 96
20 108
20 110
20 112
20 116
20 120
20 122
20 123
21 5
21 7
21 10
21 31
21 32
21 36
21 47
21 50
21 52
21 53
21 66
21 70
21 72
21 73
21 75
21 80
21 81
21 85
21 87
21 95
21 99
21 104
21 108
21 122
21 123
22 16
22 21
22 26
22 31
22 33
22 37
22 44
22 50
22 56
22 57
22 75
22 78
22 79
22 80
22 82
22 83
22 87
22 89
22 92
22 95
22 99
22 100
22 103
22 106
22 114
22 121
23 2
23 6
23 11
23 14
23 17
23 23
23 27
23 29
23 34
23 45
23 50
23 52
23 53
23 71
23 72
23 73
23 75
23 83
23 91
23 93
23 97
23 98
23 107
23 111
23 116
23 123
24 4
24 6
24 8
24 27
24 32
24 33
24 35
24 38
24 40
24 41
24 44
24 57
24 59
24 65
24 71
24 76
24 79
24 80
24 88
24 91
24 103
24 106
24 108
24 114
24 124
25 3
25 5
25 11
25 13
25 15
25 24
25 34
25 39
25 40
25 41
25 49
25 52
25 54
25 70
25 73
25 79
25 82
25 86
25 87
25 88
25 90
25 98
25 101
25 102
25 103
25 114
25 118
25 119
26 11
26 13
26 15
26 19
26 28
26 33
26 36
26 40
26 41
26 45
26 47
26 48
26 49
26 58
26 60
26 65
26 66
26 79
26 83
26 84
26 91
26 99
26 102
26 111
26 113
26 122
26 124
26 125
27 0
27 2
27 7
27 12
27 21
27 22
27 26
27 32
27 33
27 48
27 55
27 56
27 60
27 63
27 66
27 76
27 77
27 78
27 80
27 81
27 90
27 91
27 96
27 100
27 107
27 112
27 113
27 116
27 117
27 119
27 121
27 124
27 129
28 5
28 6
28 13
28 16
28 20
28 33
28 35
28 39
28 40
28 44
28 47
28 50
28 60
28 62
28 65
28 69
28 72
28 77
28 78
28 81
28 82
28 84
28 87
28 91
28 96
28 97
28 103
28 107
28 108
28 124
28 125
29 5
29 20
29 22
29 27
29 38
29 40
29 42
29 43
29 47
29 50
29 52
29 58
29 62
29 65
29 67
29 80
29 84
29 87
29 92
29 93
29 94
29 104
29 110
29 111
29 118
29 119
30 1
30 6
30 7
30 18
30 22
30 31
30 41
30 48
30 55
30 58
30 68
30 70
30 85
30 90
30 94
30 95
30 97
30 98
30 99
30 100
30 102
30 107
30 108
30 110
30 115
30 123
30 124
31 4
31 15
31 16
31 17
31 18
31 24
31 35
31 36
31 37
31 40
31 45
31 46
31 61
31 71
31 83
31 87
31 89
31 95
31 103
31 106
31 107
31 108
31 114
31 121
31 123
31 124
32 3
32 13
32 23
32 24
32 30
32 33
32 35
32 39
32 40
32 48
32 52
32 53
32 54
32 57
32 74
32 83
32 88
32 89
32 93
32 105
32 107
32 112
32 113
32 115
32 116
32 118
32 122
33 4
33 6
33 13
33 20
33 21
33 22
33 24
33 28
33 32
33 34
33 37
33 40
33 41
33 42
33 43
33 50
33 61
33 69
33 71
33 77
33 82
33 90
33 91
33 102
33 106
33 117
33 118
34 1
34 4
34 10
34 17
34 23
34 34
34 43
34 48
34 53
34 54
34 58
34 76
34 78
34 80
34 88
34 92
34 105
34 111
34 117
34 118
34 120
35 1
35 7
35 11
35 20
35 25
35 28
35 31
35 42
35 45
35 48
35 56
35 66
35 73
35 81
35 83
35 89
35 94
35 103
35 108
35 109
35 110
35 123
35 127
36 0
36 20
36 24
36 28
36 39
36 40
36 56
36 57
36 63
36 70
36 72
36 86
36 92
36 105
36 106
36 107
36 110
36 121
36 122
36 125
37 8
37 11
37 20
37 26
37 27
37 33
37 47
37 49
37 55
37 63
37 68
37 72
37 79
37 80
37 84
37 86
37 91
37 96
37 98
37 99
37 102
37 113
37 114
37 119
37 121
37 128
38 0
38 1
38 6
38 8
38 16
38 21
38 28
38 38
38 61
38 62
38 63
38 66
38 73
38 78
38 85
38 87
38 93
38 94
38 99
38 108
38 113
38 116
39 5
39 9
39 16
39 24
39 25
39 33
39 45
39 50
39 51
39 57
39 59
39 62
39 68
39 69
39 72
39 76
39 80
39 82
39 85
39 88
39 110
39 116
39 119
40 5
40 17
40 18
40 19
40 21
40 24
40 26
40 27
40 28
40 29
40 32
40 42
40 51
40 52
40 53
40 56
40 62
40 67
40 68
40 78
40 80
40 85
40 88
40 98
40 102
40 103
40 104
40 107
40 113
40 117
40 118
40 121
40 126
40 127
40 128
41 0
41 6
41 8
41 9
41 10
41 12
41 14
41 15
41 16
41 21
41 24
41 28
41 33
41 41
41 43
41 49
41 51
41 53
41 54
41 62
41 67
41 70
41 72
41 81
41 86
41 87
41 88
41 97
41 98
41 103
41 104
41 105
41 110
41 112
41 113
41 116
41 121
41 123
42 1
42 5
42 10
42 20
42 23
42 32
42 34
42 35
42 55
42 57
42 58
42 69
42 83
42 86
42 102
42 108
42 125
42 127
42 129
43 2
43 6
43 7
43 17
43 27
43 29
43 30
43 32
43 35
43 42
43 43
43 50
43 55
43 63
43 72
43 73
43 80
43 85
43 90
43 93
43 94
43 96
43 100
43 110
43 113
43 114
43 121
43 122
43 125
43 128
44 3
44 9
44 11
44 12
44 18
44 20
44 40
44 49
44 50
44 51
44 53
44 54
44 73
44 78
44 83
44 89
44 92
44 104
44 105
44 106
44 123
45 0
45 3
45 4
45 6
45 7
45 9
45 13
45 20
45 30
45 43
45 55
45 57
45 62
45 76
45 77
45 80
45 82
45 85
45 88
45 95
45 96
45 105
45 129
46 0
46 2
46 3
46 4
46 15
46 18
46 21
46 23
46 31
46 41
46 45
46 53
46 55
46 57
46 65
46 67
46 68
46 70
46 71
46 72
46 76
46 79
46 80
46 83
46 84
46 90
46 92
46 96
46 97
46 98
46 102
46 105
46 110
46 111
46 117
46 126
46 127
47 8
47 14
47 22
47 26
47 29
47 38
47 40
47 45
47 50
47 62
47 70
47 79
47 87
47 92
47 94
47 95
47 96
47 111
47 112
47 119
47 128
47 129
48 0
48 4
48 8
48 10
48 14
48 24
48 35
48 40
48 59
48 60
48 62
48 65
48 66
48 68
48 69
48 73
48 78
48 84
48 89
48 90
48 92
48 95
48 97
48 102
48 105
48 108
48 122
49 3
49 5
49 8
49 18
49 20
49 21
49 36
49 40
49 45
49 50
49 54
49 55
49 56
49 59
49 62
49 73
49 75
49 76
49 79
49 83
49 87
49 96
49 114
49 116
49 118
50 8
50 13
50 16
50 17
50 24
50 26
50 38
50 43
50 44
50 54
50 55
50 64
50 65
50 75
50 80
50 87
50 92
50 93
50 100
50 101
50 104
50 107
50 110
50 111
50 112
50 115
50 121
50 126
51 0
51 4
51 6
51 7
51 12
51 14
51 21
51 23
51 29
51 34
51 38
51 42
51 45
51 50
51 57
51 60
51 62
51 75
51 96
51 101
51 102
51 110
51 114
51 123
51 127
51 128
52 2
52 5
52 11
52 19
52 21
52 22
52 27
52 30
52 33
52 36
52 39
52 40
52 44
52 49
52 79
52 81
52 87
52 93
52 96
52 103
52 106
52 110
52 111
52 121
52 124
52 126
52 129
53 2
53 9
53 20
53 47
53 54
53 62
53 63
53 64
53 70
53 82
53 86
53 87
53 99
53 100
53 106
53 114
54 9
54 20
54 22
54 31
54 32
54 39
54 43
54 49
54 52
54 65
54 72
54 83
54 92
54 97
54 98
54 108
54 111
54 114
54 122
54 123
54 124
54 126
54 128
55 7
55 17
55 21
55 33
55 34
55 50
55 64
55 77
55 81
55 87
55 89
55 92
55 100
55 101
55 102
55 103
55 113
55 118
55 121
55 125
55 127
56 2
56 5
56 6
56 12
56 17
56 26
56 43
56 44
56 46
56 47
56 56
56 57
56 59
56 65
56 75
56 79
56 81
56 82
56 93
56 95
56 104
56 116
56 119
56 127
57 5
57 6
57 9
57 15
57 21
57 33
57 41
57 42
57 44
57 45
57 63
57 69
57 77
57 82
57 85
57 108
57 112
57 114
57 116
57 124
57 128
58 1
58 13
58 17
58 20
58 22
58 30
58 34
58 41
58 43
58 50
58 54
58 60
58 62
58 63
58 65
58 70
58 72
58 76
58 78
58 91
58 96
58 98
58 100
58 105
58 109
58 110
58 111
58 125
58 128
59 0
59 1
59 2
59 8
59 11
59 12
59 13
59 15
59 17
59 19
59 22
59 23
59 28
59 32
59 33
59 35
59 37
59 39
59 40
59 41
59 43
59 44
59 46
59 48
59 49
59 70
59 72
59 74
59 81
59 89
59 92
59 94
59 98
59 105
59 106
59 113
59 116
59 117
59 118
60 4
60 14
60 17
60 22
60 26
60 31
60 34
60 36
60 41
60 49
60 73
60 80
60 82
60 84
60 95
60 104
60 111
60 115
60 116
60 118
60 122
60 123
60 128
61 7
61 13
61 16
61 17
61 19
61 29
61 44
61 47
61 54
61 60
61 62
61 67
61 69
61 70
61 74
61 79
61 80
61 85
61 88
61 96
61 104
61 111
61 112
61 114
61 116
61 119
61 128
62 3
62 19
62 21
62 23
62 32
62 33
62 38
62 41
62 42
62 49
62 54
62 55
62 60
62 62
62 63
62 65
62 66
62 71
62 73
62 77
62 79
62 80
62 82
62 85
62 97
62 100
62 101
62 104
62 112
62 113
62 117
62 120
62 126
63 6
63 14
63 27
63 28
63 30
63 31
63 32
63 33
63 37
63 44
63 47
63 48
63 49
63 50
63 53
63 54
63 78
63 80
63 88
63 90
63 99
63 106
63 109
63 117
64 4
64 5
64 9
64 11
64 14
64 18
64 19
64 24
64 37
64 44
64 48
64 64
64 66
64 67
64 81
64 85
64 88
64 90
64 107
64 114
64 115
64 118
64 122
64 128
65 1
65 7
65 9
65 13
65 14
65 15
65 20
65 25
65 26
65 30
65 33
65 34
65 37
65 41
65 43
65 52
65 57
65 63
65 67
65 68
65 69
65 71
65 85
65 89
65 92
65 109
65 110
65 113
65 120
65 124
65 125
66 2
66 7
66 12
66 18
66 33
66 34
66 36
66 49
66 52
66 54
66 56
66 59
66 64
66 76
66 85
66 93
66 95
66 114
66 116
66 127
66 128
66 129
67 7
67 11
67 19
67 22
67 24
67 26
67 30
67 32
67 44
67 48
67 51
67 59
67 61
67 63
67 67
67 97
67 102
67 124
67 127
68 12
68 23
68 26
68 35
68 41
68 45
68 46
68 52
68 53
68 60
68 61
68 63
68 73
68 79
68 80
68 85
68 89
68 109
68 110
68 129
69 0
69 4
69 10
69 22
69 24
69 37
69 44
69 48
69 49
69 52
69 55
69 56
69 57
69 58
69 67
69 71
69 85
69 88
69 104
69 106
69 108
69 109
69 113
69 116
70 1
70 9
70 24
70 25
70 34
70 41
70 47
70 49
70 56
70 59
70 61
70 65
70 70
70 76
70 77
70 82
70 94
70 100
70 101
70 105
70 111
70 119
70 124
70 126
70 129
71 2
71 11
71 14
71 18
71 21
71 23
71 39
71 46
71 49
71 50
71 52
71 55
71 58
71 63
71 66
71 67
71 72
71 73
71 86
71 89
71 96
71 97
71 101
71 116
71 124
72 3
72 6
72 9
72 10
72 17
72 18
72 25
72 30
72 33
72 34
72 36
72 44
72 46
72 52
72 53
72 60
72 62
72 65
72 66
72 69
72 71
72 81
72 85
72 88
72 93
72 94
72 101
72 102
72 104
72 106
72 107
72 111
72 116
72 118
72 121
72 127
73 8
73 12
73 25
73 28
73 36
73 42
73 44
73 46
73 49
73 52
73 54
73 56
73 71
73 75
73 81
73 83
73 88
73 99
73 100
73 121
73 122
73 123
73 127
74 9
74 11
74 15
74 17
74 18
74 23
74 24
74 30
74 38
74 39
74 51
74 63
74 64
74 71
74 80
74 82
74 86
74 96
74 100
74 123
74 125
75 5
75 6
75 7
75 10
75 12
75 16
75 22
75 42
75 50
75 55
75 62
75 63
75 64
75 66
75 76
75 79
75 83
75 85
75 87
75 96
75 100
75 104
75 105
75 107
75 108
75 110
75 113
75 120
76 1
76 12
76 15
76 19
76 21
76 30
76 34
76 41
76 52
76 53
76 54
76 58
76 59
76 68
76 73
76 75
76 77
76 96
76 97
76 108
76 109
76 116
76 117
76 120
76 121
76 122
76 129
77 14
77 17
77 21
77 26
77 27
77 30
77 31
77 32
77 35
77 41
77 51
77 52
77 60
77 62
77 64
77 71
77 72
77 75
77 78
77 82
77 93
77 109
77 110
77 128
78 12
78 13
78 19
78 22
78 28
78 29
78 37
78 38
78 43
78 49
78 51
78 54
78 58
78 61
78 63
78 69
78 77
78 79
78 84
78 90
78 97
78 98
78 101
78 102
78 104
78 107
78 114
78 119
78 124
79 4
79 7
79 8
79 14
79 15
79 16
79 17
79 31
79 37
79 41
79 44
79 47
79 53
79 54
79 55
79 61
79 63
79 64
79 68
79 75
79 76
79 80
79 86
79 94
79 96
79 112
79 116
79 121
79 126
79 129
80 5
80 10
80 16
80 17
80 25
80 37
80 38
80 42
80 44
80 51
80 60
80 69
80 75
80 79
80 93
80 103
80 110
80 113
80 115
80 117
80 121
81 3
81 16
81 21
81 23
81 47
81 52
81 55
81 62
81 75
81 77
81 92
81 93
81 99
81 102
81 119
81 122
81 125
81 127
81 128
82 0
82 1
82 11
82 12
82 14
82 18
82 22
82 26
82 27
82 32
82 42
82 44
82 66
82 70
82 71
82 72
82 74
82 75
82 83
82 84
82 87
82 92
82 101
82 104
82 105
82 106
82 109
82 111
82 124
82 128
83 6
83 11
83 12
83 16
83 46
83 56
83 57
83 59
83 62
83 66
83 69
83 70
83 71
83 75
83 79
83 81
83 82
83 85
83 87
83 93
83 94
83 98
83 99
83 101
83 104
83 107
83 116
83 122
83 123
83 128
84 4
84 5
84 8
84 29
84 34
84 39
84 41
84 43
84 51
84 56
84 62
84 81
84 82
84 86
84 91
84 96
84 99
84 103
84 119
84 122
85 7
85 13
85 18
85 26
85 35
85 36
85 50
85 55
85 56
85 58
85 66
85 67
85 70
85 72
85 77
85 84
85 86
85 89
85 91
85 94
85 99
85 104
85 113
85 122
85 129
86 1
86 3
86 35
86 36
86 39
86 46
86 47
86 58
86 59
86 64
86 69
86 70
86 72
86 73
86 77
86 82
86 87
86 88
86 89
86 94
86 96
86 107
86 112
86 121
86 128
87 3
87 21
87 36
87 40
87 42
87 44
87 52
87 54
87 56
87 59
87 64
87 65
87 67
87 71
87 77
87 78
87 83
87 86
87 90
87 98
87 116
87 118
87 119
87 120
87 124
87 125
88 6
88 7
88 12
88 16
88 17
88 24
88 31
88 41
88 45
88 56
88 58
88 60
88 63
88 74
88 80
88 82
88 83
88 93
88 94
88 97
88 99
88 108
88 114
88 115
88 118
88 124
88 126
88 127
89 5
89 9
89 11
89 16
89 18
89 21
89 26
89 28
89 29
89 30
89 35
89 44
89 50
89 55
89 57
89 58
89 59
89 62
89 69
89 72
89 75
89 79
89 85
89 87
89 88
89 89
89 90
89 96
89 97
89 102
89 105
89 106
89 107
89 109
89 128
90 6
90 7
90 10
90 16
90 18
90 21
90 30
90 35
90 44
90 47
90 54
90 56
90 64
90 68
90 70
90 72
90 73
90 77
90 80
90 97
90 102
90 104
90 114
90 123
90 127
90 129
91 2
91 5
91 6
91 17
91 24
91 27
91 33
91 38
91 41
91 53
91 54
91 61
91 76
91 82
91 84
91 87
91 98
91 127
91 129
92 6
92 13
92 22
92 28
92 30
92 39
92 42
92 52
92 61
92 62
92 66
92 70
92 75
92 78
92 79
92 84
92 88
92 90
92 105
92 110
92 113
92 119
92 126
93 7
93 8
93 17
93 25
93 27
93 29
93 32
93 46
93 66
93 68
93 71
93 84
93 85
93 90
93 95
93 104
93 106
93 110
93 113
93 126
93 128
94 0
94 1
94 5
94 9
94 10
94 13
94 20
94 26
94 32
94 55
94 58
94 63
94 65
94 68
94 69
94 75
94 76
94 78
94 80
94 82
94 99
94 101
94 103
94 110
94 120
94 123
94 126
94 129
95 2
95 15
95 16
95 19
95 26
95 41
95 42
95 45
95 48
95 53
95 66
95 68
95 75
95 82
95 84
95 89
95 90
95 91
95 95
95 96
95 102
95 103
95 104
95 107
95 109
95 112
95 115
95 123
96 4
96 5
96 15
96 23
96 24
96 25
96 26
96 41
96 43
96 48
96 51
96 52
96 54
96 55
96 56
96 81
96 83
96 86
96 94
96 99
96 104
96 113
96 118
96 120
96 125
96 129
97 1
97 6
97 9
97 12
97 20
97 32
97 41
97 55
97 57
97 58
97 67
97 73
97 84
97 88
97 90
97 95
97 97
97 99
97 113
97 118
97 121
97 126
98 14
98 17
98 24
98 29
98 31
98 43
98 46
98 47
98 57
98 58
98 65
98 66
98 69
98 73
98 74
98 77
98 82
98 83
98 85
98 94
98 95
98 98
98 100
98 101
98 106
98 108
98 109
98 110
98 116
98 119
98 122
99 0
99 1
99 5
99 6
99 12
99 15
99 27
99 30
99 31
99 39
99 42
99 44
99 68
99 96
99 99
99 102
99 103
99 106
99 111
99 120
99 123
99 129
100 2
100 6
100 9
100 10
100 18
100 19
100 20
100 22
100 28
100 38
100 50
100 51
100 54
100 67
100 70
100 72
100 75
100 78
100 83
100 87
100 99
100 108
100 110
100 113
100 114
100 115
100 120
100 129
101 5
101 22
101 27
101 40
101 41
101 45
101 47
101 48
101 51
101 60
101 62
101 63
101 68
101 76
101 79
101 89
101 90
101 103
101 106
101 109
101 111
101 112
101 116
101 120
101 123
101 125
101 127
102 1
102 10
102 12
102 22
102 23
102 29
102 36
102 37
102 38
102 42
102 43
102 46
102 52
102 53
102 60
102 64
102 73
102 75
102 76
102 79
102 81
102 117
102 121
102 122
102 126
102 129
103 10
103 12
103 13
103 15
103 18
103 19
103 20
103 22
103 23
103 29
103 31
103 38
103 42
103 43
103 46
103 52
103 56
103 62
103 72
103 74
103 77
103 86
103 89
103 97
103 101
103 114
103 117
104 6
104 9
104 12
104 13
104 14
104 25
104 43
104 44
104 47
104 48
104 50
104 54
104 61
104 63
104 64
104 67
104 71
104 80
104 81
104 85
104 86
104 92
104 97
104 103
104 114
104 115
104 118
104 119
104 129
105 1
105 2
105 11
105 13
105 15
105 16
105 29
105 34
105 37
105 39
105 42
105 46
105 51
105 54
105 55
105 56
105 66
105 71
105 72
105 82
105 86
105 97
105 102
105 105
105 108
105 109
105 117
105 119
105 129
106 4
106 11
106 14
106 24
106 27
106 29
106 42
106 46
106 47
106 49
106 52
106 53
106 57
106 58
106 62
106 63
106 65
106 66
106 68
106 73
106 74
106 78
106 87
106 93
106 95
106 99
106 101
106 116
106 121
106 122
106 124
107 14
107 28
107 33
107 41
107 49
107 57
107 69
107 73
107 75
107 77
107 91
107 96
107 118
107 119
107 128
108 11
108 15
108 18
108 23
108 27
108 32
108 34
108 43
108 48
108 49
108 50
108 54
108 60
108 67
108 78
108 79
108 80
108 82
108 83
108 84
108 86
108 95
108 99
108 101
108 104
108 110
108 117
109 3
109 10
109 12
109 18
109 22
109 23
109 24
109 30
109 38
109 40
109 53
109 55
109 56
109 58
109 59
109 68
109 71
109 72
109 73
109 78
109 86
109 92
109 94
109 96
109 97
109 108
109 121
109 122
110 3
110 19
110 20
110 24
110 26
110 29
110 31
110 34
110 37
110 45
110 54
110 62
110 63
110 71
110 81
110 87
110 91
110 95
110 98
110 101
110 107
110 108
110 109
110 110
110 112
110 117
110 122
111 0
111 1
111 3
111 8
111 10
111 14
111 15
111 20
111 28
111 31
111 34
111 42
111 55
111 60
111 65
111 66
111 67
111 71
111 86
111 90
111 95
111 102
111 104
111 107
111 112
111 123
111 125
111 129
112 0
112 19
112 25
112 28
112 31
112 40
112 41
112 43
112 49
112 52
112 54
112 55
112 68
112 70
112 75
112 78
112 79
112 85
112 88
112 98
112 102
112 113
112 117
113 29
113 36
113 50
113 64
113 65
113 68
113 71
113 76
113 77
113 79
113 85
113 88
113 95
113 100
113 101
113 103
113 114
113 118
113 124
114 4
114 10
114 19
114 24
114 30
114 31
114 32
114 34
114 36
114 38
114 40
114 41
114 47
114 50
114 52
114 55
114 57
114 58
114 60
114 63
114 67
114 70
114 80
114 84
114 85
114 86
114 87
114 89
114 92
114 95
114 103
114 106
114 108
114 110
114 119
114 125
114 127
115 9
115 15
115 25
115 36
115 39
115 41
115 44
115 50
115 52
115 54
115 58
115 60
115 63
115 89
115 113
115 119
115 124
116 0
116 3
116 7
116 13
116 16
116 18
116 22
116 28
116 29
116 34
116 36
116 38
116 39
116 47
116 51
116 52
116 60
116 64
116 66
116 67
116 73
116 76
116 81
116 83
116 87
116 88
116 89
116 91
116 109
116 116
117 5
117 14
117 20
117 25
117 32
117 38
117 43
117 53
117 55
117 58
117 61
117 64
117 68
117 69
117 73
117 75
117 76
117 77
117 78
117 79
117 91
117 100
117 101
117 110
117 115
117 117
117 119
117 128
118 3
118 8
118 10
118 11
118 16
118 23
118 24
118 29
118 32
118 38
118 48
118 51
118 54
118 63
118 69
118 71
118 73
118 79
118 80
118 98
118 99
118 101
118 102
118 107
118 118
118 119
118 120
119 4
119 6
119 13
119 14
119 21
119 23
119 36
119 42
119 44
119 46
119 49
119 54
119 55
119 62
119 68
119 76
119 83
119 92
119 95
119 98
119 104
119 108
119 112
119 121
119 126
120 30
120 33
120 35
120 37
120 43
120 54
120 57
120 60
120 72
120 76
120 77
120 83
120 85
120 100
120 103
120 108
120 109
120 110
120 112
120 113
120 116
120 119
120 121
120 122
121 4
121 8
121 15
121 25
121 26
121 32
121 40
121 47
121 51
121 53
121 62
121 64
121 70
121 72
121 79
121 80
121 90
121 98
121 106
121 107
121 108
121 114
121 118
121 124
121 125
121 129
122 1
122 7
122 12
122 13
122 15
122 24
122 25
122 27
122 29
122 32
122 36
122 46
122 52
122 55
122 74
122 79
122 94
122 103
122 108
122 110
122 115
122 117
122 118
122 122
123 1
123 4
123 5
123 6
123 10
123 13
123 18
123 21
123 22
123 25
123 29
123 31
123 43
123 51
123 63
123 70
123 71
123 76
123 83
123 86
123 89
123 90
123 91
123 122
123 124
124 1
124 8
124 9
124 28
124 32
124 35
124 37
124 42
124 48
124 58
124 62
124 64
124 68
124 69
124 70
124 77
124 100
124 111
124 115
124 117
124 120
124 123
125 4
125 6
125 10
125 16
125 28
125 32
125 34
125 35
125 37
125 38
125 44
125 46
125 50
125 51
125 52
125 63
125 65
125 66
125 71
125 73
125 85
125 89
125 96
125 105
125 106
125 109
125 111
125 119
125 125
125 129
126 4
126 5
126 8
126 11
126 12
126 15
126 16
126 20
126 32
126 39
126 43
126 46
126 47
126 49
126 64
126 67
126 69
126 76
126 80
126 83
126 93
126 99
126 106
126 120
127 13
127 23
127 25
127 27
127 39
127 43
127 47
127 48
127 58
127 67
127 84
127 85
127 87
127 96
127 98
127 101
127 102
127 105
127 106
127 114
127 119
127 121
127 129
128 21
128 29
128 35
128 42
128 43
128 46
128 53
128 57
128 63
128 65
128 67
128 71
128 72
128 77
128 83
128 84
128 87
128 91
128 93
128 98
128 120
128 121
128 124
129 9
129 12
129 20
129 33
129 40
129 44
129 49
129 50
129 51
129 59
129 60
129 64
129 71
129 80
129 86
129 93
129 102
129 114
129 115
129 123
