210
8820
0 0
0 7
0 19
0 39
0 44
0 46
0 55
0 62
0 69
0 72
0 74
0 78
0 81
0 91
0 101
0 106
0 107
0 108
0 113
0 118
0 121
0 122
0 128
0 129
0 130
0 136
0 152
0 158
0 160
0 163
0 164
0 165
0 169
0 181
0 186
0 191
0 193
0 199
1 2
1 3
1 15
1 17
1 22
1 29
1 32
1 47
1 55
1 60
1 65
1 85
1 87
1 90
1 92
1 100
1 101
1 103
1 111
1 115
1 117
1 122
1 124
1 129
1 133
1 136
1 142
1 151
1 152
1 162
1 186
1 190
1 192
1 195
1 196
1 197
1 199
1 200
1 202
1 203
1 207
1 208
2 2
2 3
2 4
2 11
2 16
2 25
2 43
2 45
2 54
2 57
2 61
2 82
2 90
2 95
2 97
2 100
2 101
2 102
2 106
2 107
2 118
2 125
2 143
2 145
2 147
2 150
2 152
2 155
2 157
2 166
2 174
2 183
2 185
2 187
2 190
2 201
2 203
2 204
2 208
2 209
3 7
3 8
3 11
3 14
3 17
3 23
3 26
3 30
3 35
3 36
3 46
3 53
3 58
3 63
3 64
3 65
3 66
3 68
3 75
3 87
3 90
3 91
3 100
3 102
3 103
3 113
3 114
3 115
3 117
3 120
3 123
3 128
3 139
3 141
3 147
3 157
3 162
3 178
3 182
3 187
3 189
3 193
3 194
3 197
3 198
3 199
3 200
3 201
3 207
4 0
4 6
4 7
4 13
4 16
4 18
4 19
4 23
4 26
4 31
4 40
4 44
4 59
4 63
4 66
4 68
4 69
4 76
4 99
4 116
4 117
4 124
4 125
4 127
4 138
4 142
4 148
4 161
4 166
4 170
4 177
4 180
4 182
4 186
4 201
4 208
5 0
5 9
5 17
5 26
5 55
5 58
5 61
5 74
5 96
5 98
5 103
5 113
5 130
5 139
5 149
5 151
5 152
5 153
5 156
5 157
5 167
5 170
5 181
5 191
5 193
5 195
5 199
5 204
5 205
6 4
6 6
6 14
6 23
6 34
6 37
6 39
6 42
6 43
6 44
6 48
6 49
6 51
6 52
6 56
6 62
6 81
6 85
6 87
6 95
6 97
6 98
6 99
6 103
6 106
6 108
6 110
6 111
6 116
6 136
6 150
6 158
6 161
6 162
6 163
6 166
6 173
6 182
6 184
6 187
6 190
6 198
6 200
6 203
6 205
7 4
7 5
7 7
7 10
7 14
7 16
7 21
7 34
7 36
7 45
7 48
7 52
7 56
7 60
7 61
7 73
7 109
7 116
7 120
7 125
7 132
7 139
7 142
7 145
7 151
7 155
7 158
7 163
7 164
7 172
7 173
7 176
7 180
7 184
7 186
7 187
7 192
7 193
7 200
7 202
8 9
8 23
8 26
8 30
8 31
8 33
8 34
8 35
8 38
8 40
8 41
8 61
8 63
8 64
8 72
8 73
8 81
8 90
8 95
8 99
8 105
8 108
8 114
8 118
8 123
8 127
8 129
8 131
8 134
8 145
8 159
8 166
8 169
8 170
8 178
8 180
8 185
8 190
8 193
8 195
9 0
9 3
9 4
9 7
9 19
9 21
9 22
9 26
9 29
9 38
9 41
9 55
9 60
9 73
9 79
9 84
9 88
9 93
9 94
9 97
9 99
9 100
9 101
9 113
9 122
9 126
9 128
9 131
9 134
9 135
9 136
9 141
9 142
9 149
9 152
9 157
9 160
9 161
9 163
9 168
9 181
9 190
9 195
9 198
9 199
9 202
9 206
10 9
10 12
10 13
10 16
10 24
10 28
10 30
10 32
10 42
10 50
10 68
10 77
10 81
10 85
10 90
10 91
10 94
10 96
10 99
10 101
10 108
10 111
10 114
10 127
10 130
10 133
10 144
10 148
10 149
10 157
10 165
10 170
10 171
10 178
10 179
10 185
10 191
10 200
10 202
10 203
10 208
10 209
11 3
11 10
11 11
11 19
11 20
11 25
11 31
11 35
11 37
11 39
11 41
11 48
11 54
11 63
11 76
11 78
11 82
11 83
11 90
11 92
11 93
11 94
11 95
11 100
11 101
11 106
11 110
11 118
11 119
11 127
11 132
11 141
11 142
11 144
11 147
11 150
11 153
11 170
11 173
11 174
11 175
11 177
11 182
11 185
11 187
11 190
11 195
11 207
12 13
12 19
12 21
12 22
12 34
12 36
12 41
12 43
12 47
12 52
12 54
12 79
12 82
12 84
12 87
12 97
12 98
12 102
12 104
12 106
12 112
12 118
12 122
12 132
12 137
12 139
12 143
12 144
12 145
12 146
12 166
12 169
12 179
12 182
12 186
12 189
12 190
12 195
12 198
12 200
12 206
12 207
12 208
13 1
13 2
13 3
13 4
13 19
13 22
13 35
13 41
13 42
13 45
13 47
13 48
13 49
13 56
13 57
13 78
13 100
13 101
13 104
13 122
13 127
13 131
13 146
13 150
13 154
13 158
13 170
13 175
13 178
13 179
13 187
13 188
13 189
13 193
13 195
13 196
13 199
13 202
13 208
14 5
14 6
14 18
14 25
14 26
14 28
14 35
14 42
14 45
14 46
14 47
14 50
14 55
14 61
14 62
14 65
14 78
14 82
14 86
14 87
14 91
14 97
14 102
14 104
14 109
14 112
14 114
14 115
14 134
14 138
14 140
14 142
14 144
14 150
14 152
14 153
14 154
14 195
14 201
14 202
14 209
15 14
15 17
15 24
15 27
15 37
15 38
15 44
15 46
15 53
15 61
15 64
15 67
15 72
15 85
15 90
15 93
15 100
15 103
15 105
15 107
15 114
15 116
15 117
15 122
15 127
15 129
15 130
15 144
15 148
15 153
15 159
15 165
15 176
15 200
15 201
15 203
16 2
16 3
16 6
16 11
16 14
16 31
16 34
16 37
16 39
16 43
16 45
16 46
16 49
16 52
16 53
16 72
16 73
16 78
16 84
16 86
16 87
16 88
16 97
16 99
16 102
16 127
16 128
16 129
16 132
16 137
16 144
16 145
16 149
16 152
16 156
16 157
16 162
16 164
16 166
16 168
16 178
16 189
16 193
16 194
16 197
16 201
16 203
16 205
16 206
17 8
17 11
17 12
17 13
17 14
17 16
17 18
17 22
17 25
17 29
17 43
17 48
17 52
17 54
17 59
17 72
17 78
17 83
17 93
17 94
17 98
17 102
17 107
17 108
17 114
17 118
17 121
17 126
17 135
17 145
17 149
17 150
17 151
17 159
17 169
17 170
17 177
17 183
17 185
17 199
18 2
18 5
18 6
18 15
18 16
18 21
18 42
18 50
18 64
18 72
18 75
18 76
18 80
18 84
18 100
18 101
18 104
18 106
18 109
18 113
18 121
18 132
18 144
18 147
18 148
18 152
18 169
18 174
18 175
18 176
18 179
18 185
18 199
18 201
19 6
19 22
19 23
19 24
19 25
19 26
19 28
19 32
19 34
19 35
19 36
19 37
19 40
19 41
19 51
19 56
19 57
19 66
19 67
19 68
19 70
19 72
19 75
19 76
19 79
19 81
19 91
19 92
19 93
19 95
19 103
19 104
19 108
19 112
19 114
19 116
19 118
19 122
19 135
19 146
19 148
19 178
19 194
19 204
19 207
19 208
20 2
20 7
20 13
20 23
20 28
20 29
20 45
20 48
20 49
20 52
20 54
20 65
20 71
20 73
20 74
20 76
20 78
20 81
20 83
20 92
20 102
20 103
20 105
20 111
20 112
20 122
20 127
20 132
20 138
20 147
20 149
20 153
20 156
20 158
20 162
20 163
20 164
20 167
20 172
20 173
20 175
20 177
20 180
20 188
20 192
20 199
20 203
20 205
21 13
21 21
21 22
21 24
21 27
21 37
21 45
21 53
21 56
21 58
21 65
21 70
21 79
21 84
21 86
21 87
21 94
21 99
21 101
21 107
21 110
21 114
21 119
21 126
21 131
21 132
21 134
21 138
21 144
21 156
21 160
21 162
21 165
21 166
21 171
21 185
21 190
21 196
21 201
21 202
21 206
21 208
22 4
22 12
22 15
22 32
22 37
22 44
22 53
22 62
22 67
22 68
22 77
22 80
22 82
22 85
22 86
22 92
22 93
22 97
22 98
22 101
22 102
22 103
22 110
22 115
22 117
22 118
22 130
22 132
22 140
22 146
22 157
22 160
22 167
22 172
22 181
22 186
22 201
22 203
22 205
23 8
23 9
23 10
23 15
23 18
23 19
23 21
23 33
23 38
23 44
23 46
23 47
23 49
23 55
23 59
23 60
23 64
23 72
23 77
23 78
23 85
23 90
23 115
23 120
23 126
23 135
23 137
23 138
23 140
23 141
23 142
23 147
23 151
23 156
23 158
23 160
23 162
23 167
23 172
23 174
23 175
23 179
23 185
23 188
23 197
23 203
24 1
24 3
24 5
24 12
24 13
24 15
24 26
24 38
24 55
24 72
24 74
24 76
24 81
24 83
24 85
24 93
24 96
24 111
24 113
24 114
24 119
24 120
24 122
24 127
24 131
24 134
24 139
24 143
24 148
24 158
24 177
24 181
24 182
24 184
24 190
24 191
24 207
24 208
25 3
25 5
25 11
25 15
25 17
25 20
25 21
25 25
25 28
25 30
25 36
25 39
25 40
25 43
25 44
25 61
25 65
25 75
25 78
25 79
25 82
25 83
25 84
25 103
25 113
25 115
25 127
25 128
25 136
25 154
25 155
25 156
25 167
25 168
25 171
25 174
25 179
25 180
25 181
25 182
25 187
25 191
25 197
25 203
25 206
26 17
26 18
26 25
26 26
26 38
26 42
26 45
26 52
26 57
26 60
26 63
26 66
26 70
26 73
26 77
26 86
26 91
26 93
26 96
26 101
26 106
26 109
26 114
26 116
26 117
26 126
26 133
26 147
26 159
26 169
26 170
26 172
26 174
26 178
26 181
26 182
26 185
26 187
26 197
26 200
26 205
27 7
27 12
27 14
27 20
27 32
27 34
27 43
27 49
27 60
27 62
27 63
27 64
27 68
27 72
27 94
27 97
27 99
27 109
27 111
27 112
27 116
27 122
27 123
27 127
27 133
27 138
27 141
27 143
27 146
27 151
27 153
27 155
27 156
27 161
27 162
27 165
27 170
27 187
27 191
28 1
28 5
28 16
28 28
28 30
28 38
28 40
28 47
28 48
28 54
28 55
28 59
28 64
28 74
28 80
28 82
28 87
28 89
28 91
28 101
28 110
28 115
28 117
28 118
28 123
28 126
28 127
28 135
28 136
28 137
28 140
28 141
28 152
28 153
28 158
28 159
28 163
28 164
28 175
28 178
28 184
28 194
28 196
28 199
28 200
28 204
28 205
28 208
29 0
29 11
29 13
29 17
29 19
29 20
29 30
29 44
29 47
29 51
29 54
29 59
29 65
29 68
29 72
29 75
29 79
29 85
29 86
29 89
29 95
29 96
29 99
29 106
29 109
29 118
29 126
29 129
29 130
29 134
29 141
29 147
29 152
29 157
29 162
29 191
29 198
29 202
29 207
30 1
30 11
30 14
30 21
30 23
30 26
30 28
30 33
30 37
30 39
30 44
30 46
30 50
30 61
30 63
30 73
30 80
30 91
30 92
30 95
30 97
30 100
30 116
30 117
30 118
30 127
30 154
30 156
30 163
30 168
30 174
30 175
30 176
30 179
30 188
30 190
30 191
30 193
30 194
30 199
30 202
30 208
31 4
31 10
31 16
31 19
31 28
31 31
31 38
31 43
31 47
31 57
31 59
31 60
31 61
31 64
31 65
31 67
31 81
31 82
31 83
31 95
31 106
31 107
31 111
31 118
31 119
31 129
31 143
31 147
31 150
31 159
31 162
31 166
31 169
31 171
31 174
31 177
31 181
31 198
31 207
31 209
32 1
32 3
32 15
32 16
32 22
32 30
32 31
32 34
32 41
32 44
32 46
32 51
32 58
32 59
32 61
32 64
32 68
32 71
32 75
32 80
32 82
32 98
32 105
32 108
32 111
32 114
32 118
32 126
32 132
32 140
32 143
32 144
32 161
32 169
32 171
32 176
32 182
33 6
33 10
33 13
33 17
33 18
33 21
33 22
33 36
33 47
33 48
33 50
33 52
33 53
33 64
33 69
33 71
33 73
33 77
33 79
33 84
33 87
33 88
33 90
33 106
33 108
33 110
33 112
33 120
33 121
33 122
33 127
33 128
33 134
33 142
33 147
33 155
33 157
33 171
33 174
33 176
33 186
33 188
33 190
33 192
33 201
34 1
34 18
34 21
34 23
34 33
34 39
34 46
34 47
34 48
34 49
34 50
34 52
34 57
34 61
34 71
34 77
34 81
34 84
34 86
34 90
34 102
34 106
34 115
34 116
34 117
34 129
34 135
34 136
34 144
34 146
34 148
34 151
34 157
34 166
34 173
34 184
34 188
34 189
34 192
34 195
34 196
34 203
34 205
34 206
35 2
35 4
35 7
35 11
35 12
35 15
35 19
35 32
35 37
35 46
35 49
35 50
35 56
35 70
35 72
35 85
35 86
35 91
35 107
35 114
35 120
35 122
35 124
35 125
35 133
35 134
35 141
35 148
35 163
35 167
35 176
35 178
35 180
35 185
35 188
35 192
35 194
35 198
36 0
36 2
36 4
36 10
36 14
36 18
36 28
36 35
36 45
36 47
36 56
36 65
36 72
36 75
36 79
36 84
36 86
36 91
36 94
36 108
36 116
36 122
36 132
36 135
36 137
36 143
36 145
36 148
36 150
36 156
36 157
36 161
36 164
36 175
36 178
36 180
36 182
36 184
36 189
36 196
36 199
36 204
36 205
37 3
37 6
37 14
37 16
37 21
37 22
37 23
37 25
37 27
37 28
37 36
37 43
37 47
37 49
37 51
37 58
37 75
37 76
37 79
37 80
37 86
37 87
37 88
37 90
37 96
37 107
37 116
37 117
37 132
37 138
37 142
37 146
37 149
37 153
37 161
37 162
37 168
37 175
37 176
37 179
37 180
37 191
37 192
37 198
37 204
37 207
37 209
38 1
38 11
38 13
38 15
38 18
38 22
38 27
38 28
38 36
38 37
38 38
38 41
38 53
38 54
38 55
38 65
38 68
38 75
38 76
38 79
38 81
38 85
38 96
38 97
38 101
38 118
38 119
38 121
38 122
38 129
38 132
38 133
38 144
38 147
38 148
38 151
38 152
38 154
38 157
38 168
38 173
38 186
38 188
38 203
38 207
38 209
39 24
39 25
39 26
39 28
39 30
39 38
39 39
39 43
39 55
39 69
39 83
39 100
39 111
39 115
39 126
39 130
39 134
39 139
39 141
39 150
39 155
39 161
39 167
39 170
39 174
39 176
39 182
39 197
39 199
39 204
39 207
40 1
40 10
40 11
40 23
40 24
40 32
40 35
40 40
40 53
40 56
40 57
40 58
40 61
40 67
40 68
40 69
40 70
40 71
40 79
40 81
40 89
40 90
40 100
40 108
40 110
40 126
40 128
40 137
40 138
40 140
40 142
40 143
40 153
40 156
40 157
40 159
40 162
40 163
40 166
40 169
40 175
40 182
40 199
40 200
40 201
40 202
40 206
40 209
41 6
41 9
41 11
41 15
41 25
41 29
41 40
41 48
41 50
41 64
41 70
41 75
41 81
41 83
41 90
41 94
41 97
41 98
41 101
41 104
41 110
41 118
41 120
41 126
41 127
41 131
41 132
41 139
41 140
41 145
41 146
41 164
41 167
41 168
41 176
41 181
41 185
41 188
41 191
41 193
41 200
41 205
41 208
42 12
42 22
42 30
42 31
42 33
42 37
42 45
42 47
42 50
42 52
42 55
42 60
42 66
42 67
42 68
42 69
42 73
42 75
42 76
42 89
42 90
42 96
42 99
42 110
42 111
42 114
42 118
42 122
42 126
42 133
42 135
42 148
42 152
42 161
42 163
42 165
42 172
42 173
42 178
42 179
42 181
42 190
42 196
42 199
42 200
42 206
42 207
43 5
43 11
43 19
43 22
43 29
43 32
43 40
43 50
43 54
43 55
43 66
43 69
43 77
43 80
43 87
43 90
43 92
43 96
43 103
43 109
43 112
43 113
43 126
43 127
43 129
43 130
43 150
43 167
43 169
43 176
43 182
43 191
43 192
43 197
43 198
43 206
44 0
44 16
44 18
44 21
44 31
44 38
44 41
44 43
44 44
44 47
44 53
44 56
44 62
44 64
44 69
44 70
44 81
44 97
44 99
44 100
44 118
44 133
44 134
44 135
44 152
44 157
44 162
44 164
44 167
44 171
44 174
44 185
44 189
44 200
44 201
44 202
44 208
45 9
45 11
45 30
45 32
45 35
45 36
45 39
45 51
45 55
45 61
45 64
45 71
45 75
45 78
45 94
45 96
45 102
45 103
45 105
45 107
45 111
45 112
45 116
45 117
45 127
45 129
45 131
45 133
45 139
45 148
45 151
45 152
45 153
45 158
45 161
45 162
45 163
45 170
45 174
45 175
45 196
45 202
46 1
46 9
46 13
46 18
46 27
46 32
46 35
46 38
46 46
46 53
46 56
46 60
46 69
46 79
46 80
46 82
46 85
46 88
46 104
46 110
46 114
46 116
46 123
46 124
46 126
46 127
46 134
46 136
46 137
46 145
46 152
46 155
46 158
46 167
46 168
46 182
46 189
46 195
46 197
46 207
46 209
47 2
47 8
47 9
47 15
47 28
47 29
47 33
47 35
47 38
47 40
47 42
47 44
47 51
47 63
47 69
47 70
47 73
47 75
47 80
47 87
47 94
47 100
47 103
47 108
47 110
47 114
47 117
47 118
47 123
47 126
47 131
47 132
47 133
47 141
47 142
47 156
47 160
47 162
47 163
47 176
47 177
47 180
47 198
47 202
47 203
47 207
48 7
48 13
48 16
48 17
48 19
48 20
48 22
48 23
48 27
48 28
48 42
48 44
48 45
48 48
48 49
48 54
48 58
48 61
48 67
48 69
48 74
48 75
48 78
48 79
48 82
48 86
48 95
48 100
48 103
48 104
48 114
48 115
48 120
48 124
48 126
48 128
48 131
48 141
48 151
48 155
48 159
48 164
48 169
48 171
48 181
48 186
48 202
48 206
49 2
49 21
49 22
49 26
49 29
49 36
49 45
49 46
49 47
49 49
49 55
49 58
49 71
49 78
49 79
49 85
49 87
49 88
49 101
49 107
49 112
49 115
49 121
49 122
49 132
49 146
49 155
49 156
49 159
49 166
49 167
49 169
49 172
49 174
49 176
49 181
49 182
49 185
49 188
49 192
49 193
49 198
49 201
49 205
49 208
50 3
50 7
50 37
50 39
50 50
50 52
50 58
50 63
50 67
50 71
50 76
50 80
50 83
50 85
50 90
50 98
50 106
50 113
50 114
50 119
50 121
50 123
50 125
50 132
50 133
50 135
50 139
50 140
50 141
50 142
50 146
50 147
50 163
50 169
50 172
50 188
50 191
50 195
50 198
51 1
51 2
51 3
51 9
51 12
51 18
51 21
51 22
51 34
51 35
51 36
51 49
51 52
51 53
51 54
51 56
51 62
51 75
51 80
51 83
51 84
51 91
51 92
51 93
51 98
51 110
51 114
51 116
51 121
51 126
51 133
51 136
51 137
51 138
51 139
51 141
51 149
51 155
51 162
51 167
51 169
51 176
51 180
51 182
51 186
51 190
51 195
51 196
51 199
51 200
51 204
52 1
52 3
52 20
52 34
52 40
52 44
52 53
52 58
52 71
52 72
52 78
52 80
52 83
52 95
52 101
52 106
52 108
52 115
52 139
52 144
52 149
52 173
52 176
52 180
52 184
52 188
52 189
52 190
52 200
52 204
52 205
52 207
53 2
53 6
53 7
53 31
53 39
53 40
53 42
53 46
53 68
53 73
53 74
53 75
53 84
53 91
53 97
53 100
53 105
53 109
53 114
53 116
53 119
53 121
53 131
53 132
53 135
53 139
53 141
53 145
53 146
53 154
53 165
53 170
53 172
53 182
53 185
53 187
53 188
53 191
53 192
53 193
53 201
54 0
54 5
54 8
54 11
54 13
54 17
54 19
54 23
54 27
54 31
54 35
54 36
54 44
54 57
54 58
54 62
54 65
54 66
54 68
54 70
54 72
54 78
54 82
54 84
54 96
54 100
54 101
54 107
54 111
54 112
54 127
54 128
54 133
54 134
54 136
54 137
54 139
54 140
54 142
54 143
54 149
54 152
54 165
54 166
54 167
54 168
54 171
54 175
54 180
54 185
54 201
55 1
55 8
55 11
55 12
55 16
55 17
55 18
55 30
55 33
55 38
55 44
55 45
55 49
55 51
55 54
55 61
55 65
55 67
55 68
55 71
55 79
55 82
55 89
55 91
55 92
55 103
55 109
55 111
55 112
55 115
55 116
55 119
55 120
55 121
55 122
55 123
55 131
55 138
55 139
55 142
55 149
55 162
55 163
55 166
55 174
55 182
55 183
55 187
55 192
55 194
55 197
55 203
55 207
56 4
56 7
56 12
56 15
56 17
56 30
56 32
56 33
56 42
56 44
56 52
56 60
56 61
56 62
56 66
56 72
56 79
56 92
56 96
56 97
56 100
56 106
56 108
56 111
56 115
56 118
56 120
56 122
56 123
56 133
56 136
56 144
56 151
56 158
56 159
56 189
56 193
56 197
56 205
56 207
56 208
56 209
57 3
57 5
57 7
57 8
57 9
57 17
57 20
57 21
57 26
57 32
57 33
57 41
57 42
57 52
57 55
57 56
57 58
57 73
57 78
57 84
57 101
57 102
57 106
57 110
57 113
57 116
57 118
57 120
57 122
57 124
57 127
57 130
57 133
57 139
57 140
57 142
57 164
57 170
57 172
57 173
57 179
57 180
57 181
57 185
57 187
57 201
57 203
58 18
58 34
58 41
58 44
58 59
58 60
58 67
58 68
58 76
58 83
58 94
58 95
58 96
58 106
58 108
58 112
58 114
58 124
58 126
58 127
58 134
58 137
58 144
58 148
58 151
58 152
58 155
58 171
58 180
58 193
58 194
58 200
58 202
58 206
58 208
59 2
59 4
59 6
59 11
59 14
59 21
59 25
59 26
59 29
59 32
59 34
59 35
59 37
59 38
59 39
59 63
59 68
59 69
59 70
59 73
59 86
59 87
59 90
59 94
59 95
59 108
59 114
59 118
59 121
59 132
59 139
59 145
59 148
59 149
59 154
59 155
59 161
59 164
59 166
59 168
59 172
59 181
59 188
59 201
59 205
59 209
60 2
60 4
60 23
60 25
60 27
60 37
60 39
60 44
60 50
60 61
60 64
60 67
60 77
60 78
60 84
60 85
60 89
60 91
60 96
60 100
60 103
60 104
60 110
60 112
60 115
60 121
60 122
60 123
60 136
60 138
60 145
60 147
60 151
60 152
60 155
60 156
60 161
60 162
60 163
60 164
60 169
60 177
60 180
60 184
60 197
60 199
60 204
61 14
61 17
61 19
61 22
61 30
61 36
61 39
61 40
61 43
61 47
61 72
61 74
61 82
61 83
61 86
61 87
61 93
61 94
61 102
61 105
61 112
61 116
61 118
61 119
61 120
61 121
61 127
61 128
61 131
61 144
61 157
61 166
61 167
61 172
61 174
61 176
61 178
61 185
61 187
61 194
61 198
61 200
61 201
62 15
62 40
62 43
62 50
62 56
62 62
62 63
62 65
62 71
62 73
62 82
62 83
62 84
62 88
62 107
62 116
62 117
62 118
62 121
62 124
62 129
62 135
62 139
62 144
62 151
62 152
62 154
62 156
62 160
62 173
62 177
62 181
62 182
62 188
62 201
62 205
62 208
63 2
63 3
63 10
63 14
63 17
63 20
63 26
63 28
63 30
63 32
63 39
63 52
63 53
63 56
63 57
63 65
63 69
63 74
63 79
63 81
63 93
63 99
63 103
63 108
63 109
63 114
63 118
63 127
63 129
63 136
63 141
63 142
63 143
63 151
63 157
63 161
63 162
63 165
63 168
63 169
63 172
63 173
63 175
63 177
63 184
63 188
63 189
63 194
63 206
63 207
64 0
64 3
64 4
64 11
64 16
64 19
64 28
64 29
64 34
64 41
64 49
64 55
64 59
64 61
64 63
64 68
64 69
64 70
64 72
64 73
64 84
64 85
64 89
64 92
64 95
64 121
64 126
64 132
64 140
64 151
64 162
64 182
64 183
64 191
64 193
64 194
64 202
65 1
65 4
65 8
65 10
65 17
65 21
65 22
65 23
65 26
65 32
65 43
65 44
65 54
65 60
65 64
65 69
65 79
65 80
65 83
65 98
65 99
65 104
65 107
65 113
65 120
65 121
65 128
65 133
65 138
65 145
65 148
65 153
65 155
65 163
65 165
65 166
65 176
65 181
65 186
65 187
65 190
65 196
65 201
65 202
65 208
66 2
66 13
66 22
66 23
66 27
66 30
66 42
66 45
66 52
66 56
66 58
66 59
66 63
66 65
66 66
66 67
66 68
66 74
66 84
66 89
66 90
66 92
66 93
66 99
66 101
66 103
66 104
66 110
66 114
66 124
66 130
66 140
66 151
66 166
66 168
66 169
66 172
66 179
66 183
66 184
66 187
66 188
66 189
66 192
66 196
67 8
67 15
67 23
67 29
67 33
67 35
67 45
67 46
67 50
67 51
67 67
67 71
67 72
67 77
67 78
67 92
67 95
67 99
67 103
67 113
67 121
67 126
67 127
67 130
67 135
67 139
67 141
67 142
67 153
67 167
67 171
67 176
67 179
67 181
67 189
67 191
67 196
67 202
67 206
67 209
68 1
68 13
68 18
68 24
68 28
68 29
68 35
68 36
68 37
68 39
68 44
68 46
68 48
68 52
68 56
68 59
68 63
68 67
68 68
68 75
68 79
68 80
68 81
68 91
68 96
68 99
68 106
68 115
68 117
68 124
68 129
68 132
68 138
68 139
68 140
68 143
68 150
68 152
68 154
68 158
68 171
68 176
68 178
68 182
68 193
68 194
68 199
68 200
68 201
68 202
68 203
68 205
69 1
69 3
69 6
69 7
69 9
69 10
69 12
69 14
69 21
69 24
69 27
69 28
69 30
69 32
69 33
69 35
69 38
69 48
69 51
69 54
69 55
69 57
69 59
69 65
69 68
69 74
69 88
69 91
69 100
69 106
69 110
69 122
69 133
69 138
69 161
69 167
69 173
69 183
69 184
69 185
69 194
69 204
69 206
70 0
70 1
70 3
70 5
70 6
70 7
70 9
70 16
70 25
70 29
70 43
70 44
70 46
70 47
70 48
70 56
70 60
70 62
70 63
70 64
70 65
70 68
70 82
70 84
70 99
70 104
70 105
70 107
70 110
70 112
70 114
70 116
70 120
70 121
70 122
70 123
70 127
70 133
70 134
70 136
70 142
70 152
70 155
70 175
70 178
70 186
70 190
70 207
70 208
71 1
71 22
71 27
71 33
71 35
71 49
71 52
71 58
71 64
71 71
71 77
71 79
71 84
71 90
71 91
71 92
71 93
71 100
71 101
71 103
71 104
71 110
71 117
71 121
71 125
71 126
71 127
71 130
71 148
71 151
71 160
71 177
71 179
71 190
71 194
71 200
71 202
71 204
71 207
72 1
72 4
72 13
72 15
72 16
72 24
72 25
72 27
72 35
72 39
72 42
72 44
72 45
72 47
72 51
72 54
72 59
72 63
72 70
72 72
72 73
72 77
72 86
72 88
72 97
72 113
72 120
72 124
72 125
72 127
72 128
72 129
72 134
72 138
72 139
72 140
72 145
72 146
72 149
72 150
72 165
72 168
72 169
72 175
72 202
73 4
73 5
73 10
73 11
73 13
73 36
73 40
73 46
73 48
73 59
73 62
73 64
73 66
73 68
73 70
73 71
73 74
73 78
73 87
73 92
73 94
73 96
73 103
73 108
73 118
73 119
73 125
73 127
73 130
73 132
73 149
73 162
73 163
73 173
73 175
73 179
73 180
73 189
73 197
73 198
73 199
73 200
74 6
74 10
74 12
74 18
74 19
74 25
74 28
74 40
74 43
74 45
74 46
74 48
74 54
74 58
74 59
74 62
74 64
74 66
74 69
74 82
74 83
74 88
74 95
74 100
74 101
74 112
74 123
74 128
74 129
74 131
74 133
74 134
74 146
74 150
74 151
74 153
74 156
74 158
74 171
74 180
74 181
74 186
74 207
75 12
75 16
75 17
75 20
75 21
75 22
75 27
75 30
75 37
75 38
75 41
75 45
75 51
75 55
75 72
75 76
75 79
75 85
75 94
75 97
75 99
75 100
75 104
75 111
75 113
75 114
75 121
75 130
75 133
75 135
75 137
75 143
75 144
75 150
75 153
75 165
75 176
75 186
75 188
75 205
76 8
76 10
76 17
76 18
76 27
76 41
76 45
76 46
76 49
76 50
76 55
76 64
76 67
76 70
76 71
76 72
76 82
76 97
76 100
76 111
76 113
76 119
76 123
76 125
76 130
76 131
76 134
76 142
76 144
76 148
76 151
76 158
76 165
76 181
76 183
76 187
76 188
76 189
76 194
76 196
76 198
76 199
76 204
77 5
77 16
77 36
77 39
77 45
77 64
77 65
77 66
77 69
77 80
77 83
77 87
77 91
77 93
77 98
77 113
77 118
77 121
77 125
77 126
77 131
77 132
77 140
77 144
77 148
77 170
77 177
77 181
77 185
77 189
77 191
77 197
77 199
77 203
77 207
77 209
78 0
78 1
78 7
78 9
78 11
78 14
78 21
78 25
78 27
78 34
78 35
78 36
78 37
78 45
78 52
78 54
78 67
78 68
78 69
78 70
78 73
78 83
78 92
78 93
78 95
78 98
78 101
78 105
78 107
78 110
78 114
78 118
78 122
78 124
78 134
78 137
78 138
78 166
78 167
78 179
78 189
78 194
78 205
79 2
79 9
79 26
79 30
79 31
79 33
79 34
79 39
79 53
79 56
79 68
79 70
79 85
79 86
79 94
79 98
79 99
79 104
79 109
79 111
79 118
79 120
79 122
79 126
79 130
79 142
79 160
79 169
79 170
79 171
79 172
79 176
79 178
79 182
79 186
79 195
79 197
79 203
79 205
79 209
80 4
80 10
80 12
80 19
80 20
80 34
80 38
80 43
80 45
80 48
80 52
80 54
80 68
80 70
80 72
80 74
80 75
80 80
80 83
80 86
80 89
80 101
80 106
80 108
80 113
80 114
80 117
80 121
80 126
80 128
80 135
80 138
80 139
80 143
80 146
80 152
80 154
80 160
80 163
80 168
80 187
80 194
80 199
80 201
80 206
80 207
81 0
81 14
81 16
81 19
81 22
81 26
81 34
81 36
81 45
81 47
81 48
81 49
81 51
81 65
81 73
81 76
81 85
81 101
81 103
81 124
81 127
81 128
81 132
81 133
81 138
81 140
81 147
81 152
81 168
81 172
81 176
81 183
81 189
81 190
81 195
81 197
82 12
82 19
82 21
82 26
82 31
82 34
82 35
82 47
82 48
82 58
82 59
82 78
82 96
82 99
82 101
82 111
82 113
82 118
82 120
82 132
82 133
82 140
82 145
82 148
82 149
82 150
82 151
82 152
82 160
82 163
82 168
82 176
82 177
82 181
82 188
82 195
82 201
82 205
82 206
82 207
83 1
83 9
83 18
83 21
83 25
83 26
83 31
83 45
83 46
83 48
83 51
83 53
83 55
83 63
83 64
83 67
83 71
83 83
83 87
83 88
83 90
83 93
83 95
83 100
83 102
83 107
83 113
83 114
83 115
83 118
83 120
83 132
83 137
83 138
83 142
83 152
83 154
83 155
83 160
83 162
83 168
83 174
83 191
83 192
83 197
83 198
83 200
83 202
83 204
84 2
84 3
84 5
84 8
84 21
84 34
84 45
84 46
84 49
84 50
84 54
84 60
84 62
84 71
84 74
84 81
84 91
84 104
84 107
84 111
84 112
84 117
84 123
84 127
84 134
84 139
84 141
84 151
84 152
84 157
84 158
84 160
84 165
84 174
84 175
84 189
84 190
84 198
84 203
84 204
84 209
85 9
85 12
85 15
85 16
85 20
85 29
85 31
85 39
85 48
85 52
85 55
85 58
85 61
85 66
85 71
85 88
85 94
85 96
85 97
85 99
85 102
85 113
85 114
85 118
85 124
85 127
85 137
85 138
85 141
85 144
85 156
85 157
85 164
85 166
85 178
85 183
85 188
85 200
85 201
85 205
85 207
85 208
85 209
86 4
86 14
86 16
86 17
86 28
86 30
86 34
86 35
86 36
86 38
86 51
86 53
86 56
86 66
86 77
86 79
86 83
86 98
86 101
86 103
86 111
86 113
86 115
86 117
86 121
86 122
86 126
86 146
86 161
86 162
86 164
86 168
86 178
86 179
86 190
86 197
86 200
86 209
87 1
87 5
87 12
87 14
87 22
87 24
87 25
87 26
87 29
87 30
87 33
87 34
87 41
87 45
87 49
87 63
87 64
87 73
87 76
87 101
87 109
87 123
87 125
87 132
87 136
87 149
87 151
87 162
87 163
87 167
87 175
87 177
87 183
87 193
87 196
87 198
87 200
87 206
88 9
88 10
88 12
88 16
88 29
88 31
88 40
88 42
88 44
88 48
88 55
88 59
88 61
88 63
88 66
88 75
88 77
88 82
88 84
88 99
88 101
88 108
88 109
88 113
88 119
88 120
88 141
88 142
88 159
88 167
88 173
88 175
88 176
88 178
88 180
88 185
88 186
88 189
88 194
88 195
88 199
89 4
89 24
89 26
89 27
89 28
89 31
89 38
89 42
89 47
89 53
89 55
89 60
89 63
89 65
89 69
89 90
89 95
89 100
89 106
89 113
89 131
89 134
89 146
89 149
89 150
89 151
89 169
89 170
89 183
89 193
89 194
89 202
89 207
89 208
90 3
90 19
90 21
90 25
90 34
90 53
90 55
90 56
90 58
90 59
90 69
90 75
90 77
90 78
90 83
90 84
90 85
90 86
90 90
90 92
90 93
90 94
90 96
90 97
90 100
90 115
90 118
90 125
90 126
90 130
90 133
90 134
90 138
90 153
90 164
90 167
90 168
90 174
90 176
90 179
90 186
90 194
90 209
91 0
91 7
91 9
91 12
91 16
91 21
91 23
91 25
91 31
91 33
91 49
91 53
91 57
91 64
91 86
91 93
91 95
91 97
91 98
91 102
91 104
91 105
91 109
91 118
91 119
91 131
91 132
91 138
91 140
91 147
91 149
91 160
91 167
91 169
91 172
91 176
91 177
91 182
91 209
92 3
92 11
92 20
92 21
92 31
92 38
92 39
92 40
92 53
92 55
92 57
92 64
92 66
92 85
92 87
92 89
92 95
92 97
92 99
92 100
92 101
92 127
92 129
92 133
92 135
92 141
92 150
92 166
92 176
92 177
92 180
92 181
92 183
92 184
92 186
92 189
92 195
92 197
92 198
92 201
92 202
92 207
93 0
93 16
93 17
93 20
93 21
93 25
93 37
93 40
93 43
93 44
93 51
93 55
93 67
93 71
93 76
93 77
93 78
93 80
93 81
93 82
93 84
93 89
93 91
93 93
93 94
93 96
93 99
93 111
93 113
93 115
93 117
93 120
93 125
93 129
93 133
93 140
93 141
93 143
93 152
93 155
93 156
93 158
93 161
93 164
93 173
93 182
93 190
93 191
93 196
93 201
93 202
93 203
93 208
94 0
94 3
94 11
94 18
94 23
94 25
94 26
94 35
94 39
94 45
94 46
94 52
94 64
94 70
94 72
94 74
94 75
94 84
94 86
94 88
94 92
94 98
94 103
94 104
94 111
94 114
94 116
94 119
94 120
94 121
94 124
94 126
94 128
94 129
94 132
94 133
94 134
94 139
94 148
94 149
94 153
94 162
94 166
94 167
94 177
94 181
94 186
94 189
94 191
94 198
94 207
94 209
95 3
95 12
95 29
95 31
95 42
95 52
95 64
95 66
95 72
95 75
95 77
95 82
95 85
95 88
95 95
95 102
95 109
95 114
95 130
95 138
95 144
95 149
95 156
95 159
95 164
95 167
95 169
95 186
95 189
95 190
95 195
95 196
95 197
95 198
95 202
95 205
95 206
96 7
96 9
96 10
96 11
96 14
96 31
96 37
96 40
96 43
96 50
96 52
96 56
96 58
96 59
96 61
96 64
96 67
96 80
96 88
96 109
96 111
96 119
96 121
96 128
96 129
96 136
96 138
96 154
96 157
96 161
96 165
96 166
96 171
96 174
96 180
96 183
96 189
96 194
96 200
96 205
97 2
97 4
97 12
97 28
97 36
97 45
97 55
97 56
97 60
97 65
97 67
97 72
97 80
97 87
97 91
97 98
97 105
97 107
97 108
97 111
97 113
97 119
97 123
97 125
97 128
97 131
97 134
97 135
97 137
97 140
97 142
97 167
97 169
97 170
97 171
97 173
97 174
97 185
97 198
97 201
97 208
98 9
98 10
98 29
98 30
98 52
98 53
98 58
98 63
98 64
98 77
98 82
98 83
98 89
98 91
98 99
98 101
98 114
98 115
98 118
98 120
98 123
98 124
98 137
98 146
98 152
98 164
98 166
98 171
98 174
98 176
98 184
98 189
98 190
98 193
98 198
98 199
98 200
99 0
99 5
99 9
99 15
99 20
99 23
99 27
99 32
99 33
99 41
99 42
99 49
99 55
99 57
99 83
99 98
99 114
99 141
99 159
99 162
99 164
99 165
99 171
99 173
99 190
99 192
99 196
99 197
99 209
100 8
100 10
100 18
100 23
100 26
100 49
100 51
100 52
100 53
100 60
100 63
100 68
100 71
100 87
100 98
100 108
100 110
100 115
100 139
100 154
100 155
100 162
100 174
100 193
100 199
100 200
100 204
100 205
100 206
100 209
101 5
101 10
101 14
101 16
101 20
101 25
101 27
101 28
101 29
101 32
101 36
101 43
101 48
101 63
101 66
101 67
101 69
101 76
101 77
101 81
101 88
101 89
101 92
101 95
101 96
101 98
101 105
101 106
101 112
101 114
101 116
101 120
101 124
101 130
101 132
101 133
101 134
101 138
101 144
101 150
101 151
101 155
101 165
101 171
101 175
101 179
101 180
101 181
101 201
101 202
101 203
102 0
102 7
102 14
102 17
102 20
102 29
102 35
102 37
102 43
102 53
102 62
102 69
102 81
102 82
102 111
102 128
102 135
102 143
102 149
102 157
102 158
102 161
102 164
102 171
102 172
102 176
102 188
102 192
102 195
102 197
102 198
103 1
103 4
103 9
103 21
103 23
103 30
103 44
103 49
103 55
103 56
103 76
103 81
103 82
103 92
103 93
103 97
103 98
103 102
103 104
103 107
103 110
103 115
103 117
103 124
103 133
103 135
103 136
103 142
103 145
103 152
103 154
103 164
103 168
103 174
103 176
103 178
103 181
103 187
103 188
103 190
103 196
103 199
103 200
103 203
103 209
104 7
104 11
104 12
104 16
104 21
104 23
104 30
104 37
104 48
104 55
104 59
104 67
104 69
104 70
104 78
104 79
104 82
104 86
104 88
104 96
104 99
104 101
104 102
104 109
104 112
104 123
104 125
104 126
104 128
104 131
104 134
104 136
104 139
104 140
104 146
104 152
104 157
104 175
104 188
104 189
104 197
104 203
105 7
105 8
105 12
105 25
105 28
105 29
105 36
105 39
105 43
105 44
105 46
105 56
105 59
105 61
105 64
105 66
105 76
105 83
105 99
105 100
105 104
105 108
105 109
105 117
105 122
105 124
105 127
105 128
105 131
105 132
105 136
105 137
105 143
105 153
105 162
105 164
105 174
105 176
105 177
105 179
105 180
105 197
106 1
106 8
106 11
106 15
106 18
106 23
106 29
106 34
106 50
106 58
106 63
106 67
106 71
106 74
106 75
106 79
106 83
106 85
106 90
106 91
106 98
106 106
106 108
106 113
106 117
106 133
106 135
106 136
106 137
106 141
106 145
106 156
106 157
106 163
106 167
106 182
106 189
106 190
106 194
106 197
106 200
106 201
106 205
107 2
107 3
107 5
107 6
107 12
107 28
107 31
107 37
107 40
107 55
107 56
107 70
107 84
107 88
107 91
107 100
107 121
107 125
107 128
107 130
107 131
107 132
107 134
107 135
107 138
107 141
107 145
107 155
107 158
107 164
107 165
107 169
107 175
107 180
107 184
107 190
107 191
107 196
107 197
107 203
108 10
108 14
108 16
108 28
108 29
108 46
108 48
108 53
108 57
108 58
108 61
108 67
108 78
108 79
108 80
108 85
108 89
108 90
108 100
108 101
108 109
108 115
108 119
108 123
108 130
108 131
108 132
108 142
108 143
108 147
108 154
108 158
108 162
108 178
108 179
108 183
108 186
108 196
108 198
108 199
108 207
109 6
109 9
109 17
109 20
109 24
109 27
109 39
109 43
109 44
109 52
109 53
109 55
109 59
109 60
109 69
109 72
109 74
109 77
109 86
109 89
109 96
109 103
109 104
109 113
109 117
109 138
109 143
109 151
109 152
109 160
109 164
109 166
109 182
109 184
109 186
109 190
109 191
109 205
109 206
110 3
110 10
110 11
110 13
110 14
110 18
110 28
110 34
110 35
110 40
110 57
110 63
110 65
110 66
110 67
110 74
110 82
110 85
110 86
110 88
110 89
110 104
110 110
110 119
110 124
110 127
110 130
110 131
110 135
110 136
110 139
110 144
110 146
110 151
110 154
110 156
110 157
110 160
110 167
110 171
110 173
110 177
110 182
110 189
110 199
110 201
110 206
111 1
111 2
111 4
111 5
111 11
111 14
111 21
111 24
111 37
111 41
111 45
111 48
111 51
111 54
111 62
111 63
111 70
111 73
111 75
111 76
111 81
111 88
111 105
111 117
111 118
111 127
111 138
111 139
111 142
111 145
111 148
111 152
111 154
111 156
111 157
111 160
111 162
111 167
111 172
111 175
111 177
111 178
111 180
111 185
111 186
111 188
111 189
111 197
111 205
112 4
112 23
112 25
112 26
112 27
112 33
112 34
112 35
112 39
112 48
112 53
112 54
112 60
112 69
112 80
112 81
112 84
112 85
112 91
112 102
112 113
112 121
112 122
112 123
112 128
112 129
112 130
112 136
112 138
112 143
112 156
112 158
112 162
112 167
112 169
112 171
112 175
112 178
112 183
112 186
112 187
112 192
112 195
112 205
113 0
113 5
113 9
113 12
113 14
113 25
113 31
113 44
113 45
113 53
113 56
113 60
113 63
113 65
113 69
113 73
113 74
113 75
113 82
113 88
113 91
113 95
113 99
113 111
113 119
113 138
113 146
113 148
113 151
113 161
113 165
113 166
113 169
113 173
113 175
113 181
113 183
113 185
113 195
113 196
113 204
114 1
114 2
114 3
114 4
114 14
114 16
114 21
114 24
114 29
114 34
114 41
114 43
114 50
114 61
114 66
114 71
114 72
114 74
114 75
114 77
114 87
114 89
114 90
114 97
114 105
114 110
114 111
114 115
114 131
114 137
114 138
114 154
114 169
114 188
114 190
114 193
114 196
115 0
115 14
115 16
115 17
115 18
115 25
115 30
115 34
115 38
115 41
115 46
115 47
115 50
115 56
115 59
115 63
115 68
115 76
115 77
115 78
115 80
115 83
115 84
115 85
115 88
115 90
115 93
115 96
115 97
115 98
115 105
115 123
115 128
115 132
115 139
115 141
115 142
115 145
115 148
115 149
115 150
115 156
115 157
115 159
115 162
115 163
115 166
115 188
115 192
115 193
115 200
115 202
116 4
116 10
116 14
116 21
116 23
116 25
116 26
116 28
116 32
116 33
116 42
116 46
116 49
116 53
116 55
116 66
116 68
116 76
116 103
116 106
116 109
116 112
116 118
116 120
116 131
116 140
116 141
116 147
116 155
116 156
116 164
116 168
116 169
116 170
116 171
116 173
116 176
116 180
116 185
116 189
116 192
116 196
116 198
116 208
117 6
117 8
117 10
117 14
117 17
117 22
117 35
117 37
117 42
117 51
117 52
117 58
117 67
117 74
117 93
117 94
117 98
117 102
117 103
117 104
117 107
117 109
117 114
117 117
117 127
117 128
117 132
117 137
117 139
117 142
117 143
117 145
117 147
117 158
117 159
117 160
117 169
117 173
117 179
117 183
117 189
117 190
117 196
117 197
117 198
117 204
117 208
118 5
118 11
118 17
118 19
118 21
118 38
118 39
118 40
118 42
118 43
118 45
118 49
118 57
118 60
118 61
118 75
118 79
118 81
118 84
118 86
118 92
118 95
118 98
118 107
118 113
118 114
118 117
118 119
118 126
118 129
118 132
118 134
118 142
118 143
118 144
118 145
118 153
118 170
118 175
118 178
118 180
118 186
118 190
118 198
118 207
119 2
119 10
119 11
119 18
119 19
119 25
119 32
119 33
119 34
119 35
119 42
119 47
119 61
119 68
119 71
119 94
119 96
119 102
119 105
119 109
119 116
119 121
119 124
119 130
119 140
119 142
119 143
119 146
119 150
119 154
119 155
119 161
119 167
119 170
119 188
119 190
119 196
119 198
119 201
119 208
120 0
120 1
120 3
120 11
120 17
120 18
120 19
120 20
120 22
120 32
120 34
120 35
120 36
120 39
120 41
120 42
120 46
120 47
120 50
120 61
120 62
120 82
120 84
120 87
120 88
120 89
120 91
120 97
120 99
120 105
120 111
120 112
120 133
120 135
120 138
120 143
120 148
120 154
120 156
120 158
120 165
120 166
120 170
120 182
120 186
120 196
120 197
120 204
121 0
121 8
121 13
121 14
121 15
121 20
121 27
121 34
121 35
121 36
121 46
121 51
121 57
121 66
121 73
121 75
121 78
121 81
121 88
121 90
121 94
121 95
121 97
121 102
121 106
121 114
121 120
121 121
121 124
121 126
121 131
121 134
121 140
121 142
121 144
121 148
121 149
121 150
121 155
121 157
121 158
121 162
121 165
121 170
121 173
121 174
121 189
121 195
121 200
121 203
121 209
122 0
122 4
122 7
122 11
122 12
122 17
122 25
122 33
122 34
122 41
122 42
122 53
122 55
122 56
122 57
122 68
122 74
122 76
122 85
122 95
122 103
122 106
122 110
122 121
122 124
122 138
122 140
122 141
122 144
122 148
122 152
122 157
122 159
122 162
122 175
122 177
122 179
122 183
122 188
122 190
122 206
123 2
123 6
123 9
123 10
123 13
123 23
123 29
123 30
123 38
123 39
123 40
123 48
123 49
123 52
123 55
123 59
123 68
123 69
123 72
123 75
123 78
123 85
123 86
123 96
123 103
123 105
123 106
123 115
123 117
123 119
123 126
123 128
123 131
123 132
123 133
123 149
123 152
123 163
123 167
123 170
123 171
123 172
123 184
123 185
123 188
123 196
123 197
123 200
123 207
123 208
124 0
124 4
124 5
124 20
124 21
124 47
124 50
124 53
124 55
124 58
124 64
124 70
124 78
124 85
124 88
124 90
124 95
124 106
124 112
124 113
124 115
124 116
124 118
124 124
124 133
124 136
124 143
124 144
124 146
124 148
124 169
124 173
124 175
124 178
124 181
124 185
124 193
124 199
124 201
124 203
125 29
125 30
125 32
125 33
125 36
125 48
125 49
125 53
125 54
125 64
125 73
125 74
125 77
125 80
125 83
125 86
125 96
125 110
125 123
125 128
125 132
125 134
125 146
125 147
125 155
125 157
125 180
125 184
125 185
125 186
125 201
125 204
125 207
125 209
126 6
126 8
126 21
126 31
126 32
126 34
126 54
126 55
126 57
126 60
126 61
126 67
126 70
126 76
126 83
126 87
126 96
126 97
126 98
126 102
126 104
126 122
126 130
126 141
126 146
126 155
126 163
126 167
126 169
126 178
126 179
126 180
126 186
126 187
126 193
126 200
126 206
127 0
127 2
127 4
127 6
127 9
127 10
127 11
127 12
127 13
127 34
127 43
127 44
127 47
127 48
127 50
127 52
127 53
127 54
127 58
127 68
127 69
127 72
127 81
127 84
127 88
127 98
127 107
127 154
127 155
127 156
127 161
127 166
127 167
127 171
127 173
127 177
127 178
127 189
127 190
127 192
127 197
128 1
128 3
128 5
128 8
128 11
128 20
128 23
128 25
128 32
128 34
128 39
128 40
128 41
128 54
128 60
128 65
128 67
128 70
128 72
128 79
128 85
128 86
128 88
128 106
128 107
128 110
128 113
128 117
128 118
128 125
128 134
128 137
128 139
128 140
128 143
128 149
128 152
128 155
128 156
128 162
128 163
128 178
128 181
128 184
128 185
128 186
128 187
128 195
128 200
128 201
128 203
129 3
129 5
129 10
129 11
129 13
129 17
129 23
129 27
129 29
129 31
129 42
129 49
129 54
129 56
129 58
129 61
129 64
129 65
129 66
129 69
129 76
129 78
129 87
129 89
129 95
129 104
129 124
129 126
129 131
129 135
129 140
129 145
129 152
129 168
129 176
129 181
129 189
129 190
129 192
129 195
129 196
129 197
129 198
129 201
129 209
130 0
130 1
130 4
130 6
130 10
130 25
130 27
130 28
130 32
130 36
130 39
130 47
130 53
130 56
130 58
130 60
130 70
130 80
130 87
130 90
130 95
130 98
130 101
130 105
130 111
130 115
130 117
130 118
130 119
130 129
130 134
130 136
130 149
130 160
130 168
130 183
130 185
130 188
130 189
131 0
131 1
131 3
131 6
131 19
131 22
131 25
131 33
131 47
131 53
131 56
131 61
131 64
131 69
131 75
131 80
131 84
131 106
131 109
131 112
131 114
131 119
131 130
131 138
131 139
131 140
131 142
131 145
131 150
131 164
131 169
131 172
131 173
131 183
131 191
131 193
131 201
131 206
131 208
132 5
132 6
132 11
132 24
132 36
132 40
132 46
132 51
132 56
132 58
132 64
132 75
132 78
132 79
132 92
132 97
132 102
132 105
132 112
132 115
132 119
132 138
132 143
132 147
132 150
132 158
132 159
132 160
132 164
132 166
132 167
132 171
132 181
132 187
132 188
132 192
132 201
132 204
132 205
133 2
133 4
133 8
133 11
133 20
133 29
133 40
133 43
133 45
133 50
133 59
133 62
133 69
133 74
133 75
133 77
133 79
133 80
133 91
133 94
133 98
133 105
133 106
133 120
133 133
133 141
133 151
133 154
133 155
133 165
133 167
133 170
133 171
133 178
133 181
133 187
133 193
133 199
133 206
134 4
134 13
134 14
134 17
134 20
134 23
134 24
134 25
134 27
134 34
134 36
134 37
134 48
134 50
134 51
134 54
134 56
134 62
134 64
134 68
134 80
134 81
134 83
134 94
134 97
134 100
134 101
134 102
134 107
134 108
134 120
134 129
134 134
134 143
134 151
134 154
134 155
134 159
134 165
134 167
134 173
134 175
134 177
134 180
134 184
134 185
134 201
134 204
134 207
135 8
135 13
135 15
135 19
135 20
135 23
135 25
135 28
135 29
135 34
135 36
135 38
135 44
135 55
135 58
135 61
135 69
135 78
135 80
135 81
135 83
135 90
135 91
135 92
135 102
135 106
135 107
135 116
135 120
135 122
135 125
135 127
135 140
135 141
135 142
135 143
135 144
135 156
135 162
135 163
135 167
135 173
135 178
135 181
135 187
135 191
135 202
136 3
136 12
136 16
136 17
136 20
136 22
136 27
136 34
136 36
136 48
136 52
136 54
136 65
136 66
136 72
136 79
136 80
136 89
136 91
136 94
136 103
136 106
136 109
136 110
136 115
136 124
136 126
136 138
136 145
136 157
136 160
136 170
136 189
136 195
136 197
137 0
137 7
137 13
137 21
137 23
137 25
137 38
137 40
137 43
137 50
137 55
137 58
137 59
137 76
137 84
137 89
137 107
137 110
137 116
137 121
137 127
137 131
137 133
137 148
137 162
137 165
137 170
137 171
137 175
137 179
137 181
137 184
137 187
137 189
137 202
137 205
138 1
138 19
138 22
138 26
138 28
138 33
138 37
138 40
138 44
138 54
138 65
138 71
138 72
138 74
138 78
138 82
138 96
138 97
138 106
138 109
138 112
138 120
138 126
138 136
138 142
138 143
138 144
138 146
138 149
138 157
138 158
138 161
138 164
138 172
138 178
138 181
138 186
138 192
139 0
139 4
139 11
139 13
139 16
139 18
139 23
139 43
139 50
139 52
139 53
139 55
139 61
139 68
139 78
139 83
139 85
139 89
139 91
139 94
139 98
139 109
139 111
139 116
139 124
139 137
139 142
139 150
139 159
139 162
139 165
139 185
139 186
139 187
139 197
140 1
140 2
140 4
140 13
140 16
140 22
140 35
140 48
140 62
140 71
140 78
140 79
140 83
140 88
140 98
140 99
140 101
140 103
140 111
140 116
140 120
140 122
140 124
140 125
140 132
140 134
140 143
140 148
140 149
140 161
140 162
140 166
140 167
140 168
140 178
140 179
140 183
140 184
140 193
140 200
140 208
141 1
141 7
141 16
141 19
141 23
141 24
141 26
141 27
141 31
141 38
141 40
141 42
141 43
141 52
141 54
141 59
141 62
141 68
141 71
141 76
141 77
141 92
141 93
141 99
141 110
141 118
141 123
141 129
141 136
141 139
141 142
141 145
141 155
141 157
141 160
141 161
141 166
141 169
141 172
141 181
141 186
141 192
141 203
142 4
142 5
142 10
142 11
142 14
142 17
142 20
142 34
142 39
142 42
142 44
142 49
142 54
142 56
142 58
142 59
142 64
142 79
142 84
142 85
142 87
142 96
142 100
142 108
142 109
142 117
142 130
142 135
142 168
142 170
142 172
142 174
142 182
142 187
142 191
142 192
142 197
142 201
142 204
143 7
143 19
143 34
143 40
143 43
143 44
143 47
143 48
143 53
143 55
143 57
143 61
143 63
143 64
143 67
143 70
143 76
143 83
143 84
143 87
143 91
143 101
143 130
143 140
143 142
143 150
143 153
143 168
143 170
143 177
143 179
143 183
143 184
143 185
143 186
143 189
143 193
143 200
143 204
143 206
143 207
143 208
144 5
144 7
144 19
144 21
144 22
144 24
144 25
144 30
144 38
144 41
144 46
144 53
144 55
144 57
144 62
144 69
144 81
144 82
144 83
144 85
144 88
144 93
144 97
144 100
144 106
144 108
144 124
144 129
144 130
144 135
144 145
144 151
144 152
144 154
144 161
144 164
144 168
144 171
144 173
144 175
144 180
144 188
144 191
144 194
144 195
144 199
144 205
144 209
145 4
145 6
145 12
145 22
145 25
145 36
145 48
145 51
145 64
145 72
145 74
145 83
145 85
145 90
145 93
145 106
145 118
145 120
145 123
145 133
145 137
145 142
145 146
145 147
145 158
145 162
145 176
145 187
145 205
145 208
146 1
146 6
146 13
146 18
146 21
146 23
146 25
146 32
146 36
146 39
146 48
146 56
146 57
146 64
146 74
146 75
146 79
146 85
146 87
146 88
146 92
146 93
146 95
146 105
146 110
146 124
146 127
146 129
146 145
146 146
146 147
146 150
146 154
146 156
146 167
146 168
146 188
146 193
146 203
146 208
147 4
147 5
147 6
147 7
147 9
147 11
147 16
147 23
147 28
147 41
147 44
147 45
147 57
147 59
147 61
147 70
147 77
147 80
147 82
147 84
147 88
147 93
147 94
147 98
147 102
147 104
147 105
147 109
147 116
147 117
147 119
147 125
147 136
147 137
147 138
147 139
147 142
147 151
147 157
147 158
147 162
147 171
147 178
147 179
147 180
147 183
147 184
147 186
147 187
147 196
147 197
147 198
147 199
147 206
148 2
148 5
148 9
148 11
148 13
148 17
148 26
148 29
148 30
148 33
148 38
148 48
148 52
148 53
148 57
148 63
148 70
148 82
148 87
148 88
148 89
148 94
148 96
148 97
148 104
148 112
148 134
148 135
148 141
148 146
148 152
148 153
148 155
148 157
148 159
148 165
148 166
148 169
148 170
148 174
148 180
148 183
148 200
148 203
148 207
149 5
149 9
149 25
149 26
149 28
149 29
149 32
149 34
149 35
149 47
149 52
149 54
149 58
149 61
149 69
149 71
149 80
149 86
149 88
149 89
149 91
149 98
149 108
149 117
149 119
149 124
149 128
149 147
149 152
149 157
149 168
149 171
149 179
149 180
149 193
149 195
149 203
149 204
150 2
150 7
150 11
150 14
150 22
150 33
150 34
150 36
150 42
150 44
150 56
150 62
150 64
150 69
150 80
150 88
150 89
150 93
150 101
150 105
150 108
150 111
150 119
150 120
150 134
150 141
150 143
150 146
150 153
150 154
150 160
150 172
150 173
150 177
150 179
150 186
150 193
150 198
151 10
151 14
151 22
151 26
151 28
151 29
151 30
151 43
151 57
151 66
151 74
151 77
151 81
151 82
151 87
151 95
151 102
151 104
151 109
151 110
151 111
151 121
151 124
151 131
151 138
151 146
151 157
151 165
151 176
151 178
151 180
151 185
151 186
151 187
151 195
151 197
151 201
151 205
151 206
152 11
152 28
152 29
152 33
152 35
152 44
152 50
152 53
152 59
152 68
152 72
152 75
152 100
152 109
152 113
152 117
152 118
152 123
152 124
152 128
152 130
152 131
152 133
152 138
152 144
152 145
152 149
152 153
152 155
152 159
152 162
152 164
152 169
152 176
152 177
152 198
152 200
152 202
152 203
152 209
153 6
153 20
153 22
153 24
153 31
153 32
153 34
153 37
153 40
153 41
153 42
153 50
153 57
153 67
153 69
153 71
153 74
153 78
153 79
153 81
153 83
153 85
153 88
153 94
153 109
153 111
153 118
153 126
153 130
153 133
153 136
153 140
153 147
153 148
153 153
153 154
153 156
153 157
153 162
153 167
153 170
153 171
153 177
154 0
154 1
154 4
154 6
154 16
154 21
154 22
154 29
154 40
154 42
154 45
154 48
154 50
154 66
154 73
154 75
154 81
154 87
154 94
154 107
154 117
154 118
154 122
154 123
154 124
154 127
154 145
154 148
154 150
154 153
154 154
154 171
154 174
154 176
154 200
154 203
154 207
154 209
155 2
155 7
155 9
155 11
155 12
155 13
155 16
155 17
155 19
155 27
155 37
155 39
155 59
155 71
155 76
155 78
155 79
155 84
155 88
155 98
155 101
155 102
155 104
155 106
155 122
155 136
155 150
155 156
155 157
155 166
155 169
155 170
155 171
155 174
155 176
155 177
155 178
155 189
155 192
155 193
155 194
155 195
155 206
155 207
155 209
156 1
156 7
156 18
156 20
156 27
156 40
156 42
156 49
156 50
156 51
156 60
156 74
156 86
156 94
156 97
156 107
156 109
156 112
156 115
156 118
156 119
156 121
156 135
156 140
156 144
156 145
156 146
156 150
156 151
156 152
156 155
156 160
156 163
156 165
156 166
156 167
156 168
156 169
156 174
156 183
156 192
156 194
156 195
156 199
156 209
157 1
157 6
157 9
157 11
157 20
157 22
157 25
157 29
157 30
157 34
157 39
157 43
157 45
157 46
157 51
157 53
157 59
157 60
157 72
157 84
157 94
157 95
157 99
157 101
157 103
157 116
157 117
157 120
157 127
157 134
157 135
157 138
157 140
157 146
157 148
157 161
157 162
157 169
157 170
157 196
157 198
157 206
158 0
158 1
158 2
158 6
158 9
158 12
158 24
158 28
158 31
158 33
158 36
158 41
158 51
158 54
158 68
158 74
158 83
158 90
158 91
158 92
158 101
158 116
158 124
158 126
158 136
158 138
158 146
158 151
158 161
158 162
158 164
158 166
158 173
158 186
158 189
158 191
158 198
158 202
158 206
159 1
159 2
159 6
159 18
159 20
159 29
159 33
159 41
159 43
159 47
159 78
159 85
159 91
159 104
159 108
159 112
159 114
159 125
159 134
159 135
159 138
159 147
159 150
159 152
159 161
159 163
159 167
159 173
159 174
159 178
159 184
159 189
159 190
159 194
159 200
160 8
160 11
160 13
160 14
160 18
160 19
160 21
160 36
160 39
160 50
160 53
160 58
160 59
160 60
160 64
160 68
160 77
160 78
160 81
160 82
160 88
160 96
160 97
160 103
160 110
160 122
160 125
160 137
160 140
160 150
160 157
160 159
160 162
160 166
160 170
160 181
160 184
160 203
160 208
160 209
161 4
161 13
161 15
161 17
161 28
161 30
161 31
161 53
161 55
161 58
161 62
161 69
161 76
161 78
161 79
161 89
161 90
161 91
161 93
161 103
161 107
161 108
161 109
161 110
161 117
161 120
161 124
161 131
161 144
161 150
161 154
161 155
161 158
161 160
161 164
161 165
161 180
161 201
161 205
161 208
162 2
162 10
162 11
162 19
162 24
162 35
162 48
162 53
162 60
162 72
162 75
162 84
162 94
162 103
162 112
162 119
162 121
162 125
162 126
162 129
162 131
162 147
162 149
162 155
162 156
162 160
162 163
162 171
162 179
162 181
162 187
162 189
162 193
162 195
162 197
162 209
163 1
163 5
163 7
163 15
163 19
163 24
163 34
163 41
163 45
163 50
163 59
163 63
163 72
163 76
163 79
163 84
163 85
163 92
163 93
163 120
163 122
163 123
163 124
163 129
163 130
163 135
163 145
163 152
163 158
163 162
163 167
163 183
163 185
163 195
163 202
163 205
163 206
163 209
164 0
164 4
164 6
164 7
164 11
164 31
164 33
164 34
164 37
164 45
164 46
164 49
164 50
164 56
164 57
164 58
164 62
164 64
164 74
164 81
164 83
164 85
164 86
164 89
164 97
164 98
164 106
164 112
164 114
164 120
164 128
164 139
164 144
164 149
164 153
164 159
164 163
164 165
164 167
164 176
164 180
164 188
164 192
164 196
164 198
164 201
164 202
164 205
164 208
165 2
165 10
165 11
165 28
165 32
165 37
165 48
165 49
165 63
165 65
165 68
165 69
165 71
165 79
165 81
165 85
165 86
165 87
165 102
165 111
165 118
165 128
165 133
165 135
165 145
165 149
165 160
165 163
165 174
165 179
165 183
165 185
165 188
165 194
165 199
165 201
165 202
165 209
166 5
166 11
166 29
166 31
166 33
166 34
166 38
166 41
166 42
166 46
166 51
166 57
166 59
166 72
166 76
166 79
166 83
166 100
166 103
166 107
166 108
166 109
166 114
166 116
166 129
166 130
166 138
166 140
166 154
166 162
166 163
166 172
166 174
166 179
166 183
166 191
166 193
166 198
166 200
166 206
166 207
166 208
167 13
167 14
167 17
167 19
167 20
167 28
167 29
167 32
167 40
167 45
167 47
167 55
167 57
167 61
167 67
167 74
167 78
167 86
167 88
167 91
167 93
167 98
167 101
167 103
167 108
167 109
167 110
167 113
167 115
167 118
167 125
167 126
167 136
167 166
167 171
167 172
167 175
167 179
167 183
167 195
167 196
167 197
167 199
167 205
167 206
168 0
168 4
168 5
168 13
168 15
168 17
168 20
168 22
168 31
168 34
168 41
168 45
168 48
168 51
168 61
168 66
168 67
168 76
168 81
168 91
168 92
168 93
168 97
168 98
168 109
168 115
168 122
168 125
168 130
168 140
168 147
168 156
168 163
168 168
168 170
168 189
168 195
168 196
168 202
168 203
168 209
169 0
169 3
169 6
169 12
169 13
169 15
169 21
169 22
169 28
169 37
169 39
169 44
169 45
169 54
169 55
169 56
169 60
169 62
169 69
169 70
169 72
169 77
169 81
169 84
169 89
169 90
169 92
169 104
169 105
169 108
169 116
169 118
169 125
169 126
169 128
169 132
169 140
169 144
169 146
169 148
169 161
169 163
169 164
169 165
169 166
169 170
169 176
169 184
169 186
169 188
169 189
169 199
169 207
170 9
170 10
170 13
170 14
170 22
170 23
170 28
170 30
170 37
170 38
170 44
170 45
170 53
170 58
170 64
170 65
170 72
170 79
170 80
170 84
170 86
170 88
170 91
170 96
170 99
170 112
170 115
170 119
170 121
170 126
170 128
170 133
170 138
170 151
170 152
170 154
170 160
170 173
170 174
170 176
170 177
170 185
170 186
170 196
170 197
170 202
170 208
171 8
171 9
171 16
171 27
171 29
171 33
171 37
171 40
171 49
171 61
171 64
171 67
171 69
171 72
171 73
171 77
171 81
171 82
171 86
171 94
171 98
171 102
171 117
171 121
171 123
171 124
171 127
171 128
171 130
171 137
171 147
171 160
171 164
171 167
171 169
171 175
171 183
171 185
171 194
171 198
171 200
171 204
172 0
172 3
172 6
172 9
172 13
172 16
172 17
172 28
172 30
172 31
172 34
172 35
172 36
172 37
172 38
172 42
172 45
172 53
172 58
172 59
172 61
172 65
172 77
172 78
172 80
172 91
172 92
172 107
172 110
172 128
172 129
172 135
172 136
172 139
172 143
172 148
172 150
172 155
172 170
172 172
172 173
172 191
172 203
172 204
172 205
172 208
173 13
173 22
173 23
173 36
173 39
173 40
173 45
173 48
173 51
173 60
173 64
173 65
173 66
173 70
173 71
173 77
173 78
173 79
173 95
173 96
173 101
173 103
173 104
173 115
173 116
173 117
173 119
173 123
173 130
173 139
173 140
173 143
173 151
173 154
173 156
173 166
173 169
173 170
173 174
173 176
173 179
173 181
173 189
173 193
173 203
173 207
174 0
174 10
174 12
174 24
174 30
174 41
174 47
174 48
174 54
174 60
174 61
174 64
174 73
174 76
174 87
174 90
174 116
174 117
174 119
174 121
174 126
174 129
174 130
174 132
174 133
174 134
174 144
174 145
174 146
174 147
174 154
174 156
174 162
174 163
174 164
174 171
174 176
174 195
174 198
174 207
175 1
175 6
175 15
175 19
175 21
175 28
175 29
175 34
175 39
175 46
175 57
175 60
175 62
175 68
175 70
175 72
175 80
175 84
175 96
175 98
175 105
175 106
175 108
175 117
175 119
175 123
175 127
175 132
175 134
175 136
175 138
175 145
175 151
175 153
175 156
175 158
175 159
175 163
175 173
175 174
175 178
175 183
175 187
175 192
175 197
175 198
175 201
175 204
175 205
176 16
176 18
176 19
176 23
176 30
176 37
176 47
176 48
176 55
176 57
176 59
176 60
176 62
176 72
176 73
176 88
176 90
176 92
176 95
176 108
176 119
176 122
176 129
176 132
176 138
176 141
176 146
176 151
176 156
176 157
176 167
176 171
176 176
176 181
176 187
176 198
176 205
177 1
177 7
177 8
177 15
177 17
177 23
177 28
177 30
177 31
177 33
177 34
177 40
177 51
177 56
177 63
177 75
177 85
177 93
177 97
177 103
177 104
177 112
177 113
177 116
177 120
177 121
177 128
177 129
177 131
177 137
177 142
177 143
177 144
177 147
177 151
177 158
177 160
177 176
177 179
177 181
177 189
177 191
177 201
177 203
177 206
177 209
178 1
178 2
178 6
178 11
178 12
178 16
178 17
178 22
178 24
178 30
178 42
178 47
178 53
178 54
178 57
178 61
178 62
178 74
178 75
178 77
178 86
178 91
178 95
178 97
178 112
178 123
178 130
178 136
178 145
178 153
178 158
178 159
178 163
178 164
178 168
178 172
178 175
178 177
178 182
178 184
178 186
178 199
178 206
179 0
179 2
179 3
179 7
179 14
179 19
179 21
179 26
179 28
179 30
179 33
179 38
179 39
179 41
179 45
179 47
179 48
179 62
179 64
179 65
179 66
179 68
179 71
179 74
179 101
179 105
179 110
179 113
179 116
179 118
179 125
179 127
179 131
179 146
179 149
179 154
179 162
179 166
179 170
179 172
179 174
179 179
179 193
179 200
179 202
179 207
179 208
180 5
180 6
180 12
180 21
180 22
180 25
180 27
180 32
180 39
180 40
180 44
180 47
180 51
180 52
180 55
180 60
180 61
180 65
180 67
180 74
180 86
180 88
180 92
180 97
180 106
180 120
180 127
180 130
180 134
180 135
180 141
180 147
180 155
180 160
180 169
180 172
180 174
180 178
180 188
180 192
180 195
180 197
180 204
180 206
180 209
181 0
181 7
181 17
181 21
181 25
181 27
181 29
181 32
181 36
181 37
181 40
181 41
181 43
181 53
181 55
181 58
181 61
181 63
181 66
181 70
181 73
181 76
181 79
181 80
181 82
181 86
181 95
181 99
181 102
181 104
181 105
181 120
181 121
181 127
181 130
181 131
181 139
181 145
181 147
181 149
181 166
181 173
181 175
181 179
181 181
181 182
181 193
181 198
181 206
181 207
182 0
182 6
182 7
182 19
182 23
182 25
182 34
182 36
182 38
182 39
182 44
182 46
182 48
182 53
182 54
182 56
182 64
182 65
182 74
182 78
182 79
182 89
182 107
182 114
182 121
182 124
182 127
182 131
182 132
182 133
182 139
182 147
182 152
182 154
182 173
182 174
182 175
182 181
182 185
182 192
182 196
182 201
182 204
182 205
183 4
183 18
183 29
183 31
183 35
183 41
183 43
183 49
183 50
183 52
183 62
183 64
183 65
183 74
183 75
183 77
183 94
183 109
183 112
183 120
183 122
183 126
183 127
183 128
183 136
183 137
183 145
183 149
183 150
183 151
183 168
183 173
183 178
183 186
183 190
183 199
183 200
183 207
184 15
184 23
184 29
184 39
184 42
184 43
184 44
184 45
184 50
184 51
184 62
184 64
184 65
184 66
184 75
184 85
184 86
184 88
184 90
184 96
184 100
184 103
184 104
184 114
184 115
184 119
184 121
184 134
184 141
184 143
184 153
184 160
184 164
184 168
184 173
184 184
184 191
184 192
184 195
184 198
184 206
185 0
185 4
185 10
185 11
185 13
185 20
185 22
185 39
185 42
185 43
185 45
185 48
185 58
185 63
185 72
185 86
185 88
185 92
185 93
185 94
185 99
185 101
185 103
185 105
185 128
185 135
185 136
185 138
185 139
185 143
185 151
185 155
185 156
185 157
185 159
185 162
185 170
185 176
185 178
185 193
185 194
185 196
185 208
186 0
186 3
186 14
186 17
186 18
186 19
186 20
186 29
186 34
186 36
186 37
186 50
186 57
186 64
186 74
186 87
186 99
186 106
186 109
186 115
186 117
186 123
186 124
186 135
186 142
186 148
186 158
186 159
186 160
186 162
186 164
186 165
186 167
186 169
186 170
186 173
186 179
186 185
186 186
186 188
186 191
186 193
186 194
186 197
186 202
187 1
187 11
187 23
187 25
187 31
187 46
187 53
187 69
187 71
187 72
187 81
187 82
187 85
187 86
187 94
187 95
187 99
187 105
187 109
187 115
187 118
187 133
187 136
187 140
187 163
187 167
187 179
187 187
187 204
188 3
188 5
188 13
188 14
188 18
188 19
188 20
188 29
188 32
188 35
188 36
188 38
188 45
188 48
188 50
188 53
188 59
188 62
188 64
188 67
188 81
188 83
188 84
188 90
188 96
188 100
188 110
188 112
188 117
188 120
188 121
188 127
188 131
188 133
188 137
188 138
188 141
188 146
188 148
188 149
188 155
188 165
188 166
188 168
188 169
188 171
188 173
188 180
188 183
188 187
188 193
188 197
188 198
188 204
188 205
189 6
189 11
189 12
189 22
189 30
189 35
189 41
189 42
189 52
189 56
189 64
189 66
189 68
189 69
189 73
189 74
189 75
189 89
189 91
189 104
189 121
189 123
189 128
189 130
189 135
189 136
189 141
189 143
189 148
189 150
189 152
189 155
189 170
189 173
189 174
189 177
189 178
189 182
189 183
189 184
189 186
189 190
189 191
189 193
189 199
190 15
190 16
190 22
190 35
190 51
190 52
190 53
190 60
190 62
190 63
190 64
190 70
190 75
190 88
190 92
190 95
190 101
190 104
190 113
190 118
190 121
190 126
190 128
190 133
190 136
190 142
190 153
190 155
190 156
190 158
190 162
190 179
190 181
190 184
190 198
191 2
191 3
191 5
191 19
191 20
191 21
191 39
191 46
191 48
191 55
191 59
191 60
191 66
191 79
191 83
191 85
191 90
191 95
191 99
191 100
191 105
191 112
191 114
191 117
191 118
191 121
191 125
191 127
191 136
191 137
191 161
191 165
191 171
191 176
191 185
191 188
191 199
191 203
191 208
192 13
192 14
192 21
192 24
192 25
192 40
192 53
192 57
192 64
192 67
192 68
192 71
192 73
192 74
192 82
192 85
192 92
192 93
192 102
192 107
192 108
192 109
192 111
192 115
192 121
192 122
192 128
192 136
192 145
192 163
192 169
192 170
192 176
192 180
192 181
192 186
192 189
192 191
192 202
193 5
193 7
193 13
193 14
193 15
193 19
193 21
193 24
193 54
193 56
193 58
193 70
193 86
193 102
193 103
193 107
193 119
193 121
193 122
193 126
193 131
193 136
193 141
193 147
193 155
193 176
193 189
193 193
193 197
193 204
193 206
193 208
194 4
194 6
194 7
194 9
194 10
194 22
194 34
194 39
194 41
194 44
194 45
194 47
194 50
194 54
194 56
194 67
194 69
194 70
194 71
194 73
194 77
194 78
194 79
194 87
194 95
194 100
194 105
194 107
194 110
194 116
194 138
194 142
194 143
194 144
194 147
194 156
194 158
194 166
194 174
194 178
194 180
194 193
194 194
194 197
194 199
195 6
195 7
195 11
195 13
195 16
195 21
195 22
195 46
195 48
195 59
195 68
195 72
195 75
195 82
195 88
195 94
195 112
195 115
195 116
195 123
195 126
195 132
195 135
195 137
195 139
195 141
195 143
195 150
195 156
195 163
195 169
195 173
195 178
195 192
195 195
195 196
196 3
196 5
196 8
196 10
196 16
196 17
196 22
196 34
196 40
196 41
196 51
196 54
196 56
196 59
196 64
196 75
196 79
196 85
196 90
196 91
196 102
196 103
196 110
196 115
196 126
196 133
196 142
196 144
196 148
196 154
196 167
196 172
196 175
196 181
196 182
196 185
196 191
196 195
196 197
196 201
197 16
197 17
197 31
197 44
197 45
197 53
197 54
197 56
197 57
197 61
197 73
197 74
197 75
197 78
197 87
197 92
197 108
197 113
197 114
197 123
197 124
197 131
197 139
197 146
197 152
197 153
197 155
197 156
197 160
197 163
197 167
197 173
197 180
197 190
197 192
197 193
197 202
198 5
198 11
198 20
198 23
198 24
198 25
198 33
198 38
198 44
198 52
198 54
198 55
198 61
198 64
198 67
198 75
198 76
198 78
198 91
198 93
198 101
198 110
198 113
198 117
198 118
198 119
198 121
198 124
198 128
198 129
198 144
198 162
198 170
198 174
198 175
198 180
198 181
198 186
198 187
198 188
198 191
198 199
198 202
198 204
199 7
199 12
199 14
199 26
199 29
199 30
199 33
199 37
199 39
199 51
199 66
199 68
199 73
199 79
199 80
199 82
199 99
199 101
199 103
199 112
199 115
199 120
199 126
199 127
199 128
199 129
199 130
199 133
199 135
199 145
199 146
199 151
199 157
199 159
199 165
199 172
199 173
199 176
199 183
199 200
199 204
199 206
199 208
200 1
200 8
200 13
200 15
200 21
200 25
200 33
200 34
200 42
200 49
200 51
200 59
200 61
200 64
200 79
200 82
200 90
200 91
200 95
200 96
200 98
200 99
200 100
200 103
200 105
200 106
200 113
200 118
200 127
200 135
200 136
200 137
200 144
200 145
200 148
200 155
200 157
200 166
200 168
200 174
200 185
200 198
200 201
200 206
200 208
200 209
201 2
201 9
201 11
201 17
201 28
201 31
201 38
201 41
201 57
201 60
201 68
201 73
201 80
201 82
201 92
201 95
201 99
201 102
201 116
201 121
201 122
201 138
201 144
201 162
201 165
201 173
201 176
201 179
201 182
201 184
201 193
201 195
201 204
201 209
202 4
202 13
202 21
202 31
202 35
202 42
202 44
202 49
202 51
202 58
202 65
202 68
202 69
202 73
202 83
202 84
202 89
202 104
202 108
202 112
202 125
202 127
202 130
202 135
202 138
202 142
202 149
202 151
202 154
202 157
202 160
202 162
202 164
202 175
202 176
202 180
202 181
202 182
202 185
202 190
202 196
202 200
202 201
202 206
203 3
203 4
203 14
203 16
203 17
203 24
203 26
203 33
203 34
203 43
203 47
203 54
203 56
203 57
203 67
203 75
203 79
203 81
203 87
203 89
203 92
203 101
203 127
203 130
203 140
203 152
203 162
203 163
203 177
203 181
203 185
203 188
203 194
203 195
203 197
204 3
204 4
204 5
204 9
204 14
204 15
204 18
204 27
204 33
204 37
204 46
204 47
204 50
204 52
204 68
204 71
204 73
204 83
204 99
204 100
204 101
204 104
204 109
204 110
204 114
204 116
204 119
204 120
204 128
204 132
204 136
204 144
204 152
204 155
204 161
204 165
204 172
204 187
204 188
204 190
204 192
204 199
204 200
205 3
205 6
205 13
205 18
205 21
205 22
205 25
205 27
205 30
205 35
205 37
205 40
205 41
205 42
205 51
205 53
205 56
205 63
205 69
205 75
205 90
205 94
205 97
205 98
205 104
205 111
205 119
205 127
205 135
205 136
205 156
205 166
205 171
205 183
205 189
205 200
205 205
206 12
206 13
206 19
206 20
206 23
206 60
206 65
206 70
206 71
206 74
206 79
206 81
206 82
206 83
206 85
206 88
206 102
206 103
206 105
206 111
206 113
206 116
206 119
206 129
206 130
206 131
206 136
206 142
206 145
206 151
206 153
206 158
206 161
206 164
206 167
206 168
206 175
206 182
206 186
206 187
206 191
206 193
206 194
206 198
206 203
207 2
207 8
207 9
207 10
207 14
207 19
207 21
207 23
207 31
207 34
207 37
207 48
207 53
207 60
207 61
207 63
207 66
207 71
207 76
207 77
207 79
207 84
207 85
207 94
207 96
207 100
207 105
207 106
207 112
207 114
207 116
207 118
207 120
207 122
207 126
207 130
207 132
207 135
207 137
207 142
207 148
207 166
207 167
207 180
207 181
207 185
207 197
207 200
207 201
207 202
208 1
208 4
208 5
208 6
208 8
208 13
208 19
208 25
208 32
208 35
208 38
208 44
208 47
208 48
208 69
208 74
208 77
208 78
208 80
208 84
208 85
208 93
208 95
208 97
208 107
208 121
208 125
208 126
208 136
208 138
208 146
208 151
208 153
208 161
208 165
208 166
208 171
208 182
208 194
208 206
209 6
209 8
209 26
209 27
209 28
209 30
209 41
209 55
209 58
209 59
209 61
209 65
209 66
209 68
209 73
209 80
209 82
209 84
209 87
209 105
209 109
209 113
209 115
209 123
209 125
209 136
209 146
209 148
209 154
209 161
209 170
209 171
209 172
209 184
209 188
209 192
209 198
209 207
