70
980
0 3
0 8
0 18
0 22
0 29
0 30
0 32
0 41
0 48
0 55
1 3
1 8
1 10
1 13
1 15
1 21
1 24
1 31
1 35
1 43
1 44
1 49
1 52
1 60
1 62
1 65
1 66
1 67
2 0
2 1
2 5
2 10
2 22
2 24
2 25
2 29
2 31
2 39
2 62
2 67
3 9
3 11
3 15
3 17
3 37
3 44
3 46
3 58
3 60
3 65
4 6
4 9
4 17
4 18
4 23
4 24
4 29
4 31
4 33
4 36
4 37
4 44
4 52
4 53
4 56
4 59
4 60
4 63
4 69
5 0
5 1
5 3
5 5
5 9
5 14
5 15
5 16
5 25
5 28
5 29
5 34
5 47
5 52
5 61
5 66
6 2
6 5
6 9
6 12
6 14
6 19
6 24
6 25
6 28
6 29
6 30
6 34
6 35
6 40
6 42
6 44
6 45
6 47
6 49
6 50
6 51
6 58
6 64
7 0
7 10
7 18
7 25
7 30
7 34
7 37
7 44
7 54
7 59
7 60
8 3
8 7
8 8
8 11
8 12
8 27
8 28
8 35
8 37
8 39
8 42
8 57
8 60
8 67
9 0
9 3
9 8
9 17
9 20
9 24
9 29
9 32
9 36
9 38
9 39
9 40
9 43
9 45
9 53
9 57
9 61
9 64
9 66
10 6
10 10
10 11
10 17
10 25
10 29
10 34
10 41
10 42
10 44
10 47
10 60
10 63
10 65
10 66
11 5
11 8
11 15
11 16
11 17
11 19
11 20
11 22
11 38
11 40
11 41
11 45
11 65
12 3
12 8
12 11
12 18
12 21
12 27
12 32
12 35
12 55
12 59
12 66
13 5
13 7
13 11
13 12
13 19
13 22
13 24
13 40
13 46
13 52
14 1
14 3
14 12
14 15
14 16
14 17
14 24
14 37
14 49
14 63
14 67
15 3
15 4
15 6
15 9
15 16
15 30
15 34
15 35
15 40
15 43
15 50
15 54
15 57
15 59
15 64
15 66
15 69
16 1
16 3
16 17
16 19
16 25
16 28
16 30
16 31
16 41
16 42
16 43
16 46
16 54
16 62
16 69
17 1
17 8
17 10
17 12
17 16
17 21
17 23
17 26
17 37
17 40
17 44
17 46
17 51
17 56
17 59
17 60
18 1
18 2
18 4
18 5
18 10
18 11
18 12
18 17
18 23
18 27
18 29
18 30
18 34
18 39
18 49
18 51
18 65
18 67
18 69
19 1
19 2
19 8
19 15
19 26
19 29
19 40
19 45
19 52
19 56
19 60
19 63
19 68
20 10
20 13
20 14
20 29
20 31
20 41
20 42
20 45
20 48
20 60
20 66
21 1
21 3
21 12
21 13
21 18
21 24
21 28
21 31
21 39
21 40
21 49
21 50
21 53
21 54
21 55
21 61
21 62
21 63
21 68
22 7
22 15
22 18
22 23
22 24
22 25
22 29
22 40
22 46
22 56
22 60
23 3
23 13
23 19
23 20
23 22
23 23
23 24
23 30
23 31
23 33
23 35
23 36
23 39
23 47
23 51
23 64
23 65
23 68
24 0
24 2
24 6
24 16
24 18
24 20
24 23
24 29
24 30
24 32
24 56
24 58
24 59
24 60
24 66
24 69
25 6
25 7
25 8
25 9
25 10
25 13
25 17
25 19
25 20
25 34
25 38
25 46
25 55
25 59
25 62
25 63
25 64
26 11
26 12
26 25
26 27
26 29
26 34
26 38
26 43
26 48
26 57
26 60
27 3
27 6
27 10
27 15
27 22
27 24
27 38
27 45
27 47
27 50
27 53
27 56
27 63
28 0
28 1
28 6
28 8
28 9
28 12
28 15
28 26
28 29
28 34
28 35
28 43
28 44
28 47
28 49
28 55
28 59
28 60
28 64
28 66
28 69
29 0
29 7
29 8
29 12
29 18
29 35
29 37
29 47
29 51
29 60
30 1
30 10
30 20
30 21
30 24
30 28
30 32
30 44
30 47
30 54
30 55
30 56
30 58
30 61
30 65
30 67
31 0
31 1
31 3
31 10
31 11
31 13
31 32
31 45
31 50
31 52
31 53
31 57
31 61
31 62
32 1
32 6
32 9
32 10
32 11
32 15
32 18
32 24
32 28
32 34
32 41
32 43
32 45
32 46
32 47
32 49
32 54
32 55
32 63
32 65
32 66
33 0
33 2
33 4
33 5
33 16
33 17
33 20
33 25
33 26
33 42
33 45
33 46
33 48
33 53
33 62
33 65
33 66
34 1
34 7
34 23
34 25
34 31
34 36
34 49
34 54
34 59
35 0
35 4
35 8
35 10
35 11
35 14
35 15
35 23
35 29
35 33
35 36
35 37
35 38
35 39
35 48
35 49
35 55
35 63
35 65
36 2
36 14
36 19
36 35
36 37
36 43
36 50
36 54
36 56
36 57
36 59
37 0
37 1
37 2
37 7
37 8
37 14
37 16
37 21
37 23
37 32
37 33
37 37
37 41
37 45
37 60
37 64
37 67
38 1
38 4
38 16
38 25
38 31
38 33
38 41
38 45
38 51
38 52
38 60
38 62
38 65
38 66
38 68
38 69
39 16
39 17
39 34
39 60
40 2
40 4
40 20
40 30
40 32
40 33
40 35
40 41
40 45
40 50
40 55
40 66
40 68
41 4
41 11
41 21
41 22
41 24
41 32
41 34
41 36
41 41
41 42
41 46
41 48
41 49
41 51
41 54
41 57
41 69
42 2
42 19
42 22
42 23
42 28
42 35
42 37
42 40
42 44
42 45
42 49
42 52
42 58
42 62
42 69
43 3
43 4
43 5
43 12
43 16
43 22
43 33
43 38
43 49
43 51
43 53
43 56
43 59
43 60
43 67
43 69
44 1
44 11
44 13
44 19
44 21
44 23
44 25
44 38
44 40
44 51
44 54
44 56
44 59
44 63
45 9
45 18
45 22
45 23
45 32
45 34
45 38
45 59
46 1
46 6
46 12
46 32
46 38
46 41
46 45
46 47
46 68
47 2
47 6
47 9
47 19
47 25
47 30
47 31
47 37
47 41
47 44
47 53
47 57
47 61
47 67
47 68
47 69
48 3
48 6
48 8
48 21
48 33
48 46
48 58
48 59
48 68
49 1
49 10
49 12
49 13
49 19
49 23
49 25
49 27
49 33
49 37
49 45
49 46
49 48
49 49
49 55
49 57
50 3
50 19
50 29
50 34
50 43
50 50
50 65
51 18
51 25
51 26
51 27
51 28
51 39
51 40
51 46
51 48
51 55
51 61
51 65
51 67
52 16
52 18
52 23
52 24
52 30
52 34
52 40
52 41
52 48
52 50
52 51
53 5
53 13
53 23
53 25
53 27
53 37
53 54
53 58
53 59
53 66
53 67
53 68
53 69
54 2
54 5
54 6
54 7
54 9
54 13
54 14
54 26
54 28
54 33
54 37
54 40
54 41
54 54
54 61
54 62
55 2
55 8
55 13
55 15
55 17
55 19
55 23
55 25
55 26
55 28
55 36
55 39
55 46
55 68
56 0
56 2
56 9
56 13
56 15
56 18
56 32
56 34
56 36
56 37
56 41
56 43
56 59
57 8
57 9
57 11
57 22
57 25
57 26
57 27
57 29
57 32
57 33
57 36
57 37
57 39
57 40
57 47
57 48
57 49
57 52
57 53
57 58
57 68
58 3
58 4
58 7
58 12
58 15
58 16
58 24
58 28
58 29
58 36
58 49
58 51
58 54
58 62
58 65
58 68
59 1
59 9
59 16
59 18
59 25
59 36
59 49
59 57
59 58
59 63
59 68
60 0
60 2
60 23
60 27
60 34
60 46
60 67
60 69
61 0
61 8
61 12
61 19
61 21
61 27
61 31
61 44
61 47
61 50
61 55
62 2
62 3
62 4
62 6
62 7
62 11
62 13
62 19
62 21
62 25
62 47
62 48
62 49
62 59
63 0
63 1
63 9
63 29
63 30
63 39
63 47
63 50
63 54
63 55
63 57
64 1
64 3
64 4
64 10
64 12
64 23
64 24
64 25
64 27
64 32
64 34
64 36
64 39
64 41
64 48
64 49
64 57
64 59
64 66
65 1
65 11
65 12
65 13
65 15
65 16
65 18
65 26
65 29
65 36
65 41
65 42
65 49
65 54
65 61
65 64
65 65
66 10
66 11
66 22
66 28
66 29
66 41
66 44
66 45
66 46
66 51
66 52
66 55
66 59
66 66
67 0
67 4
67 8
67 21
67 28
67 30
67 33
67 53
67 54
67 55
68 0
68 4
68 49
68 53
68 55
68 67
68 68
69 6
69 8
69 11
69 13
69 15
69 18
69 19
69 28
69 33
69 36
69 38
69 48
69 51
69 52
69 64
69 66
69 68
69 69
