120
2880
0 12
0 19
0 21
0 33
0 34
0 40
0 53
0 56
0 60
0 65
0 73
0 76
0 77
0 81
0 87
0 89
0 93
0 94
0 99
0 101
0 103
0 111
0 112
1 1
1 4
1 8
1 12
1 14
1 16
1 18
1 25
1 29
1 34
1 35
1 41
1 42
1 56
1 60
1 67
1 68
1 87
1 89
1 91
1 93
1 95
1 102
1 111
1 114
1 116
1 117
2 14
2 16
2 20
2 27
2 30
2 38
2 39
2 44
2 54
2 57
2 71
2 84
2 89
2 103
2 116
2 117
2 119
3 0
3 3
3 6
3 7
3 14
3 15
3 18
3 21
3 28
3 31
3 39
3 58
3 63
3 67
3 69
3 81
3 88
3 96
3 102
3 108
3 109
3 112
3 119
4 1
4 13
4 19
4 29
4 30
4 32
4 41
4 43
4 44
4 45
4 54
4 56
4 58
4 66
4 70
4 76
4 88
4 98
4 105
4 106
4 107
4 109
4 112
4 114
4 118
5 0
5 2
5 7
5 9
5 11
5 12
5 13
5 14
5 22
5 31
5 37
5 38
5 48
5 51
5 61
5 72
5 75
5 85
5 88
5 90
5 100
5 101
5 104
5 106
5 110
5 116
6 1
6 7
6 16
6 17
6 20
6 21
6 23
6 24
6 31
6 33
6 46
6 54
6 57
6 69
6 76
6 86
6 88
6 89
6 90
6 91
6 93
6 99
6 100
6 101
6 108
6 114
6 115
6 117
7 3
7 4
7 16
7 32
7 33
7 43
7 47
7 50
7 51
7 59
7 62
7 64
7 69
7 71
7 76
7 85
7 93
7 111
7 112
8 0
8 4
8 6
8 10
8 12
8 15
8 17
8 28
8 29
8 32
8 36
8 48
8 54
8 59
8 61
8 73
8 76
8 78
8 80
8 87
8 88
8 96
8 102
8 103
8 105
8 106
8 107
9 12
9 17
9 21
9 31
9 36
9 44
9 50
9 61
9 65
9 71
9 85
9 90
9 91
9 94
9 114
10 0
10 12
10 13
10 14
10 15
10 17
10 27
10 31
10 34
10 49
10 57
10 61
10 70
10 85
10 88
10 89
10 91
10 94
10 97
10 98
10 116
11 10
11 12
11 13
11 16
11 20
11 33
11 40
11 43
11 47
11 52
11 55
11 56
11 57
11 61
11 62
11 68
11 70
11 71
11 76
11 77
11 84
11 87
11 93
11 100
11 106
11 110
11 111
11 115
11 119
12 4
12 7
12 8
12 9
12 14
12 24
12 26
12 28
12 29
12 38
12 40
12 48
12 54
12 56
12 69
12 71
12 74
12 77
12 82
12 85
12 91
12 94
12 97
12 99
12 108
12 112
12 117
13 2
13 4
13 5
13 12
13 22
13 23
13 24
13 27
13 29
13 34
13 35
13 40
13 46
13 47
13 52
13 57
13 60
13 62
13 64
13 66
13 75
13 85
13 95
13 99
13 102
13 113
13 115
14 7
14 11
14 12
14 17
14 19
14 25
14 31
14 37
14 38
14 41
14 45
14 59
14 61
14 66
14 76
14 80
14 85
14 93
14 98
14 100
14 104
14 112
14 116
15 5
15 6
15 7
15 17
15 19
15 24
15 27
15 32
15 38
15 43
15 46
15 47
15 51
15 53
15 54
15 63
15 64
15 71
15 77
15 78
15 79
15 86
15 87
15 92
15 101
15 104
15 106
15 118
16 0
16 1
16 5
16 9
16 11
16 13
16 14
16 17
16 22
16 30
16 33
16 34
16 35
16 36
16 37
16 40
16 43
16 44
16 63
16 78
16 82
16 86
16 89
16 90
16 98
16 99
16 102
16 111
16 115
17 2
17 4
17 7
17 8
17 13
17 29
17 44
17 46
17 51
17 53
17 60
17 63
17 64
17 67
17 70
17 76
17 77
17 84
17 99
17 117
18 11
18 12
18 16
18 25
18 27
18 31
18 33
18 38
18 40
18 44
18 52
18 56
18 57
18 66
18 79
18 83
18 85
18 91
18 92
18 95
18 107
18 110
18 111
18 116
19 8
19 16
19 19
19 22
19 23
19 26
19 31
19 33
19 35
19 43
19 46
19 55
19 67
19 69
19 72
19 80
19 83
19 87
19 90
19 92
19 95
19 102
19 106
19 109
19 118
20 2
20 16
20 31
20 36
20 42
20 45
20 55
20 57
20 58
20 60
20 62
20 66
20 69
20 73
20 83
20 89
20 113
20 115
20 117
21 0
21 6
21 10
21 15
21 19
21 21
21 22
21 27
21 33
21 35
21 36
21 46
21 49
21 51
21 52
21 54
21 69
21 72
21 73
21 74
21 87
21 98
21 99
21 110
21 115
22 3
22 4
22 5
22 9
22 21
22 23
22 28
22 34
22 37
22 49
22 55
22 59
22 72
22 75
22 76
22 77
22 78
22 86
22 93
22 94
22 97
22 103
22 105
22 107
22 109
22 111
22 114
22 118
23 3
23 9
23 12
23 13
23 15
23 27
23 31
23 36
23 40
23 54
23 56
23 64
23 65
23 66
23 75
23 81
23 84
23 85
23 92
23 97
23 98
23 101
23 102
23 104
23 107
23 112
24 0
24 3
24 10
24 17
24 20
24 23
24 31
24 34
24 35
24 36
24 45
24 58
24 68
24 72
24 81
24 83
24 84
24 96
24 99
24 105
24 114
25 4
25 5
25 12
25 15
25 24
25 30
25 31
25 32
25 35
25 45
25 55
25 65
25 72
25 75
25 82
25 94
25 103
25 109
25 113
25 114
26 9
26 11
26 15
26 24
26 26
26 28
26 30
26 33
26 43
26 46
26 50
26 61
26 77
26 78
26 82
26 85
26 86
26 87
26 91
26 92
26 93
26 96
26 103
26 105
26 108
27 0
27 1
27 3
27 9
27 10
27 23
27 34
27 35
27 40
27 45
27 47
27 53
27 55
27 57
27 58
27 59
27 62
27 65
27 70
27 74
27 76
27 80
27 82
27 87
27 88
27 91
27 101
27 105
27 106
27 108
27 115
28 4
28 9
28 12
28 15
28 16
28 33
28 43
28 45
28 50
28 55
28 57
28 58
28 60
28 61
28 63
28 64
28 72
28 76
28 81
28 98
28 99
28 103
28 106
28 108
28 115
29 4
29 9
29 10
29 16
29 18
29 19
29 27
29 36
29 43
29 44
29 59
29 61
29 67
29 70
29 78
29 81
29 85
29 88
29 94
29 103
29 108
29 116
29 118
29 119
30 3
30 4
30 10
30 18
30 19
30 26
30 27
30 30
30 45
30 67
30 69
30 75
30 83
30 85
30 89
30 90
30 103
30 105
30 113
31 0
31 1
31 3
31 22
31 27
31 29
31 33
31 42
31 45
31 47
31 49
31 51
31 52
31 55
31 57
31 59
31 69
31 72
31 75
31 81
31 87
31 91
31 93
31 94
31 96
31 97
31 100
31 107
31 111
32 5
32 7
32 9
32 16
32 30
32 35
32 38
32 47
32 51
32 54
32 60
32 68
32 69
32 70
32 72
32 75
32 80
32 81
32 83
32 85
32 90
32 93
32 95
32 96
32 98
32 99
32 102
32 106
33 12
33 15
33 22
33 25
33 28
33 29
33 52
33 61
33 67
33 74
33 85
33 92
33 99
33 107
33 111
33 114
33 115
33 116
34 0
34 5
34 14
34 18
34 32
34 34
34 37
34 47
34 49
34 55
34 59
34 60
34 62
34 65
34 69
34 75
34 77
34 80
34 81
34 82
34 84
34 91
34 99
34 107
34 115
35 6
35 9
35 15
35 16
35 19
35 25
35 28
35 43
35 49
35 50
35 54
35 63
35 65
35 92
35 95
35 96
35 97
35 99
35 100
35 102
35 108
35 111
36 0
36 13
36 16
36 20
36 21
36 23
36 25
36 38
36 40
36 42
36 48
36 57
36 58
36 67
36 71
36 72
36 82
36 84
36 85
36 94
36 101
36 106
36 107
36 111
36 112
36 115
37 12
37 17
37 18
37 19
37 20
37 21
37 29
37 31
37 33
37 35
37 39
37 40
37 46
37 65
37 75
37 78
37 86
37 88
37 92
37 93
37 94
37 102
37 106
37 116
37 119
38 2
38 4
38 5
38 7
38 12
38 21
38 24
38 27
38 28
38 34
38 40
38 45
38 55
38 60
38 64
38 75
38 84
38 88
38 98
38 101
38 102
38 104
38 106
38 107
38 116
39 0
39 6
39 12
39 13
39 15
39 32
39 41
39 47
39 51
39 58
39 59
39 60
39 63
39 66
39 70
39 72
39 91
39 99
39 104
39 111
39 112
39 113
39 117
39 119
40 7
40 13
40 20
40 21
40 24
40 25
40 39
40 48
40 49
40 54
40 55
40 56
40 57
40 60
40 71
40 76
40 77
40 84
40 89
40 102
40 107
40 109
40 110
40 111
40 117
40 118
40 119
41 5
41 8
41 11
41 15
41 26
41 33
41 41
41 42
41 51
41 53
41 56
41 60
41 71
41 73
41 75
41 76
41 90
41 93
41 95
41 97
41 105
41 118
42 2
42 5
42 17
42 18
42 19
42 22
42 23
42 25
42 26
42 39
42 40
42 44
42 47
42 51
42 52
42 64
42 66
42 81
42 83
42 86
42 98
42 100
42 106
42 112
42 114
42 117
42 119
43 0
43 5
43 13
43 14
43 17
43 25
43 29
43 30
43 33
43 37
43 38
43 40
43 47
43 48
43 56
43 64
43 72
43 77
43 78
43 97
43 106
44 1
44 3
44 11
44 27
44 34
44 35
44 37
44 44
44 51
44 52
44 58
44 64
44 65
44 69
44 75
44 88
44 96
44 104
44 111
44 112
45 1
45 4
45 15
45 30
45 37
45 40
45 54
45 56
45 58
45 61
45 64
45 67
45 68
45 75
45 99
45 105
45 112
45 116
46 1
46 12
46 15
46 19
46 25
46 30
46 33
46 35
46 42
46 50
46 51
46 59
46 62
46 63
46 67
46 80
46 81
46 83
46 94
46 98
46 104
46 116
47 3
47 5
47 6
47 7
47 9
47 10
47 11
47 27
47 32
47 40
47 41
47 43
47 45
47 46
47 49
47 51
47 54
47 72
47 73
47 74
47 76
47 82
47 87
47 88
47 91
47 94
47 95
47 96
47 99
47 105
47 108
47 111
47 115
48 0
48 4
48 6
48 7
48 22
48 34
48 36
48 40
48 49
48 57
48 63
48 64
48 72
48 87
48 88
48 90
48 93
48 100
48 103
49 1
49 8
49 9
49 13
49 15
49 18
49 23
49 32
49 35
49 36
49 42
49 43
49 50
49 52
49 56
49 65
49 71
49 75
49 76
49 77
49 81
49 87
49 89
49 104
49 106
49 116
50 0
50 9
50 10
50 13
50 23
50 24
50 29
50 30
50 38
50 39
50 52
50 60
50 61
50 67
50 73
50 81
50 82
50 86
50 90
50 98
50 99
50 100
50 104
50 107
50 112
50 115
50 119
51 4
51 7
51 14
51 15
51 20
51 29
51 34
51 40
51 41
51 45
51 48
51 49
51 52
51 58
51 59
51 64
51 70
51 71
51 72
51 77
51 89
51 91
51 101
51 115
51 117
51 119
52 4
52 11
52 17
52 18
52 22
52 38
52 44
52 45
52 56
52 60
52 65
52 68
52 78
52 87
52 94
52 105
52 107
52 112
52 113
53 11
53 16
53 17
53 20
53 25
53 27
53 39
53 40
53 45
53 47
53 49
53 50
53 51
53 67
53 76
53 80
53 86
53 95
53 97
53 104
53 109
53 110
53 113
53 115
53 119
54 10
54 12
54 16
54 17
54 29
54 31
54 33
54 48
54 65
54 68
54 70
54 75
54 81
54 85
54 93
54 97
54 100
54 101
54 103
54 110
54 119
55 3
55 6
55 7
55 11
55 19
55 37
55 38
55 40
55 41
55 44
55 46
55 51
55 52
55 62
55 66
55 69
55 70
55 78
55 84
55 92
55 98
55 106
55 107
55 108
56 6
56 9
56 10
56 16
56 17
56 18
56 20
56 35
56 40
56 48
56 53
56 60
56 63
56 65
56 66
56 70
56 72
56 80
56 86
56 91
56 93
56 96
56 107
56 108
56 115
56 119
57 2
57 8
57 12
57 14
57 17
57 18
57 20
57 36
57 39
57 41
57 43
57 50
57 51
57 52
57 53
57 65
57 80
57 83
57 95
57 97
57 100
58 1
58 5
58 7
58 13
58 17
58 20
58 22
58 23
58 24
58 35
58 40
58 45
58 46
58 49
58 53
58 55
58 63
58 65
58 77
58 83
58 86
58 90
58 96
58 97
58 104
58 118
59 1
59 2
59 5
59 12
59 15
59 26
59 36
59 38
59 47
59 57
59 58
59 66
59 72
59 75
59 81
59 89
59 91
59 101
59 103
59 106
59 115
59 116
60 13
60 22
60 23
60 24
60 26
60 31
60 51
60 67
60 69
60 71
60 76
60 90
60 93
60 97
60 98
60 103
60 110
60 114
60 118
60 119
61 6
61 9
61 18
61 38
61 40
61 42
61 43
61 47
61 52
61 54
61 58
61 67
61 68
61 73
61 74
61 76
61 78
61 83
61 89
61 93
61 96
61 97
61 104
61 106
61 107
61 117
62 0
62 1
62 5
62 7
62 9
62 11
62 12
62 19
62 25
62 28
62 29
62 32
62 35
62 55
62 59
62 61
62 72
62 73
62 82
62 85
62 92
62 94
62 95
62 98
62 106
62 114
62 119
63 5
63 7
63 11
63 20
63 28
63 33
63 48
63 60
63 65
63 66
63 69
63 73
63 81
63 84
63 89
63 93
63 96
63 105
63 109
63 112
63 113
64 1
64 3
64 4
64 6
64 12
64 13
64 15
64 16
64 28
64 36
64 37
64 42
64 46
64 58
64 61
64 63
64 65
64 68
64 72
64 78
64 97
64 98
64 109
64 116
65 0
65 3
65 9
65 12
65 20
65 25
65 33
65 38
65 41
65 45
65 49
65 51
65 54
65 67
65 71
65 80
65 86
65 89
65 90
65 93
65 96
65 102
65 104
65 108
65 109
65 119
66 0
66 5
66 8
66 23
66 30
66 35
66 42
66 51
66 52
66 58
66 59
66 68
66 73
66 74
66 86
66 89
66 91
66 94
66 96
66 97
67 1
67 4
67 33
67 37
67 60
67 66
67 76
67 81
67 85
67 87
67 89
67 101
67 104
67 105
67 109
67 115
67 117
68 0
68 12
68 15
68 16
68 18
68 19
68 23
68 24
68 31
68 36
68 39
68 41
68 46
68 51
68 54
68 56
68 57
68 64
68 67
68 72
68 74
68 87
68 89
68 91
68 96
68 97
68 102
68 110
69 0
69 5
69 11
69 14
69 17
69 21
69 28
69 29
69 35
69 42
69 46
69 58
69 59
69 61
69 65
69 69
69 76
69 84
69 92
69 95
69 96
69 98
69 103
69 107
69 110
69 114
69 118
70 0
70 6
70 8
70 11
70 12
70 18
70 26
70 27
70 35
70 39
70 51
70 52
70 54
70 55
70 56
70 58
70 60
70 67
70 88
70 94
70 96
70 99
70 103
70 104
70 111
70 112
70 117
71 4
71 8
71 11
71 15
71 21
71 24
71 25
71 32
71 38
71 44
71 46
71 57
71 69
71 71
71 73
71 76
71 77
71 79
71 81
71 85
71 90
71 95
71 98
71 105
71 109
71 110
72 0
72 1
72 10
72 12
72 22
72 24
72 28
72 38
72 46
72 47
72 49
72 54
72 59
72 60
72 61
72 63
72 84
72 86
72 91
72 99
72 103
72 119
73 3
73 7
73 9
73 13
73 18
73 24
73 32
73 40
73 42
73 48
73 62
73 65
73 76
73 89
73 91
73 97
73 106
73 110
73 113
73 115
73 116
74 7
74 16
74 28
74 36
74 40
74 43
74 47
74 51
74 55
74 56
74 61
74 62
74 65
74 69
74 79
74 81
74 84
74 87
74 97
74 103
74 105
74 108
74 109
74 115
75 11
75 20
75 36
75 41
75 43
75 45
75 47
75 50
75 53
75 54
75 62
75 66
75 73
75 74
75 76
75 86
75 88
75 90
75 98
75 100
75 102
75 109
75 110
75 118
76 2
76 5
76 6
76 17
76 24
76 27
76 29
76 33
76 36
76 42
76 48
76 61
76 62
76 65
76 71
76 91
76 92
76 95
76 97
76 113
77 0
77 16
77 21
77 23
77 24
77 31
77 35
77 44
77 46
77 47
77 48
77 50
77 55
77 56
77 64
77 67
77 72
77 77
77 81
77 87
77 90
77 95
77 100
77 102
77 103
77 111
77 116
77 118
77 119
78 16
78 20
78 36
78 37
78 40
78 48
78 51
78 66
78 67
78 80
78 89
78 98
78 102
78 103
78 106
79 0
79 6
79 13
79 22
79 27
79 28
79 37
79 39
79 40
79 44
79 45
79 65
79 69
79 72
79 83
79 84
79 86
79 93
79 103
79 112
79 116
79 118
80 0
80 6
80 15
80 20
80 23
80 38
80 39
80 48
80 55
80 58
80 59
80 60
80 61
80 62
80 63
80 69
80 70
80 73
80 88
80 90
80 92
80 93
80 101
80 118
80 119
81 1
81 3
81 5
81 7
81 19
81 24
81 26
81 27
81 31
81 32
81 35
81 38
81 40
81 42
81 44
81 64
81 67
81 73
81 78
81 79
81 81
81 107
81 108
81 109
81 116
81 118
82 1
82 3
82 9
82 11
82 12
82 13
82 14
82 37
82 38
82 44
82 56
82 62
82 76
82 85
82 92
82 98
82 100
82 103
82 110
82 114
82 118
83 0
83 7
83 9
83 10
83 16
83 20
83 23
83 31
83 34
83 41
83 44
83 45
83 50
83 57
83 62
83 85
83 87
83 90
83 92
83 93
83 98
83 115
84 1
84 2
84 4
84 13
84 17
84 18
84 19
84 23
84 36
84 37
84 40
84 42
84 43
84 55
84 70
84 74
84 76
84 80
84 81
84 86
84 87
84 88
84 89
84 99
84 105
84 106
84 107
84 112
84 117
85 3
85 5
85 7
85 8
85 13
85 25
85 34
85 35
85 41
85 42
85 66
85 68
85 73
85 76
85 88
85 92
85 94
85 98
85 104
85 105
85 111
85 112
85 116
85 117
86 1
86 2
86 4
86 6
86 8
86 13
86 16
86 27
86 36
86 50
86 51
86 53
86 54
86 56
86 59
86 61
86 62
86 68
86 78
86 83
86 84
86 96
86 110
86 115
87 0
87 2
87 3
87 15
87 17
87 19
87 21
87 24
87 25
87 29
87 32
87 34
87 36
87 58
87 63
87 67
87 77
87 78
87 81
87 88
87 89
87 97
87 98
87 104
88 0
88 5
88 7
88 9
88 12
88 14
88 19
88 20
88 23
88 36
88 38
88 43
88 60
88 61
88 62
88 63
88 64
88 69
88 70
88 76
88 78
88 80
88 81
88 82
88 90
88 93
88 111
89 2
89 4
89 8
89 11
89 15
89 19
89 20
89 22
89 28
89 34
89 36
89 40
89 47
89 52
89 53
89 65
89 69
89 72
89 84
89 87
89 91
89 102
89 111
89 112
89 117
89 118
90 11
90 16
90 26
90 31
90 39
90 41
90 46
90 52
90 62
90 74
90 78
90 81
90 83
90 96
90 97
90 103
90 112
90 113
90 119
91 3
91 4
91 7
91 17
91 21
91 25
91 32
91 35
91 42
91 46
91 47
91 58
91 59
91 65
91 72
91 74
91 92
91 100
92 2
92 8
92 16
92 26
92 27
92 29
92 33
92 61
92 62
92 64
92 67
92 74
92 80
92 82
92 88
92 104
92 114
92 117
92 119
93 0
93 2
93 7
93 10
93 22
93 23
93 31
93 32
93 34
93 35
93 37
93 38
93 40
93 45
93 46
93 49
93 50
93 59
93 64
93 67
93 71
93 74
93 75
93 80
93 92
93 101
93 103
93 109
93 118
94 1
94 2
94 4
94 8
94 10
94 11
94 24
94 33
94 43
94 50
94 66
94 73
94 79
94 80
94 81
94 83
94 90
94 100
94 110
94 113
94 114
95 1
95 2
95 5
95 12
95 13
95 15
95 20
95 21
95 22
95 30
95 33
95 36
95 42
95 47
95 50
95 64
95 65
95 69
95 72
95 73
95 75
95 76
95 79
95 83
95 88
95 90
95 96
95 98
95 99
95 100
95 101
95 106
95 111
95 113
95 117
95 119
96 9
96 12
96 15
96 16
96 23
96 27
96 32
96 37
96 38
96 48
96 56
96 60
96 61
96 69
96 105
96 106
96 111
96 115
96 117
96 118
97 10
97 18
97 31
97 32
97 35
97 36
97 38
97 44
97 47
97 50
97 59
97 65
97 75
97 80
97 84
97 85
97 86
97 89
97 99
97 113
97 117
98 3
98 9
98 10
98 18
98 22
98 27
98 33
98 39
98 40
98 46
98 54
98 63
98 69
98 72
98 78
98 80
98 88
98 99
98 112
98 118
98 119
99 8
99 10
99 11
99 16
99 18
99 22
99 24
99 30
99 32
99 43
99 44
99 47
99 52
99 69
99 72
99 79
99 91
99 97
99 104
99 105
99 106
99 117
100 7
100 9
100 11
100 18
100 24
100 26
100 28
100 29
100 39
100 41
100 44
100 48
100 50
100 54
100 62
100 64
100 66
100 70
100 72
100 77
100 78
100 79
100 82
100 83
100 84
100 86
100 87
100 92
100 107
100 111
100 115
100 119
101 3
101 15
101 17
101 28
101 37
101 47
101 48
101 50
101 56
101 61
101 73
101 81
101 85
101 92
101 94
101 102
101 111
102 0
102 2
102 7
102 12
102 14
102 18
102 22
102 30
102 35
102 36
102 41
102 48
102 51
102 55
102 57
102 61
102 63
102 65
102 76
102 81
102 86
102 91
102 94
102 98
102 103
102 105
102 106
102 108
102 109
102 111
102 116
103 0
103 2
103 7
103 11
103 13
103 29
103 37
103 43
103 51
103 54
103 59
103 75
103 77
103 78
103 79
103 80
103 83
103 87
103 95
103 102
103 103
103 104
103 107
103 112
103 117
104 1
104 3
104 6
104 8
104 11
104 15
104 28
104 31
104 38
104 39
104 45
104 53
104 57
104 58
104 61
104 78
104 81
104 83
104 97
104 110
104 112
104 116
104 118
105 14
105 25
105 29
105 35
105 36
105 37
105 38
105 39
105 45
105 49
105 51
105 52
105 58
105 60
105 73
105 85
105 89
105 90
105 93
105 95
105 96
105 99
105 105
105 107
105 108
105 111
105 116
106 2
106 5
106 10
106 11
106 17
106 18
106 27
106 29
106 31
106 35
106 36
106 41
106 46
106 48
106 49
106 52
106 54
106 57
106 71
106 76
106 81
106 82
106 88
106 94
106 99
106 106
106 111
107 1
107 3
107 4
107 11
107 18
107 20
107 23
107 26
107 27
107 28
107 45
107 48
107 50
107 51
107 56
107 59
107 63
107 64
107 65
107 72
107 76
107 77
107 81
107 91
107 92
107 96
107 97
107 100
107 103
107 107
107 109
107 117
108 10
108 16
108 32
108 34
108 40
108 41
108 45
108 46
108 51
108 56
108 63
108 67
108 74
108 81
108 82
108 104
108 108
109 4
109 9
109 12
109 34
109 36
109 39
109 40
109 41
109 45
109 50
109 56
109 62
109 69
109 87
109 88
109 90
109 94
109 98
109 102
109 106
109 109
109 110
109 119
110 2
110 8
110 23
110 24
110 26
110 27
110 42
110 47
110 48
110 54
110 58
110 63
110 69
110 73
110 74
110 83
110 85
110 95
110 106
110 109
110 118
110 119
111 0
111 3
111 5
111 7
111 17
111 26
111 27
111 28
111 31
111 33
111 38
111 53
111 55
111 63
111 73
111 79
111 85
111 91
111 93
111 97
111 100
111 102
111 114
112 5
112 6
112 7
112 11
112 12
112 16
112 17
112 31
112 32
112 33
112 39
112 43
112 52
112 56
112 69
112 70
112 78
112 79
112 80
112 93
112 100
112 110
112 111
113 6
113 7
113 13
113 19
113 27
113 30
113 31
113 33
113 37
113 49
113 50
113 51
113 54
113 57
113 60
113 63
113 72
113 81
113 82
113 85
113 88
113 91
113 95
113 98
113 108
113 116
113 118
114 1
114 10
114 11
114 14
114 24
114 32
114 34
114 37
114 40
114 43
114 49
114 60
114 63
114 64
114 76
114 80
114 83
114 89
114 96
114 100
114 104
114 105
114 112
114 113
114 118
115 2
115 3
115 26
115 38
115 39
115 41
115 50
115 54
115 57
115 67
115 69
115 70
115 76
115 80
115 81
115 86
115 88
115 93
115 96
115 98
115 110
115 113
115 119
116 7
116 8
116 12
116 22
116 23
116 26
116 31
116 32
116 34
116 35
116 37
116 40
116 41
116 42
116 50
116 53
116 68
116 69
116 73
116 83
116 86
116 90
116 99
116 103
116 109
116 113
117 9
117 18
117 20
117 22
117 26
117 27
117 29
117 31
117 35
117 37
117 40
117 50
117 53
117 58
117 59
117 60
117 63
117 64
117 70
117 71
117 72
117 81
117 83
117 89
117 91
117 93
117 101
117 102
117 110
117 112
118 2
118 3
118 12
118 13
118 23
118 27
118 29
118 30
118 36
118 50
118 55
118 58
118 63
118 64
118 66
118 70
118 84
118 86
118 92
118 97
118 104
118 106
118 109
118 110
118 117
118 119
119 3
119 9
119 22
119 23
119 31
119 35
119 46
119 53
119 63
119 69
119 70
119 76
119 78
119 84
119 90
119 97
119 98
119 102
119 105
119 109
119 117
