100
2000
0 2
0 8
0 9
0 17
0 18
0 26
0 40
0 51
0 58
0 60
0 65
0 67
0 68
0 73
0 82
0 86
0 88
1 7
1 10
1 15
1 21
1 26
1 28
1 29
1 31
1 32
1 33
1 34
1 38
1 48
1 50
1 54
1 61
1 62
1 72
1 76
1 77
1 80
1 91
1 94
1 96
1 97
2 2
2 7
2 10
2 19
2 20
2 23
2 44
2 47
2 48
2 51
2 54
2 64
2 70
2 74
2 79
3 0
3 6
3 7
3 9
3 10
3 11
3 12
3 13
3 14
3 19
3 25
3 27
3 28
3 29
3 34
3 51
3 56
3 88
3 92
3 93
3 95
3 96
3 99
4 11
4 16
4 26
4 32
4 38
4 50
4 51
4 52
4 58
4 61
4 63
4 64
4 75
4 80
4 87
4 91
4 98
5 1
5 3
5 10
5 11
5 13
5 14
5 15
5 18
5 22
5 25
5 37
5 40
5 52
5 63
5 64
5 74
5 87
5 89
5 90
5 91
5 92
5 94
5 97
6 0
6 7
6 10
6 18
6 19
6 24
6 30
6 34
6 45
6 47
6 51
6 54
6 55
6 56
6 59
6 61
6 62
6 70
6 71
6 78
6 84
6 87
6 92
7 4
7 5
7 15
7 16
7 34
7 37
7 41
7 42
7 49
7 52
7 53
7 57
7 61
7 63
7 68
7 71
7 81
7 95
7 96
7 97
8 13
8 20
8 21
8 23
8 28
8 33
8 35
8 37
8 38
8 41
8 45
8 48
8 60
8 62
8 64
8 68
8 79
8 84
8 87
8 90
8 91
8 94
8 95
9 0
9 2
9 18
9 24
9 33
9 35
9 37
9 38
9 43
9 44
9 47
9 60
9 64
9 77
9 79
9 86
9 88
9 89
9 90
9 91
10 0
10 1
10 3
10 4
10 12
10 15
10 22
10 23
10 26
10 28
10 32
10 37
10 40
10 42
10 45
10 46
10 51
10 55
10 57
10 61
10 72
10 81
10 86
10 91
10 92
10 93
10 95
11 4
11 6
11 23
11 25
11 27
11 30
11 31
11 37
11 41
11 47
11 54
11 56
11 57
11 58
11 63
11 64
11 70
11 74
11 76
11 80
11 98
12 5
12 7
12 8
12 12
12 18
12 20
12 21
12 40
12 45
12 52
12 56
12 58
12 61
12 68
12 76
12 79
12 83
12 94
13 3
13 13
13 22
13 29
13 32
13 34
13 41
13 44
13 50
13 57
13 63
13 67
13 79
13 81
13 83
13 88
13 92
13 95
13 96
13 99
14 18
14 19
14 31
14 33
14 34
14 47
14 50
14 54
14 55
14 64
14 72
14 91
14 95
14 96
15 4
15 7
15 13
15 15
15 23
15 25
15 26
15 27
15 31
15 33
15 39
15 41
15 47
15 53
15 59
15 62
15 64
15 68
15 75
15 76
15 85
15 88
15 92
15 94
15 99
16 4
16 5
16 7
16 17
16 24
16 28
16 37
16 46
16 53
16 59
16 60
16 96
16 99
17 5
17 11
17 12
17 21
17 23
17 25
17 29
17 30
17 38
17 53
17 57
17 60
17 65
17 76
17 85
17 87
17 90
18 6
18 7
18 10
18 12
18 15
18 16
18 20
18 26
18 36
18 47
18 63
18 64
18 69
18 72
18 73
18 75
18 78
18 80
18 86
19 6
19 18
19 20
19 31
19 34
19 38
19 41
19 46
19 52
19 54
19 56
19 62
19 63
19 68
19 75
19 76
19 78
19 82
19 90
19 96
19 98
19 99
20 0
20 9
20 33
20 40
20 55
20 63
20 67
20 71
20 74
20 82
20 84
20 86
20 93
21 4
21 11
21 15
21 19
21 20
21 21
21 24
21 31
21 34
21 38
21 39
21 46
21 50
21 57
21 61
21 65
21 75
21 77
21 84
21 92
21 97
22 2
22 3
22 9
22 12
22 14
22 22
22 26
22 34
22 40
22 43
22 44
22 48
22 53
22 55
22 61
22 68
22 78
22 79
22 80
22 82
22 91
22 94
22 97
23 14
23 36
23 37
23 65
23 70
23 74
23 77
23 78
23 79
23 80
23 81
23 85
23 91
23 92
23 94
24 7
24 12
24 18
24 19
24 26
24 28
24 34
24 38
24 40
24 46
24 47
24 62
24 65
24 75
24 88
24 91
25 4
25 6
25 9
25 14
25 16
25 19
25 31
25 32
25 37
25 41
25 42
25 43
25 50
25 63
25 68
25 73
25 79
25 86
25 87
25 89
25 90
25 94
25 99
26 8
26 10
26 19
26 25
26 42
26 57
26 69
26 75
26 76
26 82
26 83
26 88
26 93
26 99
27 5
27 12
27 13
27 22
27 23
27 28
27 34
27 39
27 56
27 59
27 69
27 74
27 84
27 85
27 86
27 87
28 0
28 3
28 6
28 7
28 14
28 27
28 32
28 35
28 37
28 38
28 40
28 44
28 47
28 48
28 52
28 53
28 54
28 55
28 66
28 70
28 77
28 79
28 92
28 99
29 3
29 8
29 24
29 25
29 29
29 32
29 33
29 35
29 39
29 40
29 42
29 48
29 51
29 56
29 58
29 65
29 72
29 75
29 78
29 82
30 10
30 23
30 24
30 30
30 39
30 49
30 50
30 54
30 64
30 65
30 69
30 83
30 87
30 89
31 2
31 3
31 4
31 7
31 9
31 13
31 15
31 19
31 20
31 23
31 37
31 41
31 46
31 55
31 56
31 66
31 70
31 72
31 74
31 76
31 80
31 84
32 6
32 9
32 16
32 22
32 24
32 25
32 26
32 31
32 47
32 50
32 51
32 53
32 60
32 62
32 67
32 77
32 79
33 0
33 3
33 10
33 15
33 17
33 21
33 25
33 27
33 36
33 41
33 43
33 44
33 45
33 72
33 74
33 77
33 81
33 84
33 92
33 97
34 8
34 10
34 11
34 14
34 19
34 31
34 33
34 34
34 42
34 52
34 57
34 62
34 63
34 88
34 91
34 92
34 94
35 4
35 5
35 17
35 21
35 23
35 29
35 34
35 44
35 45
35 47
35 52
35 56
35 60
35 64
35 80
35 85
35 86
35 89
35 90
36 3
36 5
36 11
36 18
36 22
36 29
36 31
36 39
36 43
36 46
36 47
36 50
36 51
36 54
36 64
36 66
36 72
36 77
36 80
36 88
36 92
36 94
36 96
37 0
37 7
37 14
37 17
37 25
37 36
37 40
37 45
37 48
37 50
37 51
37 53
37 56
37 62
37 69
37 70
37 80
37 85
37 87
38 2
38 11
38 12
38 17
38 20
38 21
38 24
38 30
38 31
38 36
38 37
38 44
38 49
38 54
38 55
38 57
38 59
38 61
38 69
38 75
38 83
38 94
39 7
39 18
39 20
39 21
39 24
39 28
39 30
39 31
39 38
39 39
39 43
39 45
39 46
39 48
39 53
39 54
39 60
39 64
39 68
39 74
39 76
39 87
39 92
39 93
39 98
40 0
40 4
40 9
40 12
40 14
40 18
40 28
40 32
40 46
40 48
40 55
40 57
40 59
40 66
40 68
40 83
40 90
40 91
40 94
41 1
41 4
41 30
41 36
41 43
41 47
41 52
41 58
41 60
41 63
41 64
41 65
41 68
41 75
41 78
41 80
41 97
41 99
42 7
42 12
42 19
42 20
42 25
42 32
42 39
42 44
42 45
42 53
42 61
42 68
42 77
42 80
42 81
42 97
43 5
43 6
43 12
43 23
43 39
43 43
43 45
43 50
43 54
43 59
43 65
43 66
43 67
43 71
43 72
43 76
43 83
43 86
43 96
43 97
44 1
44 4
44 9
44 10
44 20
44 23
44 32
44 33
44 39
44 42
44 44
44 59
44 60
44 65
44 70
44 74
44 76
44 77
44 79
44 80
44 81
44 84
44 91
44 95
44 97
44 98
45 1
45 2
45 6
45 8
45 11
45 13
45 33
45 34
45 35
45 41
45 50
45 53
45 55
45 65
45 79
45 83
45 86
45 90
45 96
45 98
45 99
46 3
46 4
46 5
46 7
46 12
46 17
46 20
46 30
46 31
46 33
46 36
46 42
46 46
46 51
46 52
46 60
46 71
46 73
46 85
46 97
47 3
47 8
47 11
47 14
47 15
47 21
47 28
47 30
47 33
47 34
47 35
47 37
47 54
47 55
47 62
47 64
47 66
47 67
47 74
47 78
47 80
48 2
48 14
48 21
48 27
48 30
48 34
48 36
48 37
48 40
48 43
48 48
48 49
48 53
48 55
48 61
48 70
48 73
48 79
48 83
48 91
48 94
48 96
49 9
49 10
49 12
49 13
49 14
49 15
49 20
49 25
49 35
49 37
49 41
49 46
49 55
49 56
49 57
49 63
49 64
49 67
49 75
49 76
49 83
49 85
49 86
49 95
50 6
50 7
50 9
50 10
50 13
50 22
50 33
50 44
50 46
50 48
50 52
50 64
50 68
50 74
50 82
50 86
50 88
50 92
50 93
50 97
51 6
51 7
51 9
51 11
51 12
51 15
51 32
51 34
51 54
51 59
51 68
51 75
51 78
51 79
51 82
51 87
52 2
52 7
52 9
52 12
52 15
52 18
52 24
52 25
52 31
52 33
52 42
52 43
52 44
52 45
52 59
52 60
52 73
52 75
52 78
52 92
52 93
52 94
52 99
53 4
53 5
53 6
53 12
53 15
53 21
53 39
53 41
53 54
53 68
53 71
53 82
53 90
53 91
53 92
53 93
54 7
54 15
54 16
54 24
54 31
54 34
54 37
54 44
54 55
54 57
54 59
54 60
54 72
54 73
54 74
54 82
54 83
54 92
55 3
55 4
55 6
55 9
55 14
55 17
55 22
55 25
55 39
55 42
55 45
55 46
55 47
55 71
55 80
55 84
55 86
55 88
55 89
55 92
55 94
55 95
56 0
56 1
56 18
56 19
56 26
56 32
56 33
56 53
56 57
56 61
56 66
56 72
56 78
56 80
56 85
56 91
56 92
56 97
57 2
57 5
57 8
57 12
57 14
57 19
57 25
57 30
57 32
57 33
57 37
57 38
57 39
57 40
57 44
57 48
57 50
57 51
57 68
57 70
57 73
57 74
57 78
57 79
57 81
57 83
57 86
57 98
58 3
58 4
58 6
58 21
58 32
58 35
58 45
58 49
58 52
58 54
58 59
58 63
58 64
58 74
58 75
58 78
58 90
58 92
59 6
59 14
59 21
59 34
59 35
59 36
59 43
59 47
59 51
59 53
59 65
59 67
59 69
59 73
59 78
59 80
59 85
59 87
59 91
59 93
60 0
60 5
60 9
60 11
60 13
60 14
60 25
60 35
60 41
60 44
60 68
60 81
60 84
60 92
60 96
60 99
61 2
61 7
61 17
61 19
61 26
61 29
61 30
61 32
61 33
61 36
61 42
61 46
61 50
61 54
61 60
61 65
61 66
61 79
61 82
61 83
61 84
61 85
61 87
61 91
61 92
61 97
62 10
62 16
62 17
62 19
62 21
62 24
62 29
62 32
62 36
62 43
62 44
62 48
62 50
62 54
62 55
62 61
62 64
62 69
62 76
62 82
62 85
62 90
62 96
63 2
63 16
63 25
63 28
63 41
63 42
63 44
63 60
63 61
63 66
63 71
63 79
63 80
63 86
63 90
63 99
64 5
64 9
64 10
64 13
64 15
64 16
64 18
64 28
64 36
64 41
64 43
64 49
64 51
64 54
64 68
64 69
64 86
64 87
64 93
65 4
65 8
65 13
65 16
65 25
65 45
65 46
65 47
65 51
65 57
65 62
65 73
65 81
65 90
65 91
65 92
65 93
65 97
66 8
66 9
66 10
66 12
66 17
66 19
66 22
66 26
66 28
66 29
66 30
66 37
66 41
66 43
66 47
66 53
66 55
66 60
66 61
66 64
66 70
66 82
66 86
66 87
66 89
66 96
67 0
67 8
67 16
67 24
67 27
67 28
67 34
67 37
67 50
67 51
67 57
67 62
67 65
67 81
67 82
67 84
67 86
67 89
67 92
67 95
67 97
68 2
68 10
68 13
68 22
68 28
68 31
68 42
68 43
68 45
68 47
68 49
68 57
68 60
68 75
68 81
68 82
68 89
68 92
68 96
68 97
68 99
69 9
69 10
69 11
69 15
69 22
69 23
69 30
69 36
69 37
69 39
69 42
69 51
69 52
69 54
69 56
69 58
69 60
69 62
69 68
69 70
69 92
69 95
69 97
69 98
70 2
70 4
70 7
70 8
70 10
70 14
70 20
70 26
70 37
70 38
70 39
70 47
70 50
70 52
70 57
70 69
70 73
70 82
70 97
71 18
71 26
71 28
71 31
71 39
71 43
71 44
71 45
71 46
71 68
71 74
71 83
71 88
71 90
71 92
72 6
72 22
72 27
72 29
72 38
72 40
72 43
72 44
72 45
72 53
72 54
72 55
72 58
72 61
72 64
72 65
72 72
72 76
72 79
72 82
72 84
72 89
72 92
72 99
73 0
73 3
73 8
73 10
73 15
73 27
73 39
73 45
73 46
73 54
73 55
73 56
73 58
73 73
73 79
73 82
73 84
73 86
73 87
73 93
74 21
74 26
74 28
74 32
74 41
74 52
74 55
74 57
74 60
74 68
74 69
74 81
74 95
74 96
75 4
75 6
75 10
75 13
75 23
75 29
75 32
75 37
75 38
75 43
75 48
75 49
75 61
75 62
75 63
75 64
75 65
75 77
75 79
75 81
75 82
75 86
75 90
75 94
75 98
76 12
76 14
76 20
76 23
76 24
76 39
76 54
76 61
76 62
76 65
76 68
76 70
76 75
76 76
76 77
76 82
76 85
76 86
76 91
76 99
77 2
77 10
77 13
77 16
77 18
77 22
77 39
77 40
77 47
77 48
77 51
77 52
77 53
77 69
77 71
77 72
77 80
77 81
77 83
77 85
77 90
77 91
77 97
78 2
78 21
78 24
78 29
78 34
78 35
78 36
78 39
78 45
78 51
78 77
78 83
78 84
78 85
78 96
78 98
79 2
79 10
79 12
79 15
79 24
79 33
79 34
79 65
79 66
79 75
79 78
79 79
79 80
79 88
79 93
80 3
80 11
80 12
80 14
80 18
80 25
80 28
80 34
80 40
80 48
80 52
80 57
80 69
80 72
80 75
80 82
80 87
80 94
80 95
80 98
81 0
81 2
81 5
81 9
81 13
81 17
81 26
81 27
81 31
81 37
81 38
81 43
81 48
81 49
81 54
81 59
81 62
81 64
81 65
81 68
81 71
81 74
81 75
81 89
81 90
81 92
82 3
82 8
82 10
82 21
82 22
82 28
82 30
82 34
82 35
82 37
82 43
82 50
82 52
82 56
82 59
82 63
82 70
82 73
82 78
82 83
82 93
82 94
82 95
82 96
83 0
83 5
83 6
83 13
83 35
83 36
83 44
83 47
83 67
83 77
83 79
83 86
83 92
83 95
84 5
84 9
84 11
84 13
84 14
84 29
84 33
84 47
84 56
84 61
84 71
84 72
84 73
84 74
84 75
84 81
84 83
84 90
84 91
84 93
84 94
84 95
84 96
84 99
85 5
85 17
85 25
85 27
85 45
85 52
85 61
85 70
85 94
86 0
86 1
86 12
86 16
86 24
86 40
86 43
86 44
86 53
86 57
86 61
86 62
86 74
86 79
86 83
86 84
86 85
86 86
86 87
86 88
86 90
86 91
86 99
87 0
87 1
87 3
87 7
87 10
87 24
87 31
87 32
87 33
87 34
87 35
87 41
87 53
87 57
87 61
87 73
87 77
87 81
87 94
88 2
88 10
88 11
88 15
88 19
88 26
88 27
88 30
88 34
88 44
88 49
88 51
88 53
88 57
88 58
88 59
88 63
88 70
88 71
88 79
88 81
88 86
89 10
89 11
89 20
89 31
89 32
89 33
89 34
89 36
89 37
89 39
89 43
89 44
89 57
89 61
89 73
89 75
89 84
89 88
89 89
89 93
89 99
90 0
90 9
90 10
90 12
90 14
90 15
90 18
90 19
90 21
90 26
90 30
90 44
90 53
90 58
90 66
90 76
90 81
90 85
90 86
90 90
90 93
90 98
91 5
91 6
91 13
91 15
91 22
91 24
91 28
91 35
91 40
91 43
91 50
91 53
91 54
91 65
91 71
91 75
91 78
91 85
91 88
91 94
91 96
91 97
92 2
92 5
92 9
92 13
92 34
92 35
92 45
92 47
92 48
92 57
92 70
92 77
92 83
92 84
93 8
93 13
93 14
93 16
93 27
93 43
93 45
93 50
93 53
93 54
93 55
93 57
93 58
93 61
93 64
93 65
93 66
93 69
93 71
93 73
93 74
93 75
93 77
93 83
93 91
93 98
93 99
94 2
94 7
94 14
94 15
94 16
94 20
94 27
94 28
94 34
94 49
94 51
94 57
94 59
94 67
94 69
94 71
94 72
94 82
94 91
94 95
94 99
95 0
95 1
95 6
95 8
95 14
95 30
95 31
95 36
95 39
95 43
95 47
95 49
95 53
95 60
95 64
95 69
95 71
95 72
95 87
95 94
95 95
95 96
95 98
96 9
96 10
96 12
96 13
96 15
96 17
96 23
96 26
96 34
96 39
96 45
96 46
96 48
96 54
96 57
96 62
96 80
96 85
96 88
96 98
96 99
97 6
97 10
97 16
97 23
97 33
97 34
97 38
97 43
97 55
97 60
97 68
97 70
97 71
97 74
97 75
97 78
98 2
98 5
98 6
98 8
98 14
98 17
98 18
98 23
98 25
98 41
98 42
98 48
98 53
98 56
98 57
98 67
98 76
98 77
99 1
99 7
99 12
99 13
99 20
99 28
99 32
99 42
99 45
99 48
99 54
99 55
99 59
99 62
99 65
99 67
99 68
99 71
99 72
99 76
99 77
99 81
