60
720
0 6
0 10
0 11
0 19
0 25
0 32
0 41
0 44
0 45
0 47
0 48
0 52
0 54
0 55
0 58
1 4
1 10
1 17
1 19
1 21
1 28
1 41
1 42
1 45
1 57
1 58
2 0
2 1
2 3
2 4
2 6
2 8
2 10
2 25
2 26
2 28
2 29
2 48
2 50
3 3
3 6
3 7
3 10
3 11
3 23
3 24
3 28
3 39
3 41
3 42
3 49
3 51
3 53
4 6
4 7
4 8
4 23
4 30
4 35
4 36
4 45
4 46
4 51
4 58
5 2
5 20
5 22
5 25
5 37
5 38
5 42
5 43
5 46
5 47
5 52
5 54
5 57
5 59
6 2
6 7
6 9
6 13
6 18
6 27
6 30
6 49
6 51
6 53
6 55
7 9
7 14
7 23
7 37
7 38
7 50
7 59
8 6
8 12
8 16
8 17
8 23
8 24
8 32
8 34
8 42
8 43
9 2
9 10
9 15
9 23
9 24
9 25
9 31
9 37
9 39
9 40
9 42
9 43
9 46
9 54
9 59
10 0
10 2
10 10
10 15
10 16
10 43
10 52
10 57
11 0
11 1
11 18
11 23
11 25
11 29
11 30
11 37
11 41
11 43
11 48
11 52
11 53
12 4
12 13
12 14
12 22
12 29
12 32
12 40
12 44
12 54
12 58
12 59
13 2
13 5
13 6
13 13
13 15
13 18
13 19
13 49
13 55
13 59
14 3
14 6
14 9
14 11
14 23
14 25
14 28
14 32
14 34
14 35
14 37
14 42
15 4
15 5
15 6
15 10
15 12
15 13
15 14
15 15
15 23
15 28
15 30
15 32
15 36
15 44
15 48
15 51
15 57
15 59
16 5
16 12
16 23
16 28
16 47
16 53
16 55
16 56
16 58
17 0
17 3
17 6
17 11
17 17
17 19
17 23
17 36
17 47
17 50
17 57
18 1
18 4
18 12
18 18
18 24
18 29
18 36
18 43
18 44
18 56
19 2
19 3
19 10
19 13
19 14
19 16
19 33
19 37
19 38
19 42
19 47
19 49
19 56
19 57
19 58
20 2
20 8
20 9
20 15
20 17
20 20
20 24
20 25
20 28
20 33
20 36
20 37
20 39
20 41
21 11
21 15
21 23
21 24
21 37
21 40
21 43
21 53
21 56
21 57
22 8
22 10
22 11
22 13
22 15
22 16
22 19
22 20
22 29
22 30
22 34
22 52
22 55
22 56
22 59
23 6
23 11
23 17
23 22
23 24
23 25
23 26
23 33
23 41
23 58
24 1
24 5
24 11
24 14
24 19
24 22
24 26
24 30
24 33
24 34
24 39
24 40
24 43
24 45
24 50
24 52
25 7
25 12
25 19
25 23
25 28
25 30
25 31
25 32
25 52
25 57
26 6
26 14
26 15
26 20
26 29
26 42
26 46
26 47
26 49
26 55
26 58
27 5
27 15
27 18
27 19
27 28
27 29
27 31
27 34
27 39
27 40
27 43
27 44
27 46
27 48
27 50
27 51
27 52
27 55
27 57
28 2
28 4
28 7
28 9
28 14
28 18
28 28
28 29
28 30
28 39
29 0
29 1
29 7
29 11
29 13
29 14
29 28
29 29
29 39
29 42
29 46
30 4
30 6
30 15
30 18
30 29
30 30
30 32
30 36
30 38
30 39
30 45
30 50
31 2
31 3
31 7
31 9
31 16
31 19
31 20
31 26
31 28
31 32
31 36
31 38
31 49
31 59
32 7
32 12
32 22
32 24
32 25
32 26
32 28
32 42
32 45
32 48
32 53
32 54
32 57
33 4
33 6
33 8
33 10
33 22
33 23
33 24
33 25
33 32
33 54
33 55
34 5
34 8
34 18
34 20
34 25
34 26
34 39
34 50
34 55
34 58
35 8
35 19
35 21
35 26
35 28
35 39
35 44
35 47
35 49
35 51
35 52
35 54
36 0
36 7
36 17
36 20
36 37
36 41
36 49
36 51
36 53
36 56
36 58
37 0
37 20
37 23
37 41
37 43
37 46
37 50
37 53
37 57
38 0
38 6
38 9
38 29
38 40
38 41
38 43
38 46
38 50
38 55
38 59
39 0
39 3
39 5
39 12
39 15
39 31
39 35
39 53
39 54
39 56
39 58
40 7
40 10
40 11
40 21
40 23
40 30
40 37
40 43
40 45
40 48
40 53
40 55
40 58
40 59
41 8
41 15
41 27
41 32
41 36
41 54
41 55
41 58
42 10
42 11
42 16
42 17
42 18
42 25
42 27
42 28
42 29
42 39
42 40
42 45
42 49
42 57
42 58
42 59
43 9
43 10
43 15
43 17
43 19
43 23
43 26
43 27
43 35
43 39
43 40
43 42
43 50
43 58
44 3
44 4
44 8
44 10
44 12
44 13
44 17
44 24
44 25
44 29
44 31
44 41
44 46
44 50
44 52
44 54
45 22
45 30
45 32
45 37
45 39
45 40
45 41
45 44
45 45
45 52
45 55
45 59
46 0
46 3
46 8
46 10
46 15
46 20
46 21
46 30
46 37
46 40
46 45
46 46
46 50
46 54
46 57
47 11
47 23
47 36
47 41
47 54
47 56
47 58
48 0
48 1
48 5
48 15
48 16
48 28
48 32
48 36
48 44
48 47
48 51
48 52
49 7
49 12
49 15
49 19
49 23
49 25
49 27
49 28
49 30
49 43
49 44
49 50
49 56
50 0
50 6
50 7
50 9
50 11
50 16
50 22
50 25
50 32
50 41
50 47
50 48
50 51
50 54
50 57
51 0
51 3
51 9
51 16
51 24
51 27
51 28
51 30
51 35
51 38
51 47
51 56
51 57
51 59
52 1
52 2
52 4
52 14
52 21
52 24
52 28
52 29
52 35
52 37
52 45
52 49
52 55
53 6
53 11
53 18
53 29
53 33
53 48
53 50
53 54
53 55
53 57
53 58
54 2
54 8
54 10
54 12
54 32
54 40
54 43
54 48
54 56
55 7
55 9
55 11
55 17
55 23
55 32
55 33
55 34
55 42
55 47
55 53
55 56
56 0
56 5
56 10
56 20
56 31
56 40
56 43
56 53
56 59
57 5
57 8
57 10
57 13
57 19
57 20
57 22
57 36
57 39
57 44
57 54
57 56
57 57
58 12
58 14
58 34
58 42
58 47
58 50
58 54
59 0
59 4
59 6
59 21
59 25
59 29
59 33
59 36
59 37
59 51
59 54
59 57
