80
1280
0 0
0 4
0 16
0 17
0 19
0 28
0 30
0 36
0 37
0 38
0 40
0 44
0 51
0 55
0 56
0 58
0 63
0 67
0 72
0 74
1 3
1 4
1 7
1 8
1 12
1 14
1 17
1 22
1 37
1 40
1 49
1 51
1 65
1 68
2 10
2 11
2 14
2 29
2 39
2 40
2 42
2 51
2 53
2 57
2 58
2 60
2 69
2 75
3 12
3 20
3 21
3 23
3 26
3 27
3 33
3 42
3 45
3 51
3 52
3 53
3 60
3 62
3 64
3 67
3 70
3 72
3 79
4 8
4 9
4 13
4 14
4 15
4 16
4 23
4 28
4 39
4 63
4 64
4 69
4 73
5 4
5 7
5 9
5 24
5 28
5 33
5 38
5 43
5 44
5 59
5 72
6 1
6 2
6 7
6 10
6 12
6 22
6 23
6 29
6 43
6 44
6 46
6 47
6 49
6 55
6 57
6 60
6 72
6 78
7 2
7 5
7 20
7 24
7 28
7 34
7 37
7 39
7 40
7 41
7 45
7 54
7 55
7 56
7 64
7 72
7 76
8 0
8 15
8 16
8 22
8 24
8 25
8 26
8 35
8 38
8 40
8 43
8 48
8 50
8 51
8 66
8 71
9 0
9 3
9 7
9 19
9 24
9 28
9 34
9 38
9 40
9 41
9 43
9 53
9 64
9 73
9 75
10 1
10 2
10 9
10 21
10 24
10 45
10 47
10 53
10 58
10 66
10 69
10 79
11 0
11 1
11 9
11 10
11 15
11 18
11 23
11 24
11 25
11 26
11 28
11 38
11 39
11 46
11 55
11 59
11 63
11 69
11 71
12 0
12 16
12 17
12 20
12 24
12 36
12 39
12 46
12 48
12 57
12 62
12 64
12 66
12 72
12 77
13 10
13 11
13 13
13 14
13 24
13 27
13 41
13 46
13 57
14 11
14 20
14 22
14 28
14 30
14 34
14 35
14 36
14 37
14 44
14 57
14 65
14 73
15 0
15 7
15 15
15 31
15 41
15 43
15 45
15 47
15 49
15 50
15 59
15 71
16 0
16 2
16 3
16 12
16 16
16 17
16 24
16 25
16 30
16 33
16 64
16 67
16 68
16 77
17 3
17 6
17 12
17 16
17 24
17 29
17 30
17 32
17 41
17 57
17 58
17 59
17 63
17 74
17 79
18 23
18 25
18 30
18 34
18 37
18 41
18 45
18 47
18 52
18 60
18 61
18 62
18 64
18 65
18 69
18 70
18 79
19 8
19 13
19 22
19 26
19 30
19 35
19 47
19 51
19 57
19 64
19 72
19 74
19 76
19 77
20 1
20 5
20 9
20 15
20 16
20 23
20 25
20 32
20 34
20 36
20 38
20 54
20 71
20 76
20 77
21 0
21 1
21 4
21 11
21 12
21 15
21 16
21 19
21 25
21 27
21 28
21 48
21 56
21 65
21 76
21 77
22 1
22 6
22 15
22 28
22 33
22 42
22 54
22 58
22 59
22 63
22 73
22 75
23 1
23 4
23 27
23 37
23 38
23 45
23 58
23 63
23 65
23 69
23 70
23 73
23 76
23 77
23 78
24 9
24 10
24 13
24 18
24 29
24 43
24 46
24 50
24 57
24 72
24 73
25 6
25 7
25 10
25 14
25 25
25 31
25 39
25 48
25 50
25 58
25 65
25 66
26 6
26 15
26 18
26 30
26 32
26 34
26 41
26 43
26 49
26 50
26 58
26 60
26 65
26 70
26 73
26 75
27 13
27 14
27 23
27 27
27 30
27 31
27 32
27 40
27 52
27 59
27 78
28 1
28 4
28 9
28 12
28 16
28 18
28 19
28 24
28 34
28 39
28 43
28 44
28 47
28 52
28 54
28 57
28 59
28 64
28 76
28 77
29 11
29 15
29 17
29 22
29 24
29 26
29 36
29 37
29 38
29 39
29 44
29 50
29 55
29 60
29 64
29 67
29 73
29 77
29 78
30 2
30 5
30 8
30 15
30 20
30 21
30 31
30 40
30 46
30 48
30 51
30 55
30 63
30 70
30 71
30 76
31 0
31 9
31 12
31 18
31 26
31 29
31 30
31 35
31 36
31 47
31 51
31 52
31 57
31 58
31 65
31 74
31 75
31 77
32 13
32 18
32 19
32 26
32 36
32 38
32 41
32 50
32 56
32 57
32 59
32 61
32 69
32 74
32 75
32 77
32 79
33 12
33 36
33 38
33 46
33 49
33 54
33 59
33 65
33 66
33 78
34 1
34 3
34 8
34 13
34 26
34 27
34 28
34 30
34 34
34 37
34 40
34 44
34 46
34 50
34 51
34 52
34 53
34 54
34 66
34 69
34 78
35 2
35 8
35 16
35 17
35 27
35 30
35 33
35 52
35 57
35 66
35 75
36 3
36 7
36 9
36 11
36 19
36 27
36 30
36 43
36 44
36 45
36 58
36 62
36 63
36 67
36 71
36 72
36 75
37 2
37 12
37 16
37 20
37 23
37 25
37 29
37 31
37 32
37 35
37 39
37 42
37 44
37 45
37 53
37 68
37 71
37 72
37 77
37 78
38 11
38 12
38 18
38 19
38 20
38 23
38 24
38 37
38 39
38 43
38 51
38 52
38 54
38 58
38 61
38 69
38 73
38 74
39 5
39 6
39 9
39 11
39 12
39 21
39 22
39 31
39 33
39 37
39 38
39 48
39 56
39 61
39 67
39 77
40 6
40 8
40 11
40 12
40 14
40 19
40 42
40 46
40 50
40 51
40 63
40 66
40 67
40 70
40 71
40 79
41 1
41 5
41 11
41 12
41 35
41 38
41 47
41 54
41 55
41 60
41 69
41 74
41 78
42 5
42 14
42 15
42 16
42 22
42 27
42 35
42 47
42 53
42 57
42 60
42 63
42 65
42 66
42 69
42 71
42 75
42 79
43 4
43 11
43 18
43 20
43 24
43 34
43 35
43 46
43 48
43 50
43 52
43 53
43 54
43 70
43 71
43 76
43 79
44 3
44 6
44 12
44 14
44 16
44 17
44 19
44 28
44 30
44 36
44 45
44 55
44 56
44 58
44 59
44 66
44 70
44 74
44 77
44 79
45 5
45 10
45 18
45 20
45 25
45 26
45 27
45 35
45 41
45 42
45 45
45 46
45 51
45 62
45 65
45 66
45 69
45 70
45 72
45 73
45 74
46 2
46 3
46 4
46 22
46 27
46 30
46 32
46 36
46 39
46 40
46 50
46 54
46 56
46 60
46 63
46 65
46 66
46 72
47 3
47 9
47 20
47 21
47 25
47 26
47 32
47 35
47 36
47 41
47 47
47 56
47 60
47 61
47 65
48 7
48 12
48 34
48 35
48 37
48 43
48 44
48 50
48 51
48 53
48 55
48 64
48 75
48 76
49 0
49 1
49 2
49 8
49 12
49 18
49 20
49 21
49 23
49 29
49 31
49 34
49 44
49 54
49 55
49 56
49 58
49 59
49 70
49 72
49 77
50 1
50 6
50 11
50 14
50 20
50 39
50 40
50 48
50 50
50 58
50 60
50 69
50 70
50 73
51 3
51 9
51 17
51 19
51 22
51 24
51 35
51 36
51 64
51 73
51 76
52 10
52 16
52 24
52 34
52 40
52 41
52 42
52 44
52 46
52 53
52 64
52 65
52 68
52 69
52 78
53 0
53 1
53 4
53 12
53 17
53 18
53 19
53 29
53 32
53 40
53 43
53 57
53 65
53 67
53 71
53 79
54 6
54 8
54 11
54 14
54 26
54 29
54 33
54 34
54 38
54 40
54 41
54 55
54 57
54 58
54 60
54 73
54 74
54 76
55 7
55 13
55 21
55 26
55 30
55 32
55 33
55 39
55 48
55 50
55 51
55 67
55 70
55 72
55 75
55 77
55 78
55 79
56 4
56 16
56 17
56 21
56 27
56 37
56 43
56 45
56 47
56 51
56 62
56 65
56 72
56 73
56 79
57 11
57 16
57 21
57 26
57 31
57 38
57 46
57 47
57 49
57 57
57 58
57 59
57 65
57 79
58 0
58 9
58 19
58 23
58 25
58 29
58 31
58 34
58 37
58 40
58 41
58 42
58 44
58 45
58 60
58 71
58 74
58 79
59 1
59 5
59 19
59 24
59 35
59 39
59 41
59 54
59 63
59 65
59 69
59 71
59 77
60 2
60 3
60 10
60 13
60 17
60 21
60 35
60 38
60 40
60 43
60 48
60 50
60 59
60 65
60 66
60 71
61 2
61 12
61 15
61 30
61 38
61 43
61 54
61 58
61 62
61 64
61 74
61 77
61 78
62 5
62 12
62 13
62 22
62 32
62 33
62 45
62 51
62 54
62 63
62 65
62 67
62 70
62 71
62 76
63 10
63 16
63 23
63 34
63 42
63 43
63 44
63 45
63 46
63 55
63 58
63 60
63 62
63 65
63 69
64 5
64 6
64 9
64 18
64 20
64 35
64 36
64 45
64 46
64 53
64 54
64 56
64 58
64 62
65 7
65 15
65 17
65 18
65 22
65 23
65 25
65 30
65 31
65 32
65 38
65 59
65 62
65 63
65 65
66 2
66 11
66 13
66 24
66 25
66 30
66 34
66 50
66 51
66 57
66 63
66 72
66 74
67 13
67 15
67 17
67 21
67 23
67 30
67 32
67 35
67 41
67 44
67 46
67 47
67 53
67 54
67 58
67 61
67 65
67 70
67 71
67 74
68 1
68 4
68 10
68 16
68 29
68 30
68 33
68 43
68 57
68 58
68 59
68 61
68 64
68 65
68 71
68 77
69 1
69 2
69 13
69 15
69 19
69 20
69 21
69 23
69 27
69 30
69 31
69 36
69 47
69 53
69 61
69 66
69 70
69 76
70 5
70 10
70 12
70 14
70 16
70 17
70 19
70 22
70 24
70 27
70 33
70 41
70 45
70 46
70 51
70 53
70 62
70 67
70 68
70 73
71 12
71 13
71 15
71 20
71 27
71 36
71 41
71 42
71 44
71 61
71 62
71 68
71 77
72 4
72 7
72 11
72 13
72 24
72 26
72 33
72 39
72 49
72 50
72 67
72 69
72 70
72 71
72 72
72 78
73 1
73 8
73 18
73 22
73 26
73 32
73 34
73 36
73 42
73 43
73 46
73 47
73 50
73 60
73 62
73 63
73 68
73 72
73 77
74 1
74 8
74 9
74 11
74 12
74 13
74 14
74 15
74 20
74 24
74 28
74 31
74 33
74 39
74 46
74 51
74 60
74 62
74 66
74 67
74 69
74 72
74 74
75 4
75 5
75 12
75 18
75 22
75 25
75 26
75 28
75 41
75 47
75 49
75 50
75 60
75 61
75 69
75 73
75 77
75 78
76 10
76 11
76 13
76 14
76 17
76 19
76 21
76 25
76 26
76 29
76 30
76 31
76 32
76 34
76 41
76 45
76 49
76 50
76 66
76 67
76 70
76 72
76 75
76 76
77 8
77 10
77 12
77 14
77 17
77 19
77 21
77 29
77 39
77 41
77 42
77 49
77 51
77 58
77 61
77 66
77 67
77 69
77 72
77 75
77 79
78 0
78 1
78 2
78 4
78 5
78 8
78 14
78 19
78 20
78 25
78 26
78 32
78 33
78 37
78 38
78 43
78 44
78 45
78 53
78 60
78 63
78 66
78 70
78 74
78 75
79 1
79 3
79 6
79 13
79 24
79 36
79 37
79 39
79 46
79 58
79 67
79 72
79 76
