140
3920
0 3
0 18
0 19
0 28
0 35
0 39
0 44
0 46
0 49
0 55
0 59
0 63
0 65
0 66
0 69
0 73
0 75
0 78
0 79
0 80
0 91
0 92
0 94
0 101
0 111
0 117
0 123
0 128
0 129
0 135
0 139
1 4
1 9
1 21
1 23
1 25
1 33
1 48
1 50
1 55
1 58
1 61
1 63
1 66
1 70
1 75
1 79
1 81
1 92
1 94
1 96
1 115
1 121
1 122
1 131
1 132
1 136
2 2
2 6
2 9
2 14
2 15
2 19
2 21
2 37
2 45
2 48
2 54
2 70
2 75
2 76
2 78
2 86
2 97
2 99
2 100
2 102
2 107
2 109
2 111
2 120
2 122
2 127
2 130
2 136
3 0
3 1
3 6
3 13
3 15
3 20
3 23
3 28
3 43
3 48
3 56
3 61
3 67
3 74
3 80
3 85
3 86
3 88
3 96
3 98
3 103
3 107
3 110
3 114
3 118
3 128
3 131
3 133
4 6
4 8
4 12
4 16
4 24
4 26
4 29
4 33
4 39
4 45
4 49
4 53
4 60
4 61
4 69
4 78
4 85
4 86
4 89
4 91
4 95
4 98
4 100
4 108
4 118
4 122
4 123
4 124
4 133
4 134
5 5
5 6
5 14
5 17
5 24
5 25
5 35
5 43
5 50
5 57
5 64
5 67
5 80
5 88
5 89
5 90
5 93
5 94
5 96
5 97
5 102
5 105
5 109
5 113
5 115
5 117
5 121
5 123
5 124
5 125
5 133
5 139
6 0
6 3
6 7
6 10
6 14
6 16
6 24
6 25
6 32
6 39
6 43
6 54
6 55
6 58
6 59
6 61
6 65
6 69
6 74
6 76
6 82
6 88
6 97
6 98
6 104
6 107
6 112
6 116
6 120
6 122
6 123
6 126
6 135
7 3
7 7
7 13
7 14
7 17
7 19
7 22
7 30
7 31
7 36
7 38
7 64
7 67
7 72
7 74
7 75
7 79
7 80
7 87
7 99
7 103
7 105
7 106
7 108
7 117
7 119
7 121
8 4
8 33
8 56
8 57
8 58
8 59
8 74
8 82
8 85
8 87
8 107
8 125
8 139
9 4
9 9
9 14
9 16
9 18
9 28
9 49
9 53
9 54
9 61
9 67
9 69
9 75
9 81
9 83
9 87
9 90
9 96
9 99
9 101
9 110
9 113
9 119
9 120
9 128
9 131
9 133
9 135
9 139
10 0
10 1
10 7
10 11
10 12
10 22
10 23
10 29
10 35
10 40
10 44
10 52
10 54
10 56
10 59
10 61
10 64
10 66
10 68
10 69
10 90
10 93
10 96
10 101
10 109
10 118
10 120
10 125
10 127
10 128
10 129
10 134
10 136
11 1
11 2
11 8
11 10
11 24
11 27
11 30
11 31
11 36
11 47
11 50
11 57
11 63
11 65
11 67
11 71
11 75
11 77
11 82
11 84
11 112
11 123
11 130
12 7
12 11
12 12
12 24
12 39
12 45
12 52
12 56
12 58
12 60
12 61
12 62
12 70
12 73
12 76
12 80
12 81
12 83
12 86
12 90
12 94
12 99
12 101
12 102
12 104
12 109
12 114
12 116
12 117
12 118
12 120
12 122
12 131
13 0
13 4
13 5
13 10
13 15
13 21
13 26
13 29
13 30
13 32
13 33
13 36
13 39
13 42
13 43
13 48
13 49
13 58
13 59
13 69
13 75
13 83
13 85
13 87
13 93
13 105
13 108
13 113
13 118
13 119
13 121
13 125
13 131
13 139
14 2
14 6
14 8
14 10
14 11
14 15
14 21
14 23
14 27
14 46
14 47
14 56
14 80
14 91
14 92
14 96
14 103
14 107
14 108
14 109
14 118
14 127
15 1
15 6
15 11
15 17
15 24
15 37
15 42
15 52
15 55
15 61
15 67
15 69
15 70
15 72
15 77
15 81
15 86
15 96
15 97
15 100
15 109
15 115
15 120
15 122
15 130
15 134
15 137
15 138
15 139
16 5
16 6
16 16
16 22
16 32
16 36
16 42
16 44
16 47
16 58
16 60
16 61
16 67
16 69
16 84
16 95
16 102
16 105
16 112
16 114
16 124
16 129
17 3
17 5
17 8
17 17
17 20
17 24
17 28
17 30
17 32
17 35
17 36
17 38
17 42
17 43
17 45
17 49
17 52
17 54
17 56
17 59
17 62
17 71
17 75
17 79
17 85
17 87
17 91
17 92
17 110
17 116
17 119
17 126
17 131
18 5
18 8
18 13
18 20
18 23
18 26
18 30
18 33
18 34
18 42
18 47
18 50
18 56
18 59
18 64
18 69
18 72
18 85
18 87
18 92
18 94
18 109
18 127
18 133
18 134
18 138
19 4
19 8
19 14
19 25
19 41
19 48
19 49
19 62
19 65
19 70
19 80
19 88
19 92
19 98
19 111
19 116
19 125
19 128
19 131
19 133
20 32
20 33
20 40
20 41
20 45
20 52
20 62
20 72
20 80
20 85
20 88
20 92
20 95
20 100
20 104
20 105
20 106
20 107
20 117
20 119
20 120
20 121
20 123
20 131
21 1
21 13
21 20
21 22
21 35
21 41
21 46
21 47
21 48
21 50
21 52
21 55
21 58
21 64
21 77
21 79
21 81
21 93
21 95
21 100
21 102
21 103
21 105
21 109
21 110
21 126
21 132
21 134
21 138
22 1
22 3
22 5
22 25
22 26
22 29
22 34
22 36
22 39
22 44
22 54
22 55
22 63
22 64
22 74
22 75
22 81
22 96
22 104
22 109
22 111
22 115
22 126
22 132
23 1
23 2
23 4
23 8
23 17
23 18
23 28
23 30
23 33
23 35
23 36
23 39
23 41
23 49
23 51
23 52
23 54
23 58
23 66
23 67
23 75
23 77
23 79
23 82
23 86
23 88
23 90
23 96
23 100
23 101
23 105
23 106
23 108
23 111
23 112
23 118
23 122
23 128
23 136
24 9
24 11
24 13
24 23
24 33
24 34
24 39
24 44
24 45
24 46
24 48
24 54
24 66
24 67
24 68
24 70
24 71
24 72
24 76
24 77
24 97
24 105
24 107
24 111
24 116
24 117
24 121
24 130
24 131
24 132
24 139
25 3
25 4
25 11
25 18
25 19
25 22
25 28
25 32
25 33
25 36
25 41
25 49
25 56
25 57
25 79
25 83
25 85
25 87
25 90
25 97
25 99
25 109
25 123
25 125
25 126
25 136
25 138
26 8
26 25
26 30
26 36
26 38
26 39
26 40
26 47
26 49
26 53
26 58
26 61
26 76
26 83
26 84
26 88
26 99
26 101
26 103
26 106
26 111
26 115
26 118
26 120
26 122
26 125
26 126
26 136
27 2
27 6
27 12
27 14
27 24
27 25
27 28
27 30
27 32
27 35
27 48
27 55
27 56
27 61
27 73
27 79
27 90
27 94
27 98
27 102
27 107
27 111
27 114
27 116
27 124
27 126
27 127
27 131
27 134
27 135
28 0
28 5
28 10
28 15
28 17
28 19
28 21
28 22
28 27
28 29
28 31
28 33
28 34
28 50
28 57
28 60
28 61
28 64
28 71
28 72
28 74
28 76
28 79
28 94
28 96
28 98
28 103
28 105
28 106
28 117
28 123
28 127
28 133
28 139
29 3
29 8
29 16
29 31
29 35
29 42
29 52
29 56
29 60
29 63
29 70
29 72
29 74
29 75
29 77
29 82
29 83
29 84
29 93
29 96
29 97
29 121
29 122
29 134
29 137
30 17
30 19
30 22
30 34
30 37
30 39
30 44
30 49
30 62
30 64
30 76
30 86
30 100
30 102
30 103
30 107
30 108
30 109
30 115
30 121
30 125
30 128
30 133
30 136
30 139
31 11
31 17
31 21
31 23
31 25
31 26
31 32
31 33
31 35
31 54
31 56
31 61
31 65
31 66
31 70
31 87
31 91
31 97
31 108
31 109
31 116
31 121
31 122
31 127
31 131
31 139
32 4
32 14
32 19
32 20
32 31
32 38
32 47
32 54
32 56
32 64
32 68
32 74
32 76
32 78
32 85
32 95
32 96
32 101
32 110
32 115
32 127
32 129
32 136
32 139
33 0
33 2
33 10
33 13
33 29
33 33
33 39
33 41
33 47
33 55
33 58
33 74
33 75
33 79
33 91
33 96
33 110
33 112
33 120
33 121
33 122
33 130
33 133
33 136
34 1
34 5
34 9
34 22
34 24
34 28
34 41
34 48
34 58
34 60
34 61
34 63
34 68
34 69
34 75
34 76
34 82
34 90
34 93
34 97
34 99
34 100
34 101
34 106
34 108
34 120
34 122
34 132
35 7
35 25
35 36
35 52
35 56
35 57
35 65
35 72
35 74
35 78
35 84
35 85
35 87
35 97
35 103
35 104
35 107
35 109
35 114
35 116
35 117
35 120
35 123
35 125
35 126
35 130
35 134
35 138
36 8
36 24
36 25
36 26
36 43
36 56
36 57
36 58
36 62
36 63
36 68
36 70
36 72
36 77
36 94
36 96
36 99
36 105
36 106
36 109
36 114
36 122
36 125
36 126
36 129
36 132
37 0
37 3
37 4
37 5
37 11
37 13
37 27
37 28
37 36
37 40
37 47
37 49
37 59
37 61
37 72
37 81
37 82
37 86
37 89
37 96
37 97
37 99
37 108
37 109
37 130
37 133
37 135
37 139
38 3
38 20
38 27
38 28
38 30
38 39
38 40
38 44
38 46
38 47
38 56
38 60
38 71
38 72
38 85
38 86
38 93
38 102
38 108
38 111
38 115
38 121
38 122
38 126
38 130
39 7
39 22
39 44
39 46
39 51
39 53
39 60
39 61
39 64
39 66
39 67
39 70
39 83
39 85
39 86
39 89
39 92
39 94
39 100
39 102
39 103
39 108
39 111
39 116
39 117
39 123
39 126
39 130
39 133
40 2
40 5
40 11
40 28
40 29
40 32
40 39
40 40
40 41
40 49
40 61
40 62
40 63
40 67
40 71
40 73
40 75
40 77
40 81
40 89
40 95
40 99
40 100
40 102
40 105
40 111
40 113
40 114
40 118
40 121
40 131
40 135
40 136
41 6
41 8
41 14
41 15
41 23
41 24
41 25
41 47
41 52
41 62
41 63
41 76
41 79
41 84
41 93
41 106
41 109
41 110
41 115
41 121
41 132
41 139
42 4
42 6
42 17
42 21
42 23
42 31
42 40
42 46
42 49
42 52
42 56
42 58
42 72
42 75
42 79
42 98
42 99
42 104
42 105
42 124
42 127
43 17
43 19
43 32
43 38
43 40
43 43
43 49
43 54
43 62
43 68
43 71
43 74
43 94
43 105
43 108
43 109
43 112
43 124
43 129
43 136
43 138
44 0
44 1
44 6
44 10
44 12
44 17
44 25
44 37
44 47
44 49
44 50
44 52
44 91
44 92
44 103
44 121
44 123
44 124
44 131
44 132
44 136
45 2
45 8
45 14
45 22
45 26
45 27
45 40
45 48
45 52
45 55
45 63
45 65
45 67
45 68
45 75
45 76
45 79
45 83
45 84
45 102
45 105
45 110
45 117
45 120
45 121
45 123
46 5
46 7
46 10
46 13
46 15
46 18
46 26
46 28
46 32
46 37
46 47
46 54
46 55
46 56
46 62
46 64
46 67
46 70
46 71
46 75
46 76
46 77
46 80
46 86
46 90
46 93
46 96
46 97
46 99
46 106
46 119
46 126
46 127
46 132
46 133
46 136
46 139
47 7
47 14
47 15
47 31
47 32
47 37
47 38
47 40
47 46
47 48
47 50
47 55
47 58
47 59
47 60
47 63
47 64
47 65
47 73
47 76
47 77
47 97
47 119
47 124
47 129
48 0
48 4
48 6
48 14
48 16
48 23
48 28
48 31
48 42
48 43
48 52
48 53
48 57
48 61
48 71
48 77
48 83
48 87
48 88
48 94
48 98
48 100
48 101
48 112
48 114
48 130
48 131
48 134
48 135
49 0
49 10
49 12
49 17
49 29
49 31
49 38
49 42
49 50
49 64
49 68
49 69
49 70
49 71
49 72
49 73
49 84
49 89
49 93
49 104
49 105
49 108
49 109
49 112
49 116
49 118
49 123
49 129
49 133
49 138
50 14
50 24
50 25
50 27
50 31
50 34
50 35
50 36
50 40
50 50
50 77
50 80
50 83
50 86
50 87
50 96
50 97
50 100
50 116
50 118
50 135
51 4
51 7
51 8
51 15
51 21
51 25
51 26
51 28
51 34
51 58
51 60
51 61
51 75
51 76
51 81
51 91
51 92
51 93
51 102
51 105
51 107
51 112
51 116
51 123
51 127
51 131
51 133
51 139
52 8
52 16
52 24
52 29
52 31
52 33
52 40
52 41
52 60
52 63
52 65
52 73
52 74
52 76
52 84
52 93
52 94
52 100
52 105
52 108
52 115
52 127
52 131
53 5
53 6
53 13
53 14
53 16
53 20
53 27
53 31
53 40
53 41
53 42
53 48
53 49
53 50
53 52
53 58
53 71
53 78
53 80
53 83
53 96
53 100
53 102
53 103
53 111
53 116
54 0
54 7
54 26
54 31
54 32
54 45
54 54
54 58
54 67
54 71
54 72
54 76
54 82
54 85
54 89
54 90
54 95
54 96
54 98
54 119
54 123
54 128
55 0
55 2
55 19
55 20
55 26
55 29
55 34
55 36
55 38
55 42
55 45
55 51
55 65
55 73
55 85
55 86
55 93
55 94
55 98
55 103
55 105
55 108
55 118
55 129
55 130
55 131
56 1
56 3
56 4
56 5
56 8
56 29
56 36
56 39
56 44
56 45
56 51
56 59
56 61
56 62
56 65
56 68
56 69
56 76
56 77
56 85
56 97
56 101
56 106
56 108
56 113
56 114
56 122
56 125
56 131
56 138
57 3
57 5
57 6
57 7
57 10
57 13
57 17
57 19
57 27
57 30
57 37
57 41
57 47
57 50
57 56
57 61
57 64
57 66
57 69
57 70
57 71
57 81
57 83
57 85
57 86
57 95
57 98
57 101
57 111
57 112
57 116
57 139
58 5
58 7
58 13
58 18
58 34
58 35
58 45
58 64
58 68
58 69
58 74
58 76
58 83
58 104
58 107
58 108
58 115
58 116
58 120
58 122
58 124
58 133
58 135
59 4
59 9
59 10
59 17
59 19
59 20
59 27
59 29
59 36
59 38
59 41
59 61
59 65
59 67
59 72
59 76
59 77
59 82
59 84
59 85
59 98
59 103
59 106
59 108
59 110
59 119
59 132
59 134
59 138
59 139
60 2
60 4
60 16
60 23
60 28
60 30
60 33
60 56
60 59
60 60
60 67
60 68
60 71
60 78
60 79
60 83
60 89
60 91
60 96
60 103
60 105
60 107
60 113
60 114
60 118
60 133
61 5
61 6
61 29
61 37
61 41
61 43
61 52
61 60
61 62
61 65
61 67
61 68
61 69
61 74
61 82
61 89
61 102
61 105
61 107
61 112
61 114
61 118
61 129
61 130
62 2
62 18
62 26
62 31
62 42
62 43
62 50
62 57
62 58
62 67
62 69
62 72
62 75
62 77
62 79
62 86
62 94
62 102
62 106
62 114
62 118
62 121
62 136
63 4
63 17
63 18
63 33
63 37
63 39
63 40
63 42
63 45
63 50
63 53
63 54
63 66
63 70
63 76
63 79
63 80
63 84
63 88
63 90
63 103
63 104
63 105
63 110
63 116
63 119
63 120
63 125
63 138
64 8
64 16
64 25
64 27
64 30
64 31
64 34
64 41
64 42
64 53
64 63
64 64
64 65
64 66
64 76
64 79
64 81
64 85
64 92
64 95
64 104
64 121
64 124
64 130
64 138
65 2
65 5
65 7
65 10
65 19
65 20
65 25
65 27
65 28
65 37
65 41
65 42
65 46
65 51
65 67
65 68
65 71
65 87
65 88
65 89
65 91
65 103
65 104
65 107
65 110
65 113
65 121
65 126
65 130
66 8
66 12
66 17
66 21
66 22
66 23
66 24
66 25
66 27
66 28
66 33
66 38
66 46
66 51
66 59
66 67
66 70
66 81
66 82
66 86
66 94
66 95
66 103
66 104
66 113
66 118
66 120
66 124
66 126
66 130
66 132
66 134
66 138
67 3
67 5
67 10
67 13
67 16
67 27
67 32
67 41
67 49
67 53
67 62
67 69
67 70
67 79
67 81
67 91
67 97
67 106
67 109
67 113
67 121
67 123
67 125
67 127
67 128
67 129
67 131
67 133
68 2
68 15
68 17
68 19
68 37
68 40
68 52
68 53
68 55
68 66
68 78
68 85
68 88
68 89
68 92
68 99
68 100
68 105
68 127
68 130
68 138
69 1
69 2
69 11
69 14
69 20
69 24
69 25
69 27
69 28
69 38
69 58
69 61
69 63
69 72
69 84
69 93
69 95
69 96
69 97
69 101
69 102
69 108
69 115
69 116
69 119
69 122
69 130
69 132
69 134
69 135
69 139
70 4
70 6
70 16
70 19
70 26
70 29
70 44
70 48
70 51
70 54
70 64
70 69
70 80
70 90
70 93
70 94
70 95
70 96
70 102
70 103
70 112
70 118
70 121
70 124
70 125
70 130
70 132
70 136
71 4
71 5
71 7
71 14
71 19
71 26
71 35
71 57
71 59
71 63
71 84
71 92
71 96
71 101
71 111
71 116
71 120
71 126
71 131
71 138
71 139
72 2
72 4
72 5
72 18
72 20
72 21
72 25
72 31
72 32
72 40
72 47
72 49
72 52
72 55
72 74
72 75
72 76
72 78
72 85
72 88
72 99
72 102
72 103
72 104
72 107
72 112
72 115
72 117
72 123
72 131
72 139
73 10
73 16
73 26
73 28
73 34
73 36
73 41
73 46
73 51
73 55
73 64
73 75
73 82
73 86
73 89
73 95
73 102
73 106
73 110
73 112
73 113
73 114
73 128
73 131
73 132
73 134
73 138
74 0
74 1
74 3
74 7
74 10
74 11
74 14
74 19
74 20
74 25
74 30
74 33
74 36
74 45
74 47
74 54
74 55
74 57
74 69
74 70
74 77
74 84
74 95
74 99
74 104
74 109
74 122
74 127
74 130
74 134
74 137
75 15
75 24
75 32
75 45
75 49
75 50
75 54
75 62
75 67
75 72
75 77
75 81
75 83
75 87
75 89
75 90
75 94
75 107
75 112
75 117
75 122
75 123
75 125
75 132
75 136
75 137
75 138
76 0
76 1
76 3
76 5
76 12
76 18
76 20
76 21
76 24
76 26
76 30
76 35
76 39
76 44
76 45
76 52
76 56
76 59
76 62
76 63
76 64
76 65
76 66
76 67
76 70
76 71
76 72
76 75
76 78
76 85
76 87
76 93
76 105
76 110
76 114
76 125
76 132
77 6
77 7
77 10
77 18
77 21
77 29
77 31
77 33
77 38
77 40
77 42
77 49
77 95
77 97
77 104
77 108
77 110
77 119
77 120
77 122
77 126
77 128
77 134
77 137
77 139
78 1
78 2
78 13
78 15
78 33
78 38
78 40
78 43
78 47
78 51
78 59
78 60
78 62
78 63
78 65
78 67
78 68
78 73
78 83
78 92
78 95
78 100
78 106
78 107
78 113
78 116
78 117
78 126
78 127
78 128
78 129
78 131
78 133
78 137
79 0
79 5
79 11
79 14
79 26
79 27
79 32
79 43
79 51
79 52
79 57
79 58
79 60
79 61
79 62
79 67
79 72
79 73
79 78
79 79
79 82
79 90
79 91
79 93
79 95
79 102
79 107
79 111
79 113
79 114
79 122
79 123
79 127
79 130
79 132
79 133
79 134
80 2
80 11
80 13
80 14
80 17
80 18
80 26
80 27
80 30
80 33
80 46
80 47
80 48
80 50
80 58
80 71
80 74
80 88
80 92
80 94
80 95
80 99
80 101
80 115
80 119
80 121
80 127
80 132
80 133
80 136
81 2
81 12
81 17
81 21
81 34
81 38
81 52
81 58
81 59
81 60
81 71
81 73
81 76
81 77
81 79
81 95
81 106
81 112
81 117
81 121
81 123
81 128
82 2
82 4
82 7
82 10
82 15
82 25
82 30
82 35
82 37
82 44
82 48
82 49
82 54
82 57
82 58
82 64
82 70
82 74
82 76
82 77
82 78
82 91
82 102
82 107
82 111
82 114
82 118
82 119
82 127
82 130
82 131
83 5
83 11
83 14
83 16
83 17
83 22
83 36
83 43
83 47
83 57
83 60
83 65
83 69
83 72
83 75
83 76
83 82
83 85
83 89
83 92
83 94
83 96
83 104
83 107
83 110
83 119
83 125
83 128
83 129
83 132
83 133
83 134
83 136
84 0
84 14
84 15
84 16
84 17
84 19
84 23
84 26
84 31
84 33
84 34
84 35
84 37
84 42
84 46
84 47
84 50
84 51
84 52
84 54
84 67
84 69
84 70
84 71
84 80
84 94
84 99
84 102
84 103
84 105
84 106
84 112
84 126
84 134
84 135
85 0
85 3
85 17
85 20
85 21
85 35
85 36
85 48
85 63
85 65
85 66
85 69
85 81
85 84
85 85
85 90
85 101
85 103
85 106
85 116
85 119
85 121
85 122
85 130
85 138
86 1
86 2
86 6
86 16
86 21
86 24
86 25
86 28
86 34
86 37
86 50
86 51
86 53
86 59
86 61
86 68
86 69
86 73
86 79
86 82
86 89
86 102
86 104
86 105
86 106
86 112
86 114
86 117
86 131
86 133
86 137
87 2
87 7
87 25
87 33
87 39
87 40
87 47
87 50
87 51
87 57
87 58
87 64
87 67
87 69
87 72
87 76
87 78
87 87
87 90
87 91
87 98
87 101
87 112
87 120
87 128
87 129
87 133
87 134
87 135
88 6
88 7
88 16
88 30
88 31
88 38
88 40
88 43
88 45
88 53
88 60
88 63
88 67
88 75
88 83
88 86
88 87
88 96
88 97
88 103
88 105
88 112
88 114
88 122
88 126
89 0
89 5
89 10
89 19
89 23
89 27
89 31
89 36
89 39
89 44
89 49
89 51
89 60
89 63
89 71
89 73
89 77
89 79
89 81
89 82
89 84
89 98
89 99
89 104
89 106
89 110
89 111
89 113
89 114
89 117
89 126
89 128
89 131
89 133
90 9
90 11
90 13
90 15
90 17
90 22
90 23
90 28
90 30
90 32
90 44
90 46
90 51
90 63
90 69
90 71
90 83
90 95
90 100
90 102
90 103
90 104
90 105
90 107
90 109
90 110
90 112
90 115
90 119
90 121
90 134
90 138
91 2
91 5
91 6
91 8
91 12
91 16
91 29
91 30
91 46
91 53
91 54
91 59
91 60
91 64
91 68
91 75
91 82
91 90
91 97
91 98
91 104
91 106
91 109
91 111
91 117
91 125
91 128
91 130
92 3
92 5
92 19
92 21
92 26
92 28
92 31
92 32
92 41
92 53
92 63
92 66
92 69
92 75
92 83
92 87
92 91
92 92
92 98
92 102
92 104
92 105
92 106
92 107
92 110
92 112
92 131
93 6
93 21
93 22
93 28
93 33
93 37
93 42
93 47
93 51
93 57
93 58
93 64
93 65
93 67
93 78
93 79
93 82
93 99
93 100
93 102
93 104
93 105
93 111
93 119
93 120
93 121
93 127
93 129
93 133
93 136
94 2
94 7
94 9
94 22
94 25
94 34
94 38
94 44
94 46
94 47
94 48
94 51
94 55
94 68
94 70
94 78
94 80
94 81
94 82
94 89
94 108
94 125
94 126
94 127
94 128
94 133
94 134
95 1
95 7
95 13
95 14
95 18
95 23
95 25
95 39
95 43
95 48
95 50
95 55
95 56
95 61
95 64
95 83
95 89
95 94
95 111
95 116
95 122
95 128
96 0
96 5
96 11
96 17
96 20
96 23
96 25
96 30
96 34
96 38
96 41
96 46
96 53
96 54
96 73
96 76
96 79
96 81
96 84
96 88
96 91
96 92
96 93
96 98
96 99
96 104
96 109
96 119
96 124
96 125
96 137
97 2
97 5
97 6
97 9
97 22
97 30
97 35
97 39
97 46
97 51
97 52
97 65
97 66
97 78
97 79
97 87
97 89
97 90
97 93
97 97
97 100
97 101
97 102
97 103
97 112
97 114
97 115
97 123
97 124
97 132
97 138
97 139
98 2
98 4
98 6
98 7
98 8
98 12
98 15
98 27
98 33
98 37
98 40
98 50
98 52
98 55
98 60
98 61
98 62
98 79
98 84
98 89
98 94
98 95
98 96
98 97
98 99
98 115
98 120
98 122
98 131
98 132
98 136
99 5
99 10
99 14
99 20
99 35
99 41
99 51
99 52
99 55
99 58
99 65
99 70
99 71
99 77
99 80
99 85
99 90
99 91
99 99
99 104
99 105
99 107
99 114
99 115
99 135
100 7
100 9
100 11
100 23
100 40
100 42
100 45
100 46
100 54
100 55
100 68
100 73
100 75
100 79
100 81
100 82
100 84
100 92
100 102
100 113
100 118
100 119
100 121
100 122
100 124
100 130
100 132
101 1
101 9
101 17
101 24
101 36
101 37
101 50
101 52
101 53
101 75
101 77
101 93
101 96
101 103
101 105
101 107
101 113
101 115
101 116
101 122
101 139
102 11
102 12
102 13
102 17
102 23
102 29
102 30
102 32
102 37
102 38
102 42
102 47
102 55
102 59
102 60
102 64
102 72
102 81
102 83
102 94
102 100
102 110
102 115
102 117
102 120
102 125
102 135
102 137
103 1
103 3
103 9
103 21
103 22
103 31
103 32
103 45
103 47
103 48
103 50
103 51
103 59
103 62
103 63
103 77
103 78
103 84
103 92
103 95
103 99
103 100
103 103
103 104
103 113
103 117
103 123
103 127
103 137
103 138
104 0
104 12
104 18
104 26
104 33
104 34
104 36
104 38
104 39
104 48
104 52
104 57
104 59
104 63
104 66
104 79
104 80
104 87
104 94
104 101
104 105
104 108
104 109
104 120
104 121
104 126
105 7
105 8
105 10
105 12
105 18
105 23
105 25
105 43
105 48
105 57
105 62
105 66
105 67
105 69
105 72
105 80
105 81
105 85
105 87
105 89
105 91
105 103
105 107
105 113
105 121
105 124
105 134
105 136
106 1
106 4
106 18
106 22
106 30
106 32
106 39
106 40
106 43
106 47
106 66
106 70
106 72
106 75
106 76
106 77
106 82
106 101
106 102
106 104
106 108
106 110
106 113
106 115
106 124
106 125
106 136
107 0
107 1
107 2
107 3
107 11
107 14
107 25
107 26
107 32
107 34
107 35
107 37
107 51
107 56
107 57
107 60
107 63
107 66
107 67
107 72
107 75
107 80
107 83
107 84
107 92
107 97
107 107
107 115
107 116
107 118
107 122
107 124
107 134
107 137
107 139
108 1
108 8
108 11
108 12
108 13
108 15
108 20
108 24
108 28
108 41
108 53
108 54
108 55
108 60
108 67
108 75
108 82
108 93
108 108
108 110
108 113
108 115
108 118
108 130
108 135
109 4
109 9
109 10
109 17
109 18
109 22
109 27
109 31
109 32
109 34
109 36
109 44
109 45
109 48
109 49
109 52
109 53
109 54
109 60
109 61
109 63
109 68
109 70
109 73
109 85
109 92
109 101
109 103
109 110
109 112
109 113
109 115
109 116
109 120
109 128
109 131
109 133
110 17
110 33
110 36
110 43
110 45
110 46
110 55
110 61
110 70
110 73
110 77
110 78
110 80
110 83
110 94
110 96
110 98
110 99
110 107
110 109
110 115
110 116
110 119
110 122
110 125
110 135
110 136
111 1
111 2
111 22
111 29
111 33
111 36
111 38
111 42
111 55
111 58
111 64
111 70
111 74
111 82
111 88
111 91
111 93
111 99
111 108
111 109
111 116
111 126
111 130
111 139
112 10
112 15
112 17
112 28
112 31
112 38
112 39
112 78
112 83
112 84
112 91
112 92
112 105
112 106
112 107
112 108
112 115
112 117
112 124
112 134
112 135
113 4
113 7
113 18
113 19
113 34
113 37
113 44
113 52
113 56
113 57
113 61
113 74
113 84
113 101
113 103
113 106
113 107
113 110
113 112
113 113
113 119
113 122
113 126
113 128
113 130
113 138
114 0
114 6
114 7
114 15
114 19
114 23
114 26
114 31
114 32
114 50
114 69
114 78
114 81
114 82
114 89
114 90
114 92
114 93
114 96
114 108
114 109
114 111
114 123
114 136
115 2
115 10
115 13
115 15
115 16
115 17
115 23
115 34
115 39
115 40
115 42
115 43
115 52
115 55
115 70
115 74
115 81
115 82
115 85
115 102
115 104
115 109
115 111
115 114
115 121
115 134
115 135
115 138
116 4
116 5
116 6
116 7
116 9
116 11
116 12
116 18
116 20
116 21
116 23
116 25
116 33
116 36
116 37
116 38
116 43
116 46
116 53
116 56
116 58
116 59
116 60
116 64
116 70
116 75
116 77
116 86
116 96
116 98
116 105
116 108
116 109
116 114
116 116
116 121
116 133
117 3
117 7
117 11
117 12
117 14
117 17
117 22
117 25
117 35
117 37
117 40
117 43
117 50
117 56
117 62
117 65
117 67
117 73
117 85
117 91
117 92
117 93
117 97
117 100
117 112
117 114
117 117
117 119
117 131
117 136
118 13
118 16
118 17
118 19
118 21
118 28
118 41
118 42
118 47
118 50
118 56
118 59
118 63
118 67
118 70
118 74
118 77
118 78
118 81
118 86
118 88
118 90
118 94
118 125
118 132
118 134
118 137
119 4
119 8
119 12
119 14
119 17
119 18
119 20
119 21
119 26
119 31
119 33
119 34
119 57
119 62
119 63
119 66
119 74
119 79
119 80
119 85
119 87
119 89
119 91
119 100
119 103
119 108
119 116
119 121
119 128
119 133
119 138
120 10
120 19
120 20
120 23
120 25
120 32
120 37
120 40
120 44
120 53
120 60
120 61
120 66
120 67
120 69
120 76
120 87
120 89
120 98
120 100
120 106
120 107
120 110
120 111
120 113
120 115
120 118
120 125
120 127
120 134
120 135
120 139
121 3
121 14
121 15
121 17
121 29
121 33
121 37
121 38
121 42
121 43
121 44
121 55
121 57
121 58
121 64
121 72
121 73
121 81
121 88
121 100
121 101
121 102
121 109
121 118
121 119
121 122
121 123
121 126
122 0
122 2
122 13
122 18
122 30
122 32
122 37
122 38
122 49
122 50
122 51
122 54
122 59
122 63
122 68
122 69
122 71
122 72
122 77
122 78
122 79
122 84
122 88
122 92
122 98
122 102
122 103
122 108
122 110
122 114
122 116
122 128
122 139
123 0
123 7
123 13
123 21
123 22
123 26
123 30
123 40
123 49
123 57
123 62
123 63
123 64
123 67
123 69
123 71
123 73
123 80
123 88
123 89
123 90
123 97
123 104
123 106
123 109
123 117
123 118
123 120
123 125
123 126
123 131
123 132
123 134
123 138
124 5
124 6
124 7
124 10
124 12
124 14
124 15
124 20
124 21
124 37
124 41
124 42
124 43
124 50
124 52
124 54
124 57
124 62
124 64
124 80
124 81
124 85
124 89
124 90
124 92
124 93
124 95
124 99
124 102
124 104
124 106
124 108
124 109
124 115
124 117
124 118
124 123
124 124
124 126
124 129
124 130
124 135
125 2
125 3
125 12
125 13
125 15
125 18
125 23
125 43
125 63
125 68
125 71
125 79
125 84
125 92
125 96
125 98
125 100
125 107
125 128
125 129
125 135
125 136
125 138
126 11
126 14
126 20
126 32
126 34
126 36
126 38
126 39
126 42
126 43
126 47
126 52
126 58
126 60
126 61
126 66
126 67
126 69
126 70
126 78
126 79
126 82
126 86
126 87
126 91
126 109
126 118
126 120
126 122
126 124
126 126
126 132
127 0
127 5
127 9
127 10
127 24
127 29
127 31
127 32
127 39
127 41
127 46
127 48
127 53
127 69
127 72
127 87
127 88
127 91
127 93
127 94
127 98
127 103
127 110
127 114
127 115
127 116
127 132
127 133
127 134
127 139
128 0
128 5
128 13
128 17
128 18
128 21
128 23
128 31
128 32
128 33
128 36
128 45
128 60
128 61
128 64
128 74
128 83
128 85
128 92
128 116
128 118
128 125
128 137
129 1
129 2
129 8
129 11
129 12
129 13
129 27
129 33
129 37
129 43
129 46
129 49
129 56
129 62
129 69
129 70
129 85
129 89
129 90
129 97
129 100
129 101
129 110
129 111
129 114
129 127
129 129
129 131
129 136
130 0
130 2
130 6
130 15
130 19
130 34
130 35
130 42
130 43
130 50
130 96
130 98
130 100
130 105
130 106
130 115
130 116
130 122
131 9
131 13
131 20
131 21
131 27
131 29
131 34
131 39
131 42
131 45
131 47
131 50
131 62
131 65
131 70
131 72
131 76
131 79
131 80
131 85
131 87
131 89
131 99
131 106
131 114
131 115
131 120
131 122
131 134
131 136
131 137
132 0
132 1
132 6
132 8
132 12
132 23
132 25
132 44
132 48
132 50
132 53
132 54
132 55
132 63
132 65
132 69
132 90
132 107
132 124
132 129
133 10
133 18
133 23
133 25
133 29
133 30
133 33
133 36
133 39
133 44
133 50
133 54
133 57
133 67
133 73
133 74
133 79
133 80
133 82
133 83
133 84
133 89
133 91
133 94
133 100
133 110
133 115
133 118
133 119
133 132
134 1
134 2
134 3
134 15
134 17
134 18
134 23
134 24
134 30
134 35
134 36
134 37
134 38
134 41
134 44
134 50
134 58
134 64
134 67
134 75
134 85
134 96
134 104
134 105
134 116
134 117
134 119
134 126
134 128
134 134
134 135
135 0
135 6
135 16
135 17
135 20
135 23
135 30
135 33
135 34
135 37
135 39
135 44
135 45
135 48
135 52
135 61
135 64
135 75
135 79
135 80
135 87
135 90
135 95
135 96
135 98
135 104
135 113
135 119
135 120
135 122
135 123
135 124
135 129
135 130
135 133
135 135
136 0
136 3
136 4
136 7
136 22
136 32
136 36
136 41
136 45
136 51
136 58
136 62
136 63
136 71
136 76
136 84
136 86
136 87
136 93
136 104
136 107
136 110
136 112
136 120
136 124
136 130
137 2
137 3
137 8
137 12
137 13
137 18
137 19
137 31
137 33
137 35
137 52
137 56
137 59
137 63
137 72
137 75
137 77
137 78
137 79
137 85
137 88
137 89
137 95
137 98
137 104
137 105
137 109
137 126
137 127
137 130
137 132
138 0
138 7
138 10
138 13
138 14
138 16
138 18
138 20
138 24
138 25
138 27
138 31
138 33
138 34
138 36
138 43
138 48
138 49
138 51
138 61
138 71
138 75
138 89
138 90
138 128
138 129
139 6
139 7
139 15
139 18
139 22
139 29
139 37
139 38
139 42
139 43
139 49
139 51
139 68
139 74
139 75
139 76
139 83
139 85
139 88
139 89
139 95
139 107
139 112
139 121
139 127
139 128
139 131
