240
11520
0 5
0 10
0 12
0 17
0 20
0 26
0 30
0 38
0 40
0 47
0 56
0 72
0 75
0 79
0 81
0 88
0 89
0 93
0 101
0 107
0 108
0 112
0 114
0 115
0 117
0 121
0 124
0 125
0 128
0 133
0 134
0 140
0 142
0 144
0 148
0 167
0 170
0 171
0 173
0 175
0 177
0 187
0 192
0 195
0 197
0 198
0 200
0 204
0 220
0 222
0 228
0 230
0 232
0 236
1 6
1 7
1 8
1 16
1 18
1 20
1 32
1 33
1 46
1 58
1 65
1 67
1 72
1 76
1 80
1 89
1 93
1 95
1 98
1 101
1 110
1 113
1 116
1 117
1 118
1 121
1 152
1 155
1 169
1 172
1 176
1 183
1 197
1 200
1 201
1 204
1 206
1 210
1 212
1 216
1 217
1 221
1 229
1 230
1 232
1 233
2 6
2 13
2 17
2 24
2 28
2 31
2 35
2 36
2 37
2 38
2 42
2 45
2 64
2 65
2 71
2 78
2 80
2 87
2 98
2 100
2 101
2 104
2 108
2 113
2 115
2 120
2 123
2 140
2 146
2 153
2 159
2 176
2 185
2 188
2 193
2 194
2 207
2 215
2 221
2 230
2 237
2 238
3 1
3 3
3 12
3 14
3 15
3 22
3 24
3 25
3 28
3 39
3 53
3 55
3 58
3 59
3 64
3 69
3 74
3 80
3 84
3 91
3 102
3 107
3 108
3 110
3 122
3 126
3 129
3 131
3 133
3 134
3 136
3 141
3 143
3 156
3 159
3 174
3 176
3 196
3 213
3 215
3 217
3 224
3 231
3 232
3 235
4 6
4 19
4 38
4 41
4 43
4 47
4 50
4 54
4 70
4 73
4 77
4 84
4 85
4 87
4 91
4 93
4 97
4 101
4 104
4 106
4 107
4 110
4 117
4 122
4 125
4 126
4 132
4 134
4 137
4 154
4 161
4 166
4 169
4 192
4 205
4 210
4 212
4 214
4 218
4 219
4 222
4 224
4 225
4 229
5 0
5 2
5 9
5 10
5 24
5 26
5 34
5 42
5 50
5 54
5 55
5 62
5 65
5 67
5 69
5 77
5 79
5 84
5 85
5 106
5 108
5 115
5 122
5 126
5 129
5 135
5 141
5 149
5 152
5 153
5 155
5 164
5 167
5 168
5 169
5 173
5 181
5 185
5 186
5 188
5 189
5 191
5 194
5 197
5 200
5 216
5 217
5 224
5 231
6 1
6 2
6 3
6 10
6 13
6 20
6 21
6 23
6 24
6 27
6 29
6 31
6 32
6 37
6 46
6 48
6 54
6 55
6 59
6 61
6 62
6 63
6 67
6 69
6 73
6 78
6 81
6 93
6 97
6 101
6 106
6 122
6 126
6 130
6 131
6 135
6 136
6 144
6 148
6 175
6 176
6 178
6 183
6 194
6 199
6 207
6 210
6 212
6 213
6 215
6 222
6 224
6 230
6 236
7 3
7 8
7 10
7 15
7 29
7 30
7 35
7 36
7 40
7 55
7 73
7 74
7 79
7 85
7 96
7 102
7 104
7 107
7 108
7 111
7 112
7 118
7 123
7 130
7 131
7 132
7 143
7 183
7 186
7 188
7 192
7 193
7 204
7 205
7 206
7 207
7 215
7 226
7 228
7 237
7 238
8 5
8 7
8 9
8 15
8 39
8 48
8 55
8 56
8 57
8 62
8 69
8 71
8 75
8 84
8 86
8 93
8 95
8 96
8 100
8 104
8 114
8 116
8 127
8 129
8 139
8 141
8 143
8 144
8 146
8 149
8 150
8 153
8 154
8 157
8 160
8 163
8 164
8 165
8 174
8 176
8 185
8 186
8 187
8 189
8 193
8 202
8 206
8 213
8 225
8 233
9 0
9 1
9 2
9 11
9 16
9 19
9 24
9 25
9 31
9 36
9 39
9 40
9 58
9 65
9 70
9 81
9 83
9 96
9 99
9 101
9 104
9 108
9 112
9 118
9 119
9 120
9 123
9 125
9 129
9 134
9 137
9 141
9 153
9 155
9 162
9 163
9 165
9 168
9 171
9 178
9 185
9 196
9 211
9 217
9 220
9 226
9 227
10 0
10 1
10 11
10 19
10 25
10 26
10 27
10 33
10 38
10 39
10 41
10 43
10 49
10 52
10 54
10 58
10 64
10 96
10 104
10 107
10 111
10 116
10 120
10 121
10 130
10 135
10 138
10 140
10 146
10 148
10 151
10 154
10 166
10 171
10 173
10 174
10 177
10 191
10 192
10 194
10 200
10 204
10 208
10 210
10 219
10 220
10 227
10 232
11 9
11 12
11 16
11 24
11 29
11 31
11 35
11 39
11 45
11 56
11 63
11 67
11 69
11 80
11 86
11 92
11 111
11 112
11 117
11 124
11 127
11 134
11 135
11 139
11 145
11 147
11 150
11 162
11 163
11 168
11 174
11 176
11 182
11 192
11 202
11 213
11 218
11 221
11 222
11 226
11 235
11 238
12 2
12 7
12 8
12 18
12 21
12 40
12 41
12 44
12 51
12 53
12 60
12 61
12 70
12 77
12 80
12 81
12 88
12 95
12 114
12 117
12 119
12 123
12 124
12 126
12 130
12 131
12 143
12 149
12 158
12 163
12 173
12 181
12 182
12 192
12 193
12 196
12 197
12 198
12 202
12 212
12 213
12 222
12 224
12 235
12 236
13 2
13 5
13 8
13 11
13 15
13 28
13 30
13 31
13 41
13 50
13 57
13 60
13 74
13 77
13 83
13 85
13 86
13 87
13 91
13 99
13 114
13 120
13 122
13 131
13 135
13 151
13 153
13 154
13 155
13 156
13 161
13 164
13 173
13 185
13 190
13 191
13 196
13 203
13 217
13 226
13 229
13 238
13 239
14 3
14 7
14 11
14 13
14 20
14 21
14 23
14 25
14 30
14 34
14 35
14 39
14 40
14 45
14 50
14 52
14 53
14 54
14 56
14 59
14 75
14 77
14 89
14 94
14 99
14 104
14 105
14 107
14 109
14 113
14 119
14 124
14 134
14 135
14 143
14 158
14 161
14 169
14 171
14 172
14 180
14 185
14 186
14 187
14 193
14 198
14 201
14 209
14 213
14 214
14 231
15 0
15 6
15 13
15 24
15 26
15 39
15 41
15 51
15 52
15 58
15 64
15 68
15 69
15 70
15 77
15 79
15 83
15 92
15 98
15 106
15 116
15 117
15 124
15 129
15 131
15 133
15 134
15 137
15 139
15 141
15 146
15 149
15 151
15 152
15 154
15 155
15 159
15 165
15 169
15 173
15 180
15 181
15 185
15 189
15 194
15 198
15 201
15 204
15 207
15 212
15 218
15 220
15 224
15 229
15 231
15 235
16 0
16 1
16 2
16 6
16 15
16 19
16 21
16 27
16 34
16 40
16 41
16 42
16 44
16 45
16 46
16 54
16 58
16 59
16 67
16 73
16 81
16 85
16 89
16 93
16 99
16 100
16 114
16 122
16 123
16 130
16 131
16 134
16 136
16 137
16 139
16 142
16 151
16 156
16 158
16 164
16 166
16 169
16 172
16 175
16 179
16 185
16 197
16 201
16 207
16 208
16 209
16 211
16 212
16 213
16 215
16 223
16 227
16 228
16 229
16 230
16 231
17 0
17 2
17 27
17 30
17 31
17 34
17 37
17 41
17 44
17 46
17 57
17 58
17 60
17 69
17 72
17 86
17 92
17 95
17 96
17 98
17 99
17 109
17 112
17 118
17 122
17 128
17 136
17 144
17 160
17 163
17 166
17 167
17 169
17 177
17 181
17 184
17 195
17 196
17 206
17 211
17 218
17 219
17 221
17 224
17 225
17 228
18 4
18 12
18 13
18 14
18 21
18 22
18 25
18 28
18 30
18 31
18 36
18 39
18 43
18 45
18 48
18 54
18 63
18 64
18 65
18 78
18 79
18 81
18 94
18 111
18 113
18 120
18 121
18 127
18 138
18 139
18 146
18 152
18 158
18 163
18 168
18 173
18 174
18 179
18 181
18 183
18 185
18 186
18 190
18 191
18 192
18 194
18 198
18 202
18 206
18 208
18 213
18 216
18 217
18 218
18 226
18 233
18 234
19 1
19 2
19 3
19 8
19 19
19 29
19 34
19 47
19 51
19 53
19 63
19 74
19 76
19 87
19 90
19 94
19 104
19 109
19 112
19 115
19 118
19 124
19 130
19 137
19 142
19 158
19 159
19 160
19 161
19 168
19 169
19 182
19 185
19 186
19 188
19 189
19 190
19 194
19 196
19 199
19 208
19 212
19 217
19 224
19 227
19 230
19 236
20 4
20 5
20 12
20 14
20 28
20 35
20 39
20 47
20 50
20 52
20 58
20 61
20 77
20 83
20 85
20 92
20 102
20 110
20 116
20 141
20 143
20 144
20 148
20 161
20 172
20 179
20 184
20 186
20 198
20 210
20 229
20 230
20 233
20 235
20 237
20 238
21 3
21 7
21 9
21 22
21 26
21 30
21 36
21 37
21 45
21 52
21 57
21 60
21 63
21 64
21 83
21 85
21 86
21 89
21 90
21 93
21 99
21 101
21 104
21 106
21 107
21 111
21 112
21 114
21 116
21 120
21 123
21 124
21 127
21 140
21 141
21 144
21 145
21 146
21 147
21 152
21 153
21 156
21 168
21 172
21 174
21 184
21 185
21 189
21 192
21 194
21 217
21 221
21 232
21 233
21 234
22 9
22 10
22 11
22 21
22 23
22 29
22 39
22 58
22 60
22 66
22 67
22 70
22 71
22 79
22 83
22 87
22 88
22 89
22 93
22 94
22 96
22 97
22 100
22 102
22 105
22 106
22 109
22 110
22 111
22 112
22 118
22 120
22 122
22 126
22 128
22 131
22 132
22 134
22 135
22 136
22 139
22 140
22 142
22 143
22 161
22 164
22 165
22 170
22 172
22 177
22 178
22 180
22 181
22 187
22 194
22 197
22 207
22 214
22 222
22 224
22 231
22 235
23 1
23 6
23 8
23 14
23 23
23 25
23 33
23 44
23 47
23 50
23 60
23 65
23 69
23 72
23 76
23 92
23 97
23 100
23 103
23 108
23 109
23 115
23 118
23 121
23 124
23 126
23 129
23 134
23 138
23 141
23 146
23 150
23 157
23 158
23 160
23 164
23 168
23 170
23 171
23 192
23 198
23 208
23 209
23 216
23 229
23 231
23 235
23 237
24 2
24 8
24 24
24 29
24 32
24 36
24 43
24 45
24 47
24 58
24 61
24 74
24 78
24 82
24 88
24 91
24 98
24 101
24 106
24 110
24 117
24 121
24 123
24 126
24 127
24 129
24 131
24 135
24 136
24 137
24 138
24 139
24 147
24 154
24 156
24 157
24 170
24 174
24 176
24 185
24 189
24 192
24 211
24 221
24 222
24 224
24 227
24 229
24 236
25 16
25 18
25 19
25 21
25 25
25 29
25 34
25 38
25 50
25 60
25 63
25 64
25 70
25 71
25 74
25 80
25 82
25 83
25 84
25 86
25 87
25 92
25 93
25 96
25 99
25 101
25 105
25 106
25 111
25 119
25 124
25 125
25 126
25 145
25 147
25 148
25 150
25 152
25 154
25 157
25 166
25 167
25 169
25 175
25 182
25 183
25 190
25 194
25 196
25 197
25 223
25 227
25 237
26 6
26 8
26 19
26 20
26 26
26 28
26 32
26 40
26 46
26 49
26 54
26 55
26 61
26 64
26 86
26 87
26 90
26 95
26 96
26 97
26 108
26 115
26 136
26 138
26 139
26 144
26 147
26 150
26 152
26 157
26 158
26 162
26 166
26 172
26 173
26 176
26 180
26 190
26 199
26 204
26 208
26 214
26 222
26 224
26 228
26 231
26 233
26 235
26 237
27 2
27 15
27 22
27 29
27 39
27 45
27 47
27 52
27 57
27 68
27 71
27 75
27 77
27 84
27 88
27 100
27 104
27 113
27 127
27 128
27 133
27 136
27 140
27 141
27 144
27 145
27 147
27 148
27 155
27 170
27 173
27 174
27 175
27 178
27 179
27 186
27 188
27 194
27 204
27 206
27 208
27 210
27 214
27 220
27 225
27 229
27 230
27 235
28 4
28 6
28 10
28 13
28 39
28 46
28 58
28 65
28 67
28 76
28 80
28 83
28 84
28 102
28 108
28 112
28 115
28 118
28 120
28 122
28 135
28 146
28 148
28 151
28 160
28 167
28 171
28 175
28 179
28 181
28 188
28 203
28 205
28 213
28 221
28 225
28 229
28 231
28 238
29 3
29 5
29 17
29 39
29 49
29 53
29 56
29 58
29 59
29 66
29 70
29 83
29 89
29 94
29 106
29 112
29 113
29 114
29 122
29 126
29 137
29 139
29 143
29 145
29 146
29 151
29 152
29 159
29 162
29 171
29 175
29 182
29 192
29 196
29 201
29 202
29 209
29 215
29 222
29 224
29 235
30 3
30 6
30 12
30 14
30 20
30 28
30 34
30 40
30 42
30 54
30 59
30 62
30 63
30 68
30 74
30 77
30 79
30 83
30 86
30 96
30 97
30 103
30 104
30 108
30 110
30 115
30 120
30 122
30 126
30 127
30 136
30 151
30 155
30 156
30 172
30 178
30 184
30 191
30 192
30 193
30 196
30 200
30 203
30 207
30 208
30 210
30 217
30 220
30 221
30 222
30 223
30 228
30 235
30 239
31 4
31 13
31 33
31 38
31 41
31 42
31 43
31 61
31 63
31 64
31 72
31 82
31 87
31 88
31 112
31 113
31 120
31 121
31 125
31 126
31 130
31 135
31 141
31 144
31 150
31 161
31 165
31 166
31 168
31 188
31 192
31 199
31 202
31 205
31 206
31 209
31 216
31 218
31 220
31 233
31 239
32 0
32 7
32 10
32 19
32 22
32 25
32 27
32 28
32 39
32 40
32 45
32 47
32 51
32 52
32 55
32 59
32 60
32 61
32 72
32 73
32 76
32 78
32 79
32 81
32 92
32 94
32 95
32 100
32 101
32 105
32 108
32 111
32 112
32 121
32 125
32 130
32 133
32 135
32 139
32 145
32 147
32 151
32 152
32 154
32 158
32 161
32 168
32 169
32 182
32 183
32 187
32 189
32 192
32 194
32 206
32 216
32 220
32 226
32 228
32 231
33 3
33 7
33 11
33 13
33 17
33 25
33 38
33 39
33 40
33 41
33 43
33 50
33 51
33 52
33 53
33 62
33 72
33 80
33 81
33 92
33 94
33 101
33 109
33 111
33 118
33 131
33 133
33 137
33 146
33 150
33 152
33 160
33 164
33 170
33 185
33 187
33 191
33 192
33 202
33 203
33 206
33 209
33 212
33 214
33 224
33 229
33 234
33 235
33 237
33 238
33 239
34 1
34 6
34 7
34 8
34 10
34 22
34 25
34 29
34 30
34 33
34 35
34 38
34 45
34 46
34 49
34 51
34 52
34 57
34 58
34 59
34 65
34 66
34 69
34 85
34 87
34 90
34 96
34 97
34 99
34 111
34 112
34 115
34 136
34 137
34 143
34 145
34 147
34 148
34 150
34 157
34 158
34 160
34 162
34 165
34 169
34 171
34 173
34 176
34 178
34 186
34 194
34 197
34 198
34 206
34 209
34 216
34 218
34 223
34 227
34 231
34 239
35 0
35 6
35 14
35 21
35 22
35 29
35 33
35 34
35 35
35 37
35 43
35 61
35 66
35 69
35 73
35 80
35 83
35 85
35 86
35 87
35 88
35 89
35 99
35 104
35 105
35 108
35 117
35 119
35 126
35 129
35 131
35 137
35 139
35 142
35 143
35 154
35 159
35 161
35 166
35 172
35 173
35 175
35 190
35 218
35 220
35 230
35 231
35 232
35 235
36 2
36 10
36 16
36 28
36 31
36 38
36 46
36 49
36 54
36 55
36 57
36 61
36 68
36 70
36 92
36 97
36 98
36 99
36 108
36 119
36 120
36 130
36 136
36 141
36 144
36 145
36 146
36 147
36 156
36 162
36 163
36 164
36 167
36 173
36 174
36 175
36 188
36 197
36 201
36 214
36 221
36 224
36 232
36 234
36 237
36 239
37 16
37 23
37 24
37 31
37 32
37 33
37 48
37 49
37 51
37 60
37 62
37 76
37 78
37 79
37 81
37 84
37 85
37 86
37 87
37 89
37 94
37 95
37 101
37 104
37 108
37 109
37 113
37 114
37 118
37 123
37 132
37 140
37 142
37 148
37 155
37 170
37 173
37 174
37 179
37 182
37 184
37 187
37 200
37 207
37 211
37 212
37 220
37 224
37 231
37 235
37 236
38 0
38 2
38 3
38 38
38 39
38 41
38 49
38 57
38 70
38 83
38 84
38 86
38 87
38 95
38 97
38 100
38 101
38 103
38 107
38 109
38 114
38 115
38 119
38 121
38 124
38 126
38 133
38 138
38 144
38 145
38 148
38 150
38 153
38 156
38 160
38 162
38 179
38 180
38 182
38 192
38 194
38 200
38 202
38 207
38 210
38 211
38 221
38 223
38 224
38 235
38 238
39 3
39 7
39 18
39 21
39 27
39 29
39 32
39 38
39 47
39 54
39 60
39 68
39 82
39 86
39 87
39 88
39 89
39 91
39 92
39 103
39 106
39 109
39 110
39 111
39 118
39 121
39 131
39 138
39 139
39 144
39 149
39 151
39 153
39 168
39 179
39 184
39 192
39 194
39 207
39 208
39 214
39 225
39 229
39 236
39 239
40 9
40 10
40 26
40 35
40 37
40 41
40 51
40 52
40 54
40 55
40 57
40 58
40 63
40 70
40 82
40 88
40 91
40 102
40 104
40 107
40 113
40 128
40 136
40 138
40 141
40 142
40 144
40 145
40 150
40 161
40 168
40 172
40 173
40 175
40 178
40 180
40 191
40 201
40 205
40 215
40 218
40 225
40 237
40 238
41 3
41 4
41 9
41 10
41 16
41 18
41 24
41 26
41 33
41 39
41 57
41 60
41 64
41 69
41 71
41 72
41 77
41 79
41 81
41 85
41 95
41 98
41 107
41 110
41 111
41 120
41 121
41 123
41 127
41 132
41 141
41 145
41 146
41 154
41 156
41 160
41 167
41 172
41 174
41 175
41 176
41 183
41 184
41 187
41 190
41 193
41 199
41 206
41 213
41 225
41 227
41 235
41 239
42 4
42 8
42 9
42 11
42 14
42 16
42 22
42 32
42 65
42 66
42 70
42 76
42 85
42 88
42 91
42 100
42 103
42 104
42 106
42 111
42 115
42 120
42 127
42 135
42 145
42 147
42 149
42 153
42 159
42 172
42 176
42 181
42 185
42 195
42 199
42 208
42 210
42 213
42 218
42 236
43 1
43 4
43 10
43 12
43 16
43 26
43 33
43 34
43 39
43 42
43 54
43 72
43 75
43 78
43 82
43 86
43 88
43 89
43 92
43 95
43 96
43 97
43 98
43 101
43 103
43 110
43 111
43 114
43 117
43 118
43 121
43 124
43 129
43 132
43 133
43 140
43 144
43 146
43 151
43 152
43 157
43 158
43 162
43 173
43 176
43 178
43 180
43 183
43 190
43 192
43 195
43 196
43 197
43 200
43 202
43 203
43 204
43 205
43 208
43 218
43 224
43 227
44 6
44 9
44 11
44 14
44 17
44 19
44 24
44 26
44 30
44 32
44 35
44 37
44 39
44 60
44 65
44 66
44 69
44 70
44 72
44 74
44 77
44 79
44 100
44 109
44 117
44 119
44 129
44 132
44 134
44 138
44 140
44 143
44 148
44 168
44 169
44 193
44 210
44 214
44 216
44 224
44 228
44 237
44 239
45 3
45 9
45 11
45 17
45 23
45 25
45 42
45 43
45 48
45 54
45 55
45 56
45 60
45 63
45 64
45 72
45 74
45 75
45 78
45 79
45 87
45 90
45 99
45 100
45 101
45 102
45 107
45 110
45 113
45 119
45 120
45 124
45 125
45 134
45 142
45 144
45 149
45 151
45 163
45 167
45 171
45 174
45 176
45 178
45 182
45 188
45 192
45 198
45 209
45 212
45 214
45 215
45 220
45 225
45 226
46 10
46 15
46 17
46 21
46 25
46 27
46 28
46 30
46 34
46 40
46 43
46 45
46 52
46 57
46 66
46 69
46 70
46 76
46 77
46 79
46 82
46 89
46 90
46 92
46 106
46 107
46 108
46 111
46 112
46 115
46 116
46 137
46 138
46 139
46 150
46 156
46 159
46 161
46 173
46 177
46 179
46 185
46 187
46 194
46 209
46 216
46 218
46 223
46 224
46 228
46 233
46 234
46 235
47 10
47 21
47 31
47 37
47 42
47 43
47 47
47 48
47 62
47 64
47 67
47 69
47 74
47 75
47 76
47 96
47 103
47 110
47 119
47 122
47 125
47 128
47 133
47 134
47 138
47 147
47 152
47 154
47 156
47 157
47 173
47 176
47 178
47 181
47 184
47 189
47 191
47 193
47 199
47 200
47 201
47 203
47 206
47 211
47 213
47 216
47 217
47 223
47 224
47 235
47 236
48 1
48 4
48 6
48 10
48 14
48 15
48 17
48 22
48 24
48 26
48 38
48 39
48 40
48 42
48 48
48 49
48 50
48 51
48 64
48 69
48 75
48 80
48 81
48 87
48 93
48 96
48 104
48 112
48 115
48 120
48 122
48 127
48 135
48 161
48 163
48 166
48 167
48 169
48 172
48 188
48 189
48 199
48 202
48 206
48 211
48 212
48 216
48 218
48 225
48 235
48 239
49 3
49 5
49 8
49 10
49 11
49 22
49 23
49 26
49 31
49 36
49 38
49 39
49 40
49 43
49 44
49 49
49 50
49 53
49 55
49 67
49 68
49 80
49 85
49 90
49 95
49 96
49 97
49 105
49 107
49 110
49 111
49 112
49 116
49 122
49 124
49 128
49 134
49 137
49 138
49 139
49 148
49 149
49 162
49 166
49 167
49 168
49 173
49 189
49 195
49 210
49 215
49 217
49 223
49 224
49 226
49 232
49 234
49 239
50 5
50 6
50 15
50 25
50 30
50 32
50 41
50 48
50 56
50 61
50 64
50 68
50 69
50 72
50 82
50 83
50 89
50 91
50 95
50 100
50 106
50 110
50 116
50 117
50 128
50 133
50 135
50 148
50 153
50 154
50 155
50 161
50 162
50 165
50 166
50 168
50 169
50 170
50 171
50 176
50 184
50 186
50 189
50 194
50 198
50 201
50 203
50 213
50 221
50 223
50 228
50 232
50 234
50 238
51 2
51 7
51 23
51 25
51 27
51 34
51 40
51 44
51 45
51 61
51 63
51 68
51 79
51 89
51 97
51 101
51 104
51 126
51 127
51 130
51 131
51 138
51 142
51 145
51 146
51 150
51 151
51 157
51 160
51 169
51 173
51 175
51 180
51 183
51 188
51 193
51 197
51 203
51 204
51 208
51 215
51 219
51 221
51 224
51 225
51 229
51 230
51 235
51 236
51 238
52 6
52 18
52 23
52 32
52 40
52 41
52 42
52 44
52 51
52 52
52 54
52 57
52 59
52 62
52 76
52 77
52 80
52 82
52 83
52 91
52 93
52 96
52 99
52 110
52 118
52 127
52 131
52 134
52 135
52 142
52 144
52 146
52 154
52 156
52 157
52 165
52 169
52 175
52 176
52 177
52 183
52 184
52 192
52 197
52 213
52 219
52 223
52 225
53 1
53 14
53 15
53 27
53 30
53 54
53 58
53 77
53 80
53 81
53 82
53 86
53 91
53 94
53 97
53 107
53 118
53 121
53 122
53 125
53 137
53 151
53 152
53 160
53 163
53 168
53 170
53 173
53 195
53 203
53 204
53 210
53 217
53 224
53 231
53 232
53 239
54 1
54 8
54 9
54 14
54 17
54 19
54 23
54 24
54 35
54 40
54 49
54 61
54 65
54 68
54 71
54 73
54 77
54 78
54 84
54 88
54 96
54 98
54 106
54 111
54 113
54 117
54 120
54 128
54 129
54 131
54 142
54 153
54 155
54 156
54 158
54 165
54 167
54 169
54 170
54 193
54 199
54 204
54 207
54 214
54 216
54 218
54 222
54 228
54 231
54 239
55 0
55 9
55 12
55 14
55 16
55 22
55 23
55 32
55 35
55 37
55 49
55 54
55 56
55 58
55 59
55 60
55 62
55 63
55 65
55 67
55 69
55 74
55 76
55 79
55 86
55 106
55 114
55 115
55 119
55 123
55 132
55 133
55 139
55 141
55 142
55 144
55 145
55 179
55 180
55 189
55 190
55 196
55 198
55 202
55 239
56 0
56 1
56 19
56 24
56 25
56 27
56 29
56 44
56 53
56 57
56 60
56 64
56 77
56 79
56 94
56 105
56 106
56 109
56 117
56 118
56 119
56 121
56 125
56 133
56 143
56 145
56 147
56 149
56 150
56 156
56 163
56 167
56 169
56 173
56 174
56 175
56 188
56 189
56 191
56 204
56 206
56 207
56 212
56 213
56 214
56 216
56 220
56 222
56 236
57 0
57 2
57 16
57 17
57 19
57 20
57 24
57 26
57 30
57 32
57 39
57 40
57 50
57 52
57 55
57 62
57 76
57 79
57 80
57 86
57 97
57 98
57 99
57 111
57 117
57 130
57 138
57 145
57 146
57 149
57 150
57 152
57 153
57 155
57 198
57 229
57 230
57 231
57 236
58 2
58 17
58 29
58 31
58 40
58 43
58 70
58 75
58 79
58 81
58 84
58 85
58 86
58 89
58 97
58 104
58 108
58 116
58 122
58 123
58 131
58 137
58 142
58 150
58 157
58 161
58 168
58 169
58 174
58 175
58 177
58 178
58 186
58 193
58 207
58 209
58 211
58 220
58 221
59 0
59 2
59 7
59 9
59 22
59 23
59 24
59 25
59 32
59 36
59 40
59 41
59 42
59 44
59 49
59 51
59 52
59 53
59 63
59 74
59 81
59 87
59 97
59 98
59 105
59 115
59 120
59 127
59 129
59 130
59 134
59 136
59 138
59 144
59 152
59 154
59 161
59 165
59 167
59 172
59 175
59 176
59 193
59 196
59 204
59 206
59 207
59 209
59 210
59 214
59 219
59 227
59 228
59 229
59 234
59 235
60 15
60 17
60 21
60 31
60 32
60 37
60 38
60 39
60 45
60 46
60 47
60 48
60 49
60 52
60 58
60 62
60 63
60 69
60 74
60 78
60 97
60 99
60 105
60 106
60 112
60 113
60 115
60 116
60 119
60 124
60 126
60 131
60 144
60 148
60 151
60 152
60 156
60 158
60 164
60 166
60 168
60 172
60 182
60 191
60 201
60 213
60 217
60 223
60 224
60 227
60 231
61 0
61 6
61 15
61 16
61 18
61 25
61 37
61 41
61 46
61 54
61 66
61 68
61 69
61 73
61 78
61 86
61 96
61 102
61 110
61 123
61 128
61 132
61 135
61 137
61 138
61 155
61 156
61 158
61 159
61 163
61 170
61 177
61 181
61 182
61 197
61 199
61 200
61 212
61 216
61 226
61 239
62 3
62 5
62 8
62 10
62 11
62 13
62 17
62 18
62 23
62 27
62 31
62 41
62 44
62 57
62 70
62 73
62 79
62 80
62 87
62 89
62 91
62 94
62 97
62 99
62 100
62 109
62 111
62 112
62 116
62 118
62 125
62 128
62 131
62 135
62 149
62 151
62 157
62 166
62 168
62 170
62 173
62 182
62 186
62 188
62 190
62 197
62 204
62 216
62 217
62 226
62 228
62 232
62 234
62 235
63 2
63 6
63 13
63 23
63 40
63 41
63 42
63 47
63 48
63 54
63 55
63 58
63 65
63 69
63 71
63 79
63 80
63 81
63 82
63 83
63 85
63 93
63 96
63 107
63 109
63 116
63 118
63 124
63 127
63 150
63 155
63 157
63 163
63 167
63 174
63 176
63 178
63 181
63 183
63 191
63 208
63 211
63 212
63 215
63 221
63 231
63 232
63 233
64 3
64 7
64 9
64 13
64 21
64 24
64 37
64 38
64 40
64 44
64 48
64 49
64 50
64 53
64 54
64 58
64 71
64 73
64 75
64 76
64 83
64 86
64 89
64 96
64 99
64 108
64 115
64 119
64 120
64 123
64 128
64 139
64 142
64 147
64 149
64 156
64 158
64 160
64 164
64 166
64 168
64 170
64 172
64 177
64 181
64 186
64 189
64 196
64 203
64 210
64 212
64 213
64 217
64 224
64 225
65 1
65 12
65 13
65 16
65 18
65 37
65 40
65 45
65 53
65 67
65 87
65 89
65 91
65 99
65 104
65 112
65 119
65 121
65 129
65 132
65 137
65 141
65 142
65 153
65 161
65 162
65 167
65 173
65 196
65 199
65 206
65 207
65 209
65 218
65 230
66 5
66 16
66 24
66 25
66 34
66 40
66 42
66 45
66 47
66 55
66 59
66 61
66 62
66 65
66 91
66 95
66 99
66 104
66 122
66 145
66 156
66 161
66 168
66 171
66 175
66 181
66 183
66 185
66 192
66 194
66 197
66 200
66 212
66 219
66 231
66 232
66 238
67 5
67 9
67 11
67 14
67 22
67 24
67 45
67 49
67 53
67 55
67 58
67 64
67 73
67 81
67 82
67 83
67 85
67 92
67 97
67 98
67 99
67 106
67 107
67 109
67 113
67 122
67 125
67 126
67 131
67 132
67 142
67 145
67 149
67 150
67 154
67 157
67 160
67 165
67 168
67 171
67 175
67 180
67 193
67 197
67 205
67 206
67 207
67 209
67 225
67 231
67 239
68 10
68 13
68 15
68 17
68 27
68 29
68 31
68 32
68 35
68 45
68 48
68 50
68 51
68 53
68 55
68 62
68 68
68 73
68 76
68 78
68 83
68 85
68 96
68 97
68 106
68 108
68 114
68 126
68 127
68 133
68 142
68 151
68 153
68 155
68 166
68 167
68 169
68 181
68 182
68 184
68 191
68 196
68 197
68 212
68 217
68 225
68 237
69 0
69 9
69 12
69 26
69 28
69 31
69 33
69 42
69 46
69 50
69 59
69 60
69 66
69 68
69 73
69 79
69 82
69 84
69 85
69 86
69 89
69 93
69 97
69 99
69 104
69 115
69 116
69 125
69 128
69 130
69 140
69 143
69 146
69 152
69 153
69 158
69 166
69 180
69 185
69 188
69 193
69 195
69 208
69 210
69 213
69 215
69 224
69 232
69 233
69 236
70 0
70 4
70 5
70 10
70 13
70 29
70 30
70 35
70 37
70 38
70 42
70 46
70 48
70 63
70 80
70 91
70 97
70 98
70 101
70 105
70 112
70 114
70 121
70 122
70 136
70 146
70 149
70 152
70 155
70 163
70 173
70 185
70 194
70 195
70 197
70 201
70 202
70 207
70 220
70 223
70 224
70 225
70 228
70 231
70 233
71 5
71 9
71 19
71 39
71 48
71 57
71 59
71 70
71 73
71 79
71 81
71 88
71 93
71 101
71 102
71 103
71 116
71 120
71 121
71 123
71 124
71 141
71 142
71 145
71 153
71 158
71 165
71 168
71 169
71 176
71 181
71 183
71 190
71 193
71 197
71 224
71 230
71 231
72 2
72 10
72 20
72 22
72 33
72 36
72 37
72 53
72 58
72 64
72 65
72 72
72 80
72 94
72 96
72 102
72 104
72 105
72 108
72 113
72 120
72 125
72 126
72 131
72 137
72 148
72 151
72 154
72 156
72 160
72 169
72 173
72 176
72 181
72 188
72 190
72 196
72 200
72 203
72 205
72 208
72 213
72 214
72 217
72 218
72 226
72 228
72 229
72 231
72 238
73 0
73 5
73 6
73 11
73 15
73 17
73 18
73 21
73 23
73 30
73 34
73 36
73 44
73 50
73 56
73 57
73 59
73 62
73 73
73 82
73 87
73 97
73 98
73 105
73 111
73 112
73 113
73 114
73 120
73 133
73 136
73 139
73 142
73 143
73 145
73 153
73 164
73 174
73 188
73 192
73 194
73 203
73 205
73 211
73 217
73 218
73 219
73 220
73 222
73 227
73 229
74 12
74 13
74 14
74 18
74 21
74 23
74 29
74 32
74 38
74 44
74 47
74 52
74 55
74 60
74 61
74 67
74 68
74 72
74 77
74 97
74 100
74 103
74 115
74 117
74 120
74 129
74 133
74 135
74 138
74 139
74 140
74 143
74 146
74 148
74 155
74 160
74 161
74 165
74 178
74 181
74 182
74 186
74 187
74 189
74 196
74 197
74 206
74 215
74 221
74 223
74 224
74 235
75 6
75 10
75 11
75 12
75 13
75 15
75 22
75 28
75 39
75 46
75 50
75 61
75 62
75 65
75 69
75 76
75 77
75 86
75 87
75 88
75 93
75 99
75 109
75 116
75 120
75 147
75 150
75 154
75 175
75 180
75 182
75 183
75 186
75 188
75 189
75 195
75 201
75 207
75 208
75 209
75 210
75 212
75 219
75 225
75 228
75 229
75 232
75 233
75 237
76 0
76 9
76 18
76 23
76 25
76 35
76 40
76 42
76 50
76 60
76 62
76 66
76 80
76 87
76 89
76 95
76 109
76 110
76 113
76 120
76 123
76 137
76 140
76 142
76 144
76 155
76 157
76 161
76 172
76 176
76 186
76 188
76 196
76 197
76 201
76 202
76 207
76 214
76 216
76 220
76 222
76 228
76 231
76 237
77 0
77 10
77 16
77 17
77 27
77 33
77 38
77 43
77 50
77 51
77 53
77 64
77 66
77 71
77 85
77 86
77 87
77 95
77 100
77 102
77 105
77 111
77 113
77 118
77 120
77 121
77 123
77 138
77 151
77 154
77 158
77 168
77 170
77 171
77 174
77 177
77 181
77 184
77 188
77 189
77 202
77 203
77 209
77 216
77 221
77 225
77 234
77 236
78 5
78 7
78 8
78 9
78 32
78 33
78 37
78 41
78 48
78 55
78 56
78 60
78 64
78 68
78 77
78 85
78 90
78 102
78 111
78 114
78 118
78 120
78 132
78 134
78 137
78 138
78 141
78 144
78 146
78 147
78 150
78 151
78 156
78 161
78 162
78 164
78 178
78 181
78 190
78 200
78 201
78 202
78 203
78 212
78 215
78 217
78 225
78 227
78 231
79 2
79 5
79 10
79 23
79 27
79 29
79 31
79 35
79 38
79 41
79 42
79 43
79 48
79 49
79 51
79 52
79 57
79 65
79 74
79 82
79 84
79 87
79 96
79 111
79 127
79 133
79 135
79 137
79 140
79 143
79 148
79 149
79 154
79 159
79 161
79 166
79 170
79 176
79 181
79 187
79 196
79 197
79 198
79 199
79 203
79 205
79 208
79 217
79 224
79 225
79 228
79 236
80 11
80 17
80 32
80 33
80 35
80 40
80 45
80 49
80 52
80 58
80 59
80 60
80 63
80 71
80 72
80 75
80 79
80 86
80 88
80 92
80 108
80 109
80 113
80 114
80 116
80 119
80 120
80 122
80 124
80 132
80 136
80 139
80 141
80 143
80 151
80 152
80 153
80 154
80 160
80 161
80 168
80 173
80 174
80 177
80 181
80 182
80 184
80 201
80 204
80 208
80 211
80 216
80 217
80 226
80 227
80 228
80 231
80 235
81 7
81 8
81 11
81 29
81 37
81 40
81 46
81 50
81 52
81 57
81 59
81 62
81 68
81 86
81 96
81 97
81 99
81 100
81 101
81 118
81 122
81 145
81 149
81 151
81 157
81 168
81 171
81 174
81 181
81 182
81 193
81 194
81 198
81 199
81 200
81 203
81 206
81 237
82 1
82 8
82 9
82 10
82 11
82 17
82 26
82 29
82 30
82 31
82 33
82 44
82 45
82 49
82 71
82 75
82 79
82 80
82 95
82 97
82 98
82 101
82 108
82 125
82 126
82 131
82 136
82 137
82 139
82 146
82 158
82 159
82 161
82 165
82 171
82 173
82 175
82 176
82 178
82 193
82 195
82 197
82 199
82 203
82 217
82 227
82 230
83 2
83 11
83 18
83 23
83 24
83 40
83 42
83 49
83 51
83 57
83 62
83 66
83 68
83 71
83 75
83 78
83 82
83 85
83 88
83 90
83 99
83 104
83 108
83 109
83 110
83 111
83 138
83 140
83 143
83 147
83 150
83 152
83 154
83 162
83 165
83 169
83 170
83 181
83 199
83 202
83 203
83 205
83 209
83 212
83 214
83 224
83 226
84 3
84 8
84 16
84 20
84 34
84 41
84 42
84 43
84 52
84 53
84 54
84 59
84 67
84 71
84 74
84 77
84 83
84 84
84 87
84 97
84 99
84 102
84 105
84 106
84 130
84 131
84 133
84 134
84 146
84 149
84 150
84 174
84 175
84 186
84 193
84 195
84 196
84 200
84 202
84 204
84 210
84 211
84 218
84 224
84 232
84 236
85 1
85 8
85 31
85 33
85 35
85 36
85 37
85 42
85 45
85 46
85 50
85 52
85 53
85 59
85 62
85 64
85 66
85 70
85 74
85 86
85 99
85 107
85 111
85 112
85 114
85 116
85 118
85 134
85 136
85 137
85 138
85 145
85 146
85 147
85 148
85 149
85 152
85 162
85 166
85 169
85 170
85 172
85 174
85 179
85 195
85 203
85 208
85 210
85 215
85 221
85 235
86 2
86 5
86 6
86 16
86 19
86 20
86 28
86 29
86 39
86 44
86 48
86 53
86 58
86 73
86 82
86 84
86 85
86 96
86 99
86 102
86 110
86 125
86 130
86 131
86 133
86 135
86 145
86 151
86 157
86 162
86 166
86 172
86 176
86 180
86 206
86 209
86 216
86 218
86 221
86 222
86 223
86 230
87 2
87 8
87 11
87 14
87 18
87 20
87 26
87 37
87 40
87 42
87 43
87 45
87 54
87 63
87 65
87 67
87 74
87 93
87 108
87 118
87 119
87 121
87 122
87 125
87 126
87 128
87 137
87 144
87 145
87 149
87 151
87 155
87 156
87 161
87 168
87 175
87 177
87 188
87 199
87 207
87 208
87 217
87 222
87 223
87 224
87 225
87 231
88 1
88 3
88 4
88 19
88 20
88 25
88 27
88 35
88 36
88 50
88 59
88 60
88 66
88 71
88 76
88 81
88 96
88 97
88 100
88 102
88 108
88 113
88 114
88 116
88 118
88 119
88 122
88 123
88 129
88 135
88 138
88 150
88 154
88 159
88 180
88 184
88 185
88 186
88 192
88 201
88 206
88 208
88 222
88 224
88 226
88 236
89 2
89 21
89 23
89 27
89 28
89 30
89 40
89 42
89 49
89 54
89 57
89 60
89 65
89 73
89 74
89 75
89 77
89 80
89 84
89 92
89 100
89 106
89 110
89 112
89 127
89 132
89 136
89 137
89 145
89 148
89 163
89 182
89 186
89 188
89 193
89 202
89 208
89 209
89 212
89 220
89 221
89 223
89 226
89 229
89 231
89 234
90 0
90 2
90 4
90 13
90 14
90 26
90 28
90 31
90 36
90 39
90 45
90 46
90 51
90 63
90 65
90 76
90 77
90 81
90 103
90 107
90 115
90 122
90 124
90 131
90 140
90 148
90 149
90 151
90 155
90 159
90 162
90 163
90 167
90 170
90 173
90 174
90 179
90 180
90 184
90 186
90 194
90 198
90 199
90 203
90 205
90 217
90 221
90 222
90 223
90 236
90 237
91 8
91 15
91 20
91 23
91 28
91 29
91 32
91 33
91 34
91 36
91 38
91 39
91 40
91 45
91 51
91 62
91 85
91 97
91 103
91 104
91 109
91 113
91 114
91 132
91 134
91 140
91 147
91 160
91 172
91 179
91 181
91 184
91 186
91 189
91 205
91 210
91 218
91 235
92 1
92 3
92 4
92 5
92 6
92 8
92 9
92 13
92 17
92 28
92 29
92 31
92 32
92 37
92 43
92 59
92 62
92 64
92 69
92 70
92 73
92 77
92 78
92 87
92 90
92 91
92 95
92 96
92 97
92 106
92 111
92 120
92 122
92 124
92 134
92 142
92 143
92 149
92 152
92 154
92 156
92 160
92 164
92 166
92 168
92 170
92 183
92 185
92 186
92 188
92 198
92 207
92 214
92 217
92 220
92 221
92 223
92 226
92 228
92 238
92 239
93 0
93 6
93 13
93 18
93 30
93 38
93 40
93 42
93 44
93 47
93 53
93 54
93 55
93 60
93 67
93 69
93 77
93 87
93 90
93 96
93 104
93 105
93 107
93 110
93 111
93 112
93 117
93 119
93 120
93 130
93 132
93 134
93 138
93 146
93 154
93 156
93 157
93 161
93 163
93 164
93 165
93 169
93 170
93 179
93 183
93 186
93 197
93 200
93 207
93 213
93 218
93 220
93 222
93 232
93 233
93 237
94 4
94 5
94 20
94 25
94 28
94 29
94 32
94 38
94 66
94 71
94 77
94 85
94 86
94 88
94 99
94 105
94 112
94 114
94 117
94 130
94 146
94 151
94 158
94 161
94 171
94 173
94 177
94 186
94 189
94 194
94 204
94 217
94 218
94 231
95 0
95 5
95 9
95 13
95 14
95 17
95 18
95 21
95 22
95 23
95 25
95 29
95 30
95 37
95 41
95 45
95 52
95 55
95 56
95 57
95 59
95 71
95 74
95 81
95 85
95 86
95 90
95 93
95 100
95 102
95 106
95 110
95 111
95 114
95 117
95 120
95 121
95 123
95 138
95 139
95 149
95 150
95 152
95 164
95 166
95 169
95 176
95 180
95 192
95 202
95 206
95 216
95 217
95 222
95 223
95 224
95 226
95 230
95 233
95 234
95 235
96 17
96 21
96 25
96 29
96 31
96 32
96 38
96 42
96 43
96 54
96 56
96 57
96 59
96 65
96 70
96 78
96 80
96 82
96 84
96 85
96 86
96 101
96 134
96 136
96 138
96 145
96 150
96 151
96 155
96 158
96 165
96 168
96 177
96 179
96 182
96 186
96 197
96 204
96 227
96 235
97 6
97 8
97 10
97 12
97 15
97 30
97 39
97 45
97 46
97 52
97 53
97 55
97 59
97 65
97 67
97 73
97 75
97 78
97 79
97 85
97 88
97 91
97 93
97 96
97 97
97 102
97 104
97 110
97 115
97 116
97 121
97 126
97 129
97 133
97 141
97 145
97 150
97 157
97 197
97 201
97 206
97 207
97 213
97 220
97 224
97 225
97 235
97 237
98 2
98 5
98 6
98 10
98 12
98 16
98 24
98 25
98 33
98 36
98 37
98 47
98 56
98 63
98 70
98 71
98 73
98 90
98 94
98 95
98 102
98 103
98 105
98 106
98 123
98 130
98 133
98 136
98 155
98 158
98 161
98 163
98 171
98 177
98 190
98 196
98 199
98 200
98 205
98 206
98 212
98 213
98 214
98 217
98 221
98 226
98 229
98 231
98 234
99 8
99 12
99 14
99 22
99 28
99 33
99 34
99 37
99 39
99 42
99 43
99 51
99 52
99 56
99 60
99 65
99 68
99 69
99 86
99 90
99 97
99 98
99 102
99 105
99 110
99 111
99 114
99 117
99 120
99 128
99 130
99 132
99 134
99 136
99 158
99 165
99 169
99 170
99 172
99 173
99 179
99 182
99 187
99 188
99 192
99 193
99 199
99 200
99 205
99 208
99 214
99 218
99 224
99 228
99 229
99 236
100 8
100 11
100 15
100 45
100 49
100 64
100 65
100 73
100 85
100 87
100 94
100 114
100 122
100 125
100 126
100 138
100 139
100 141
100 144
100 146
100 147
100 152
100 155
100 171
100 175
100 181
100 189
100 197
100 199
100 201
100 210
100 214
100 215
100 219
100 223
100 227
100 233
101 3
101 10
101 14
101 16
101 21
101 27
101 37
101 41
101 42
101 52
101 55
101 60
101 67
101 71
101 73
101 81
101 88
101 96
101 101
101 103
101 119
101 122
101 127
101 128
101 133
101 156
101 161
101 162
101 164
101 175
101 181
101 186
101 192
101 201
101 212
101 215
101 216
101 225
101 234
102 0
102 6
102 15
102 22
102 28
102 30
102 40
102 53
102 54
102 58
102 60
102 61
102 66
102 75
102 80
102 81
102 82
102 83
102 93
102 96
102 102
102 103
102 109
102 111
102 115
102 120
102 123
102 128
102 130
102 136
102 139
102 140
102 145
102 151
102 160
102 169
102 175
102 176
102 189
102 192
102 195
102 196
102 200
102 206
102 220
102 228
103 0
103 8
103 18
103 21
103 22
103 24
103 27
103 29
103 33
103 43
103 47
103 57
103 65
103 67
103 75
103 81
103 84
103 85
103 86
103 97
103 100
103 101
103 104
103 110
103 116
103 118
103 121
103 125
103 132
103 134
103 146
103 154
103 157
103 169
103 182
103 183
103 184
103 187
103 190
103 206
103 213
103 214
103 218
103 219
103 231
103 235
103 236
104 10
104 13
104 15
104 17
104 19
104 21
104 32
104 34
104 35
104 37
104 44
104 45
104 46
104 47
104 49
104 58
104 59
104 64
104 66
104 75
104 83
104 89
104 91
104 97
104 105
104 111
104 115
104 119
104 124
104 129
104 135
104 147
104 149
104 154
104 156
104 163
104 177
104 187
104 194
104 200
104 201
104 202
104 205
104 220
104 225
104 226
104 229
104 237
104 238
104 239
105 2
105 10
105 11
105 23
105 27
105 29
105 37
105 40
105 42
105 51
105 54
105 56
105 76
105 79
105 80
105 84
105 86
105 89
105 96
105 102
105 103
105 104
105 106
105 114
105 123
105 125
105 131
105 136
105 138
105 142
105 149
105 152
105 160
105 161
105 164
105 166
105 176
105 197
105 199
105 200
105 201
105 208
105 211
105 214
105 220
105 223
105 229
105 234
105 236
106 10
106 11
106 12
106 28
106 31
106 34
106 43
106 45
106 52
106 61
106 66
106 69
106 70
106 77
106 80
106 82
106 85
106 95
106 98
106 99
106 108
106 109
106 122
106 125
106 143
106 145
106 147
106 151
106 152
106 160
106 162
106 163
106 168
106 176
106 182
106 183
106 189
106 199
106 202
106 203
106 209
106 213
106 217
106 218
106 219
106 226
106 234
107 4
107 9
107 15
107 38
107 43
107 77
107 78
107 85
107 92
107 96
107 105
107 106
107 110
107 114
107 115
107 126
107 127
107 146
107 148
107 153
107 163
107 174
107 179
107 180
107 181
107 187
107 191
107 193
107 194
107 199
107 203
107 204
107 206
107 216
107 218
107 232
107 234
107 235
108 2
108 3
108 11
108 14
108 21
108 25
108 26
108 33
108 37
108 41
108 46
108 61
108 62
108 65
108 66
108 81
108 82
108 91
108 115
108 119
108 120
108 125
108 126
108 133
108 134
108 137
108 149
108 151
108 152
108 163
108 170
108 178
108 180
108 185
108 186
108 191
108 194
108 197
108 198
108 202
108 212
108 217
108 219
108 221
108 238
109 2
109 7
109 10
109 15
109 24
109 27
109 28
109 37
109 39
109 42
109 45
109 46
109 48
109 51
109 58
109 78
109 81
109 94
109 98
109 99
109 103
109 104
109 107
109 112
109 118
109 119
109 122
109 129
109 131
109 132
109 134
109 136
109 140
109 141
109 144
109 147
109 153
109 156
109 159
109 173
109 189
109 190
109 194
109 199
109 209
109 219
109 223
109 225
109 228
109 230
109 231
109 232
109 236
110 3
110 7
110 9
110 22
110 23
110 31
110 33
110 34
110 35
110 36
110 68
110 70
110 73
110 90
110 95
110 96
110 98
110 115
110 118
110 122
110 128
110 131
110 134
110 149
110 153
110 158
110 164
110 167
110 168
110 177
110 181
110 186
110 193
110 196
110 197
110 200
110 201
110 203
110 205
110 207
110 213
110 214
110 215
110 217
110 219
110 223
110 224
110 225
110 227
110 229
110 235
110 239
111 0
111 2
111 5
111 8
111 12
111 13
111 15
111 36
111 51
111 56
111 57
111 60
111 62
111 63
111 64
111 69
111 72
111 78
111 85
111 91
111 94
111 96
111 97
111 99
111 102
111 106
111 108
111 112
111 114
111 115
111 118
111 128
111 136
111 137
111 140
111 150
111 153
111 155
111 159
111 163
111 175
111 176
111 182
111 184
111 207
111 213
111 215
111 227
111 229
111 230
111 232
112 16
112 27
112 35
112 39
112 40
112 42
112 48
112 51
112 53
112 57
112 59
112 67
112 68
112 70
112 73
112 79
112 80
112 84
112 85
112 89
112 91
112 94
112 98
112 112
112 118
112 128
112 129
112 136
112 142
112 144
112 146
112 148
112 150
112 163
112 171
112 173
112 180
112 195
112 196
112 197
112 201
112 207
112 208
112 210
112 217
112 225
112 233
112 234
112 235
112 236
113 1
113 10
113 14
113 20
113 23
113 24
113 25
113 35
113 47
113 49
113 53
113 55
113 57
113 59
113 72
113 80
113 82
113 85
113 86
113 91
113 95
113 98
113 100
113 101
113 103
113 119
113 123
113 124
113 125
113 127
113 130
113 145
113 147
113 148
113 152
113 162
113 164
113 169
113 172
113 177
113 178
113 179
113 183
113 185
113 188
113 189
113 200
113 204
113 207
113 209
113 213
113 220
113 225
114 0
114 2
114 17
114 19
114 33
114 43
114 45
114 54
114 55
114 58
114 59
114 61
114 76
114 83
114 85
114 86
114 88
114 91
114 92
114 109
114 111
114 112
114 119
114 120
114 121
114 130
114 134
114 139
114 147
114 150
114 152
114 159
114 160
114 161
114 167
114 172
114 174
114 179
114 180
114 188
114 194
114 200
114 206
114 207
114 215
114 225
114 227
114 231
114 235
114 237
115 0
115 17
115 22
115 28
115 33
115 35
115 38
115 44
115 52
115 66
115 70
115 72
115 79
115 87
115 99
115 103
115 109
115 114
115 136
115 137
115 138
115 139
115 140
115 145
115 146
115 149
115 150
115 164
115 169
115 176
115 178
115 179
115 182
115 185
115 186
115 187
115 193
115 199
115 200
115 205
115 206
115 207
115 214
115 218
115 225
115 228
115 230
115 234
116 0
116 10
116 12
116 28
116 39
116 61
116 72
116 82
116 83
116 95
116 102
116 114
116 132
116 141
116 142
116 144
116 147
116 148
116 150
116 154
116 155
116 159
116 164
116 166
116 185
116 195
116 201
116 202
116 206
116 217
116 219
116 239
117 9
117 19
117 20
117 33
117 35
117 39
117 41
117 48
117 60
117 64
117 67
117 70
117 85
117 87
117 101
117 104
117 105
117 110
117 113
117 117
117 123
117 143
117 144
117 146
117 150
117 151
117 157
117 163
117 164
117 169
117 179
117 181
117 186
117 191
117 193
117 197
117 204
117 209
117 210
117 215
117 223
117 228
117 231
117 237
118 6
118 7
118 8
118 9
118 19
118 22
118 24
118 38
118 39
118 40
118 45
118 49
118 51
118 64
118 80
118 85
118 102
118 109
118 112
118 120
118 130
118 133
118 151
118 152
118 163
118 173
118 175
118 185
118 187
118 192
118 199
118 204
118 205
118 208
118 210
118 212
118 214
118 219
118 226
118 235
118 239
119 0
119 5
119 7
119 13
119 22
119 26
119 31
119 38
119 43
119 53
119 60
119 63
119 67
119 68
119 72
119 75
119 86
119 89
119 99
119 104
119 111
119 119
119 120
119 123
119 126
119 132
119 135
119 141
119 144
119 156
119 160
119 162
119 165
119 175
119 178
119 182
119 199
119 206
119 207
119 211
119 213
119 221
119 223
119 236
119 239
120 5
120 11
120 29
120 30
120 31
120 33
120 38
120 44
120 53
120 66
120 67
120 73
120 76
120 86
120 90
120 91
120 99
120 100
120 110
120 117
120 124
120 130
120 133
120 135
120 150
120 153
120 155
120 160
120 161
120 174
120 179
120 182
120 188
120 194
120 196
120 198
120 200
120 204
120 207
120 228
120 229
120 234
120 236
120 237
120 238
121 8
121 11
121 14
121 18
121 19
121 20
121 22
121 24
121 32
121 34
121 43
121 44
121 50
121 52
121 55
121 56
121 76
121 77
121 79
121 81
121 83
121 91
121 98
121 100
121 104
121 105
121 108
121 112
121 134
121 135
121 136
121 138
121 141
121 143
121 148
121 149
121 151
121 154
121 158
121 162
121 163
121 171
121 175
121 182
121 188
121 191
121 193
121 194
121 198
121 201
121 203
121 208
121 212
121 214
121 225
122 2
122 9
122 12
122 16
122 24
122 31
122 42
122 46
122 47
122 50
122 54
122 80
122 83
122 85
122 88
122 91
122 98
122 99
122 110
122 119
122 125
122 128
122 132
122 133
122 150
122 153
122 154
122 173
122 179
122 180
122 188
122 202
122 211
122 226
122 232
122 236
123 2
123 6
123 9
123 14
123 32
123 39
123 45
123 52
123 54
123 56
123 57
123 62
123 64
123 66
123 72
123 75
123 77
123 86
123 87
123 94
123 96
123 98
123 101
123 107
123 108
123 109
123 112
123 116
123 128
123 132
123 133
123 135
123 137
123 141
123 146
123 148
123 157
123 161
123 164
123 170
123 176
123 177
123 182
123 185
123 194
123 196
123 203
123 211
123 212
123 216
123 217
123 232
123 236
123 238
124 1
124 4
124 11
124 34
124 39
124 45
124 47
124 51
124 57
124 66
124 78
124 80
124 84
124 85
124 101
124 107
124 110
124 114
124 117
124 124
124 129
124 131
124 132
124 139
124 141
124 143
124 144
124 148
124 149
124 150
124 154
124 156
124 157
124 158
124 159
124 162
124 170
124 171
124 175
124 177
124 184
124 185
124 186
124 187
124 190
124 195
124 198
124 203
124 211
124 213
124 214
124 216
124 217
124 228
124 232
124 234
125 2
125 6
125 11
125 14
125 15
125 19
125 23
125 28
125 39
125 45
125 53
125 55
125 67
125 70
125 75
125 78
125 81
125 82
125 92
125 93
125 103
125 104
125 105
125 107
125 111
125 118
125 121
125 124
125 125
125 138
125 141
125 145
125 148
125 152
125 155
125 157
125 160
125 165
125 168
125 172
125 174
125 178
125 193
125 195
125 196
125 199
125 200
125 216
125 238
125 239
126 0
126 2
126 8
126 10
126 14
126 20
126 23
126 24
126 27
126 36
126 37
126 41
126 48
126 51
126 52
126 65
126 70
126 75
126 77
126 81
126 91
126 94
126 99
126 109
126 111
126 115
126 124
126 127
126 129
126 138
126 144
126 146
126 165
126 178
126 180
126 181
126 182
126 183
126 189
126 206
126 212
126 217
126 219
126 225
126 226
126 236
126 238
127 2
127 3
127 5
127 6
127 7
127 8
127 14
127 20
127 25
127 28
127 34
127 38
127 45
127 47
127 48
127 49
127 55
127 66
127 75
127 77
127 85
127 93
127 94
127 95
127 98
127 99
127 103
127 106
127 109
127 113
127 116
127 124
127 136
127 139
127 153
127 155
127 161
127 165
127 168
127 173
127 174
127 175
127 181
127 185
127 195
127 196
127 204
127 205
127 216
127 219
127 221
127 223
127 226
127 230
127 235
127 236
128 1
128 3
128 7
128 11
128 16
128 19
128 23
128 26
128 29
128 40
128 51
128 57
128 72
128 74
128 75
128 89
128 91
128 98
128 100
128 104
128 111
128 116
128 118
128 125
128 126
128 127
128 132
128 141
128 143
128 145
128 147
128 150
128 164
128 166
128 167
128 173
128 179
128 180
128 185
128 191
128 197
128 199
128 205
128 207
128 212
128 214
128 215
128 217
128 220
128 223
128 226
128 229
128 238
129 3
129 7
129 9
129 10
129 16
129 35
129 36
129 38
129 39
129 42
129 49
129 65
129 66
129 67
129 73
129 82
129 92
129 101
129 103
129 115
129 119
129 121
129 122
129 127
129 130
129 142
129 149
129 150
129 152
129 156
129 158
129 165
129 166
129 167
129 171
129 176
129 194
129 196
129 200
129 202
129 206
129 214
129 217
129 225
129 233
129 235
129 239
130 1
130 6
130 13
130 18
130 20
130 22
130 23
130 35
130 39
130 41
130 43
130 54
130 63
130 64
130 65
130 73
130 79
130 81
130 83
130 84
130 87
130 88
130 91
130 93
130 94
130 98
130 144
130 149
130 152
130 156
130 158
130 161
130 168
130 169
130 171
130 172
130 179
130 183
130 186
130 187
130 191
130 194
130 198
130 215
130 217
130 224
130 232
131 2
131 6
131 11
131 12
131 13
131 16
131 20
131 21
131 29
131 34
131 36
131 39
131 48
131 58
131 60
131 69
131 71
131 73
131 77
131 79
131 81
131 100
131 106
131 113
131 114
131 115
131 116
131 118
131 119
131 120
131 125
131 129
131 130
131 134
131 140
131 147
131 157
131 159
131 175
131 183
131 193
131 194
131 197
131 198
131 203
131 207
131 216
131 218
131 221
131 223
131 231
131 234
131 235
131 237
132 2
132 4
132 9
132 13
132 16
132 21
132 23
132 24
132 34
132 38
132 49
132 51
132 53
132 59
132 61
132 65
132 66
132 72
132 73
132 74
132 76
132 79
132 89
132 94
132 96
132 98
132 99
132 100
132 108
132 117
132 124
132 125
132 135
132 140
132 145
132 146
132 151
132 152
132 160
132 163
132 168
132 171
132 180
132 192
132 200
132 203
132 208
132 212
132 224
132 225
132 236
133 0
133 10
133 13
133 14
133 22
133 23
133 24
133 30
133 36
133 38
133 45
133 47
133 50
133 51
133 54
133 69
133 74
133 81
133 89
133 91
133 99
133 103
133 107
133 121
133 125
133 126
133 127
133 137
133 146
133 157
133 162
133 168
133 170
133 173
133 190
133 193
133 210
133 230
133 231
133 235
133 239
134 0
134 3
134 15
134 19
134 20
134 26
134 32
134 33
134 37
134 38
134 39
134 40
134 41
134 42
134 43
134 46
134 48
134 49
134 52
134 60
134 62
134 77
134 83
134 90
134 103
134 121
134 133
134 135
134 136
134 137
134 139
134 140
134 147
134 162
134 168
134 170
134 173
134 185
134 186
134 197
134 198
134 202
134 204
134 208
134 218
134 219
134 228
134 229
134 238
135 0
135 6
135 9
135 10
135 16
135 21
135 29
135 34
135 36
135 37
135 38
135 41
135 48
135 51
135 58
135 62
135 64
135 66
135 67
135 69
135 73
135 78
135 86
135 87
135 103
135 108
135 118
135 125
135 132
135 137
135 140
135 143
135 147
135 157
135 171
135 180
135 183
135 184
135 188
135 196
135 199
135 202
135 205
135 206
135 225
135 228
135 233
135 238
136 1
136 5
136 11
136 12
136 16
136 25
136 33
136 34
136 36
136 39
136 50
136 51
136 59
136 62
136 67
136 68
136 70
136 76
136 80
136 81
136 87
136 88
136 101
136 115
136 121
136 123
136 129
136 132
136 135
136 140
136 142
136 143
136 146
136 148
136 153
136 162
136 164
136 167
136 175
136 180
136 182
136 187
136 191
136 198
136 208
136 220
136 223
136 229
136 233
136 235
136 236
136 237
137 1
137 2
137 12
137 17
137 19
137 27
137 29
137 33
137 34
137 35
137 42
137 44
137 46
137 47
137 58
137 59
137 72
137 73
137 83
137 84
137 95
137 96
137 98
137 103
137 109
137 112
137 119
137 124
137 137
137 139
137 144
137 155
137 160
137 162
137 163
137 166
137 168
137 173
137 178
137 180
137 182
137 183
137 190
137 194
137 199
137 207
137 212
137 213
137 216
137 219
137 226
137 234
138 12
138 20
138 26
138 29
138 33
138 34
138 38
138 39
138 47
138 48
138 54
138 63
138 72
138 75
138 80
138 81
138 86
138 91
138 101
138 107
138 114
138 119
138 122
138 130
138 137
138 145
138 147
138 148
138 157
138 163
138 165
138 170
138 171
138 179
138 184
138 190
138 192
138 204
138 206
138 210
138 217
138 226
138 229
138 233
138 238
139 0
139 3
139 8
139 12
139 15
139 26
139 28
139 32
139 49
139 50
139 52
139 64
139 67
139 71
139 76
139 78
139 81
139 88
139 90
139 94
139 102
139 105
139 107
139 108
139 109
139 111
139 121
139 122
139 123
139 124
139 136
139 142
139 144
139 151
139 152
139 155
139 164
139 172
139 174
139 182
139 183
139 185
139 187
139 190
139 191
139 195
139 198
139 199
139 217
139 226
139 227
139 231
139 234
139 239
140 12
140 16
140 18
140 19
140 22
140 33
140 45
140 49
140 50
140 53
140 62
140 75
140 77
140 78
140 82
140 83
140 91
140 99
140 105
140 119
140 123
140 138
140 141
140 144
140 146
140 149
140 160
140 162
140 164
140 189
140 191
140 200
140 208
140 214
140 219
140 234
140 238
141 5
141 7
141 22
141 27
141 29
141 33
141 34
141 35
141 38
141 40
141 42
141 47
141 49
141 50
141 51
141 55
141 56
141 63
141 64
141 67
141 84
141 85
141 91
141 96
141 111
141 114
141 117
141 120
141 125
141 126
141 133
141 135
141 140
141 143
141 144
141 146
141 149
141 152
141 166
141 172
141 173
141 176
141 178
141 180
141 184
141 187
141 189
141 191
141 193
141 204
141 212
141 213
141 214
141 225
141 227
141 229
141 236
142 3
142 8
142 10
142 16
142 18
142 20
142 22
142 24
142 29
142 34
142 38
142 40
142 41
142 55
142 57
142 58
142 59
142 63
142 70
142 75
142 76
142 78
142 81
142 90
142 92
142 93
142 94
142 110
142 111
142 112
142 114
142 119
142 126
142 129
142 137
142 142
142 143
142 155
142 156
142 161
142 165
142 174
142 178
142 191
142 200
142 203
142 204
142 211
142 215
142 218
142 228
142 231
142 232
142 233
143 3
143 13
143 16
143 22
143 23
143 24
143 26
143 28
143 34
143 39
143 41
143 44
143 48
143 49
143 53
143 63
143 72
143 82
143 85
143 87
143 91
143 92
143 95
143 99
143 110
143 112
143 113
143 116
143 121
143 125
143 144
143 163
143 167
143 175
143 194
143 197
143 204
143 207
143 208
143 212
143 213
143 217
143 224
143 227
143 233
144 2
144 14
144 23
144 33
144 34
144 41
144 45
144 47
144 56
144 57
144 67
144 68
144 72
144 74
144 83
144 85
144 96
144 98
144 100
144 109
144 113
144 114
144 118
144 119
144 122
144 127
144 130
144 134
144 136
144 138
144 140
144 151
144 160
144 163
144 166
144 169
144 175
144 184
144 185
144 187
144 188
144 192
144 197
144 201
144 206
144 209
144 211
144 218
144 223
144 224
144 228
144 233
144 235
144 238
145 0
145 4
145 10
145 11
145 15
145 22
145 23
145 26
145 30
145 33
145 40
145 64
145 65
145 70
145 72
145 86
145 106
145 120
145 135
145 136
145 147
145 157
145 164
145 165
145 176
145 198
145 205
145 207
145 212
145 215
145 219
145 220
145 233
146 0
146 8
146 9
146 11
146 18
146 27
146 31
146 36
146 37
146 38
146 39
146 49
146 53
146 57
146 61
146 66
146 72
146 75
146 77
146 78
146 89
146 90
146 94
146 102
146 104
146 107
146 110
146 116
146 121
146 128
146 135
146 158
146 166
146 170
146 176
146 177
146 183
146 195
146 206
146 213
146 216
146 219
146 223
146 228
146 231
146 234
146 238
146 239
147 5
147 13
147 19
147 20
147 22
147 29
147 31
147 32
147 36
147 40
147 45
147 46
147 58
147 61
147 66
147 69
147 74
147 75
147 78
147 87
147 93
147 94
147 99
147 102
147 103
147 104
147 114
147 115
147 118
147 124
147 126
147 129
147 138
147 139
147 152
147 154
147 155
147 158
147 164
147 165
147 178
147 181
147 194
147 195
147 199
147 205
147 218
147 222
147 224
147 236
148 2
148 6
148 7
148 18
148 22
148 27
148 30
148 38
148 39
148 43
148 52
148 55
148 58
148 62
148 65
148 77
148 83
148 84
148 87
148 93
148 104
148 114
148 143
148 144
148 146
148 148
148 153
148 166
148 170
148 171
148 173
148 174
148 183
148 198
148 208
148 209
148 213
148 216
148 219
148 224
148 225
148 233
148 234
148 238
148 239
149 0
149 8
149 9
149 13
149 20
149 21
149 28
149 30
149 33
149 35
149 44
149 49
149 53
149 58
149 59
149 61
149 88
149 94
149 98
149 100
149 101
149 108
149 112
149 115
149 121
149 122
149 128
149 130
149 131
149 132
149 133
149 135
149 139
149 147
149 149
149 158
149 159
149 166
149 171
149 172
149 177
149 182
149 185
149 188
149 216
149 229
149 230
150 4
150 7
150 10
150 18
150 20
150 23
150 31
150 32
150 37
150 38
150 44
150 45
150 54
150 56
150 57
150 58
150 61
150 65
150 66
150 72
150 74
150 79
150 89
150 90
150 103
150 106
150 111
150 117
150 118
150 119
150 124
150 127
150 137
150 142
150 146
150 151
150 161
150 163
150 166
150 169
150 170
150 172
150 178
150 179
150 201
150 210
150 216
150 218
150 224
150 226
150 228
150 230
150 232
150 237
150 238
151 0
151 4
151 7
151 11
151 16
151 23
151 26
151 27
151 34
151 46
151 51
151 52
151 54
151 64
151 68
151 71
151 73
151 79
151 81
151 84
151 86
151 88
151 92
151 98
151 113
151 130
151 133
151 141
151 147
151 152
151 154
151 160
151 161
151 162
151 168
151 170
151 180
151 183
151 192
151 198
151 202
151 211
151 217
151 218
151 226
151 235
152 5
152 9
152 12
152 16
152 22
152 23
152 27
152 29
152 42
152 45
152 57
152 58
152 62
152 64
152 67
152 74
152 75
152 90
152 95
152 103
152 105
152 107
152 117
152 134
152 143
152 154
152 155
152 157
152 165
152 166
152 167
152 173
152 174
152 184
152 185
152 191
152 197
152 202
152 210
152 214
152 215
152 217
152 222
152 229
152 235
153 1
153 9
153 12
153 23
153 27
153 28
153 31
153 32
153 46
153 56
153 61
153 65
153 69
153 74
153 76
153 90
153 91
153 92
153 94
153 105
153 108
153 111
153 112
153 121
153 134
153 139
153 142
153 145
153 147
153 158
153 160
153 165
153 166
153 167
153 168
153 170
153 175
153 181
153 183
153 185
153 189
153 204
153 205
153 207
153 208
153 213
153 215
153 220
153 224
153 226
153 229
153 233
153 239
154 5
154 7
154 18
154 20
154 22
154 32
154 33
154 40
154 50
154 55
154 67
154 76
154 77
154 80
154 88
154 94
154 95
154 96
154 102
154 104
154 107
154 108
154 113
154 115
154 132
154 133
154 136
154 140
154 154
154 180
154 183
154 184
154 186
154 187
154 194
154 197
154 198
154 203
154 207
154 210
154 222
154 223
154 225
154 227
154 232
154 239
155 2
155 5
155 13
155 14
155 21
155 26
155 30
155 31
155 36
155 47
155 51
155 52
155 57
155 58
155 63
155 71
155 76
155 84
155 87
155 93
155 96
155 98
155 105
155 106
155 124
155 127
155 135
155 136
155 137
155 140
155 144
155 149
155 158
155 176
155 179
155 184
155 186
155 190
155 199
155 202
155 206
155 207
155 215
155 235
155 236
156 2
156 11
156 23
156 24
156 25
156 29
156 31
156 34
156 39
156 42
156 46
156 47
156 49
156 53
156 56
156 61
156 68
156 77
156 87
156 104
156 112
156 117
156 131
156 136
156 137
156 141
156 142
156 145
156 154
156 156
156 159
156 168
156 171
156 176
156 179
156 187
156 188
156 189
156 191
156 192
156 193
156 197
156 199
156 200
156 203
156 208
156 214
156 223
156 224
156 225
156 227
156 231
156 232
156 233
156 236
157 0
157 6
157 7
157 9
157 14
157 20
157 21
157 23
157 24
157 26
157 29
157 31
157 39
157 48
157 55
157 60
157 68
157 69
157 71
157 74
157 80
157 84
157 89
157 94
157 101
157 107
157 110
157 111
157 118
157 133
157 134
157 137
157 139
157 145
157 152
157 154
157 158
157 166
157 177
157 182
157 190
157 191
157 193
157 195
157 202
157 211
157 212
157 213
157 218
157 219
157 221
157 230
157 234
157 236
157 237
157 238
157 239
158 1
158 2
158 5
158 6
158 7
158 14
158 17
158 20
158 27
158 39
158 48
158 50
158 70
158 74
158 75
158 86
158 90
158 91
158 93
158 95
158 96
158 100
158 115
158 117
158 118
158 128
158 130
158 146
158 156
158 163
158 164
158 165
158 169
158 170
158 172
158 183
158 186
158 188
158 189
158 194
158 205
158 209
158 211
158 215
158 216
158 223
158 226
158 227
158 234
159 2
159 12
159 14
159 19
159 20
159 24
159 26
159 27
159 28
159 33
159 36
159 39
159 42
159 47
159 48
159 55
159 60
159 61
159 64
159 65
159 67
159 68
159 70
159 72
159 73
159 76
159 80
159 81
159 95
159 96
159 100
159 101
159 102
159 105
159 115
159 124
159 126
159 130
159 137
159 146
159 147
159 151
159 154
159 155
159 160
159 166
159 171
159 186
159 190
159 196
159 199
159 211
159 214
159 220
159 221
159 231
159 232
159 234
159 237
160 0
160 3
160 8
160 14
160 16
160 18
160 20
160 26
160 28
160 30
160 32
160 35
160 38
160 46
160 64
160 72
160 73
160 74
160 77
160 84
160 87
160 90
160 99
160 102
160 103
160 115
160 119
160 138
160 139
160 143
160 148
160 149
160 152
160 153
160 155
160 156
160 164
160 165
160 168
160 170
160 179
160 184
160 188
160 198
160 199
160 207
160 222
160 235
160 239
161 1
161 2
161 5
161 8
161 9
161 29
161 32
161 40
161 44
161 46
161 47
161 68
161 80
161 89
161 94
161 101
161 102
161 104
161 111
161 128
161 131
161 142
161 145
161 161
161 171
161 175
161 178
161 186
161 189
161 204
161 211
161 212
161 217
161 219
161 220
161 225
161 237
162 0
162 2
162 4
162 14
162 19
162 20
162 31
162 33
162 39
162 40
162 49
162 55
162 59
162 63
162 64
162 65
162 70
162 78
162 82
162 98
162 103
162 106
162 121
162 129
162 130
162 131
162 133
162 134
162 139
162 140
162 147
162 172
162 179
162 183
162 186
162 187
162 188
162 200
162 201
162 205
162 208
162 210
162 212
162 224
162 227
162 232
163 3
163 5
163 12
163 16
163 21
163 24
163 25
163 26
163 29
163 40
163 43
163 44
163 46
163 57
163 65
163 70
163 71
163 75
163 84
163 89
163 90
163 94
163 97
163 101
163 106
163 111
163 115
163 117
163 126
163 130
163 131
163 140
163 152
163 159
163 162
163 165
163 170
163 174
163 175
163 178
163 180
163 181
163 184
163 192
163 198
163 201
163 204
163 211
163 216
163 220
163 223
163 238
163 239
164 7
164 18
164 27
164 30
164 33
164 41
164 43
164 50
164 63
164 70
164 74
164 77
164 80
164 81
164 83
164 85
164 89
164 91
164 95
164 103
164 106
164 109
164 116
164 119
164 128
164 132
164 140
164 144
164 145
164 150
164 157
164 166
164 190
164 191
164 193
164 194
164 202
164 206
164 208
164 222
164 234
164 237
165 2
165 8
165 10
165 13
165 16
165 22
165 25
165 27
165 30
165 41
165 45
165 50
165 53
165 54
165 57
165 58
165 66
165 67
165 69
165 72
165 76
165 78
165 80
165 97
165 110
165 121
165 122
165 123
165 129
165 133
165 137
165 146
165 154
165 155
165 156
165 178
165 184
165 186
165 188
165 191
165 205
165 211
165 216
165 217
165 221
165 228
165 229
165 236
165 238
166 4
166 8
166 15
166 16
166 35
166 36
166 40
166 42
166 44
166 45
166 46
166 49
166 56
166 57
166 62
166 70
166 72
166 75
166 80
166 87
166 89
166 90
166 91
166 94
166 97
166 99
166 100
166 103
166 121
166 124
166 128
166 130
166 167
166 175
166 177
166 186
166 188
166 193
166 197
166 201
166 202
166 209
166 212
166 219
166 228
167 9
167 16
167 21
167 24
167 32
167 36
167 38
167 41
167 49
167 53
167 57
167 62
167 63
167 66
167 97
167 98
167 103
167 117
167 120
167 126
167 133
167 135
167 138
167 146
167 156
167 157
167 158
167 163
167 164
167 166
167 170
167 173
167 174
167 178
167 179
167 181
167 184
167 189
167 194
167 202
167 211
167 212
167 213
167 217
167 220
167 223
167 225
167 226
167 227
167 237
168 14
168 20
168 23
168 29
168 30
168 38
168 51
168 56
168 65
168 68
168 80
168 89
168 97
168 104
168 107
168 114
168 117
168 123
168 131
168 133
168 134
168 150
168 155
168 157
168 160
168 161
168 166
168 176
168 185
168 187
168 191
168 200
168 213
168 222
168 224
168 229
168 236
169 5
169 8
169 13
169 14
169 15
169 20
169 23
169 32
169 34
169 36
169 57
169 69
169 75
169 78
169 81
169 84
169 88
169 92
169 93
169 108
169 112
169 114
169 116
169 118
169 121
169 129
169 132
169 135
169 161
169 163
169 165
169 167
169 173
169 174
169 188
169 191
169 208
169 211
169 217
169 226
169 229
169 239
170 2
170 3
170 9
170 17
170 22
170 24
170 27
170 28
170 31
170 32
170 47
170 52
170 55
170 59
170 61
170 68
170 74
170 78
170 80
170 83
170 84
170 85
170 91
170 103
170 105
170 113
170 125
170 127
170 132
170 141
170 144
170 146
170 149
170 155
170 156
170 162
170 163
170 169
170 177
170 178
170 181
170 188
170 191
170 193
170 201
170 204
170 207
170 209
170 212
170 214
170 220
170 221
170 222
170 233
170 237
170 238
171 15
171 28
171 43
171 53
171 55
171 61
171 63
171 69
171 77
171 78
171 83
171 88
171 92
171 94
171 96
171 100
171 108
171 114
171 116
171 118
171 124
171 130
171 132
171 134
171 139
171 141
171 143
171 146
171 151
171 152
171 156
171 157
171 163
171 165
171 166
171 171
171 184
171 186
171 189
171 195
171 203
171 204
171 209
171 214
171 215
171 216
171 220
171 222
172 8
172 10
172 11
172 13
172 19
172 30
172 36
172 42
172 43
172 52
172 58
172 61
172 73
172 87
172 96
172 100
172 101
172 111
172 112
172 119
172 120
172 121
172 132
172 135
172 145
172 147
172 149
172 151
172 154
172 155
172 164
172 165
172 166
172 173
172 183
172 186
172 193
172 196
172 197
172 198
172 202
172 211
172 222
172 226
172 230
172 236
172 239
173 0
173 16
173 26
173 29
173 32
173 41
173 45
173 52
173 63
173 65
173 73
173 76
173 79
173 92
173 100
173 102
173 105
173 110
173 112
173 120
173 121
173 132
173 134
173 136
173 142
173 143
173 147
173 150
173 152
173 153
173 165
173 178
173 180
173 191
173 197
173 198
173 199
173 206
173 207
173 209
173 211
173 213
173 220
173 222
173 224
173 233
173 237
173 238
173 239
174 2
174 4
174 11
174 22
174 23
174 42
174 43
174 47
174 49
174 55
174 58
174 61
174 67
174 72
174 80
174 84
174 88
174 99
174 108
174 111
174 128
174 130
174 156
174 160
174 161
174 171
174 175
174 182
174 183
174 188
174 191
174 192
174 199
174 200
174 202
174 204
174 210
174 211
174 215
174 217
174 220
174 231
175 18
175 36
175 38
175 43
175 44
175 45
175 50
175 57
175 60
175 63
175 69
175 85
175 90
175 99
175 100
175 106
175 115
175 119
175 121
175 122
175 125
175 133
175 134
175 137
175 139
175 140
175 146
175 158
175 164
175 168
175 175
175 176
175 177
175 179
175 183
175 194
175 196
175 198
175 202
175 205
175 229
175 233
175 235
176 5
176 9
176 18
176 22
176 24
176 27
176 29
176 31
176 35
176 44
176 46
176 47
176 51
176 52
176 55
176 56
176 64
176 70
176 90
176 92
176 103
176 110
176 113
176 115
176 120
176 121
176 128
176 130
176 137
176 140
176 149
176 151
176 160
176 161
176 163
176 164
176 166
176 167
176 174
176 180
176 187
176 198
176 207
176 213
176 219
176 221
176 222
176 223
176 225
176 235
176 236
176 237
176 239
177 7
177 8
177 12
177 14
177 16
177 21
177 25
177 28
177 30
177 36
177 43
177 52
177 53
177 59
177 60
177 68
177 73
177 78
177 82
177 84
177 92
177 96
177 97
177 111
177 114
177 115
177 127
177 130
177 132
177 136
177 139
177 142
177 143
177 145
177 146
177 152
177 154
177 167
177 171
177 176
177 181
177 189
177 195
177 196
177 200
177 204
177 213
177 214
177 218
177 233
178 4
178 5
178 9
178 26
178 29
178 43
178 52
178 57
178 58
178 67
178 72
178 73
178 77
178 93
178 110
178 120
178 125
178 130
178 133
178 147
178 150
178 154
178 169
178 175
178 178
178 185
178 188
178 196
178 197
178 201
178 211
178 216
178 217
178 218
178 220
178 233
179 8
179 9
179 15
179 28
179 31
179 34
179 38
179 47
179 49
179 52
179 53
179 58
179 59
179 73
179 79
179 83
179 84
179 87
179 89
179 97
179 102
179 107
179 114
179 117
179 120
179 133
179 143
179 145
179 146
179 147
179 148
179 150
179 154
179 162
179 170
179 176
179 178
179 194
179 197
179 211
179 218
179 221
179 223
179 225
179 232
179 234
179 235
180 5
180 8
180 10
180 16
180 20
180 21
180 37
180 40
180 42
180 48
180 49
180 51
180 56
180 58
180 62
180 66
180 78
180 83
180 87
180 105
180 107
180 111
180 132
180 133
180 144
180 151
180 153
180 154
180 173
180 179
180 180
180 194
180 195
180 200
180 210
180 213
180 222
180 226
180 232
180 233
180 234
180 238
181 1
181 3
181 13
181 17
181 27
181 29
181 48
181 57
181 66
181 68
181 75
181 88
181 89
181 91
181 92
181 96
181 97
181 100
181 106
181 108
181 116
181 119
181 121
181 122
181 123
181 129
181 144
181 145
181 146
181 150
181 152
181 154
181 155
181 157
181 158
181 165
181 166
181 168
181 184
181 192
181 199
181 202
181 204
181 205
181 212
181 219
181 220
181 226
181 229
181 230
181 231
181 233
182 4
182 5
182 11
182 13
182 15
182 18
182 26
182 32
182 48
182 54
182 56
182 57
182 58
182 59
182 63
182 75
182 80
182 89
182 95
182 101
182 104
182 105
182 117
182 125
182 127
182 128
182 129
182 131
182 139
182 141
182 145
182 146
182 150
182 157
182 162
182 178
182 182
182 186
182 193
182 197
182 202
182 204
182 207
182 210
182 211
182 213
182 221
182 222
182 223
182 225
182 228
182 232
183 0
183 1
183 12
183 13
183 15
183 18
183 20
183 21
183 27
183 32
183 45
183 57
183 61
183 64
183 80
183 88
183 89
183 95
183 104
183 121
183 126
183 128
183 145
183 146
183 149
183 153
183 156
183 159
183 169
183 172
183 175
183 178
183 182
183 185
183 187
183 195
183 198
183 199
183 204
183 208
183 209
183 210
183 219
183 223
183 224
183 225
183 235
183 237
183 239
184 1
184 5
184 10
184 19
184 25
184 33
184 43
184 47
184 83
184 96
184 100
184 102
184 112
184 113
184 116
184 117
184 120
184 121
184 129
184 131
184 143
184 144
184 145
184 147
184 148
184 149
184 154
184 162
184 163
184 166
184 171
184 177
184 179
184 189
184 191
184 193
184 194
184 198
184 203
184 205
184 214
184 218
184 220
184 227
184 233
185 5
185 6
185 12
185 17
185 24
185 25
185 26
185 28
185 42
185 46
185 54
185 55
185 58
185 67
185 72
185 73
185 78
185 82
185 86
185 89
185 96
185 101
185 104
185 105
185 107
185 125
185 129
185 131
185 151
185 158
185 169
185 172
185 176
185 192
185 195
185 197
185 198
185 209
185 211
185 213
185 231
185 233
185 236
186 5
186 6
186 11
186 17
186 19
186 27
186 28
186 30
186 32
186 35
186 36
186 44
186 46
186 47
186 52
186 53
186 54
186 64
186 66
186 72
186 79
186 88
186 90
186 93
186 100
186 101
186 106
186 107
186 115
186 134
186 138
186 142
186 153
186 154
186 156
186 165
186 173
186 174
186 177
186 181
186 188
186 203
186 206
186 212
186 215
186 217
186 220
186 228
186 231
186 233
186 237
186 239
187 2
187 7
187 12
187 15
187 16
187 38
187 41
187 57
187 63
187 67
187 72
187 74
187 98
187 108
187 109
187 110
187 113
187 121
187 128
187 133
187 139
187 142
187 144
187 150
187 160
187 162
187 165
187 166
187 173
187 174
187 183
187 184
187 192
187 197
187 215
187 220
187 222
187 224
187 233
188 2
188 8
188 10
188 27
188 34
188 36
188 44
188 48
188 52
188 66
188 67
188 74
188 79
188 80
188 83
188 89
188 99
188 104
188 109
188 110
188 112
188 113
188 115
188 117
188 122
188 124
188 126
188 127
188 130
188 140
188 145
188 146
188 150
188 154
188 160
188 161
188 168
188 170
188 193
188 194
188 195
188 198
188 201
188 202
188 207
188 211
188 217
188 219
188 225
189 5
189 12
189 17
189 19
189 28
189 29
189 46
189 59
189 63
189 64
189 71
189 75
189 87
189 89
189 94
189 101
189 104
189 125
189 127
189 138
189 139
189 140
189 149
189 151
189 153
189 154
189 178
189 179
189 187
189 197
189 198
189 209
189 214
189 216
189 217
189 219
189 229
189 231
190 13
190 14
190 15
190 18
190 19
190 23
190 25
190 30
190 31
190 35
190 37
190 50
190 51
190 61
190 63
190 68
190 74
190 87
190 88
190 90
190 91
190 108
190 110
190 116
190 120
190 126
190 129
190 133
190 141
190 144
190 146
190 152
190 154
190 162
190 169
190 175
190 178
190 179
190 181
190 182
190 185
190 188
190 189
190 190
190 200
190 210
190 212
190 214
190 217
190 229
190 236
191 1
191 4
191 8
191 9
191 11
191 13
191 19
191 21
191 40
191 42
191 54
191 55
191 56
191 69
191 70
191 74
191 75
191 78
191 83
191 90
191 96
191 108
191 115
191 119
191 128
191 130
191 147
191 148
191 149
191 155
191 161
191 168
191 174
191 175
191 186
191 189
191 193
191 194
191 197
191 200
191 206
191 216
191 219
191 220
191 222
191 235
191 238
192 1
192 2
192 12
192 14
192 15
192 28
192 30
192 37
192 40
192 51
192 61
192 63
192 70
192 73
192 74
192 75
192 76
192 80
192 88
192 93
192 98
192 99
192 106
192 113
192 115
192 132
192 134
192 138
192 140
192 141
192 143
192 145
192 147
192 158
192 190
192 195
192 203
192 205
192 206
192 208
192 223
192 227
192 233
193 2
193 7
193 11
193 12
193 13
193 22
193 25
193 32
193 34
193 35
193 36
193 38
193 42
193 54
193 55
193 56
193 59
193 62
193 64
193 66
193 69
193 76
193 80
193 83
193 85
193 86
193 95
193 96
193 99
193 103
193 104
193 105
193 108
193 111
193 117
193 122
193 127
193 129
193 130
193 137
193 139
193 141
193 146
193 149
193 166
193 175
193 178
193 183
193 197
193 199
193 204
193 205
193 207
193 211
193 222
193 223
193 224
193 227
193 228
194 2
194 3
194 5
194 14
194 16
194 24
194 27
194 30
194 36
194 39
194 45
194 49
194 54
194 57
194 59
194 61
194 74
194 75
194 77
194 78
194 81
194 91
194 98
194 104
194 105
194 107
194 118
194 121
194 123
194 133
194 134
194 139
194 142
194 144
194 146
194 153
194 154
194 159
194 165
194 179
194 183
194 189
194 190
194 191
194 197
194 198
194 203
194 209
194 213
194 222
194 224
194 225
194 238
195 4
195 7
195 9
195 10
195 11
195 15
195 18
195 21
195 33
195 47
195 49
195 53
195 58
195 61
195 69
195 73
195 84
195 87
195 90
195 93
195 101
195 108
195 111
195 113
195 118
195 126
195 133
195 134
195 135
195 142
195 145
195 148
195 155
195 162
195 163
195 164
195 176
195 183
195 190
195 197
195 199
195 201
195 206
195 207
195 232
195 233
195 234
195 237
196 4
196 5
196 22
196 26
196 27
196 31
196 37
196 38
196 40
196 42
196 47
196 57
196 61
196 68
196 69
196 71
196 72
196 76
196 78
196 87
196 92
196 96
196 100
196 105
196 113
196 117
196 120
196 123
196 126
196 129
196 132
196 133
196 141
196 147
196 151
196 155
196 164
196 172
196 192
196 194
196 198
196 203
196 208
196 212
196 218
196 223
196 228
196 229
196 235
196 239
197 3
197 4
197 13
197 14
197 24
197 29
197 31
197 34
197 54
197 57
197 62
197 63
197 86
197 87
197 90
197 91
197 107
197 122
197 123
197 130
197 137
197 144
197 145
197 147
197 151
197 152
197 157
197 159
197 160
197 175
197 177
197 180
197 184
197 186
197 188
197 190
197 192
197 194
197 199
197 201
197 220
197 228
197 230
197 232
197 236
198 2
198 3
198 5
198 7
198 13
198 15
198 17
198 21
198 28
198 35
198 40
198 45
198 47
198 50
198 55
198 56
198 61
198 66
198 68
198 77
198 78
198 79
198 80
198 81
198 93
198 94
198 95
198 96
198 99
198 102
198 107
198 112
198 116
198 117
198 123
198 130
198 145
198 151
198 157
198 164
198 165
198 175
198 182
198 183
198 188
198 193
198 200
198 201
198 210
198 213
198 215
198 221
199 2
199 3
199 4
199 6
199 7
199 13
199 14
199 17
199 19
199 23
199 35
199 43
199 44
199 46
199 57
199 82
199 85
199 89
199 91
199 95
199 97
199 104
199 114
199 115
199 124
199 127
199 148
199 150
199 151
199 160
199 161
199 162
199 165
199 169
199 175
199 182
199 183
199 185
199 187
199 189
199 195
199 200
199 202
199 203
199 211
199 218
199 226
199 227
199 234
199 235
199 236
199 238
199 239
200 3
200 9
200 11
200 14
200 15
200 16
200 17
200 20
200 27
200 38
200 47
200 55
200 57
200 59
200 65
200 68
200 73
200 79
200 90
200 95
200 116
200 119
200 123
200 126
200 129
200 137
200 140
200 141
200 142
200 146
200 151
200 153
200 155
200 157
200 171
200 180
200 183
200 187
200 196
200 205
200 206
200 208
200 213
200 216
200 217
200 223
200 225
200 230
201 5
201 9
201 10
201 12
201 15
201 20
201 22
201 25
201 28
201 30
201 38
201 40
201 41
201 43
201 46
201 49
201 50
201 72
201 77
201 94
201 97
201 105
201 117
201 121
201 124
201 126
201 127
201 143
201 157
201 158
201 163
201 164
201 168
201 172
201 175
201 189
201 194
201 196
201 214
201 217
201 221
201 224
201 229
201 230
201 237
201 238
202 0
202 4
202 19
202 20
202 27
202 35
202 36
202 41
202 47
202 50
202 56
202 62
202 67
202 70
202 71
202 74
202 86
202 89
202 98
202 104
202 119
202 121
202 122
202 130
202 138
202 144
202 152
202 162
202 164
202 169
202 192
202 198
202 200
202 201
202 204
202 205
202 210
202 228
202 231
203 4
203 5
203 6
203 8
203 19
203 25
203 29
203 46
203 47
203 49
203 50
203 64
203 65
203 68
203 77
203 78
203 80
203 87
203 106
203 109
203 111
203 112
203 115
203 118
203 124
203 126
203 127
203 137
203 139
203 144
203 149
203 152
203 156
203 158
203 159
203 160
203 163
203 170
203 175
203 180
203 182
203 185
203 190
203 193
203 194
203 195
203 198
203 199
203 200
203 202
203 209
203 219
203 221
203 228
203 234
203 238
204 6
204 9
204 27
204 38
204 49
204 64
204 67
204 69
204 71
204 72
204 73
204 78
204 90
204 93
204 94
204 95
204 97
204 99
204 103
204 108
204 111
204 117
204 118
204 120
204 124
204 126
204 133
204 134
204 154
204 157
204 165
204 167
204 174
204 175
204 177
204 179
204 183
204 190
204 195
204 196
204 211
204 214
204 216
204 221
204 224
204 230
204 235
204 236
204 237
205 1
205 3
205 4
205 7
205 12
205 18
205 22
205 28
205 29
205 30
205 35
205 36
205 38
205 45
205 54
205 58
205 59
205 66
205 72
205 75
205 79
205 91
205 93
205 94
205 99
205 103
205 106
205 113
205 119
205 126
205 127
205 128
205 130
205 132
205 136
205 139
205 143
205 150
205 152
205 154
205 157
205 159
205 193
205 196
205 206
205 207
205 213
205 216
205 218
205 220
205 225
205 229
205 232
205 235
205 239
206 11
206 27
206 28
206 33
206 34
206 37
206 47
206 48
206 56
206 58
206 65
206 70
206 72
206 86
206 89
206 97
206 99
206 104
206 116
206 118
206 122
206 131
206 135
206 136
206 139
206 146
206 147
206 148
206 164
206 170
206 174
206 181
206 184
206 186
206 193
206 198
206 201
206 206
206 224
206 226
206 228
206 233
206 237
206 239
207 0
207 3
207 16
207 19
207 20
207 21
207 28
207 36
207 41
207 44
207 46
207 51
207 54
207 71
207 81
207 102
207 104
207 112
207 115
207 119
207 120
207 126
207 127
207 147
207 148
207 152
207 157
207 159
207 162
207 164
207 171
207 172
207 175
207 176
207 177
207 178
207 184
207 193
207 198
207 203
207 211
207 213
207 226
207 230
207 237
208 2
208 4
208 5
208 14
208 24
208 29
208 33
208 46
208 49
208 57
208 58
208 63
208 65
208 66
208 74
208 76
208 77
208 81
208 83
208 86
208 88
208 91
208 92
208 98
208 127
208 130
208 135
208 147
208 167
208 172
208 175
208 176
208 180
208 192
208 193
208 198
208 203
208 204
208 208
208 213
208 225
208 228
208 231
208 232
208 235
209 3
209 8
209 9
209 24
209 30
209 49
209 57
209 59
209 60
209 63
209 66
209 79
209 80
209 82
209 83
209 85
209 86
209 93
209 105
209 111
209 114
209 115
209 127
209 131
209 134
209 135
209 140
209 146
209 155
209 159
209 163
209 171
209 182
209 184
209 189
209 194
209 196
209 200
209 210
209 215
209 216
209 235
209 236
209 238
209 239
210 4
210 9
210 10
210 15
210 16
210 20
210 22
210 24
210 36
210 44
210 45
210 50
210 51
210 52
210 54
210 58
210 61
210 65
210 68
210 72
210 76
210 77
210 80
210 82
210 89
210 92
210 96
210 100
210 110
210 111
210 117
210 118
210 120
210 122
210 135
210 149
210 160
210 164
210 167
210 174
210 175
210 178
210 184
210 187
210 190
210 191
210 192
210 193
210 202
210 207
210 209
210 210
210 212
210 224
210 235
210 238
211 12
211 17
211 28
211 31
211 41
211 47
211 48
211 52
211 65
211 66
211 72
211 83
211 85
211 93
211 94
211 102
211 103
211 105
211 116
211 123
211 133
211 137
211 143
211 150
211 163
211 165
211 174
211 177
211 180
211 194
211 197
211 200
211 201
211 207
211 208
211 220
211 221
211 230
211 232
211 236
212 11
212 18
212 22
212 23
212 24
212 29
212 30
212 46
212 53
212 56
212 57
212 68
212 71
212 73
212 74
212 75
212 85
212 104
212 110
212 111
212 122
212 129
212 150
212 153
212 155
212 159
212 164
212 173
212 180
212 184
212 188
212 197
212 198
212 200
212 205
212 207
212 208
212 214
212 215
212 220
212 222
212 225
212 229
212 235
212 237
212 238
213 3
213 8
213 9
213 11
213 25
213 33
213 51
213 53
213 59
213 67
213 68
213 69
213 72
213 73
213 83
213 85
213 88
213 96
213 99
213 101
213 104
213 110
213 113
213 114
213 120
213 121
213 141
213 147
213 151
213 153
213 155
213 156
213 161
213 170
213 176
213 178
213 180
213 182
213 188
213 193
213 196
213 201
213 203
213 205
213 207
213 212
213 215
213 225
213 231
214 3
214 8
214 9
214 10
214 11
214 16
214 19
214 21
214 24
214 32
214 38
214 51
214 53
214 71
214 79
214 85
214 89
214 94
214 95
214 101
214 103
214 116
214 117
214 126
214 127
214 138
214 139
214 141
214 142
214 150
214 158
214 165
214 168
214 172
214 180
214 187
214 191
214 193
214 203
214 205
214 212
214 230
215 22
215 23
215 24
215 25
215 26
215 28
215 31
215 35
215 39
215 49
215 53
215 64
215 65
215 67
215 68
215 74
215 75
215 83
215 85
215 88
215 101
215 106
215 111
215 112
215 113
215 118
215 120
215 125
215 127
215 129
215 131
215 134
215 135
215 137
215 139
215 142
215 151
215 171
215 172
215 176
215 177
215 180
215 181
215 184
215 193
215 195
215 199
215 200
215 216
215 226
215 239
216 0
216 4
216 5
216 14
216 19
216 20
216 26
216 28
216 31
216 38
216 40
216 61
216 79
216 80
216 87
216 93
216 100
216 104
216 112
216 114
216 128
216 131
216 134
216 135
216 144
216 145
216 150
216 153
216 166
216 176
216 182
216 183
216 184
216 191
216 197
216 199
216 206
216 207
216 213
216 215
216 216
216 219
216 226
216 227
216 232
216 238
217 4
217 20
217 29
217 30
217 32
217 35
217 36
217 40
217 45
217 48
217 59
217 60
217 70
217 79
217 80
217 82
217 90
217 108
217 112
217 114
217 132
217 140
217 142
217 146
217 152
217 158
217 168
217 169
217 170
217 177
217 183
217 191
217 219
217 220
217 223
217 226
217 228
217 232
217 233
218 8
218 20
218 28
218 30
218 35
218 40
218 46
218 53
218 55
218 59
218 67
218 71
218 73
218 76
218 78
218 83
218 99
218 100
218 101
218 106
218 110
218 118
218 122
218 123
218 126
218 127
218 128
218 129
218 132
218 135
218 136
218 137
218 145
218 152
218 156
218 159
218 166
218 196
218 202
218 206
218 209
218 212
218 213
218 215
218 221
218 222
218 234
218 238
219 2
219 3
219 5
219 7
219 8
219 16
219 19
219 20
219 22
219 28
219 39
219 40
219 45
219 46
219 52
219 57
219 58
219 63
219 65
219 77
219 81
219 85
219 92
219 95
219 100
219 109
219 111
219 118
219 137
219 141
219 147
219 153
219 157
219 160
219 161
219 169
219 185
219 189
219 193
219 197
219 200
219 203
219 229
219 236
219 238
220 0
220 6
220 7
220 12
220 13
220 20
220 26
220 27
220 30
220 38
220 39
220 45
220 71
220 84
220 87
220 91
220 95
220 96
220 101
220 104
220 107
220 112
220 114
220 115
220 118
220 126
220 129
220 137
220 141
220 144
220 148
220 152
220 156
220 157
220 158
220 159
220 165
220 178
220 196
220 200
220 202
220 204
220 209
220 211
220 224
220 225
220 229
220 239
221 1
221 8
221 12
221 13
221 17
221 20
221 23
221 35
221 47
221 60
221 64
221 66
221 80
221 86
221 87
221 91
221 101
221 102
221 105
221 107
221 113
221 120
221 121
221 122
221 134
221 136
221 141
221 146
221 155
221 164
221 168
221 170
221 174
221 179
221 196
221 199
221 202
221 208
221 209
221 211
221 224
221 227
221 232
222 14
222 20
222 30
222 34
222 48
222 51
222 58
222 59
222 64
222 67
222 71
222 73
222 76
222 78
222 81
222 83
222 89
222 99
222 101
222 105
222 116
222 118
222 124
222 128
222 133
222 134
222 145
222 147
222 151
222 152
222 156
222 162
222 164
222 168
222 181
222 188
222 201
222 203
222 206
222 217
222 230
222 233
222 239
223 6
223 7
223 10
223 17
223 19
223 42
223 43
223 44
223 45
223 54
223 56
223 61
223 62
223 63
223 69
223 79
223 85
223 87
223 90
223 91
223 96
223 97
223 100
223 103
223 116
223 117
223 130
223 134
223 150
223 158
223 165
223 166
223 167
223 168
223 173
223 174
223 175
223 179
223 183
223 188
223 195
223 199
223 208
223 215
223 219
223 223
223 235
223 237
224 1
224 8
224 14
224 21
224 25
224 26
224 27
224 34
224 38
224 43
224 46
224 49
224 60
224 65
224 68
224 71
224 72
224 80
224 90
224 95
224 102
224 105
224 115
224 117
224 119
224 120
224 123
224 124
224 126
224 132
224 134
224 141
224 144
224 153
224 154
224 155
224 163
224 171
224 174
224 180
224 189
224 194
224 198
224 201
224 202
224 211
224 214
224 218
224 221
224 222
224 230
225 3
225 7
225 16
225 18
225 23
225 25
225 26
225 28
225 40
225 42
225 47
225 55
225 56
225 57
225 64
225 65
225 68
225 70
225 80
225 81
225 98
225 110
225 112
225 116
225 127
225 132
225 134
225 139
225 140
225 147
225 162
225 163
225 174
225 177
225 178
225 180
225 181
225 184
225 186
225 189
225 192
225 198
225 200
225 211
225 212
225 218
225 225
225 230
226 2
226 3
226 11
226 13
226 24
226 28
226 29
226 30
226 31
226 36
226 38
226 39
226 46
226 52
226 59
226 62
226 63
226 64
226 70
226 74
226 77
226 79
226 92
226 94
226 103
226 105
226 106
226 108
226 117
226 118
226 119
226 133
226 148
226 157
226 159
226 163
226 165
226 166
226 170
226 179
226 180
226 182
226 183
226 189
226 190
226 191
226 192
226 200
226 201
226 203
226 213
226 221
226 227
226 229
226 237
227 0
227 3
227 4
227 5
227 9
227 10
227 18
227 23
227 24
227 29
227 33
227 43
227 46
227 53
227 57
227 64
227 65
227 70
227 75
227 86
227 87
227 89
227 91
227 100
227 101
227 103
227 109
227 110
227 124
227 125
227 127
227 132
227 137
227 140
227 141
227 143
227 146
227 148
227 150
227 153
227 160
227 163
227 165
227 168
227 169
227 174
227 177
227 187
227 189
227 192
227 193
227 194
227 219
227 223
227 224
227 226
227 231
227 239
228 5
228 7
228 14
228 17
228 21
228 25
228 29
228 37
228 43
228 46
228 51
228 58
228 59
228 60
228 63
228 80
228 82
228 84
228 104
228 108
228 114
228 115
228 116
228 121
228 126
228 127
228 131
228 138
228 141
228 146
228 160
228 173
228 175
228 176
228 178
228 186
228 187
228 193
228 196
228 197
228 199
228 200
228 207
228 210
228 213
228 214
228 215
228 224
228 228
228 235
229 0
229 1
229 2
229 3
229 4
229 6
229 9
229 17
229 19
229 29
229 32
229 50
229 51
229 64
229 71
229 76
229 79
229 83
229 85
229 94
229 98
229 102
229 103
229 106
229 110
229 117
229 124
229 129
229 139
229 141
229 143
229 145
229 152
229 158
229 160
229 169
229 171
229 173
229 174
229 177
229 178
229 181
229 185
229 187
229 188
229 193
229 206
229 218
229 220
229 229
229 231
229 237
229 238
230 3
230 22
230 25
230 40
230 43
230 58
230 62
230 74
230 84
230 90
230 104
230 110
230 111
230 118
230 119
230 132
230 133
230 138
230 141
230 161
230 163
230 174
230 176
230 177
230 186
230 189
230 196
230 200
230 203
230 208
230 214
230 216
230 219
230 234
230 238
231 2
231 17
231 38
231 41
231 42
231 44
231 55
231 61
231 69
231 72
231 74
231 77
231 89
231 94
231 104
231 108
231 110
231 112
231 121
231 128
231 149
231 152
231 165
231 172
231 174
231 179
231 184
231 192
231 193
231 195
231 196
231 204
231 207
231 211
231 214
231 229
231 232
232 1
232 3
232 4
232 9
232 10
232 18
232 23
232 28
232 31
232 37
232 38
232 39
232 56
232 57
232 58
232 62
232 63
232 64
232 66
232 77
232 91
232 98
232 99
232 102
232 103
232 110
232 115
232 116
232 135
232 137
232 141
232 143
232 145
232 149
232 154
232 162
232 165
232 169
232 179
232 183
232 193
232 195
232 197
232 198
232 204
232 209
232 212
232 226
232 232
232 235
233 0
233 5
233 8
233 9
233 10
233 11
233 12
233 13
233 16
233 21
233 25
233 30
233 32
233 35
233 37
233 40
233 42
233 43
233 51
233 52
233 53
233 59
233 74
233 95
233 100
233 101
233 107
233 114
233 115
233 120
233 121
233 126
233 129
233 130
233 132
233 138
233 140
233 144
233 153
233 160
233 166
233 167
233 171
233 174
233 180
233 181
233 182
233 184
233 190
233 194
233 199
233 205
233 209
233 215
233 216
233 232
233 238
234 11
234 16
234 21
234 40
234 45
234 67
234 76
234 79
234 82
234 84
234 86
234 88
234 92
234 94
234 99
234 103
234 106
234 114
234 116
234 118
234 119
234 131
234 136
234 137
234 138
234 147
234 149
234 153
234 157
234 158
234 167
234 168
234 170
234 173
234 176
234 181
234 188
234 189
234 190
234 194
234 195
234 198
234 203
234 207
234 208
234 212
234 217
234 225
234 226
234 227
234 235
234 237
234 239
235 1
235 5
235 7
235 10
235 13
235 32
235 35
235 36
235 38
235 47
235 64
235 67
235 73
235 82
235 88
235 96
235 97
235 103
235 105
235 107
235 110
235 113
235 117
235 125
235 129
235 130
235 133
235 134
235 140
235 142
235 145
235 158
235 165
235 170
235 174
235 184
235 187
235 199
235 200
235 207
235 208
235 210
235 217
235 221
235 224
235 225
235 226
236 6
236 22
236 27
236 32
236 33
236 37
236 44
236 51
236 62
236 63
236 64
236 65
236 69
236 73
236 91
236 94
236 101
236 102
236 114
236 127
236 132
236 135
236 136
236 137
236 147
236 149
236 154
236 156
236 158
236 162
236 163
236 170
236 172
236 175
236 192
236 194
236 197
236 198
236 204
236 205
236 217
236 218
236 219
236 222
236 223
236 226
236 234
236 238
237 3
237 11
237 13
237 17
237 18
237 19
237 23
237 32
237 43
237 73
237 81
237 84
237 87
237 89
237 91
237 102
237 104
237 109
237 110
237 117
237 120
237 123
237 129
237 131
237 133
237 140
237 143
237 148
237 166
237 170
237 177
237 178
237 179
237 187
237 191
237 195
237 196
237 197
237 206
237 213
237 220
237 222
237 224
237 228
237 231
237 232
237 235
237 239
238 1
238 2
238 4
238 12
238 13
238 14
238 18
238 20
238 21
238 25
238 26
238 35
238 36
238 37
238 39
238 43
238 46
238 47
238 48
238 50
238 56
238 65
238 69
238 71
238 88
238 91
238 104
238 109
238 117
238 120
238 121
238 123
238 128
238 135
238 142
238 144
238 147
238 152
238 159
238 161
238 170
238 183
238 195
238 196
238 201
238 203
238 211
238 212
238 216
238 223
238 230
238 231
238 235
238 236
238 237
239 2
239 14
239 16
239 18
239 30
239 39
239 40
239 42
239 50
239 57
239 68
239 78
239 84
239 87
239 90
239 93
239 94
239 97
239 102
239 103
239 116
239 122
239 125
239 129
239 133
239 136
239 139
239 146
239 153
239 157
239 173
239 188
239 189
239 196
239 197
239 213
239 214
239 217
239 218
239 219
239 228
239 233
239 235
239 236
