90
1620
0 8
0 30
0 34
0 37
0 38
0 39
0 45
0 46
0 47
0 48
0 52
0 53
0 62
0 65
0 73
0 79
0 80
0 81
0 85
0 88
1 6
1 8
1 16
1 20
1 26
1 28
1 31
1 42
1 47
1 56
1 61
1 64
1 67
1 70
1 75
1 77
1 82
2 7
2 9
2 15
2 16
2 21
2 22
2 27
2 29
2 32
2 35
2 37
2 38
2 40
2 43
2 45
2 48
2 49
2 52
2 71
2 73
2 79
2 82
2 85
3 0
3 12
3 15
3 18
3 19
3 23
3 24
3 32
3 34
3 36
3 50
3 68
3 73
3 77
3 78
3 80
3 85
4 4
4 5
4 6
4 14
4 25
4 39
4 52
4 61
4 67
4 69
4 77
5 3
5 4
5 5
5 11
5 19
5 31
5 36
5 42
5 45
5 48
5 53
5 54
5 55
5 68
5 71
5 78
5 79
5 80
6 1
6 6
6 9
6 13
6 23
6 34
6 41
6 51
6 57
6 60
6 63
6 64
6 65
6 68
6 70
6 74
6 75
6 79
6 80
6 81
6 83
6 85
6 88
7 3
7 6
7 9
7 18
7 19
7 20
7 33
7 34
7 45
7 47
7 50
7 58
7 59
7 64
7 71
7 73
7 77
7 85
7 88
7 89
8 1
8 8
8 16
8 32
8 33
8 34
8 36
8 38
8 43
8 48
8 52
8 54
8 55
8 60
8 65
8 69
8 70
8 74
8 85
8 86
9 1
9 11
9 15
9 16
9 17
9 18
9 20
9 23
9 34
9 35
9 45
9 49
9 53
9 62
9 70
9 74
9 82
9 83
9 89
10 2
10 9
10 12
10 15
10 24
10 25
10 32
10 37
10 38
10 42
10 47
10 48
10 58
10 60
10 64
10 65
10 67
10 71
10 73
11 2
11 11
11 15
11 43
11 48
11 52
11 54
11 56
11 61
11 65
11 85
12 7
12 15
12 16
12 17
12 22
12 23
12 38
12 53
12 56
12 59
12 68
12 69
12 72
12 76
12 77
12 82
12 87
13 0
13 8
13 9
13 26
13 33
13 37
13 38
13 41
13 49
13 59
13 66
13 67
13 69
13 73
13 77
13 87
13 89
14 1
14 5
14 10
14 16
14 29
14 33
14 34
14 35
14 36
14 42
14 45
14 71
14 72
14 82
14 83
15 11
15 15
15 24
15 32
15 37
15 40
15 45
15 46
15 49
15 50
15 55
15 56
15 58
15 64
15 67
15 75
15 80
15 87
15 88
16 0
16 1
16 2
16 3
16 7
16 11
16 30
16 39
16 44
16 56
16 68
16 74
16 75
16 77
16 78
16 83
16 85
17 3
17 7
17 16
17 20
17 32
17 39
17 43
17 72
17 75
17 77
17 80
17 83
18 6
18 8
18 14
18 18
18 19
18 20
18 22
18 28
18 30
18 36
18 47
18 50
18 65
18 73
19 1
19 10
19 12
19 13
19 14
19 33
19 37
19 41
19 44
19 45
19 50
19 51
19 52
19 53
19 54
19 61
19 67
19 76
19 83
20 16
20 17
20 21
20 23
20 24
20 27
20 33
20 38
20 48
20 56
20 74
20 80
21 4
21 5
21 24
21 29
21 31
21 36
21 48
21 54
21 55
21 58
21 64
21 65
21 66
21 67
21 74
21 78
21 81
21 82
21 88
22 0
22 2
22 5
22 8
22 12
22 13
22 17
22 23
22 25
22 30
22 37
22 40
22 47
22 48
22 49
22 61
22 66
22 78
22 83
23 0
23 2
23 3
23 7
23 10
23 11
23 34
23 36
23 38
23 42
23 44
23 48
23 49
23 54
23 62
23 65
23 67
23 73
23 74
23 75
23 77
23 80
23 81
23 83
24 11
24 18
24 27
24 28
24 29
24 31
24 33
24 45
24 55
24 56
24 60
24 61
24 78
24 79
24 82
24 83
24 85
24 86
25 6
25 7
25 11
25 12
25 13
25 26
25 36
25 42
25 48
25 49
25 51
25 52
25 58
25 65
25 66
25 70
25 77
25 78
25 81
25 82
25 85
26 3
26 7
26 9
26 10
26 15
26 16
26 25
26 30
26 36
26 37
26 46
26 48
26 49
26 51
26 54
26 66
26 68
26 70
26 77
26 78
26 81
27 0
27 2
27 9
27 18
27 21
27 23
27 25
27 27
27 28
27 34
27 63
27 71
27 74
27 77
27 79
27 81
27 84
28 3
28 9
28 11
28 13
28 14
28 16
28 18
28 19
28 28
28 35
28 36
28 44
28 47
28 55
28 56
28 58
28 60
28 63
28 67
28 70
28 83
28 88
29 3
29 7
29 10
29 19
29 21
29 28
29 37
29 50
29 57
29 62
29 66
29 67
29 72
29 74
29 76
29 82
29 83
29 87
29 88
30 1
30 2
30 15
30 17
30 25
30 26
30 29
30 30
30 36
30 49
30 51
30 53
30 68
30 74
30 78
30 81
30 82
30 88
31 0
31 4
31 5
31 7
31 16
31 18
31 33
31 36
31 37
31 40
31 44
31 48
31 49
31 53
31 65
31 70
31 72
31 85
31 87
32 2
32 3
32 12
32 15
32 21
32 23
32 30
32 31
32 32
32 42
32 45
32 53
32 54
32 55
32 58
32 59
32 70
32 77
32 83
32 89
33 5
33 7
33 8
33 9
33 10
33 13
33 17
33 20
33 22
33 23
33 24
33 30
33 31
33 48
33 52
33 55
33 62
33 67
33 75
33 81
33 82
33 88
33 89
34 9
34 10
34 50
34 51
34 63
34 65
34 68
34 70
34 72
34 75
34 77
34 79
34 87
34 88
34 89
35 5
35 6
35 7
35 17
35 36
35 40
35 43
35 50
35 57
35 58
35 60
35 65
35 66
35 68
35 70
35 73
35 76
35 83
36 2
36 5
36 7
36 8
36 11
36 27
36 28
36 35
36 39
36 52
36 58
36 65
36 71
36 82
36 85
36 87
37 1
37 6
37 30
37 35
37 36
37 37
37 41
37 49
37 52
37 56
37 58
37 60
37 64
37 73
37 75
37 78
37 81
37 84
37 88
37 89
38 6
38 14
38 15
38 26
38 36
38 37
38 38
38 41
38 42
38 48
38 51
38 52
38 54
38 58
38 65
38 69
38 71
38 76
38 82
38 84
39 6
39 7
39 13
39 20
39 24
39 25
39 33
39 36
39 41
39 51
39 54
39 61
39 74
39 78
39 80
39 86
40 1
40 2
40 11
40 13
40 23
40 27
40 31
40 50
40 52
40 54
40 55
40 57
40 58
40 75
40 76
40 84
41 0
41 1
41 5
41 17
41 25
41 29
41 37
41 40
41 42
41 44
41 49
41 54
41 59
41 75
41 77
41 84
41 85
42 5
42 11
42 15
42 23
42 26
42 28
42 30
42 34
42 50
42 57
42 58
42 64
42 72
42 87
43 1
43 4
43 15
43 26
43 28
43 36
43 41
43 49
43 52
43 56
43 64
43 71
43 72
43 78
43 84
43 85
44 3
44 19
44 28
44 30
44 41
44 42
44 47
44 48
44 52
44 57
44 58
44 69
44 76
44 77
44 85
44 87
44 89
45 5
45 8
45 9
45 16
45 19
45 22
45 25
45 32
45 45
45 47
45 48
45 49
45 52
45 58
45 62
45 66
45 68
45 78
45 80
45 84
45 85
46 22
46 24
46 28
46 36
46 40
46 48
46 51
46 60
46 67
46 70
46 71
46 80
46 83
47 19
47 28
47 30
47 36
47 39
47 48
47 55
47 57
47 68
47 70
47 72
47 74
47 77
47 83
47 84
47 85
47 89
48 2
48 5
48 9
48 11
48 12
48 23
48 27
48 28
48 29
48 30
48 31
48 32
48 37
48 49
48 52
48 56
48 60
48 65
48 73
48 75
48 78
48 83
48 87
48 88
48 89
49 2
49 9
49 12
49 17
49 24
49 27
49 32
49 36
49 40
49 48
49 49
49 51
49 58
49 63
49 66
49 68
49 73
49 80
49 87
50 1
50 2
50 10
50 11
50 12
50 15
50 19
50 23
50 25
50 28
50 38
50 40
50 45
50 59
50 65
50 66
50 71
50 72
50 77
50 80
50 86
50 88
51 0
51 23
51 26
51 28
51 36
51 40
51 49
51 62
51 65
51 67
51 76
51 78
51 81
51 83
52 7
52 10
52 14
52 15
52 17
52 20
52 21
52 22
52 28
52 31
52 32
52 34
52 36
52 38
52 42
52 44
52 47
52 48
52 53
52 57
52 65
52 70
52 73
52 75
52 81
52 83
52 88
52 89
53 5
53 6
53 10
53 12
53 19
53 36
53 38
53 41
53 49
53 51
53 53
53 57
53 66
53 67
53 75
53 80
53 81
53 89
54 9
54 13
54 28
54 30
54 38
54 42
54 49
54 54
54 55
54 59
54 62
54 65
54 72
54 73
54 79
54 89
55 3
55 4
55 6
55 16
55 19
55 22
55 36
55 37
55 40
55 55
55 59
55 65
55 71
55 74
55 81
56 1
56 17
56 32
56 35
56 36
56 37
56 42
56 43
56 48
56 53
56 59
56 63
56 65
56 77
56 81
56 87
57 1
57 8
57 11
57 12
57 15
57 17
57 19
57 21
57 31
57 36
57 37
57 39
57 41
57 49
57 52
57 61
57 65
57 72
57 75
57 76
57 77
57 83
58 11
58 21
58 22
58 24
58 33
58 35
58 36
58 37
58 43
58 44
58 58
58 62
58 63
58 72
58 81
58 85
59 0
59 3
59 7
59 9
59 11
59 13
59 19
59 26
59 42
59 51
59 55
59 62
59 69
59 77
59 88
60 5
60 7
60 20
60 29
60 31
60 32
60 39
60 49
60 51
60 54
60 58
60 59
60 60
60 62
60 69
60 82
60 84
60 89
61 0
61 3
61 4
61 13
61 17
61 24
61 26
61 43
61 54
61 62
61 63
61 65
61 70
61 71
61 75
61 76
62 2
62 3
62 5
62 8
62 11
62 12
62 14
62 15
62 21
62 30
62 33
62 37
62 38
62 40
62 44
62 45
62 52
62 58
62 59
62 62
62 63
62 64
62 83
62 84
63 3
63 14
63 24
63 26
63 27
63 28
63 31
63 34
63 40
63 41
63 48
63 52
63 55
63 66
63 70
63 76
63 77
63 83
64 6
64 17
64 26
64 28
64 29
64 30
64 34
64 40
64 42
64 44
64 56
64 57
64 76
64 78
64 84
64 89
65 0
65 1
65 2
65 4
65 9
65 15
65 18
65 27
65 30
65 33
65 35
65 43
65 52
65 58
65 63
65 69
65 78
65 82
66 2
66 12
66 23
66 27
66 38
66 39
66 40
66 44
66 45
66 46
66 49
66 54
66 56
66 59
66 61
66 62
66 63
66 65
66 74
66 75
66 85
67 10
67 12
67 15
67 17
67 27
67 38
67 40
67 46
67 48
67 72
67 80
67 86
68 2
68 3
68 12
68 14
68 15
68 16
68 26
68 31
68 43
68 53
68 54
68 62
68 64
68 70
68 75
68 81
68 84
68 85
69 0
69 7
69 16
69 26
69 28
69 29
69 30
69 34
69 37
69 43
69 50
69 57
69 62
69 70
69 78
69 80
69 82
69 89
70 5
70 12
70 16
70 19
70 20
70 21
70 27
70 28
70 38
70 42
70 43
70 48
70 49
70 55
70 60
70 66
70 67
70 79
70 81
70 83
70 85
70 86
71 7
71 17
71 25
71 29
71 30
71 36
71 38
71 40
71 45
71 50
71 52
71 53
71 54
71 62
71 63
71 66
71 67
71 69
71 84
71 89
72 0
72 6
72 9
72 16
72 18
72 24
72 29
72 32
72 49
72 55
72 62
72 73
72 79
72 80
72 81
72 89
73 0
73 9
73 32
73 62
73 65
73 72
73 75
73 76
73 78
73 82
73 87
73 89
74 9
74 22
74 25
74 28
74 32
74 40
74 45
74 52
74 53
74 55
74 57
74 62
74 66
74 68
74 69
74 70
74 73
74 76
74 79
74 85
75 1
75 11
75 16
75 17
75 19
75 27
75 32
75 33
75 36
75 37
75 46
75 50
75 51
75 53
75 66
75 69
75 70
75 72
75 73
75 74
75 79
75 84
75 85
75 86
76 4
76 6
76 23
76 24
76 26
76 30
76 31
76 46
76 47
76 52
76 54
76 67
76 71
76 85
76 87
76 88
77 2
77 6
77 12
77 14
77 16
77 22
77 24
77 28
77 53
77 55
77 59
77 61
77 63
77 64
77 65
77 69
77 73
77 75
77 80
77 87
78 2
78 5
78 9
78 11
78 20
78 23
78 31
78 33
78 34
78 38
78 41
78 42
78 44
78 45
78 46
78 48
78 49
78 51
78 58
78 59
78 73
78 78
78 84
78 85
78 89
79 4
79 5
79 16
79 17
79 43
79 47
79 51
79 54
79 56
79 57
79 63
79 64
79 65
79 69
79 73
79 87
80 1
80 12
80 21
80 25
80 29
80 33
80 54
80 55
80 58
80 65
80 69
80 72
80 74
80 76
80 84
80 85
80 88
81 11
81 13
81 16
81 35
81 49
81 50
81 60
81 67
81 68
81 70
81 74
81 79
81 80
81 81
81 88
82 5
82 9
82 10
82 12
82 13
82 16
82 18
82 23
82 42
82 49
82 53
82 56
82 60
82 62
82 63
82 64
82 65
82 74
82 84
83 4
83 12
83 17
83 43
83 45
83 51
83 60
83 63
83 64
83 67
83 80
83 84
83 89
84 0
84 11
84 17
84 18
84 24
84 39
84 41
84 45
84 46
84 54
84 64
84 66
84 67
84 82
84 87
85 6
85 22
85 24
85 26
85 27
85 32
85 36
85 37
85 44
85 45
85 47
85 58
85 60
85 77
86 1
86 3
86 28
86 29
86 35
86 50
86 52
86 54
86 56
86 58
86 65
86 68
86 71
86 74
86 83
86 85
87 4
87 5
87 14
87 20
87 30
87 32
87 35
87 40
87 41
87 45
87 50
87 59
87 60
87 68
87 70
87 82
87 83
87 84
87 85
88 0
88 6
88 28
88 29
88 35
88 39
88 44
88 45
88 46
88 52
88 54
88 56
88 60
88 71
88 73
88 78
88 83
88 84
88 88
89 0
89 5
89 10
89 16
89 19
89 23
89 25
89 27
89 32
89 35
89 36
89 42
89 47
89 48
89 53
89 58
89 62
89 64
89 69
89 73
89 84
