200
8000
0 0
0 1
0 8
0 13
0 20
0 22
0 24
0 28
0 30
0 31
0 35
0 37
0 38
0 50
0 54
0 58
0 71
0 78
0 82
0 97
0 99
0 124
0 133
0 135
0 136
0 137
0 140
0 142
0 147
0 154
0 156
0 163
0 166
0 169
0 172
0 181
0 187
0 188
0 192
0 199
1 6
1 10
1 25
1 28
1 29
1 30
1 39
1 43
1 55
1 57
1 59
1 62
1 64
1 72
1 77
1 79
1 81
1 83
1 87
1 88
1 91
1 94
1 104
1 109
1 120
1 125
1 127
1 128
1 131
1 133
1 136
1 139
1 141
1 142
1 153
1 159
1 160
1 162
1 163
1 165
1 168
1 172
1 173
1 180
1 181
1 182
1 191
1 199
2 8
2 10
2 12
2 13
2 19
2 25
2 32
2 44
2 50
2 55
2 56
2 62
2 63
2 73
2 77
2 79
2 105
2 106
2 110
2 112
2 113
2 120
2 122
2 134
2 136
2 138
2 139
2 140
2 144
2 156
2 166
2 168
2 169
2 172
2 176
2 177
2 184
2 194
3 2
3 5
3 14
3 17
3 21
3 22
3 24
3 30
3 38
3 39
3 40
3 41
3 43
3 47
3 50
3 68
3 69
3 75
3 76
3 89
3 96
3 97
3 112
3 113
3 119
3 120
3 122
3 124
3 130
3 133
3 136
3 139
3 144
3 147
3 150
3 151
3 153
3 156
3 157
3 163
3 171
3 179
3 180
3 186
3 187
3 189
4 1
4 8
4 9
4 10
4 12
4 13
4 17
4 19
4 20
4 25
4 29
4 32
4 33
4 37
4 38
4 42
4 44
4 53
4 59
4 69
4 74
4 75
4 78
4 85
4 86
4 87
4 89
4 91
4 96
4 101
4 106
4 107
4 128
4 134
4 138
4 140
4 144
4 149
4 153
4 161
4 162
4 163
4 164
4 166
4 167
4 174
4 177
4 178
4 181
4 182
4 186
4 188
4 192
4 193
4 195
5 1
5 6
5 12
5 15
5 31
5 39
5 40
5 42
5 44
5 49
5 56
5 59
5 63
5 64
5 65
5 74
5 80
5 81
5 82
5 83
5 89
5 91
5 110
5 119
5 120
5 124
5 130
5 139
5 144
5 146
5 148
5 149
5 153
5 154
5 157
5 160
5 167
5 169
5 172
5 179
5 180
5 181
5 182
5 194
5 197
5 198
6 11
6 17
6 22
6 25
6 32
6 36
6 40
6 45
6 51
6 57
6 59
6 60
6 62
6 70
6 75
6 77
6 83
6 86
6 89
6 92
6 99
6 103
6 107
6 110
6 123
6 134
6 138
6 139
6 150
6 158
6 160
6 161
6 163
6 177
6 181
6 183
6 185
6 195
7 0
7 3
7 17
7 30
7 31
7 34
7 39
7 42
7 48
7 58
7 67
7 84
7 93
7 96
7 110
7 116
7 119
7 123
7 124
7 139
7 141
7 144
7 151
7 153
7 164
7 165
7 169
7 179
7 183
8 0
8 2
8 5
8 12
8 14
8 15
8 27
8 30
8 31
8 32
8 34
8 39
8 51
8 55
8 62
8 75
8 79
8 83
8 86
8 100
8 101
8 129
8 130
8 132
8 137
8 139
8 142
8 144
8 146
8 167
8 168
8 177
8 184
8 189
8 192
9 13
9 17
9 18
9 37
9 44
9 50
9 61
9 64
9 75
9 76
9 77
9 78
9 81
9 84
9 91
9 99
9 100
9 111
9 114
9 117
9 118
9 122
9 124
9 126
9 127
9 137
9 139
9 142
9 143
9 145
9 148
9 156
9 158
9 162
9 169
9 189
9 190
9 193
10 0
10 5
10 10
10 12
10 18
10 19
10 24
10 26
10 32
10 33
10 35
10 38
10 46
10 64
10 65
10 71
10 72
10 81
10 91
10 92
10 96
10 102
10 116
10 118
10 119
10 123
10 129
10 133
10 134
10 135
10 146
10 151
10 152
10 161
10 168
10 172
10 175
10 178
10 179
10 182
10 193
10 197
10 199
11 4
11 8
11 21
11 23
11 26
11 28
11 31
11 33
11 44
11 50
11 54
11 58
11 63
11 71
11 85
11 86
11 89
11 90
11 91
11 99
11 108
11 110
11 113
11 114
11 116
11 118
11 121
11 131
11 138
11 143
11 144
11 146
11 150
11 151
11 152
11 153
11 154
11 155
11 156
11 163
11 165
11 186
11 187
11 188
11 194
11 197
11 198
12 0
12 3
12 7
12 9
12 10
12 17
12 22
12 24
12 29
12 31
12 33
12 38
12 40
12 43
12 47
12 48
12 53
12 60
12 72
12 73
12 80
12 83
12 89
12 90
12 94
12 96
12 100
12 102
12 112
12 120
12 121
12 129
12 130
12 135
12 136
12 143
12 147
12 149
12 154
12 163
12 167
12 172
12 189
12 196
12 198
12 199
13 1
13 7
13 13
13 19
13 20
13 23
13 25
13 26
13 27
13 35
13 46
13 47
13 62
13 67
13 71
13 79
13 83
13 86
13 87
13 89
13 91
13 93
13 98
13 102
13 106
13 108
13 115
13 121
13 134
13 136
13 139
13 150
13 152
13 153
13 160
13 162
13 167
13 169
13 172
13 188
13 195
14 2
14 6
14 12
14 14
14 20
14 22
14 24
14 34
14 43
14 44
14 50
14 60
14 62
14 63
14 71
14 73
14 74
14 79
14 90
14 100
14 102
14 105
14 107
14 108
14 112
14 113
14 115
14 123
14 125
14 128
14 130
14 141
14 148
14 154
14 155
14 157
14 158
14 163
14 173
14 182
14 184
14 189
14 192
14 197
14 198
15 9
15 15
15 19
15 22
15 29
15 36
15 46
15 60
15 67
15 69
15 73
15 76
15 83
15 84
15 86
15 87
15 90
15 92
15 94
15 95
15 111
15 114
15 116
15 121
15 123
15 126
15 127
15 129
15 131
15 134
15 142
15 145
15 163
15 165
15 167
15 168
15 169
15 170
15 171
15 172
15 175
15 176
15 187
15 189
15 190
15 192
15 195
16 0
16 2
16 14
16 19
16 27
16 31
16 36
16 37
16 39
16 57
16 69
16 85
16 86
16 87
16 93
16 97
16 99
16 100
16 116
16 137
16 148
16 153
16 157
16 181
16 189
16 191
16 193
16 199
17 1
17 2
17 3
17 7
17 9
17 10
17 15
17 17
17 18
17 19
17 20
17 21
17 22
17 24
17 28
17 32
17 33
17 36
17 39
17 42
17 57
17 60
17 62
17 66
17 70
17 79
17 84
17 85
17 88
17 95
17 98
17 100
17 102
17 103
17 105
17 123
17 125
17 133
17 135
17 142
17 147
17 149
17 150
17 155
17 166
17 175
17 177
17 180
17 182
17 193
17 194
17 197
18 1
18 13
18 18
18 21
18 26
18 29
18 41
18 50
18 52
18 55
18 57
18 65
18 72
18 81
18 85
18 86
18 93
18 98
18 103
18 104
18 124
18 149
18 151
18 159
18 161
18 169
18 171
18 176
18 180
18 189
18 190
18 193
18 195
18 196
19 5
19 9
19 13
19 14
19 22
19 23
19 27
19 31
19 33
19 38
19 40
19 41
19 44
19 48
19 54
19 74
19 76
19 87
19 90
19 95
19 98
19 103
19 105
19 106
19 107
19 110
19 131
19 134
19 138
19 140
19 147
19 158
19 159
19 160
19 164
19 166
19 167
19 181
19 193
19 196
19 199
20 6
20 10
20 12
20 13
20 15
20 16
20 21
20 23
20 28
20 44
20 48
20 52
20 60
20 71
20 72
20 74
20 76
20 80
20 83
20 90
20 116
20 119
20 133
20 142
20 146
20 149
20 151
20 162
20 165
20 171
20 173
20 176
20 187
20 196
20 198
21 11
21 12
21 18
21 24
21 28
21 34
21 40
21 53
21 59
21 62
21 66
21 72
21 74
21 77
21 88
21 89
21 91
21 95
21 99
21 108
21 114
21 116
21 123
21 127
21 134
21 135
21 136
21 155
21 157
21 160
21 162
21 163
21 165
21 166
21 172
21 175
21 183
21 184
21 189
21 190
21 191
21 193
22 3
22 9
22 11
22 13
22 14
22 21
22 27
22 32
22 33
22 44
22 48
22 49
22 55
22 63
22 64
22 65
22 73
22 74
22 76
22 85
22 86
22 87
22 89
22 93
22 104
22 110
22 119
22 123
22 125
22 127
22 139
22 140
22 142
22 143
22 147
22 148
22 157
22 165
22 169
22 173
22 177
22 182
22 185
22 186
22 191
22 193
23 3
23 6
23 9
23 11
23 14
23 15
23 17
23 18
23 32
23 36
23 38
23 41
23 43
23 44
23 56
23 58
23 59
23 73
23 83
23 89
23 94
23 96
23 107
23 113
23 115
23 123
23 124
23 129
23 130
23 132
23 134
23 139
23 143
23 145
23 146
23 147
23 148
23 158
23 170
23 172
23 182
23 184
23 187
23 188
23 190
23 193
24 4
24 5
24 6
24 7
24 11
24 18
24 35
24 46
24 49
24 77
24 83
24 87
24 90
24 99
24 105
24 106
24 109
24 113
24 114
24 119
24 124
24 130
24 131
24 132
24 139
24 141
24 144
24 147
24 152
24 164
24 170
24 182
24 189
24 190
24 199
25 2
25 3
25 10
25 22
25 31
25 37
25 41
25 42
25 53
25 56
25 58
25 65
25 67
25 69
25 70
25 72
25 76
25 80
25 82
25 91
25 98
25 99
25 120
25 122
25 127
25 160
25 165
25 170
25 171
25 176
25 178
25 181
25 187
25 190
25 193
25 196
25 197
25 198
25 199
26 1
26 6
26 14
26 17
26 19
26 20
26 26
26 28
26 31
26 35
26 39
26 42
26 47
26 51
26 57
26 58
26 67
26 77
26 88
26 91
26 94
26 97
26 103
26 106
26 108
26 114
26 116
26 124
26 129
26 136
26 142
26 143
26 145
26 153
26 154
26 164
26 171
26 175
26 181
26 185
26 195
27 3
27 22
27 38
27 40
27 43
27 46
27 56
27 60
27 61
27 64
27 66
27 69
27 74
27 81
27 82
27 87
27 92
27 94
27 99
27 102
27 103
27 106
27 116
27 122
27 124
27 127
27 131
27 132
27 151
27 153
27 156
27 162
27 165
27 167
27 168
27 171
27 175
27 186
27 193
27 195
27 196
28 15
28 19
28 24
28 30
28 41
28 44
28 48
28 49
28 52
28 55
28 57
28 65
28 66
28 71
28 72
28 76
28 77
28 78
28 87
28 94
28 95
28 106
28 118
28 137
28 142
28 147
28 154
28 159
28 161
28 176
28 183
28 185
28 191
28 192
28 197
29 5
29 12
29 21
29 25
29 26
29 29
29 44
29 48
29 53
29 57
29 59
29 64
29 71
29 73
29 74
29 78
29 88
29 92
29 95
29 100
29 103
29 106
29 108
29 111
29 116
29 119
29 120
29 123
29 138
29 140
29 146
29 158
29 172
29 174
29 175
29 178
29 179
29 183
29 189
29 191
29 195
29 197
30 2
30 13
30 24
30 29
30 32
30 33
30 34
30 42
30 50
30 58
30 59
30 61
30 69
30 75
30 78
30 79
30 93
30 94
30 96
30 97
30 98
30 105
30 107
30 109
30 111
30 112
30 123
30 132
30 135
30 136
30 142
30 146
30 147
30 151
30 153
30 159
30 167
30 168
30 170
30 177
30 178
30 180
30 181
30 190
30 195
30 199
31 10
31 14
31 19
31 25
31 31
31 35
31 45
31 50
31 51
31 57
31 58
31 65
31 68
31 77
31 79
31 83
31 85
31 104
31 106
31 110
31 113
31 121
31 122
31 128
31 135
31 138
31 149
31 156
31 158
31 162
31 171
31 173
31 180
31 183
31 185
31 198
32 9
32 10
32 11
32 14
32 17
32 18
32 27
32 41
32 43
32 50
32 56
32 62
32 65
32 66
32 77
32 81
32 82
32 100
32 101
32 104
32 106
32 107
32 108
32 118
32 124
32 125
32 141
32 143
32 155
32 158
32 160
32 162
32 164
32 165
32 168
32 169
32 172
32 179
32 181
32 183
32 186
32 189
32 196
32 199
33 0
33 3
33 6
33 14
33 18
33 33
33 34
33 35
33 36
33 41
33 47
33 48
33 59
33 60
33 66
33 71
33 72
33 73
33 74
33 75
33 86
33 88
33 106
33 113
33 118
33 125
33 130
33 137
33 144
33 151
33 157
33 158
33 165
33 179
33 185
33 186
33 190
33 194
34 0
34 12
34 13
34 19
34 25
34 26
34 30
34 31
34 38
34 42
34 50
34 55
34 60
34 67
34 68
34 73
34 74
34 78
34 80
34 83
34 86
34 88
34 93
34 96
34 97
34 105
34 111
34 122
34 133
34 136
34 142
34 148
34 151
34 156
34 160
34 163
34 170
34 175
34 176
34 184
34 191
35 2
35 6
35 8
35 11
35 13
35 18
35 20
35 23
35 25
35 30
35 46
35 52
35 56
35 57
35 66
35 69
35 72
35 85
35 87
35 88
35 96
35 97
35 104
35 107
35 108
35 112
35 116
35 126
35 127
35 129
35 140
35 142
35 150
35 151
35 164
35 165
35 170
35 178
35 195
35 198
36 2
36 6
36 7
36 13
36 16
36 19
36 21
36 28
36 34
36 38
36 41
36 50
36 53
36 68
36 69
36 75
36 78
36 83
36 85
36 86
36 91
36 106
36 108
36 111
36 114
36 122
36 124
36 125
36 129
36 133
36 135
36 141
36 146
36 150
36 151
36 152
36 182
36 186
36 187
36 192
36 199
37 10
37 11
37 18
37 21
37 31
37 36
37 41
37 43
37 45
37 48
37 51
37 53
37 55
37 65
37 71
37 86
37 87
37 90
37 98
37 102
37 112
37 118
37 121
37 122
37 134
37 136
37 138
37 139
37 143
37 145
37 147
37 148
37 158
37 160
37 166
37 172
37 173
37 178
37 187
37 189
37 194
37 195
37 196
37 198
38 0
38 4
38 11
38 17
38 22
38 24
38 27
38 29
38 34
38 41
38 50
38 51
38 58
38 63
38 65
38 66
38 73
38 87
38 89
38 90
38 101
38 103
38 106
38 107
38 113
38 116
38 122
38 124
38 132
38 133
38 139
38 142
38 146
38 148
38 151
38 157
38 178
38 184
38 190
39 1
39 5
39 12
39 13
39 16
39 23
39 26
39 34
39 35
39 61
39 69
39 73
39 78
39 84
39 87
39 89
39 99
39 108
39 113
39 119
39 120
39 122
39 131
39 135
39 136
39 147
39 155
39 157
39 158
39 162
39 171
39 172
39 179
39 189
39 192
39 195
39 196
40 11
40 14
40 19
40 20
40 23
40 29
40 32
40 34
40 44
40 49
40 58
40 59
40 62
40 63
40 69
40 76
40 83
40 84
40 85
40 86
40 90
40 94
40 99
40 101
40 107
40 114
40 120
40 132
40 149
40 150
40 157
40 159
40 173
40 178
40 181
41 0
41 2
41 23
41 25
41 27
41 36
41 51
41 56
41 58
41 59
41 68
41 69
41 70
41 77
41 80
41 81
41 82
41 83
41 85
41 90
41 93
41 110
41 111
41 115
41 123
41 124
41 136
41 138
41 140
41 173
41 178
41 185
41 186
41 197
41 198
42 9
42 18
42 22
42 23
42 24
42 27
42 38
42 42
42 46
42 47
42 51
42 52
42 59
42 70
42 75
42 77
42 87
42 90
42 94
42 102
42 105
42 107
42 111
42 112
42 113
42 116
42 119
42 120
42 126
42 139
42 152
42 153
42 168
42 178
42 183
42 187
43 7
43 8
43 9
43 21
43 31
43 37
43 41
43 43
43 48
43 60
43 77
43 94
43 103
43 111
43 112
43 114
43 116
43 124
43 126
43 134
43 136
43 139
43 144
43 146
43 148
43 149
43 160
43 161
43 195
43 197
44 2
44 3
44 4
44 17
44 19
44 28
44 32
44 33
44 35
44 36
44 51
44 52
44 70
44 73
44 75
44 76
44 81
44 82
44 84
44 90
44 94
44 95
44 117
44 119
44 131
44 153
44 156
44 161
44 172
44 177
44 181
44 187
44 188
44 189
44 196
44 198
45 3
45 4
45 6
45 7
45 11
45 20
45 25
45 32
45 43
45 49
45 63
45 67
45 77
45 81
45 85
45 89
45 90
45 91
45 93
45 96
45 97
45 100
45 102
45 106
45 112
45 113
45 117
45 122
45 131
45 139
45 142
45 149
45 154
45 157
45 161
45 180
45 194
45 199
46 1
46 13
46 25
46 38
46 51
46 55
46 58
46 72
46 73
46 76
46 79
46 93
46 98
46 99
46 102
46 103
46 111
46 113
46 114
46 120
46 126
46 131
46 139
46 140
46 142
46 143
46 148
46 151
46 156
46 161
46 166
46 168
46 185
46 194
46 196
46 197
47 3
47 19
47 25
47 29
47 35
47 45
47 48
47 54
47 55
47 59
47 60
47 64
47 66
47 71
47 75
47 79
47 82
47 94
47 103
47 111
47 113
47 114
47 117
47 125
47 134
47 138
47 141
47 142
47 143
47 147
47 149
47 151
47 153
47 154
47 156
47 161
47 165
47 174
47 182
47 185
47 190
47 193
47 195
47 199
48 7
48 9
48 13
48 14
48 17
48 18
48 31
48 34
48 40
48 44
48 45
48 62
48 67
48 68
48 69
48 70
48 74
48 76
48 79
48 83
48 85
48 86
48 89
48 90
48 100
48 110
48 111
48 113
48 116
48 119
48 121
48 125
48 128
48 131
48 132
48 134
48 135
48 140
48 146
48 151
48 156
48 157
48 169
48 170
48 171
48 174
48 176
48 180
48 188
48 196
49 2
49 13
49 14
49 24
49 26
49 40
49 41
49 42
49 45
49 53
49 61
49 78
49 80
49 85
49 86
49 94
49 97
49 101
49 105
49 118
49 121
49 131
49 135
49 142
49 143
49 150
49 151
49 152
49 154
49 160
49 161
49 174
49 185
49 186
49 188
50 3
50 4
50 15
50 17
50 21
50 24
50 25
50 48
50 63
50 64
50 69
50 71
50 72
50 74
50 75
50 81
50 82
50 93
50 99
50 116
50 119
50 122
50 123
50 126
50 132
50 135
50 138
50 139
50 141
50 145
50 148
50 154
50 164
50 171
50 179
50 183
50 184
50 189
50 197
51 3
51 8
51 12
51 15
51 16
51 18
51 25
51 26
51 32
51 33
51 37
51 38
51 42
51 48
51 55
51 56
51 64
51 66
51 75
51 77
51 83
51 98
51 101
51 106
51 108
51 109
51 116
51 122
51 123
51 133
51 135
51 140
51 143
51 147
51 156
51 157
51 164
51 167
51 172
51 178
51 179
51 181
51 182
51 186
51 194
51 196
52 2
52 7
52 8
52 9
52 10
52 28
52 39
52 40
52 44
52 50
52 51
52 60
52 63
52 70
52 71
52 76
52 78
52 79
52 82
52 83
52 87
52 91
52 109
52 114
52 119
52 127
52 130
52 137
52 138
52 150
52 151
52 152
52 153
52 157
52 166
52 173
52 176
52 180
52 182
52 183
52 190
52 196
52 198
53 10
53 13
53 17
53 19
53 20
53 28
53 30
53 31
53 33
53 38
53 40
53 41
53 45
53 57
53 63
53 71
53 73
53 76
53 77
53 80
53 87
53 98
53 101
53 104
53 109
53 115
53 128
53 131
53 133
53 134
53 136
53 151
53 163
53 172
53 173
53 175
53 179
53 184
53 185
53 189
53 192
53 193
54 5
54 11
54 21
54 50
54 51
54 55
54 64
54 65
54 68
54 70
54 82
54 84
54 87
54 91
54 92
54 94
54 103
54 105
54 122
54 130
54 135
54 146
54 150
54 155
54 157
54 160
54 162
54 164
54 166
54 168
54 170
54 181
54 182
54 186
54 190
54 196
55 2
55 7
55 8
55 9
55 11
55 20
55 30
55 36
55 38
55 40
55 45
55 48
55 68
55 70
55 76
55 83
55 86
55 88
55 89
55 91
55 93
55 97
55 98
55 103
55 112
55 124
55 125
55 127
55 133
55 141
55 144
55 146
55 147
55 154
55 160
55 162
55 168
55 178
55 182
55 192
55 194
56 3
56 14
56 18
56 21
56 22
56 30
56 33
56 41
56 44
56 51
56 64
56 71
56 77
56 85
56 94
56 95
56 102
56 110
56 114
56 115
56 117
56 118
56 121
56 128
56 132
56 135
56 139
56 149
56 156
56 168
56 177
56 178
56 179
56 180
56 183
56 184
56 188
56 193
56 196
57 12
57 18
57 21
57 23
57 24
57 28
57 30
57 32
57 35
57 38
57 45
57 57
57 70
57 72
57 83
57 92
57 99
57 103
57 109
57 113
57 139
57 148
57 155
57 160
57 162
57 181
57 187
57 190
57 193
57 197
58 3
58 11
58 13
58 16
58 19
58 23
58 34
58 39
58 41
58 46
58 48
58 54
58 58
58 62
58 73
58 75
58 86
58 91
58 99
58 111
58 116
58 119
58 126
58 135
58 137
58 160
58 164
58 185
58 189
58 196
59 8
59 10
59 11
59 12
59 16
59 23
59 29
59 35
59 43
59 47
59 48
59 51
59 64
59 65
59 67
59 70
59 72
59 77
59 79
59 84
59 88
59 95
59 96
59 97
59 98
59 104
59 111
59 112
59 122
59 123
59 124
59 126
59 128
59 130
59 138
59 139
59 140
59 147
59 149
59 152
59 153
59 154
59 157
59 168
59 182
59 183
59 185
59 186
59 195
59 198
60 3
60 9
60 10
60 13
60 19
60 22
60 25
60 36
60 43
60 44
60 45
60 57
60 63
60 64
60 65
60 69
60 77
60 80
60 81
60 91
60 94
60 99
60 109
60 111
60 117
60 121
60 122
60 128
60 136
60 139
60 142
60 144
60 145
60 152
60 153
60 159
60 162
60 163
60 171
60 173
60 175
60 183
60 191
60 196
60 198
60 199
61 8
61 9
61 14
61 19
61 26
61 28
61 41
61 46
61 63
61 74
61 78
61 92
61 99
61 102
61 105
61 106
61 108
61 111
61 115
61 117
61 118
61 125
61 132
61 133
61 134
61 136
61 140
61 146
61 150
61 156
61 157
61 158
61 170
61 189
61 192
61 197
62 4
62 16
62 18
62 28
62 39
62 43
62 45
62 46
62 51
62 53
62 55
62 65
62 69
62 86
62 87
62 91
62 105
62 106
62 111
62 113
62 114
62 120
62 123
62 125
62 128
62 137
62 147
62 165
62 166
62 170
62 182
62 184
62 186
62 191
62 192
62 195
62 196
62 198
62 199
63 0
63 11
63 12
63 24
63 28
63 34
63 49
63 51
63 55
63 65
63 68
63 71
63 75
63 78
63 79
63 85
63 86
63 88
63 89
63 93
63 94
63 98
63 102
63 105
63 107
63 112
63 125
63 129
63 134
63 136
63 138
63 140
63 142
63 147
63 149
63 151
63 153
63 168
63 169
63 180
63 181
63 183
63 193
64 10
64 14
64 15
64 19
64 22
64 29
64 48
64 49
64 50
64 51
64 57
64 59
64 60
64 66
64 67
64 68
64 76
64 77
64 78
64 89
64 101
64 103
64 110
64 112
64 113
64 114
64 115
64 120
64 127
64 129
64 130
64 160
64 161
64 164
64 176
64 196
65 3
65 4
65 7
65 13
65 16
65 23
65 41
65 49
65 57
65 61
65 62
65 65
65 67
65 80
65 85
65 87
65 94
65 101
65 104
65 115
65 118
65 125
65 130
65 134
65 135
65 139
65 141
65 148
65 158
65 159
65 161
65 169
65 174
65 179
65 181
65 183
65 184
65 186
65 195
66 11
66 12
66 16
66 17
66 27
66 32
66 33
66 36
66 37
66 38
66 39
66 52
66 54
66 70
66 71
66 73
66 75
66 87
66 89
66 90
66 92
66 101
66 104
66 107
66 108
66 114
66 116
66 121
66 127
66 132
66 135
66 136
66 139
66 155
66 158
66 160
66 182
66 184
66 191
66 194
66 199
67 0
67 4
67 13
67 14
67 22
67 30
67 31
67 39
67 41
67 42
67 43
67 47
67 48
67 49
67 51
67 61
67 65
67 71
67 75
67 91
67 92
67 102
67 103
67 106
67 108
67 120
67 130
67 136
67 141
67 142
67 144
67 148
67 153
67 154
67 157
67 159
67 161
67 164
67 165
67 166
67 170
67 182
67 184
67 185
67 190
68 0
68 5
68 6
68 8
68 31
68 33
68 34
68 36
68 47
68 49
68 60
68 63
68 64
68 75
68 79
68 81
68 83
68 88
68 89
68 96
68 103
68 107
68 113
68 114
68 118
68 123
68 125
68 126
68 130
68 144
68 146
68 149
68 152
68 153
68 155
68 160
68 163
68 169
68 171
68 174
68 176
68 180
68 181
68 182
68 183
68 190
68 194
68 195
69 4
69 7
69 13
69 22
69 24
69 33
69 37
69 41
69 42
69 49
69 64
69 74
69 78
69 79
69 82
69 84
69 86
69 92
69 95
69 101
69 111
69 122
69 126
69 129
69 132
69 134
69 158
69 163
69 177
69 182
69 188
69 191
69 193
69 196
70 19
70 28
70 29
70 37
70 39
70 43
70 53
70 56
70 58
70 64
70 67
70 71
70 77
70 78
70 79
70 83
70 89
70 92
70 100
70 105
70 111
70 121
70 123
70 126
70 136
70 143
70 144
70 145
70 148
70 154
70 157
70 163
70 168
70 169
70 172
70 180
70 183
70 192
71 6
71 7
71 14
71 21
71 22
71 29
71 38
71 47
71 48
71 54
71 60
71 66
71 70
71 72
71 73
71 75
71 78
71 83
71 88
71 89
71 90
71 95
71 106
71 124
71 125
71 128
71 129
71 130
71 134
71 148
71 151
71 152
71 157
71 171
71 174
71 176
71 188
71 190
71 196
71 197
72 5
72 9
72 10
72 15
72 18
72 20
72 21
72 34
72 35
72 41
72 42
72 47
72 49
72 53
72 62
72 72
72 75
72 76
72 83
72 92
72 96
72 102
72 103
72 105
72 107
72 118
72 126
72 137
72 149
72 153
72 158
72 166
72 170
72 171
72 173
72 175
72 178
72 181
72 189
72 192
73 0
73 3
73 6
73 8
73 11
73 12
73 13
73 19
73 26
73 27
73 31
73 34
73 41
73 42
73 43
73 44
73 55
73 56
73 66
73 69
73 73
73 76
73 84
73 89
73 90
73 102
73 104
73 112
73 120
73 124
73 126
73 130
73 133
73 137
73 141
73 142
73 143
73 145
73 150
73 153
73 165
73 166
73 167
73 168
73 172
73 174
73 177
73 185
73 186
73 189
74 11
74 16
74 17
74 24
74 27
74 29
74 30
74 44
74 53
74 56
74 70
74 73
74 78
74 83
74 85
74 96
74 97
74 109
74 110
74 111
74 113
74 118
74 124
74 125
74 127
74 139
74 140
74 147
74 149
74 154
74 155
74 165
74 167
74 169
74 171
74 177
74 179
74 182
74 188
74 190
75 0
75 6
75 10
75 15
75 29
75 33
75 45
75 48
75 50
75 51
75 58
75 59
75 64
75 65
75 68
75 71
75 74
75 77
75 78
75 79
75 80
75 82
75 84
75 88
75 90
75 92
75 93
75 94
75 95
75 97
75 100
75 110
75 115
75 121
75 123
75 127
75 129
75 136
75 139
75 141
75 155
75 156
75 157
75 158
75 159
75 166
75 176
75 179
75 182
75 184
75 187
75 197
76 3
76 6
76 10
76 13
76 20
76 23
76 36
76 37
76 50
76 56
76 61
76 63
76 66
76 67
76 72
76 74
76 77
76 79
76 81
76 82
76 85
76 86
76 94
76 96
76 105
76 107
76 121
76 127
76 129
76 135
76 141
76 145
76 150
76 156
76 157
76 169
76 170
76 174
76 182
76 188
76 193
76 197
77 12
77 13
77 15
77 31
77 39
77 45
77 48
77 49
77 54
77 59
77 63
77 64
77 66
77 69
77 73
77 74
77 83
77 92
77 95
77 100
77 108
77 109
77 127
77 129
77 130
77 131
77 154
77 156
77 158
77 177
77 181
77 184
77 188
77 192
77 194
77 195
77 196
77 199
78 0
78 1
78 2
78 8
78 18
78 22
78 24
78 25
78 29
78 32
78 56
78 63
78 67
78 75
78 83
78 86
78 90
78 96
78 97
78 102
78 107
78 112
78 117
78 119
78 127
78 130
78 137
78 141
78 143
78 148
78 152
78 153
78 158
78 160
78 162
78 163
78 169
78 173
78 175
78 178
78 180
78 181
78 183
78 193
78 195
79 1
79 8
79 20
79 33
79 35
79 36
79 38
79 42
79 46
79 52
79 54
79 57
79 68
79 70
79 71
79 72
79 74
79 75
79 76
79 77
79 88
79 97
79 105
79 121
79 135
79 139
79 142
79 148
79 150
79 161
79 162
79 165
79 178
79 180
79 181
79 187
79 196
80 4
80 16
80 17
80 30
80 33
80 35
80 42
80 45
80 46
80 51
80 52
80 53
80 60
80 62
80 63
80 71
80 75
80 76
80 79
80 80
80 81
80 83
80 88
80 92
80 97
80 112
80 115
80 116
80 118
80 120
80 122
80 137
80 139
80 144
80 157
80 163
80 185
80 191
80 195
81 0
81 6
81 15
81 16
81 21
81 30
81 31
81 35
81 36
81 38
81 44
81 47
81 48
81 56
81 57
81 59
81 76
81 77
81 91
81 104
81 105
81 116
81 119
81 137
81 146
81 147
81 150
81 154
81 156
81 157
81 158
81 167
81 180
81 184
81 195
81 198
82 8
82 15
82 29
82 30
82 31
82 34
82 41
82 51
82 53
82 61
82 65
82 70
82 72
82 73
82 77
82 78
82 79
82 80
82 81
82 91
82 98
82 105
82 107
82 112
82 113
82 133
82 134
82 137
82 142
82 151
82 152
82 155
82 158
82 162
82 164
82 165
82 168
82 171
82 182
82 183
82 186
82 187
82 195
83 4
83 8
83 9
83 12
83 31
83 37
83 38
83 44
83 46
83 50
83 53
83 56
83 69
83 74
83 87
83 109
83 110
83 115
83 117
83 118
83 126
83 133
83 145
83 146
83 148
83 151
83 157
83 162
83 168
83 174
83 182
83 194
83 195
83 198
84 2
84 4
84 11
84 12
84 14
84 15
84 38
84 40
84 42
84 43
84 48
84 52
84 55
84 56
84 59
84 61
84 62
84 68
84 69
84 76
84 79
84 80
84 84
84 85
84 87
84 92
84 94
84 102
84 104
84 121
84 122
84 124
84 127
84 132
84 134
84 151
84 153
84 154
84 155
84 157
84 169
84 181
84 182
84 186
84 191
84 194
84 197
84 198
84 199
85 4
85 7
85 20
85 25
85 26
85 35
85 52
85 56
85 67
85 68
85 77
85 79
85 81
85 84
85 88
85 105
85 106
85 109
85 113
85 116
85 122
85 129
85 131
85 132
85 136
85 137
85 140
85 143
85 149
85 151
85 163
85 176
85 179
85 181
85 185
85 187
85 190
85 191
85 192
85 196
86 6
86 7
86 8
86 9
86 11
86 12
86 14
86 19
86 20
86 23
86 29
86 34
86 37
86 42
86 43
86 45
86 47
86 50
86 55
86 58
86 60
86 62
86 66
86 68
86 73
86 86
86 88
86 90
86 93
86 103
86 105
86 118
86 124
86 127
86 135
86 140
86 146
86 155
86 160
86 163
86 173
86 175
86 176
86 178
86 179
86 187
86 189
86 190
86 191
86 195
86 196
87 1
87 3
87 12
87 21
87 22
87 23
87 26
87 27
87 29
87 42
87 44
87 48
87 51
87 61
87 62
87 68
87 69
87 70
87 74
87 76
87 80
87 81
87 86
87 87
87 99
87 103
87 118
87 120
87 125
87 126
87 127
87 131
87 133
87 137
87 141
87 142
87 144
87 150
87 155
87 157
87 162
87 165
87 173
87 183
87 191
87 193
88 0
88 4
88 9
88 17
88 18
88 19
88 32
88 35
88 37
88 41
88 43
88 47
88 53
88 59
88 62
88 66
88 69
88 70
88 74
88 79
88 84
88 88
88 89
88 98
88 105
88 115
88 118
88 134
88 135
88 138
88 141
88 142
88 146
88 173
88 182
88 186
88 187
88 191
88 192
89 2
89 3
89 4
89 11
89 13
89 37
89 41
89 43
89 73
89 85
89 88
89 95
89 98
89 101
89 102
89 103
89 113
89 115
89 116
89 119
89 120
89 132
89 133
89 134
89 137
89 138
89 142
89 147
89 152
89 172
89 173
89 175
89 178
89 180
89 181
89 187
89 189
89 194
89 195
89 198
90 2
90 6
90 24
90 25
90 26
90 28
90 30
90 32
90 36
90 37
90 38
90 46
90 48
90 54
90 57
90 59
90 63
90 70
90 81
90 83
90 86
90 92
90 94
90 102
90 104
90 106
90 116
90 119
90 120
90 129
90 131
90 134
90 144
90 148
90 150
90 152
90 156
90 160
90 171
90 176
90 179
90 180
90 192
91 14
91 26
91 31
91 36
91 39
91 45
91 47
91 51
91 52
91 55
91 59
91 69
91 77
91 80
91 92
91 95
91 110
91 113
91 114
91 116
91 118
91 119
91 124
91 125
91 132
91 136
91 140
91 142
91 144
91 145
91 153
91 157
91 165
91 171
91 172
91 174
91 186
91 188
91 189
91 192
91 197
91 199
92 1
92 10
92 20
92 23
92 24
92 35
92 40
92 41
92 52
92 54
92 55
92 57
92 59
92 62
92 71
92 73
92 75
92 78
92 79
92 84
92 96
92 102
92 107
92 109
92 110
92 111
92 114
92 124
92 126
92 131
92 132
92 133
92 136
92 140
92 141
92 142
92 144
92 146
92 154
92 158
92 161
92 163
92 164
92 172
92 173
92 175
92 186
92 190
92 192
92 195
92 196
93 2
93 3
93 4
93 6
93 8
93 9
93 12
93 13
93 14
93 21
93 35
93 37
93 38
93 51
93 53
93 66
93 77
93 89
93 110
93 112
93 117
93 121
93 126
93 132
93 143
93 144
93 147
93 150
93 153
93 156
93 160
93 171
93 173
93 183
93 184
93 185
93 188
93 190
93 191
94 4
94 8
94 11
94 21
94 24
94 28
94 32
94 44
94 45
94 47
94 56
94 60
94 65
94 66
94 69
94 70
94 72
94 73
94 80
94 81
94 90
94 93
94 110
94 111
94 113
94 119
94 123
94 125
94 126
94 130
94 131
94 144
94 159
94 161
94 162
94 167
94 172
94 174
94 180
94 195
95 1
95 4
95 9
95 15
95 16
95 17
95 31
95 34
95 35
95 36
95 37
95 38
95 45
95 57
95 61
95 63
95 64
95 67
95 69
95 72
95 79
95 88
95 95
95 104
95 106
95 109
95 121
95 123
95 130
95 139
95 140
95 148
95 152
95 157
95 179
95 186
95 190
95 196
96 1
96 6
96 12
96 25
96 27
96 31
96 37
96 39
96 45
96 47
96 54
96 62
96 63
96 69
96 74
96 75
96 76
96 78
96 84
96 87
96 89
96 90
96 100
96 101
96 103
96 104
96 121
96 122
96 128
96 132
96 137
96 139
96 147
96 157
96 161
96 163
96 172
96 174
96 176
96 188
96 193
97 6
97 7
97 8
97 9
97 13
97 14
97 17
97 19
97 21
97 28
97 29
97 42
97 44
97 45
97 46
97 50
97 51
97 52
97 53
97 57
97 60
97 66
97 67
97 71
97 75
97 82
97 83
97 84
97 89
97 90
97 96
97 112
97 121
97 128
97 131
97 132
97 134
97 135
97 140
97 149
97 156
97 167
97 173
97 183
97 190
98 5
98 6
98 18
98 29
98 31
98 44
98 46
98 64
98 90
98 91
98 93
98 95
98 100
98 108
98 115
98 117
98 145
98 153
98 155
98 156
98 161
98 167
98 175
98 179
98 190
98 195
98 197
98 198
99 0
99 4
99 11
99 24
99 38
99 41
99 43
99 49
99 55
99 63
99 71
99 84
99 92
99 94
99 95
99 105
99 107
99 120
99 121
99 125
99 129
99 134
99 144
99 149
99 157
99 158
99 162
99 172
99 175
99 185
99 194
100 3
100 8
100 12
100 14
100 17
100 23
100 30
100 32
100 37
100 46
100 49
100 50
100 52
100 54
100 56
100 59
100 66
100 70
100 75
100 78
100 81
100 84
100 93
100 98
100 111
100 115
100 117
100 121
100 127
100 137
100 140
100 143
100 145
100 149
100 153
100 156
100 171
100 177
100 179
100 184
100 186
100 187
100 195
101 1
101 9
101 10
101 11
101 13
101 19
101 20
101 23
101 36
101 39
101 52
101 58
101 82
101 87
101 92
101 95
101 99
101 106
101 108
101 112
101 115
101 116
101 129
101 130
101 137
101 139
101 145
101 148
101 149
101 150
101 154
101 161
101 164
101 180
101 181
101 193
101 194
101 195
101 198
101 199
102 7
102 15
102 24
102 31
102 36
102 38
102 43
102 46
102 55
102 56
102 61
102 63
102 68
102 71
102 84
102 88
102 96
102 98
102 99
102 100
102 111
102 121
102 123
102 126
102 132
102 133
102 143
102 149
102 161
102 181
102 197
102 198
102 199
103 1
103 3
103 5
103 9
103 13
103 14
103 21
103 29
103 35
103 40
103 41
103 46
103 50
103 68
103 72
103 75
103 84
103 95
103 110
103 127
103 132
103 135
103 136
103 138
103 139
103 143
103 144
103 155
103 156
103 158
103 170
103 179
103 183
103 185
103 193
103 195
103 198
103 199
104 12
104 14
104 23
104 41
104 48
104 50
104 55
104 57
104 68
104 79
104 84
104 86
104 92
104 94
104 98
104 100
104 104
104 107
104 112
104 120
104 122
104 128
104 130
104 131
104 132
104 138
104 141
104 142
104 158
104 161
104 163
104 166
104 179
104 182
104 189
104 191
104 194
104 196
105 5
105 19
105 26
105 36
105 39
105 41
105 51
105 61
105 68
105 72
105 74
105 75
105 79
105 85
105 94
105 99
105 105
105 106
105 111
105 124
105 130
105 136
105 137
105 140
105 141
105 144
105 149
105 151
105 153
105 161
105 171
105 178
105 179
105 181
105 196
105 197
106 4
106 9
106 16
106 30
106 31
106 33
106 35
106 38
106 53
106 55
106 56
106 62
106 67
106 70
106 81
106 86
106 88
106 93
106 97
106 100
106 106
106 109
106 113
106 115
106 123
106 125
106 136
106 144
106 152
106 155
106 161
106 166
106 171
106 178
106 182
106 190
106 194
107 5
107 16
107 17
107 19
107 20
107 24
107 27
107 28
107 29
107 35
107 36
107 40
107 54
107 58
107 59
107 66
107 73
107 83
107 90
107 94
107 112
107 129
107 131
107 141
107 150
107 151
107 161
107 176
107 188
107 193
108 1
108 6
108 17
108 21
108 26
108 42
108 50
108 52
108 58
108 72
108 75
108 76
108 78
108 83
108 91
108 99
108 111
108 114
108 128
108 137
108 141
108 142
108 143
108 145
108 147
108 150
108 153
108 154
108 162
108 167
108 169
108 172
108 173
108 189
108 192
109 6
109 24
109 26
109 27
109 30
109 33
109 45
109 49
109 64
109 66
109 72
109 82
109 85
109 95
109 97
109 107
109 115
109 117
109 122
109 133
109 134
109 135
109 136
109 140
109 143
109 149
109 165
109 169
109 172
109 181
109 184
109 199
110 1
110 15
110 19
110 21
110 24
110 25
110 29
110 30
110 34
110 35
110 39
110 40
110 44
110 45
110 47
110 52
110 53
110 61
110 64
110 65
110 69
110 71
110 81
110 91
110 92
110 100
110 106
110 107
110 119
110 121
110 129
110 131
110 134
110 143
110 145
110 156
110 163
110 167
110 168
110 172
110 173
110 174
110 175
110 187
110 193
110 195
110 197
110 198
110 199
111 2
111 11
111 12
111 16
111 21
111 23
111 24
111 29
111 36
111 44
111 45
111 48
111 55
111 66
111 71
111 82
111 94
111 99
111 105
111 117
111 122
111 126
111 135
111 140
111 147
111 149
111 155
111 169
111 173
111 175
111 176
111 179
111 185
111 187
111 192
111 195
111 198
112 6
112 7
112 8
112 19
112 24
112 28
112 33
112 37
112 38
112 43
112 45
112 48
112 51
112 52
112 60
112 68
112 81
112 120
112 130
112 135
112 140
112 143
112 148
112 153
112 163
112 166
112 170
112 177
112 184
112 188
113 3
113 4
113 6
113 11
113 15
113 17
113 18
113 21
113 27
113 35
113 37
113 50
113 52
113 53
113 56
113 58
113 60
113 63
113 66
113 70
113 71
113 106
113 107
113 114
113 117
113 126
113 135
113 140
113 142
113 147
113 150
113 159
113 163
113 164
113 172
113 173
113 176
113 179
113 182
114 3
114 4
114 5
114 19
114 25
114 27
114 36
114 39
114 50
114 60
114 62
114 66
114 67
114 68
114 75
114 77
114 78
114 81
114 87
114 100
114 102
114 108
114 121
114 123
114 126
114 127
114 130
114 131
114 134
114 135
114 141
114 143
114 144
114 148
114 168
114 170
114 177
114 188
114 191
114 192
114 195
114 197
114 198
115 3
115 5
115 12
115 17
115 20
115 23
115 27
115 48
115 49
115 53
115 56
115 62
115 65
115 75
115 77
115 78
115 88
115 97
115 102
115 104
115 110
115 124
115 127
115 134
115 140
115 151
115 159
115 162
115 166
115 170
115 172
115 187
115 191
115 198
116 3
116 6
116 12
116 17
116 18
116 22
116 23
116 24
116 25
116 29
116 30
116 32
116 33
116 37
116 49
116 50
116 51
116 52
116 58
116 60
116 67
116 82
116 97
116 101
116 104
116 118
116 127
116 142
116 143
116 145
116 159
116 160
116 163
116 165
116 167
116 168
116 169
116 171
116 180
116 190
116 192
116 196
116 199
117 2
117 8
117 10
117 11
117 14
117 18
117 22
117 23
117 25
117 40
117 44
117 50
117 53
117 58
117 61
117 77
117 85
117 87
117 89
117 93
117 100
117 105
117 110
117 111
117 114
117 122
117 124
117 136
117 137
117 139
117 143
117 146
117 148
117 152
117 154
117 162
117 164
117 166
117 182
117 184
117 189
117 191
117 198
118 2
118 8
118 10
118 25
118 30
118 35
118 37
118 43
118 49
118 58
118 61
118 63
118 72
118 73
118 77
118 79
118 80
118 88
118 90
118 100
118 101
118 107
118 113
118 140
118 143
118 147
118 150
118 151
118 160
118 162
118 171
118 186
118 194
119 2
119 3
119 25
119 26
119 27
119 30
119 32
119 33
119 37
119 56
119 62
119 63
119 66
119 76
119 82
119 83
119 91
119 96
119 100
119 107
119 108
119 112
119 121
119 125
119 129
119 132
119 133
119 135
119 136
119 142
119 156
119 165
119 166
119 171
119 176
119 177
119 181
119 184
119 186
119 188
119 194
119 196
120 2
120 10
120 11
120 14
120 18
120 24
120 25
120 29
120 30
120 31
120 50
120 60
120 63
120 64
120 65
120 70
120 75
120 80
120 82
120 84
120 88
120 90
120 94
120 95
120 96
120 97
120 98
120 99
120 104
120 129
120 135
120 137
120 139
120 151
120 157
120 160
120 161
120 164
120 165
120 169
120 174
120 182
120 184
120 187
120 192
120 199
121 10
121 12
121 14
121 15
121 20
121 25
121 26
121 27
121 30
121 36
121 37
121 48
121 50
121 55
121 65
121 68
121 72
121 74
121 75
121 82
121 85
121 101
121 102
121 107
121 113
121 115
121 116
121 119
121 123
121 125
121 133
121 137
121 140
121 145
121 154
121 165
121 166
121 167
121 172
121 173
121 187
121 192
121 193
121 199
122 3
122 4
122 15
122 18
122 26
122 31
122 36
122 45
122 48
122 50
122 52
122 68
122 75
122 76
122 82
122 88
122 89
122 97
122 104
122 123
122 124
122 129
122 131
122 139
122 155
122 168
122 171
122 177
122 182
122 184
122 197
122 198
123 0
123 5
123 19
123 40
123 44
123 46
123 47
123 48
123 61
123 62
123 67
123 68
123 70
123 72
123 76
123 79
123 81
123 83
123 88
123 95
123 103
123 109
123 110
123 115
123 120
123 127
123 138
123 140
123 142
123 144
123 148
123 154
123 155
123 156
123 157
123 161
123 163
123 168
123 181
123 182
123 187
123 189
123 192
124 3
124 6
124 10
124 21
124 26
124 27
124 29
124 37
124 38
124 42
124 46
124 50
124 57
124 75
124 79
124 82
124 94
124 116
124 125
124 130
124 131
124 134
124 156
124 158
124 160
124 161
124 162
124 170
124 172
124 174
124 178
124 184
124 195
125 0
125 1
125 4
125 15
125 17
125 18
125 23
125 31
125 32
125 34
125 40
125 60
125 64
125 66
125 70
125 78
125 87
125 91
125 92
125 104
125 112
125 115
125 123
125 125
125 133
125 140
125 144
125 145
125 152
125 158
125 165
125 170
125 174
125 179
125 182
125 186
125 198
126 2
126 3
126 29
126 35
126 40
126 43
126 48
126 49
126 52
126 55
126 60
126 67
126 74
126 78
126 91
126 95
126 97
126 99
126 100
126 103
126 104
126 108
126 113
126 116
126 117
126 122
126 131
126 140
126 151
126 157
126 159
126 160
126 162
126 163
126 170
126 175
126 181
126 183
126 195
126 198
127 4
127 18
127 19
127 20
127 21
127 25
127 26
127 29
127 35
127 41
127 46
127 51
127 53
127 61
127 65
127 73
127 74
127 77
127 82
127 85
127 93
127 100
127 112
127 118
127 122
127 128
127 134
127 138
127 139
127 140
127 142
127 144
127 150
127 156
127 158
127 162
127 163
127 170
127 175
127 176
127 177
127 179
127 185
127 187
127 190
127 191
128 0
128 21
128 22
128 25
128 28
128 32
128 34
128 43
128 48
128 49
128 52
128 59
128 64
128 67
128 78
128 81
128 88
128 90
128 92
128 96
128 99
128 106
128 110
128 118
128 123
128 130
128 133
128 142
128 145
128 154
128 157
128 163
128 165
128 167
128 168
128 169
128 170
128 172
128 179
128 195
129 0
129 2
129 15
129 16
129 28
129 30
129 38
129 42
129 53
129 56
129 59
129 62
129 66
129 71
129 73
129 74
129 96
129 103
129 105
129 108
129 111
129 113
129 117
129 118
129 132
129 136
129 140
129 146
129 150
129 157
129 173
129 176
129 177
129 181
129 187
129 188
129 193
129 195
130 3
130 5
130 15
130 20
130 21
130 23
130 29
130 39
130 40
130 41
130 47
130 49
130 52
130 60
130 64
130 80
130 81
130 85
130 86
130 90
130 92
130 98
130 106
130 110
130 114
130 116
130 123
130 129
130 132
130 150
130 151
130 158
130 171
130 172
130 175
130 184
130 185
130 189
130 193
131 1
131 5
131 7
131 10
131 12
131 17
131 19
131 28
131 42
131 43
131 47
131 48
131 49
131 51
131 55
131 66
131 75
131 76
131 79
131 80
131 85
131 91
131 97
131 98
131 103
131 104
131 107
131 116
131 124
131 132
131 134
131 136
131 137
131 141
131 145
131 151
131 163
131 164
131 179
131 187
131 195
131 198
131 199
132 3
132 5
132 8
132 15
132 18
132 24
132 26
132 36
132 48
132 49
132 55
132 56
132 60
132 62
132 68
132 70
132 71
132 89
132 91
132 93
132 94
132 95
132 101
132 111
132 114
132 120
132 121
132 125
132 126
132 127
132 128
132 129
132 136
132 141
132 144
132 146
132 155
132 163
132 164
132 165
132 168
132 172
132 175
132 176
132 188
132 194
132 198
133 6
133 9
133 16
133 19
133 23
133 25
133 26
133 31
133 33
133 46
133 47
133 52
133 53
133 62
133 69
133 75
133 83
133 86
133 94
133 99
133 110
133 112
133 119
133 123
133 132
133 135
133 147
133 151
133 152
133 154
133 157
133 159
133 161
133 170
133 172
133 176
133 177
133 178
133 185
133 187
133 192
134 3
134 11
134 21
134 23
134 25
134 34
134 36
134 43
134 44
134 47
134 60
134 62
134 63
134 67
134 79
134 84
134 92
134 100
134 108
134 110
134 118
134 124
134 129
134 143
134 144
134 145
134 158
134 168
134 178
134 184
134 186
134 187
134 190
134 197
135 16
135 22
135 31
135 33
135 36
135 37
135 39
135 41
135 43
135 44
135 49
135 60
135 61
135 68
135 69
135 94
135 117
135 118
135 125
135 138
135 144
135 145
135 158
135 159
135 165
135 168
135 170
135 171
135 173
135 174
135 176
135 178
135 179
135 180
135 181
135 184
135 186
135 188
135 190
135 191
136 0
136 19
136 28
136 34
136 37
136 40
136 45
136 49
136 53
136 80
136 100
136 103
136 113
136 116
136 117
136 121
136 140
136 143
136 148
136 149
136 150
136 163
136 166
136 178
136 184
136 189
136 193
136 194
136 195
136 199
137 3
137 5
137 17
137 19
137 20
137 24
137 28
137 30
137 38
137 46
137 50
137 51
137 52
137 68
137 69
137 77
137 83
137 85
137 88
137 94
137 112
137 120
137 125
137 129
137 138
137 145
137 150
137 173
137 174
137 175
137 178
137 180
137 192
137 194
137 197
137 198
138 1
138 6
138 19
138 23
138 34
138 46
138 48
138 57
138 61
138 65
138 68
138 80
138 81
138 84
138 85
138 88
138 98
138 99
138 107
138 108
138 117
138 120
138 129
138 131
138 132
138 134
138 135
138 142
138 146
138 147
138 148
138 170
138 173
138 178
138 187
138 188
138 191
138 193
138 197
139 0
139 3
139 4
139 5
139 7
139 12
139 13
139 16
139 17
139 18
139 20
139 21
139 23
139 28
139 30
139 31
139 41
139 44
139 52
139 67
139 72
139 73
139 76
139 77
139 78
139 82
139 86
139 91
139 102
139 103
139 108
139 110
139 117
139 123
139 124
139 128
139 132
139 138
139 143
139 146
139 154
139 155
139 168
139 173
139 176
139 180
139 183
139 193
139 198
140 11
140 12
140 18
140 23
140 27
140 30
140 31
140 36
140 37
140 38
140 39
140 41
140 50
140 52
140 56
140 59
140 64
140 65
140 68
140 69
140 75
140 77
140 78
140 80
140 87
140 96
140 97
140 100
140 102
140 111
140 112
140 124
140 128
140 131
140 137
140 139
140 140
140 145
140 150
140 151
140 158
140 165
140 168
140 182
140 186
140 193
140 199
141 0
141 16
141 20
141 31
141 38
141 40
141 43
141 46
141 49
141 55
141 58
141 72
141 79
141 84
141 86
141 87
141 96
141 98
141 103
141 106
141 110
141 115
141 118
141 125
141 126
141 133
141 134
141 143
141 158
141 160
141 161
141 163
141 175
141 176
141 179
141 180
141 186
141 190
141 196
141 198
142 12
142 19
142 29
142 30
142 37
142 38
142 47
142 60
142 63
142 67
142 69
142 70
142 104
142 106
142 107
142 113
142 125
142 148
142 150
142 152
142 157
142 158
142 159
142 168
142 171
142 177
142 182
142 184
142 191
142 192
142 196
143 1
143 2
143 6
143 11
143 28
143 33
143 42
143 54
143 61
143 63
143 79
143 81
143 88
143 99
143 104
143 113
143 117
143 120
143 123
143 141
143 144
143 145
143 151
143 165
143 167
143 168
143 175
143 183
143 191
143 193
144 2
144 12
144 21
144 26
144 32
144 35
144 41
144 42
144 47
144 50
144 51
144 60
144 70
144 88
144 95
144 106
144 108
144 114
144 119
144 122
144 127
144 143
144 145
144 146
144 157
144 161
144 164
144 168
144 171
145 1
145 11
145 12
145 35
145 57
145 59
145 61
145 68
145 70
145 76
145 77
145 79
145 80
145 86
145 90
145 97
145 105
145 106
145 110
145 112
145 117
145 121
145 122
145 128
145 131
145 132
145 133
145 135
145 142
145 148
145 155
145 156
145 166
145 167
145 173
145 177
145 184
145 188
145 189
145 190
145 191
145 197
145 198
146 5
146 9
146 12
146 13
146 17
146 21
146 23
146 28
146 29
146 32
146 44
146 52
146 53
146 68
146 69
146 75
146 78
146 101
146 104
146 110
146 115
146 117
146 119
146 122
146 124
146 128
146 138
146 140
146 145
146 154
146 156
146 168
146 169
146 181
146 189
146 191
147 2
147 4
147 7
147 20
147 21
147 25
147 34
147 38
147 70
147 75
147 78
147 81
147 84
147 85
147 92
147 100
147 108
147 111
147 116
147 123
147 136
147 138
147 142
147 143
147 145
147 157
147 162
147 163
147 167
147 169
147 172
147 174
147 183
147 190
147 192
147 193
147 194
148 0
148 1
148 9
148 12
148 13
148 15
148 18
148 21
148 23
148 27
148 28
148 30
148 33
148 36
148 49
148 50
148 54
148 59
148 61
148 65
148 67
148 68
148 81
148 82
148 86
148 89
148 91
148 92
148 102
148 104
148 105
148 110
148 115
148 116
148 117
148 121
148 123
148 124
148 135
148 136
148 137
148 139
148 140
148 143
148 144
148 145
148 149
148 152
148 159
148 171
148 172
148 174
148 190
148 191
148 196
149 0
149 1
149 4
149 5
149 10
149 11
149 17
149 24
149 27
149 48
149 56
149 57
149 77
149 83
149 85
149 90
149 92
149 93
149 97
149 99
149 103
149 114
149 116
149 118
149 124
149 125
149 128
149 131
149 132
149 133
149 134
149 137
149 140
149 144
149 153
149 157
149 158
149 159
149 161
149 163
149 167
149 174
149 175
149 179
149 188
149 189
149 197
149 198
150 1
150 2
150 11
150 14
150 20
150 34
150 36
150 39
150 44
150 50
150 54
150 56
150 60
150 64
150 79
150 80
150 84
150 87
150 96
150 99
150 104
150 108
150 109
150 111
150 115
150 121
150 127
150 136
150 141
150 150
150 151
150 153
150 154
150 157
150 158
150 160
150 167
150 173
150 174
150 182
150 185
150 191
150 192
150 194
150 195
151 1
151 4
151 16
151 26
151 27
151 31
151 35
151 37
151 41
151 42
151 53
151 54
151 57
151 64
151 69
151 72
151 89
151 93
151 94
151 96
151 97
151 101
151 119
151 120
151 128
151 138
151 145
151 161
151 163
151 164
151 170
151 172
151 182
151 186
151 190
151 196
151 197
151 198
151 199
152 6
152 15
152 25
152 30
152 31
152 36
152 38
152 46
152 48
152 53
152 55
152 61
152 63
152 66
152 71
152 74
152 75
152 76
152 80
152 83
152 94
152 104
152 108
152 115
152 116
152 118
152 119
152 120
152 122
152 127
152 130
152 138
152 146
152 147
152 156
152 160
152 164
152 181
152 186
152 192
153 10
153 15
153 16
153 20
153 22
153 30
153 33
153 34
153 46
153 51
153 56
153 71
153 73
153 77
153 78
153 82
153 85
153 93
153 110
153 112
153 114
153 117
153 118
153 128
153 138
153 147
153 156
153 159
153 164
153 167
153 169
153 180
153 183
153 189
153 191
153 196
153 197
153 199
154 2
154 5
154 14
154 16
154 20
154 24
154 33
154 42
154 43
154 49
154 50
154 51
154 53
154 56
154 57
154 60
154 64
154 67
154 68
154 79
154 82
154 84
154 85
154 86
154 92
154 99
154 100
154 104
154 110
154 127
154 131
154 154
154 165
154 166
154 169
154 189
154 190
154 193
154 197
155 2
155 3
155 6
155 8
155 9
155 11
155 15
155 20
155 22
155 26
155 29
155 37
155 38
155 39
155 41
155 43
155 49
155 55
155 59
155 60
155 67
155 68
155 75
155 87
155 88
155 91
155 121
155 123
155 125
155 128
155 137
155 142
155 143
155 149
155 153
155 170
155 180
155 184
155 193
155 196
155 199
156 1
156 7
156 10
156 12
156 13
156 23
156 29
156 33
156 48
156 51
156 52
156 53
156 59
156 64
156 67
156 73
156 78
156 79
156 104
156 108
156 118
156 125
156 127
156 131
156 133
156 136
156 137
156 138
156 151
156 160
156 162
156 175
156 182
156 183
156 184
156 185
156 194
157 1
157 5
157 8
157 12
157 16
157 18
157 20
157 25
157 26
157 32
157 41
157 56
157 60
157 61
157 63
157 71
157 74
157 75
157 83
157 85
157 86
157 91
157 110
157 111
157 113
157 115
157 117
157 123
157 128
157 131
157 139
157 142
157 144
157 152
157 156
157 162
157 163
157 170
157 173
157 179
157 181
157 187
157 191
158 1
158 2
158 5
158 6
158 10
158 14
158 15
158 17
158 18
158 26
158 27
158 34
158 37
158 39
158 48
158 55
158 56
158 59
158 66
158 71
158 73
158 76
158 77
158 80
158 91
158 94
158 97
158 103
158 110
158 125
158 127
158 133
158 135
158 136
158 137
158 140
158 141
158 144
158 150
158 164
158 172
158 176
158 180
158 185
158 188
158 193
158 194
158 196
158 198
159 6
159 12
159 13
159 27
159 28
159 29
159 42
159 46
159 57
159 64
159 70
159 71
159 74
159 75
159 91
159 101
159 107
159 109
159 110
159 118
159 121
159 124
159 125
159 137
159 138
159 153
159 164
159 165
159 166
159 167
159 173
159 188
159 198
159 199
160 10
160 11
160 19
160 20
160 23
160 24
160 25
160 27
160 40
160 50
160 55
160 56
160 59
160 62
160 67
160 68
160 74
160 84
160 99
160 112
160 114
160 115
160 120
160 122
160 123
160 133
160 139
160 141
160 142
160 145
160 147
160 159
160 167
160 168
160 169
160 170
160 173
160 182
160 183
161 0
161 6
161 8
161 10
161 11
161 18
161 20
161 23
161 29
161 35
161 37
161 44
161 48
161 52
161 56
161 62
161 63
161 64
161 67
161 70
161 78
161 82
161 83
161 84
161 85
161 86
161 89
161 91
161 92
161 114
161 116
161 118
161 119
161 121
161 133
161 138
161 139
161 142
161 146
161 147
161 152
161 157
161 160
161 163
161 172
161 180
161 184
161 187
161 188
161 189
161 190
161 191
161 194
161 199
162 3
162 5
162 10
162 11
162 22
162 27
162 30
162 35
162 37
162 46
162 49
162 51
162 53
162 55
162 59
162 60
162 63
162 79
162 82
162 87
162 92
162 93
162 94
162 101
162 102
162 110
162 119
162 127
162 129
162 130
162 137
162 143
162 145
162 160
162 162
162 164
162 167
162 168
162 177
162 181
162 184
162 187
162 192
162 193
163 3
163 15
163 22
163 24
163 25
163 28
163 33
163 42
163 56
163 57
163 58
163 60
163 64
163 90
163 93
163 98
163 101
163 103
163 104
163 109
163 121
163 135
163 137
163 138
163 144
163 147
163 156
163 165
163 166
163 177
163 181
163 190
163 193
163 196
164 0
164 4
164 15
164 17
164 29
164 38
164 47
164 49
164 57
164 65
164 66
164 77
164 84
164 89
164 92
164 94
164 104
164 111
164 113
164 123
164 124
164 129
164 132
164 134
164 136
164 143
164 157
164 159
164 162
164 164
164 174
164 180
164 181
165 0
165 2
165 8
165 15
165 16
165 25
165 29
165 34
165 36
165 38
165 42
165 50
165 51
165 66
165 74
165 76
165 79
165 105
165 107
165 114
165 115
165 127
165 128
165 132
165 133
165 142
165 149
165 151
165 152
165 156
165 158
165 168
165 182
165 184
165 188
165 192
166 4
166 5
166 14
166 18
166 19
166 26
166 35
166 47
166 49
166 55
166 58
166 59
166 60
166 61
166 66
166 67
166 70
166 72
166 80
166 81
166 88
166 89
166 90
166 92
166 93
166 97
166 102
166 104
166 110
166 113
166 114
166 132
166 134
166 136
166 143
166 144
166 154
166 158
166 159
166 162
166 164
166 169
166 179
166 182
166 197
167 8
167 14
167 19
167 20
167 27
167 30
167 32
167 35
167 37
167 39
167 42
167 59
167 64
167 65
167 66
167 67
167 70
167 73
167 80
167 84
167 85
167 90
167 103
167 112
167 113
167 114
167 120
167 123
167 127
167 131
167 134
167 135
167 140
167 141
167 143
167 144
167 145
167 147
167 154
167 160
167 161
167 166
167 186
167 188
167 190
167 199
168 12
168 33
168 34
168 35
168 37
168 41
168 45
168 53
168 54
168 56
168 59
168 79
168 102
168 104
168 105
168 107
168 118
168 120
168 122
168 124
168 132
168 134
168 136
168 139
168 142
168 144
168 146
168 148
168 152
168 155
168 160
168 164
168 174
168 176
168 179
168 182
168 186
168 187
168 194
169 8
169 13
169 15
169 23
169 24
169 35
169 43
169 49
169 53
169 55
169 57
169 65
169 76
169 78
169 85
169 88
169 89
169 103
169 107
169 116
169 120
169 121
169 134
169 141
169 147
169 149
169 156
169 158
169 162
169 166
169 173
169 177
169 179
169 186
169 196
169 197
170 2
170 7
170 13
170 32
170 33
170 35
170 36
170 43
170 46
170 53
170 56
170 57
170 77
170 78
170 107
170 109
170 110
170 111
170 119
170 121
170 127
170 132
170 133
170 140
170 149
170 166
170 168
170 170
170 172
170 175
170 176
170 182
170 183
170 185
170 187
170 198
170 199
171 6
171 7
171 13
171 18
171 30
171 37
171 42
171 49
171 58
171 62
171 64
171 65
171 71
171 75
171 78
171 92
171 94
171 95
171 97
171 98
171 104
171 107
171 108
171 112
171 113
171 125
171 131
171 132
171 152
171 157
171 165
171 181
171 183
171 188
171 192
172 2
172 3
172 11
172 15
172 20
172 34
172 39
172 42
172 46
172 54
172 57
172 59
172 68
172 70
172 75
172 79
172 81
172 84
172 86
172 98
172 100
172 101
172 105
172 111
172 115
172 119
172 121
172 123
172 124
172 143
172 166
172 170
172 173
172 176
172 177
172 185
172 193
172 199
173 4
173 7
173 8
173 11
173 15
173 21
173 22
173 24
173 31
173 33
173 35
173 36
173 40
173 42
173 48
173 59
173 62
173 65
173 70
173 80
173 83
173 90
173 92
173 100
173 107
173 108
173 109
173 112
173 115
173 117
173 118
173 140
173 146
173 149
173 156
173 162
173 169
173 170
173 171
173 172
173 173
173 174
173 181
173 187
173 188
173 194
174 0
174 5
174 17
174 18
174 35
174 45
174 47
174 49
174 62
174 65
174 70
174 75
174 77
174 92
174 93
174 112
174 113
174 115
174 117
174 118
174 123
174 133
174 141
174 149
174 154
174 155
174 157
174 165
174 167
174 171
174 173
174 176
174 184
174 190
174 193
175 7
175 8
175 13
175 15
175 21
175 22
175 23
175 24
175 27
175 35
175 38
175 42
175 45
175 50
175 59
175 61
175 62
175 67
175 79
175 85
175 93
175 102
175 107
175 115
175 120
175 123
175 128
175 145
175 149
175 159
175 160
175 167
175 171
175 172
175 174
175 177
175 192
175 195
176 0
176 5
176 7
176 8
176 11
176 12
176 15
176 28
176 35
176 75
176 76
176 82
176 83
176 84
176 98
176 99
176 104
176 109
176 122
176 132
176 133
176 135
176 142
176 145
176 159
176 160
176 162
176 166
176 172
176 180
176 182
176 183
176 199
177 6
177 7
177 13
177 17
177 21
177 24
177 26
177 30
177 33
177 34
177 51
177 55
177 60
177 61
177 66
177 69
177 72
177 73
177 74
177 79
177 84
177 86
177 87
177 90
177 104
177 105
177 107
177 111
177 112
177 116
177 120
177 123
177 128
177 132
177 133
177 140
177 141
177 145
177 148
177 150
177 152
177 154
177 159
177 160
177 161
177 168
177 169
177 183
177 190
177 197
178 1
178 2
178 21
178 37
178 39
178 52
178 56
178 64
178 67
178 81
178 86
178 92
178 93
178 94
178 101
178 108
178 110
178 118
178 121
178 126
178 129
178 131
178 132
178 140
178 141
178 142
178 143
178 144
178 151
178 157
178 164
178 175
178 178
178 179
178 181
178 187
178 189
178 192
178 198
179 0
179 17
179 27
179 31
179 33
179 37
179 38
179 40
179 46
179 50
179 57
179 60
179 65
179 74
179 82
179 93
179 106
179 109
179 114
179 116
179 117
179 118
179 121
179 122
179 137
179 139
179 141
179 146
179 160
179 162
179 166
179 170
179 179
179 180
179 189
180 2
180 5
180 6
180 7
180 22
180 26
180 35
180 36
180 38
180 47
180 51
180 62
180 71
180 75
180 81
180 82
180 88
180 94
180 98
180 102
180 109
180 114
180 134
180 139
180 145
180 146
180 153
180 158
180 165
180 167
180 182
180 186
180 189
180 191
180 192
180 198
181 1
181 3
181 19
181 20
181 27
181 37
181 38
181 39
181 46
181 52
181 58
181 62
181 63
181 65
181 66
181 68
181 77
181 80
181 88
181 95
181 98
181 102
181 103
181 114
181 122
181 126
181 128
181 133
181 134
181 144
181 146
181 150
181 151
181 152
181 153
181 155
181 156
181 157
181 158
181 172
181 174
181 179
181 191
181 196
182 2
182 3
182 4
182 11
182 14
182 19
182 27
182 33
182 46
182 53
182 54
182 57
182 60
182 64
182 67
182 79
182 84
182 88
182 105
182 109
182 110
182 113
182 115
182 116
182 119
182 126
182 132
182 139
182 152
182 154
182 158
182 166
182 168
182 170
182 171
182 178
182 181
182 188
183 2
183 3
183 5
183 12
183 14
183 16
183 17
183 20
183 22
183 23
183 25
183 41
183 47
183 51
183 52
183 55
183 58
183 59
183 63
183 71
183 73
183 75
183 84
183 91
183 100
183 101
183 111
183 114
183 129
183 139
183 141
183 142
183 144
183 148
183 157
183 169
183 173
183 175
183 179
183 182
183 189
183 193
184 2
184 6
184 26
184 27
184 28
184 30
184 32
184 38
184 40
184 43
184 48
184 54
184 72
184 76
184 105
184 109
184 115
184 117
184 121
184 126
184 127
184 128
184 134
184 135
184 138
184 141
184 146
184 163
184 170
184 172
184 174
184 176
184 183
184 189
184 195
184 198
185 4
185 12
185 24
185 26
185 31
185 32
185 34
185 37
185 41
185 47
185 55
185 56
185 63
185 64
185 65
185 66
185 75
185 76
185 79
185 88
185 89
185 92
185 95
185 96
185 102
185 104
185 110
185 118
185 126
185 141
185 144
185 146
185 152
185 154
185 157
185 160
185 173
185 179
185 187
185 188
185 189
185 190
185 196
186 2
186 6
186 19
186 23
186 31
186 34
186 35
186 36
186 47
186 54
186 56
186 58
186 59
186 60
186 64
186 71
186 72
186 73
186 77
186 79
186 87
186 92
186 102
186 105
186 121
186 123
186 127
186 129
186 134
186 136
186 138
186 139
186 141
186 143
186 146
186 147
186 148
186 150
186 154
186 155
186 167
186 169
186 190
186 191
186 192
186 194
186 198
187 8
187 9
187 12
187 15
187 19
187 29
187 33
187 36
187 38
187 39
187 47
187 48
187 54
187 55
187 56
187 67
187 76
187 79
187 81
187 82
187 87
187 93
187 103
187 111
187 116
187 121
187 132
187 138
187 139
187 144
187 145
187 149
187 154
187 156
187 190
187 197
187 198
187 199
188 2
188 6
188 15
188 17
188 32
188 33
188 38
188 44
188 47
188 49
188 57
188 60
188 66
188 76
188 77
188 78
188 102
188 108
188 124
188 126
188 128
188 129
188 130
188 133
188 135
188 137
188 142
188 150
188 151
188 155
188 156
188 165
188 178
188 179
188 184
188 190
189 2
189 5
189 6
189 13
189 16
189 20
189 22
189 23
189 29
189 30
189 31
189 40
189 44
189 52
189 53
189 55
189 72
189 80
189 89
189 91
189 92
189 93
189 94
189 100
189 102
189 106
189 107
189 110
189 116
189 118
189 120
189 134
189 150
189 152
189 155
189 161
189 166
189 171
189 175
189 177
189 178
189 180
189 183
189 189
189 191
190 0
190 1
190 8
190 11
190 14
190 15
190 22
190 41
190 44
190 47
190 49
190 53
190 65
190 79
190 83
190 96
190 99
190 100
190 101
190 102
190 103
190 104
190 106
190 109
190 111
190 112
190 114
190 115
190 136
190 151
190 158
190 159
190 163
190 166
190 167
190 172
190 191
190 195
191 2
191 9
191 15
191 16
191 19
191 21
191 27
191 28
191 32
191 35
191 37
191 41
191 45
191 48
191 51
191 56
191 60
191 62
191 67
191 68
191 70
191 72
191 77
191 90
191 101
191 111
191 114
191 115
191 117
191 127
191 135
191 148
191 157
191 158
191 166
191 171
191 176
191 183
191 189
191 192
191 196
192 0
192 1
192 10
192 15
192 17
192 23
192 36
192 37
192 56
192 59
192 70
192 79
192 83
192 87
192 88
192 96
192 98
192 105
192 109
192 114
192 121
192 127
192 139
192 145
192 147
192 156
192 162
192 163
192 168
192 169
192 170
192 183
192 184
192 185
192 186
192 195
193 0
193 5
193 8
193 16
193 18
193 20
193 21
193 29
193 42
193 50
193 65
193 72
193 73
193 77
193 79
193 84
193 92
193 93
193 94
193 104
193 110
193 112
193 113
193 122
193 123
193 126
193 127
193 133
193 140
193 155
193 156
193 157
193 163
193 167
193 178
193 181
193 184
193 192
193 196
194 1
194 8
194 9
194 12
194 20
194 23
194 26
194 33
194 34
194 46
194 47
194 54
194 64
194 71
194 73
194 76
194 89
194 97
194 100
194 102
194 104
194 114
194 119
194 128
194 130
194 131
194 139
194 141
194 143
194 144
194 150
194 160
194 163
194 171
194 175
194 176
194 177
194 193
194 199
195 0
195 1
195 11
195 17
195 18
195 20
195 27
195 49
195 50
195 53
195 58
195 65
195 74
195 75
195 80
195 91
195 94
195 111
195 115
195 125
195 126
195 134
195 138
195 157
195 162
195 166
195 167
195 168
195 172
195 177
195 185
195 197
196 4
196 6
196 8
196 15
196 21
196 22
196 23
196 26
196 36
196 39
196 41
196 44
196 47
196 52
196 56
196 57
196 62
196 67
196 68
196 70
196 71
196 84
196 96
196 120
196 125
196 126
196 129
196 135
196 138
196 141
196 142
196 145
196 149
196 155
196 158
196 160
196 162
196 168
196 170
196 172
196 180
196 184
196 189
196 196
197 5
197 6
197 14
197 25
197 31
197 39
197 52
197 59
197 60
197 67
197 69
197 76
197 84
197 85
197 86
197 97
197 111
197 115
197 116
197 136
197 138
197 143
197 147
197 148
197 156
197 162
197 164
197 174
197 187
197 188
197 191
197 194
197 195
197 196
198 1
198 3
198 9
198 13
198 20
198 22
198 38
198 46
198 49
198 50
198 51
198 53
198 59
198 65
198 78
198 81
198 84
198 86
198 88
198 90
198 107
198 111
198 114
198 119
198 122
198 141
198 142
198 148
198 151
198 156
198 160
198 161
198 167
198 169
198 175
198 181
198 185
198 186
198 190
198 196
198 198
199 3
199 5
199 8
199 16
199 22
199 24
199 29
199 34
199 38
199 39
199 47
199 49
199 57
199 73
199 78
199 84
199 91
199 93
199 98
199 101
199 102
199 105
199 108
199 116
199 117
199 119
199 120
199 127
199 129
199 130
199 131
199 138
199 143
199 147
199 148
199 149
199 151
199 153
199 161
199 170
199 171
199 177
199 186
199 188
199 191
199 196
