190
7220
0 17
0 18
0 22
0 26
0 30
0 36
0 38
0 46
0 49
0 55
0 56
0 60
0 63
0 72
0 77
0 87
0 89
0 104
0 114
0 116
0 118
0 125
0 128
0 133
0 149
0 152
0 158
0 160
0 166
0 168
0 175
0 188
1 3
1 6
1 8
1 10
1 19
1 23
1 24
1 26
1 29
1 31
1 32
1 38
1 43
1 49
1 54
1 65
1 66
1 75
1 79
1 80
1 91
1 93
1 99
1 104
1 110
1 113
1 120
1 123
1 131
1 136
1 139
1 153
1 154
1 159
1 164
1 170
2 3
2 11
2 12
2 24
2 26
2 35
2 36
2 42
2 45
2 46
2 55
2 56
2 62
2 63
2 72
2 90
2 91
2 94
2 100
2 109
2 115
2 123
2 126
2 127
2 131
2 134
2 137
2 139
2 141
2 144
2 154
2 178
2 181
3 0
3 1
3 17
3 19
3 20
3 24
3 27
3 28
3 32
3 41
3 42
3 49
3 63
3 66
3 71
3 73
3 75
3 77
3 79
3 80
3 84
3 85
3 87
3 89
3 90
3 103
3 104
3 112
3 120
3 126
3 127
3 129
3 130
3 131
3 140
3 147
3 151
3 161
3 162
3 163
3 166
3 168
3 177
4 2
4 11
4 32
4 34
4 37
4 38
4 40
4 42
4 50
4 58
4 62
4 74
4 76
4 78
4 84
4 88
4 94
4 103
4 113
4 118
4 122
4 131
4 147
4 155
4 156
4 162
4 167
4 168
4 184
4 185
4 186
5 0
5 3
5 9
5 19
5 23
5 25
5 26
5 32
5 33
5 43
5 44
5 62
5 63
5 65
5 71
5 73
5 74
5 95
5 97
5 101
5 110
5 112
5 115
5 118
5 121
5 123
5 124
5 142
5 148
5 155
5 157
5 160
5 166
6 3
6 8
6 23
6 25
6 26
6 27
6 33
6 34
6 47
6 55
6 58
6 65
6 67
6 69
6 77
6 78
6 79
6 81
6 86
6 91
6 101
6 104
6 108
6 109
6 115
6 125
6 134
6 148
6 163
6 165
6 173
6 179
6 180
6 182
7 6
7 11
7 12
7 13
7 18
7 22
7 25
7 28
7 30
7 35
7 39
7 41
7 52
7 54
7 67
7 82
7 84
7 91
7 93
7 101
7 106
7 107
7 116
7 121
7 126
7 129
7 130
7 131
7 132
7 134
7 136
7 141
7 144
7 146
7 148
7 154
7 156
7 158
7 162
7 164
7 167
7 174
7 176
7 178
7 180
7 181
7 186
8 5
8 10
8 12
8 13
8 15
8 27
8 28
8 29
8 30
8 31
8 39
8 40
8 47
8 50
8 53
8 56
8 59
8 66
8 74
8 77
8 80
8 82
8 86
8 90
8 94
8 111
8 114
8 116
8 123
8 129
8 131
8 132
8 145
8 147
8 160
8 168
8 177
8 183
9 4
9 10
9 11
9 12
9 16
9 21
9 23
9 25
9 26
9 39
9 40
9 43
9 45
9 47
9 48
9 49
9 53
9 56
9 62
9 77
9 88
9 89
9 92
9 98
9 104
9 108
9 111
9 116
9 119
9 123
9 124
9 131
9 135
9 138
9 144
9 147
9 149
9 151
9 152
9 158
9 160
9 170
9 173
9 174
9 175
9 177
9 178
9 182
9 189
10 0
10 4
10 6
10 11
10 13
10 25
10 26
10 31
10 32
10 39
10 50
10 53
10 55
10 59
10 60
10 62
10 66
10 67
10 73
10 74
10 94
10 96
10 104
10 108
10 109
10 110
10 118
10 119
10 121
10 122
10 125
10 126
10 127
10 128
10 129
10 132
10 137
10 140
10 141
10 143
10 145
10 156
10 157
10 159
10 160
10 162
10 164
10 177
10 178
10 187
11 9
11 25
11 29
11 37
11 40
11 42
11 48
11 49
11 54
11 57
11 60
11 64
11 78
11 79
11 80
11 93
11 105
11 116
11 118
11 123
11 128
11 131
11 133
11 137
11 138
11 139
11 140
11 143
11 147
11 156
11 157
11 168
11 170
11 175
11 179
11 183
11 185
12 0
12 3
12 16
12 17
12 18
12 20
12 34
12 37
12 41
12 43
12 44
12 45
12 59
12 64
12 67
12 72
12 73
12 74
12 78
12 87
12 91
12 104
12 105
12 112
12 115
12 120
12 121
12 123
12 128
12 133
12 136
12 144
12 147
12 148
12 162
12 163
12 167
12 170
12 175
12 181
13 0
13 11
13 16
13 18
13 22
13 25
13 32
13 33
13 36
13 37
13 39
13 41
13 42
13 47
13 50
13 51
13 53
13 64
13 68
13 74
13 85
13 86
13 92
13 94
13 99
13 100
13 103
13 120
13 121
13 122
13 129
13 132
13 134
13 141
13 145
13 146
13 148
13 155
13 169
13 172
13 173
13 181
13 183
13 185
14 8
14 15
14 18
14 20
14 21
14 24
14 25
14 27
14 30
14 34
14 38
14 46
14 50
14 54
14 57
14 61
14 63
14 71
14 74
14 85
14 90
14 95
14 97
14 102
14 105
14 108
14 112
14 116
14 117
14 143
14 148
14 151
14 153
14 162
14 165
14 174
14 184
14 189
15 3
15 7
15 11
15 28
15 32
15 37
15 38
15 39
15 43
15 50
15 67
15 68
15 71
15 73
15 75
15 91
15 95
15 97
15 100
15 104
15 117
15 122
15 138
15 141
15 143
15 147
15 148
15 149
15 153
15 156
15 163
15 171
15 183
15 187
15 189
16 2
16 9
16 12
16 19
16 21
16 27
16 28
16 31
16 32
16 36
16 43
16 47
16 48
16 54
16 60
16 63
16 64
16 75
16 85
16 86
16 87
16 92
16 98
16 100
16 103
16 106
16 115
16 120
16 122
16 144
16 145
16 154
16 156
16 158
16 161
16 166
16 177
16 178
16 179
16 182
16 183
17 8
17 13
17 14
17 15
17 20
17 24
17 25
17 27
17 29
17 34
17 38
17 63
17 65
17 71
17 78
17 82
17 88
17 89
17 92
17 99
17 110
17 111
17 118
17 119
17 120
17 121
17 124
17 135
17 142
17 143
17 150
17 153
17 161
17 163
17 165
17 167
17 179
17 181
17 189
18 2
18 4
18 8
18 25
18 28
18 29
18 33
18 43
18 47
18 50
18 61
18 66
18 69
18 71
18 76
18 77
18 93
18 100
18 102
18 104
18 120
18 126
18 128
18 131
18 144
18 145
18 148
18 154
18 161
18 162
18 170
18 171
18 176
18 178
18 183
18 184
19 6
19 8
19 12
19 15
19 18
19 21
19 23
19 25
19 26
19 34
19 35
19 44
19 45
19 49
19 62
19 66
19 77
19 81
19 86
19 93
19 107
19 112
19 113
19 116
19 118
19 120
19 125
19 136
19 137
19 145
19 149
19 159
19 165
19 171
19 175
19 177
19 180
19 182
19 187
19 189
20 3
20 8
20 12
20 15
20 16
20 22
20 23
20 26
20 27
20 31
20 33
20 34
20 38
20 47
20 55
20 62
20 63
20 67
20 68
20 79
20 80
20 84
20 87
20 102
20 105
20 106
20 109
20 111
20 112
20 117
20 118
20 125
20 129
20 132
20 140
20 143
20 147
20 150
20 162
20 168
20 185
20 189
21 0
21 7
21 26
21 28
21 46
21 47
21 50
21 60
21 62
21 71
21 72
21 76
21 78
21 84
21 92
21 95
21 104
21 105
21 108
21 116
21 117
21 124
21 128
21 132
21 133
21 141
21 142
21 162
21 165
21 167
21 170
21 172
21 176
21 181
22 7
22 9
22 28
22 32
22 34
22 37
22 38
22 43
22 46
22 49
22 52
22 54
22 55
22 57
22 61
22 66
22 70
22 71
22 72
22 79
22 83
22 84
22 87
22 90
22 91
22 93
22 97
22 103
22 111
22 120
22 126
22 134
22 149
22 154
22 157
22 162
22 165
22 166
22 176
22 177
22 178
22 181
23 16
23 20
23 21
23 28
23 30
23 32
23 33
23 38
23 39
23 42
23 43
23 46
23 54
23 57
23 69
23 70
23 72
23 74
23 95
23 121
23 123
23 125
23 133
23 140
23 148
23 156
23 165
23 167
23 171
23 172
23 173
23 176
23 177
23 179
23 180
23 181
23 182
23 187
24 9
24 10
24 14
24 15
24 19
24 27
24 28
24 34
24 36
24 47
24 49
24 50
24 52
24 54
24 58
24 60
24 63
24 68
24 79
24 91
24 96
24 102
24 106
24 107
24 108
24 119
24 124
24 126
24 130
24 132
24 142
24 143
24 145
24 147
24 148
24 158
24 159
24 161
24 164
24 166
24 179
24 186
24 188
25 1
25 19
25 21
25 27
25 28
25 30
25 36
25 40
25 42
25 44
25 46
25 56
25 58
25 59
25 63
25 67
25 74
25 79
25 80
25 82
25 88
25 89
25 96
25 104
25 105
25 113
25 128
25 129
25 142
25 143
25 144
25 146
25 149
25 150
25 158
25 170
25 171
25 176
25 178
25 180
25 181
25 183
25 184
26 2
26 3
26 9
26 17
26 18
26 25
26 27
26 28
26 29
26 36
26 40
26 48
26 50
26 61
26 64
26 69
26 90
26 102
26 112
26 114
26 118
26 119
26 131
26 132
26 140
26 142
26 143
26 148
26 151
26 171
26 180
26 183
26 185
26 187
27 4
27 5
27 6
27 8
27 9
27 12
27 25
27 33
27 35
27 36
27 37
27 39
27 41
27 43
27 46
27 71
27 76
27 84
27 91
27 93
27 94
27 99
27 108
27 117
27 120
27 124
27 125
27 137
27 141
27 148
27 159
27 162
27 163
27 165
27 166
27 178
27 181
27 182
27 185
27 186
28 6
28 9
28 16
28 20
28 21
28 49
28 52
28 58
28 62
28 65
28 76
28 77
28 79
28 87
28 90
28 95
28 101
28 104
28 106
28 109
28 112
28 119
28 121
28 122
28 127
28 134
28 140
28 143
28 144
28 151
28 153
28 156
28 160
28 163
28 165
28 166
28 171
28 179
28 184
28 186
29 8
29 25
29 29
29 30
29 31
29 36
29 37
29 38
29 41
29 45
29 46
29 47
29 49
29 66
29 74
29 79
29 85
29 89
29 96
29 98
29 99
29 107
29 110
29 116
29 126
29 135
29 154
29 160
29 177
29 182
29 185
29 189
30 2
30 6
30 8
30 18
30 21
30 25
30 39
30 47
30 51
30 52
30 60
30 63
30 74
30 77
30 78
30 80
30 88
30 91
30 92
30 97
30 108
30 112
30 129
30 135
30 142
30 143
30 146
30 147
30 150
30 156
30 158
30 162
30 168
30 175
30 180
30 188
31 5
31 9
31 12
31 15
31 17
31 25
31 32
31 33
31 35
31 36
31 55
31 61
31 63
31 79
31 92
31 99
31 107
31 118
31 140
31 146
31 152
31 154
31 158
31 176
31 177
31 181
31 183
31 184
31 185
32 2
32 6
32 14
32 20
32 24
32 26
32 35
32 42
32 48
32 49
32 52
32 54
32 60
32 61
32 69
32 81
32 82
32 86
32 89
32 92
32 100
32 101
32 103
32 110
32 111
32 115
32 118
32 119
32 127
32 133
32 134
32 138
32 139
32 140
32 141
32 143
32 148
32 150
32 157
32 168
32 173
32 177
32 179
32 181
32 185
32 189
33 19
33 20
33 21
33 34
33 36
33 43
33 45
33 53
33 58
33 59
33 67
33 68
33 69
33 72
33 91
33 92
33 97
33 103
33 110
33 114
33 118
33 119
33 125
33 128
33 137
33 140
33 149
33 156
33 157
33 160
33 161
33 165
33 167
33 171
33 183
33 185
33 186
34 0
34 3
34 4
34 9
34 12
34 20
34 21
34 23
34 28
34 36
34 37
34 39
34 43
34 46
34 48
34 50
34 67
34 71
34 76
34 84
34 89
34 93
34 96
34 99
34 106
34 109
34 111
34 114
34 118
34 138
34 141
34 146
34 150
34 152
34 156
34 159
34 174
34 176
34 184
35 9
35 12
35 15
35 20
35 24
35 30
35 38
35 41
35 48
35 57
35 66
35 81
35 82
35 84
35 87
35 90
35 95
35 103
35 107
35 109
35 120
35 137
35 145
35 159
35 174
35 178
35 186
35 187
36 8
36 9
36 10
36 12
36 17
36 18
36 22
36 26
36 29
36 35
36 42
36 45
36 54
36 57
36 60
36 66
36 69
36 93
36 104
36 107
36 111
36 120
36 122
36 124
36 136
36 140
36 149
36 152
36 153
36 156
36 161
36 180
36 183
37 3
37 4
37 5
37 10
37 11
37 12
37 24
37 29
37 32
37 34
37 35
37 40
37 43
37 47
37 52
37 57
37 59
37 66
37 67
37 70
37 71
37 73
37 74
37 75
37 80
37 86
37 94
37 103
37 106
37 115
37 118
37 119
37 131
37 137
37 142
37 143
37 146
37 148
37 177
37 178
37 179
37 181
37 184
37 189
38 3
38 12
38 23
38 24
38 30
38 31
38 33
38 36
38 44
38 52
38 59
38 69
38 70
38 71
38 79
38 89
38 90
38 101
38 104
38 113
38 120
38 131
38 133
38 138
38 142
38 146
38 147
38 166
38 172
38 173
38 178
38 179
38 180
38 184
38 188
39 2
39 7
39 9
39 10
39 17
39 18
39 27
39 31
39 32
39 33
39 34
39 36
39 54
39 56
39 76
39 81
39 91
39 95
39 99
39 108
39 124
39 126
39 129
39 131
39 142
39 143
39 144
39 145
39 148
39 150
39 153
39 165
39 166
39 171
39 173
39 176
39 188
39 189
40 6
40 7
40 14
40 15
40 17
40 27
40 29
40 34
40 42
40 54
40 60
40 62
40 66
40 75
40 76
40 77
40 81
40 83
40 86
40 89
40 93
40 95
40 98
40 100
40 107
40 111
40 115
40 116
40 122
40 123
40 125
40 131
40 135
40 145
40 150
40 153
40 162
40 168
40 170
40 175
40 177
40 179
40 184
41 4
41 7
41 9
41 10
41 15
41 18
41 29
41 39
41 40
41 42
41 46
41 48
41 53
41 56
41 60
41 64
41 79
41 99
41 100
41 106
41 109
41 127
41 131
41 132
41 139
41 146
41 148
41 150
41 157
41 161
41 164
41 165
41 166
41 167
41 177
41 178
41 181
41 184
41 186
41 187
41 189
42 0
42 5
42 25
42 27
42 30
42 33
42 34
42 35
42 62
42 77
42 80
42 82
42 83
42 93
42 99
42 110
42 121
42 132
42 133
42 136
42 141
42 149
42 150
42 162
42 166
42 176
42 179
42 181
42 187
43 8
43 25
43 28
43 35
43 38
43 45
43 52
43 62
43 74
43 77
43 83
43 88
43 90
43 91
43 93
43 95
43 100
43 108
43 114
43 121
43 130
43 144
43 149
43 152
43 157
43 159
43 162
43 174
43 180
43 182
43 184
43 187
44 3
44 8
44 12
44 26
44 30
44 31
44 38
44 44
44 45
44 50
44 52
44 57
44 60
44 71
44 75
44 85
44 86
44 90
44 92
44 93
44 97
44 111
44 120
44 122
44 127
44 134
44 138
44 145
44 146
44 150
44 159
44 169
44 176
44 178
44 181
44 186
45 8
45 13
45 18
45 25
45 28
45 43
45 47
45 48
45 50
45 61
45 63
45 66
45 69
45 76
45 87
45 89
45 105
45 106
45 122
45 124
45 125
45 127
45 128
45 133
45 152
45 154
45 174
45 177
45 180
45 182
45 188
46 1
46 3
46 7
46 12
46 14
46 15
46 33
46 48
46 49
46 52
46 57
46 58
46 64
46 70
46 73
46 80
46 87
46 93
46 96
46 99
46 102
46 107
46 108
46 111
46 114
46 118
46 120
46 123
46 132
46 137
46 152
46 153
46 160
46 162
46 163
46 171
46 174
46 176
46 179
46 183
46 184
47 0
47 11
47 12
47 25
47 31
47 34
47 35
47 42
47 44
47 45
47 55
47 65
47 77
47 78
47 79
47 81
47 85
47 86
47 89
47 91
47 95
47 100
47 111
47 115
47 117
47 121
47 124
47 125
47 130
47 141
47 146
47 159
47 162
47 165
47 169
47 177
47 178
47 182
48 10
48 13
48 19
48 24
48 26
48 27
48 43
48 47
48 61
48 64
48 66
48 70
48 77
48 80
48 88
48 91
48 93
48 99
48 113
48 118
48 121
48 126
48 149
48 166
48 173
48 178
48 179
48 187
48 188
48 189
49 5
49 7
49 12
49 16
49 25
49 28
49 32
49 37
49 44
49 51
49 52
49 62
49 64
49 75
49 95
49 103
49 106
49 123
49 135
49 137
49 138
49 154
49 163
49 165
49 170
49 177
49 187
50 1
50 4
50 7
50 8
50 9
50 15
50 16
50 17
50 23
50 26
50 38
50 51
50 57
50 69
50 72
50 74
50 90
50 91
50 92
50 96
50 100
50 108
50 132
50 136
50 143
50 148
50 152
50 163
50 164
50 166
50 168
50 169
50 178
50 179
50 181
50 188
51 4
51 6
51 8
51 19
51 20
51 21
51 26
51 28
51 47
51 52
51 58
51 59
51 68
51 82
51 90
51 92
51 93
51 94
51 104
51 108
51 121
51 123
51 130
51 133
51 138
51 139
51 142
51 144
51 145
51 147
51 155
51 162
51 174
51 176
51 177
52 3
52 7
52 9
52 14
52 16
52 31
52 32
52 34
52 41
52 43
52 44
52 50
52 58
52 76
52 83
52 85
52 97
52 98
52 100
52 102
52 117
52 121
52 125
52 137
52 140
52 147
52 148
52 152
52 163
52 165
52 166
52 188
53 7
53 9
53 12
53 28
53 32
53 36
53 37
53 40
53 43
53 48
53 54
53 57
53 61
53 77
53 81
53 82
53 85
53 86
53 89
53 91
53 102
53 110
53 111
53 112
53 114
53 126
53 127
53 128
53 134
53 138
53 140
53 141
53 142
53 149
53 151
53 180
53 185
53 187
54 4
54 6
54 10
54 17
54 24
54 29
54 30
54 34
54 35
54 38
54 40
54 41
54 50
54 52
54 55
54 63
54 65
54 78
54 87
54 89
54 99
54 102
54 105
54 106
54 107
54 108
54 109
54 127
54 128
54 129
54 133
54 134
54 141
54 146
54 155
54 158
54 163
54 166
54 179
54 180
54 185
54 186
54 188
55 1
55 11
55 13
55 23
55 25
55 33
55 34
55 36
55 40
55 41
55 43
55 53
55 56
55 61
55 63
55 68
55 74
55 91
55 94
55 96
55 105
55 107
55 110
55 116
55 117
55 118
55 120
55 128
55 131
55 161
55 162
55 166
55 175
55 176
55 188
56 0
56 2
56 7
56 9
56 15
56 24
56 27
56 37
56 39
56 41
56 49
56 53
56 71
56 77
56 80
56 82
56 89
56 97
56 101
56 105
56 115
56 117
56 123
56 125
56 126
56 127
56 131
56 137
56 143
56 144
56 149
56 157
56 159
56 168
56 176
56 177
56 184
56 188
57 4
57 5
57 12
57 14
57 18
57 20
57 29
57 33
57 34
57 35
57 36
57 47
57 54
57 56
57 57
57 58
57 59
57 63
57 68
57 71
57 86
57 87
57 105
57 113
57 123
57 133
57 136
57 138
57 144
57 147
57 149
57 150
57 154
57 163
57 165
57 169
57 170
57 171
57 175
57 179
57 180
57 188
58 27
58 30
58 31
58 36
58 39
58 44
58 48
58 51
58 52
58 55
58 59
58 62
58 68
58 70
58 71
58 83
58 88
58 90
58 101
58 106
58 119
58 126
58 131
58 142
58 143
58 144
58 151
58 153
58 158
58 165
58 167
58 169
58 172
58 173
58 175
58 177
58 186
59 17
59 18
59 30
59 35
59 37
59 55
59 57
59 61
59 65
59 66
59 67
59 74
59 76
59 77
59 94
59 104
59 109
59 110
59 113
59 115
59 116
59 117
59 129
59 136
59 139
59 142
59 149
59 153
59 161
59 163
59 166
59 170
59 181
59 182
60 9
60 14
60 24
60 36
60 37
60 48
60 51
60 58
60 59
60 62
60 63
60 66
60 67
60 73
60 81
60 83
60 87
60 96
60 102
60 108
60 111
60 130
60 134
60 140
60 150
60 155
60 158
60 159
60 165
60 170
60 173
60 184
61 0
61 1
61 5
61 7
61 20
61 24
61 26
61 31
61 34
61 35
61 36
61 42
61 50
61 51
61 54
61 58
61 67
61 69
61 71
61 87
61 88
61 89
61 92
61 96
61 108
61 110
61 112
61 120
61 126
61 127
61 139
61 144
61 156
61 157
61 159
61 160
61 168
61 172
61 180
61 186
61 189
62 4
62 8
62 17
62 25
62 26
62 29
62 43
62 56
62 58
62 61
62 62
62 64
62 66
62 78
62 79
62 80
62 81
62 94
62 95
62 98
62 104
62 106
62 107
62 108
62 111
62 113
62 118
62 129
62 135
62 136
62 145
62 152
62 155
62 156
62 159
62 164
62 169
62 176
62 180
62 184
63 0
63 2
63 4
63 12
63 17
63 19
63 21
63 24
63 26
63 29
63 38
63 47
63 50
63 55
63 60
63 64
63 69
63 80
63 96
63 97
63 99
63 105
63 107
63 124
63 125
63 132
63 135
63 138
63 141
63 142
63 143
63 155
63 165
63 166
63 167
63 174
63 175
63 180
63 182
63 184
63 187
64 3
64 7
64 9
64 15
64 16
64 19
64 23
64 43
64 48
64 58
64 60
64 64
64 66
64 75
64 85
64 87
64 101
64 107
64 109
64 125
64 130
64 134
64 152
64 155
64 157
64 158
64 160
64 163
64 172
64 175
64 176
64 179
64 182
64 183
64 185
65 0
65 5
65 8
65 14
65 17
65 26
65 28
65 35
65 36
65 40
65 44
65 46
65 65
65 70
65 71
65 73
65 87
65 94
65 95
65 98
65 105
65 113
65 120
65 121
65 125
65 128
65 135
65 153
65 160
65 164
65 174
65 185
66 0
66 2
66 3
66 9
66 10
66 20
66 32
66 40
66 54
66 55
66 59
66 61
66 76
66 77
66 92
66 94
66 95
66 98
66 100
66 104
66 109
66 110
66 119
66 121
66 122
66 123
66 133
66 134
66 135
66 137
66 139
66 144
66 145
66 148
66 160
66 163
66 164
66 172
66 173
66 174
66 184
66 186
67 4
67 7
67 27
67 33
67 35
67 40
67 49
67 64
67 68
67 80
67 83
67 106
67 107
67 130
67 134
67 135
67 139
67 141
67 145
67 149
67 150
67 153
67 155
67 161
67 162
67 174
67 180
68 0
68 2
68 3
68 6
68 11
68 16
68 19
68 24
68 28
68 29
68 37
68 41
68 43
68 44
68 45
68 46
68 52
68 54
68 59
68 64
68 70
68 75
68 79
68 80
68 84
68 90
68 91
68 92
68 96
68 99
68 105
68 107
68 113
68 118
68 134
68 141
68 144
68 162
68 170
68 179
68 180
68 188
69 1
69 8
69 23
69 26
69 27
69 40
69 44
69 46
69 50
69 51
69 68
69 70
69 72
69 77
69 78
69 87
69 91
69 92
69 99
69 102
69 104
69 112
69 114
69 116
69 120
69 123
69 124
69 129
69 141
69 142
69 143
69 145
69 146
69 151
69 160
69 165
69 167
69 168
69 171
69 178
69 180
69 181
69 185
69 187
69 188
70 26
70 29
70 31
70 35
70 43
70 47
70 58
70 61
70 67
70 69
70 78
70 82
70 96
70 108
70 112
70 116
70 122
70 123
70 125
70 129
70 132
70 134
70 138
70 145
70 147
70 148
70 151
70 152
70 160
70 161
70 162
70 175
70 176
70 178
70 187
70 188
71 14
71 16
71 17
71 21
71 22
71 24
71 25
71 26
71 29
71 30
71 47
71 48
71 62
71 71
71 76
71 81
71 83
71 99
71 108
71 117
71 118
71 123
71 133
71 136
71 145
71 147
71 152
71 162
71 166
71 169
71 171
71 176
71 178
71 184
72 2
72 4
72 11
72 13
72 19
72 25
72 28
72 33
72 39
72 41
72 43
72 44
72 48
72 53
72 57
72 63
72 73
72 77
72 84
72 86
72 92
72 95
72 102
72 109
72 110
72 111
72 112
72 119
72 120
72 131
72 135
72 155
72 160
72 162
72 166
72 174
72 177
72 185
72 186
73 1
73 5
73 10
73 15
73 18
73 19
73 26
73 28
73 29
73 38
73 43
73 49
73 50
73 56
73 57
73 58
73 62
73 67
73 70
73 78
73 85
73 87
73 89
73 98
73 100
73 105
73 106
73 109
73 113
73 119
73 122
73 131
73 133
73 148
73 152
73 154
73 156
73 163
73 164
73 167
73 174
73 181
73 186
74 4
74 8
74 15
74 18
74 34
74 41
74 43
74 47
74 49
74 58
74 64
74 65
74 68
74 70
74 71
74 72
74 73
74 74
74 78
74 83
74 84
74 85
74 90
74 97
74 104
74 105
74 107
74 112
74 113
74 124
74 126
74 132
74 141
74 145
74 147
74 152
74 154
74 155
74 156
74 158
74 159
74 160
74 169
74 174
74 176
74 182
74 188
75 8
75 19
75 29
75 30
75 31
75 40
75 42
75 44
75 52
75 62
75 63
75 73
75 82
75 83
75 84
75 88
75 90
75 96
75 98
75 99
75 101
75 102
75 112
75 115
75 139
75 146
75 147
75 152
75 157
75 160
75 164
75 172
75 173
75 175
75 180
75 184
75 186
76 0
76 7
76 15
76 17
76 18
76 20
76 30
76 38
76 40
76 43
76 46
76 48
76 52
76 60
76 68
76 91
76 99
76 103
76 109
76 113
76 119
76 123
76 124
76 126
76 128
76 137
76 140
76 142
76 144
76 145
76 152
76 154
76 163
76 166
76 171
76 172
76 177
76 178
76 179
77 0
77 1
77 2
77 3
77 11
77 18
77 41
77 42
77 44
77 46
77 55
77 56
77 57
77 65
77 74
77 82
77 84
77 85
77 88
77 92
77 96
77 100
77 103
77 106
77 115
77 122
77 123
77 125
77 126
77 130
77 132
77 138
77 139
77 149
77 173
77 185
78 3
78 7
78 15
78 19
78 23
78 24
78 36
78 37
78 38
78 49
78 55
78 63
78 79
78 81
78 89
78 103
78 105
78 130
78 134
78 135
78 139
78 147
78 153
78 158
78 171
78 172
78 181
78 186
78 187
79 2
79 3
79 7
79 8
79 19
79 21
79 22
79 29
79 30
79 31
79 32
79 38
79 40
79 43
79 72
79 79
79 98
79 106
79 111
79 112
79 115
79 123
79 125
79 127
79 129
79 132
79 149
79 154
79 160
79 163
79 164
79 166
79 168
79 175
79 186
79 188
79 189
80 8
80 19
80 26
80 29
80 38
80 72
80 74
80 76
80 77
80 79
80 80
80 88
80 91
80 96
80 98
80 101
80 102
80 115
80 125
80 127
80 128
80 138
80 139
80 151
80 156
80 164
80 171
80 172
80 173
80 185
80 189
81 4
81 9
81 10
81 16
81 18
81 21
81 30
81 37
81 46
81 47
81 51
81 59
81 74
81 75
81 84
81 93
81 98
81 102
81 103
81 106
81 121
81 126
81 129
81 133
81 135
81 137
81 146
81 154
81 161
81 164
81 167
81 168
81 172
81 175
81 176
81 180
81 181
82 13
82 14
82 22
82 23
82 24
82 26
82 33
82 41
82 44
82 47
82 49
82 54
82 55
82 56
82 58
82 59
82 61
82 65
82 70
82 76
82 78
82 79
82 81
82 83
82 86
82 91
82 105
82 107
82 108
82 127
82 128
82 145
82 147
82 150
82 152
82 155
82 156
82 159
82 163
82 165
82 168
82 170
82 176
82 187
83 21
83 22
83 24
83 30
83 33
83 38
83 41
83 45
83 46
83 50
83 60
83 63
83 71
83 73
83 76
83 80
83 91
83 93
83 96
83 101
83 102
83 111
83 114
83 122
83 124
83 125
83 126
83 132
83 137
83 139
83 140
83 146
83 151
83 154
83 156
83 157
83 158
83 159
83 165
83 171
83 176
83 180
83 183
84 8
84 11
84 16
84 19
84 41
84 43
84 46
84 53
84 55
84 56
84 65
84 70
84 71
84 76
84 79
84 88
84 94
84 104
84 107
84 108
84 117
84 119
84 126
84 131
84 135
84 139
84 145
84 149
84 150
84 162
84 168
84 179
84 187
85 23
85 35
85 39
85 40
85 43
85 49
85 51
85 54
85 57
85 65
85 69
85 79
85 85
85 86
85 90
85 106
85 108
85 111
85 112
85 115
85 125
85 142
85 143
85 146
85 147
85 148
85 151
85 155
85 166
85 170
85 175
85 178
85 179
85 185
85 186
86 5
86 24
86 28
86 29
86 36
86 39
86 46
86 47
86 52
86 56
86 57
86 63
86 64
86 69
86 71
86 73
86 81
86 95
86 97
86 99
86 100
86 101
86 103
86 105
86 106
86 116
86 117
86 122
86 123
86 136
86 138
86 144
86 145
86 146
86 154
86 155
86 164
86 165
86 167
86 169
86 170
86 172
86 181
86 184
87 3
87 6
87 7
87 8
87 12
87 15
87 16
87 20
87 22
87 24
87 31
87 39
87 49
87 54
87 61
87 66
87 71
87 72
87 74
87 77
87 84
87 85
87 90
87 99
87 102
87 104
87 105
87 109
87 112
87 123
87 129
87 136
87 142
87 148
87 157
87 163
87 164
87 172
87 173
87 184
88 4
88 5
88 8
88 9
88 12
88 17
88 23
88 33
88 34
88 40
88 43
88 46
88 49
88 55
88 59
88 73
88 86
88 87
88 91
88 99
88 109
88 115
88 117
88 119
88 144
88 149
88 157
88 164
88 168
88 178
88 180
88 182
88 183
88 187
88 188
89 1
89 4
89 5
89 7
89 10
89 26
89 32
89 37
89 45
89 47
89 64
89 74
89 80
89 86
89 93
89 94
89 95
89 101
89 109
89 113
89 116
89 125
89 134
89 141
89 148
89 151
89 158
89 159
89 164
89 173
89 178
90 2
90 3
90 6
90 7
90 10
90 11
90 12
90 14
90 24
90 28
90 32
90 35
90 42
90 45
90 46
90 50
90 64
90 82
90 87
90 94
90 97
90 98
90 106
90 113
90 117
90 127
90 131
90 135
90 149
90 151
90 158
90 167
90 173
90 179
90 183
90 184
91 1
91 5
91 11
91 21
91 28
91 30
91 33
91 34
91 36
91 39
91 40
91 51
91 55
91 63
91 64
91 66
91 88
91 89
91 91
91 94
91 98
91 103
91 118
91 122
91 123
91 127
91 128
91 132
91 133
91 140
91 142
91 143
91 145
91 157
91 162
91 163
91 165
91 169
91 172
91 175
91 180
92 23
92 31
92 36
92 40
92 43
92 45
92 46
92 55
92 62
92 63
92 68
92 72
92 77
92 80
92 86
92 87
92 92
92 93
92 98
92 112
92 119
92 121
92 124
92 137
92 141
92 149
92 152
92 161
92 164
92 174
92 183
92 184
92 189
93 3
93 4
93 30
93 31
93 33
93 35
93 43
93 48
93 53
93 59
93 70
93 78
93 81
93 82
93 89
93 94
93 96
93 120
93 130
93 135
93 137
93 151
93 152
93 154
93 156
93 157
93 166
93 170
93 177
93 178
93 180
93 185
93 186
94 5
94 7
94 8
94 9
94 14
94 24
94 28
94 29
94 39
94 53
94 56
94 60
94 61
94 65
94 66
94 76
94 89
94 91
94 95
94 96
94 97
94 104
94 115
94 117
94 120
94 128
94 129
94 134
94 165
94 169
94 172
94 173
94 180
94 188
95 11
95 13
95 18
95 19
95 20
95 23
95 24
95 43
95 55
95 57
95 63
95 67
95 68
95 70
95 73
95 77
95 80
95 84
95 90
95 105
95 107
95 110
95 121
95 122
95 124
95 125
95 126
95 129
95 131
95 133
95 138
95 142
95 154
95 162
95 163
95 165
95 168
95 170
95 172
95 177
95 184
95 186
96 1
96 8
96 11
96 22
96 24
96 30
96 37
96 41
96 42
96 59
96 62
96 63
96 67
96 68
96 75
96 80
96 85
96 100
96 106
96 108
96 111
96 122
96 125
96 126
96 134
96 135
96 141
96 154
96 155
96 158
96 163
96 184
96 185
97 5
97 10
97 11
97 12
97 15
97 22
97 30
97 31
97 38
97 42
97 45
97 54
97 58
97 59
97 62
97 64
97 70
97 77
97 78
97 81
97 83
97 86
97 88
97 91
97 102
97 104
97 109
97 116
97 118
97 119
97 120
97 124
97 146
97 162
97 170
97 177
98 5
98 7
98 18
98 20
98 21
98 24
98 27
98 31
98 32
98 35
98 36
98 53
98 65
98 68
98 83
98 84
98 90
98 97
98 98
98 105
98 107
98 113
98 118
98 131
98 132
98 134
98 143
98 163
98 167
98 179
99 0
99 5
99 7
99 8
99 15
99 16
99 22
99 25
99 43
99 44
99 50
99 59
99 64
99 65
99 72
99 86
99 89
99 102
99 111
99 112
99 114
99 118
99 119
99 125
99 142
99 151
99 153
99 169
99 174
99 179
99 183
99 188
99 189
100 0
100 7
100 8
100 9
100 13
100 20
100 37
100 46
100 47
100 51
100 54
100 68
100 77
100 85
100 95
100 99
100 100
100 105
100 117
100 121
100 126
100 129
100 132
100 142
100 149
100 150
100 151
100 156
100 157
100 161
100 171
100 173
100 182
101 0
101 4
101 8
101 12
101 19
101 20
101 23
101 29
101 41
101 45
101 48
101 50
101 52
101 55
101 57
101 65
101 67
101 68
101 73
101 75
101 86
101 87
101 88
101 90
101 94
101 99
101 112
101 118
101 133
101 138
101 144
101 148
101 150
101 162
101 169
101 170
101 173
102 3
102 11
102 14
102 21
102 27
102 30
102 36
102 44
102 52
102 53
102 64
102 66
102 73
102 79
102 81
102 85
102 97
102 99
102 102
102 113
102 119
102 120
102 126
102 131
102 138
102 139
102 149
102 152
102 163
102 167
102 181
103 1
103 7
103 8
103 11
103 12
103 14
103 24
103 29
103 30
103 40
103 43
103 52
103 58
103 64
103 68
103 69
103 82
103 86
103 91
103 94
103 95
103 99
103 102
103 107
103 109
103 119
103 123
103 125
103 134
103 136
103 139
103 142
103 145
103 147
103 148
103 155
103 159
103 165
103 172
103 177
103 186
104 4
104 6
104 7
104 17
104 18
104 23
104 45
104 55
104 56
104 65
104 67
104 74
104 76
104 81
104 84
104 85
104 89
104 90
104 92
104 95
104 99
104 118
104 122
104 123
104 124
104 131
104 135
104 144
104 152
104 153
104 154
104 155
104 161
104 162
104 169
104 179
104 180
104 183
104 185
105 2
105 4
105 6
105 15
105 23
105 24
105 35
105 38
105 48
105 51
105 54
105 60
105 64
105 68
105 69
105 72
105 73
105 75
105 78
105 81
105 82
105 88
105 89
105 92
105 93
105 95
105 96
105 100
105 103
105 111
105 114
105 117
105 119
105 120
105 135
105 138
105 139
105 144
105 150
105 151
105 160
105 164
105 166
105 184
105 186
105 188
106 2
106 5
106 6
106 7
106 13
106 14
106 22
106 26
106 29
106 30
106 32
106 39
106 43
106 44
106 45
106 49
106 69
106 87
106 88
106 93
106 96
106 100
106 110
106 125
106 127
106 132
106 135
106 136
106 139
106 146
106 151
106 154
106 156
106 171
106 176
107 3
107 16
107 21
107 30
107 31
107 32
107 33
107 40
107 43
107 47
107 49
107 53
107 54
107 59
107 60
107 67
107 69
107 70
107 84
107 85
107 86
107 90
107 91
107 92
107 96
107 98
107 103
107 105
107 115
107 123
107 124
107 128
107 129
107 130
107 138
107 141
107 148
107 155
107 161
107 162
107 165
107 173
107 174
107 179
107 182
107 188
108 0
108 4
108 6
108 9
108 15
108 18
108 25
108 26
108 28
108 30
108 32
108 34
108 36
108 39
108 42
108 56
108 64
108 65
108 73
108 76
108 83
108 84
108 94
108 106
108 114
108 115
108 117
108 123
108 128
108 133
108 137
108 141
108 144
108 149
108 153
108 155
108 165
108 168
108 169
108 172
108 175
108 184
108 185
109 3
109 12
109 23
109 24
109 31
109 32
109 40
109 52
109 57
109 61
109 62
109 73
109 74
109 76
109 80
109 82
109 86
109 88
109 97
109 104
109 108
109 111
109 116
109 117
109 121
109 123
109 130
109 132
109 135
109 141
109 155
109 163
109 167
109 182
109 187
109 188
109 189
110 8
110 14
110 17
110 21
110 23
110 26
110 27
110 29
110 30
110 33
110 43
110 44
110 50
110 60
110 61
110 62
110 66
110 73
110 77
110 81
110 83
110 88
110 90
110 93
110 95
110 96
110 107
110 110
110 119
110 123
110 136
110 138
110 139
110 140
110 142
110 146
110 149
110 159
110 168
110 173
110 174
110 184
110 186
110 188
110 189
111 9
111 15
111 17
111 18
111 24
111 36
111 39
111 40
111 44
111 52
111 54
111 55
111 56
111 59
111 61
111 64
111 72
111 74
111 87
111 95
111 99
111 111
111 116
111 119
111 120
111 124
111 126
111 128
111 132
111 144
111 146
111 150
111 159
111 167
111 168
111 174
111 179
111 180
111 184
111 186
112 20
112 27
112 34
112 40
112 43
112 50
112 68
112 69
112 73
112 74
112 91
112 100
112 104
112 108
112 111
112 113
112 130
112 132
112 137
112 139
112 160
112 177
112 179
112 182
112 186
112 187
113 10
113 21
113 25
113 27
113 30
113 32
113 33
113 37
113 39
113 45
113 49
113 54
113 57
113 60
113 63
113 64
113 79
113 80
113 81
113 87
113 89
113 93
113 96
113 98
113 106
113 108
113 111
113 117
113 126
113 128
113 130
113 133
113 145
113 149
113 157
113 162
113 163
113 165
113 166
113 175
113 177
113 184
113 188
114 14
114 15
114 22
114 27
114 37
114 38
114 39
114 48
114 49
114 50
114 56
114 58
114 60
114 67
114 71
114 79
114 80
114 82
114 86
114 87
114 89
114 95
114 97
114 102
114 104
114 112
114 115
114 116
114 119
114 120
114 126
114 133
114 136
114 141
114 146
114 147
114 148
114 154
114 156
114 157
114 160
114 171
114 176
114 181
114 185
115 12
115 15
115 26
115 30
115 34
115 43
115 45
115 50
115 65
115 68
115 72
115 76
115 77
115 81
115 86
115 91
115 95
115 96
115 97
115 101
115 109
115 110
115 111
115 112
115 129
115 141
115 148
115 149
115 155
115 160
115 169
115 174
115 189
116 23
116 24
116 25
116 34
116 37
116 41
116 43
116 44
116 47
116 51
116 53
116 68
116 72
116 74
116 85
116 102
116 107
116 117
116 123
116 126
116 127
116 133
116 135
116 136
116 140
116 145
116 148
116 152
116 156
116 158
116 161
116 162
116 166
116 169
116 171
116 180
116 188
117 3
117 19
117 29
117 35
117 42
117 53
117 57
117 61
117 66
117 69
117 80
117 81
117 83
117 88
117 97
117 100
117 101
117 102
117 105
117 109
117 112
117 117
117 118
117 127
117 128
117 135
117 139
117 141
117 144
117 145
117 147
117 154
117 169
117 179
117 182
118 6
118 8
118 9
118 17
118 25
118 27
118 31
118 34
118 35
118 36
118 40
118 45
118 52
118 58
118 60
118 61
118 63
118 64
118 67
118 68
118 71
118 75
118 78
118 80
118 81
118 82
118 83
118 91
118 96
118 102
118 106
118 110
118 115
118 129
118 134
118 144
118 147
118 148
118 149
118 155
118 156
118 159
118 163
118 168
118 180
119 1
119 2
119 13
119 15
119 19
119 27
119 39
119 53
119 65
119 69
119 71
119 73
119 85
119 87
119 88
119 90
119 98
119 102
119 103
119 106
119 114
119 115
119 127
119 130
119 138
119 142
119 143
119 145
119 152
119 154
119 157
119 160
119 168
119 185
120 5
120 18
120 22
120 40
120 49
120 59
120 61
120 63
120 64
120 67
120 69
120 85
120 91
120 92
120 94
120 113
120 115
120 120
120 124
120 128
120 131
120 133
120 140
120 149
120 153
120 154
120 158
120 161
120 167
120 168
120 171
120 176
120 177
120 181
121 9
121 19
121 20
121 23
121 34
121 37
121 43
121 52
121 54
121 64
121 70
121 71
121 76
121 78
121 86
121 96
121 98
121 101
121 102
121 103
121 104
121 111
121 123
121 124
121 126
121 130
121 131
121 133
121 136
121 144
121 150
121 154
121 156
121 162
121 167
121 168
121 173
121 175
121 179
121 180
121 183
121 185
122 0
122 1
122 8
122 9
122 11
122 19
122 20
122 23
122 29
122 32
122 33
122 37
122 38
122 41
122 43
122 49
122 51
122 56
122 64
122 66
122 67
122 81
122 88
122 92
122 95
122 99
122 100
122 110
122 112
122 116
122 117
122 125
122 126
122 134
122 137
122 141
122 148
122 149
122 153
122 158
122 162
122 178
122 183
122 185
123 6
123 11
123 15
123 17
123 24
123 25
123 35
123 40
123 46
123 50
123 59
123 64
123 82
123 84
123 88
123 89
123 91
123 98
123 100
123 108
123 109
123 111
123 113
123 114
123 115
123 132
123 133
123 135
123 139
123 143
123 147
123 157
123 159
123 161
123 163
123 168
123 170
123 172
123 174
123 177
123 180
123 181
124 17
124 24
124 44
124 56
124 58
124 60
124 63
124 68
124 75
124 92
124 102
124 105
124 106
124 119
124 122
124 124
124 125
124 127
124 134
124 137
124 139
124 140
124 154
124 156
124 164
124 165
124 166
124 173
124 175
124 184
124 188
125 6
125 16
125 33
125 34
125 41
125 47
125 48
125 51
125 57
125 66
125 75
125 76
125 80
125 83
125 89
125 93
125 95
125 96
125 100
125 105
125 110
125 111
125 115
125 118
125 119
125 123
125 125
125 127
125 133
125 138
125 140
125 144
125 154
125 156
125 171
125 172
125 174
125 175
125 176
125 180
125 182
125 187
126 4
126 6
126 7
126 9
126 11
126 14
126 17
126 22
126 23
126 32
126 41
126 48
126 52
126 57
126 58
126 59
126 60
126 62
126 63
126 68
126 71
126 81
126 82
126 92
126 94
126 97
126 98
126 109
126 123
126 131
126 147
126 161
126 166
126 168
126 170
126 172
126 183
126 186
127 4
127 9
127 10
127 22
127 26
127 30
127 32
127 38
127 42
127 43
127 45
127 48
127 60
127 61
127 69
127 75
127 78
127 84
127 92
127 94
127 96
127 97
127 98
127 103
127 109
127 111
127 113
127 116
127 117
127 125
127 132
127 135
127 136
127 137
127 146
127 147
127 157
127 165
128 6
128 11
128 13
128 14
128 26
128 37
128 48
128 55
128 58
128 60
128 68
128 72
128 74
128 85
128 86
128 90
128 92
128 101
128 103
128 114
128 115
128 119
128 128
128 132
128 133
128 144
128 145
128 147
128 148
128 152
128 160
128 168
128 171
128 181
128 184
129 3
129 8
129 14
129 19
129 22
129 27
129 31
129 32
129 37
129 42
129 43
129 46
129 52
129 55
129 59
129 66
129 71
129 75
129 76
129 83
129 93
129 96
129 98
129 99
129 105
129 112
129 123
129 124
129 127
129 142
129 147
129 149
129 153
129 156
129 164
129 165
129 167
129 171
129 173
129 175
129 181
130 2
130 10
130 11
130 14
130 18
130 20
130 21
130 26
130 34
130 41
130 43
130 45
130 52
130 53
130 55
130 57
130 60
130 61
130 64
130 77
130 80
130 83
130 92
130 93
130 96
130 106
130 107
130 109
130 110
130 116
130 117
130 120
130 132
130 136
130 143
130 144
130 146
130 152
130 153
130 164
130 167
130 171
130 176
130 177
130 178
130 186
130 187
131 4
131 6
131 11
131 20
131 21
131 22
131 24
131 27
131 33
131 35
131 40
131 46
131 47
131 49
131 51
131 56
131 66
131 67
131 70
131 78
131 79
131 81
131 88
131 93
131 97
131 98
131 99
131 102
131 120
131 122
131 126
131 132
131 133
131 140
131 142
131 150
131 152
131 155
131 163
131 164
131 171
131 174
131 178
131 181
131 183
131 185
132 2
132 7
132 10
132 17
132 29
132 33
132 35
132 39
132 44
132 51
132 53
132 62
132 74
132 86
132 88
132 99
132 101
132 107
132 119
132 143
132 149
132 150
132 160
132 161
132 162
132 168
132 179
133 3
133 19
133 23
133 31
133 38
133 44
133 48
133 51
133 56
133 62
133 67
133 70
133 73
133 75
133 78
133 88
133 104
133 106
133 111
133 123
133 129
133 133
133 137
133 141
133 143
133 147
133 173
133 187
134 0
134 8
134 9
134 22
134 28
134 32
134 36
134 45
134 53
134 56
134 61
134 63
134 65
134 67
134 70
134 83
134 90
134 92
134 93
134 97
134 98
134 102
134 105
134 115
134 117
134 119
134 120
134 122
134 138
134 150
134 168
134 177
134 179
134 182
134 186
135 9
135 16
135 20
135 27
135 30
135 45
135 50
135 51
135 53
135 67
135 89
135 99
135 100
135 102
135 105
135 109
135 118
135 120
135 121
135 123
135 125
135 127
135 129
135 131
135 135
135 137
135 142
135 143
135 151
135 163
135 169
135 185
136 3
136 9
136 13
136 18
136 25
136 26
136 30
136 33
136 38
136 42
136 45
136 47
136 53
136 55
136 60
136 62
136 68
136 70
136 81
136 83
136 85
136 87
136 88
136 98
136 115
136 116
136 117
136 122
136 126
136 127
136 128
136 129
136 130
136 132
136 134
136 139
136 156
136 160
136 172
136 176
136 178
136 180
136 182
136 184
136 186
136 189
137 4
137 5
137 14
137 15
137 25
137 36
137 47
137 54
137 57
137 60
137 61
137 63
137 75
137 76
137 85
137 87
137 88
137 93
137 94
137 95
137 98
137 102
137 104
137 111
137 114
137 117
137 120
137 127
137 131
137 139
137 142
137 147
137 149
137 156
137 157
137 161
137 168
137 182
137 183
138 9
138 11
138 17
138 18
138 31
138 43
138 45
138 46
138 47
138 53
138 59
138 60
138 63
138 65
138 75
138 83
138 90
138 91
138 96
138 99
138 100
138 103
138 110
138 114
138 119
138 120
138 124
138 125
138 130
138 131
138 136
138 137
138 139
138 144
138 147
138 148
138 149
138 151
138 159
138 170
138 172
138 173
138 189
139 2
139 3
139 6
139 7
139 8
139 11
139 20
139 26
139 29
139 34
139 35
139 36
139 41
139 42
139 44
139 47
139 48
139 53
139 61
139 63
139 64
139 65
139 76
139 79
139 81
139 83
139 85
139 88
139 91
139 94
139 98
139 99
139 101
139 107
139 111
139 112
139 121
139 127
139 129
139 147
139 155
139 160
139 163
139 168
139 174
139 179
139 180
139 183
140 6
140 16
140 19
140 26
140 30
140 36
140 37
140 40
140 43
140 44
140 45
140 48
140 49
140 52
140 65
140 70
140 76
140 80
140 84
140 89
140 90
140 98
140 106
140 114
140 117
140 122
140 126
140 129
140 131
140 133
140 136
140 137
140 146
140 148
140 156
140 157
140 167
140 168
140 178
140 186
140 188
141 9
141 10
141 16
141 24
141 33
141 35
141 42
141 53
141 55
141 57
141 58
141 59
141 68
141 76
141 80
141 84
141 85
141 87
141 91
141 102
141 118
141 126
141 130
141 133
141 143
141 144
141 157
141 172
142 4
142 6
142 7
142 18
142 19
142 27
142 32
142 34
142 38
142 42
142 56
142 65
142 66
142 80
142 89
142 92
142 93
142 98
142 107
142 115
142 117
142 140
142 157
142 164
142 168
142 170
142 171
142 176
142 181
142 182
142 183
142 184
142 187
142 188
143 0
143 1
143 3
143 10
143 11
143 17
143 18
143 19
143 22
143 30
143 32
143 37
143 39
143 40
143 45
143 59
143 60
143 62
143 72
143 76
143 79
143 80
143 96
143 97
143 103
143 107
143 112
143 116
143 122
143 134
143 136
143 138
143 145
143 148
143 151
143 153
143 158
143 169
143 173
143 175
143 178
143 183
144 2
144 3
144 13
144 16
144 23
144 36
144 39
144 43
144 44
144 55
144 59
144 60
144 61
144 74
144 94
144 101
144 102
144 108
144 115
144 118
144 119
144 121
144 124
144 126
144 131
144 143
144 155
144 165
144 170
144 182
144 183
144 189
145 10
145 19
145 21
145 22
145 24
145 28
145 29
145 34
145 40
145 46
145 54
145 55
145 57
145 59
145 63
145 66
145 96
145 99
145 100
145 111
145 135
145 158
145 159
145 161
145 169
145 172
145 175
145 177
145 180
145 183
145 185
145 186
146 1
146 7
146 9
146 11
146 13
146 22
146 36
146 42
146 43
146 44
146 45
146 47
146 48
146 51
146 54
146 64
146 65
146 68
146 80
146 115
146 120
146 121
146 129
146 133
146 134
146 157
146 162
146 168
146 170
146 174
146 175
146 176
146 177
146 181
146 188
147 11
147 12
147 22
147 25
147 28
147 31
147 36
147 38
147 41
147 49
147 55
147 59
147 61
147 62
147 67
147 71
147 77
147 78
147 82
147 83
147 85
147 87
147 88
147 90
147 114
147 117
147 124
147 125
147 128
147 131
147 135
147 137
147 140
147 146
147 147
147 148
147 154
147 160
147 165
147 173
147 180
147 188
148 0
148 1
148 4
148 6
148 8
148 11
148 14
148 15
148 17
148 19
148 24
148 27
148 28
148 34
148 43
148 46
148 49
148 50
148 60
148 63
148 72
148 81
148 90
148 91
148 94
148 105
148 113
148 115
148 116
148 117
148 120
148 122
148 133
148 134
148 143
148 145
148 146
148 148
148 156
148 157
148 163
148 164
148 171
148 176
148 180
148 185
148 187
148 188
149 6
149 21
149 24
149 25
149 26
149 28
149 32
149 33
149 41
149 54
149 64
149 69
149 71
149 80
149 83
149 86
149 90
149 98
149 101
149 106
149 108
149 109
149 126
149 127
149 128
149 130
149 132
149 135
149 141
149 144
149 154
149 156
149 160
149 163
149 166
149 167
149 178
149 187
149 189
150 3
150 6
150 11
150 24
150 25
150 30
150 33
150 36
150 37
150 38
150 41
150 43
150 44
150 46
150 48
150 56
150 58
150 60
150 68
150 75
150 77
150 85
150 88
150 91
150 92
150 95
150 99
150 100
150 108
150 110
150 113
150 118
150 129
150 130
150 132
150 133
150 141
150 142
150 156
150 159
150 160
150 167
150 179
150 184
150 186
150 189
151 4
151 19
151 21
151 24
151 25
151 29
151 30
151 34
151 39
151 42
151 48
151 54
151 60
151 65
151 67
151 69
151 70
151 71
151 72
151 77
151 80
151 82
151 83
151 103
151 115
151 118
151 128
151 129
151 139
151 141
151 147
151 149
151 152
151 154
151 155
151 167
151 169
151 173
151 176
151 179
151 183
151 187
152 27
152 30
152 38
152 40
152 42
152 50
152 59
152 63
152 66
152 82
152 93
152 94
152 103
152 104
152 113
152 114
152 118
152 124
152 132
152 133
152 136
152 141
152 143
152 147
152 157
152 160
152 164
152 169
152 173
152 189
153 10
153 11
153 17
153 22
153 23
153 28
153 42
153 44
153 58
153 59
153 67
153 70
153 71
153 77
153 80
153 81
153 92
153 96
153 100
153 104
153 109
153 113
153 148
153 149
153 151
153 154
153 161
153 163
153 179
153 180
153 183
153 184
154 10
154 11
154 17
154 18
154 19
154 22
154 26
154 42
154 44
154 50
154 52
154 62
154 69
154 76
154 77
154 80
154 87
154 92
154 98
154 99
154 102
154 104
154 108
154 113
154 117
154 119
154 124
154 128
154 131
154 137
154 157
154 162
154 163
154 170
154 172
154 182
155 6
155 12
155 13
155 14
155 18
155 19
155 20
155 22
155 27
155 35
155 40
155 41
155 43
155 50
155 57
155 70
155 71
155 74
155 79
155 82
155 85
155 86
155 95
155 97
155 100
155 101
155 108
155 112
155 114
155 117
155 121
155 126
155 136
155 142
155 148
155 152
155 156
155 160
155 161
155 164
155 169
155 182
156 8
156 10
156 11
156 13
156 23
156 24
156 25
156 29
156 35
156 36
156 39
156 40
156 48
156 53
156 59
156 70
156 72
156 74
156 75
156 76
156 86
156 87
156 89
156 95
156 99
156 109
156 110
156 114
156 115
156 118
156 120
156 121
156 127
156 136
156 137
156 140
156 147
156 151
156 160
156 161
156 164
156 166
156 168
156 169
156 178
156 184
156 187
157 3
157 11
157 14
157 16
157 19
157 21
157 35
157 40
157 48
157 51
157 52
157 54
157 60
157 66
157 72
157 75
157 87
157 89
157 93
157 96
157 98
157 113
157 114
157 115
157 117
157 125
157 128
157 129
157 136
157 146
157 148
157 149
157 155
157 168
157 178
157 186
157 188
157 189
158 2
158 3
158 4
158 6
158 13
158 14
158 19
158 21
158 23
158 25
158 26
158 27
158 49
158 52
158 53
158 55
158 61
158 64
158 66
158 72
158 74
158 76
158 80
158 87
158 88
158 89
158 99
158 100
158 124
158 127
158 134
158 135
158 138
158 145
158 153
158 161
158 162
158 168
158 172
158 174
158 175
158 183
158 185
158 189
159 4
159 10
159 14
159 17
159 19
159 20
159 29
159 30
159 33
159 35
159 48
159 54
159 55
159 63
159 69
159 75
159 78
159 80
159 82
159 87
159 88
159 91
159 94
159 95
159 100
159 103
159 113
159 114
159 117
159 118
159 131
159 134
159 138
159 141
159 152
159 153
159 158
159 165
159 169
159 171
159 173
159 180
159 181
159 185
160 1
160 3
160 5
160 7
160 8
160 13
160 16
160 20
160 21
160 26
160 40
160 41
160 42
160 49
160 50
160 58
160 63
160 68
160 69
160 78
160 84
160 87
160 88
160 89
160 99
160 100
160 105
160 116
160 125
160 138
160 140
160 143
160 144
160 165
160 174
160 177
160 180
160 183
161 3
161 6
161 8
161 20
161 21
161 25
161 36
161 37
161 39
161 45
161 48
161 54
161 59
161 68
161 74
161 77
161 79
161 82
161 87
161 88
161 89
161 91
161 93
161 103
161 104
161 106
161 107
161 109
161 111
161 112
161 114
161 115
161 119
161 129
161 132
161 141
161 150
161 151
161 152
161 157
161 158
161 159
161 162
161 170
161 182
161 184
162 17
162 24
162 27
162 44
162 47
162 50
162 51
162 56
162 57
162 74
162 78
162 83
162 91
162 93
162 94
162 104
162 106
162 109
162 110
162 111
162 118
162 122
162 125
162 137
162 141
162 142
162 143
162 146
162 159
162 163
162 166
162 168
162 171
162 174
162 180
162 188
162 189
163 3
163 7
163 10
163 15
163 16
163 24
163 35
163 43
163 44
163 47
163 53
163 57
163 60
163 65
163 66
163 70
163 74
163 76
163 77
163 79
163 80
163 86
163 96
163 106
163 116
163 127
163 136
163 138
163 146
163 148
163 149
163 153
163 155
163 156
163 157
163 162
163 164
163 165
163 166
163 167
163 170
163 172
163 177
163 179
163 180
163 187
164 5
164 10
164 13
164 19
164 21
164 35
164 38
164 40
164 44
164 46
164 60
164 74
164 75
164 83
164 86
164 89
164 98
164 99
164 108
164 119
164 120
164 122
164 123
164 137
164 144
164 145
164 149
164 151
164 152
164 154
164 160
164 163
164 172
164 174
164 175
164 177
165 1
165 3
165 13
165 16
165 24
165 34
165 35
165 44
165 50
165 54
165 57
165 71
165 72
165 76
165 79
165 80
165 85
165 88
165 92
165 99
165 100
165 102
165 106
165 112
165 114
165 117
165 129
165 133
165 135
165 143
165 153
165 161
165 162
165 163
165 167
165 171
165 180
165 181
165 184
166 0
166 6
166 10
166 11
166 13
166 20
166 22
166 23
166 28
166 36
166 40
166 43
166 50
166 52
166 61
166 66
166 67
166 69
166 70
166 74
166 77
166 79
166 80
166 88
166 92
166 94
166 95
166 128
166 133
166 137
166 140
166 147
166 149
166 152
166 153
166 154
166 158
166 159
166 164
166 165
166 172
166 175
166 185
166 187
167 0
167 1
167 2
167 6
167 12
167 14
167 20
167 23
167 26
167 46
167 50
167 51
167 52
167 54
167 58
167 68
167 77
167 85
167 102
167 105
167 107
167 108
167 114
167 117
167 121
167 132
167 146
167 148
167 152
167 161
167 168
167 172
167 176
167 180
167 184
167 188
168 2
168 14
168 16
168 17
168 24
168 28
168 32
168 34
168 36
168 37
168 51
168 52
168 55
168 58
168 60
168 68
168 73
168 78
168 82
168 84
168 95
168 96
168 103
168 104
168 105
168 108
168 111
168 115
168 133
168 135
168 136
168 137
168 139
168 142
168 143
168 144
168 146
168 152
168 156
168 160
168 162
168 163
168 166
168 168
168 170
168 172
168 176
168 180
168 182
168 184
168 188
169 0
169 7
169 17
169 21
169 23
169 24
169 26
169 35
169 50
169 67
169 72
169 77
169 94
169 103
169 107
169 112
169 119
169 121
169 132
169 136
169 138
169 140
169 142
169 152
169 154
169 159
169 160
169 161
169 170
169 175
169 179
169 182
169 185
170 8
170 9
170 15
170 21
170 32
170 41
170 42
170 43
170 44
170 50
170 60
170 65
170 68
170 79
170 82
170 86
170 87
170 92
170 93
170 96
170 106
170 108
170 115
170 116
170 118
170 126
170 128
170 133
170 134
170 138
170 139
170 150
170 165
170 172
170 185
170 186
171 2
171 15
171 18
171 24
171 25
171 29
171 40
171 41
171 45
171 49
171 50
171 54
171 55
171 58
171 60
171 63
171 64
171 67
171 69
171 70
171 78
171 96
171 105
171 108
171 109
171 110
171 111
171 112
171 115
171 121
171 122
171 123
171 130
171 131
171 133
171 141
171 147
171 158
171 160
171 162
171 164
171 171
171 177
171 188
172 1
172 7
172 12
172 20
172 22
172 29
172 34
172 37
172 41
172 42
172 43
172 46
172 53
172 55
172 59
172 68
172 74
172 78
172 82
172 85
172 88
172 105
172 110
172 113
172 116
172 119
172 125
172 130
172 138
172 142
172 146
172 157
172 166
172 171
172 172
172 180
172 182
172 188
173 3
173 6
173 11
173 13
173 15
173 20
173 22
173 26
173 40
173 41
173 44
173 64
173 70
173 76
173 82
173 94
173 101
173 106
173 115
173 116
173 117
173 118
173 120
173 139
173 141
173 142
173 147
173 148
173 149
173 157
173 163
173 166
173 171
173 172
174 0
174 5
174 6
174 12
174 18
174 27
174 31
174 32
174 38
174 41
174 43
174 45
174 49
174 57
174 63
174 67
174 69
174 83
174 86
174 103
174 111
174 116
174 117
174 124
174 125
174 129
174 132
174 133
174 137
174 145
174 147
174 157
174 162
174 169
174 176
174 185
174 188
175 2
175 11
175 16
175 19
175 21
175 26
175 41
175 48
175 52
175 53
175 54
175 56
175 64
175 67
175 79
175 80
175 86
175 87
175 90
175 96
175 103
175 114
175 121
175 123
175 129
175 133
175 136
175 140
175 151
175 154
175 156
175 158
175 162
175 170
175 177
175 180
175 184
175 188
176 3
176 18
176 22
176 25
176 34
176 39
176 42
176 47
176 50
176 56
176 57
176 72
176 78
176 79
176 81
176 92
176 96
176 97
176 101
176 102
176 103
176 106
176 112
176 127
176 131
176 139
176 141
176 142
176 146
176 150
176 154
176 157
176 165
176 182
176 183
176 185
177 0
177 8
177 9
177 18
177 21
177 31
177 38
177 40
177 50
177 53
177 56
177 57
177 58
177 60
177 64
177 68
177 69
177 73
177 74
177 80
177 90
177 97
177 100
177 104
177 107
177 115
177 122
177 123
177 124
177 153
177 157
177 163
177 180
177 185
177 186
178 1
178 4
178 7
178 13
178 15
178 18
178 20
178 21
178 27
178 28
178 31
178 35
178 37
178 47
178 59
178 61
178 73
178 77
178 81
178 83
178 87
178 92
178 98
178 103
178 105
178 109
178 113
178 115
178 117
178 119
178 121
178 123
178 130
178 133
178 134
178 135
178 139
178 140
178 156
178 159
178 166
178 176
178 177
178 182
178 184
179 3
179 4
179 13
179 15
179 21
179 29
179 32
179 33
179 40
179 41
179 45
179 46
179 49
179 57
179 65
179 68
179 75
179 85
179 89
179 91
179 100
179 101
179 102
179 104
179 115
179 116
179 125
179 129
179 136
179 138
179 139
179 148
179 157
179 162
179 176
179 179
179 180
179 182
179 186
180 2
180 12
180 13
180 14
180 15
180 16
180 17
180 19
180 21
180 23
180 28
180 30
180 31
180 33
180 44
180 55
180 56
180 59
180 64
180 71
180 74
180 77
180 81
180 94
180 97
180 109
180 118
180 123
180 130
180 136
180 139
180 140
180 141
180 142
180 144
180 154
180 157
180 162
180 164
180 176
180 177
180 178
180 184
181 12
181 18
181 19
181 22
181 35
181 42
181 53
181 54
181 56
181 67
181 69
181 74
181 76
181 79
181 87
181 88
181 97
181 99
181 101
181 105
181 107
181 110
181 114
181 121
181 133
181 142
181 147
181 152
181 157
181 159
181 170
181 174
181 177
181 183
182 22
182 30
182 31
182 34
182 45
182 59
182 65
182 73
182 74
182 77
182 78
182 94
182 103
182 104
182 110
182 121
182 125
182 126
182 133
182 134
182 135
182 143
182 145
182 146
182 155
182 161
182 166
182 173
182 174
182 176
182 177
182 181
182 182
182 183
182 185
183 4
183 9
183 10
183 15
183 16
183 17
183 33
183 35
183 41
183 42
183 51
183 67
183 68
183 70
183 72
183 77
183 80
183 100
183 113
183 120
183 121
183 127
183 139
183 140
183 154
183 156
183 158
183 162
183 165
183 167
183 168
183 169
183 170
183 171
183 172
183 173
183 180
183 181
183 182
183 188
183 189
184 0
184 2
184 6
184 7
184 9
184 12
184 42
184 43
184 54
184 58
184 66
184 67
184 86
184 97
184 101
184 102
184 104
184 106
184 107
184 112
184 114
184 116
184 119
184 124
184 125
184 126
184 127
184 129
184 132
184 146
184 152
184 157
184 159
184 185
185 15
185 30
185 36
185 37
185 43
185 47
185 52
185 57
185 63
185 67
185 68
185 73
185 74
185 76
185 78
185 81
185 82
185 89
185 95
185 96
185 104
185 111
185 117
185 122
185 124
185 128
185 130
185 138
185 149
185 152
185 154
185 156
185 158
185 168
185 169
185 177
185 181
185 184
186 2
186 3
186 4
186 9
186 14
186 20
186 27
186 28
186 31
186 39
186 41
186 43
186 46
186 47
186 49
186 51
186 63
186 66
186 81
186 82
186 85
186 88
186 94
186 103
186 104
186 108
186 114
186 117
186 118
186 120
186 122
186 124
186 126
186 127
186 129
186 131
186 133
186 134
186 136
186 139
186 145
186 151
186 152
186 164
186 165
186 168
186 172
186 174
186 180
187 4
187 20
187 35
187 37
187 45
187 46
187 48
187 50
187 52
187 53
187 56
187 64
187 76
187 77
187 80
187 87
187 93
187 95
187 96
187 97
187 102
187 104
187 106
187 110
187 115
187 119
187 122
187 123
187 124
187 131
187 136
187 138
187 139
187 147
187 159
187 165
187 169
187 174
187 176
187 178
187 183
188 0
188 10
188 13
188 14
188 35
188 36
188 38
188 49
188 52
188 62
188 66
188 67
188 76
188 90
188 96
188 100
188 101
188 102
188 103
188 118
188 121
188 123
188 124
188 125
188 130
188 141
188 144
188 151
188 154
188 160
188 163
188 169
188 174
188 178
188 185
189 7
189 14
189 22
189 27
189 28
189 31
189 34
189 35
189 43
189 45
189 55
189 59
189 71
189 82
189 83
189 87
189 88
189 99
189 102
189 105
189 107
189 109
189 115
189 121
189 123
189 125
189 127
189 129
189 150
189 156
189 159
189 163
189 166
189 171
