260
13520
0 2
0 16
0 22
0 29
0 33
0 38
0 42
0 47
0 48
0 53
0 70
0 71
0 76
0 81
0 86
0 87
0 89
0 92
0 101
0 109
0 110
0 115
0 123
0 124
0 125
0 144
0 145
0 155
0 161
0 171
0 179
0 180
0 185
0 186
0 189
0 192
0 193
0 196
0 198
0 199
0 209
0 211
0 216
0 221
0 226
0 227
0 230
0 231
0 235
0 240
0 249
0 256
0 259
1 6
1 13
1 18
1 19
1 27
1 31
1 40
1 43
1 46
1 48
1 50
1 73
1 74
1 80
1 90
1 92
1 95
1 99
1 100
1 104
1 108
1 110
1 115
1 116
1 119
1 120
1 127
1 130
1 135
1 161
1 162
1 164
1 171
1 173
1 180
1 190
1 201
1 208
1 213
1 217
1 221
1 223
1 238
1 242
1 243
1 246
1 247
1 252
1 254
1 255
2 2
2 3
2 4
2 15
2 17
2 18
2 21
2 33
2 36
2 42
2 59
2 64
2 66
2 69
2 80
2 82
2 85
2 86
2 94
2 99
2 101
2 102
2 105
2 127
2 129
2 131
2 139
2 141
2 145
2 147
2 150
2 153
2 158
2 161
2 162
2 165
2 167
2 173
2 179
2 189
2 193
2 202
2 203
2 207
2 211
2 216
2 222
2 226
2 228
2 233
2 236
2 249
2 252
2 253
2 254
2 256
3 3
3 4
3 12
3 14
3 25
3 34
3 45
3 50
3 64
3 71
3 72
3 82
3 84
3 87
3 91
3 101
3 110
3 116
3 117
3 120
3 123
3 124
3 132
3 134
3 139
3 140
3 146
3 150
3 167
3 175
3 176
3 182
3 187
3 189
3 195
3 196
3 197
3 203
3 205
3 215
3 222
3 228
3 230
3 234
3 237
3 240
3 242
3 249
3 251
3 259
4 1
4 9
4 11
4 12
4 13
4 14
4 18
4 25
4 30
4 41
4 43
4 49
4 54
4 57
4 58
4 60
4 67
4 68
4 74
4 75
4 80
4 84
4 86
4 89
4 91
4 108
4 111
4 119
4 123
4 125
4 126
4 138
4 146
4 148
4 163
4 165
4 171
4 172
4 173
4 175
4 180
4 187
4 192
4 195
4 201
4 202
4 209
4 214
4 215
4 223
4 225
4 229
4 238
4 241
4 249
4 251
4 256
4 258
5 0
5 12
5 15
5 26
5 44
5 47
5 58
5 60
5 76
5 83
5 84
5 92
5 100
5 103
5 108
5 120
5 126
5 127
5 128
5 132
5 141
5 142
5 145
5 160
5 169
5 171
5 173
5 181
5 192
5 213
5 216
5 233
5 234
5 236
5 237
5 238
5 241
5 245
5 252
6 4
6 6
6 7
6 21
6 28
6 37
6 48
6 51
6 59
6 73
6 77
6 81
6 84
6 85
6 88
6 89
6 90
6 93
6 103
6 105
6 106
6 114
6 122
6 129
6 130
6 131
6 143
6 160
6 169
6 171
6 177
6 185
6 187
6 189
6 199
6 200
6 202
6 204
6 209
6 211
6 216
6 225
6 233
6 234
6 238
6 242
6 245
7 1
7 17
7 20
7 33
7 36
7 38
7 39
7 42
7 50
7 51
7 70
7 73
7 75
7 78
7 80
7 84
7 97
7 99
7 102
7 103
7 110
7 113
7 114
7 119
7 124
7 127
7 128
7 142
7 146
7 153
7 156
7 157
7 158
7 160
7 162
7 167
7 168
7 169
7 185
7 200
7 203
7 205
7 208
7 216
7 217
7 220
7 221
7 223
7 224
7 244
7 248
7 250
7 254
7 255
7 256
8 5
8 11
8 12
8 15
8 24
8 33
8 36
8 39
8 50
8 53
8 60
8 72
8 74
8 89
8 94
8 97
8 98
8 99
8 106
8 110
8 111
8 119
8 120
8 127
8 138
8 144
8 165
8 169
8 185
8 188
8 189
8 192
8 195
8 197
8 203
8 207
8 208
8 209
8 216
8 224
8 227
8 232
8 234
8 237
8 244
8 255
9 9
9 23
9 27
9 33
9 35
9 37
9 39
9 42
9 49
9 52
9 53
9 55
9 59
9 60
9 69
9 71
9 83
9 85
9 92
9 93
9 94
9 95
9 96
9 99
9 104
9 117
9 120
9 121
9 134
9 139
9 140
9 158
9 159
9 164
9 171
9 173
9 179
9 187
9 189
9 191
9 200
9 206
9 209
9 213
9 217
9 220
9 223
9 238
10 10
10 12
10 15
10 23
10 30
10 35
10 42
10 53
10 60
10 63
10 70
10 80
10 91
10 92
10 93
10 109
10 111
10 115
10 119
10 120
10 137
10 143
10 151
10 159
10 160
10 164
10 178
10 180
10 187
10 196
10 198
10 202
10 204
10 210
10 216
10 217
10 224
10 225
10 227
10 252
10 255
11 2
11 4
11 5
11 12
11 15
11 17
11 30
11 34
11 37
11 44
11 47
11 67
11 68
11 70
11 76
11 77
11 79
11 81
11 82
11 84
11 86
11 89
11 97
11 99
11 101
11 111
11 128
11 129
11 140
11 143
11 145
11 151
11 158
11 164
11 169
11 170
11 173
11 185
11 189
11 191
11 197
11 210
11 216
11 217
11 222
11 226
11 228
11 229
11 235
11 246
11 247
11 259
12 6
12 9
12 12
12 17
12 26
12 29
12 30
12 41
12 43
12 46
12 59
12 64
12 83
12 84
12 93
12 94
12 105
12 113
12 114
12 120
12 123
12 125
12 126
12 130
12 134
12 136
12 141
12 163
12 170
12 176
12 177
12 178
12 179
12 186
12 189
12 192
12 195
12 201
12 203
12 206
12 207
12 208
12 211
12 214
12 217
12 220
12 230
12 243
12 245
12 259
13 15
13 24
13 25
13 26
13 28
13 29
13 33
13 45
13 55
13 67
13 71
13 79
13 84
13 93
13 101
13 103
13 105
13 106
13 120
13 123
13 131
13 136
13 141
13 153
13 157
13 158
13 164
13 165
13 167
13 171
13 173
13 175
13 182
13 186
13 187
13 191
13 192
13 197
13 201
13 204
13 221
13 223
13 228
13 232
13 233
13 236
13 237
13 238
13 239
13 242
13 252
13 257
14 6
14 9
14 12
14 13
14 25
14 37
14 39
14 40
14 41
14 46
14 49
14 51
14 55
14 68
14 70
14 76
14 78
14 80
14 81
14 90
14 91
14 92
14 94
14 100
14 116
14 117
14 118
14 123
14 130
14 136
14 137
14 138
14 140
14 142
14 143
14 145
14 153
14 157
14 158
14 165
14 172
14 175
14 179
14 190
14 191
14 197
14 198
14 202
14 204
14 208
14 211
14 214
14 223
14 224
14 228
14 230
14 233
14 234
14 239
14 242
14 248
14 249
14 251
14 252
14 253
14 254
14 257
15 5
15 7
15 26
15 30
15 37
15 48
15 50
15 51
15 54
15 55
15 56
15 58
15 59
15 75
15 77
15 81
15 98
15 99
15 103
15 104
15 106
15 108
15 115
15 118
15 124
15 127
15 133
15 138
15 143
15 144
15 145
15 166
15 177
15 180
15 183
15 187
15 192
15 195
15 197
15 200
15 207
15 209
15 219
15 223
15 230
15 231
15 232
15 235
15 239
15 242
15 243
15 244
15 250
15 258
16 16
16 19
16 20
16 26
16 27
16 30
16 33
16 36
16 43
16 44
16 45
16 52
16 55
16 58
16 60
16 62
16 70
16 73
16 74
16 79
16 80
16 81
16 82
16 84
16 86
16 92
16 99
16 101
16 102
16 111
16 112
16 116
16 119
16 121
16 124
16 135
16 139
16 140
16 141
16 149
16 151
16 154
16 155
16 157
16 163
16 164
16 172
16 176
16 183
16 188
16 189
16 198
16 201
16 209
16 216
16 217
16 220
16 223
16 231
16 242
16 244
16 246
16 248
16 257
17 4
17 8
17 14
17 15
17 22
17 30
17 31
17 42
17 50
17 55
17 58
17 60
17 64
17 66
17 75
17 76
17 81
17 84
17 89
17 97
17 104
17 106
17 108
17 109
17 112
17 113
17 125
17 132
17 134
17 145
17 147
17 148
17 151
17 156
17 160
17 169
17 170
17 181
17 183
17 190
17 194
17 199
17 204
17 207
17 210
17 216
17 217
17 223
17 224
17 228
17 237
17 239
17 244
17 245
17 257
18 1
18 3
18 4
18 10
18 11
18 28
18 37
18 38
18 41
18 48
18 50
18 52
18 57
18 71
18 75
18 76
18 78
18 84
18 87
18 92
18 99
18 105
18 107
18 113
18 114
18 124
18 125
18 127
18 130
18 136
18 140
18 145
18 147
18 150
18 153
18 160
18 175
18 177
18 178
18 182
18 185
18 189
18 191
18 194
18 215
18 216
18 220
18 225
18 226
18 239
18 243
18 244
18 246
18 250
18 257
19 4
19 5
19 6
19 18
19 25
19 27
19 28
19 30
19 32
19 35
19 36
19 43
19 45
19 60
19 62
19 71
19 79
19 80
19 84
19 85
19 90
19 94
19 115
19 117
19 123
19 126
19 131
19 132
19 138
19 152
19 161
19 165
19 167
19 168
19 171
19 179
19 180
19 181
19 184
19 189
19 193
19 197
19 203
19 205
19 206
19 209
19 229
19 230
19 236
19 238
19 239
19 250
19 253
20 0
20 3
20 7
20 13
20 17
20 27
20 33
20 35
20 43
20 45
20 52
20 54
20 59
20 63
20 69
20 73
20 74
20 86
20 88
20 90
20 97
20 99
20 100
20 102
20 107
20 108
20 112
20 114
20 118
20 135
20 140
20 145
20 154
20 155
20 161
20 164
20 189
20 191
20 195
20 197
20 199
20 200
20 202
20 208
20 211
20 215
20 219
20 220
20 227
20 233
20 238
20 239
20 241
20 244
20 248
20 257
20 258
21 8
21 13
21 19
21 21
21 22
21 27
21 28
21 29
21 40
21 41
21 44
21 52
21 69
21 71
21 75
21 84
21 97
21 100
21 102
21 107
21 114
21 116
21 125
21 128
21 129
21 130
21 135
21 150
21 152
21 155
21 164
21 177
21 179
21 187
21 199
21 203
21 204
21 208
21 216
21 220
21 224
21 229
21 230
21 233
21 239
21 241
21 248
21 254
22 8
22 12
22 22
22 25
22 29
22 33
22 34
22 51
22 55
22 58
22 60
22 63
22 68
22 73
22 75
22 78
22 79
22 82
22 84
22 87
22 97
22 102
22 115
22 117
22 123
22 128
22 129
22 133
22 137
22 142
22 145
22 147
22 148
22 149
22 155
22 156
22 157
22 160
22 161
22 173
22 183
22 191
22 195
22 200
22 201
22 205
22 206
22 214
22 217
22 231
22 233
22 234
22 246
23 5
23 12
23 14
23 16
23 20
23 33
23 42
23 43
23 49
23 52
23 53
23 57
23 60
23 63
23 64
23 66
23 69
23 71
23 75
23 76
23 77
23 88
23 101
23 111
23 115
23 120
23 129
23 130
23 141
23 142
23 156
23 163
23 166
23 169
23 178
23 179
23 182
23 184
23 185
23 189
23 192
23 194
23 197
23 200
23 202
23 204
23 214
23 218
23 228
23 232
23 234
23 236
23 246
23 248
23 259
24 3
24 7
24 13
24 16
24 20
24 23
24 24
24 26
24 31
24 32
24 38
24 42
24 43
24 45
24 47
24 52
24 56
24 62
24 67
24 75
24 78
24 82
24 95
24 97
24 98
24 107
24 109
24 117
24 121
24 127
24 138
24 149
24 154
24 156
24 166
24 168
24 169
24 171
24 174
24 177
24 181
24 182
24 191
24 193
24 194
24 195
24 206
24 208
24 217
24 220
24 221
24 226
24 228
24 235
24 238
24 241
24 248
24 249
25 13
25 14
25 15
25 17
25 24
25 25
25 40
25 44
25 53
25 54
25 55
25 56
25 59
25 69
25 70
25 74
25 77
25 78
25 86
25 87
25 99
25 102
25 103
25 104
25 111
25 112
25 119
25 121
25 122
25 124
25 132
25 135
25 149
25 151
25 152
25 159
25 167
25 175
25 178
25 183
25 189
25 191
25 219
25 228
25 233
25 239
25 242
25 244
25 248
25 249
25 250
25 254
26 0
26 6
26 9
26 12
26 14
26 19
26 20
26 21
26 28
26 34
26 36
26 49
26 51
26 55
26 59
26 65
26 72
26 77
26 79
26 83
26 85
26 91
26 109
26 111
26 114
26 125
26 126
26 131
26 135
26 139
26 141
26 158
26 160
26 161
26 165
26 172
26 181
26 188
26 199
26 201
26 211
26 215
26 226
26 232
26 238
26 248
26 251
27 3
27 5
27 8
27 16
27 17
27 24
27 26
27 28
27 38
27 41
27 46
27 47
27 57
27 60
27 66
27 68
27 80
27 82
27 88
27 93
27 100
27 117
27 120
27 124
27 139
27 143
27 155
27 168
27 173
27 189
27 193
27 201
27 202
27 203
27 224
27 226
27 236
27 246
27 247
27 254
28 2
28 4
28 8
28 11
28 12
28 16
28 17
28 23
28 30
28 37
28 38
28 40
28 49
28 54
28 68
28 72
28 76
28 80
28 82
28 85
28 88
28 90
28 91
28 93
28 95
28 109
28 110
28 118
28 119
28 121
28 122
28 123
28 138
28 154
28 159
28 161
28 168
28 183
28 189
28 192
28 200
28 204
28 206
28 207
28 210
28 215
28 218
28 220
28 222
28 227
28 230
28 231
28 234
28 236
28 243
28 244
28 253
28 254
28 258
29 1
29 4
29 12
29 14
29 19
29 20
29 33
29 42
29 48
29 55
29 58
29 59
29 61
29 64
29 67
29 69
29 72
29 79
29 84
29 86
29 87
29 93
29 102
29 115
29 119
29 121
29 128
29 131
29 132
29 134
29 135
29 145
29 146
29 149
29 150
29 152
29 170
29 171
29 176
29 178
29 185
29 187
29 188
29 194
29 204
29 214
29 215
29 218
29 227
29 231
29 253
29 258
30 0
30 8
30 14
30 15
30 16
30 18
30 24
30 25
30 30
30 31
30 37
30 41
30 42
30 46
30 52
30 55
30 58
30 59
30 63
30 92
30 97
30 98
30 99
30 102
30 109
30 110
30 116
30 125
30 131
30 134
30 142
30 143
30 144
30 151
30 159
30 163
30 175
30 180
30 185
30 187
30 201
30 204
30 216
30 218
30 226
30 232
30 235
30 240
30 241
30 244
30 247
30 251
30 254
31 2
31 11
31 15
31 16
31 39
31 41
31 43
31 46
31 47
31 52
31 53
31 55
31 67
31 72
31 84
31 91
31 92
31 98
31 99
31 100
31 102
31 108
31 111
31 114
31 123
31 124
31 130
31 137
31 138
31 141
31 144
31 145
31 149
31 155
31 157
31 166
31 175
31 176
31 181
31 183
31 184
31 187
31 189
31 194
31 210
31 211
31 212
31 215
31 216
31 228
31 239
31 242
31 245
31 247
31 249
31 250
31 253
31 257
32 0
32 1
32 4
32 17
32 22
32 27
32 39
32 46
32 48
32 49
32 50
32 68
32 72
32 73
32 79
32 84
32 89
32 90
32 92
32 99
32 101
32 114
32 117
32 119
32 124
32 127
32 139
32 144
32 146
32 148
32 152
32 154
32 160
32 161
32 166
32 178
32 181
32 183
32 185
32 192
32 195
32 216
32 221
32 226
32 237
32 238
32 239
32 241
32 247
32 248
32 250
32 253
32 254
33 0
33 2
33 6
33 9
33 12
33 15
33 19
33 25
33 30
33 37
33 47
33 48
33 63
33 65
33 70
33 76
33 85
33 89
33 107
33 123
33 125
33 129
33 131
33 132
33 135
33 137
33 143
33 145
33 157
33 158
33 159
33 161
33 164
33 167
33 175
33 178
33 184
33 190
33 209
33 220
33 226
33 233
33 237
33 239
33 244
33 246
34 4
34 8
34 18
34 31
34 32
34 35
34 43
34 47
34 48
34 51
34 53
34 55
34 62
34 64
34 68
34 70
34 71
34 73
34 79
34 98
34 104
34 105
34 106
34 108
34 118
34 126
34 134
34 145
34 153
34 155
34 160
34 163
34 177
34 184
34 188
34 198
34 199
34 201
34 207
34 211
34 219
34 220
34 221
34 224
34 225
34 230
34 236
34 240
34 244
34 248
34 255
34 257
34 258
35 9
35 13
35 17
35 18
35 20
35 31
35 37
35 39
35 40
35 50
35 55
35 57
35 58
35 60
35 67
35 71
35 72
35 77
35 78
35 79
35 83
35 93
35 103
35 111
35 115
35 116
35 124
35 127
35 130
35 133
35 139
35 141
35 142
35 144
35 146
35 152
35 154
35 158
35 159
35 176
35 179
35 182
35 195
35 209
35 211
35 212
35 220
35 233
35 237
35 243
36 0
36 8
36 15
36 16
36 23
36 26
36 31
36 40
36 41
36 82
36 89
36 92
36 95
36 102
36 105
36 108
36 115
36 120
36 128
36 136
36 142
36 145
36 147
36 157
36 159
36 160
36 174
36 186
36 192
36 193
36 197
36 199
36 200
36 202
36 203
36 206
36 217
36 220
36 222
36 227
36 228
36 236
36 253
36 255
37 7
37 8
37 9
37 15
37 18
37 27
37 33
37 35
37 37
37 39
37 46
37 52
37 66
37 67
37 73
37 74
37 76
37 80
37 83
37 86
37 87
37 107
37 115
37 121
37 130
37 133
37 136
37 139
37 146
37 149
37 160
37 161
37 162
37 175
37 178
37 180
37 189
37 190
37 191
37 195
37 196
37 197
37 199
37 200
37 205
37 206
37 213
37 215
37 224
37 232
37 233
37 241
37 259
38 1
38 9
38 13
38 17
38 22
38 26
38 28
38 33
38 38
38 39
38 51
38 53
38 55
38 60
38 67
38 69
38 75
38 77
38 80
38 81
38 83
38 84
38 91
38 96
38 107
38 112
38 113
38 114
38 119
38 128
38 132
38 137
38 140
38 142
38 146
38 148
38 155
38 156
38 172
38 180
38 181
38 186
38 195
38 197
38 200
38 204
38 213
38 219
38 222
38 223
38 226
38 239
38 246
38 252
38 255
39 3
39 10
39 17
39 21
39 25
39 27
39 31
39 34
39 35
39 36
39 41
39 52
39 56
39 58
39 61
39 64
39 68
39 70
39 71
39 72
39 93
39 94
39 101
39 102
39 103
39 106
39 107
39 108
39 109
39 123
39 151
39 154
39 172
39 173
39 176
39 178
39 180
39 182
39 184
39 196
39 202
39 210
39 211
39 217
39 222
39 226
39 227
39 230
39 232
39 236
39 241
39 247
39 251
39 253
39 254
39 255
39 256
39 258
40 3
40 9
40 12
40 14
40 15
40 37
40 38
40 39
40 43
40 48
40 53
40 58
40 60
40 72
40 75
40 79
40 80
40 97
40 99
40 104
40 107
40 110
40 112
40 119
40 129
40 130
40 136
40 142
40 149
40 158
40 159
40 162
40 175
40 178
40 179
40 191
40 192
40 194
40 199
40 208
40 211
40 222
40 238
40 241
40 244
40 249
41 0
41 1
41 2
41 15
41 16
41 20
41 21
41 22
41 27
41 33
41 37
41 42
41 43
41 44
41 46
41 54
41 55
41 64
41 67
41 79
41 80
41 84
41 85
41 86
41 89
41 94
41 97
41 100
41 101
41 107
41 108
41 119
41 135
41 140
41 146
41 148
41 156
41 160
41 178
41 188
41 190
41 192
41 195
41 196
41 197
41 201
41 210
41 213
41 225
41 226
41 227
41 232
41 233
41 237
41 240
41 241
41 246
41 256
41 258
42 0
42 5
42 17
42 22
42 23
42 28
42 37
42 41
42 44
42 47
42 49
42 54
42 60
42 61
42 71
42 72
42 81
42 84
42 86
42 101
42 104
42 120
42 124
42 127
42 141
42 142
42 143
42 154
42 159
42 160
42 169
42 173
42 174
42 178
42 181
42 186
42 188
42 191
42 195
42 196
42 197
42 205
42 210
42 212
42 217
42 219
42 220
42 223
42 232
42 236
42 240
42 243
42 246
42 249
42 250
42 256
43 3
43 4
43 7
43 26
43 27
43 28
43 30
43 33
43 38
43 40
43 50
43 53
43 64
43 66
43 73
43 81
43 84
43 88
43 90
43 91
43 92
43 99
43 102
43 107
43 108
43 124
43 138
43 142
43 157
43 159
43 162
43 164
43 178
43 181
43 183
43 190
43 197
43 204
43 211
43 215
43 219
43 221
43 227
43 229
43 230
43 235
43 248
43 250
43 258
44 2
44 4
44 8
44 9
44 13
44 17
44 19
44 21
44 26
44 34
44 35
44 40
44 41
44 42
44 44
44 47
44 51
44 55
44 58
44 65
44 66
44 71
44 74
44 77
44 79
44 82
44 85
44 87
44 93
44 95
44 96
44 102
44 114
44 118
44 119
44 125
44 135
44 152
44 153
44 161
44 170
44 171
44 175
44 176
44 182
44 183
44 187
44 188
44 200
44 201
44 202
44 204
44 215
44 219
44 220
44 224
44 226
44 239
44 240
44 247
44 258
45 14
45 15
45 19
45 20
45 22
45 25
45 27
45 31
45 38
45 50
45 53
45 65
45 66
45 71
45 82
45 104
45 107
45 115
45 117
45 120
45 124
45 126
45 133
45 141
45 144
45 155
45 164
45 168
45 171
45 172
45 173
45 176
45 179
45 189
45 197
45 201
45 204
45 208
45 209
45 210
45 213
45 214
45 215
45 220
45 225
45 227
45 232
45 234
45 241
45 250
45 251
45 254
45 255
45 256
45 258
46 0
46 4
46 10
46 11
46 12
46 14
46 16
46 17
46 20
46 28
46 29
46 33
46 35
46 39
46 41
46 44
46 45
46 50
46 58
46 66
46 68
46 70
46 78
46 81
46 82
46 83
46 84
46 88
46 91
46 112
46 117
46 136
46 142
46 151
46 160
46 166
46 168
46 169
46 173
46 185
46 192
46 196
46 214
46 216
46 219
46 222
46 231
46 242
46 243
46 244
46 248
46 258
46 259
47 4
47 15
47 24
47 38
47 47
47 51
47 54
47 56
47 60
47 63
47 69
47 70
47 76
47 78
47 81
47 84
47 86
47 87
47 92
47 93
47 97
47 102
47 105
47 111
47 120
47 123
47 129
47 130
47 134
47 144
47 152
47 155
47 161
47 162
47 168
47 171
47 173
47 177
47 179
47 182
47 188
47 189
47 190
47 192
47 196
47 198
47 208
47 209
47 216
47 220
47 228
47 237
47 240
47 246
47 254
48 4
48 8
48 9
48 16
48 18
48 24
48 25
48 31
48 36
48 38
48 49
48 53
48 54
48 55
48 65
48 66
48 71
48 72
48 73
48 83
48 84
48 94
48 96
48 97
48 98
48 107
48 108
48 116
48 120
48 124
48 125
48 127
48 128
48 129
48 131
48 134
48 136
48 145
48 149
48 152
48 163
48 164
48 166
48 168
48 169
48 175
48 186
48 187
48 205
48 210
48 213
48 218
48 221
48 222
48 228
48 235
48 240
48 254
48 257
49 3
49 4
49 5
49 11
49 12
49 13
49 21
49 26
49 35
49 39
49 43
49 49
49 54
49 56
49 57
49 72
49 73
49 75
49 79
49 85
49 86
49 108
49 111
49 112
49 117
49 121
49 123
49 126
49 128
49 133
49 134
49 135
49 137
49 138
49 141
49 146
49 149
49 164
49 165
49 167
49 174
49 178
49 181
49 186
49 194
49 196
49 199
49 204
49 207
49 208
49 210
49 211
49 212
49 214
49 219
49 221
49 222
49 223
49 229
49 236
49 237
49 239
49 240
49 241
50 2
50 4
50 7
50 8
50 9
50 11
50 18
50 23
50 25
50 35
50 48
50 52
50 53
50 63
50 68
50 69
50 74
50 76
50 87
50 97
50 107
50 113
50 114
50 116
50 121
50 122
50 130
50 133
50 142
50 148
50 150
50 155
50 156
50 158
50 159
50 166
50 167
50 176
50 177
50 178
50 179
50 183
50 190
50 192
50 194
50 195
50 203
50 205
50 207
50 208
50 213
50 227
50 228
50 230
50 241
50 244
50 247
50 257
51 2
51 17
51 21
51 25
51 27
51 40
51 49
51 51
51 54
51 65
51 71
51 72
51 83
51 86
51 95
51 99
51 100
51 102
51 111
51 115
51 116
51 118
51 121
51 132
51 133
51 134
51 138
51 141
51 151
51 152
51 154
51 155
51 156
51 164
51 165
51 168
51 183
51 194
51 196
51 199
51 203
51 206
51 211
51 226
51 229
51 230
51 231
51 242
51 243
51 245
51 246
51 247
51 256
52 5
52 6
52 8
52 19
52 24
52 30
52 43
52 46
52 51
52 61
52 78
52 86
52 91
52 92
52 99
52 100
52 114
52 118
52 126
52 129
52 130
52 132
52 134
52 150
52 155
52 161
52 165
52 180
52 185
52 187
52 192
52 196
52 197
52 204
52 207
52 218
52 223
52 234
52 241
52 246
52 252
52 253
52 254
52 256
52 258
53 1
53 9
53 10
53 11
53 14
53 17
53 22
53 32
53 38
53 39
53 45
53 46
53 65
53 67
53 78
53 87
53 88
53 90
53 100
53 102
53 107
53 108
53 110
53 115
53 123
53 127
53 132
53 136
53 138
53 161
53 167
53 169
53 170
53 175
53 181
53 184
53 185
53 190
53 191
53 210
53 216
53 218
53 221
53 224
53 225
53 226
53 231
53 235
53 239
53 240
53 251
53 254
53 255
53 259
54 1
54 13
54 18
54 20
54 29
54 33
54 36
54 43
54 47
54 48
54 54
54 56
54 78
54 81
54 82
54 84
54 90
54 93
54 104
54 109
54 113
54 116
54 122
54 139
54 141
54 163
54 166
54 176
54 178
54 179
54 180
54 187
54 189
54 190
54 196
54 210
54 215
54 224
54 228
54 234
54 238
54 243
54 246
54 251
54 256
55 10
55 19
55 26
55 30
55 45
55 53
55 79
55 86
55 108
55 109
55 120
55 125
55 130
55 143
55 144
55 146
55 155
55 157
55 165
55 169
55 174
55 176
55 180
55 183
55 192
55 196
55 208
55 209
55 213
55 217
55 218
55 220
55 222
55 226
55 232
55 237
55 243
55 249
55 251
56 1
56 2
56 11
56 16
56 24
56 32
56 36
56 45
56 48
56 54
56 56
56 57
56 61
56 67
56 68
56 72
56 75
56 81
56 86
56 89
56 91
56 93
56 97
56 98
56 101
56 115
56 117
56 118
56 120
56 124
56 125
56 126
56 128
56 154
56 158
56 160
56 168
56 170
56 176
56 178
56 195
56 197
56 198
56 201
56 202
56 236
56 237
56 248
56 251
57 0
57 3
57 20
57 33
57 43
57 53
57 56
57 57
57 78
57 88
57 98
57 102
57 103
57 107
57 120
57 128
57 129
57 131
57 136
57 137
57 138
57 139
57 150
57 154
57 155
57 166
57 170
57 176
57 177
57 180
57 183
57 187
57 191
57 198
57 207
57 209
57 220
57 223
57 233
57 248
57 249
57 251
57 253
58 0
58 1
58 5
58 13
58 14
58 17
58 34
58 39
58 40
58 46
58 53
58 55
58 61
58 64
58 68
58 72
58 74
58 86
58 94
58 110
58 117
58 124
58 125
58 127
58 130
58 131
58 132
58 136
58 144
58 146
58 150
58 152
58 167
58 173
58 176
58 187
58 201
58 202
58 206
58 208
58 209
58 210
58 214
58 221
58 225
58 229
58 232
58 235
58 239
58 241
58 242
58 258
59 1
59 5
59 9
59 21
59 23
59 25
59 27
59 31
59 37
59 54
59 55
59 58
59 61
59 62
59 63
59 64
59 67
59 71
59 75
59 79
59 93
59 98
59 102
59 113
59 117
59 122
59 124
59 126
59 132
59 133
59 141
59 152
59 173
59 177
59 179
59 191
59 193
59 196
59 197
59 200
59 218
59 223
59 227
59 235
59 238
59 243
59 245
59 246
59 251
59 252
60 7
60 16
60 19
60 34
60 37
60 39
60 46
60 54
60 58
60 62
60 73
60 76
60 90
60 123
60 138
60 143
60 144
60 145
60 151
60 159
60 173
60 174
60 175
60 188
60 190
60 195
60 199
60 200
60 203
60 218
60 235
60 238
60 248
60 250
61 0
61 3
61 8
61 19
61 20
61 34
61 41
61 44
61 48
61 49
61 55
61 62
61 69
61 78
61 79
61 80
61 85
61 87
61 90
61 104
61 108
61 112
61 115
61 118
61 123
61 127
61 133
61 137
61 145
61 146
61 149
61 150
61 161
61 167
61 169
61 174
61 179
61 180
61 181
61 182
61 187
61 193
61 195
61 204
61 207
61 210
61 213
61 224
61 234
61 235
61 244
61 247
61 248
61 251
61 253
61 258
61 259
62 2
62 9
62 30
62 34
62 35
62 53
62 55
62 58
62 59
62 66
62 68
62 74
62 75
62 77
62 88
62 99
62 101
62 105
62 106
62 113
62 115
62 120
62 122
62 126
62 130
62 136
62 141
62 150
62 156
62 159
62 165
62 167
62 169
62 172
62 185
62 187
62 189
62 192
62 197
62 198
62 223
62 229
62 238
62 240
62 243
62 244
62 258
63 15
63 17
63 19
63 20
63 26
63 29
63 30
63 31
63 48
63 52
63 60
63 62
63 66
63 69
63 78
63 80
63 87
63 93
63 95
63 96
63 99
63 103
63 104
63 114
63 115
63 121
63 123
63 125
63 132
63 136
63 137
63 138
63 139
63 140
63 142
63 153
63 162
63 175
63 192
63 195
63 206
63 208
63 211
63 212
63 215
63 221
63 224
63 228
63 229
63 233
63 243
63 246
63 247
63 249
63 254
63 259
64 3
64 4
64 7
64 8
64 11
64 12
64 16
64 17
64 18
64 22
64 23
64 30
64 33
64 37
64 40
64 41
64 45
64 47
64 52
64 54
64 59
64 70
64 72
64 75
64 76
64 78
64 83
64 85
64 93
64 95
64 98
64 111
64 112
64 134
64 136
64 137
64 138
64 140
64 146
64 147
64 148
64 150
64 152
64 158
64 169
64 171
64 172
64 176
64 183
64 187
64 196
64 198
64 201
64 202
64 203
64 204
64 206
64 209
64 211
64 222
64 223
64 225
64 228
64 230
64 231
64 243
64 244
64 249
64 251
64 259
65 4
65 6
65 11
65 15
65 18
65 40
65 42
65 44
65 45
65 47
65 51
65 64
65 67
65 73
65 88
65 96
65 105
65 110
65 122
65 132
65 136
65 138
65 139
65 150
65 154
65 174
65 176
65 183
65 188
65 190
65 191
65 193
65 198
65 199
65 211
65 215
65 225
65 228
65 230
65 231
65 235
65 241
65 243
65 244
65 247
65 248
65 251
65 252
65 254
65 256
65 257
66 4
66 6
66 7
66 11
66 18
66 44
66 49
66 55
66 57
66 60
66 61
66 66
66 78
66 79
66 81
66 83
66 85
66 90
66 92
66 103
66 104
66 114
66 116
66 124
66 125
66 131
66 133
66 143
66 144
66 145
66 159
66 162
66 165
66 172
66 181
66 182
66 186
66 187
66 201
66 211
66 215
66 221
66 230
66 234
66 237
66 241
66 244
66 253
67 1
67 4
67 10
67 13
67 15
67 16
67 20
67 26
67 31
67 47
67 51
67 62
67 66
67 67
67 80
67 82
67 83
67 85
67 91
67 93
67 99
67 101
67 103
67 110
67 115
67 134
67 138
67 145
67 146
67 154
67 156
67 157
67 161
67 166
67 170
67 173
67 179
67 185
67 187
67 191
67 199
67 204
67 210
67 216
67 224
67 225
67 233
67 238
67 248
67 249
67 252
67 253
67 259
68 0
68 12
68 17
68 18
68 20
68 31
68 36
68 40
68 43
68 48
68 52
68 54
68 55
68 57
68 63
68 65
68 71
68 72
68 73
68 74
68 75
68 77
68 85
68 95
68 100
68 101
68 110
68 117
68 118
68 122
68 123
68 124
68 145
68 149
68 151
68 152
68 153
68 154
68 163
68 165
68 184
68 187
68 195
68 201
68 203
68 205
68 228
68 229
68 235
68 242
68 244
68 247
68 250
68 256
69 1
69 3
69 4
69 7
69 9
69 12
69 15
69 20
69 27
69 29
69 34
69 44
69 54
69 58
69 62
69 76
69 93
69 98
69 100
69 105
69 109
69 123
69 124
69 130
69 151
69 185
69 197
69 198
69 199
69 202
69 219
69 220
69 226
69 235
69 247
69 251
69 253
69 256
69 258
70 4
70 6
70 9
70 11
70 19
70 21
70 24
70 25
70 26
70 31
70 36
70 51
70 65
70 66
70 70
70 72
70 73
70 79
70 82
70 89
70 101
70 109
70 121
70 122
70 128
70 129
70 130
70 140
70 142
70 146
70 147
70 148
70 156
70 164
70 166
70 167
70 176
70 178
70 181
70 199
70 200
70 206
70 207
70 208
70 213
70 216
70 219
70 221
70 226
70 228
70 230
70 237
70 244
70 246
70 254
70 257
71 3
71 4
71 5
71 12
71 14
71 16
71 20
71 22
71 27
71 31
71 33
71 35
71 36
71 44
71 47
71 48
71 49
71 51
71 57
71 67
71 78
71 80
71 86
71 89
71 91
71 94
71 95
71 96
71 108
71 111
71 119
71 127
71 128
71 130
71 146
71 148
71 158
71 163
71 175
71 179
71 184
71 201
71 206
71 211
71 212
71 235
71 241
71 245
71 255
72 1
72 2
72 6
72 8
72 13
72 20
72 35
72 36
72 37
72 38
72 41
72 44
72 54
72 58
72 59
72 62
72 63
72 67
72 74
72 77
72 83
72 85
72 86
72 94
72 97
72 103
72 109
72 114
72 115
72 116
72 120
72 124
72 128
72 135
72 139
72 140
72 146
72 151
72 156
72 157
72 158
72 164
72 165
72 173
72 175
72 184
72 185
72 186
72 199
72 200
72 209
72 213
72 220
72 221
72 227
72 231
72 234
72 235
72 236
72 241
72 251
72 255
72 259
73 12
73 15
73 24
73 25
73 26
73 30
73 38
73 42
73 45
73 70
73 74
73 75
73 82
73 84
73 85
73 88
73 91
73 94
73 101
73 105
73 109
73 111
73 112
73 115
73 116
73 121
73 123
73 134
73 138
73 139
73 147
73 159
73 172
73 193
73 197
73 204
73 205
73 211
73 212
73 213
73 221
73 224
73 226
73 227
73 231
73 232
73 233
73 240
73 241
73 248
73 255
74 9
74 20
74 23
74 33
74 39
74 49
74 51
74 54
74 67
74 72
74 76
74 80
74 81
74 88
74 90
74 97
74 100
74 104
74 108
74 116
74 118
74 119
74 121
74 126
74 127
74 132
74 136
74 143
74 145
74 152
74 154
74 156
74 159
74 173
74 176
74 178
74 180
74 185
74 188
74 192
74 198
74 199
74 201
74 204
74 229
74 238
74 239
74 252
74 255
74 257
75 3
75 13
75 14
75 18
75 23
75 28
75 30
75 40
75 45
75 49
75 50
75 52
75 57
75 61
75 62
75 63
75 70
75 78
75 82
75 87
75 98
75 117
75 123
75 124
75 125
75 131
75 134
75 146
75 147
75 149
75 150
75 153
75 160
75 169
75 171
75 177
75 178
75 194
75 196
75 199
75 202
75 205
75 213
75 232
75 237
75 245
75 249
75 259
76 2
76 5
76 12
76 13
76 25
76 29
76 30
76 36
76 48
76 73
76 74
76 80
76 89
76 92
76 97
76 100
76 104
76 114
76 117
76 118
76 127
76 128
76 129
76 134
76 140
76 148
76 153
76 158
76 167
76 170
76 176
76 181
76 182
76 192
76 200
76 201
76 205
76 210
76 220
76 221
76 222
76 233
76 236
76 240
76 251
76 252
76 255
76 257
77 1
77 6
77 10
77 12
77 14
77 22
77 37
77 40
77 41
77 50
77 54
77 56
77 59
77 60
77 65
77 68
77 74
77 78
77 79
77 81
77 84
77 88
77 94
77 95
77 96
77 100
77 102
77 111
77 115
77 118
77 124
77 130
77 132
77 141
77 142
77 143
77 144
77 151
77 155
77 160
77 168
77 170
77 171
77 175
77 181
77 182
77 184
77 185
77 188
77 190
77 193
77 195
77 198
77 200
77 206
77 215
77 232
77 240
77 241
77 242
77 243
77 251
78 10
78 12
78 15
78 19
78 24
78 26
78 33
78 42
78 46
78 48
78 53
78 58
78 59
78 60
78 68
78 78
78 90
78 103
78 105
78 106
78 108
78 111
78 116
78 118
78 119
78 125
78 134
78 135
78 137
78 144
78 145
78 146
78 147
78 151
78 153
78 163
78 164
78 165
78 170
78 180
78 194
78 199
78 204
78 206
78 214
78 234
78 235
78 236
78 237
78 247
78 250
78 253
78 259
79 3
79 5
79 8
79 9
79 11
79 17
79 22
79 26
79 34
79 39
79 40
79 55
79 61
79 71
79 81
79 82
79 96
79 100
79 101
79 106
79 117
79 128
79 130
79 138
79 146
79 149
79 153
79 163
79 166
79 172
79 175
79 179
79 194
79 195
79 198
79 209
79 224
79 232
79 233
79 252
79 254
79 257
80 8
80 11
80 23
80 30
80 36
80 40
80 42
80 43
80 45
80 49
80 51
80 56
80 75
80 76
80 80
80 81
80 86
80 90
80 91
80 98
80 101
80 109
80 115
80 120
80 121
80 130
80 134
80 145
80 147
80 148
80 150
80 166
80 172
80 182
80 186
80 189
80 191
80 194
80 196
80 203
80 209
80 210
80 220
80 221
80 223
80 227
80 236
80 238
80 245
80 257
81 3
81 6
81 7
81 13
81 23
81 26
81 31
81 44
81 46
81 57
81 63
81 64
81 65
81 72
81 76
81 81
81 82
81 87
81 97
81 103
81 105
81 109
81 118
81 137
81 139
81 143
81 150
81 160
81 169
81 176
81 177
81 178
81 182
81 183
81 184
81 187
81 197
81 200
81 206
81 211
81 220
81 221
81 230
81 231
81 233
81 237
81 245
81 249
81 250
81 254
81 258
82 0
82 1
82 6
82 13
82 18
82 25
82 26
82 30
82 34
82 37
82 39
82 48
82 50
82 53
82 64
82 65
82 67
82 70
82 72
82 74
82 80
82 82
82 88
82 90
82 91
82 100
82 119
82 122
82 123
82 126
82 150
82 152
82 154
82 162
82 163
82 166
82 170
82 172
82 178
82 179
82 187
82 189
82 192
82 194
82 196
82 197
82 210
82 213
82 216
82 218
82 224
82 225
82 227
82 234
82 236
82 237
82 251
82 256
82 258
83 9
83 10
83 22
83 27
83 28
83 32
83 35
83 38
83 56
83 77
83 83
83 86
83 88
83 91
83 96
83 97
83 100
83 102
83 103
83 111
83 128
83 132
83 135
83 144
83 147
83 153
83 159
83 163
83 180
83 182
83 184
83 196
83 198
83 211
83 213
83 215
83 219
83 223
83 224
83 228
83 245
83 259
84 1
84 6
84 12
84 15
84 17
84 19
84 24
84 26
84 28
84 29
84 31
84 33
84 35
84 38
84 41
84 43
84 44
84 59
84 60
84 68
84 70
84 72
84 73
84 78
84 81
84 83
84 88
84 94
84 98
84 100
84 105
84 107
84 110
84 111
84 112
84 113
84 116
84 118
84 131
84 133
84 137
84 138
84 139
84 145
84 146
84 153
84 155
84 158
84 162
84 168
84 172
84 177
84 181
84 186
84 190
84 192
84 194
84 197
84 199
84 200
84 202
84 204
84 210
84 211
84 212
84 214
84 215
84 233
84 244
84 247
84 248
84 256
84 257
85 1
85 10
85 13
85 15
85 18
85 22
85 23
85 25
85 27
85 44
85 46
85 48
85 56
85 58
85 61
85 63
85 64
85 71
85 76
85 77
85 82
85 83
85 95
85 98
85 103
85 108
85 109
85 121
85 129
85 131
85 133
85 134
85 141
85 142
85 150
85 151
85 152
85 157
85 162
85 171
85 195
85 211
85 216
85 219
85 224
85 228
85 239
85 243
85 248
86 0
86 15
86 28
86 45
86 53
86 60
86 63
86 66
86 69
86 76
86 83
86 88
86 89
86 91
86 92
86 97
86 100
86 101
86 103
86 106
86 109
86 119
86 121
86 122
86 130
86 132
86 148
86 157
86 159
86 160
86 161
86 162
86 166
86 169
86 176
86 190
86 194
86 195
86 202
86 205
86 210
86 212
86 217
86 229
86 230
86 231
86 237
86 238
86 244
86 249
87 3
87 4
87 10
87 21
87 24
87 26
87 32
87 42
87 47
87 51
87 60
87 64
87 66
87 69
87 75
87 98
87 103
87 108
87 115
87 128
87 131
87 140
87 141
87 146
87 149
87 154
87 155
87 159
87 169
87 170
87 172
87 183
87 187
87 190
87 193
87 200
87 201
87 208
87 210
87 220
87 224
87 225
87 229
87 233
87 238
87 241
87 242
87 244
87 245
87 248
87 258
88 5
88 26
88 29
88 41
88 46
88 54
88 62
88 64
88 71
88 74
88 81
88 87
88 106
88 108
88 109
88 116
88 122
88 131
88 151
88 157
88 158
88 162
88 164
88 172
88 175
88 188
88 189
88 193
88 195
88 199
88 204
88 213
88 225
88 232
88 233
88 238
88 248
88 251
88 252
88 254
89 0
89 7
89 11
89 12
89 14
89 21
89 22
89 30
89 31
89 32
89 40
89 44
89 51
89 60
89 69
89 77
89 78
89 82
89 93
89 94
89 97
89 98
89 102
89 105
89 109
89 110
89 115
89 118
89 120
89 122
89 128
89 133
89 138
89 142
89 152
89 157
89 161
89 170
89 173
89 180
89 186
89 199
89 201
89 220
89 223
89 225
89 232
89 234
89 235
89 236
89 238
89 240
89 251
89 254
90 3
90 5
90 9
90 10
90 11
90 13
90 14
90 19
90 23
90 29
90 35
90 37
90 41
90 43
90 53
90 65
90 72
90 74
90 76
90 80
90 83
90 94
90 102
90 115
90 117
90 120
90 122
90 125
90 132
90 145
90 146
90 152
90 153
90 155
90 156
90 161
90 167
90 168
90 174
90 180
90 181
90 185
90 219
90 236
90 241
90 242
90 246
90 253
91 4
91 17
91 23
91 24
91 26
91 28
91 29
91 36
91 41
91 45
91 46
91 49
91 56
91 58
91 61
91 66
91 68
91 69
91 73
91 74
91 78
91 80
91 86
91 90
91 91
91 93
91 108
91 114
91 126
91 127
91 135
91 138
91 140
91 145
91 147
91 150
91 153
91 171
91 177
91 188
91 190
91 191
91 195
91 202
91 203
91 207
91 208
91 210
91 217
91 218
91 221
91 226
91 227
91 229
91 230
91 235
91 236
91 248
91 252
92 0
92 6
92 10
92 12
92 29
92 32
92 35
92 42
92 50
92 59
92 70
92 72
92 73
92 76
92 80
92 90
92 91
92 112
92 122
92 132
92 137
92 138
92 150
92 155
92 159
92 163
92 193
92 195
92 196
92 204
92 215
92 216
92 238
92 241
92 246
92 247
92 257
92 258
92 259
93 4
93 6
93 11
93 14
93 16
93 17
93 19
93 20
93 25
93 30
93 31
93 35
93 46
93 55
93 56
93 59
93 65
93 67
93 81
93 102
93 106
93 107
93 108
93 112
93 117
93 122
93 123
93 137
93 139
93 143
93 147
93 155
93 156
93 159
93 160
93 170
93 172
93 184
93 189
93 190
93 203
93 210
93 212
93 214
93 217
93 231
93 237
93 238
93 239
93 242
93 245
93 246
93 259
94 11
94 15
94 17
94 22
94 24
94 30
94 35
94 36
94 38
94 43
94 46
94 48
94 52
94 56
94 64
94 66
94 84
94 89
94 100
94 103
94 109
94 112
94 114
94 121
94 123
94 142
94 150
94 152
94 155
94 157
94 163
94 165
94 172
94 177
94 178
94 181
94 193
94 200
94 217
94 220
94 221
94 222
94 223
94 227
94 228
94 230
94 233
94 234
94 241
94 242
94 246
94 253
94 259
95 12
95 14
95 18
95 24
95 29
95 31
95 38
95 41
95 45
95 47
95 51
95 57
95 60
95 79
95 80
95 82
95 83
95 84
95 89
95 105
95 107
95 120
95 126
95 128
95 133
95 134
95 138
95 142
95 154
95 163
95 166
95 168
95 174
95 186
95 194
95 195
95 196
95 198
95 200
95 203
95 217
95 227
95 233
95 237
95 253
96 3
96 6
96 12
96 16
96 21
96 27
96 30
96 35
96 42
96 43
96 52
96 55
96 60
96 61
96 62
96 64
96 65
96 69
96 70
96 73
96 74
96 75
96 76
96 81
96 84
96 87
96 97
96 98
96 100
96 108
96 114
96 116
96 119
96 123
96 128
96 135
96 140
96 141
96 158
96 160
96 162
96 170
96 173
96 177
96 181
96 182
96 185
96 195
96 196
96 201
96 207
96 218
96 223
96 239
96 241
96 245
96 246
96 251
96 254
97 2
97 4
97 8
97 10
97 12
97 25
97 28
97 30
97 35
97 36
97 38
97 40
97 44
97 45
97 46
97 49
97 63
97 71
97 93
97 97
97 109
97 112
97 121
97 122
97 123
97 124
97 129
97 134
97 145
97 150
97 151
97 152
97 154
97 158
97 166
97 172
97 177
97 181
97 191
97 196
97 203
97 204
97 208
97 209
97 216
97 219
97 237
97 242
97 244
97 245
97 248
97 251
97 253
97 256
97 258
98 3
98 4
98 6
98 7
98 13
98 19
98 23
98 24
98 27
98 32
98 33
98 36
98 42
98 44
98 47
98 53
98 54
98 61
98 69
98 92
98 95
98 110
98 120
98 122
98 123
98 127
98 128
98 129
98 130
98 135
98 139
98 144
98 146
98 148
98 153
98 156
98 159
98 161
98 163
98 164
98 165
98 174
98 175
98 183
98 189
98 192
98 206
98 207
98 208
98 213
98 218
98 223
98 224
98 226
98 238
98 251
98 253
98 255
98 256
99 5
99 8
99 17
99 20
99 28
99 31
99 35
99 36
99 40
99 51
99 62
99 74
99 76
99 79
99 85
99 90
99 92
99 94
99 97
99 113
99 115
99 119
99 120
99 126
99 139
99 147
99 153
99 166
99 181
99 187
99 189
99 190
99 205
99 213
99 217
99 220
99 223
99 230
99 235
99 245
99 254
99 259
100 1
100 4
100 5
100 26
100 27
100 30
100 36
100 40
100 41
100 43
100 44
100 51
100 53
100 57
100 58
100 63
100 66
100 71
100 72
100 74
100 80
100 85
100 90
100 92
100 98
100 118
100 120
100 124
100 130
100 132
100 138
100 139
100 151
100 156
100 158
100 159
100 162
100 172
100 175
100 197
100 198
100 202
100 203
100 204
100 205
100 212
100 215
100 217
100 220
100 227
100 235
100 238
100 239
100 249
100 252
100 253
100 254
100 255
100 257
101 7
101 11
101 14
101 18
101 22
101 25
101 28
101 36
101 45
101 48
101 53
101 56
101 61
101 73
101 75
101 76
101 80
101 91
101 93
101 96
101 99
101 101
101 102
101 104
101 112
101 118
101 119
101 123
101 132
101 142
101 150
101 153
101 154
101 169
101 171
101 182
101 184
101 185
101 190
101 191
101 196
101 197
101 204
101 209
101 220
101 221
101 231
101 243
101 244
101 246
101 247
101 252
101 255
101 257
102 3
102 8
102 10
102 12
102 18
102 20
102 22
102 27
102 30
102 41
102 56
102 69
102 71
102 79
102 85
102 91
102 97
102 104
102 111
102 117
102 133
102 135
102 139
102 141
102 142
102 144
102 146
102 160
102 165
102 169
102 171
102 194
102 195
102 198
102 202
102 205
102 208
102 218
102 222
102 231
102 244
102 252
102 256
103 1
103 5
103 9
103 10
103 24
103 25
103 28
103 32
103 35
103 53
103 56
103 60
103 64
103 65
103 67
103 69
103 72
103 74
103 75
103 76
103 92
103 94
103 97
103 101
103 103
103 105
103 124
103 136
103 143
103 144
103 150
103 153
103 155
103 156
103 158
103 160
103 161
103 163
103 174
103 176
103 179
103 182
103 184
103 197
103 205
103 210
103 212
103 213
103 221
103 226
103 230
103 234
103 235
103 236
103 238
103 240
103 244
103 251
104 13
104 24
104 41
104 43
104 48
104 54
104 61
104 64
104 68
104 74
104 75
104 83
104 84
104 90
104 100
104 107
104 108
104 110
104 118
104 121
104 123
104 134
104 144
104 157
104 160
104 164
104 165
104 167
104 171
104 173
104 178
104 188
104 193
104 194
104 198
104 200
104 202
104 206
104 207
104 209
104 210
104 213
104 239
104 244
104 247
105 4
105 6
105 10
105 19
105 28
105 46
105 53
105 60
105 64
105 71
105 73
105 74
105 77
105 79
105 81
105 84
105 86
105 90
105 97
105 103
105 107
105 112
105 115
105 116
105 125
105 137
105 139
105 152
105 154
105 159
105 173
105 177
105 182
105 185
105 199
105 204
105 206
105 216
105 219
105 220
105 222
105 225
105 231
105 234
105 241
105 248
105 255
105 258
106 7
106 11
106 13
106 14
106 16
106 19
106 22
106 27
106 28
106 29
106 35
106 37
106 43
106 47
106 50
106 60
106 67
106 77
106 85
106 91
106 95
106 97
106 101
106 103
106 105
106 112
106 115
106 128
106 144
106 154
106 158
106 167
106 181
106 182
106 190
106 196
106 204
106 209
106 221
106 230
106 231
106 245
106 250
106 254
107 8
107 15
107 22
107 24
107 32
107 34
107 40
107 46
107 47
107 49
107 51
107 55
107 60
107 62
107 64
107 72
107 75
107 76
107 82
107 89
107 91
107 99
107 103
107 111
107 112
107 116
107 121
107 123
107 127
107 133
107 139
107 142
107 144
107 145
107 168
107 173
107 176
107 182
107 203
107 212
107 217
107 218
107 219
107 222
107 229
107 239
107 241
107 249
107 251
107 254
107 259
108 0
108 15
108 25
108 26
108 29
108 32
108 36
108 44
108 49
108 56
108 58
108 71
108 88
108 91
108 96
108 102
108 112
108 118
108 123
108 128
108 133
108 136
108 140
108 147
108 151
108 154
108 164
108 165
108 174
108 177
108 180
108 181
108 183
108 197
108 201
108 224
108 228
108 231
108 240
108 247
108 256
108 257
109 0
109 10
109 16
109 19
109 20
109 24
109 27
109 28
109 31
109 33
109 34
109 50
109 52
109 55
109 60
109 68
109 75
109 80
109 82
109 83
109 87
109 91
109 94
109 95
109 96
109 102
109 105
109 106
109 110
109 116
109 118
109 121
109 126
109 127
109 135
109 151
109 159
109 161
109 164
109 175
109 184
109 187
109 190
109 191
109 192
109 194
109 204
109 205
109 208
109 215
109 216
109 222
109 224
109 240
109 241
109 245
109 249
110 2
110 5
110 6
110 8
110 11
110 26
110 36
110 38
110 43
110 57
110 61
110 64
110 65
110 66
110 67
110 69
110 72
110 82
110 83
110 88
110 92
110 115
110 117
110 126
110 128
110 129
110 135
110 136
110 140
110 142
110 149
110 157
110 166
110 169
110 171
110 188
110 192
110 195
110 197
110 208
110 213
110 214
110 217
110 222
110 228
110 234
110 244
110 256
111 15
111 17
111 19
111 25
111 31
111 32
111 34
111 37
111 44
111 52
111 56
111 66
111 75
111 84
111 95
111 96
111 101
111 106
111 116
111 118
111 124
111 129
111 134
111 137
111 147
111 149
111 151
111 170
111 172
111 177
111 181
111 183
111 185
111 187
111 191
111 195
111 201
111 206
111 212
111 218
111 223
111 227
111 239
111 244
111 247
111 253
112 1
112 7
112 9
112 16
112 17
112 20
112 24
112 25
112 32
112 42
112 52
112 57
112 59
112 66
112 67
112 72
112 73
112 74
112 83
112 89
112 90
112 101
112 110
112 114
112 118
112 122
112 126
112 129
112 137
112 143
112 146
112 153
112 154
112 157
112 159
112 163
112 165
112 171
112 175
112 177
112 180
112 187
112 190
112 192
112 202
112 206
112 212
112 214
112 219
112 221
112 235
112 236
112 246
112 257
113 0
113 5
113 12
113 23
113 25
113 26
113 34
113 38
113 45
113 56
113 57
113 59
113 60
113 65
113 76
113 79
113 89
113 95
113 96
113 107
113 108
113 109
113 113
113 119
113 120
113 123
113 132
113 133
113 136
113 140
113 142
113 146
113 156
113 157
113 159
113 164
113 168
113 172
113 176
113 179
113 182
113 186
113 190
113 195
113 201
113 206
113 208
113 212
113 222
113 223
113 238
113 245
113 248
113 253
114 2
114 13
114 16
114 18
114 36
114 49
114 54
114 55
114 65
114 72
114 73
114 78
114 81
114 96
114 97
114 102
114 105
114 109
114 112
114 115
114 118
114 122
114 125
114 130
114 131
114 152
114 153
114 154
114 158
114 161
114 162
114 165
114 166
114 167
114 168
114 173
114 180
114 184
114 187
114 188
114 189
114 190
114 191
114 193
114 202
114 206
114 208
114 214
114 233
114 236
114 238
114 242
114 243
114 247
115 0
115 2
115 5
115 6
115 7
115 10
115 14
115 15
115 19
115 22
115 24
115 25
115 26
115 28
115 32
115 36
115 42
115 47
115 48
115 52
115 60
115 64
115 69
115 75
115 85
115 88
115 89
115 92
115 99
115 100
115 102
115 105
115 106
115 107
115 118
115 142
115 148
115 149
115 151
115 152
115 158
115 159
115 162
115 164
115 169
115 172
115 176
115 184
115 186
115 187
115 200
115 206
115 213
115 220
115 222
115 230
115 242
115 244
115 247
115 258
116 5
116 7
116 11
116 17
116 18
116 24
116 26
116 29
116 39
116 42
116 49
116 55
116 58
116 60
116 63
116 64
116 68
116 82
116 86
116 90
116 91
116 105
116 110
116 129
116 136
116 144
116 147
116 157
116 167
116 170
116 175
116 179
116 187
116 189
116 192
116 194
116 196
116 203
116 213
116 230
116 233
116 241
116 242
116 244
116 245
116 249
116 256
117 4
117 8
117 11
117 32
117 34
117 38
117 42
117 43
117 46
117 47
117 49
117 54
117 57
117 59
117 62
117 66
117 68
117 70
117 76
117 77
117 78
117 90
117 92
117 103
117 108
117 112
117 119
117 121
117 126
117 129
117 168
117 169
117 176
117 177
117 181
117 187
117 194
117 197
117 214
117 223
117 228
117 233
117 234
117 235
117 236
117 241
117 247
118 1
118 3
118 9
118 11
118 12
118 14
118 17
118 23
118 36
118 42
118 52
118 53
118 58
118 69
118 72
118 75
118 77
118 78
118 79
118 81
118 84
118 86
118 91
118 96
118 97
118 98
118 102
118 107
118 112
118 113
118 114
118 133
118 138
118 139
118 143
118 150
118 158
118 160
118 161
118 164
118 165
118 166
118 168
118 170
118 172
118 175
118 178
118 189
118 193
118 194
118 196
118 198
118 205
118 212
118 223
118 234
118 236
118 237
118 241
118 247
118 259
119 0
119 4
119 8
119 18
119 19
119 24
119 27
119 32
119 33
119 34
119 39
119 49
119 54
119 55
119 57
119 68
119 71
119 89
119 92
119 96
119 116
119 119
119 131
119 133
119 139
119 143
119 145
119 148
119 152
119 154
119 161
119 167
119 172
119 173
119 177
119 179
119 184
119 206
119 209
119 219
119 222
119 228
119 233
119 247
119 249
119 255
120 2
120 6
120 14
120 20
120 21
120 26
120 27
120 31
120 33
120 35
120 38
120 41
120 45
120 47
120 50
120 57
120 67
120 68
120 72
120 76
120 82
120 88
120 90
120 100
120 101
120 106
120 117
120 126
120 127
120 131
120 136
120 146
120 147
120 150
120 156
120 157
120 163
120 165
120 170
120 172
120 173
120 176
120 184
120 185
120 187
120 199
120 209
120 215
120 217
120 218
120 220
120 227
120 231
120 232
120 248
120 251
120 255
121 0
121 5
121 7
121 10
121 17
121 22
121 27
121 37
121 44
121 48
121 56
121 57
121 61
121 66
121 72
121 74
121 75
121 87
121 96
121 98
121 101
121 103
121 121
121 125
121 142
121 150
121 155
121 166
121 167
121 168
121 170
121 176
121 181
121 194
121 196
121 204
121 206
121 213
121 215
121 217
121 226
121 235
121 241
121 242
121 253
122 8
122 10
122 19
122 25
122 26
122 28
122 31
122 32
122 36
122 43
122 52
122 53
122 58
122 60
122 66
122 67
122 73
122 75
122 81
122 82
122 85
122 89
122 91
122 95
122 96
122 109
122 113
122 116
122 117
122 118
122 122
122 128
122 134
122 137
122 148
122 160
122 165
122 166
122 182
122 184
122 185
122 186
122 196
122 206
122 207
122 210
122 213
122 223
122 231
122 235
122 242
122 243
122 251
122 254
122 255
122 257
122 259
123 8
123 9
123 11
123 22
123 23
123 27
123 33
123 40
123 42
123 45
123 54
123 57
123 64
123 69
123 73
123 88
123 89
123 90
123 95
123 96
123 97
123 100
123 109
123 110
123 111
123 122
123 124
123 127
123 128
123 129
123 138
123 139
123 143
123 144
123 148
123 160
123 163
123 169
123 177
123 179
123 180
123 182
123 194
123 198
123 205
123 211
123 218
123 220
123 223
123 226
123 232
123 233
123 244
123 248
123 251
124 0
124 4
124 6
124 9
124 19
124 20
124 28
124 29
124 33
124 35
124 46
124 47
124 50
124 51
124 79
124 81
124 90
124 93
124 94
124 111
124 112
124 121
124 125
124 129
124 130
124 131
124 134
124 138
124 148
124 152
124 158
124 163
124 166
124 169
124 170
124 173
124 181
124 184
124 187
124 192
124 193
124 197
124 211
124 217
124 218
124 225
124 229
124 242
124 256
125 1
125 4
125 18
125 28
125 29
125 30
125 32
125 34
125 35
125 36
125 39
125 47
125 49
125 52
125 54
125 55
125 61
125 65
125 83
125 88
125 90
125 92
125 100
125 106
125 108
125 112
125 119
125 121
125 125
125 127
125 133
125 140
125 142
125 143
125 145
125 156
125 159
125 160
125 168
125 174
125 183
125 195
125 199
125 201
125 205
125 206
125 207
125 210
125 214
125 217
125 218
125 222
125 229
125 233
125 237
125 240
125 242
125 244
125 248
125 252
125 255
126 2
126 5
126 12
126 14
126 15
126 17
126 20
126 26
126 44
126 48
126 52
126 56
126 58
126 65
126 76
126 83
126 88
126 90
126 102
126 105
126 108
126 114
126 119
126 125
126 147
126 148
126 149
126 151
126 160
126 168
126 174
126 176
126 177
126 179
126 188
126 195
126 196
126 203
126 210
126 214
126 216
126 222
126 229
126 238
126 239
126 240
126 241
126 250
126 259
127 11
127 17
127 27
127 31
127 33
127 37
127 40
127 51
127 52
127 57
127 83
127 85
127 87
127 89
127 91
127 92
127 96
127 101
127 103
127 116
127 117
127 119
127 120
127 123
127 125
127 128
127 135
127 136
127 138
127 148
127 150
127 158
127 162
127 163
127 177
127 178
127 180
127 185
127 194
127 199
127 207
127 208
127 215
127 220
127 223
127 225
127 228
127 247
127 252
127 256
128 4
128 15
128 18
128 28
128 31
128 35
128 36
128 37
128 41
128 44
128 52
128 56
128 61
128 69
128 73
128 74
128 75
128 82
128 83
128 84
128 85
128 88
128 90
128 91
128 93
128 96
128 99
128 103
128 107
128 117
128 126
128 132
128 134
128 136
128 144
128 146
128 154
128 162
128 170
128 176
128 184
128 186
128 187
128 201
128 205
128 214
128 216
128 222
128 230
128 231
128 232
128 235
128 236
128 243
128 251
128 258
129 4
129 8
129 14
129 21
129 22
129 23
129 31
129 35
129 36
129 37
129 45
129 47
129 50
129 51
129 55
129 64
129 74
129 79
129 81
129 82
129 86
129 105
129 109
129 112
129 113
129 117
129 123
129 128
129 138
129 140
129 153
129 162
129 166
129 167
129 172
129 173
129 175
129 182
129 187
129 192
129 194
129 198
129 199
129 201
129 203
129 204
129 210
129 211
129 216
129 226
129 228
129 231
129 232
129 233
129 235
129 239
129 243
129 244
129 246
129 248
129 251
129 255
129 256
130 8
130 11
130 25
130 26
130 29
130 33
130 35
130 37
130 39
130 50
130 53
130 60
130 61
130 62
130 63
130 64
130 65
130 68
130 79
130 81
130 86
130 87
130 91
130 92
130 93
130 97
130 106
130 110
130 114
130 116
130 119
130 126
130 128
130 130
130 133
130 135
130 137
130 143
130 150
130 153
130 164
130 167
130 172
130 175
130 182
130 198
130 203
130 208
130 217
130 220
130 222
130 227
130 234
130 242
130 243
130 250
130 251
130 252
130 258
131 0
131 2
131 5
131 8
131 12
131 13
131 15
131 18
131 29
131 38
131 41
131 42
131 44
131 50
131 57
131 62
131 63
131 64
131 65
131 78
131 88
131 92
131 94
131 95
131 107
131 108
131 116
131 117
131 128
131 129
131 131
131 137
131 138
131 139
131 141
131 144
131 148
131 149
131 152
131 154
131 155
131 160
131 179
131 193
131 196
131 207
131 212
131 217
131 221
131 249
131 253
132 2
132 3
132 8
132 11
132 14
132 21
132 23
132 28
132 36
132 42
132 45
132 59
132 67
132 72
132 73
132 79
132 83
132 87
132 90
132 94
132 111
132 112
132 122
132 132
132 139
132 145
132 146
132 157
132 158
132 160
132 162
132 171
132 180
132 190
132 199
132 200
132 203
132 205
132 213
132 215
132 216
132 219
132 225
132 227
132 231
132 237
132 238
132 240
132 242
132 246
132 247
132 251
132 252
132 256
132 257
132 259
133 1
133 5
133 7
133 10
133 13
133 27
133 29
133 31
133 32
133 34
133 45
133 47
133 55
133 56
133 58
133 60
133 63
133 64
133 81
133 90
133 96
133 97
133 99
133 100
133 105
133 109
133 110
133 111
133 113
133 145
133 151
133 161
133 168
133 179
133 183
133 184
133 192
133 194
133 201
133 215
133 218
133 223
133 226
133 230
133 231
133 234
133 236
133 240
133 241
133 249
133 252
133 259
134 2
134 3
134 7
134 9
134 10
134 11
134 17
134 19
134 23
134 24
134 26
134 30
134 34
134 36
134 38
134 39
134 41
134 47
134 50
134 65
134 66
134 77
134 86
134 89
134 97
134 119
134 133
134 138
134 139
134 143
134 160
134 164
134 169
134 173
134 176
134 183
134 193
134 196
134 209
134 212
134 214
134 215
134 218
134 220
134 222
134 233
134 240
134 248
134 250
134 254
135 1
135 5
135 10
135 12
135 14
135 15
135 19
135 23
135 26
135 29
135 34
135 46
135 47
135 48
135 50
135 63
135 71
135 77
135 78
135 82
135 84
135 100
135 103
135 106
135 115
135 117
135 119
135 123
135 129
135 131
135 137
135 143
135 149
135 153
135 160
135 162
135 165
135 167
135 168
135 170
135 175
135 183
135 186
135 192
135 197
135 198
135 201
135 204
135 206
135 211
135 212
135 213
135 232
135 235
135 237
135 240
135 241
135 243
135 252
135 257
136 9
136 16
136 27
136 28
136 37
136 38
136 58
136 60
136 63
136 67
136 72
136 74
136 76
136 83
136 96
136 104
136 107
136 109
136 117
136 124
136 131
136 141
136 149
136 152
136 153
136 163
136 168
136 173
136 180
136 184
136 195
136 213
136 226
136 227
136 230
136 239
136 243
136 249
136 259
137 7
137 8
137 10
137 11
137 15
137 19
137 21
137 31
137 35
137 37
137 41
137 43
137 45
137 50
137 57
137 67
137 70
137 77
137 81
137 86
137 96
137 98
137 103
137 115
137 120
137 125
137 127
137 133
137 162
137 165
137 166
137 167
137 171
137 172
137 174
137 181
137 189
137 190
137 192
137 202
137 211
137 216
137 218
137 232
137 235
137 237
137 239
137 241
137 243
137 245
137 248
137 251
137 257
138 0
138 2
138 6
138 15
138 20
138 21
138 37
138 42
138 45
138 48
138 52
138 57
138 58
138 61
138 62
138 67
138 71
138 83
138 90
138 93
138 94
138 95
138 104
138 112
138 115
138 121
138 122
138 130
138 139
138 141
138 146
138 147
138 149
138 150
138 164
138 180
138 183
138 185
138 187
138 190
138 200
138 213
138 218
138 219
138 232
138 233
138 239
138 243
138 254
138 258
139 9
139 13
139 15
139 17
139 20
139 22
139 24
139 27
139 30
139 40
139 43
139 44
139 49
139 53
139 72
139 75
139 80
139 86
139 89
139 103
139 107
139 124
139 125
139 126
139 129
139 131
139 132
139 134
139 136
139 137
139 140
139 148
139 154
139 157
139 161
139 163
139 168
139 169
139 175
139 176
139 179
139 181
139 188
139 200
139 205
139 207
139 215
139 216
139 220
139 225
139 234
139 235
139 240
139 249
140 1
140 4
140 13
140 20
140 26
140 35
140 42
140 44
140 50
140 58
140 67
140 69
140 72
140 82
140 93
140 97
140 110
140 115
140 119
140 127
140 131
140 132
140 133
140 136
140 138
140 139
140 140
140 146
140 149
140 150
140 157
140 159
140 165
140 166
140 168
140 176
140 180
140 182
140 192
140 199
140 202
140 211
140 214
140 220
140 221
140 222
140 225
140 228
140 230
140 234
140 237
140 240
140 243
140 246
141 3
141 17
141 19
141 20
141 25
141 26
141 33
141 47
141 50
141 52
141 53
141 64
141 78
141 84
141 95
141 98
141 101
141 103
141 116
141 119
141 129
141 159
141 169
141 171
141 177
141 188
141 190
141 203
141 204
141 207
141 208
141 215
141 223
141 226
141 240
141 249
141 259
142 0
142 1
142 3
142 9
142 18
142 23
142 25
142 30
142 32
142 38
142 43
142 47
142 52
142 56
142 59
142 60
142 65
142 66
142 75
142 76
142 78
142 84
142 91
142 95
142 102
142 103
142 106
142 108
142 116
142 117
142 126
142 128
142 130
142 133
142 144
142 148
142 151
142 152
142 153
142 158
142 161
142 162
142 166
142 167
142 174
142 180
142 181
142 182
142 197
142 204
142 205
142 206
142 210
142 212
142 214
142 215
142 228
142 233
142 234
142 235
142 244
142 245
142 253
142 256
142 258
142 259
143 0
143 7
143 9
143 11
143 16
143 22
143 26
143 34
143 35
143 36
143 37
143 41
143 44
143 46
143 48
143 50
143 51
143 52
143 56
143 57
143 58
143 60
143 69
143 76
143 77
143 79
143 82
143 84
143 93
143 97
143 105
143 107
143 114
143 122
143 139
143 143
143 146
143 153
143 156
143 160
143 164
143 172
143 174
143 175
143 177
143 179
143 205
143 208
143 210
143 213
143 216
143 223
143 233
143 238
143 241
143 243
143 256
144 3
144 5
144 7
144 12
144 14
144 19
144 23
144 36
144 38
144 41
144 42
144 44
144 45
144 53
144 63
144 79
144 81
144 89
144 90
144 96
144 105
144 119
144 120
144 124
144 126
144 134
144 141
144 152
144 162
144 164
144 168
144 170
144 173
144 176
144 178
144 185
144 196
144 206
144 207
144 211
144 233
144 234
144 239
144 241
144 242
144 243
144 244
144 250
144 252
144 254
144 256
145 3
145 4
145 8
145 14
145 41
145 43
145 45
145 55
145 66
145 72
145 82
145 86
145 89
145 91
145 92
145 96
145 104
145 106
145 117
145 118
145 128
145 133
145 136
145 139
145 143
145 148
145 149
145 151
145 162
145 168
145 173
145 174
145 180
145 193
145 201
145 208
145 212
145 223
145 229
145 243
145 245
145 249
145 257
146 1
146 10
146 11
146 18
146 20
146 23
146 29
146 42
146 46
146 50
146 51
146 60
146 67
146 73
146 76
146 78
146 81
146 82
146 87
146 88
146 89
146 90
146 93
146 97
146 98
146 105
146 110
146 112
146 114
146 117
146 118
146 121
146 123
146 132
146 133
146 138
146 149
146 153
146 162
146 173
146 177
146 190
146 192
146 199
146 200
146 204
146 210
146 213
146 217
146 224
146 229
146 230
146 236
146 238
146 241
146 257
147 3
147 10
147 12
147 13
147 17
147 20
147 22
147 23
147 25
147 26
147 42
147 43
147 55
147 58
147 66
147 70
147 71
147 80
147 88
147 94
147 99
147 108
147 109
147 113
147 122
147 138
147 142
147 153
147 155
147 156
147 157
147 164
147 166
147 171
147 187
147 197
147 199
147 200
147 202
147 203
147 210
147 214
147 218
147 225
147 230
147 236
147 239
148 6
148 10
148 15
148 38
148 45
148 48
148 52
148 53
148 69
148 72
148 78
148 80
148 83
148 86
148 92
148 94
148 97
148 98
148 113
148 114
148 119
148 122
148 124
148 126
148 128
148 140
148 141
148 142
148 145
148 150
148 163
148 165
148 170
148 173
148 174
148 176
148 180
148 181
148 182
148 185
148 191
148 199
148 213
148 216
148 220
148 226
148 229
148 232
148 234
148 235
148 245
148 246
148 248
148 251
148 254
149 4
149 8
149 11
149 19
149 23
149 24
149 50
149 56
149 57
149 58
149 59
149 64
149 70
149 71
149 72
149 74
149 78
149 81
149 89
149 97
149 113
149 121
149 122
149 133
149 135
149 148
149 157
149 159
149 161
149 168
149 176
149 179
149 182
149 187
149 201
149 203
149 205
149 217
149 225
149 226
149 227
149 230
149 232
149 233
149 239
150 0
150 4
150 9
150 12
150 14
150 17
150 18
150 25
150 34
150 36
150 38
150 46
150 51
150 57
150 59
150 70
150 72
150 84
150 89
150 91
150 94
150 96
150 97
150 102
150 104
150 106
150 108
150 110
150 122
150 124
150 141
150 144
150 149
150 150
150 151
150 158
150 160
150 162
150 164
150 165
150 166
150 175
150 179
150 180
150 182
150 198
150 212
150 216
150 222
150 225
150 229
150 230
150 243
150 247
150 250
151 3
151 13
151 14
151 17
151 21
151 22
151 32
151 38
151 45
151 46
151 47
151 49
151 50
151 51
151 55
151 68
151 72
151 73
151 81
151 83
151 84
151 86
151 95
151 113
151 117
151 118
151 120
151 122
151 127
151 130
151 132
151 133
151 147
151 151
151 157
151 159
151 160
151 162
151 167
151 174
151 178
151 195
151 201
151 205
151 208
151 213
151 217
151 225
151 228
151 232
151 235
151 236
151 238
151 241
151 244
151 246
151 254
151 258
152 11
152 25
152 29
152 35
152 40
152 43
152 44
152 45
152 52
152 53
152 58
152 64
152 71
152 79
152 81
152 82
152 87
152 97
152 100
152 130
152 131
152 135
152 137
152 139
152 141
152 143
152 145
152 150
152 152
152 156
152 167
152 183
152 191
152 196
152 198
152 204
152 221
152 224
152 229
152 230
152 232
152 233
152 234
152 237
152 239
152 240
152 242
152 246
153 0
153 3
153 10
153 13
153 18
153 32
153 37
153 39
153 41
153 43
153 46
153 48
153 51
153 54
153 58
153 61
153 63
153 78
153 83
153 85
153 90
153 91
153 93
153 111
153 115
153 116
153 118
153 120
153 124
153 142
153 143
153 153
153 155
153 158
153 165
153 170
153 182
153 187
153 188
153 189
153 193
153 214
153 215
153 220
153 224
153 228
153 230
153 234
153 235
153 236
153 242
153 247
153 251
153 253
154 6
154 9
154 13
154 24
154 36
154 50
154 60
154 64
154 72
154 85
154 86
154 87
154 99
154 107
154 109
154 110
154 118
154 125
154 126
154 138
154 150
154 166
154 171
154 172
154 177
154 196
154 199
154 200
154 202
154 207
154 208
154 215
154 233
154 237
154 243
154 245
154 248
154 249
154 250
154 258
154 259
155 2
155 9
155 18
155 25
155 30
155 36
155 37
155 41
155 46
155 47
155 53
155 65
155 66
155 70
155 74
155 84
155 88
155 101
155 102
155 109
155 117
155 123
155 128
155 129
155 140
155 147
155 151
155 156
155 157
155 168
155 169
155 174
155 177
155 181
155 187
155 189
155 197
155 198
155 201
155 206
155 209
155 211
155 213
155 227
155 229
155 230
155 237
155 239
155 242
155 243
155 246
155 247
155 248
155 257
156 0
156 4
156 5
156 9
156 13
156 15
156 16
156 17
156 23
156 28
156 35
156 39
156 41
156 46
156 47
156 50
156 55
156 74
156 77
156 81
156 82
156 91
156 98
156 103
156 110
156 113
156 117
156 124
156 126
156 128
156 129
156 131
156 142
156 143
156 145
156 146
156 150
156 155
156 163
156 170
156 174
156 178
156 187
156 189
156 191
156 192
156 194
156 201
156 203
156 224
156 231
156 242
156 243
156 254
157 4
157 8
157 9
157 10
157 13
157 14
157 22
157 23
157 28
157 38
157 40
157 43
157 45
157 52
157 61
157 64
157 68
157 69
157 71
157 72
157 78
157 81
157 84
157 85
157 95
157 100
157 107
157 113
157 114
157 115
157 119
157 123
157 127
157 132
157 133
157 134
157 137
157 138
157 146
157 151
157 156
157 157
157 158
157 163
157 168
157 169
157 174
157 176
157 179
157 181
157 182
157 183
157 194
157 195
157 196
157 197
157 202
157 203
157 204
157 206
157 207
157 211
157 214
157 222
157 223
157 231
157 243
157 251
158 1
158 21
158 29
158 30
158 34
158 35
158 37
158 45
158 46
158 52
158 55
158 63
158 73
158 77
158 78
158 94
158 95
158 96
158 106
158 109
158 116
158 118
158 120
158 127
158 128
158 132
158 134
158 137
158 139
158 144
158 149
158 150
158 160
158 170
158 196
158 200
158 208
158 211
158 213
158 215
158 218
158 219
158 222
158 227
158 232
158 244
158 250
158 254
159 8
159 19
159 20
159 25
159 34
159 38
159 46
159 57
159 60
159 62
159 68
159 69
159 75
159 81
159 93
159 95
159 98
159 110
159 112
159 115
159 118
159 120
159 127
159 128
159 131
159 140
159 142
159 143
159 144
159 147
159 159
159 163
159 165
159 182
159 186
159 188
159 198
159 201
159 202
159 203
159 219
159 223
159 230
159 243
159 246
159 247
159 250
159 252
159 258
159 259
160 0
160 1
160 15
160 30
160 35
160 39
160 42
160 46
160 48
160 53
160 57
160 58
160 60
160 62
160 67
160 70
160 71
160 78
160 80
160 85
160 101
160 103
160 105
160 112
160 115
160 119
160 129
160 134
160 135
160 152
160 155
160 160
160 170
160 172
160 174
160 181
160 202
160 213
160 215
160 217
160 218
160 224
160 229
160 235
160 236
160 239
160 243
160 253
160 255
160 257
160 259
161 4
161 16
161 18
161 24
161 27
161 28
161 31
161 40
161 43
161 45
161 50
161 52
161 56
161 59
161 60
161 66
161 73
161 74
161 83
161 91
161 94
161 95
161 110
161 133
161 135
161 137
161 146
161 150
161 158
161 164
161 165
161 168
161 174
161 186
161 190
161 193
161 199
161 206
161 210
161 214
161 219
161 220
161 224
161 232
161 233
161 235
161 237
161 241
161 243
161 247
161 254
161 259
162 2
162 13
162 21
162 28
162 34
162 36
162 37
162 39
162 45
162 47
162 56
162 57
162 60
162 74
162 81
162 91
162 97
162 118
162 123
162 129
162 132
162 151
162 154
162 155
162 160
162 164
162 166
162 172
162 173
162 174
162 178
162 196
162 201
162 208
162 209
162 212
162 214
162 216
162 219
162 222
162 227
162 237
162 248
162 249
162 253
162 256
163 7
163 10
163 16
163 20
163 35
163 49
163 58
163 61
163 65
163 68
163 73
163 83
163 86
163 90
163 93
163 95
163 100
163 103
163 104
163 113
163 118
163 119
163 120
163 125
163 129
163 131
163 132
163 138
163 148
163 151
163 152
163 153
163 154
163 159
163 160
163 161
163 163
163 165
163 166
163 173
163 182
163 194
163 198
163 203
163 208
163 211
163 223
163 224
163 235
163 242
163 256
163 257
164 11
164 13
164 15
164 19
164 24
164 28
164 30
164 32
164 38
164 44
164 46
164 59
164 60
164 64
164 65
164 87
164 90
164 94
164 103
164 105
164 108
164 109
164 112
164 117
164 118
164 123
164 127
164 128
164 134
164 136
164 138
164 139
164 143
164 150
164 151
164 155
164 160
164 163
164 185
164 188
164 198
164 201
164 202
164 207
164 208
164 211
164 212
164 215
164 216
164 217
164 221
164 224
164 235
164 240
164 241
164 242
164 251
164 257
164 259
165 0
165 4
165 5
165 14
165 19
165 26
165 32
165 41
165 43
165 44
165 48
165 58
165 66
165 70
165 72
165 73
165 79
165 82
165 83
165 87
165 88
165 90
165 96
165 98
165 101
165 105
165 106
165 108
165 124
165 130
165 140
165 147
165 152
165 158
165 175
165 176
165 178
165 179
165 186
165 195
165 196
165 198
165 200
165 202
165 205
165 220
165 225
165 226
165 228
165 242
165 246
165 247
165 250
165 252
165 259
166 1
166 2
166 14
166 16
166 19
166 30
166 36
166 37
166 39
166 48
166 52
166 54
166 59
166 60
166 63
166 67
166 73
166 74
166 79
166 102
166 115
166 122
166 127
166 128
166 137
166 138
166 143
166 145
166 146
166 158
166 162
166 163
166 164
166 165
166 173
166 177
166 184
166 189
166 192
166 195
166 198
166 203
166 206
166 210
166 215
166 217
166 222
166 224
166 226
166 235
166 237
166 244
166 245
166 248
166 259
167 0
167 6
167 27
167 34
167 35
167 45
167 49
167 68
167 69
167 71
167 72
167 85
167 87
167 91
167 101
167 103
167 104
167 121
167 123
167 125
167 129
167 136
167 143
167 149
167 155
167 156
167 158
167 160
167 170
167 172
167 173
167 176
167 179
167 184
167 188
167 196
167 200
167 201
167 205
167 211
167 228
167 232
167 240
167 248
167 255
167 257
168 2
168 18
168 26
168 29
168 34
168 35
168 36
168 37
168 41
168 49
168 55
168 61
168 62
168 67
168 74
168 75
168 81
168 84
168 85
168 89
168 90
168 98
168 100
168 101
168 102
168 108
168 114
168 115
168 117
168 134
168 136
168 138
168 144
168 147
168 152
168 155
168 157
168 160
168 167
168 175
168 177
168 179
168 193
168 203
168 204
168 205
168 206
168 209
168 211
168 222
168 243
168 245
168 250
168 254
169 3
169 6
169 14
169 15
169 16
169 17
169 20
169 26
169 29
169 31
169 37
169 47
169 48
169 54
169 69
169 75
169 76
169 78
169 83
169 87
169 93
169 101
169 106
169 107
169 108
169 112
169 117
169 120
169 142
169 143
169 145
169 154
169 156
169 158
169 176
169 179
169 188
169 198
169 201
169 209
169 222
169 223
169 229
169 232
169 236
170 1
170 2
170 11
170 14
170 18
170 21
170 22
170 29
170 30
170 31
170 33
170 35
170 37
170 44
170 48
170 49
170 52
170 75
170 77
170 79
170 83
170 87
170 107
170 109
170 110
170 115
170 125
170 133
170 139
170 142
170 147
170 151
170 177
170 180
170 184
170 186
170 187
170 190
170 198
170 201
170 210
170 216
170 219
170 232
170 233
170 235
170 236
170 242
170 246
170 248
170 251
171 2
171 5
171 6
171 9
171 11
171 12
171 14
171 18
171 26
171 29
171 30
171 43
171 51
171 56
171 58
171 59
171 60
171 65
171 66
171 75
171 77
171 79
171 90
171 96
171 99
171 102
171 119
171 120
171 132
171 133
171 135
171 137
171 138
171 148
171 150
171 151
171 159
171 170
171 171
171 182
171 186
171 188
171 189
171 191
171 193
171 197
171 206
171 207
171 208
171 211
171 214
171 216
171 219
171 234
171 236
171 248
171 257
171 258
172 4
172 5
172 15
172 17
172 23
172 24
172 25
172 28
172 34
172 45
172 58
172 71
172 82
172 84
172 87
172 91
172 94
172 100
172 103
172 107
172 117
172 118
172 128
172 129
172 146
172 150
172 152
172 155
172 160
172 162
172 169
172 170
172 177
172 182
172 195
172 204
172 209
172 214
172 218
172 220
172 222
172 231
172 234
172 241
172 242
172 246
172 248
172 258
173 12
173 14
173 22
173 25
173 31
173 33
173 34
173 39
173 50
173 52
173 56
173 57
173 69
173 90
173 93
173 100
173 103
173 110
173 111
173 112
173 119
173 127
173 128
173 131
173 137
173 144
173 156
173 168
173 171
173 172
173 185
173 191
173 193
173 207
173 209
173 216
173 221
173 237
173 241
173 242
173 247
173 256
174 3
174 10
174 12
174 23
174 25
174 36
174 42
174 45
174 53
174 54
174 57
174 60
174 66
174 71
174 77
174 81
174 87
174 89
174 92
174 110
174 113
174 115
174 118
174 132
174 134
174 142
174 145
174 149
174 150
174 160
174 163
174 177
174 183
174 190
174 195
174 200
174 203
174 208
174 209
174 212
174 215
174 224
174 234
174 242
174 247
174 248
174 249
174 251
174 255
175 4
175 9
175 12
175 28
175 32
175 35
175 36
175 39
175 48
175 61
175 62
175 63
175 65
175 66
175 72
175 76
175 78
175 87
175 90
175 92
175 97
175 104
175 106
175 107
175 108
175 116
175 118
175 124
175 127
175 130
175 136
175 159
175 161
175 165
175 170
175 171
175 176
175 186
175 191
175 195
175 196
175 199
175 208
175 211
175 216
175 217
175 232
175 246
175 247
175 255
175 259
176 5
176 11
176 16
176 17
176 19
176 21
176 22
176 24
176 25
176 38
176 42
176 44
176 50
176 59
176 69
176 75
176 90
176 91
176 96
176 100
176 103
176 107
176 114
176 119
176 120
176 123
176 132
176 136
176 137
176 139
176 150
176 159
176 162
176 171
176 173
176 174
176 176
176 179
176 183
176 185
176 196
176 198
176 201
176 203
176 205
176 213
176 214
176 218
176 225
176 228
176 231
176 254
177 16
177 18
177 19
177 23
177 30
177 32
177 40
177 42
177 43
177 45
177 53
177 55
177 57
177 66
177 67
177 79
177 86
177 89
177 95
177 96
177 99
177 106
177 108
177 117
177 121
177 123
177 130
177 133
177 150
177 155
177 159
177 161
177 162
177 177
177 181
177 183
177 186
177 187
177 189
177 199
177 205
177 211
177 212
177 213
177 232
177 234
177 236
177 238
177 245
177 247
177 254
177 257
177 258
178 0
178 2
178 5
178 9
178 10
178 13
178 15
178 22
178 25
178 31
178 32
178 42
178 49
178 50
178 54
178 70
178 73
178 74
178 81
178 90
178 95
178 97
178 112
178 117
178 122
178 124
178 132
178 144
178 147
178 151
178 159
178 167
178 172
178 174
178 175
178 176
178 178
178 186
178 191
178 198
178 201
178 203
178 204
178 211
178 212
178 219
178 220
178 223
178 224
178 225
178 227
178 236
178 238
178 241
178 244
178 246
178 257
179 9
179 10
179 19
179 22
179 28
179 29
179 33
179 37
179 45
179 46
179 54
179 58
179 60
179 61
179 68
179 73
179 76
179 93
179 97
179 98
179 100
179 105
179 111
179 112
179 115
179 122
179 124
179 126
179 128
179 133
179 134
179 139
179 144
179 150
179 164
179 166
179 194
179 195
179 197
179 199
179 203
179 205
179 213
179 215
179 224
179 226
179 228
179 230
179 231
179 232
179 236
179 250
179 252
179 257
179 259
180 0
180 4
180 7
180 8
180 11
180 14
180 16
180 17
180 20
180 23
180 27
180 30
180 36
180 67
180 70
180 77
180 80
180 82
180 83
180 90
180 94
180 105
180 117
180 126
180 135
180 140
180 144
180 145
180 146
180 159
180 163
180 167
180 168
180 182
180 183
180 184
180 193
180 196
180 201
180 208
180 209
180 213
180 216
180 220
180 222
180 225
180 228
180 233
180 236
180 241
180 245
180 248
180 250
180 255
180 259
181 2
181 11
181 14
181 18
181 23
181 27
181 30
181 34
181 45
181 49
181 51
181 61
181 66
181 67
181 74
181 75
181 78
181 84
181 91
181 99
181 107
181 109
181 114
181 119
181 124
181 125
181 128
181 132
181 137
181 145
181 146
181 158
181 160
181 171
181 174
181 178
181 181
181 191
181 192
181 194
181 201
181 206
181 207
181 212
181 220
181 225
181 230
181 231
181 238
181 241
181 242
181 259
182 3
182 14
182 15
182 17
182 18
182 26
182 34
182 37
182 38
182 39
182 55
182 57
182 59
182 68
182 71
182 85
182 88
182 94
182 97
182 99
182 100
182 103
182 105
182 107
182 127
182 134
182 145
182 147
182 152
182 153
182 155
182 159
182 161
182 165
182 170
182 172
182 173
182 195
182 204
182 208
182 210
182 217
182 220
182 221
182 222
182 229
182 233
182 237
182 241
182 245
182 247
182 252
182 257
183 2
183 10
183 14
183 15
183 17
183 20
183 27
183 31
183 35
183 36
183 46
183 50
183 58
183 69
183 87
183 96
183 102
183 112
183 121
183 123
183 126
183 140
183 149
183 155
183 162
183 169
183 174
183 177
183 181
183 204
183 205
183 206
183 210
183 217
183 230
183 231
183 234
183 236
183 242
183 246
183 248
184 0
184 1
184 2
184 9
184 19
184 21
184 31
184 32
184 36
184 37
184 39
184 44
184 67
184 70
184 72
184 74
184 78
184 84
184 88
184 105
184 110
184 113
184 115
184 119
184 121
184 126
184 127
184 128
184 129
184 134
184 135
184 138
184 143
184 147
184 150
184 156
184 164
184 169
184 170
184 178
184 179
184 180
184 190
184 198
184 201
184 202
184 206
184 209
184 210
184 211
184 212
184 216
184 217
184 223
184 224
184 225
184 239
184 245
184 246
184 249
184 257
184 259
185 2
185 25
185 40
185 43
185 53
185 55
185 57
185 59
185 60
185 61
185 63
185 73
185 75
185 80
185 82
185 86
185 89
185 101
185 102
185 104
185 105
185 120
185 127
185 129
185 131
185 134
185 135
185 142
185 146
185 147
185 152
185 155
185 158
185 176
185 177
185 183
185 186
185 187
185 189
185 199
185 204
185 207
185 209
185 211
185 218
185 227
185 232
185 248
185 253
186 0
186 5
186 12
186 15
186 22
186 25
186 26
186 32
186 34
186 35
186 39
186 43
186 55
186 80
186 82
186 86
186 87
186 88
186 89
186 91
186 99
186 100
186 112
186 120
186 127
186 128
186 133
186 135
186 136
186 147
186 150
186 160
186 164
186 166
186 172
186 174
186 178
186 187
186 188
186 190
186 193
186 202
186 208
186 225
186 226
186 247
186 256
186 257
187 2
187 9
187 13
187 14
187 19
187 21
187 22
187 23
187 31
187 44
187 45
187 58
187 59
187 62
187 80
187 84
187 85
187 93
187 101
187 105
187 110
187 114
187 126
187 138
187 140
187 142
187 146
187 148
187 157
187 166
187 180
187 189
187 192
187 196
187 211
187 212
187 217
187 223
187 230
187 233
187 244
187 246
187 251
187 255
187 256
187 258
188 14
188 21
188 27
188 30
188 39
188 41
188 43
188 44
188 46
188 50
188 51
188 56
188 69
188 76
188 79
188 81
188 90
188 91
188 104
188 109
188 111
188 112
188 120
188 125
188 127
188 129
188 132
188 133
188 134
188 139
188 140
188 141
188 142
188 154
188 156
188 177
188 182
188 192
188 198
188 207
188 211
188 213
188 215
188 220
188 228
188 229
188 234
188 249
188 259
189 2
189 5
189 20
189 32
189 35
189 42
189 44
189 46
189 74
189 75
189 80
189 88
189 91
189 93
189 100
189 101
189 103
189 115
189 123
189 125
189 126
189 135
189 140
189 142
189 146
189 151
189 160
189 162
189 170
189 176
189 181
189 186
189 187
189 191
189 193
189 199
189 203
189 204
189 216
189 220
189 221
189 224
189 227
189 228
189 229
189 244
189 245
189 247
189 254
190 5
190 16
190 19
190 20
190 21
190 23
190 27
190 33
190 36
190 38
190 41
190 43
190 47
190 48
190 49
190 53
190 54
190 55
190 57
190 65
190 67
190 75
190 76
190 97
190 104
190 107
190 110
190 111
190 119
190 122
190 123
190 133
190 134
190 140
190 144
190 145
190 153
190 155
190 160
190 162
190 163
190 164
190 168
190 169
190 176
190 178
190 180
190 181
190 206
190 207
190 208
190 209
190 224
190 240
190 246
190 250
190 254
191 5
191 16
191 26
191 29
191 34
191 35
191 36
191 37
191 47
191 48
191 50
191 59
191 61
191 70
191 71
191 76
191 121
191 122
191 123
191 134
191 145
191 147
191 158
191 160
191 161
191 165
191 172
191 180
191 183
191 186
191 188
191 197
191 199
191 200
191 204
191 206
191 207
191 208
191 209
191 223
191 228
191 246
191 247
191 253
191 258
192 1
192 5
192 7
192 14
192 16
192 19
192 21
192 26
192 32
192 35
192 46
192 54
192 58
192 62
192 70
192 81
192 82
192 86
192 93
192 98
192 102
192 103
192 107
192 114
192 116
192 119
192 122
192 129
192 138
192 139
192 140
192 144
192 149
192 152
192 156
192 159
192 163
192 179
192 184
192 189
192 198
192 227
192 231
192 237
192 242
192 251
192 253
193 2
193 4
193 10
193 19
193 21
193 27
193 34
193 38
193 45
193 49
193 55
193 67
193 71
193 73
193 76
193 77
193 81
193 87
193 90
193 98
193 99
193 105
193 107
193 109
193 113
193 114
193 121
193 124
193 126
193 129
193 134
193 139
193 145
193 148
193 152
193 155
193 157
193 165
193 166
193 176
193 181
193 188
193 189
193 191
193 192
193 193
193 196
193 198
193 201
193 210
193 217
193 221
193 224
193 236
193 240
193 241
193 256
194 0
194 12
194 14
194 15
194 22
194 24
194 28
194 38
194 42
194 48
194 56
194 58
194 69
194 70
194 71
194 78
194 95
194 97
194 99
194 101
194 113
194 124
194 128
194 139
194 140
194 144
194 149
194 151
194 155
194 157
194 171
194 185
194 191
194 200
194 204
194 209
194 215
194 224
194 231
194 232
194 240
194 247
194 250
194 254
195 3
195 6
195 14
195 17
195 28
195 30
195 34
195 36
195 37
195 42
195 45
195 46
195 52
195 66
195 69
195 75
195 76
195 80
195 85
195 91
195 95
195 96
195 98
195 106
195 113
195 115
195 116
195 120
195 124
195 130
195 131
195 133
195 134
195 135
195 140
195 142
195 146
195 150
195 152
195 154
195 163
195 168
195 174
195 176
195 194
195 197
195 205
195 206
195 212
195 213
195 218
195 224
195 226
195 227
195 228
195 242
195 244
195 245
195 253
195 259
196 1
196 8
196 11
196 13
196 16
196 20
196 25
196 26
196 31
196 41
196 47
196 58
196 60
196 61
196 69
196 70
196 74
196 80
196 82
196 86
196 89
196 105
196 110
196 115
196 119
196 120
196 128
196 132
196 135
196 137
196 147
196 155
196 158
196 162
196 164
196 165
196 173
196 177
196 188
196 189
196 190
196 192
196 195
196 201
196 207
196 217
196 219
196 220
196 221
196 227
196 238
196 242
196 243
196 249
196 256
197 4
197 7
197 13
197 14
197 15
197 16
197 18
197 23
197 29
197 32
197 38
197 39
197 41
197 52
197 57
197 58
197 62
197 68
197 70
197 79
197 86
197 95
197 113
197 119
197 126
197 142
197 147
197 153
197 155
197 159
197 163
197 174
197 181
197 199
197 202
197 206
197 210
197 214
197 215
197 216
197 228
197 232
197 240
197 241
197 243
197 257
197 259
198 1
198 10
198 15
198 18
198 20
198 23
198 25
198 26
198 29
198 35
198 45
198 47
198 53
198 54
198 55
198 59
198 63
198 66
198 71
198 72
198 100
198 103
198 107
198 109
198 116
198 120
198 124
198 125
198 138
198 141
198 149
198 152
198 157
198 160
198 161
198 165
198 170
198 175
198 183
198 185
198 188
198 189
198 190
198 194
198 195
198 199
198 208
198 219
198 228
198 238
198 243
198 248
198 249
198 253
199 8
199 9
199 17
199 18
199 27
199 28
199 36
199 39
199 47
199 48
199 51
199 57
199 58
199 60
199 69
199 77
199 79
199 86
199 89
199 91
199 99
199 102
199 104
199 105
199 109
199 110
199 120
199 123
199 124
199 161
199 164
199 169
199 175
199 183
199 188
199 192
199 194
199 196
199 211
199 220
199 233
199 236
199 248
199 249
199 253
199 254
200 1
200 5
200 7
200 9
200 12
200 20
200 23
200 24
200 30
200 34
200 35
200 37
200 42
200 47
200 50
200 71
200 73
200 86
200 89
200 97
200 103
200 105
200 106
200 113
200 118
200 123
200 127
200 131
200 133
200 137
200 139
200 141
200 146
200 151
200 155
200 159
200 163
200 167
200 169
200 176
200 182
200 183
200 187
200 188
200 191
200 196
200 197
200 198
200 204
200 208
200 210
200 211
200 215
200 216
200 218
200 227
200 228
200 232
200 233
200 235
200 236
200 241
200 244
200 253
200 255
200 258
201 12
201 14
201 19
201 21
201 24
201 26
201 27
201 30
201 31
201 32
201 35
201 38
201 41
201 47
201 48
201 50
201 54
201 66
201 85
201 88
201 89
201 90
201 91
201 94
201 98
201 110
201 113
201 130
201 136
201 139
201 148
201 150
201 154
201 158
201 161
201 162
201 164
201 165
201 166
201 174
201 176
201 178
201 179
201 180
201 184
201 190
201 196
201 205
201 207
201 209
201 213
201 215
201 217
201 220
201 223
201 226
201 228
201 230
201 232
201 234
201 242
201 247
201 251
201 252
202 0
202 1
202 5
202 11
202 14
202 19
202 34
202 43
202 49
202 60
202 79
202 84
202 86
202 87
202 90
202 101
202 105
202 112
202 116
202 117
202 126
202 127
202 134
202 138
202 140
202 146
202 149
202 151
202 153
202 156
202 162
202 167
202 168
202 169
202 173
202 181
202 188
202 195
202 199
202 203
202 208
202 209
202 213
202 217
202 224
202 226
202 232
202 233
202 236
203 3
203 5
203 6
203 12
203 20
203 23
203 26
203 52
203 56
203 58
203 67
203 75
203 88
203 96
203 99
203 103
203 113
203 133
203 139
203 148
203 151
203 156
203 162
203 164
203 176
203 177
203 180
203 193
203 201
203 203
203 205
203 209
203 210
203 216
203 221
203 224
203 231
203 235
203 246
203 247
203 254
204 4
204 8
204 11
204 13
204 15
204 20
204 24
204 26
204 28
204 33
204 35
204 36
204 37
204 38
204 40
204 41
204 49
204 54
204 60
204 61
204 63
204 70
204 72
204 73
204 75
204 80
204 84
204 89
204 92
204 93
204 95
204 97
204 98
204 100
204 106
204 119
204 121
204 126
204 134
204 138
204 140
204 141
204 146
204 158
204 163
204 166
204 168
204 183
204 187
204 188
204 195
204 197
204 206
204 209
204 212
204 219
204 227
204 228
204 232
204 233
204 234
204 237
204 239
204 243
204 247
204 250
204 257
205 0
205 2
205 7
205 29
205 39
205 41
205 44
205 45
205 52
205 53
205 60
205 61
205 64
205 65
205 68
205 92
205 120
205 126
205 130
205 156
205 162
205 165
205 173
205 188
205 198
205 207
205 209
205 211
205 217
205 219
205 220
205 223
205 226
205 233
205 239
205 244
205 246
205 251
205 254
205 258
206 2
206 3
206 9
206 21
206 23
206 24
206 26
206 35
206 38
206 41
206 43
206 49
206 52
206 53
206 63
206 68
206 70
206 75
206 78
206 91
206 92
206 96
206 101
206 103
206 105
206 109
206 110
206 119
206 123
206 132
206 135
206 138
206 142
206 145
206 148
206 152
206 160
206 161
206 165
206 167
206 168
206 171
206 173
206 178
206 179
206 181
206 187
206 188
206 191
206 192
206 197
206 198
206 199
206 211
206 218
206 226
206 235
206 236
206 240
206 245
206 247
206 249
206 251
206 253
206 256
206 257
206 258
207 2
207 8
207 10
207 16
207 19
207 20
207 24
207 43
207 44
207 49
207 58
207 59
207 63
207 69
207 72
207 77
207 83
207 85
207 86
207 88
207 90
207 97
207 102
207 104
207 112
207 116
207 135
207 140
207 142
207 145
207 151
207 152
207 153
207 164
207 175
207 183
207 185
207 200
207 229
207 241
207 243
207 251
207 252
207 253
207 255
208 1
208 6
208 7
208 15
208 21
208 22
208 25
208 27
208 28
208 29
208 32
208 38
208 41
208 46
208 54
208 64
208 72
208 73
208 83
208 84
208 88
208 95
208 99
208 107
208 108
208 109
208 111
208 112
208 113
208 126
208 137
208 141
208 147
208 148
208 149
208 154
208 158
208 160
208 162
208 170
208 178
208 183
208 187
208 190
208 200
208 214
208 218
208 220
208 227
208 244
208 259
209 9
209 11
209 16
209 28
209 34
209 43
209 46
209 59
209 61
209 73
209 80
209 87
209 90
209 100
209 102
209 106
209 111
209 120
209 124
209 127
209 133
209 135
209 136
209 143
209 156
209 157
209 168
209 179
209 180
209 182
209 184
209 190
209 201
209 206
209 207
209 209
209 212
209 213
209 214
209 218
209 222
209 226
209 227
209 228
209 230
209 235
209 237
209 240
209 249
210 0
210 2
210 6
210 10
210 11
210 14
210 22
210 27
210 30
210 31
210 33
210 35
210 55
210 56
210 61
210 67
210 70
210 77
210 78
210 81
210 88
210 90
210 92
210 102
210 114
210 115
210 119
210 124
210 131
210 141
210 142
210 146
210 148
210 155
210 156
210 158
210 159
210 160
210 165
210 166
210 175
210 192
210 193
210 200
210 204
210 221
210 224
210 244
210 251
211 2
211 3
211 8
211 13
211 17
211 22
211 31
211 38
211 42
211 47
211 51
211 55
211 65
211 71
211 77
211 80
211 87
211 92
211 93
211 96
211 100
211 102
211 103
211 104
211 105
211 110
211 112
211 114
211 125
211 131
211 134
211 140
211 142
211 144
211 146
211 148
211 159
211 160
211 161
211 167
211 169
211 186
211 188
211 190
211 191
211 198
211 202
211 207
211 208
211 221
211 247
211 250
212 7
212 8
212 11
212 22
212 24
212 27
212 28
212 31
212 36
212 38
212 39
212 41
212 52
212 53
212 55
212 56
212 62
212 63
212 74
212 75
212 76
212 79
212 81
212 82
212 85
212 87
212 88
212 92
212 96
212 103
212 112
212 114
212 116
212 118
212 127
212 130
212 131
212 144
212 151
212 156
212 164
212 172
212 179
212 180
212 181
212 187
212 195
212 198
212 210
212 212
212 215
212 219
212 221
212 223
212 231
212 237
212 240
212 242
212 244
212 250
212 253
213 4
213 6
213 11
213 16
213 42
213 58
213 59
213 74
213 76
213 80
213 86
213 88
213 90
213 96
213 99
213 102
213 104
213 111
213 118
213 130
213 135
213 136
213 139
213 147
213 148
213 151
213 152
213 161
213 163
213 168
213 170
213 177
213 179
213 180
213 182
213 187
213 188
213 192
213 193
213 198
213 202
213 211
213 212
213 214
213 220
213 224
213 236
213 240
213 242
213 243
213 245
213 249
213 250
213 251
213 254
213 259
214 2
214 3
214 6
214 11
214 12
214 14
214 15
214 17
214 32
214 33
214 35
214 37
214 41
214 44
214 49
214 61
214 66
214 72
214 73
214 77
214 84
214 89
214 90
214 94
214 98
214 109
214 110
214 114
214 123
214 133
214 147
214 159
214 162
214 173
214 175
214 177
214 181
214 186
214 188
214 195
214 200
214 201
214 208
214 215
214 220
214 223
214 227
214 234
214 243
214 251
214 253
215 2
215 4
215 5
215 7
215 11
215 14
215 16
215 19
215 23
215 24
215 35
215 38
215 43
215 45
215 50
215 54
215 55
215 57
215 67
215 71
215 76
215 84
215 86
215 87
215 92
215 96
215 97
215 98
215 100
215 109
215 111
215 118
215 119
215 123
215 129
215 139
215 141
215 142
215 150
215 151
215 156
215 161
215 162
215 166
215 167
215 177
215 190
215 200
215 203
215 204
215 208
215 209
215 210
215 213
215 218
215 224
215 225
215 226
215 229
215 235
215 236
215 248
216 6
216 12
216 23
216 28
216 36
216 41
216 44
216 45
216 47
216 58
216 60
216 66
216 76
216 78
216 79
216 80
216 85
216 86
216 94
216 98
216 116
216 130
216 132
216 145
216 148
216 154
216 159
216 175
216 184
216 188
216 193
216 204
216 206
216 211
216 217
216 219
216 220
216 223
216 230
216 236
216 237
216 247
216 249
216 255
216 257
217 4
217 9
217 10
217 15
217 23
217 27
217 37
217 39
217 45
217 46
217 54
217 56
217 58
217 62
217 65
217 69
217 72
217 73
217 74
217 77
217 82
217 96
217 99
217 102
217 104
217 105
217 128
217 129
217 130
217 134
217 140
217 142
217 146
217 158
217 162
217 180
217 181
217 183
217 194
217 201
217 203
217 204
217 205
217 209
217 210
217 214
217 224
217 229
217 233
217 246
217 248
218 1
218 2
218 4
218 12
218 15
218 19
218 27
218 29
218 30
218 32
218 34
218 35
218 44
218 56
218 59
218 73
218 74
218 78
218 87
218 95
218 96
218 99
218 115
218 119
218 125
218 130
218 133
218 137
218 140
218 151
218 157
218 162
218 168
218 176
218 180
218 188
218 189
218 195
218 219
218 223
218 231
218 235
218 239
218 241
218 243
218 255
218 258
219 7
219 10
219 12
219 15
219 37
219 39
219 42
219 59
219 65
219 73
219 76
219 82
219 83
219 86
219 91
219 95
219 96
219 99
219 115
219 117
219 126
219 129
219 131
219 141
219 145
219 149
219 150
219 154
219 163
219 164
219 171
219 172
219 182
219 190
219 201
219 203
219 214
219 218
219 219
219 222
219 225
219 226
219 228
219 241
219 248
219 249
219 257
219 258
220 3
220 5
220 6
220 13
220 26
220 30
220 40
220 43
220 47
220 51
220 55
220 57
220 62
220 72
220 79
220 85
220 87
220 93
220 101
220 106
220 113
220 122
220 123
220 128
220 129
220 132
220 134
220 136
220 139
220 142
220 143
220 151
220 153
220 155
220 156
220 159
220 163
220 166
220 169
220 172
220 183
220 186
220 188
220 191
220 192
220 196
220 199
220 204
220 206
220 209
220 212
220 216
220 217
220 219
220 221
220 225
220 243
220 249
220 252
220 256
220 258
221 2
221 3
221 6
221 10
221 12
221 14
221 16
221 23
221 28
221 34
221 37
221 38
221 44
221 50
221 60
221 61
221 69
221 70
221 72
221 80
221 99
221 108
221 110
221 112
221 113
221 119
221 128
221 137
221 147
221 154
221 155
221 169
221 170
221 172
221 174
221 175
221 181
221 182
221 188
221 195
221 200
221 209
221 210
221 235
221 244
221 248
221 255
222 3
222 10
222 11
222 15
222 18
222 19
222 22
222 24
222 29
222 31
222 35
222 37
222 42
222 47
222 49
222 50
222 55
222 62
222 65
222 69
222 76
222 80
222 84
222 88
222 90
222 96
222 99
222 108
222 111
222 113
222 117
222 119
222 121
222 127
222 131
222 132
222 133
222 138
222 139
222 144
222 149
222 152
222 153
222 155
222 166
222 167
222 185
222 189
222 195
222 200
222 203
222 210
222 212
222 214
222 225
222 226
222 228
222 231
222 232
222 239
222 243
222 250
222 253
222 254
222 257
223 1
223 7
223 9
223 12
223 14
223 16
223 19
223 21
223 22
223 23
223 29
223 33
223 34
223 38
223 39
223 50
223 51
223 54
223 58
223 60
223 62
223 63
223 72
223 77
223 88
223 92
223 94
223 100
223 115
223 123
223 154
223 156
223 157
223 165
223 177
223 178
223 179
223 187
223 188
223 191
223 194
223 198
223 200
223 201
223 208
223 210
223 227
223 232
223 237
223 239
223 241
223 242
223 244
223 250
224 1
224 8
224 20
224 26
224 31
224 34
224 39
224 43
224 46
224 50
224 51
224 53
224 66
224 69
224 71
224 76
224 77
224 78
224 85
224 86
224 90
224 95
224 104
224 107
224 112
224 123
224 124
224 126
224 133
224 136
224 140
224 142
224 154
224 160
224 161
224 164
224 167
224 171
224 175
224 179
224 183
224 186
224 194
224 196
224 205
224 206
224 208
224 210
224 212
224 213
224 223
224 234
224 240
224 243
224 245
224 250
225 6
225 11
225 20
225 30
225 34
225 40
225 44
225 63
225 64
225 69
225 70
225 72
225 74
225 77
225 89
225 93
225 99
225 102
225 103
225 127
225 128
225 134
225 135
225 149
225 150
225 158
225 162
225 164
225 170
225 176
225 182
225 189
225 192
225 197
225 200
225 204
225 208
225 209
225 217
225 221
225 225
225 226
225 229
225 235
225 238
225 240
225 246
225 247
225 249
225 250
225 252
225 258
225 259
226 0
226 12
226 15
226 16
226 21
226 25
226 26
226 28
226 35
226 39
226 49
226 55
226 58
226 69
226 70
226 73
226 75
226 76
226 81
226 85
226 87
226 89
226 95
226 101
226 118
226 121
226 122
226 127
226 130
226 132
226 134
226 135
226 137
226 139
226 144
226 150
226 152
226 158
226 159
226 163
226 165
226 169
226 175
226 178
226 180
226 181
226 192
226 199
226 200
226 206
226 208
226 211
226 213
226 215
226 218
226 231
226 239
226 245
226 252
226 253
226 259
227 5
227 6
227 7
227 12
227 14
227 15
227 21
227 25
227 31
227 32
227 33
227 34
227 37
227 40
227 41
227 56
227 59
227 63
227 68
227 69
227 78
227 82
227 95
227 96
227 97
227 99
227 104
227 109
227 114
227 117
227 119
227 121
227 122
227 128
227 134
227 136
227 143
227 144
227 145
227 150
227 167
227 172
227 177
227 186
227 192
227 203
227 205
227 216
227 218
227 223
227 229
227 239
227 240
227 247
227 250
227 253
227 254
228 18
228 34
228 35
228 40
228 50
228 55
228 56
228 60
228 62
228 64
228 67
228 81
228 86
228 88
228 89
228 90
228 100
228 107
228 110
228 117
228 118
228 120
228 122
228 123
228 140
228 147
228 149
228 151
228 152
228 153
228 154
228 166
228 167
228 169
228 173
228 180
228 185
228 192
228 196
228 206
228 208
228 211
228 212
228 216
228 217
228 220
228 222
228 223
228 228
228 230
228 235
228 240
228 252
228 257
229 6
229 14
229 16
229 18
229 26
229 33
229 40
229 41
229 47
229 49
229 68
229 69
229 71
229 77
229 81
229 83
229 86
229 95
229 97
229 105
229 111
229 122
229 129
229 141
229 142
229 143
229 146
229 150
229 152
229 154
229 159
229 164
229 172
229 185
229 188
229 191
229 194
229 195
229 196
229 197
229 208
229 214
229 218
229 221
229 223
229 226
229 229
229 233
229 239
229 242
229 245
229 246
229 251
229 252
229 254
229 255
230 2
230 9
230 10
230 11
230 19
230 21
230 26
230 31
230 32
230 47
230 64
230 67
230 68
230 69
230 72
230 73
230 91
230 96
230 104
230 112
230 131
230 133
230 145
230 150
230 156
230 159
230 162
230 166
230 175
230 177
230 182
230 184
230 187
230 188
230 190
230 196
230 199
230 200
230 204
230 206
230 210
230 211
230 221
230 223
230 227
230 233
230 234
230 240
230 247
230 248
230 249
230 256
231 7
231 16
231 18
231 28
231 29
231 40
231 42
231 59
231 63
231 66
231 69
231 78
231 82
231 87
231 91
231 109
231 121
231 126
231 129
231 151
231 152
231 153
231 156
231 159
231 161
231 170
231 175
231 177
231 178
231 181
231 193
231 194
231 195
231 197
231 208
231 220
231 233
231 234
231 238
232 5
232 19
232 23
232 26
232 32
232 50
232 55
232 64
232 67
232 70
232 75
232 79
232 84
232 89
232 91
232 111
232 124
232 127
232 131
232 132
232 137
232 143
232 144
232 147
232 161
232 166
232 167
232 172
232 180
232 187
232 189
232 192
232 195
232 204
232 206
232 222
232 231
232 233
232 239
232 244
232 257
233 4
233 9
233 14
233 20
233 23
233 28
233 39
233 40
233 41
233 43
233 45
233 48
233 50
233 51
233 55
233 56
233 57
233 58
233 59
233 61
233 70
233 76
233 82
233 83
233 84
233 85
233 86
233 88
233 89
233 92
233 98
233 107
233 108
233 121
233 124
233 125
233 128
233 130
233 132
233 139
233 142
233 143
233 144
233 145
233 155
233 162
233 169
233 170
233 183
233 191
233 197
233 201
233 203
233 205
233 210
233 216
233 219
233 224
233 225
233 226
233 227
233 235
233 239
233 244
233 247
233 251
233 252
233 253
233 254
234 8
234 13
234 14
234 32
234 38
234 40
234 52
234 53
234 55
234 57
234 59
234 67
234 70
234 71
234 80
234 81
234 91
234 93
234 95
234 97
234 101
234 117
234 129
234 136
234 143
234 145
234 149
234 155
234 160
234 164
234 168
234 180
234 181
234 183
234 191
234 194
234 197
234 200
234 216
234 219
234 222
234 227
234 233
234 236
234 240
234 243
234 245
234 247
234 251
234 255
234 259
235 13
235 18
235 20
235 26
235 33
235 37
235 38
235 45
235 53
235 56
235 57
235 58
235 67
235 74
235 75
235 87
235 112
235 117
235 119
235 126
235 133
235 136
235 137
235 146
235 148
235 158
235 160
235 163
235 167
235 169
235 174
235 180
235 181
235 183
235 185
235 188
235 204
235 207
235 212
235 213
235 214
235 216
235 219
235 228
235 230
235 237
235 238
235 242
235 247
235 256
236 3
236 9
236 13
236 14
236 19
236 21
236 26
236 32
236 34
236 43
236 44
236 50
236 53
236 61
236 63
236 67
236 68
236 69
236 72
236 79
236 88
236 89
236 98
236 107
236 108
236 114
236 116
236 117
236 118
236 119
236 128
236 131
236 136
236 142
236 151
236 178
236 186
236 191
236 195
236 198
236 199
236 203
236 208
236 209
236 219
236 221
236 226
236 230
237 4
237 7
237 9
237 12
237 15
237 20
237 22
237 24
237 25
237 29
237 34
237 36
237 37
237 40
237 50
237 55
237 57
237 62
237 63
237 67
237 70
237 73
237 77
237 78
237 81
237 87
237 89
237 110
237 125
237 140
237 141
237 155
237 156
237 161
237 164
237 172
237 175
237 176
237 181
237 184
237 187
237 188
237 191
237 194
237 197
237 206
237 208
237 215
237 217
237 225
237 231
237 243
237 249
237 250
237 256
238 8
238 9
238 18
238 20
238 23
238 39
238 40
238 44
238 46
238 47
238 48
238 52
238 53
238 60
238 64
238 79
238 81
238 83
238 89
238 94
238 107
238 109
238 113
238 121
238 125
238 129
238 130
238 132
238 133
238 139
238 142
238 144
238 148
238 150
238 151
238 172
238 176
238 177
238 181
238 182
238 183
238 185
238 202
238 207
238 208
238 209
238 211
238 216
238 225
238 226
238 231
238 235
238 236
238 242
238 243
238 245
238 251
238 252
238 254
238 259
239 4
239 7
239 8
239 14
239 15
239 35
239 36
239 37
239 38
239 40
239 41
239 43
239 46
239 49
239 52
239 53
239 62
239 66
239 68
239 76
239 81
239 84
239 88
239 94
239 96
239 105
239 112
239 114
239 120
239 121
239 123
239 134
239 144
239 145
239 151
239 152
239 157
239 160
239 161
239 163
239 165
239 167
239 168
239 183
239 185
239 188
239 190
239 192
239 197
239 226
239 228
239 237
239 240
239 241
239 246
239 247
239 250
240 13
240 18
240 20
240 23
240 26
240 35
240 36
240 53
240 55
240 62
240 70
240 72
240 73
240 86
240 87
240 92
240 97
240 98
240 99
240 108
240 120
240 126
240 136
240 138
240 142
240 150
240 153
240 158
240 162
240 164
240 167
240 177
240 178
240 179
240 184
240 185
240 189
240 193
240 196
240 199
240 201
240 208
240 213
240 220
240 222
240 226
240 228
240 233
240 236
240 239
240 243
240 244
240 249
241 7
241 8
241 12
241 22
241 26
241 46
241 54
241 62
241 71
241 80
241 98
241 103
241 105
241 108
241 111
241 115
241 116
241 120
241 122
241 125
241 129
241 132
241 133
241 137
241 140
241 142
241 148
241 157
241 160
241 162
241 168
241 170
241 174
241 183
241 197
241 198
241 216
241 219
241 224
241 225
241 232
241 237
241 252
241 253
242 6
242 19
242 22
242 31
242 32
242 33
242 41
242 44
242 48
242 49
242 56
242 57
242 69
242 72
242 73
242 84
242 85
242 86
242 112
242 115
242 123
242 124
242 127
242 129
242 132
242 136
242 137
242 151
242 155
242 156
242 158
242 165
242 170
242 177
242 179
242 191
242 193
242 196
242 197
242 207
242 209
242 211
242 213
242 221
242 225
242 228
242 239
242 246
242 248
242 257
243 1
243 6
243 12
243 16
243 23
243 28
243 31
243 32
243 33
243 34
243 36
243 40
243 52
243 57
243 58
243 70
243 74
243 92
243 97
243 98
243 100
243 104
243 106
243 109
243 110
243 116
243 117
243 118
243 123
243 139
243 143
243 144
243 149
243 167
243 190
243 191
243 194
243 198
243 200
243 209
243 213
243 233
243 238
243 246
243 256
243 258
244 0
244 1
244 2
244 4
244 11
244 14
244 18
244 22
244 24
244 25
244 28
244 30
244 36
244 37
244 44
244 45
244 47
244 56
244 60
244 61
244 66
244 89
244 91
244 102
244 104
244 105
244 107
244 108
244 119
244 126
244 127
244 132
244 134
244 142
244 145
244 152
244 164
244 173
244 176
244 185
244 190
244 195
244 208
244 211
244 212
244 214
244 231
244 232
244 246
245 9
245 12
245 16
245 24
245 29
245 37
245 40
245 54
245 56
245 58
245 62
245 64
245 69
245 75
245 77
245 87
245 90
245 98
245 103
245 104
245 113
245 119
245 122
245 130
245 145
245 160
245 166
245 172
245 173
245 176
245 177
245 179
245 180
245 183
245 184
245 212
245 213
245 226
245 228
245 230
245 234
245 235
245 236
245 241
245 246
245 247
245 249
245 258
246 2
246 3
246 10
246 16
246 17
246 22
246 27
246 30
246 36
246 40
246 49
246 60
246 61
246 65
246 66
246 69
246 70
246 71
246 75
246 84
246 86
246 90
246 91
246 103
246 107
246 114
246 122
246 129
246 135
246 136
246 140
246 144
246 145
246 149
246 155
246 159
246 168
246 170
246 174
246 181
246 188
246 189
246 196
246 201
246 205
246 212
246 213
246 216
246 217
246 224
246 225
246 228
246 231
246 236
246 259
247 2
247 5
247 13
247 16
247 26
247 47
247 49
247 50
247 56
247 61
247 64
247 80
247 87
247 88
247 97
247 98
247 107
247 112
247 114
247 124
247 125
247 126
247 131
247 138
247 141
247 142
247 147
247 158
247 171
247 172
247 173
247 182
247 184
247 189
247 198
247 216
247 217
247 218
247 232
247 235
247 242
247 248
247 250
248 15
248 27
248 30
248 33
248 36
248 37
248 45
248 51
248 53
248 60
248 65
248 69
248 71
248 73
248 76
248 78
248 82
248 83
248 111
248 112
248 114
248 117
248 118
248 119
248 128
248 131
248 133
248 137
248 148
248 151
248 153
248 157
248 162
248 183
248 187
248 189
248 191
248 192
248 198
248 201
248 210
248 211
248 213
248 222
248 223
248 230
248 235
248 237
248 240
248 244
248 246
248 253
249 1
249 10
249 11
249 14
249 27
249 32
249 49
249 52
249 54
249 65
249 71
249 72
249 73
249 76
249 80
249 83
249 86
249 87
249 88
249 108
249 111
249 117
249 119
249 121
249 132
249 133
249 135
249 138
249 141
249 144
249 146
249 152
249 157
249 169
249 182
249 189
249 193
249 205
249 206
249 224
249 227
249 234
249 235
249 248
249 251
249 255
249 259
250 3
250 6
250 9
250 13
250 17
250 18
250 19
250 23
250 25
250 26
250 41
250 42
250 44
250 49
250 52
250 54
250 55
250 59
250 63
250 72
250 74
250 79
250 83
250 84
250 88
250 90
250 99
250 105
250 111
250 116
250 119
250 120
250 122
250 124
250 127
250 130
250 132
250 137
250 143
250 145
250 146
250 148
250 155
250 159
250 160
250 173
250 175
250 180
250 182
250 187
250 190
250 192
250 196
250 198
250 201
250 203
250 204
250 207
250 213
250 223
250 225
250 228
250 235
250 239
250 241
250 251
251 1
251 11
251 12
251 13
251 23
251 26
251 29
251 34
251 39
251 45
251 55
251 56
251 58
251 59
251 68
251 70
251 77
251 81
251 91
251 93
251 95
251 97
251 101
251 102
251 109
251 119
251 124
251 126
251 131
251 132
251 139
251 140
251 153
251 158
251 160
251 168
251 169
251 182
251 185
251 190
251 192
251 193
251 202
251 203
251 206
251 207
251 215
251 217
251 222
251 223
251 224
251 226
251 228
251 238
251 245
251 253
251 258
252 0
252 4
252 7
252 11
252 22
252 26
252 27
252 33
252 37
252 42
252 43
252 54
252 58
252 60
252 69
252 73
252 81
252 87
252 94
252 120
252 132
252 135
252 140
252 156
252 159
252 160
252 164
252 171
252 177
252 184
252 187
252 190
252 193
252 195
252 211
252 215
252 230
252 235
252 236
252 249
252 252
252 257
253 1
253 4
253 22
253 29
253 33
253 35
253 37
253 38
253 41
253 42
253 45
253 46
253 52
253 55
253 59
253 70
253 84
253 93
253 97
253 102
253 107
253 118
253 119
253 123
253 135
253 142
253 143
253 144
253 148
253 149
253 153
253 154
253 155
253 156
253 158
253 165
253 172
253 180
253 181
253 183
253 187
253 193
253 208
253 216
253 221
253 230
253 236
253 239
253 240
253 247
253 252
254 2
254 10
254 12
254 19
254 21
254 24
254 25
254 27
254 40
254 43
254 49
254 56
254 57
254 64
254 71
254 87
254 88
254 99
254 100
254 103
254 107
254 111
254 116
254 117
254 121
254 126
254 130
254 136
254 139
254 141
254 148
254 149
254 154
254 156
254 163
254 165
254 174
254 182
254 183
254 187
254 188
254 197
254 208
254 212
254 217
254 220
254 223
254 225
254 236
254 238
254 239
254 241
255 2
255 6
255 13
255 15
255 19
255 23
255 26
255 30
255 33
255 36
255 47
255 53
255 55
255 58
255 60
255 61
255 63
255 67
255 68
255 70
255 84
255 86
255 90
255 91
255 96
255 97
255 104
255 107
255 109
255 121
255 132
255 142
255 147
255 155
255 161
255 176
255 181
255 184
255 195
255 202
255 205
255 208
255 215
255 219
255 230
255 231
255 233
255 251
255 259
256 14
256 17
256 18
256 21
256 25
256 27
256 32
256 33
256 37
256 46
256 47
256 50
256 52
256 54
256 59
256 60
256 61
256 66
256 75
256 81
256 82
256 87
256 107
256 109
256 111
256 127
256 132
256 136
256 140
256 161
256 162
256 165
256 180
256 182
256 189
256 191
256 196
256 199
256 200
256 202
256 208
256 212
256 213
256 228
256 229
256 233
256 235
256 237
256 239
256 245
256 251
256 255
256 257
256 258
257 2
257 16
257 19
257 24
257 30
257 31
257 32
257 33
257 57
257 58
257 62
257 70
257 72
257 73
257 82
257 84
257 85
257 87
257 88
257 90
257 92
257 106
257 111
257 113
257 121
257 122
257 126
257 132
257 136
257 137
257 138
257 139
257 140
257 141
257 151
257 159
257 164
257 176
257 181
257 184
257 189
257 191
257 198
257 200
257 204
257 206
257 207
257 218
257 220
257 256
258 13
258 15
258 17
258 18
258 19
258 20
258 21
258 22
258 24
258 26
258 27
258 29
258 31
258 38
258 45
258 47
258 60
258 63
258 64
258 65
258 67
258 68
258 74
258 78
258 94
258 101
258 131
258 135
258 141
258 145
258 147
258 160
258 161
258 166
258 172
258 177
258 181
258 183
258 194
258 201
258 203
258 206
258 208
258 211
258 212
258 216
258 219
258 229
258 244
258 245
258 250
258 256
259 0
259 3
259 6
259 11
259 18
259 30
259 40
259 52
259 57
259 59
259 61
259 70
259 71
259 83
259 87
259 89
259 94
259 111
259 112
259 116
259 129
259 133
259 136
259 137
259 145
259 146
259 154
259 155
259 156
259 161
259 162
259 175
259 182
259 189
259 190
259 206
259 209
259 219
259 220
259 224
259 227
259 241
259 247
259 250
259 254
