150
8940
0 1
0 2
0 6
0 7
0 8
0 10
0 11
0 12
0 13
0 14
0 15
0 16
0 19
0 21
0 24
0 27
0 30
0 33
0 42
0 47
0 48
0 52
0 53
0 55
0 56
0 57
0 59
0 60
0 64
0 66
0 67
0 68
0 71
0 73
0 77
0 78
0 80
0 83
0 84
0 89
0 91
0 92
0 93
0 96
0 97
0 105
0 106
0 108
0 113
0 114
0 115
0 121
0 122
0 124
0 125
0 126
0 128
0 130
0 132
0 134
0 140
0 144
0 147
0 149
1 0
1 3
1 5
1 6
1 7
1 11
1 16
1 18
1 19
1 21
1 22
1 26
1 29
1 32
1 33
1 34
1 36
1 38
1 41
1 44
1 47
1 51
1 61
1 62
1 63
1 69
1 75
1 76
1 79
1 86
1 89
1 93
1 95
1 97
1 100
1 101
1 102
1 103
1 106
1 110
1 111
1 120
1 121
1 123
1 127
1 131
1 133
1 134
1 136
1 140
1 142
1 146
1 147
1 148
2 1
2 2
2 5
2 9
2 12
2 17
2 20
2 23
2 28
2 32
2 35
2 37
2 39
2 41
2 42
2 43
2 47
2 53
2 59
2 60
2 62
2 65
2 70
2 73
2 74
2 77
2 78
2 79
2 81
2 82
2 86
2 88
2 92
2 93
2 94
2 95
2 97
2 98
2 99
2 100
2 102
2 104
2 105
2 107
2 108
2 109
2 112
2 114
2 118
2 120
2 123
2 124
2 125
2 127
2 132
2 136
2 138
2 139
2 140
2 142
2 143
2 145
2 147
2 148
3 2
3 4
3 5
3 6
3 9
3 13
3 16
3 17
3 20
3 22
3 23
3 32
3 38
3 39
3 43
3 44
3 47
3 49
3 52
3 54
3 55
3 58
3 59
3 62
3 64
3 66
3 67
3 68
3 69
3 70
3 73
3 74
3 80
3 83
3 84
3 86
3 87
3 88
3 91
3 93
3 97
3 106
3 107
3 109
3 110
3 112
3 113
3 115
3 119
3 125
3 126
3 128
3 130
3 135
3 136
3 139
3 144
3 145
3 146
3 147
4 3
4 5
4 9
4 10
4 13
4 22
4 23
4 25
4 26
4 27
4 29
4 36
4 38
4 41
4 42
4 43
4 44
4 51
4 52
4 56
4 63
4 64
4 65
4 69
4 70
4 71
4 73
4 76
4 77
4 79
4 80
4 83
4 84
4 85
4 87
4 89
4 90
4 91
4 92
4 94
4 96
4 101
4 102
4 104
4 106
4 110
4 112
4 113
4 114
4 116
4 120
4 122
4 123
4 127
4 128
4 129
4 130
4 131
4 132
4 133
4 134
4 136
4 137
4 140
4 142
4 143
4 144
4 146
4 147
5 4
5 6
5 7
5 9
5 12
5 16
5 17
5 18
5 19
5 21
5 25
5 26
5 27
5 38
5 42
5 45
5 51
5 54
5 56
5 57
5 60
5 61
5 62
5 64
5 65
5 67
5 68
5 72
5 73
5 76
5 81
5 82
5 83
5 85
5 87
5 88
5 89
5 90
5 91
5 96
5 98
5 103
5 115
5 116
5 124
5 131
5 134
5 135
5 137
5 139
5 140
5 144
5 145
5 146
6 0
6 2
6 6
6 16
6 20
6 21
6 22
6 24
6 25
6 26
6 29
6 30
6 31
6 32
6 34
6 35
6 38
6 43
6 46
6 48
6 51
6 52
6 54
6 58
6 60
6 62
6 65
6 66
6 67
6 71
6 73
6 79
6 80
6 81
6 82
6 83
6 85
6 88
6 89
6 94
6 98
6 101
6 102
6 114
6 115
6 121
6 123
6 124
6 127
6 130
6 133
6 134
6 136
6 137
6 139
6 144
6 145
7 3
7 5
7 6
7 7
7 8
7 10
7 13
7 14
7 15
7 16
7 17
7 18
7 20
7 24
7 25
7 26
7 29
7 32
7 34
7 35
7 36
7 37
7 38
7 39
7 40
7 42
7 44
7 47
7 50
7 55
7 56
7 58
7 59
7 60
7 61
7 62
7 65
7 66
7 71
7 72
7 75
7 76
7 77
7 79
7 80
7 82
7 85
7 87
7 89
7 93
7 96
7 97
7 101
7 103
7 107
7 109
7 113
7 118
7 121
7 122
7 125
7 131
7 132
7 139
7 142
7 147
7 148
8 3
8 5
8 6
8 9
8 10
8 12
8 13
8 16
8 18
8 19
8 22
8 26
8 27
8 28
8 29
8 32
8 33
8 34
8 35
8 39
8 40
8 41
8 42
8 43
8 44
8 46
8 49
8 51
8 57
8 62
8 66
8 67
8 69
8 73
8 74
8 75
8 78
8 79
8 80
8 82
8 83
8 84
8 87
8 89
8 96
8 100
8 103
8 104
8 106
8 107
8 108
8 114
8 115
8 118
8 120
8 121
8 123
8 124
8 125
8 128
8 129
8 130
8 131
8 135
8 137
8 138
8 140
8 141
8 146
9 0
9 2
9 3
9 4
9 6
9 7
9 9
9 10
9 11
9 16
9 17
9 23
9 26
9 31
9 34
9 36
9 40
9 42
9 44
9 47
9 48
9 52
9 55
9 58
9 61
9 63
9 64
9 65
9 68
9 69
9 75
9 77
9 82
9 83
9 85
9 86
9 87
9 88
9 94
9 98
9 99
9 102
9 103
9 104
9 108
9 114
9 119
9 126
9 129
9 130
9 134
9 135
9 136
9 139
9 141
9 143
9 146
9 148
10 1
10 4
10 5
10 7
10 9
10 11
10 12
10 15
10 16
10 23
10 25
10 26
10 28
10 34
10 35
10 40
10 41
10 42
10 44
10 46
10 48
10 49
10 50
10 53
10 55
10 56
10 59
10 66
10 67
10 71
10 72
10 73
10 76
10 78
10 79
10 81
10 85
10 90
10 91
10 95
10 96
10 97
10 99
10 104
10 107
10 109
10 110
10 111
10 115
10 116
10 117
10 118
10 121
10 124
10 127
10 128
10 129
10 133
10 134
10 135
10 137
10 138
10 140
10 142
10 144
10 145
10 148
11 2
11 4
11 5
11 11
11 12
11 14
11 15
11 16
11 18
11 20
11 21
11 22
11 24
11 37
11 40
11 47
11 50
11 52
11 53
11 57
11 59
11 60
11 63
11 67
11 68
11 76
11 77
11 78
11 79
11 80
11 82
11 83
11 84
11 86
11 87
11 88
11 89
11 94
11 96
11 97
11 99
11 101
11 102
11 104
11 105
11 106
11 107
11 112
11 113
11 114
11 118
11 119
11 121
11 124
11 126
11 127
11 131
11 134
11 141
11 143
11 144
11 146
11 147
11 148
12 0
12 1
12 4
12 6
12 7
12 8
12 10
12 11
12 12
12 14
12 15
12 16
12 17
12 18
12 23
12 25
12 29
12 31
12 33
12 36
12 39
12 52
12 53
12 58
12 59
12 60
12 63
12 64
12 67
12 71
12 73
12 74
12 78
12 79
12 88
12 90
12 91
12 92
12 93
12 94
12 99
12 100
12 101
12 105
12 109
12 113
12 114
12 117
12 120
12 123
12 125
12 126
12 130
12 132
12 133
12 135
12 139
12 140
12 141
12 145
12 146
13 1
13 2
13 10
13 11
13 12
13 13
13 15
13 17
13 19
13 21
13 23
13 25
13 28
13 35
13 36
13 39
13 40
13 41
13 42
13 47
13 49
13 50
13 55
13 56
13 57
13 58
13 60
13 61
13 66
13 70
13 71
13 72
13 75
13 76
13 77
13 79
13 80
13 84
13 88
13 96
13 98
13 100
13 102
13 104
13 106
13 109
13 110
13 112
13 115
13 118
13 119
13 120
13 123
13 125
13 130
13 134
13 135
13 138
13 139
13 141
13 145
14 0
14 1
14 3
14 5
14 7
14 8
14 9
14 11
14 13
14 19
14 21
14 23
14 26
14 27
14 29
14 30
14 33
14 35
14 44
14 45
14 46
14 48
14 50
14 52
14 54
14 58
14 59
14 62
14 65
14 69
14 70
14 71
14 72
14 75
14 76
14 77
14 80
14 81
14 82
14 84
14 95
14 97
14 102
14 108
14 110
14 113
14 117
14 120
14 122
14 124
14 125
14 127
14 132
14 134
14 136
14 140
14 141
14 144
14 145
14 146
14 147
15 0
15 3
15 6
15 9
15 10
15 13
15 16
15 18
15 20
15 22
15 24
15 26
15 28
15 37
15 40
15 43
15 48
15 51
15 52
15 54
15 56
15 58
15 59
15 60
15 62
15 64
15 68
15 69
15 72
15 87
15 91
15 92
15 101
15 103
15 109
15 110
15 111
15 112
15 116
15 117
15 118
15 120
15 121
15 124
15 127
15 129
15 132
15 134
15 136
15 138
15 141
15 142
15 145
15 148
16 0
16 3
16 7
16 8
16 9
16 13
16 14
16 15
16 16
16 17
16 19
16 20
16 22
16 31
16 32
16 33
16 34
16 35
16 42
16 45
16 46
16 48
16 50
16 58
16 64
16 68
16 70
16 72
16 75
16 78
16 80
16 81
16 83
16 90
16 92
16 93
16 94
16 97
16 99
16 106
16 107
16 108
16 111
16 112
16 120
16 121
16 124
16 125
16 126
16 127
16 132
16 135
16 138
16 141
16 142
16 143
16 147
16 148
16 149
17 2
17 8
17 10
17 11
17 12
17 13
17 14
17 16
17 19
17 20
17 22
17 28
17 30
17 33
17 34
17 36
17 39
17 40
17 46
17 49
17 53
17 55
17 57
17 58
17 59
17 62
17 63
17 64
17 66
17 67
17 73
17 75
17 82
17 84
17 89
17 90
17 91
17 92
17 93
17 94
17 98
17 99
17 102
17 103
17 104
17 107
17 114
17 116
17 120
17 121
17 122
17 132
17 133
17 134
17 135
17 140
17 144
17 146
17 147
17 148
17 149
18 2
18 4
18 6
18 7
18 13
18 16
18 18
18 20
18 25
18 27
18 29
18 33
18 43
18 44
18 53
18 54
18 55
18 56
18 58
18 59
18 60
18 65
18 66
18 67
18 68
18 70
18 72
18 73
18 74
18 78
18 85
18 87
18 92
18 93
18 95
18 98
18 99
18 101
18 104
18 106
18 109
18 111
18 116
18 117
18 120
18 121
18 125
18 126
18 128
18 130
18 132
18 135
18 141
18 142
18 144
18 146
18 149
19 0
19 4
19 10
19 11
19 12
19 14
19 15
19 19
19 20
19 21
19 23
19 25
19 27
19 29
19 30
19 32
19 33
19 40
19 42
19 45
19 55
19 57
19 59
19 60
19 61
19 63
19 66
19 68
19 69
19 70
19 73
19 74
19 81
19 83
19 86
19 87
19 89
19 91
19 92
19 101
19 103
19 104
19 107
19 108
19 111
19 116
19 117
19 118
19 119
19 120
19 121
19 136
19 137
19 138
19 139
19 141
19 142
19 143
19 144
19 145
19 146
19 149
20 0
20 1
20 2
20 3
20 6
20 9
20 10
20 11
20 14
20 15
20 16
20 23
20 24
20 26
20 27
20 37
20 41
20 42
20 44
20 45
20 46
20 48
20 50
20 54
20 57
20 59
20 60
20 61
20 62
20 63
20 68
20 69
20 70
20 72
20 75
20 89
20 90
20 91
20 92
20 93
20 94
20 95
20 96
20 97
20 101
20 112
20 114
20 117
20 118
20 122
20 126
20 129
20 133
20 135
20 138
20 139
20 140
20 144
20 145
20 146
21 1
21 2
21 5
21 7
21 12
21 13
21 15
21 17
21 19
21 22
21 27
21 31
21 32
21 34
21 36
21 37
21 42
21 43
21 50
21 56
21 59
21 60
21 69
21 72
21 73
21 75
21 78
21 79
21 80
21 84
21 87
21 88
21 95
21 105
21 108
21 109
21 110
21 112
21 113
21 116
21 121
21 123
21 125
21 130
21 137
21 139
21 142
21 143
21 144
21 145
21 146
21 149
22 4
22 5
22 6
22 7
22 14
22 16
22 19
22 20
22 21
22 25
22 29
22 31
22 33
22 41
22 42
22 45
22 46
22 48
22 49
22 50
22 53
22 55
22 56
22 57
22 58
22 61
22 65
22 67
22 72
22 77
22 79
22 82
22 87
22 90
22 92
22 93
22 100
22 104
22 105
22 107
22 108
22 109
22 110
22 111
22 115
22 116
22 121
22 125
22 127
22 128
22 129
22 130
22 133
22 135
22 136
22 137
22 140
22 141
22 142
22 143
22 144
22 145
22 146
22 147
22 148
22 149
23 1
23 5
23 6
23 11
23 14
23 16
23 17
23 24
23 25
23 29
23 30
23 31
23 33
23 34
23 36
23 38
23 39
23 43
23 46
23 49
23 50
23 54
23 55
23 57
23 59
23 60
23 61
23 63
23 65
23 72
23 75
23 77
23 79
23 81
23 84
23 85
23 94
23 95
23 96
23 97
23 102
23 105
23 107
23 110
23 111
23 112
23 115
23 117
23 123
23 124
23 125
23 127
23 130
23 131
23 132
23 135
23 136
23 137
23 141
23 143
23 147
24 0
24 2
24 3
24 5
24 6
24 7
24 9
24 15
24 17
24 18
24 20
24 21
24 23
24 25
24 28
24 29
24 30
24 35
24 36
24 42
24 43
24 47
24 49
24 51
24 55
24 57
24 59
24 61
24 64
24 65
24 68
24 72
24 74
24 79
24 82
24 83
24 96
24 97
24 101
24 102
24 104
24 106
24 107
24 109
24 111
24 112
24 115
24 119
24 120
24 124
24 127
24 133
24 134
24 136
24 139
24 141
24 142
24 146
24 148
25 3
25 6
25 7
25 8
25 10
25 14
25 16
25 23
25 26
25 33
25 37
25 41
25 42
25 44
25 45
25 46
25 51
25 60
25 61
25 62
25 64
25 66
25 69
25 70
25 72
25 80
25 83
25 90
25 91
25 96
25 99
25 103
25 107
25 108
25 110
25 116
25 123
25 126
25 128
25 132
25 134
25 136
25 137
25 139
25 141
25 144
25 146
25 149
26 4
26 8
26 10
26 13
26 15
26 18
26 21
26 24
26 25
26 26
26 29
26 30
26 32
26 33
26 34
26 42
26 43
26 47
26 48
26 49
26 50
26 52
26 53
26 57
26 58
26 59
26 61
26 65
26 68
26 70
26 71
26 72
26 75
26 79
26 80
26 81
26 86
26 91
26 92
26 94
26 95
26 96
26 97
26 100
26 102
26 104
26 105
26 106
26 107
26 116
26 118
26 120
26 123
26 124
26 127
26 129
26 132
26 137
26 138
26 144
26 147
26 149
27 4
27 5
27 7
27 8
27 11
27 16
27 17
27 18
27 20
27 21
27 22
27 23
27 24
27 26
27 27
27 28
27 30
27 33
27 34
27 35
27 36
27 38
27 41
27 43
27 45
27 46
27 47
27 50
27 58
27 62
27 63
27 65
27 68
27 69
27 71
27 72
27 75
27 77
27 78
27 80
27 81
27 82
27 85
27 86
27 87
27 90
27 92
27 93
27 96
27 97
27 100
27 106
27 107
27 110
27 111
27 112
27 113
27 116
27 117
27 118
27 120
27 121
27 127
27 130
27 131
27 133
27 135
27 136
27 139
27 140
27 141
27 142
27 143
27 148
28 0
28 1
28 4
28 6
28 11
28 13
28 14
28 16
28 23
28 27
28 28
28 31
28 32
28 34
28 36
28 37
28 38
28 39
28 40
28 41
28 42
28 44
28 46
28 49
28 50
28 58
28 62
28 67
28 71
28 74
28 78
28 82
28 86
28 87
28 88
28 89
28 90
28 93
28 95
28 96
28 98
28 104
28 105
28 106
28 108
28 109
28 115
28 116
28 121
28 122
28 125
28 127
28 130
28 139
28 140
28 146
28 147
28 149
29 1
29 2
29 9
29 13
29 15
29 16
29 17
29 19
29 20
29 21
29 22
29 24
29 26
29 27
29 29
29 33
29 34
29 36
29 41
29 42
29 44
29 45
29 46
29 51
29 52
29 54
29 57
29 58
29 59
29 61
29 62
29 63
29 66
29 69
29 70
29 72
29 74
29 78
29 80
29 84
29 85
29 87
29 89
29 93
29 102
29 106
29 108
29 109
29 110
29 111
29 114
29 115
29 117
29 118
29 119
29 121
29 123
29 125
29 130
29 131
29 132
29 133
29 134
29 135
29 139
29 140
29 143
29 144
29 149
30 0
30 2
30 4
30 6
30 10
30 11
30 14
30 15
30 16
30 19
30 20
30 21
30 24
30 26
30 28
30 29
30 30
30 33
30 34
30 36
30 37
30 38
30 45
30 47
30 48
30 50
30 53
30 54
30 57
30 59
30 63
30 64
30 65
30 66
30 70
30 71
30 72
30 74
30 75
30 79
30 81
30 83
30 85
30 90
30 91
30 92
30 93
30 98
30 101
30 106
30 112
30 113
30 114
30 115
30 116
30 117
30 125
30 126
30 127
30 128
30 129
30 130
30 131
30 132
30 138
30 139
30 142
30 143
30 145
30 147
30 148
30 149
31 3
31 4
31 6
31 7
31 10
31 11
31 12
31 15
31 19
31 20
31 26
31 27
31 30
31 39
31 43
31 45
31 46
31 47
31 50
31 52
31 53
31 56
31 60
31 62
31 64
31 66
31 70
31 71
31 72
31 73
31 74
31 79
31 80
31 81
31 82
31 84
31 90
31 93
31 94
31 95
31 96
31 99
31 104
31 105
31 108
31 113
31 114
31 115
31 116
31 117
31 118
31 122
31 123
31 126
31 130
31 131
31 133
31 139
31 140
31 141
31 142
31 144
31 147
31 149
32 0
32 2
32 3
32 6
32 10
32 11
32 19
32 20
32 21
32 22
32 23
32 24
32 28
32 29
32 30
32 31
32 33
32 36
32 37
32 38
32 45
32 47
32 48
32 49
32 50
32 51
32 52
32 53
32 56
32 58
32 59
32 61
32 62
32 63
32 64
32 66
32 68
32 73
32 78
32 79
32 83
32 84
32 86
32 91
32 92
32 95
32 98
32 102
32 105
32 110
32 113
32 116
32 117
32 119
32 120
32 121
32 125
32 129
32 131
32 134
32 139
32 141
32 142
32 144
32 146
32 148
32 149
33 0
33 1
33 3
33 5
33 6
33 15
33 17
33 20
33 21
33 23
33 28
33 29
33 39
33 44
33 45
33 46
33 47
33 48
33 50
33 52
33 54
33 56
33 59
33 62
33 63
33 66
33 67
33 68
33 75
33 76
33 84
33 88
33 89
33 93
33 94
33 95
33 97
33 99
33 100
33 103
33 105
33 113
33 115
33 118
33 119
33 130
33 132
33 133
33 136
33 138
33 141
33 143
33 146
33 147
33 148
34 3
34 4
34 11
34 13
34 19
34 21
34 24
34 26
34 27
34 28
34 30
34 31
34 35
34 42
34 44
34 45
34 46
34 47
34 53
34 58
34 62
34 64
34 66
34 69
34 73
34 79
34 81
34 82
34 83
34 86
34 89
34 90
34 91
34 95
34 101
34 104
34 106
34 110
34 111
34 115
34 116
34 123
34 125
34 127
34 130
34 131
34 133
34 135
34 136
34 145
34 147
34 148
34 149
35 3
35 6
35 8
35 10
35 11
35 14
35 16
35 20
35 21
35 22
35 23
35 28
35 29
35 30
35 31
35 32
35 33
35 35
35 40
35 41
35 48
35 49
35 51
35 52
35 53
35 57
35 60
35 61
35 62
35 65
35 66
35 67
35 68
35 71
35 72
35 88
35 93
35 94
35 95
35 107
35 110
35 112
35 113
35 120
35 121
35 126
35 127
35 128
35 132
35 134
35 136
35 142
35 143
35 144
35 145
35 147
36 4
36 5
36 6
36 12
36 15
36 18
36 21
36 22
36 25
36 27
36 29
36 31
36 33
36 34
36 35
36 39
36 44
36 46
36 49
36 54
36 55
36 62
36 63
36 64
36 71
36 76
36 78
36 80
36 87
36 88
36 94
36 95
36 96
36 100
36 103
36 105
36 106
36 107
36 109
36 111
36 115
36 119
36 120
36 122
36 126
36 127
36 131
36 134
36 136
36 137
36 140
36 141
36 144
36 149
37 0
37 1
37 7
37 11
37 13
37 17
37 20
37 22
37 23
37 24
37 25
37 27
37 29
37 31
37 35
37 37
37 38
37 50
37 52
37 53
37 54
37 55
37 58
37 61
37 62
37 63
37 66
37 69
37 71
37 72
37 74
37 75
37 77
37 78
37 83
37 86
37 88
37 90
37 92
37 94
37 95
37 100
37 101
37 104
37 108
37 115
37 118
37 119
37 120
37 122
37 124
37 127
37 131
37 132
37 134
37 137
37 139
37 140
37 143
37 148
38 2
38 4
38 5
38 6
38 7
38 8
38 9
38 14
38 16
38 18
38 19
38 20
38 23
38 24
38 25
38 28
38 30
38 32
38 33
38 35
38 36
38 37
38 39
38 41
38 42
38 44
38 52
38 56
38 57
38 59
38 60
38 61
38 62
38 64
38 68
38 75
38 76
38 84
38 85
38 86
38 87
38 90
38 91
38 92
38 94
38 95
38 97
38 99
38 102
38 103
38 104
38 105
38 107
38 108
38 113
38 115
38 118
38 119
38 120
38 123
38 124
38 125
38 126
38 128
38 133
38 135
38 136
38 137
38 142
38 144
38 145
38 146
38 148
39 0
39 5
39 6
39 9
39 10
39 12
39 13
39 14
39 16
39 17
39 18
39 19
39 22
39 24
39 25
39 26
39 29
39 34
39 37
39 38
39 39
39 43
39 45
39 46
39 50
39 51
39 52
39 57
39 59
39 61
39 62
39 65
39 68
39 69
39 71
39 74
39 75
39 76
39 82
39 83
39 84
39 85
39 92
39 94
39 100
39 109
39 111
39 119
39 121
39 123
39 124
39 127
39 128
39 130
39 133
39 134
39 137
39 139
39 143
39 144
39 145
39 148
40 0
40 1
40 3
40 6
40 8
40 12
40 13
40 15
40 17
40 19
40 21
40 23
40 24
40 25
40 26
40 28
40 29
40 32
40 34
40 40
40 41
40 43
40 44
40 47
40 49
40 50
40 55
40 57
40 59
40 60
40 63
40 69
40 79
40 81
40 83
40 87
40 94
40 95
40 96
40 98
40 104
40 112
40 116
40 117
40 118
40 120
40 121
40 130
40 131
40 135
40 136
40 138
40 140
40 141
40 143
40 144
40 147
40 148
40 149
41 2
41 5
41 7
41 10
41 11
41 14
41 24
41 26
41 28
41 29
41 31
41 32
41 34
41 37
41 49
41 50
41 51
41 52
41 56
41 73
41 75
41 76
41 79
41 80
41 81
41 84
41 85
41 86
41 88
41 92
41 95
41 98
41 99
41 103
41 106
41 107
41 109
41 110
41 112
41 114
41 119
41 120
41 121
41 124
41 128
41 129
41 132
41 133
41 138
41 139
41 140
41 141
41 143
41 145
42 1
42 2
42 3
42 6
42 9
42 10
42 13
42 15
42 18
42 19
42 20
42 22
42 23
42 31
42 34
42 38
42 45
42 48
42 50
42 53
42 56
42 60
42 65
42 75
42 77
42 79
42 87
42 88
42 90
42 92
42 97
42 99
42 100
42 103
42 104
42 109
42 110
42 111
42 113
42 114
42 119
42 121
42 122
42 123
42 124
42 126
42 127
42 129
42 130
42 131
42 134
42 136
42 137
42 139
42 140
42 142
42 143
42 145
42 148
43 1
43 3
43 4
43 5
43 11
43 23
43 24
43 26
43 30
43 31
43 33
43 35
43 40
43 43
43 44
43 45
43 46
43 51
43 54
43 57
43 59
43 60
43 62
43 66
43 68
43 69
43 72
43 83
43 87
43 88
43 91
43 92
43 101
43 105
43 109
43 118
43 120
43 121
43 123
43 126
43 127
43 130
43 132
43 133
43 138
43 142
43 144
43 146
44 0
44 7
44 20
44 21
44 24
44 25
44 26
44 35
44 39
44 45
44 51
44 52
44 53
44 55
44 56
44 60
44 62
44 63
44 65
44 67
44 68
44 69
44 72
44 73
44 75
44 79
44 80
44 81
44 84
44 87
44 89
44 92
44 94
44 96
44 97
44 105
44 106
44 107
44 114
44 116
44 125
44 129
44 130
44 131
44 132
44 133
44 135
44 136
44 138
44 140
44 141
44 144
44 145
45 3
45 4
45 5
45 7
45 8
45 9
45 11
45 14
45 21
45 22
45 23
45 24
45 26
45 32
45 35
45 36
45 39
45 42
45 44
45 46
45 48
45 50
45 54
45 59
45 62
45 63
45 64
45 66
45 67
45 69
45 70
45 74
45 77
45 79
45 83
45 84
45 85
45 86
45 87
45 92
45 96
45 97
45 98
45 99
45 101
45 102
45 104
45 105
45 108
45 114
45 115
45 119
45 121
45 122
45 124
45 125
45 128
45 133
45 135
45 136
45 138
45 143
45 147
45 149
46 1
46 4
46 5
46 7
46 12
46 14
46 15
46 17
46 19
46 21
46 22
46 24
46 31
46 33
46 36
46 38
46 39
46 48
46 51
46 53
46 63
46 65
46 67
46 68
46 71
46 73
46 75
46 77
46 78
46 85
46 89
46 91
46 93
46 94
46 109
46 115
46 116
46 119
46 124
46 126
46 135
46 138
46 140
46 141
46 143
46 144
46 145
46 148
47 1
47 3
47 5
47 6
47 7
47 8
47 12
47 14
47 15
47 16
47 17
47 18
47 22
47 23
47 25
47 26
47 27
47 28
47 30
47 31
47 34
47 37
47 39
47 40
47 41
47 44
47 46
47 58
47 61
47 63
47 64
47 68
47 73
47 79
47 80
47 83
47 93
47 94
47 98
47 100
47 101
47 103
47 106
47 107
47 108
47 110
47 111
47 113
47 114
47 117
47 118
47 124
47 126
47 127
47 128
47 130
47 131
47 132
47 133
47 134
47 135
47 144
47 145
47 147
48 9
48 13
48 14
48 20
48 21
48 22
48 23
48 25
48 30
48 35
48 40
48 43
48 44
48 45
48 48
48 49
48 54
48 55
48 57
48 59
48 60
48 62
48 64
48 66
48 71
48 72
48 78
48 79
48 86
48 89
48 91
48 92
48 94
48 95
48 96
48 97
48 98
48 100
48 101
48 103
48 108
48 113
48 115
48 120
48 121
48 122
48 129
48 132
48 136
48 138
48 139
48 141
48 145
48 146
49 0
49 2
49 10
49 14
49 17
49 18
49 19
49 20
49 22
49 24
49 25
49 26
49 30
49 35
49 36
49 38
49 39
49 43
49 44
49 48
49 52
49 54
49 58
49 62
49 64
49 65
49 69
49 70
49 72
49 74
49 76
49 77
49 79
49 81
49 84
49 87
49 91
49 95
49 103
49 105
49 109
49 110
49 112
49 114
49 115
49 117
49 118
49 120
49 127
49 128
49 135
49 138
49 139
49 145
49 146
49 149
50 1
50 3
50 4
50 7
50 10
50 17
50 20
50 27
50 28
50 31
50 38
50 39
50 40
50 41
50 42
50 44
50 45
50 47
50 48
50 51
50 54
50 56
50 57
50 63
50 64
50 67
50 68
50 69
50 71
50 75
50 76
50 78
50 80
50 83
50 84
50 85
50 86
50 87
50 88
50 89
50 92
50 95
50 97
50 102
50 107
50 108
50 116
50 117
50 120
50 123
50 124
50 125
50 127
50 132
50 133
50 134
50 137
50 139
50 140
50 144
50 145
50 147
50 148
51 1
51 2
51 3
51 9
51 12
51 14
51 17
51 18
51 20
51 22
51 25
51 28
51 29
51 30
51 31
51 33
51 35
51 39
51 40
51 44
51 45
51 46
51 47
51 48
51 49
51 50
51 51
51 52
51 53
51 54
51 57
51 59
51 62
51 66
51 67
51 69
51 71
51 72
51 74
51 75
51 76
51 77
51 78
51 79
51 85
51 87
51 92
51 93
51 95
51 96
51 99
51 101
51 103
51 106
51 107
51 110
51 116
51 117
51 120
51 124
51 127
51 129
51 130
51 131
51 132
51 137
51 138
51 139
51 146
51 148
51 149
52 2
52 8
52 12
52 16
52 18
52 21
52 24
52 27
52 28
52 31
52 33
52 34
52 35
52 37
52 40
52 46
52 47
52 52
52 56
52 61
52 69
52 71
52 75
52 78
52 80
52 81
52 82
52 83
52 90
52 97
52 100
52 106
52 107
52 109
52 110
52 113
52 114
52 121
52 124
52 125
52 126
52 129
52 135
52 136
52 145
52 147
52 149
53 1
53 3
53 5
53 6
53 11
53 15
53 18
53 21
53 23
53 24
53 25
53 29
53 30
53 31
53 32
53 33
53 36
53 42
53 43
53 44
53 45
53 46
53 51
53 54
53 57
53 58
53 59
53 63
53 66
53 67
53 69
53 71
53 72
53 77
53 82
53 83
53 88
53 95
53 98
53 99
53 100
53 102
53 103
53 107
53 111
53 113
53 114
53 116
53 117
53 118
53 119
53 120
53 123
53 124
53 125
53 127
53 129
53 132
53 137
53 141
53 142
53 144
53 145
53 146
53 148
54 2
54 5
54 9
54 13
54 14
54 19
54 22
54 28
54 30
54 31
54 32
54 34
54 37
54 42
54 46
54 51
54 52
54 54
54 57
54 61
54 65
54 71
54 74
54 76
54 78
54 79
54 80
54 82
54 83
54 84
54 85
54 86
54 89
54 91
54 93
54 96
54 102
54 105
54 107
54 109
54 110
54 114
54 116
54 121
54 125
54 127
54 128
54 129
54 131
54 132
54 136
54 137
54 139
54 140
54 141
54 143
55 0
55 1
55 6
55 8
55 10
55 11
55 12
55 13
55 18
55 19
55 20
55 24
55 30
55 32
55 35
55 37
55 39
55 40
55 41
55 43
55 46
55 51
55 56
55 57
55 58
55 59
55 60
55 62
55 63
55 65
55 67
55 69
55 76
55 82
55 84
55 85
55 86
55 87
55 89
55 92
55 93
55 96
55 97
55 99
55 100
55 106
55 112
55 114
55 115
55 116
55 117
55 121
55 123
55 126
55 128
55 129
55 132
55 134
55 135
55 137
55 140
55 141
55 143
55 144
55 146
55 147
55 148
56 1
56 3
56 6
56 9
56 10
56 19
56 20
56 25
56 27
56 29
56 34
56 37
56 39
56 41
56 46
56 49
56 55
56 58
56 59
56 60
56 63
56 67
56 76
56 82
56 83
56 85
56 87
56 89
56 103
56 105
56 111
56 113
56 116
56 117
56 121
56 122
56 125
56 128
56 131
56 132
56 135
56 136
56 137
56 138
56 139
56 140
56 144
56 147
57 2
57 3
57 5
57 6
57 8
57 12
57 14
57 17
57 18
57 22
57 24
57 26
57 28
57 29
57 34
57 35
57 36
57 39
57 40
57 41
57 43
57 44
57 47
57 48
57 50
57 55
57 60
57 61
57 67
57 69
57 71
57 74
57 78
57 81
57 85
57 86
57 89
57 90
57 92
57 93
57 94
57 96
57 100
57 101
57 105
57 106
57 107
57 108
57 109
57 115
57 116
57 122
57 126
57 135
57 140
57 141
57 142
57 144
57 146
57 147
57 148
58 2
58 6
58 8
58 9
58 11
58 15
58 21
58 22
58 23
58 24
58 25
58 26
58 39
58 41
58 42
58 45
58 47
58 48
58 53
58 54
58 55
58 60
58 62
58 64
58 65
58 66
58 67
58 69
58 71
58 72
58 73
58 77
58 78
58 84
58 86
58 90
58 94
58 97
58 98
58 99
58 100
58 101
58 103
58 107
58 110
58 111
58 112
58 113
58 115
58 123
58 127
58 130
58 132
58 137
58 141
58 149
59 1
59 2
59 4
59 9
59 13
59 20
59 22
59 23
59 25
59 32
59 34
59 39
59 40
59 41
59 45
59 47
59 52
59 53
59 54
59 55
59 57
59 60
59 61
59 64
59 68
59 71
59 72
59 73
59 79
59 82
59 84
59 86
59 90
59 95
59 98
59 100
59 101
59 103
59 104
59 112
59 114
59 116
59 117
59 118
59 122
59 124
59 125
59 126
59 127
59 128
59 129
59 130
59 131
59 132
59 134
59 135
59 136
59 137
59 141
59 144
59 145
60 0
60 1
60 3
60 7
60 9
60 10
60 11
60 14
60 16
60 17
60 18
60 19
60 24
60 29
60 32
60 33
60 37
60 45
60 47
60 49
60 50
60 53
60 56
60 59
60 64
60 66
60 68
60 71
60 72
60 77
60 78
60 80
60 88
60 89
60 93
60 95
60 97
60 101
60 102
60 103
60 104
60 107
60 108
60 112
60 120
60 128
60 133
60 134
60 137
60 143
60 146
60 149
61 2
61 6
61 9
61 10
61 12
61 15
61 16
61 17
61 18
61 23
61 24
61 25
61 27
61 30
61 33
61 36
61 37
61 38
61 44
61 48
61 49
61 52
61 56
61 57
61 58
61 59
61 61
61 62
61 64
61 65
61 66
61 67
61 69
61 70
61 71
61 72
61 73
61 74
61 75
61 79
61 81
61 82
61 83
61 85
61 90
61 92
61 95
61 101
61 102
61 106
61 108
61 110
61 111
61 113
61 115
61 120
61 125
61 127
61 128
61 129
61 133
61 135
61 139
61 140
61 143
61 145
61 146
62 2
62 3
62 6
62 11
62 13
62 17
62 18
62 20
62 24
62 27
62 29
62 30
62 32
62 34
62 36
62 39
62 41
62 42
62 43
62 45
62 46
62 47
62 54
62 55
62 58
62 59
62 60
62 61
62 66
62 68
62 71
62 74
62 76
62 78
62 91
62 95
62 97
62 98
62 100
62 102
62 104
62 106
62 110
62 111
62 114
62 118
62 119
62 122
62 124
62 128
62 129
62 130
62 131
62 133
62 137
62 140
62 149
63 2
63 5
63 8
63 10
63 11
63 13
63 15
63 19
63 21
63 26
63 27
63 29
63 32
63 40
63 43
63 44
63 45
63 47
63 50
63 51
63 55
63 59
63 60
63 61
63 63
63 66
63 72
63 75
63 77
63 80
63 83
63 84
63 85
63 91
63 97
63 98
63 99
63 109
63 110
63 124
63 127
63 132
63 135
63 138
63 141
63 143
63 145
64 0
64 3
64 4
64 5
64 8
64 9
64 10
64 11
64 13
64 17
64 24
64 25
64 28
64 30
64 32
64 33
64 41
64 45
64 48
64 50
64 52
64 55
64 58
64 65
64 69
64 70
64 72
64 74
64 76
64 77
64 78
64 79
64 82
64 85
64 88
64 90
64 93
64 94
64 95
64 97
64 100
64 105
64 112
64 114
64 115
64 120
64 124
64 125
64 126
64 127
64 128
64 134
64 142
64 145
64 147
65 3
65 4
65 5
65 6
65 9
65 10
65 12
65 17
65 22
65 25
65 27
65 29
65 30
65 33
65 34
65 36
65 38
65 39
65 41
65 43
65 50
65 52
65 56
65 57
65 59
65 65
65 67
65 69
65 71
65 72
65 77
65 80
65 81
65 82
65 90
65 92
65 99
65 101
65 102
65 104
65 107
65 112
65 116
65 118
65 122
65 123
65 125
65 126
65 133
65 134
65 135
65 138
65 140
65 141
65 142
65 144
65 145
65 148
66 0
66 1
66 2
66 6
66 7
66 8
66 9
66 11
66 12
66 16
66 18
66 21
66 22
66 26
66 28
66 29
66 30
66 31
66 32
66 34
66 35
66 36
66 37
66 38
66 40
66 41
66 42
66 45
66 47
66 48
66 52
66 54
66 57
66 58
66 62
66 64
66 67
66 69
66 70
66 76
66 77
66 79
66 80
66 81
66 83
66 85
66 89
66 92
66 94
66 95
66 99
66 102
66 103
66 104
66 106
66 107
66 108
66 111
66 114
66 116
66 118
66 119
66 124
66 127
66 130
66 132
66 133
66 134
66 135
66 136
66 138
66 141
66 142
66 149
67 1
67 2
67 3
67 10
67 11
67 12
67 13
67 14
67 20
67 26
67 27
67 28
67 30
67 32
67 33
67 37
67 40
67 41
67 44
67 47
67 49
67 53
67 54
67 58
67 66
67 67
67 71
67 79
67 84
67 86
67 87
67 93
67 94
67 95
67 98
67 102
67 104
67 106
67 107
67 109
67 112
67 113
67 114
67 116
67 118
67 121
67 124
67 127
67 128
67 129
67 132
67 133
67 138
67 140
67 141
67 142
67 143
67 147
67 149
68 0
68 5
68 7
68 11
68 13
68 14
68 15
68 21
68 22
68 24
68 25
68 26
68 27
68 30
68 32
68 35
68 36
68 37
68 40
68 42
68 44
68 45
68 46
68 47
68 49
68 53
68 54
68 56
68 57
68 61
68 63
68 65
68 67
68 70
68 71
68 73
68 74
68 77
68 79
68 80
68 86
68 87
68 88
68 90
68 91
68 93
68 95
68 97
68 98
68 100
68 101
68 104
68 106
68 108
68 110
68 111
68 113
68 115
68 118
68 119
68 120
68 123
68 124
68 125
68 126
68 129
68 132
68 133
68 135
68 141
68 144
68 145
68 147
68 148
69 3
69 5
69 9
69 10
69 13
69 16
69 20
69 24
69 25
69 26
69 30
69 31
69 34
69 37
69 40
69 42
69 43
69 44
69 45
69 46
69 49
69 51
69 54
69 55
69 61
69 63
69 65
69 68
69 69
69 70
69 72
69 73
69 79
69 84
69 85
69 88
69 91
69 93
69 104
69 109
69 112
69 114
69 117
69 118
69 122
69 124
69 129
69 131
69 134
69 137
69 138
69 139
69 141
69 142
69 144
69 145
70 2
70 3
70 9
70 13
70 14
70 16
70 29
70 30
70 31
70 33
70 34
70 38
70 40
70 41
70 43
70 45
70 47
70 53
70 61
70 63
70 64
70 68
70 74
70 76
70 77
70 78
70 79
70 81
70 82
70 83
70 88
70 90
70 91
70 95
70 96
70 100
70 102
70 105
70 109
70 111
70 115
70 116
70 117
70 119
70 121
70 122
70 123
70 124
70 127
70 137
70 146
71 1
71 3
71 4
71 14
71 15
71 16
71 19
71 22
71 23
71 27
71 29
71 31
71 33
71 34
71 36
71 37
71 38
71 39
71 41
71 43
71 44
71 49
71 50
71 52
71 53
71 55
71 56
71 58
71 62
71 63
71 67
71 73
71 75
71 76
71 77
71 78
71 80
71 82
71 84
71 86
71 87
71 88
71 89
71 90
71 91
71 95
71 97
71 99
71 100
71 105
71 106
71 108
71 110
71 118
71 119
71 120
71 122
71 124
71 125
71 126
71 128
71 132
71 133
71 135
71 139
71 143
71 146
71 148
71 149
72 3
72 4
72 5
72 8
72 10
72 13
72 15
72 16
72 22
72 23
72 24
72 25
72 36
72 38
72 40
72 41
72 43
72 44
72 46
72 48
72 49
72 52
72 54
72 56
72 57
72 62
72 68
72 73
72 74
72 76
72 79
72 80
72 84
72 86
72 87
72 97
72 98
72 99
72 104
72 105
72 106
72 107
72 108
72 112
72 114
72 115
72 119
72 121
72 123
72 125
72 127
72 128
72 129
72 130
72 131
72 133
72 134
72 136
72 139
72 140
72 141
72 142
72 144
72 146
72 148
72 149
73 1
73 5
73 7
73 8
73 11
73 18
73 19
73 22
73 25
73 26
73 27
73 32
73 34
73 35
73 37
73 38
73 44
73 46
73 53
73 54
73 62
73 64
73 67
73 71
73 72
73 73
73 80
73 83
73 86
73 87
73 91
73 92
73 94
73 96
73 97
73 99
73 110
73 111
73 112
73 115
73 116
73 117
73 118
73 121
73 122
73 124
73 130
73 131
73 132
73 133
73 134
73 137
73 138
73 139
73 140
73 141
73 147
74 2
74 6
74 7
74 9
74 10
74 13
74 17
74 18
74 22
74 24
74 25
74 26
74 30
74 31
74 34
74 39
74 40
74 43
74 45
74 48
74 51
74 55
74 56
74 57
74 58
74 64
74 65
74 68
74 73
74 81
74 82
74 84
74 85
74 88
74 90
74 94
74 96
74 97
74 100
74 102
74 103
74 104
74 105
74 106
74 107
74 108
74 112
74 113
74 117
74 119
74 121
74 125
74 129
74 130
74 131
74 133
74 136
74 138
74 143
74 147
74 148
75 1
75 3
75 5
75 6
75 8
75 15
75 17
75 18
75 20
75 22
75 23
75 24
75 26
75 27
75 30
75 34
75 35
75 39
75 43
75 48
75 50
75 54
75 55
75 56
75 64
75 66
75 68
75 73
75 74
75 76
75 78
75 79
75 80
75 81
75 85
75 86
75 87
75 89
75 90
75 97
75 99
75 101
75 103
75 104
75 107
75 108
75 109
75 110
75 111
75 113
75 116
75 119
75 121
75 122
75 125
75 127
75 129
75 130
75 131
75 136
75 137
75 139
75 144
75 146
75 148
76 3
76 7
76 10
76 13
76 21
76 22
76 24
76 27
76 28
76 31
76 34
76 41
76 43
76 48
76 50
76 55
76 57
76 59
76 60
76 62
76 64
76 65
76 67
76 68
76 72
76 76
76 80
76 81
76 83
76 88
76 89
76 92
76 98
76 99
76 102
76 104
76 108
76 112
76 115
76 116
76 117
76 119
76 121
76 122
76 124
76 127
76 128
76 131
76 135
76 139
76 142
76 145
76 147
76 149
77 0
77 3
77 5
77 6
77 14
77 15
77 16
77 17
77 18
77 19
77 22
77 25
77 29
77 31
77 32
77 34
77 41
77 43
77 45
77 47
77 49
77 51
77 53
77 54
77 55
77 56
77 57
77 60
77 62
77 64
77 68
77 71
77 72
77 74
77 76
77 77
77 80
77 81
77 89
77 96
77 97
77 100
77 102
77 103
77 106
77 110
77 113
77 115
77 117
77 120
77 126
77 128
77 129
77 133
77 135
77 137
77 138
77 139
77 143
77 145
78 1
78 3
78 6
78 10
78 12
78 13
78 18
78 20
78 23
78 24
78 25
78 26
78 31
78 35
78 37
78 42
78 43
78 46
78 48
78 53
78 54
78 57
78 62
78 66
78 67
78 69
78 70
78 71
78 75
78 76
78 78
78 79
78 80
78 82
78 83
78 84
78 85
78 86
78 88
78 89
78 90
78 96
78 97
78 100
78 106
78 109
78 111
78 112
78 113
78 116
78 118
78 120
78 121
78 123
78 125
78 126
78 127
78 128
78 132
78 133
78 137
78 139
78 143
78 149
79 0
79 1
79 3
79 4
79 6
79 12
79 15
79 21
79 26
79 30
79 31
79 32
79 33
79 34
79 35
79 36
79 38
79 40
79 44
79 47
79 48
79 53
79 56
79 67
79 68
79 78
79 80
79 81
79 82
79 83
79 86
79 87
79 90
79 93
79 97
79 99
79 102
79 103
79 105
79 107
79 108
79 110
79 112
79 115
79 124
79 125
79 129
79 140
79 142
79 144
79 146
80 2
80 4
80 5
80 6
80 17
80 18
80 19
80 20
80 22
80 23
80 24
80 26
80 27
80 29
80 30
80 32
80 33
80 36
80 40
80 41
80 42
80 47
80 50
80 53
80 54
80 55
80 56
80 57
80 58
80 59
80 62
80 63
80 66
80 71
80 82
80 85
80 87
80 88
80 91
80 92
80 94
80 95
80 98
80 103
80 107
80 108
80 111
80 121
80 122
80 123
80 124
80 126
80 129
80 130
80 131
80 132
80 134
80 136
80 137
80 140
80 144
80 146
80 147
81 1
81 3
81 7
81 9
81 11
81 13
81 14
81 15
81 16
81 19
81 28
81 30
81 31
81 32
81 37
81 39
81 42
81 43
81 46
81 47
81 49
81 51
81 53
81 54
81 57
81 58
81 60
81 64
81 65
81 73
81 74
81 78
81 81
81 82
81 83
81 84
81 86
81 88
81 89
81 90
81 91
81 93
81 94
81 97
81 98
81 101
81 102
81 104
81 118
81 119
81 120
81 121
81 124
81 125
81 130
81 132
81 133
81 134
81 142
81 145
81 146
82 0
82 2
82 6
82 9
82 10
82 15
82 16
82 23
82 29
82 32
82 35
82 36
82 37
82 42
82 43
82 47
82 49
82 50
82 51
82 54
82 55
82 56
82 57
82 59
82 62
82 63
82 64
82 66
82 73
82 74
82 76
82 78
82 80
82 83
82 86
82 87
82 90
82 91
82 93
82 96
82 97
82 99
82 101
82 102
82 110
82 111
82 115
82 118
82 119
82 120
82 123
82 128
82 130
82 131
82 134
82 137
82 143
82 144
82 146
83 1
83 2
83 3
83 5
83 6
83 11
83 12
83 14
83 23
83 24
83 25
83 26
83 29
83 32
83 33
83 34
83 35
83 36
83 38
83 39
83 40
83 41
83 43
83 45
83 50
83 52
83 53
83 55
83 56
83 57
83 58
83 59
83 61
83 66
83 70
83 72
83 78
83 79
83 82
83 89
83 90
83 91
83 93
83 94
83 99
83 100
83 101
83 111
83 113
83 114
83 117
83 119
83 124
83 128
83 130
83 131
83 133
83 134
83 136
83 137
83 138
83 139
83 143
83 146
83 147
84 0
84 5
84 7
84 10
84 12
84 13
84 17
84 18
84 25
84 26
84 32
84 33
84 35
84 36
84 37
84 40
84 42
84 45
84 46
84 49
84 50
84 52
84 54
84 55
84 56
84 60
84 66
84 68
84 70
84 75
84 80
84 81
84 84
84 86
84 87
84 88
84 93
84 94
84 98
84 99
84 101
84 102
84 105
84 109
84 110
84 111
84 114
84 116
84 118
84 119
84 122
84 124
84 126
84 127
84 136
84 137
84 138
84 139
84 142
84 143
84 145
84 146
84 149
85 7
85 8
85 15
85 17
85 23
85 26
85 30
85 31
85 33
85 34
85 37
85 38
85 41
85 46
85 49
85 50
85 51
85 61
85 63
85 66
85 67
85 68
85 69
85 71
85 74
85 76
85 78
85 79
85 80
85 81
85 85
85 86
85 87
85 90
85 92
85 95
85 98
85 99
85 103
85 108
85 109
85 110
85 112
85 114
85 115
85 117
85 119
85 120
85 126
85 128
85 130
85 131
85 134
85 136
85 138
85 143
85 145
85 146
85 148
86 0
86 1
86 4
86 6
86 8
86 11
86 13
86 14
86 21
86 23
86 25
86 27
86 28
86 30
86 35
86 37
86 41
86 42
86 43
86 44
86 46
86 47
86 50
86 54
86 59
86 60
86 61
86 62
86 63
86 67
86 69
86 70
86 71
86 74
86 80
86 82
86 85
86 90
86 92
86 99
86 102
86 104
86 108
86 110
86 113
86 114
86 116
86 117
86 118
86 122
86 123
86 126
86 128
86 129
86 130
86 132
86 134
86 135
86 136
86 138
86 143
86 148
87 4
87 5
87 7
87 14
87 17
87 18
87 19
87 20
87 21
87 28
87 36
87 38
87 40
87 41
87 42
87 43
87 47
87 50
87 52
87 53
87 54
87 57
87 64
87 65
87 67
87 68
87 69
87 73
87 75
87 76
87 77
87 78
87 80
87 82
87 88
87 89
87 95
87 100
87 101
87 105
87 106
87 107
87 111
87 114
87 115
87 116
87 118
87 119
87 122
87 123
87 124
87 130
87 141
87 142
87 143
88 1
88 10
88 19
88 23
88 24
88 25
88 27
88 28
88 33
88 34
88 35
88 36
88 39
88 40
88 43
88 45
88 47
88 48
88 49
88 52
88 57
88 59
88 62
88 66
88 70
88 71
88 73
88 75
88 80
88 81
88 83
88 84
88 87
88 89
88 90
88 92
88 93
88 97
88 98
88 99
88 100
88 104
88 107
88 108
88 110
88 116
88 120
88 121
88 122
88 129
88 130
88 133
88 137
88 138
88 140
88 145
88 148
89 0
89 4
89 6
89 9
89 12
89 15
89 19
89 20
89 24
89 32
89 34
89 36
89 38
89 40
89 41
89 42
89 44
89 46
89 47
89 48
89 52
89 57
89 62
89 63
89 64
89 68
89 70
89 72
89 73
89 74
89 76
89 78
89 79
89 86
89 87
89 92
89 97
89 99
89 102
89 105
89 109
89 110
89 113
89 118
89 119
89 122
89 123
89 124
89 126
89 127
89 130
89 131
89 134
89 136
89 138
89 139
89 142
89 145
89 146
89 148
89 149
90 0
90 2
90 3
90 4
90 5
90 13
90 15
90 19
90 25
90 27
90 28
90 34
90 35
90 39
90 40
90 41
90 43
90 46
90 54
90 56
90 57
90 58
90 63
90 65
90 66
90 71
90 72
90 78
90 79
90 81
90 82
90 84
90 85
90 86
90 92
90 93
90 95
90 96
90 98
90 99
90 107
90 108
90 109
90 111
90 113
90 119
90 121
90 123
90 124
90 129
90 130
90 132
90 135
90 136
90 137
90 141
90 142
90 143
90 145
90 146
90 147
90 149
91 0
91 1
91 2
91 3
91 4
91 5
91 6
91 7
91 11
91 13
91 22
91 29
91 30
91 33
91 36
91 38
91 41
91 48
91 49
91 51
91 53
91 54
91 56
91 57
91 60
91 61
91 62
91 63
91 65
91 66
91 68
91 71
91 73
91 76
91 77
91 80
91 81
91 85
91 86
91 87
91 89
91 91
91 95
91 99
91 102
91 104
91 105
91 110
91 112
91 113
91 116
91 117
91 118
91 119
91 122
91 123
91 128
91 129
91 130
91 132
91 133
91 139
91 143
91 148
91 149
92 0
92 8
92 15
92 16
92 20
92 23
92 25
92 28
92 34
92 35
92 36
92 37
92 42
92 45
92 47
92 56
92 58
92 59
92 60
92 63
92 66
92 68
92 69
92 72
92 75
92 77
92 81
92 84
92 87
92 89
92 90
92 93
92 96
92 97
92 99
92 104
92 105
92 106
92 109
92 112
92 113
92 118
92 124
92 127
92 129
92 132
92 133
92 134
92 137
92 140
92 141
92 142
92 143
92 144
92 149
93 4
93 10
93 11
93 17
93 22
93 23
93 24
93 36
93 37
93 38
93 39
93 40
93 42
93 43
93 45
93 46
93 47
93 48
93 49
93 50
93 51
93 52
93 53
93 55
93 56
93 58
93 61
93 69
93 70
93 73
93 74
93 84
93 86
93 89
93 90
93 92
93 96
93 97
93 98
93 100
93 101
93 105
93 109
93 111
93 112
93 115
93 118
93 119
93 121
93 125
93 127
93 128
93 132
93 134
93 136
93 139
93 146
93 147
93 148
93 149
94 1
94 9
94 10
94 12
94 13
94 25
94 27
94 28
94 31
94 34
94 35
94 36
94 37
94 44
94 47
94 48
94 49
94 51
94 52
94 53
94 55
94 56
94 59
94 62
94 64
94 66
94 68
94 71
94 73
94 75
94 78
94 79
94 82
94 85
94 89
94 90
94 92
94 97
94 98
94 100
94 101
94 103
94 104
94 106
94 110
94 111
94 112
94 114
94 116
94 119
94 121
94 125
94 126
94 127
94 128
94 129
94 132
94 133
94 135
94 143
94 147
95 1
95 2
95 3
95 4
95 12
95 14
95 17
95 19
95 22
95 26
95 27
95 29
95 33
95 34
95 35
95 36
95 41
95 42
95 45
95 48
95 50
95 55
95 59
95 60
95 64
95 67
95 68
95 70
95 73
95 74
95 77
95 79
95 89
95 92
95 99
95 100
95 101
95 102
95 104
95 105
95 106
95 110
95 112
95 114
95 116
95 117
95 120
95 121
95 122
95 123
95 127
95 128
95 129
95 131
95 134
95 136
95 138
95 139
95 140
95 143
95 146
95 147
95 149
96 4
96 6
96 8
96 11
96 12
96 14
96 16
96 17
96 21
96 23
96 25
96 27
96 29
96 30
96 31
96 38
96 46
96 48
96 49
96 50
96 52
96 53
96 54
96 56
96 62
96 64
96 66
96 69
96 71
96 72
96 73
96 74
96 75
96 79
96 82
96 83
96 85
96 86
96 87
96 92
96 93
96 95
96 96
96 97
96 98
96 99
96 100
96 103
96 104
96 107
96 110
96 114
96 115
96 117
96 118
96 120
96 121
96 124
96 126
96 129
96 131
96 137
96 140
96 141
96 143
96 145
97 0
97 2
97 4
97 5
97 8
97 11
97 20
97 21
97 24
97 33
97 35
97 38
97 40
97 44
97 45
97 46
97 47
97 49
97 55
97 57
97 58
97 59
97 62
97 64
97 67
97 72
97 73
97 75
97 77
97 78
97 82
97 83
97 85
97 87
97 89
97 91
97 94
97 98
97 99
97 100
97 101
97 102
97 104
97 105
97 106
97 107
97 109
97 111
97 123
97 129
97 134
97 137
97 138
97 145
97 148
97 149
98 1
98 8
98 9
98 10
98 12
98 26
98 28
98 29
98 30
98 33
98 37
98 40
98 41
98 42
98 43
98 46
98 49
98 50
98 52
98 53
98 54
98 56
98 57
98 59
98 62
98 64
98 66
98 69
98 71
98 76
98 78
98 81
98 85
98 88
98 89
98 90
98 91
98 95
98 96
98 102
98 103
98 104
98 105
98 112
98 114
98 122
98 124
98 132
98 133
98 134
98 138
98 140
98 141
98 142
98 143
98 148
98 149
99 7
99 9
99 17
99 24
99 30
99 33
99 41
99 42
99 43
99 44
99 47
99 52
99 53
99 57
99 60
99 61
99 63
99 66
99 67
99 68
99 69
99 70
99 76
99 78
99 79
99 80
99 81
99 82
99 84
99 89
99 93
99 99
99 100
99 104
99 110
99 112
99 113
99 114
99 118
99 121
99 123
99 128
99 129
99 131
99 132
99 134
99 137
99 138
99 140
99 141
99 142
99 143
99 144
99 147
100 2
100 7
100 8
100 11
100 12
100 16
100 18
100 19
100 22
100 24
100 26
100 27
100 31
100 32
100 34
100 40
100 45
100 49
100 50
100 52
100 56
100 60
100 61
100 69
100 74
100 79
100 82
100 84
100 86
100 87
100 89
100 91
100 95
100 96
100 97
100 101
100 103
100 105
100 108
100 114
100 116
100 117
100 118
100 119
100 120
100 121
100 125
100 127
100 129
100 131
100 133
100 136
100 137
100 138
100 139
100 141
100 144
101 0
101 4
101 6
101 7
101 8
101 10
101 11
101 15
101 17
101 21
101 22
101 26
101 27
101 30
101 31
101 42
101 43
101 44
101 45
101 46
101 49
101 52
101 54
101 55
101 56
101 57
101 58
101 59
101 60
101 68
101 69
101 72
101 74
101 75
101 76
101 77
101 83
101 87
101 89
101 92
101 94
101 95
101 100
101 101
101 103
101 105
101 107
101 112
101 115
101 116
101 117
101 118
101 119
101 120
101 123
101 126
101 127
101 129
101 131
101 135
101 139
101 143
101 145
101 147
101 149
102 0
102 1
102 3
102 5
102 6
102 8
102 18
102 20
102 22
102 23
102 25
102 27
102 38
102 39
102 43
102 44
102 47
102 50
102 51
102 54
102 56
102 57
102 58
102 61
102 63
102 67
102 78
102 81
102 82
102 83
102 85
102 88
102 91
102 92
102 96
102 100
102 102
102 103
102 107
102 114
102 117
102 122
102 123
102 128
102 130
102 131
102 134
102 137
102 138
102 141
102 142
102 143
102 144
102 146
103 2
103 7
103 11
103 13
103 15
103 17
103 19
103 24
103 27
103 28
103 30
103 31
103 35
103 36
103 39
103 41
103 44
103 45
103 46
103 47
103 59
103 61
103 64
103 65
103 67
103 71
103 73
103 76
103 78
103 81
103 82
103 83
103 91
103 92
103 94
103 96
103 98
103 101
103 102
103 106
103 110
103 111
103 117
103 118
103 123
103 124
103 125
103 130
103 137
103 138
103 141
103 143
103 145
103 147
104 2
104 3
104 4
104 7
104 8
104 11
104 14
104 15
104 16
104 17
104 18
104 20
104 23
104 24
104 34
104 36
104 38
104 39
104 40
104 45
104 48
104 53
104 54
104 65
104 66
104 75
104 77
104 86
104 89
104 90
104 93
104 94
104 95
104 98
104 99
104 101
104 104
104 109
104 113
104 114
104 118
104 119
104 120
104 121
104 127
104 131
104 135
104 140
104 143
104 144
104 145
105 0
105 1
105 5
105 10
105 11
105 13
105 16
105 17
105 18
105 22
105 24
105 25
105 26
105 33
105 39
105 40
105 41
105 44
105 45
105 46
105 49
105 50
105 51
105 52
105 54
105 55
105 58
105 62
105 64
105 65
105 67
105 72
105 80
105 81
105 82
105 88
105 91
105 93
105 96
105 97
105 101
105 102
105 104
105 106
105 110
105 116
105 118
105 121
105 123
105 127
105 129
105 130
105 135
105 136
105 137
105 140
105 145
105 146
106 0
106 1
106 5
106 8
106 12
106 15
106 16
106 18
106 23
106 32
106 34
106 40
106 42
106 48
106 49
106 52
106 55
106 56
106 57
106 58
106 59
106 61
106 69
106 71
106 74
106 75
106 77
106 79
106 82
106 86
106 87
106 94
106 100
106 101
106 102
106 105
106 107
106 108
106 111
106 123
106 124
106 133
106 136
106 139
106 141
106 142
106 147
107 4
107 5
107 8
107 10
107 11
107 15
107 17
107 19
107 22
107 23
107 24
107 28
107 30
107 36
107 37
107 38
107 44
107 45
107 49
107 50
107 55
107 61
107 63
107 64
107 66
107 68
107 72
107 74
107 75
107 76
107 77
107 78
107 79
107 80
107 81
107 85
107 91
107 98
107 101
107 104
107 107
107 109
107 115
107 119
107 121
107 122
107 123
107 131
107 135
107 138
107 139
107 140
107 141
108 1
108 2
108 6
108 8
108 10
108 12
108 16
108 18
108 23
108 28
108 30
108 31
108 32
108 33
108 34
108 35
108 44
108 47
108 50
108 53
108 58
108 60
108 63
108 65
108 72
108 75
108 77
108 79
108 84
108 85
108 87
108 88
108 102
108 106
108 109
108 113
108 115
108 119
108 124
108 129
108 130
108 131
108 133
108 134
108 136
108 137
108 138
108 139
108 144
109 0
109 3
109 4
109 6
109 9
109 17
109 19
109 23
109 26
109 28
109 31
109 40
109 41
109 44
109 46
109 47
109 49
109 53
109 54
109 56
109 60
109 61
109 62
109 66
109 68
109 69
109 71
109 74
109 76
109 77
109 80
109 83
109 84
109 88
109 90
109 91
109 94
109 97
109 100
109 102
109 107
109 110
109 113
109 116
109 120
109 121
109 123
109 124
109 126
109 128
109 129
109 131
109 136
109 137
109 138
109 139
109 144
109 146
109 148
109 149
110 2
110 4
110 5
110 8
110 10
110 17
110 22
110 24
110 26
110 31
110 34
110 35
110 37
110 41
110 44
110 46
110 48
110 54
110 56
110 60
110 62
110 64
110 67
110 68
110 69
110 73
110 76
110 79
110 83
110 85
110 90
110 92
110 97
110 98
110 99
110 100
110 101
110 102
110 106
110 109
110 116
110 120
110 123
110 126
110 128
110 132
110 135
110 137
110 139
110 141
110 142
110 144
110 145
110 146
110 149
111 5
111 7
111 10
111 11
111 12
111 15
111 20
111 27
111 28
111 29
111 30
111 31
111 34
111 35
111 37
111 43
111 44
111 47
111 48
111 50
111 52
111 54
111 56
111 57
111 58
111 61
111 63
111 69
111 73
111 74
111 75
111 76
111 77
111 78
111 82
111 86
111 88
111 90
111 92
111 93
111 97
111 101
111 103
111 105
111 106
111 109
111 111
111 112
111 113
111 115
111 119
111 120
111 122
111 123
111 125
111 127
111 129
111 130
111 133
111 142
111 143
111 144
111 146
112 1
112 9
112 10
112 11
112 12
112 13
112 15
112 17
112 21
112 22
112 28
112 43
112 44
112 49
112 52
112 55
112 56
112 58
112 60
112 63
112 65
112 66
112 67
112 72
112 73
112 79
112 81
112 82
112 85
112 88
112 90
112 91
112 92
112 93
112 95
112 96
112 97
112 98
112 99
112 100
112 101
112 103
112 104
112 105
112 106
112 109
112 110
112 111
112 112
112 113
112 115
112 116
112 117
112 119
112 121
112 122
112 123
112 125
112 131
112 133
112 142
112 143
112 144
112 145
112 149
113 1
113 9
113 11
113 12
113 14
113 15
113 17
113 19
113 20
113 23
113 24
113 28
113 29
113 34
113 35
113 39
113 40
113 41
113 46
113 47
113 48
113 49
113 53
113 55
113 57
113 58
113 59
113 62
113 68
113 69
113 70
113 73
113 74
113 75
113 78
113 79
113 81
113 82
113 83
113 90
113 92
113 93
113 97
113 98
113 100
113 102
113 103
113 104
113 107
113 109
113 111
113 113
113 119
113 121
113 123
113 124
113 125
113 127
113 129
113 133
113 135
113 140
113 146
113 148
113 149
114 4
114 5
114 12
114 17
114 19
114 25
114 28
114 33
114 34
114 35
114 36
114 42
114 44
114 48
114 49
114 56
114 57
114 62
114 63
114 68
114 72
114 80
114 81
114 86
114 90
114 94
114 96
114 102
114 103
114 105
114 108
114 115
114 116
114 119
114 124
114 125
114 128
114 132
114 133
114 139
114 142
114 145
114 147
114 148
115 0
115 2
115 3
115 5
115 6
115 9
115 11
115 13
115 15
115 16
115 18
115 19
115 21
115 22
115 25
115 26
115 28
115 34
115 35
115 42
115 46
115 48
115 51
115 52
115 56
115 57
115 58
115 59
115 60
115 61
115 63
115 67
115 74
115 75
115 76
115 77
115 78
115 80
115 85
115 87
115 89
115 90
115 92
115 94
115 95
115 96
115 97
115 99
115 102
115 110
115 113
115 117
115 118
115 119
115 120
115 125
115 129
115 132
115 137
115 139
115 141
115 144
115 145
115 146
116 0
116 3
116 4
116 5
116 7
116 9
116 11
116 12
116 14
116 15
116 16
116 23
116 28
116 29
116 31
116 40
116 41
116 42
116 43
116 45
116 55
116 59
116 62
116 64
116 67
116 68
116 69
116 72
116 73
116 77
116 78
116 79
116 82
116 84
116 85
116 86
116 89
116 93
116 94
116 98
116 99
116 100
116 107
116 109
116 110
116 113
116 115
116 118
116 129
116 131
116 132
116 133
116 135
116 136
116 141
116 143
116 144
116 145
117 3
117 5
117 8
117 9
117 12
117 13
117 14
117 15
117 19
117 20
117 22
117 23
117 24
117 25
117 26
117 27
117 28
117 32
117 35
117 36
117 40
117 42
117 48
117 49
117 50
117 55
117 56
117 57
117 60
117 61
117 62
117 64
117 67
117 68
117 69
117 70
117 71
117 72
117 76
117 79
117 83
117 88
117 90
117 91
117 97
117 99
117 100
117 102
117 103
117 104
117 107
117 113
117 115
117 116
117 121
117 124
117 125
117 127
117 129
117 131
117 132
117 133
117 134
117 138
117 143
117 146
117 147
117 149
118 0
118 1
118 3
118 4
118 11
118 14
118 16
118 17
118 21
118 25
118 26
118 31
118 34
118 39
118 41
118 45
118 49
118 50
118 52
118 53
118 54
118 56
118 57
118 60
118 63
118 72
118 74
118 79
118 86
118 91
118 95
118 96
118 100
118 105
118 106
118 110
118 111
118 114
118 115
118 120
118 123
118 124
118 133
118 136
118 137
118 139
118 140
118 143
118 144
118 149
119 0
119 2
119 5
119 6
119 7
119 12
119 15
119 16
119 20
119 28
119 31
119 34
119 35
119 40
119 42
119 46
119 47
119 48
119 49
119 51
119 57
119 61
119 64
119 65
119 67
119 68
119 70
119 73
119 74
119 75
119 76
119 78
119 83
119 84
119 86
119 87
119 90
119 95
119 96
119 102
119 104
119 106
119 110
119 111
119 115
119 116
119 117
119 118
119 121
119 124
119 125
119 127
119 128
119 129
119 130
119 133
119 134
119 137
119 138
119 139
119 140
119 142
119 144
119 145
119 146
119 148
120 0
120 2
120 4
120 8
120 10
120 11
120 13
120 15
120 21
120 23
120 26
120 28
120 31
120 36
120 39
120 42
120 43
120 45
120 54
120 60
120 61
120 63
120 64
120 66
120 67
120 68
120 71
120 73
120 88
120 90
120 91
120 93
120 99
120 102
120 103
120 105
120 106
120 112
120 114
120 116
120 117
120 119
120 120
120 121
120 123
120 126
120 127
120 128
120 133
120 135
120 136
120 137
120 138
120 141
120 143
120 144
120 146
120 147
120 149
121 0
121 1
121 4
121 8
121 9
121 15
121 17
121 18
121 21
121 24
121 25
121 26
121 31
121 33
121 35
121 39
121 47
121 50
121 52
121 54
121 55
121 58
121 60
121 61
121 67
121 71
121 73
121 77
121 78
121 81
121 83
121 84
121 89
121 91
121 95
121 96
121 97
121 98
121 99
121 104
121 106
121 107
121 108
121 110
121 113
121 118
121 121
121 122
121 124
121 125
121 127
121 135
121 137
121 138
121 139
121 145
121 147
121 149
122 0
122 1
122 2
122 5
122 9
122 12
122 13
122 19
122 24
122 25
122 28
122 30
122 38
122 41
122 47
122 48
122 51
122 54
122 56
122 57
122 59
122 61
122 62
122 66
122 69
122 72
122 73
122 74
122 75
122 77
122 79
122 82
122 84
122 86
122 89
122 94
122 95
122 96
122 101
122 103
122 104
122 105
122 107
122 110
122 111
122 112
122 116
122 118
122 120
122 125
122 130
122 134
122 136
122 139
122 140
122 142
122 146
123 5
123 7
123 8
123 9
123 11
123 13
123 14
123 15
123 18
123 19
123 21
123 22
123 26
123 28
123 29
123 32
123 35
123 37
123 39
123 42
123 43
123 49
123 51
123 52
123 54
123 55
123 57
123 61
123 62
123 65
123 68
123 69
123 70
123 74
123 77
123 80
123 81
123 85
123 91
123 95
123 97
123 99
123 100
123 104
123 105
123 106
123 107
123 109
123 112
123 113
123 119
123 122
123 124
123 128
123 132
123 133
123 136
123 137
123 138
123 140
123 143
124 1
124 8
124 12
124 13
124 15
124 16
124 19
124 20
124 23
124 25
124 28
124 30
124 33
124 38
124 40
124 44
124 46
124 47
124 55
124 56
124 60
124 61
124 64
124 66
124 67
124 68
124 71
124 72
124 74
124 75
124 76
124 78
124 81
124 82
124 84
124 87
124 89
124 90
124 92
124 94
124 96
124 99
124 101
124 102
124 104
124 106
124 107
124 109
124 110
124 113
124 115
124 117
124 120
124 121
124 123
124 125
124 130
124 133
124 134
124 137
124 138
124 139
124 140
124 143
124 144
124 146
125 0
125 1
125 2
125 6
125 10
125 13
125 23
125 27
125 29
125 30
125 31
125 38
125 45
125 47
125 49
125 51
125 52
125 54
125 55
125 56
125 59
125 60
125 61
125 62
125 63
125 64
125 66
125 67
125 69
125 76
125 77
125 78
125 82
125 85
125 86
125 89
125 95
125 96
125 97
125 100
125 105
125 108
125 115
125 116
125 117
125 119
125 121
125 122
125 124
125 130
125 131
125 135
125 136
125 141
125 145
125 149
126 1
126 2
126 4
126 8
126 10
126 11
126 12
126 18
126 20
126 21
126 27
126 29
126 30
126 32
126 34
126 36
126 40
126 41
126 48
126 53
126 55
126 56
126 58
126 60
126 62
126 66
126 67
126 69
126 74
126 75
126 77
126 81
126 83
126 88
126 89
126 93
126 96
126 102
126 105
126 106
126 108
126 110
126 111
126 115
126 116
126 117
126 119
126 120
126 123
126 129
126 133
126 138
126 140
126 142
126 148
127 10
127 11
127 14
127 15
127 22
127 25
127 26
127 27
127 28
127 29
127 31
127 33
127 34
127 36
127 42
127 43
127 45
127 47
127 49
127 54
127 56
127 59
127 60
127 66
127 67
127 69
127 72
127 73
127 77
127 78
127 79
127 80
127 83
127 88
127 91
127 93
127 94
127 99
127 100
127 103
127 107
127 108
127 109
127 112
127 113
127 116
127 123
127 125
127 128
127 129
127 130
127 134
127 138
127 140
127 141
127 143
127 145
127 146
127 147
127 148
128 0
128 1
128 5
128 6
128 11
128 12
128 14
128 17
128 18
128 19
128 23
128 30
128 33
128 36
128 38
128 40
128 41
128 46
128 48
128 49
128 52
128 56
128 57
128 58
128 60
128 62
128 63
128 65
128 66
128 70
128 72
128 74
128 76
128 77
128 80
128 81
128 82
128 85
128 92
128 96
128 100
128 101
128 103
128 105
128 110
128 112
128 115
128 116
128 119
128 124
128 125
128 127
128 130
128 131
128 138
128 139
128 140
128 141
128 143
128 148
129 0
129 1
129 5
129 8
129 11
129 13
129 18
129 19
129 26
129 27
129 35
129 39
129 45
129 46
129 48
129 53
129 54
129 55
129 60
129 61
129 65
129 69
129 70
129 72
129 76
129 77
129 78
129 84
129 85
129 87
129 91
129 93
129 94
129 96
129 99
129 103
129 104
129 107
129 111
129 113
129 115
129 117
129 118
129 119
129 123
129 124
129 125
129 126
129 127
129 139
129 140
129 144
129 145
129 148
129 149
130 5
130 7
130 9
130 13
130 16
130 17
130 20
130 21
130 26
130 27
130 32
130 33
130 37
130 38
130 40
130 42
130 44
130 48
130 49
130 51
130 52
130 53
130 56
130 61
130 68
130 72
130 77
130 81
130 82
130 83
130 84
130 85
130 86
130 91
130 94
130 95
130 99
130 100
130 106
130 107
130 112
130 113
130 115
130 116
130 117
130 121
130 127
130 128
130 130
130 132
130 133
130 138
130 140
130 143
131 0
131 3
131 6
131 7
131 8
131 10
131 11
131 13
131 14
131 15
131 24
131 28
131 29
131 30
131 36
131 39
131 48
131 49
131 51
131 56
131 64
131 67
131 70
131 71
131 72
131 73
131 74
131 86
131 87
131 88
131 89
131 92
131 94
131 99
131 100
131 101
131 105
131 106
131 108
131 109
131 110
131 111
131 119
131 122
131 124
131 125
131 126
131 127
131 131
131 135
131 136
131 137
131 140
131 142
131 144
131 145
131 146
131 149
132 2
132 4
132 7
132 9
132 11
132 12
132 14
132 16
132 17
132 18
132 20
132 22
132 23
132 26
132 27
132 29
132 32
132 33
132 35
132 40
132 44
132 45
132 54
132 56
132 61
132 63
132 66
132 73
132 74
132 77
132 80
132 81
132 83
132 85
132 95
132 97
132 98
132 99
132 100
132 107
132 108
132 111
132 112
132 114
132 115
132 117
132 119
132 120
132 123
132 127
132 128
132 133
132 134
132 137
132 143
132 144
132 145
132 149
133 0
133 1
133 5
133 6
133 9
133 12
133 14
133 18
133 22
133 23
133 25
133 26
133 32
133 35
133 36
133 38
133 41
133 42
133 46
133 55
133 56
133 61
133 62
133 64
133 70
133 72
133 73
133 77
133 83
133 85
133 86
133 88
133 91
133 94
133 96
133 97
133 99
133 101
133 105
133 106
133 107
133 111
133 116
133 117
133 119
133 120
133 121
133 124
133 126
133 127
133 129
133 130
133 134
133 135
133 138
133 142
133 144
133 146
133 148
134 2
134 4
134 5
134 9
134 11
134 15
134 17
134 19
134 20
134 21
134 23
134 24
134 26
134 28
134 29
134 30
134 31
134 35
134 36
134 37
134 39
134 43
134 48
134 49
134 50
134 55
134 62
134 63
134 64
134 66
134 71
134 72
134 73
134 74
134 76
134 78
134 84
134 87
134 94
134 98
134 100
134 102
134 103
134 105
134 110
134 127
134 132
134 134
134 135
134 136
134 137
134 139
134 140
134 143
134 144
134 145
135 0
135 4
135 5
135 6
135 9
135 12
135 18
135 21
135 23
135 28
135 29
135 30
135 31
135 32
135 33
135 35
135 36
135 40
135 43
135 46
135 48
135 49
135 50
135 51
135 54
135 56
135 66
135 67
135 70
135 74
135 77
135 78
135 79
135 87
135 88
135 89
135 90
135 91
135 93
135 96
135 97
135 98
135 101
135 102
135 105
135 106
135 108
135 113
135 114
135 117
135 122
135 123
135 124
135 125
135 126
135 127
135 128
135 130
135 131
135 132
135 133
135 134
135 135
135 137
135 142
135 143
135 145
135 146
136 0
136 1
136 2
136 4
136 6
136 7
136 8
136 10
136 11
136 12
136 15
136 16
136 20
136 22
136 23
136 25
136 30
136 31
136 33
136 34
136 36
136 37
136 40
136 41
136 43
136 47
136 69
136 73
136 76
136 77
136 78
136 80
136 81
136 82
136 88
136 90
136 92
136 97
136 98
136 100
136 104
136 105
136 106
136 117
136 118
136 120
136 123
136 128
136 130
136 133
136 134
136 138
136 139
136 140
136 141
136 143
136 144
136 146
136 147
137 0
137 2
137 5
137 8
137 9
137 11
137 13
137 15
137 19
137 20
137 21
137 22
137 23
137 27
137 28
137 29
137 34
137 37
137 38
137 39
137 49
137 51
137 52
137 55
137 57
137 60
137 64
137 65
137 66
137 68
137 72
137 74
137 75
137 76
137 80
137 83
137 86
137 87
137 88
137 89
137 94
137 95
137 96
137 97
137 105
137 107
137 109
137 113
137 114
137 115
137 117
137 118
137 119
137 124
137 127
137 133
137 134
137 136
137 137
137 139
137 140
137 141
137 142
137 143
137 145
137 148
137 149
138 0
138 1
138 2
138 3
138 4
138 5
138 6
138 7
138 10
138 11
138 12
138 14
138 15
138 18
138 20
138 21
138 23
138 24
138 25
138 26
138 29
138 34
138 39
138 40
138 49
138 51
138 53
138 55
138 57
138 58
138 61
138 62
138 69
138 70
138 73
138 75
138 76
138 77
138 80
138 86
138 87
138 88
138 91
138 92
138 93
138 94
138 95
138 101
138 103
138 104
138 108
138 112
138 114
138 116
138 117
138 119
138 124
138 127
138 129
138 130
138 133
138 135
138 136
138 137
138 142
138 143
138 147
139 0
139 1
139 2
139 6
139 9
139 10
139 12
139 13
139 16
139 17
139 19
139 20
139 25
139 27
139 28
139 36
139 38
139 40
139 42
139 43
139 44
139 45
139 46
139 52
139 53
139 54
139 55
139 59
139 62
139 63
139 64
139 67
139 69
139 71
139 73
139 76
139 78
139 79
139 80
139 81
139 82
139 85
139 89
139 91
139 94
139 101
139 105
139 106
139 107
139 108
139 109
139 112
139 113
139 115
139 116
139 118
139 123
139 124
139 125
139 127
139 128
139 129
139 135
139 136
139 141
139 142
139 144
139 146
139 149
140 6
140 7
140 9
140 13
140 16
140 18
140 22
140 25
140 30
140 31
140 33
140 34
140 35
140 37
140 38
140 40
140 43
140 45
140 47
140 48
140 50
140 51
140 52
140 54
140 57
140 59
140 61
140 62
140 63
140 64
140 72
140 73
140 74
140 75
140 80
140 81
140 82
140 84
140 85
140 86
140 87
140 92
140 96
140 99
140 101
140 103
140 105
140 106
140 108
140 112
140 113
140 115
140 130
140 134
140 135
140 138
140 146
141 0
141 4
141 6
141 7
141 8
141 12
141 14
141 18
141 19
141 20
141 22
141 27
141 28
141 29
141 33
141 40
141 43
141 45
141 48
141 50
141 52
141 54
141 59
141 64
141 66
141 71
141 72
141 73
141 78
141 81
141 85
141 95
141 96
141 98
141 99
141 103
141 106
141 109
141 111
141 113
141 118
141 121
141 122
141 123
141 124
141 126
141 127
141 130
141 131
141 133
141 134
141 135
141 137
141 140
141 142
141 145
141 146
141 148
142 0
142 6
142 7
142 8
142 11
142 12
142 20
142 21
142 24
142 27
142 32
142 37
142 40
142 44
142 46
142 48
142 49
142 50
142 52
142 53
142 55
142 57
142 63
142 65
142 68
142 75
142 76
142 77
142 79
142 80
142 82
142 83
142 88
142 91
142 96
142 98
142 100
142 101
142 102
142 103
142 104
142 108
142 109
142 111
142 115
142 117
142 118
142 124
142 125
142 127
142 128
142 130
142 131
142 135
142 136
142 138
142 139
142 144
142 149
143 6
143 7
143 8
143 9
143 12
143 13
143 17
143 18
143 19
143 21
143 22
143 26
143 28
143 30
143 34
143 37
143 38
143 40
143 43
143 46
143 49
143 50
143 51
143 54
143 55
143 57
143 59
143 61
143 62
143 66
143 69
143 73
143 78
143 79
143 80
143 88
143 89
143 91
143 96
143 99
143 101
143 102
143 106
143 108
143 109
143 111
143 116
143 117
143 118
143 119
143 124
143 126
143 127
143 128
143 130
143 133
143 137
143 138
143 147
144 1
144 2
144 4
144 6
144 10
144 13
144 17
144 18
144 23
144 24
144 27
144 28
144 30
144 33
144 34
144 39
144 40
144 44
144 45
144 48
144 51
144 53
144 54
144 56
144 58
144 59
144 61
144 62
144 65
144 68
144 70
144 77
144 81
144 82
144 83
144 90
144 93
144 96
144 97
144 99
144 102
144 105
144 106
144 110
144 112
144 113
144 115
144 116
144 119
144 120
144 123
144 125
144 126
144 128
144 131
144 132
144 134
144 135
144 140
144 144
144 147
144 148
144 149
145 1
145 4
145 5
145 6
145 8
145 9
145 11
145 12
145 17
145 19
145 23
145 24
145 26
145 28
145 33
145 35
145 39
145 42
145 44
145 48
145 50
145 52
145 55
145 57
145 59
145 60
145 61
145 62
145 64
145 66
145 67
145 69
145 74
145 75
145 76
145 77
145 80
145 83
145 84
145 86
145 88
145 89
145 90
145 91
145 92
145 95
145 96
145 99
145 100
145 102
145 105
145 106
145 107
145 112
145 113
145 114
145 119
145 122
145 123
145 124
145 127
145 129
145 132
145 134
145 138
145 141
145 144
145 145
146 0
146 1
146 3
146 4
146 8
146 9
146 10
146 11
146 12
146 14
146 16
146 17
146 18
146 19
146 21
146 22
146 23
146 24
146 25
146 29
146 31
146 33
146 40
146 45
146 47
146 52
146 56
146 58
146 60
146 61
146 62
146 63
146 65
146 66
146 67
146 72
146 77
146 79
146 81
146 83
146 84
146 87
146 88
146 90
146 92
146 99
146 102
146 103
146 104
146 109
146 110
146 112
146 121
146 126
146 130
146 134
146 138
146 139
146 140
146 141
146 143
146 144
146 145
146 147
147 0
147 2
147 3
147 6
147 7
147 12
147 17
147 20
147 21
147 28
147 29
147 30
147 37
147 39
147 40
147 42
147 44
147 49
147 56
147 58
147 62
147 64
147 66
147 71
147 72
147 73
147 75
147 76
147 80
147 81
147 82
147 83
147 84
147 85
147 86
147 92
147 93
147 94
147 97
147 101
147 102
147 103
147 124
147 131
147 134
147 136
147 138
147 142
147 149
148 1
148 3
148 7
148 8
148 9
148 10
148 11
148 12
148 15
148 16
148 18
148 20
148 24
148 26
148 27
148 28
148 36
148 37
148 38
148 39
148 45
148 48
148 50
148 57
148 58
148 62
148 64
148 66
148 68
148 70
148 72
148 76
148 84
148 87
148 89
148 90
148 97
148 99
148 104
148 105
148 106
148 107
148 110
148 112
148 113
148 114
148 115
148 116
148 120
148 122
148 125
148 129
148 131
148 132
148 134
148 137
148 142
148 144
148 145
148 147
149 0
149 1
149 3
149 8
149 11
149 15
149 16
149 22
149 23
149 26
149 30
149 35
149 36
149 46
149 47
149 48
149 49
149 52
149 53
149 70
149 71
149 72
149 77
149 79
149 84
149 85
149 86
149 89
149 90
149 92
149 96
149 98
149 100
149 104
149 107
149 109
149 110
149 112
149 113
149 115
149 116
149 119
149 130
149 132
149 133
149 134
149 135
149 137
149 139
149 143
149 146
149 147
