130
6708
0 1
0 11
0 13
0 16
0 20
0 21
0 23
0 24
0 26
0 27
0 28
0 34
0 35
0 37
0 39
0 41
0 48
0 49
0 54
0 55
0 57
0 58
0 62
0 65
0 66
0 67
0 69
0 74
0 78
0 81
0 85
0 86
0 87
0 89
0 92
0 94
0 96
0 99
0 100
0 101
0 102
0 104
0 106
0 107
0 108
0 114
0 117
0 118
0 120
0 121
0 125
0 129
1 2
1 4
1 7
1 8
1 21
1 24
1 26
1 28
1 30
1 31
1 33
1 37
1 53
1 55
1 59
1 60
1 64
1 70
1 75
1 78
1 83
1 92
1 94
1 96
1 98
1 99
1 100
1 103
1 109
1 111
1 112
1 115
1 117
1 119
1 121
1 122
1 125
1 127
1 128
1 129
2 0
2 1
2 5
2 7
2 9
2 10
2 11
2 15
2 16
2 27
2 32
2 34
2 38
2 39
2 42
2 45
2 46
2 48
2 52
2 58
2 60
2 62
2 64
2 67
2 68
2 69
2 71
2 72
2 74
2 77
2 78
2 83
2 84
2 85
2 86
2 90
2 93
2 95
2 96
2 97
2 99
2 102
2 106
2 110
2 113
2 116
2 118
2 120
2 124
2 125
2 127
2 129
3 2
3 6
3 7
3 11
3 16
3 17
3 18
3 23
3 26
3 28
3 39
3 43
3 44
3 47
3 48
3 49
3 54
3 60
3 64
3 66
3 67
3 68
3 74
3 80
3 82
3 84
3 85
3 86
3 91
3 93
3 97
3 100
3 106
3 107
3 110
3 114
3 116
3 117
3 120
3 121
3 122
3 128
4 0
4 4
4 8
4 9
4 12
4 13
4 14
4 15
4 18
4 21
4 22
4 23
4 25
4 30
4 31
4 32
4 33
4 38
4 39
4 40
4 47
4 48
4 49
4 50
4 51
4 56
4 59
4 63
4 65
4 66
4 67
4 68
4 70
4 73
4 74
4 76
4 78
4 80
4 81
4 82
4 84
4 99
4 103
4 108
4 110
4 111
4 113
4 114
4 117
4 124
4 125
4 127
5 0
5 3
5 4
5 5
5 9
5 10
5 12
5 15
5 17
5 18
5 22
5 26
5 27
5 29
5 31
5 33
5 37
5 38
5 42
5 44
5 47
5 48
5 49
5 50
5 51
5 55
5 58
5 61
5 65
5 66
5 67
5 68
5 69
5 70
5 72
5 75
5 78
5 79
5 81
5 83
5 84
5 87
5 88
5 89
5 90
5 93
5 96
5 97
5 98
5 99
5 101
5 102
5 106
5 108
5 109
5 113
5 116
5 117
5 118
5 121
5 127
5 129
6 1
6 2
6 3
6 4
6 8
6 11
6 13
6 16
6 23
6 28
6 30
6 31
6 38
6 39
6 42
6 44
6 45
6 46
6 48
6 49
6 50
6 51
6 53
6 54
6 55
6 57
6 60
6 61
6 63
6 65
6 66
6 67
6 68
6 69
6 72
6 76
6 79
6 81
6 82
6 84
6 87
6 88
6 93
6 95
6 99
6 101
6 105
6 106
6 110
6 112
6 116
6 121
6 123
6 125
6 126
6 129
7 0
7 2
7 4
7 5
7 6
7 9
7 12
7 14
7 17
7 18
7 20
7 23
7 26
7 29
7 30
7 40
7 42
7 43
7 46
7 47
7 49
7 51
7 52
7 56
7 57
7 60
7 63
7 66
7 70
7 71
7 72
7 75
7 76
7 77
7 79
7 87
7 89
7 90
7 92
7 93
7 97
7 99
7 102
7 103
7 105
7 108
7 109
7 115
7 120
7 123
7 128
7 129
8 0
8 1
8 3
8 4
8 5
8 10
8 17
8 22
8 23
8 29
8 30
8 36
8 37
8 43
8 44
8 45
8 47
8 51
8 54
8 58
8 59
8 61
8 62
8 68
8 69
8 72
8 73
8 74
8 76
8 78
8 80
8 81
8 82
8 83
8 96
8 104
8 107
8 108
8 110
8 115
8 127
8 129
9 1
9 3
9 5
9 7
9 8
9 9
9 13
9 14
9 23
9 25
9 26
9 27
9 28
9 31
9 36
9 43
9 44
9 45
9 46
9 47
9 48
9 51
9 55
9 56
9 57
9 58
9 59
9 60
9 61
9 64
9 67
9 68
9 69
9 73
9 75
9 77
9 78
9 83
9 85
9 87
9 88
9 92
9 93
9 94
9 100
9 103
9 107
9 109
9 112
9 114
9 117
9 119
9 121
9 123
9 124
9 129
10 0
10 2
10 10
10 12
10 13
10 14
10 21
10 23
10 25
10 26
10 28
10 32
10 33
10 37
10 40
10 41
10 47
10 51
10 52
10 53
10 59
10 60
10 66
10 68
10 76
10 79
10 82
10 83
10 86
10 88
10 92
10 93
10 94
10 101
10 102
10 104
10 110
10 115
10 120
10 121
10 122
10 124
11 3
11 6
11 8
11 11
11 12
11 15
11 17
11 21
11 22
11 23
11 25
11 27
11 28
11 32
11 36
11 38
11 43
11 44
11 45
11 46
11 48
11 49
11 50
11 51
11 57
11 58
11 61
11 63
11 64
11 66
11 70
11 72
11 73
11 77
11 79
11 80
11 82
11 83
11 85
11 87
11 89
11 91
11 92
11 93
11 96
11 97
11 101
11 103
11 104
11 107
11 112
11 113
11 114
11 116
11 118
11 120
11 121
11 122
11 123
11 124
11 125
11 126
11 129
12 0
12 3
12 4
12 5
12 6
12 8
12 10
12 14
12 15
12 16
12 20
12 22
12 24
12 28
12 29
12 34
12 36
12 37
12 40
12 43
12 45
12 47
12 48
12 50
12 54
12 66
12 68
12 69
12 70
12 72
12 75
12 78
12 80
12 82
12 87
12 89
12 90
12 91
12 95
12 97
12 98
12 99
12 100
12 105
12 106
12 108
12 112
12 113
12 116
12 117
12 119
12 124
12 125
12 126
12 128
13 2
13 9
13 13
13 17
13 20
13 23
13 25
13 27
13 37
13 40
13 44
13 45
13 46
13 48
13 55
13 56
13 57
13 58
13 66
13 67
13 71
13 75
13 78
13 79
13 81
13 82
13 84
13 85
13 92
13 101
13 103
13 105
13 106
13 107
13 108
13 109
13 113
13 114
13 115
13 117
13 120
13 121
13 122
13 123
13 126
13 128
13 129
14 1
14 2
14 3
14 9
14 10
14 11
14 13
14 16
14 19
14 23
14 26
14 31
14 32
14 35
14 39
14 40
14 43
14 44
14 45
14 46
14 50
14 52
14 56
14 59
14 60
14 62
14 63
14 65
14 68
14 72
14 73
14 74
14 75
14 78
14 83
14 94
14 95
14 97
14 98
14 99
14 100
14 101
14 102
14 103
14 104
14 105
14 107
14 109
14 113
14 114
14 115
14 116
14 119
14 122
14 124
14 125
14 126
14 127
14 129
15 5
15 9
15 10
15 12
15 13
15 17
15 18
15 24
15 25
15 27
15 28
15 29
15 30
15 32
15 33
15 36
15 37
15 38
15 42
15 43
15 46
15 48
15 52
15 55
15 58
15 59
15 60
15 68
15 69
15 71
15 73
15 74
15 75
15 80
15 81
15 85
15 86
15 88
15 95
15 98
15 100
15 101
15 102
15 103
15 108
15 118
15 119
15 123
15 124
15 126
15 129
16 0
16 5
16 8
16 13
16 15
16 17
16 18
16 19
16 20
16 21
16 22
16 23
16 26
16 27
16 29
16 31
16 37
16 39
16 40
16 42
16 43
16 45
16 47
16 48
16 54
16 55
16 56
16 58
16 65
16 66
16 71
16 73
16 81
16 82
16 83
16 86
16 93
16 94
16 96
16 97
16 98
16 99
16 100
16 107
16 108
16 109
16 110
16 111
16 116
16 117
16 120
16 122
16 127
16 129
17 1
17 7
17 8
17 10
17 11
17 12
17 13
17 14
17 15
17 16
17 20
17 21
17 26
17 27
17 29
17 30
17 31
17 33
17 34
17 35
17 37
17 42
17 43
17 47
17 49
17 52
17 53
17 54
17 55
17 57
17 58
17 61
17 62
17 63
17 68
17 75
17 77
17 78
17 79
17 83
17 88
17 90
17 91
17 94
17 97
17 98
17 99
17 105
17 107
17 108
17 109
17 110
17 111
17 112
17 113
17 115
17 116
17 117
17 118
17 119
17 120
17 121
17 122
17 126
17 128
18 3
18 5
18 6
18 9
18 19
18 24
18 29
18 30
18 31
18 36
18 37
18 41
18 42
18 45
18 46
18 48
18 50
18 56
18 64
18 74
18 75
18 76
18 82
18 86
18 89
18 90
18 93
18 95
18 96
18 98
18 102
18 108
18 110
18 111
18 112
18 115
18 121
18 122
19 1
19 2
19 3
19 4
19 5
19 6
19 9
19 19
19 20
19 21
19 22
19 25
19 31
19 32
19 33
19 35
19 36
19 39
19 40
19 45
19 51
19 59
19 61
19 62
19 65
19 66
19 68
19 71
19 78
19 81
19 85
19 91
19 96
19 99
19 100
19 101
19 102
19 104
19 106
19 107
19 108
19 110
19 111
19 112
19 114
19 115
19 116
19 121
19 122
19 126
19 129
20 3
20 4
20 7
20 10
20 14
20 16
20 17
20 19
20 22
20 23
20 25
20 29
20 31
20 32
20 34
20 35
20 40
20 44
20 46
20 47
20 50
20 53
20 54
20 56
20 57
20 66
20 67
20 68
20 69
20 75
20 76
20 77
20 78
20 79
20 81
20 85
20 91
20 92
20 93
20 95
20 97
20 101
20 103
20 104
20 109
20 112
20 114
20 116
20 117
20 118
20 121
20 123
20 126
20 127
21 10
21 14
21 16
21 20
21 21
21 22
21 27
21 30
21 31
21 32
21 34
21 35
21 37
21 38
21 39
21 44
21 45
21 47
21 49
21 51
21 52
21 53
21 54
21 58
21 61
21 62
21 66
21 67
21 68
21 69
21 74
21 76
21 77
21 78
21 79
21 80
21 82
21 83
21 86
21 88
21 89
21 92
21 93
21 94
21 101
21 104
21 106
21 108
21 117
21 126
21 129
22 0
22 2
22 3
22 4
22 8
22 11
22 18
22 21
22 29
22 32
22 33
22 35
22 42
22 44
22 45
22 47
22 49
22 50
22 51
22 55
22 60
22 62
22 63
22 65
22 66
22 68
22 69
22 71
22 73
22 77
22 78
22 79
22 80
22 84
22 90
22 92
22 94
22 96
22 101
22 108
22 110
22 111
22 115
22 121
22 126
22 128
22 129
23 0
23 1
23 4
23 5
23 9
23 11
23 17
23 19
23 21
23 24
23 27
23 31
23 34
23 36
23 39
23 40
23 42
23 47
23 49
23 50
23 51
23 60
23 61
23 63
23 72
23 74
23 76
23 77
23 79
23 82
23 88
23 89
23 90
23 92
23 94
23 95
23 96
23 99
23 103
23 104
23 105
23 106
23 107
23 108
23 112
23 116
23 118
23 120
23 121
23 122
23 123
23 126
23 127
24 0
24 6
24 8
24 11
24 12
24 15
24 16
24 19
24 20
24 21
24 22
24 23
24 27
24 28
24 30
24 32
24 33
24 35
24 36
24 39
24 40
24 41
24 42
24 43
24 49
24 51
24 56
24 57
24 58
24 60
24 63
24 68
24 69
24 70
24 71
24 72
24 75
24 83
24 87
24 92
24 93
24 95
24 98
24 99
24 102
24 103
24 104
24 108
24 109
24 112
24 113
24 115
24 117
24 120
24 122
24 123
24 126
24 127
25 1
25 7
25 10
25 17
25 18
25 30
25 34
25 39
25 44
25 48
25 51
25 55
25 57
25 58
25 60
25 62
25 64
25 65
25 67
25 71
25 72
25 73
25 78
25 81
25 85
25 87
25 88
25 93
25 96
25 103
25 104
25 105
25 109
25 110
25 111
25 113
25 114
25 116
25 119
25 120
25 122
25 124
25 126
25 129
26 0
26 1
26 3
26 4
26 5
26 7
26 8
26 14
26 16
26 17
26 19
26 20
26 22
26 25
26 28
26 30
26 32
26 33
26 34
26 35
26 45
26 49
26 53
26 54
26 55
26 56
26 59
26 66
26 71
26 74
26 76
26 78
26 86
26 89
26 90
26 91
26 92
26 95
26 97
26 98
26 103
26 104
26 108
26 116
26 119
26 120
26 125
26 127
26 129
27 0
27 1
27 2
27 3
27 10
27 21
27 24
27 25
27 26
27 30
27 32
27 33
27 37
27 43
27 44
27 47
27 48
27 54
27 57
27 58
27 59
27 63
27 65
27 69
27 76
27 77
27 79
27 82
27 83
27 85
27 87
27 90
27 93
27 97
27 99
27 105
27 106
27 107
27 108
27 111
27 113
27 114
27 115
27 116
27 118
27 120
27 122
27 127
27 128
28 2
28 5
28 6
28 8
28 10
28 15
28 20
28 24
28 26
28 33
28 35
28 37
28 40
28 41
28 46
28 51
28 52
28 53
28 57
28 59
28 61
28 62
28 63
28 67
28 69
28 72
28 74
28 75
28 86
28 87
28 91
28 93
28 101
28 112
28 114
28 115
28 116
28 117
28 118
28 119
28 120
28 122
28 126
28 128
29 2
29 4
29 9
29 12
29 14
29 17
29 18
29 19
29 21
29 23
29 24
29 28
29 31
29 32
29 33
29 34
29 36
29 39
29 41
29 45
29 46
29 50
29 52
29 53
29 55
29 56
29 58
29 64
29 67
29 73
29 75
29 80
29 81
29 85
29 86
29 88
29 92
29 93
29 103
29 106
29 108
29 110
29 111
29 116
29 120
29 121
29 123
29 128
30 1
30 7
30 11
30 12
30 14
30 15
30 17
30 20
30 22
30 23
30 25
30 30
30 31
30 35
30 38
30 43
30 46
30 48
30 50
30 51
30 52
30 56
30 61
30 63
30 65
30 67
30 71
30 72
30 75
30 76
30 78
30 79
30 84
30 88
30 91
30 92
30 93
30 94
30 97
30 104
30 106
30 108
30 112
30 117
30 119
30 125
30 127
30 129
31 0
31 1
31 2
31 7
31 8
31 12
31 16
31 26
31 27
31 28
31 31
31 32
31 36
31 37
31 39
31 40
31 42
31 43
31 52
31 53
31 54
31 55
31 56
31 60
31 62
31 64
31 66
31 68
31 71
31 74
31 75
31 76
31 79
31 81
31 82
31 84
31 87
31 88
31 89
31 93
31 94
31 99
31 104
31 106
31 108
31 109
31 110
31 111
31 113
31 114
31 117
31 118
31 123
31 126
31 128
32 0
32 3
32 4
32 6
32 7
32 8
32 10
32 12
32 13
32 25
32 29
32 37
32 38
32 39
32 40
32 43
32 44
32 46
32 47
32 49
32 55
32 59
32 60
32 61
32 63
32 65
32 74
32 76
32 79
32 80
32 87
32 90
32 92
32 94
32 98
32 102
32 104
32 109
32 110
32 111
32 112
32 117
32 118
32 121
32 124
32 125
32 129
33 1
33 7
33 8
33 9
33 15
33 21
33 23
33 28
33 29
33 31
33 32
33 35
33 36
33 37
33 38
33 40
33 42
33 44
33 47
33 52
33 53
33 54
33 56
33 57
33 59
33 60
33 63
33 64
33 65
33 66
33 68
33 72
33 77
33 78
33 80
33 81
33 82
33 84
33 85
33 86
33 88
33 89
33 91
33 92
33 98
33 99
33 104
33 113
33 116
33 118
33 119
33 120
33 122
33 124
33 126
34 1
34 4
34 5
34 6
34 7
34 9
34 14
34 15
34 18
34 22
34 23
34 26
34 31
34 32
34 34
34 37
34 38
34 39
34 40
34 41
34 42
34 45
34 47
34 51
34 52
34 55
34 58
34 65
34 69
34 73
34 75
34 78
34 84
34 87
34 89
34 93
34 94
34 99
34 100
34 102
34 105
34 107
34 110
34 113
34 114
34 117
34 118
34 119
34 120
34 123
34 124
34 126
34 127
35 3
35 8
35 9
35 12
35 18
35 20
35 21
35 22
35 25
35 26
35 37
35 40
35 41
35 43
35 44
35 45
35 46
35 47
35 49
35 51
35 53
35 55
35 56
35 58
35 60
35 62
35 63
35 67
35 68
35 69
35 70
35 71
35 82
35 83
35 84
35 85
35 88
35 90
35 96
35 99
35 102
35 103
35 106
35 107
35 109
35 112
35 114
35 115
35 119
35 120
35 122
35 125
35 126
35 127
35 128
35 129
36 1
36 3
36 4
36 7
36 9
36 13
36 15
36 18
36 21
36 22
36 25
36 30
36 31
36 32
36 33
36 36
36 37
36 38
36 40
36 41
36 44
36 48
36 49
36 51
36 52
36 55
36 58
36 60
36 64
36 67
36 73
36 81
36 91
36 92
36 96
36 97
36 100
36 104
36 105
36 106
36 109
36 113
36 117
36 118
36 119
36 120
36 121
36 122
36 123
36 126
36 127
37 0
37 1
37 3
37 6
37 9
37 10
37 12
37 13
37 14
37 18
37 20
37 24
37 25
37 26
37 28
37 30
37 31
37 32
37 33
37 35
37 36
37 37
37 38
37 48
37 49
37 50
37 51
37 56
37 60
37 61
37 68
37 70
37 71
37 75
37 76
37 80
37 81
37 83
37 89
37 94
37 96
37 97
37 99
37 104
37 108
37 113
37 114
37 115
37 116
37 124
37 126
37 127
37 129
38 0
38 4
38 6
38 7
38 8
38 9
38 15
38 17
38 21
38 27
38 29
38 31
38 32
38 33
38 37
38 39
38 40
38 42
38 45
38 47
38 50
38 52
38 53
38 54
38 56
38 59
38 61
38 67
38 69
38 72
38 77
38 80
38 84
38 85
38 89
38 92
38 93
38 94
38 95
38 96
38 97
38 98
38 99
38 102
38 103
38 109
38 114
38 115
38 119
38 122
38 124
38 127
38 128
39 0
39 3
39 4
39 6
39 8
39 12
39 13
39 14
39 15
39 19
39 22
39 23
39 24
39 26
39 28
39 35
39 44
39 45
39 50
39 51
39 58
39 59
39 60
39 61
39 65
39 76
39 81
39 82
39 83
39 85
39 86
39 87
39 89
39 90
39 92
39 97
39 98
39 99
39 100
39 104
39 108
39 112
39 113
39 114
39 119
39 122
39 126
39 127
39 128
39 129
40 2
40 8
40 10
40 13
40 14
40 15
40 16
40 17
40 19
40 20
40 25
40 28
40 31
40 33
40 37
40 39
40 40
40 43
40 46
40 49
40 56
40 58
40 59
40 60
40 63
40 64
40 65
40 66
40 67
40 69
40 71
40 75
40 80
40 81
40 83
40 85
40 87
40 92
40 96
40 97
40 99
40 101
40 104
40 107
40 108
40 109
40 113
40 115
40 117
40 120
40 125
40 126
40 129
41 1
41 5
41 6
41 7
41 8
41 9
41 10
41 12
41 17
41 18
41 20
41 22
41 23
41 25
41 26
41 27
41 28
41 30
41 32
41 39
41 40
41 45
41 47
41 50
41 52
41 57
41 58
41 59
41 62
41 64
41 72
41 73
41 75
41 76
41 80
41 85
41 87
41 93
41 94
41 96
41 100
41 103
41 104
41 107
41 108
41 110
41 111
41 117
41 122
41 126
41 128
41 129
42 5
42 10
42 11
42 19
42 20
42 21
42 23
42 28
42 39
42 40
42 43
42 52
42 53
42 54
42 55
42 61
42 64
42 66
42 67
42 73
42 75
42 76
42 78
42 79
42 80
42 82
42 83
42 86
42 89
42 92
42 93
42 97
42 98
42 103
42 104
42 106
42 107
42 109
42 111
42 114
42 115
42 119
42 124
42 126
42 129
43 3
43 4
43 6
43 7
43 9
43 18
43 19
43 21
43 22
43 24
43 26
43 28
43 30
43 31
43 32
43 33
43 35
43 37
43 39
43 41
43 42
43 43
43 45
43 47
43 48
43 50
43 51
43 54
43 55
43 61
43 63
43 66
43 68
43 70
43 72
43 78
43 92
43 93
43 96
43 98
43 101
43 102
43 104
43 107
43 108
43 121
43 124
43 125
43 126
43 127
43 128
44 1
44 2
44 3
44 19
44 20
44 24
44 26
44 36
44 37
44 38
44 44
44 45
44 47
44 48
44 49
44 50
44 55
44 56
44 59
44 62
44 65
44 66
44 67
44 69
44 71
44 75
44 76
44 78
44 79
44 83
44 87
44 88
44 91
44 92
44 95
44 96
44 97
44 101
44 104
44 105
44 106
44 108
44 115
44 117
44 119
44 120
44 124
44 126
44 127
44 129
45 2
45 4
45 5
45 6
45 7
45 9
45 11
45 12
45 16
45 18
45 19
45 21
45 22
45 24
45 25
45 28
45 30
45 32
45 35
45 37
45 38
45 41
45 44
45 46
45 47
45 49
45 50
45 51
45 56
45 57
45 61
45 63
45 69
45 71
45 80
45 84
45 89
45 94
45 95
45 96
45 99
45 100
45 102
45 103
45 108
45 109
45 115
45 119
45 121
45 123
45 124
46 0
46 1
46 2
46 3
46 6
46 8
46 9
46 14
46 15
46 17
46 19
46 21
46 22
46 25
46 27
46 28
46 29
46 30
46 31
46 37
46 38
46 39
46 41
46 43
46 44
46 48
46 49
46 50
46 52
46 54
46 55
46 60
46 62
46 65
46 68
46 70
46 73
46 75
46 76
46 78
46 80
46 94
46 96
46 97
46 101
46 103
46 107
46 116
46 122
46 123
46 125
46 126
46 128
47 1
47 3
47 6
47 13
47 17
47 18
47 20
47 22
47 26
47 27
47 30
47 31
47 34
47 35
47 36
47 37
47 40
47 42
47 44
47 45
47 46
47 47
47 49
47 50
47 51
47 52
47 54
47 56
47 59
47 63
47 64
47 65
47 67
47 68
47 69
47 71
47 85
47 86
47 88
47 89
47 90
47 93
47 96
47 97
47 98
47 99
47 100
47 101
47 102
47 103
47 105
47 106
47 107
47 110
47 112
47 117
47 119
47 123
47 126
47 129
48 1
48 4
48 6
48 8
48 10
48 11
48 12
48 14
48 17
48 18
48 23
48 25
48 27
48 32
48 38
48 39
48 41
48 44
48 45
48 46
48 47
48 48
48 49
48 50
48 51
48 54
48 55
48 57
48 58
48 61
48 63
48 64
48 65
48 69
48 70
48 72
48 78
48 80
48 83
48 84
48 85
48 86
48 87
48 88
48 91
48 94
48 95
48 97
48 98
48 103
48 104
48 107
48 109
48 113
48 114
48 115
48 120
48 123
48 124
48 126
49 1
49 3
49 5
49 6
49 9
49 10
49 11
49 12
49 13
49 15
49 19
49 21
49 25
49 27
49 31
49 35
49 36
49 38
49 41
49 46
49 47
49 50
49 52
49 53
49 57
49 58
49 59
49 61
49 65
49 71
49 72
49 77
49 78
49 80
49 84
49 86
49 88
49 89
49 94
49 97
49 98
49 100
49 107
49 110
49 112
49 116
49 118
49 122
49 127
49 129
50 0
50 7
50 8
50 10
50 11
50 12
50 14
50 16
50 23
50 27
50 29
50 37
50 39
50 40
50 42
50 44
50 45
50 47
50 49
50 50
50 51
50 52
50 53
50 54
50 58
50 60
50 62
50 63
50 67
50 68
50 73
50 75
50 76
50 78
50 82
50 85
50 88
50 89
50 92
50 93
50 94
50 95
50 96
50 98
50 100
50 101
50 103
50 106
50 107
50 108
50 109
50 113
50 114
50 116
50 117
50 120
50 121
50 123
50 124
50 126
50 127
51 0
51 1
51 5
51 6
51 9
51 14
51 15
51 17
51 18
51 25
51 30
51 32
51 34
51 38
51 40
51 42
51 44
51 49
51 50
51 55
51 57
51 61
51 63
51 65
51 66
51 68
51 69
51 71
51 73
51 74
51 77
51 81
51 89
51 90
51 91
51 92
51 97
51 98
51 99
51 100
51 102
51 103
51 104
51 105
51 108
51 110
51 112
51 113
51 115
51 117
51 118
51 122
51 123
51 127
52 0
52 2
52 4
52 9
52 11
52 15
52 16
52 18
52 20
52 22
52 23
52 26
52 30
52 31
52 32
52 33
52 37
52 41
52 49
52 54
52 57
52 59
52 65
52 66
52 68
52 70
52 75
52 82
52 85
52 87
52 95
52 96
52 97
52 102
52 107
52 109
52 111
52 112
52 115
52 118
52 122
52 123
52 127
52 128
53 4
53 6
53 8
53 10
53 12
53 13
53 18
53 19
53 20
53 22
53 23
53 24
53 25
53 28
53 29
53 31
53 33
53 35
53 37
53 41
53 45
53 46
53 47
53 49
53 52
53 57
53 66
53 71
53 73
53 74
53 75
53 77
53 79
53 81
53 83
53 86
53 88
53 90
53 91
53 95
53 102
53 111
53 117
53 118
53 122
53 123
53 124
53 127
53 129
54 0
54 2
54 3
54 6
54 9
54 11
54 14
54 17
54 20
54 23
54 25
54 27
54 28
54 30
54 32
54 34
54 36
54 37
54 40
54 42
54 45
54 46
54 55
54 59
54 62
54 63
54 64
54 65
54 67
54 72
54 74
54 75
54 78
54 81
54 85
54 87
54 88
54 93
54 95
54 98
54 99
54 102
54 107
54 115
54 116
54 119
54 121
54 124
54 127
54 129
55 1
55 3
55 4
55 5
55 7
55 9
55 10
55 12
55 14
55 15
55 20
55 21
55 22
55 25
55 26
55 30
55 32
55 36
55 42
55 47
55 48
55 49
55 50
55 56
55 59
55 62
55 65
55 69
55 70
55 72
55 74
55 75
55 81
55 83
55 84
55 86
55 91
55 95
55 96
55 97
55 99
55 101
55 103
55 104
55 106
55 107
55 110
55 120
55 122
55 123
55 129
56 6
56 8
56 9
56 11
56 13
56 16
56 17
56 20
56 23
56 25
56 30
56 31
56 32
56 37
56 45
56 46
56 48
56 49
56 50
56 54
56 56
56 61
56 62
56 64
56 66
56 70
56 72
56 76
56 81
56 82
56 83
56 84
56 87
56 91
56 92
56 93
56 96
56 97
56 98
56 99
56 100
56 101
56 102
56 103
56 104
56 105
56 107
56 109
56 111
56 116
56 119
56 121
56 127
56 129
57 0
57 3
57 7
57 10
57 11
57 13
57 16
57 18
57 20
57 21
57 22
57 23
57 25
57 26
57 27
57 28
57 29
57 31
57 33
57 36
57 37
57 41
57 44
57 45
57 46
57 47
57 48
57 51
57 54
57 57
57 58
57 64
57 65
57 67
57 71
57 72
57 74
57 77
57 78
57 82
57 86
57 87
57 88
57 89
57 91
57 92
57 94
57 97
57 98
57 102
57 115
57 118
57 119
57 120
57 121
57 125
57 129
58 0
58 3
58 6
58 7
58 8
58 12
58 15
58 17
58 18
58 21
58 25
58 26
58 27
58 29
58 32
58 34
58 39
58 40
58 41
58 43
58 47
58 51
58 54
58 59
58 60
58 65
58 66
58 69
58 73
58 76
58 83
58 85
58 86
58 88
58 90
58 91
58 93
58 94
58 95
58 97
58 100
58 109
58 110
58 112
58 114
58 116
58 120
58 122
58 124
58 126
58 127
59 0
59 3
59 6
59 8
59 12
59 17
59 18
59 19
59 21
59 22
59 24
59 25
59 29
59 31
59 32
59 39
59 40
59 41
59 46
59 47
59 50
59 51
59 55
59 57
59 62
59 64
59 67
59 71
59 74
59 76
59 77
59 81
59 82
59 83
59 99
59 103
59 107
59 110
59 112
59 113
59 116
59 119
59 123
59 124
59 127
60 1
60 4
60 11
60 14
60 15
60 17
60 18
60 19
60 20
60 24
60 26
60 27
60 28
60 29
60 30
60 33
60 34
60 39
60 41
60 43
60 44
60 45
60 46
60 67
60 68
60 69
60 72
60 77
60 79
60 80
60 86
60 88
60 89
60 94
60 98
60 99
60 100
60 105
60 106
60 109
60 111
60 115
60 122
60 124
60 126
60 127
60 129
61 3
61 4
61 8
61 13
61 14
61 15
61 19
61 23
61 25
61 26
61 32
61 33
61 38
61 39
61 41
61 42
61 45
61 55
61 57
61 62
61 64
61 65
61 66
61 69
61 70
61 73
61 76
61 81
61 84
61 96
61 97
61 99
61 102
61 104
61 106
61 109
61 119
61 120
61 121
62 0
62 4
62 5
62 8
62 9
62 13
62 15
62 16
62 18
62 22
62 23
62 26
62 27
62 28
62 29
62 33
62 36
62 40
62 43
62 45
62 49
62 53
62 54
62 57
62 59
62 61
62 65
62 66
62 67
62 70
62 71
62 72
62 74
62 75
62 76
62 78
62 82
62 84
62 85
62 87
62 89
62 90
62 94
62 95
62 99
62 100
62 105
62 107
62 108
62 111
62 116
62 117
62 118
62 119
62 129
63 2
63 3
63 5
63 10
63 11
63 15
63 16
63 22
63 23
63 26
63 30
63 32
63 35
63 37
63 38
63 40
63 41
63 43
63 44
63 45
63 47
63 48
63 53
63 58
63 64
63 68
63 70
63 71
63 73
63 75
63 80
63 81
63 86
63 89
63 91
63 96
63 97
63 100
63 101
63 106
63 111
63 112
63 114
63 115
63 118
63 120
63 121
63 122
63 123
63 125
63 126
64 2
64 3
64 4
64 5
64 6
64 7
64 9
64 13
64 14
64 18
64 19
64 21
64 24
64 25
64 27
64 32
64 34
64 35
64 37
64 39
64 43
64 46
64 47
64 51
64 53
64 54
64 55
64 59
64 61
64 66
64 67
64 69
64 73
64 80
64 83
64 85
64 86
64 87
64 88
64 89
64 92
64 94
64 100
64 102
64 105
64 107
64 108
64 111
64 121
64 122
64 126
65 0
65 2
65 6
65 7
65 8
65 9
65 11
65 12
65 15
65 17
65 18
65 21
65 22
65 23
65 24
65 28
65 31
65 38
65 39
65 40
65 43
65 45
65 47
65 48
65 51
65 52
65 54
65 55
65 58
65 64
65 65
65 66
65 72
65 77
65 79
65 83
65 84
65 85
65 96
65 98
65 104
65 109
65 110
65 123
65 125
65 127
65 128
66 0
66 3
66 5
66 6
66 9
66 14
66 20
66 26
66 28
66 30
66 32
66 34
66 35
66 37
66 38
66 47
66 49
66 51
66 52
66 53
66 55
66 56
66 58
66 61
66 63
66 65
66 66
66 68
66 69
66 70
66 71
66 74
66 77
66 78
66 79
66 80
66 85
66 92
66 93
66 94
66 95
66 96
66 97
66 102
66 103
66 105
66 115
66 117
66 120
66 121
66 122
66 127
67 4
67 6
67 7
67 14
67 16
67 17
67 18
67 20
67 25
67 28
67 29
67 31
67 32
67 33
67 34
67 37
67 41
67 43
67 45
67 48
67 50
67 53
67 54
67 56
67 58
67 60
67 66
67 67
67 68
67 70
67 76
67 78
67 80
67 81
67 84
67 85
67 88
67 90
67 92
67 96
67 98
67 102
67 103
67 104
67 105
67 106
67 109
67 110
67 114
67 116
67 119
67 125
68 1
68 2
68 4
68 9
68 10
68 11
68 12
68 13
68 15
68 17
68 19
68 22
68 24
68 25
68 29
68 31
68 32
68 35
68 41
68 42
68 43
68 46
68 47
68 48
68 52
68 54
68 57
68 63
68 64
68 65
68 71
68 73
68 75
68 76
68 77
68 79
68 82
68 83
68 84
68 89
68 91
68 92
68 93
68 95
68 97
68 102
68 103
68 104
68 106
68 109
68 112
68 115
68 119
68 122
68 124
69 4
69 5
69 6
69 9
69 12
69 13
69 14
69 16
69 18
69 20
69 21
69 22
69 23
69 28
69 29
69 33
69 38
69 41
69 46
69 50
69 52
69 53
69 54
69 57
69 59
69 60
69 64
69 66
69 67
69 68
69 69
69 71
69 75
69 77
69 80
69 82
69 83
69 85
69 86
69 90
69 91
69 94
69 95
69 96
69 100
69 101
69 104
69 105
69 108
69 112
69 114
69 115
69 116
69 117
69 118
69 121
69 122
69 124
69 125
69 126
70 4
70 5
70 6
70 9
70 12
70 13
70 14
70 15
70 17
70 20
70 21
70 22
70 24
70 26
70 28
70 30
70 33
70 36
70 38
70 43
70 45
70 50
70 52
70 53
70 55
70 56
70 57
70 58
70 62
70 64
70 65
70 67
70 69
70 72
70 73
70 76
70 79
70 83
70 84
70 87
70 89
70 91
70 92
70 96
70 99
70 101
70 102
70 104
70 107
70 108
70 110
70 112
70 114
70 120
70 121
70 122
70 125
70 126
70 127
70 129
71 0
71 6
71 7
71 11
71 14
71 15
71 18
71 19
71 20
71 22
71 24
71 25
71 28
71 29
71 33
71 35
71 39
71 42
71 43
71 44
71 50
71 55
71 60
71 67
71 68
71 69
71 70
71 71
71 72
71 73
71 76
71 77
71 78
71 79
71 80
71 82
71 83
71 85
71 87
71 90
71 91
71 93
71 97
71 98
71 100
71 102
71 103
71 104
71 106
71 108
71 112
71 116
71 118
71 120
71 121
71 122
71 125
71 127
72 2
72 3
72 4
72 5
72 9
72 10
72 12
72 13
72 14
72 15
72 17
72 20
72 23
72 24
72 27
72 29
72 31
72 38
72 39
72 40
72 43
72 46
72 47
72 51
72 54
72 57
72 58
72 59
72 61
72 64
72 70
72 71
72 72
72 76
72 78
72 79
72 81
72 82
72 85
72 86
72 88
72 90
72 92
72 93
72 97
72 104
72 108
72 109
72 110
72 113
72 114
72 115
72 119
72 121
72 123
72 125
72 126
73 0
73 2
73 6
73 7
73 8
73 9
73 12
73 19
73 20
73 21
73 24
73 26
73 28
73 29
73 33
73 39
73 41
73 42
73 49
73 50
73 53
73 56
73 58
73 66
73 67
73 68
73 69
73 71
73 72
73 75
73 77
73 78
73 80
73 83
73 85
73 88
73 90
73 96
73 99
73 101
73 106
73 108
73 111
73 116
73 118
73 120
73 121
73 124
73 126
74 1
74 2
74 5
74 6
74 8
74 9
74 11
74 12
74 13
74 14
74 16
74 23
74 27
74 32
74 35
74 43
74 47
74 49
74 50
74 58
74 62
74 63
74 64
74 65
74 70
74 72
74 75
74 80
74 82
74 83
74 85
74 87
74 88
74 89
74 90
74 92
74 95
74 97
74 99
74 100
74 102
74 104
74 105
74 109
74 113
74 116
74 117
74 119
74 120
74 123
74 124
74 125
74 126
74 127
74 128
75 0
75 7
75 10
75 11
75 12
75 13
75 17
75 21
75 22
75 28
75 29
75 30
75 36
75 37
75 44
75 45
75 47
75 50
75 55
75 56
75 64
75 72
75 73
75 75
75 76
75 77
75 79
75 80
75 82
75 84
75 87
75 90
75 91
75 92
75 94
75 95
75 97
75 99
75 102
75 103
75 106
75 108
75 110
75 111
75 114
75 121
75 122
75 125
75 126
75 129
76 0
76 2
76 5
76 6
76 8
76 9
76 12
76 13
76 15
76 17
76 18
76 21
76 23
76 25
76 26
76 30
76 35
76 38
76 43
76 51
76 54
76 58
76 60
76 63
76 65
76 66
76 70
76 76
76 78
76 82
76 83
76 84
76 86
76 87
76 91
76 95
76 96
76 98
76 101
76 102
76 103
76 105
76 106
76 107
76 110
76 111
76 114
76 115
76 116
76 117
76 119
76 122
76 125
76 128
77 0
77 2
77 4
77 8
77 9
77 12
77 16
77 17
77 18
77 21
77 22
77 25
77 26
77 27
77 31
77 32
77 34
77 39
77 42
77 45
77 46
77 47
77 67
77 69
77 73
77 75
77 76
77 77
77 78
77 80
77 86
77 87
77 88
77 93
77 95
77 96
77 97
77 101
77 103
77 105
77 114
77 119
77 120
77 121
77 124
78 0
78 4
78 7
78 12
78 15
78 20
78 23
78 25
78 27
78 28
78 29
78 32
78 33
78 34
78 35
78 38
78 40
78 41
78 42
78 43
78 52
78 53
78 54
78 55
78 62
78 64
78 65
78 67
78 69
78 71
78 72
78 74
78 76
78 77
78 79
78 88
78 91
78 98
78 101
78 106
78 107
78 111
78 112
78 113
78 114
78 118
78 120
78 121
78 122
78 126
78 127
79 1
79 2
79 4
79 6
79 8
79 11
79 15
79 18
79 19
79 21
79 22
79 24
79 27
79 32
79 39
79 41
79 46
79 49
79 52
79 54
79 56
79 57
79 60
79 65
79 67
79 69
79 71
79 73
79 76
79 78
79 83
79 88
79 92
79 95
79 96
79 97
79 100
79 101
79 108
79 110
79 112
79 116
79 117
79 119
79 126
80 6
80 7
80 9
80 12
80 16
80 20
80 23
80 27
80 29
80 33
80 34
80 39
80 44
80 46
80 48
80 49
80 52
80 61
80 62
80 63
80 64
80 65
80 67
80 70
80 72
80 73
80 78
80 82
80 83
80 85
80 86
80 88
80 90
80 92
80 93
80 99
80 100
80 109
80 112
80 113
80 119
80 121
80 122
80 124
80 125
80 127
80 128
80 129
81 0
81 1
81 4
81 6
81 7
81 9
81 12
81 17
81 27
81 30
81 32
81 34
81 36
81 37
81 38
81 39
81 43
81 44
81 45
81 47
81 49
81 50
81 51
81 57
81 59
81 62
81 65
81 71
81 72
81 76
81 77
81 78
81 80
81 81
81 84
81 85
81 88
81 89
81 92
81 98
81 99
81 105
81 106
81 111
81 115
81 116
81 117
81 119
81 121
81 122
81 124
81 126
81 129
82 0
82 1
82 4
82 6
82 9
82 13
82 18
82 19
82 22
82 25
82 30
82 32
82 39
82 41
82 42
82 44
82 45
82 48
82 49
82 51
82 52
82 53
82 56
82 58
82 61
82 67
82 74
82 75
82 77
82 79
82 81
82 82
82 83
82 84
82 85
82 89
82 93
82 94
82 97
82 99
82 100
82 103
82 104
82 108
82 113
82 116
82 119
82 122
82 125
82 128
82 129
83 6
83 9
83 10
83 13
83 14
83 17
83 21
83 24
83 25
83 29
83 30
83 36
83 38
83 40
83 42
83 44
83 46
83 52
83 53
83 62
83 64
83 65
83 70
83 74
83 75
83 77
83 79
83 83
83 84
83 87
83 91
83 92
83 95
83 96
83 97
83 98
83 99
83 100
83 102
83 104
83 107
83 108
83 109
83 112
83 116
83 118
83 119
83 121
83 128
84 1
84 4
84 6
84 8
84 13
84 17
84 18
84 19
84 21
84 29
84 31
84 33
84 34
84 36
84 39
84 41
84 45
84 60
84 61
84 62
84 65
84 71
84 72
84 73
84 76
84 79
84 80
84 82
84 83
84 85
84 86
84 90
84 98
84 100
84 101
84 102
84 103
84 104
84 106
84 108
84 110
84 112
84 113
84 117
84 118
84 119
84 122
84 124
84 128
85 0
85 2
85 5
85 6
85 8
85 11
85 13
85 14
85 19
85 25
85 30
85 31
85 36
85 38
85 41
85 45
85 47
85 48
85 49
85 54
85 58
85 61
85 62
85 67
85 71
85 76
85 77
85 79
85 81
85 82
85 83
85 85
85 86
85 88
85 89
85 97
85 101
85 104
85 105
85 106
85 110
85 111
85 112
85 114
85 115
85 117
85 118
85 120
85 121
85 123
85 125
85 126
86 2
86 3
86 4
86 7
86 10
86 18
86 21
86 23
86 25
86 26
86 27
86 29
86 31
86 39
86 41
86 45
86 47
86 48
86 53
86 55
86 56
86 60
86 63
86 65
86 67
86 69
86 71
86 72
86 79
86 81
86 85
86 88
86 91
86 94
86 96
86 101
86 102
86 104
86 105
86 107
86 108
86 111
86 115
86 119
86 120
86 121
86 127
87 4
87 5
87 7
87 9
87 10
87 14
87 15
87 19
87 23
87 27
87 29
87 30
87 33
87 37
87 39
87 40
87 42
87 43
87 45
87 50
87 51
87 54
87 60
87 62
87 63
87 64
87 66
87 67
87 68
87 73
87 74
87 75
87 79
87 80
87 81
87 83
87 85
87 87
87 88
87 89
87 90
87 95
87 96
87 97
87 98
87 105
87 108
87 111
87 112
87 114
87 116
87 117
87 118
87 119
87 121
87 122
87 124
87 125
87 126
88 0
88 3
88 9
88 10
88 13
88 14
88 15
88 18
88 19
88 28
88 30
88 33
88 35
88 36
88 38
88 39
88 42
88 45
88 49
88 50
88 51
88 52
88 55
88 56
88 58
88 59
88 60
88 62
88 65
88 73
88 75
88 78
88 79
88 80
88 82
88 83
88 84
88 88
88 92
88 95
88 100
88 105
88 108
88 110
88 111
88 112
88 116
88 119
88 120
88 121
88 124
88 126
89 0
89 2
89 3
89 12
89 13
89 19
89 20
89 25
89 29
89 30
89 32
89 35
89 37
89 38
89 41
89 47
89 51
89 52
89 57
89 60
89 62
89 66
89 69
89 71
89 75
89 76
89 77
89 79
89 81
89 82
89 83
89 85
89 88
89 92
89 93
89 95
89 96
89 97
89 99
89 104
89 106
89 107
89 108
89 118
89 119
89 122
89 125
89 127
90 1
90 6
90 9
90 10
90 11
90 14
90 17
90 20
90 23
90 26
90 28
90 31
90 38
90 39
90 44
90 46
90 48
90 49
90 50
90 51
90 53
90 56
90 60
90 62
90 65
90 67
90 69
90 71
90 73
90 75
90 77
90 78
90 79
90 81
90 84
90 86
90 87
90 88
90 92
90 93
90 95
90 99
90 101
90 103
90 106
90 109
90 116
90 118
90 119
90 121
90 122
90 123
91 2
91 5
91 8
91 9
91 10
91 13
91 14
91 19
91 21
91 22
91 24
91 29
91 35
91 37
91 48
91 49
91 51
91 52
91 56
91 60
91 61
91 62
91 65
91 66
91 67
91 68
91 75
91 77
91 84
91 90
91 93
91 95
91 96
91 98
91 99
91 100
91 102
91 103
91 104
91 109
91 113
91 114
91 116
91 122
91 125
91 127
91 128
92 2
92 4
92 10
92 11
92 16
92 20
92 23
92 27
92 35
92 37
92 38
92 40
92 44
92 45
92 47
92 48
92 50
92 51
92 52
92 54
92 57
92 59
92 61
92 62
92 65
92 70
92 71
92 73
92 74
92 77
92 81
92 84
92 85
92 87
92 89
92 91
92 92
92 95
92 98
92 99
92 100
92 104
92 112
92 117
92 118
92 123
92 125
92 126
93 4
93 5
93 6
93 11
93 12
93 13
93 14
93 25
93 26
93 27
93 28
93 31
93 33
93 37
93 45
93 47
93 48
93 52
93 54
93 57
93 58
93 59
93 61
93 66
93 67
93 70
93 71
93 77
93 78
93 79
93 81
93 85
93 88
93 95
93 99
93 103
93 104
93 105
93 106
93 107
93 110
93 112
93 116
93 121
93 123
93 124
93 127
93 128
93 129
94 1
94 4
94 7
94 10
94 13
94 15
94 16
94 19
94 21
94 22
94 24
94 27
94 29
94 30
94 35
94 38
94 42
94 44
94 49
94 55
94 56
94 58
94 63
94 64
94 67
94 78
94 86
94 88
94 92
94 93
94 96
94 99
94 100
94 105
94 109
94 110
94 117
94 118
94 120
94 123
94 128
95 0
95 3
95 4
95 9
95 10
95 11
95 13
95 14
95 15
95 18
95 24
95 25
95 26
95 28
95 30
95 32
95 34
95 39
95 40
95 41
95 45
95 46
95 47
95 49
95 57
95 60
95 61
95 62
95 63
95 64
95 67
95 75
95 76
95 80
95 82
95 89
95 91
95 92
95 96
95 100
95 103
95 108
95 110
95 113
95 115
95 116
95 121
95 122
95 123
95 126
96 0
96 4
96 6
96 7
96 8
96 10
96 12
96 20
96 21
96 25
96 27
96 29
96 34
96 38
96 40
96 42
96 47
96 48
96 49
96 50
96 53
96 54
96 55
96 57
96 58
96 61
96 62
96 63
96 64
96 66
96 67
96 68
96 71
96 72
96 74
96 77
96 79
96 80
96 85
96 86
96 90
96 93
96 94
96 96
96 99
96 100
96 101
96 103
96 109
96 111
96 113
96 118
96 123
96 126
96 128
97 3
97 4
97 5
97 12
97 20
97 21
97 22
97 24
97 25
97 30
97 32
97 34
97 37
97 39
97 41
97 51
97 52
97 54
97 56
97 59
97 63
97 65
97 72
97 76
97 82
97 84
97 89
97 91
97 94
97 95
97 100
97 104
97 106
97 108
97 115
97 116
97 117
97 120
97 122
97 126
97 127
97 128
98 11
98 12
98 13
98 16
98 18
98 19
98 22
98 23
98 24
98 25
98 27
98 30
98 36
98 37
98 38
98 41
98 42
98 44
98 45
98 46
98 47
98 48
98 50
98 54
98 56
98 59
98 62
98 65
98 67
98 70
98 72
98 73
98 74
98 78
98 83
98 84
98 86
98 90
98 93
98 101
98 102
98 104
98 106
98 111
98 112
98 114
98 116
98 121
98 127
98 129
99 2
99 5
99 16
99 24
99 26
99 29
99 32
99 34
99 36
99 37
99 39
99 41
99 42
99 43
99 46
99 49
99 50
99 52
99 58
99 59
99 61
99 63
99 65
99 69
99 72
99 73
99 74
99 75
99 76
99 77
99 78
99 82
99 84
99 86
99 87
99 88
99 90
99 96
99 99
99 103
99 109
99 110
99 114
99 121
99 124
99 125
99 127
100 1
100 2
100 3
100 11
100 16
100 18
100 20
100 22
100 27
100 29
100 30
100 31
100 32
100 33
100 34
100 36
100 37
100 40
100 41
100 43
100 44
100 45
100 46
100 53
100 54
100 55
100 57
100 58
100 59
100 60
100 61
100 63
100 64
100 68
100 70
100 72
100 73
100 75
100 81
100 88
100 91
100 93
100 95
100 96
100 97
100 98
100 99
100 103
100 105
100 108
100 109
100 112
100 120
100 121
100 126
100 129
101 2
101 3
101 6
101 10
101 12
101 13
101 14
101 16
101 18
101 19
101 20
101 21
101 22
101 23
101 24
101 25
101 26
101 27
101 31
101 36
101 43
101 44
101 45
101 50
101 52
101 53
101 54
101 56
101 58
101 59
101 60
101 61
101 62
101 64
101 67
101 68
101 70
101 71
101 72
101 76
101 78
101 80
101 83
101 86
101 91
101 92
101 97
101 102
101 103
101 104
101 105
101 106
101 109
101 111
101 112
101 115
101 123
101 127
101 129
102 0
102 2
102 5
102 8
102 9
102 10
102 11
102 12
102 17
102 21
102 24
102 30
102 31
102 34
102 36
102 37
102 40
102 44
102 48
102 50
102 52
102 56
102 59
102 60
102 61
102 62
102 65
102 76
102 77
102 78
102 80
102 82
102 86
102 92
102 94
102 95
102 98
102 102
102 105
102 113
102 114
102 121
102 124
102 125
102 126
102 127
102 129
103 0
103 1
103 2
103 3
103 4
103 5
103 7
103 9
103 10
103 12
103 13
103 15
103 17
103 20
103 22
103 23
103 33
103 38
103 43
103 44
103 47
103 48
103 49
103 50
103 52
103 56
103 59
103 64
103 66
103 69
103 75
103 77
103 78
103 79
103 82
103 83
103 84
103 89
103 90
103 92
103 93
103 97
103 100
103 105
103 107
103 113
103 116
103 117
103 121
103 126
104 0
104 3
104 4
104 7
104 11
104 15
104 20
104 21
104 22
104 27
104 33
104 35
104 37
104 56
104 57
104 59
104 61
104 62
104 64
104 67
104 69
104 71
104 74
104 75
104 78
104 80
104 85
104 86
104 87
104 92
104 94
104 99
104 101
104 106
104 108
104 109
104 111
104 112
104 114
104 116
104 119
104 120
104 121
104 126
105 1
105 4
105 5
105 7
105 8
105 9
105 10
105 12
105 16
105 21
105 24
105 26
105 27
105 28
105 31
105 34
105 36
105 37
105 44
105 45
105 48
105 49
105 50
105 51
105 57
105 58
105 59
105 60
105 64
105 71
105 76
105 77
105 79
105 80
105 83
105 84
105 85
105 87
105 94
105 95
105 96
105 97
105 98
105 101
105 107
105 108
105 110
105 112
105 119
105 123
105 126
105 129
106 0
106 1
106 7
106 10
106 11
106 15
106 16
106 18
106 23
106 32
106 33
106 35
106 37
106 39
106 54
106 57
106 59
106 61
106 66
106 67
106 68
106 70
106 71
106 74
106 75
106 77
106 78
106 81
106 83
106 84
106 87
106 89
106 95
106 97
106 100
106 103
106 107
106 113
106 114
106 116
106 121
106 122
106 126
106 128
106 129
107 3
107 6
107 7
107 8
107 9
107 10
107 12
107 13
107 14
107 18
107 19
107 20
107 22
107 24
107 28
107 29
107 31
107 35
107 36
107 39
107 40
107 41
107 44
107 45
107 47
107 48
107 50
107 52
107 53
107 57
107 59
107 62
107 63
107 70
107 71
107 72
107 75
107 80
107 83
107 87
107 93
107 94
107 95
107 97
107 98
107 103
107 104
107 107
107 110
107 111
107 112
107 117
107 118
107 119
107 120
107 121
107 122
107 124
107 127
107 128
107 129
108 1
108 2
108 3
108 6
108 10
108 14
108 17
108 18
108 21
108 22
108 23
108 25
108 27
108 28
108 29
108 31
108 33
108 34
108 35
108 37
108 41
108 42
108 49
108 50
108 52
108 53
108 55
108 60
108 66
108 67
108 72
108 73
108 74
108 75
108 78
108 80
108 82
108 90
108 91
108 93
108 95
108 97
108 98
108 99
108 110
108 113
108 114
108 117
108 119
108 122
108 124
108 129
109 4
109 6
109 9
109 10
109 11
109 12
109 14
109 21
109 23
109 25
109 29
109 30
109 36
109 38
109 43
109 49
109 55
109 56
109 58
109 59
109 66
109 71
109 72
109 73
109 74
109 81
109 83
109 89
109 91
109 93
109 95
109 97
109 98
109 99
109 100
109 103
109 104
109 105
109 106
109 113
109 114
109 117
109 119
109 121
109 123
109 124
110 4
110 7
110 10
110 11
110 12
110 14
110 15
110 16
110 18
110 21
110 22
110 24
110 26
110 31
110 33
110 34
110 35
110 37
110 38
110 45
110 48
110 49
110 52
110 53
110 56
110 58
110 60
110 62
110 64
110 65
110 66
110 67
110 68
110 69
110 71
110 80
110 84
110 85
110 86
110 88
110 96
110 98
110 99
110 107
110 110
110 111
110 116
110 121
110 122
110 123
110 124
110 126
111 2
111 4
111 6
111 10
111 12
111 15
111 16
111 18
111 22
111 25
111 30
111 32
111 33
111 34
111 38
111 40
111 41
111 45
111 46
111 47
111 49
111 51
111 52
111 54
111 55
111 58
111 60
111 61
111 63
111 66
111 68
111 86
111 87
111 88
111 90
111 91
111 94
111 96
111 97
111 99
111 101
111 102
111 104
111 105
111 108
111 109
111 111
111 113
111 114
111 115
111 116
111 119
111 122
111 124
111 125
111 129
112 1
112 2
112 4
112 5
112 7
112 8
112 9
112 10
112 13
112 18
112 22
112 24
112 27
112 29
112 34
112 39
112 42
112 43
112 45
112 47
112 51
112 52
112 54
112 56
112 59
112 61
112 62
112 66
112 67
112 70
112 71
112 78
112 80
112 81
112 87
112 89
112 90
112 92
112 93
112 102
112 104
112 105
112 106
112 108
112 109
112 110
112 112
112 113
112 115
112 116
112 121
112 123
112 124
112 125
112 127
112 129
113 1
113 5
113 6
113 10
113 16
113 19
113 21
113 28
113 29
113 31
113 36
113 37
113 38
113 44
113 49
113 50
113 52
113 53
113 58
113 59
113 60
113 62
113 66
113 67
113 70
113 74
113 75
113 76
113 77
113 79
113 80
113 82
113 88
113 89
113 90
113 91
113 92
113 97
113 99
113 100
113 101
113 110
113 111
113 115
113 118
113 122
113 124
113 125
113 126
114 0
114 2
114 5
114 6
114 8
114 9
114 10
114 13
114 16
114 20
114 22
114 24
114 25
114 26
114 30
114 35
114 38
114 40
114 42
114 43
114 44
114 48
114 49
114 57
114 58
114 65
114 66
114 68
114 78
114 79
114 82
114 93
114 96
114 98
114 102
114 103
114 104
114 106
114 109
114 110
114 115
114 120
114 124
114 125
115 1
115 5
115 6
115 9
115 11
115 13
115 14
115 17
115 20
115 21
115 22
115 24
115 25
115 26
115 28
115 31
115 32
115 34
115 36
115 38
115 40
115 42
115 43
115 45
115 47
115 51
115 52
115 54
115 55
115 56
115 60
115 63
115 67
115 68
115 73
115 75
115 78
115 82
115 83
115 84
115 86
115 87
115 89
115 91
115 94
115 95
115 96
115 99
115 100
115 102
115 105
115 107
115 108
115 109
115 110
115 113
115 118
115 120
115 123
115 126
115 127
115 128
115 129
116 1
116 3
116 5
116 7
116 8
116 12
116 13
116 15
116 17
116 22
116 24
116 26
116 30
116 35
116 36
116 37
116 38
116 41
116 45
116 47
116 48
116 52
116 54
116 55
116 56
116 58
116 60
116 61
116 63
116 65
116 66
116 68
116 70
116 71
116 73
116 74
116 79
116 81
116 82
116 83
116 92
116 93
116 96
116 98
116 101
116 103
116 105
116 106
116 107
116 113
116 118
116 119
116 121
116 124
116 129
117 1
117 3
117 6
117 9
117 10
117 11
117 12
117 13
117 14
117 15
117 17
117 18
117 21
117 26
117 27
117 29
117 30
117 32
117 34
117 35
117 39
117 40
117 42
117 44
117 49
117 50
117 56
117 57
117 58
117 59
117 63
117 65
117 67
117 68
117 69
117 73
117 77
117 78
117 80
117 84
117 85
117 86
117 87
117 88
117 90
117 95
117 98
117 100
117 101
117 102
117 104
117 105
117 112
117 114
117 117
117 119
117 125
117 126
117 127
117 128
117 129
118 0
118 1
118 2
118 3
118 7
118 10
118 12
118 18
118 20
118 23
118 24
118 25
118 30
118 32
118 34
118 35
118 37
118 39
118 40
118 42
118 45
118 46
118 53
118 55
118 60
118 64
118 66
118 67
118 68
118 69
118 70
118 71
118 72
118 73
118 76
118 84
118 87
118 88
118 94
118 96
118 98
118 100
118 101
118 102
118 104
118 105
118 106
118 107
118 111
118 112
118 114
118 115
118 116
118 117
118 119
118 121
118 122
118 124
118 125
118 129
119 0
119 2
119 3
119 4
119 5
119 6
119 7
119 8
119 9
119 13
119 15
119 17
119 20
119 21
119 24
119 27
119 29
119 30
119 31
119 32
119 35
119 37
119 44
119 45
119 46
119 48
119 51
119 52
119 54
119 56
119 60
119 63
119 65
119 66
119 68
119 72
119 73
119 75
119 77
119 78
119 81
119 83
119 86
119 91
119 94
119 100
119 105
119 108
119 109
119 110
119 112
119 113
119 114
119 116
119 118
119 119
119 123
119 125
119 126
120 1
120 3
120 8
120 11
120 12
120 14
120 15
120 16
120 19
120 22
120 23
120 28
120 29
120 30
120 31
120 32
120 33
120 34
120 37
120 40
120 45
120 48
120 49
120 50
120 52
120 53
120 54
120 57
120 59
120 61
120 62
120 65
120 70
120 71
120 73
120 76
120 77
120 78
120 80
120 85
120 87
120 88
120 90
120 96
120 99
120 100
120 101
120 102
120 103
120 104
120 107
120 108
120 110
120 113
120 114
120 116
120 117
120 119
120 122
120 125
120 126
120 127
120 129
121 0
121 1
121 5
121 6
121 7
121 8
121 9
121 12
121 14
121 15
121 19
121 21
121 22
121 23
121 26
121 27
121 29
121 30
121 31
121 33
121 35
121 37
121 40
121 41
121 43
121 44
121 45
121 47
121 52
121 54
121 57
121 58
121 59
121 61
121 70
121 71
121 79
121 81
121 82
121 83
121 85
121 88
121 92
121 96
121 97
121 98
121 100
121 102
121 103
121 109
121 110
121 111
121 116
121 117
122 0
122 3
122 6
122 7
122 11
122 13
122 14
122 18
122 19
122 20
122 23
122 24
122 25
122 26
122 27
122 28
122 32
122 37
122 40
122 42
122 44
122 49
122 50
122 53
122 54
122 55
122 61
122 63
122 67
122 68
122 69
122 72
122 73
122 75
122 76
122 82
122 83
122 87
122 89
122 92
122 96
122 99
122 104
122 111
122 115
122 119
122 120
122 121
122 126
122 127
123 0
123 1
123 4
123 5
123 7
123 11
123 13
123 14
123 15
123 16
123 17
123 23
123 24
123 29
123 32
123 34
123 37
123 41
123 46
123 48
123 49
123 50
123 51
123 53
123 58
123 63
123 66
123 68
123 69
123 70
123 71
123 74
123 75
123 77
123 78
123 79
123 80
123 81
123 82
123 86
123 89
123 90
123 92
123 97
123 99
123 102
123 103
123 107
123 109
123 118
123 122
123 123
123 125
123 127
124 1
124 2
124 5
124 6
124 7
124 10
124 13
124 15
124 16
124 17
124 22
124 25
124 27
124 28
124 34
124 35
124 36
124 39
124 42
124 44
124 47
124 51
124 52
124 53
124 56
124 58
124 62
124 63
124 64
124 68
124 72
124 77
124 81
124 83
124 84
124 85
124 88
124 89
124 90
124 91
124 95
124 98
124 99
124 103
124 107
124 110
124 112
124 115
124 120
124 122
124 124
124 125
124 129
125 1
125 3
125 5
125 6
125 10
125 11
125 12
125 20
125 23
125 24
125 28
125 29
125 38
125 40
125 41
125 43
125 44
125 46
125 47
125 48
125 50
125 51
125 52
125 53
125 54
125 60
125 63
125 64
125 66
125 74
125 78
125 79
125 80
125 86
125 101
125 105
125 106
125 109
125 110
125 113
125 122
125 123
125 125
125 127
125 129
126 1
126 3
126 6
126 7
126 8
126 9
126 13
126 16
126 17
126 22
126 26
126 28
126 31
126 34
126 40
126 42
126 43
126 44
126 46
126 50
126 51
126 53
126 54
126 65
126 66
126 67
126 69
126 72
126 75
126 80
126 82
126 85
126 86
126 90
126 92
126 93
126 94
126 96
126 100
126 101
126 108
126 109
126 111
126 112
126 113
126 114
126 116
126 117
126 118
126 121
126 129
127 0
127 2
127 6
127 7
127 13
127 15
127 16
127 17
127 18
127 20
127 21
127 28
127 29
127 30
127 31
127 35
127 41
127 42
127 45
127 49
127 52
127 53
127 54
127 55
127 57
127 58
127 61
127 64
127 66
127 68
127 72
127 75
127 77
127 80
127 81
127 85
127 86
127 87
127 88
127 89
127 91
127 92
127 93
127 94
127 95
127 97
127 101
127 102
127 105
127 108
127 109
127 110
127 119
127 128
128 2
128 4
128 6
128 8
128 9
128 10
128 11
128 13
128 15
128 17
128 18
128 20
128 23
128 24
128 25
128 28
128 29
128 33
128 35
128 43
128 44
128 49
128 50
128 52
128 60
128 61
128 63
128 64
128 75
128 78
128 80
128 81
128 83
128 84
128 86
128 87
128 88
128 89
128 91
128 95
128 97
128 101
128 102
128 103
128 107
128 109
128 112
128 113
128 116
128 120
128 123
128 129
129 0
129 1
129 2
129 10
129 16
129 18
129 22
129 25
129 29
129 34
129 37
129 38
129 42
129 48
129 51
129 52
129 56
129 60
129 62
129 64
129 66
129 67
129 68
129 69
129 70
129 72
129 76
129 80
129 82
129 87
129 88
129 89
129 91
129 92
129 94
129 95
129 97
129 101
129 102
129 103
129 105
129 107
129 108
129 112
129 113
129 115
129 117
129 119
129 121
129 122
129 124
129 127
129 129
