190
14364
0 2
0 4
0 12
0 13
0 15
0 17
0 20
0 25
0 26
0 27
0 29
0 34
0 37
0 39
0 40
0 44
0 46
0 47
0 48
0 54
0 57
0 58
0 60
0 61
0 63
0 65
0 77
0 78
0 79
0 80
0 87
0 89
0 90
0 91
0 93
0 97
0 98
0 103
0 106
0 108
0 112
0 115
0 117
0 118
0 121
0 124
0 126
0 130
0 136
0 140
0 142
0 143
0 144
0 145
0 146
0 150
0 152
0 154
0 155
0 156
0 157
0 163
0 167
0 169
0 170
0 171
0 176
0 179
0 180
0 182
0 189
1 0
1 4
1 6
1 7
1 8
1 10
1 12
1 13
1 16
1 22
1 24
1 26
1 28
1 31
1 33
1 34
1 36
1 37
1 38
1 39
1 40
1 42
1 45
1 46
1 47
1 50
1 53
1 54
1 57
1 64
1 65
1 70
1 72
1 73
1 76
1 77
1 78
1 79
1 83
1 87
1 90
1 91
1 95
1 101
1 102
1 104
1 105
1 107
1 108
1 109
1 110
1 111
1 120
1 121
1 122
1 123
1 124
1 125
1 126
1 127
1 130
1 131
1 132
1 134
1 135
1 141
1 142
1 143
1 148
1 149
1 152
1 155
1 156
1 157
1 159
1 160
1 165
1 166
1 176
1 177
1 179
1 180
1 181
1 187
1 188
1 189
2 0
2 2
2 6
2 7
2 9
2 12
2 14
2 18
2 22
2 24
2 25
2 29
2 36
2 38
2 41
2 43
2 44
2 50
2 51
2 55
2 58
2 59
2 60
2 61
2 62
2 64
2 65
2 66
2 67
2 70
2 71
2 75
2 76
2 79
2 80
2 83
2 88
2 89
2 90
2 93
2 94
2 101
2 104
2 108
2 110
2 113
2 115
2 117
2 118
2 120
2 121
2 122
2 124
2 129
2 131
2 132
2 134
2 143
2 145
2 147
2 148
2 149
2 150
2 151
2 152
2 153
2 155
2 157
2 160
2 161
2 162
2 164
2 167
2 169
2 170
2 171
2 174
2 176
2 177
2 182
2 183
2 186
2 188
2 189
3 8
3 11
3 13
3 19
3 21
3 23
3 25
3 26
3 27
3 28
3 30
3 32
3 34
3 35
3 36
3 39
3 40
3 41
3 42
3 44
3 45
3 46
3 47
3 50
3 51
3 53
3 55
3 59
3 69
3 76
3 77
3 82
3 84
3 85
3 88
3 90
3 91
3 92
3 94
3 101
3 102
3 104
3 111
3 114
3 121
3 127
3 135
3 139
3 151
3 159
3 160
3 163
3 169
3 174
3 175
3 176
3 181
3 182
3 183
3 184
3 185
3 186
3 187
4 1
4 2
4 3
4 5
4 9
4 24
4 26
4 30
4 31
4 32
4 34
4 35
4 36
4 38
4 39
4 42
4 49
4 50
4 51
4 52
4 56
4 57
4 58
4 59
4 61
4 62
4 64
4 67
4 71
4 76
4 78
4 79
4 84
4 87
4 88
4 89
4 97
4 113
4 115
4 119
4 130
4 135
4 136
4 137
4 138
4 139
4 141
4 142
4 143
4 146
4 147
4 150
4 154
4 155
4 157
4 166
4 167
4 169
4 171
4 172
4 178
4 180
4 181
4 187
4 189
5 1
5 6
5 7
5 13
5 20
5 21
5 22
5 24
5 25
5 27
5 31
5 35
5 45
5 46
5 47
5 49
5 53
5 56
5 60
5 64
5 65
5 71
5 73
5 74
5 76
5 78
5 79
5 80
5 81
5 83
5 84
5 85
5 87
5 91
5 101
5 102
5 106
5 107
5 111
5 114
5 118
5 119
5 122
5 126
5 127
5 131
5 137
5 139
5 148
5 149
5 150
5 152
5 153
5 154
5 161
5 162
5 164
5 165
5 166
5 168
5 171
5 173
5 175
5 180
5 183
5 184
5 185
5 188
6 0
6 7
6 18
6 20
6 24
6 29
6 31
6 32
6 33
6 34
6 35
6 36
6 38
6 39
6 47
6 48
6 55
6 57
6 58
6 59
6 61
6 62
6 63
6 64
6 65
6 66
6 67
6 69
6 70
6 71
6 72
6 75
6 76
6 77
6 81
6 85
6 86
6 90
6 94
6 97
6 98
6 101
6 103
6 104
6 107
6 111
6 112
6 114
6 116
6 120
6 126
6 129
6 130
6 134
6 135
6 137
6 140
6 141
6 142
6 143
6 147
6 148
6 150
6 154
6 156
6 161
6 163
6 164
6 165
6 167
6 168
6 171
6 172
6 174
6 182
6 183
6 186
7 0
7 1
7 9
7 10
7 11
7 12
7 15
7 16
7 17
7 19
7 20
7 25
7 27
7 29
7 30
7 31
7 32
7 33
7 34
7 35
7 44
7 45
7 47
7 49
7 50
7 53
7 55
7 57
7 58
7 59
7 62
7 63
7 67
7 68
7 70
7 71
7 72
7 73
7 74
7 76
7 85
7 88
7 89
7 90
7 93
7 94
7 98
7 102
7 107
7 109
7 110
7 113
7 115
7 117
7 119
7 124
7 125
7 129
7 131
7 137
7 140
7 141
7 142
7 147
7 149
7 152
7 153
7 155
7 158
7 159
7 160
7 163
7 164
7 165
7 167
7 168
7 172
7 174
7 175
7 178
7 182
7 187
7 188
8 0
8 1
8 2
8 3
8 4
8 8
8 9
8 10
8 12
8 13
8 14
8 17
8 22
8 26
8 28
8 32
8 33
8 34
8 36
8 41
8 43
8 45
8 47
8 48
8 53
8 54
8 56
8 57
8 60
8 63
8 64
8 65
8 68
8 69
8 72
8 73
8 76
8 77
8 84
8 85
8 92
8 95
8 99
8 100
8 101
8 102
8 103
8 106
8 108
8 110
8 111
8 115
8 118
8 119
8 120
8 127
8 131
8 133
8 134
8 136
8 137
8 139
8 144
8 145
8 146
8 149
8 152
8 153
8 156
8 158
8 160
8 163
8 169
8 170
8 172
8 173
8 174
8 176
8 177
8 178
8 180
8 182
8 183
8 185
8 187
8 188
9 3
9 4
9 5
9 6
9 7
9 8
9 14
9 18
9 19
9 22
9 25
9 26
9 33
9 34
9 37
9 38
9 39
9 43
9 47
9 48
9 49
9 50
9 52
9 54
9 62
9 63
9 64
9 68
9 69
9 70
9 71
9 74
9 78
9 80
9 85
9 86
9 88
9 91
9 93
9 94
9 96
9 99
9 101
9 102
9 103
9 105
9 109
9 111
9 114
9 119
9 120
9 122
9 123
9 128
9 129
9 130
9 134
9 141
9 149
9 150
9 156
9 158
9 160
9 161
9 162
9 164
9 166
9 167
9 170
9 171
9 173
9 177
9 179
9 183
9 184
9 186
9 188
10 3
10 6
10 7
10 8
10 9
10 11
10 12
10 15
10 16
10 18
10 21
10 22
10 24
10 26
10 27
10 29
10 31
10 35
10 40
10 41
10 47
10 49
10 52
10 53
10 55
10 56
10 58
10 60
10 61
10 65
10 66
10 68
10 70
10 71
10 72
10 73
10 74
10 75
10 80
10 81
10 82
10 83
10 86
10 88
10 90
10 92
10 94
10 96
10 99
10 100
10 101
10 106
10 108
10 109
10 116
10 119
10 120
10 122
10 123
10 127
10 131
10 133
10 134
10 137
10 140
10 144
10 145
10 149
10 152
10 153
10 157
10 161
10 163
10 165
10 166
10 169
10 170
10 174
10 176
10 177
10 183
10 185
10 186
10 187
10 188
11 0
11 1
11 3
11 5
11 6
11 10
11 11
11 12
11 15
11 19
11 20
11 24
11 25
11 26
11 27
11 30
11 37
11 44
11 47
11 48
11 53
11 58
11 59
11 60
11 61
11 67
11 68
11 70
11 72
11 75
11 76
11 78
11 79
11 82
11 87
11 89
11 95
11 96
11 98
11 100
11 101
11 113
11 115
11 118
11 119
11 120
11 121
11 124
11 125
11 128
11 130
11 132
11 135
11 136
11 137
11 141
11 143
11 148
11 150
11 151
11 154
11 155
11 156
11 160
11 161
11 168
11 171
11 172
11 173
11 175
11 182
11 184
11 185
11 186
11 189
12 0
12 3
12 8
12 9
12 14
12 15
12 16
12 17
12 21
12 22
12 26
12 28
12 33
12 34
12 37
12 39
12 43
12 45
12 46
12 47
12 51
12 53
12 54
12 59
12 64
12 65
12 66
12 67
12 71
12 78
12 85
12 86
12 89
12 95
12 96
12 97
12 100
12 102
12 104
12 110
12 114
12 116
12 117
12 118
12 121
12 125
12 129
12 131
12 132
12 137
12 139
12 140
12 148
12 152
12 153
12 157
12 158
12 160
12 161
12 163
12 164
12 165
12 166
12 167
12 168
12 169
12 173
12 177
12 181
12 182
12 187
12 188
13 2
13 5
13 6
13 8
13 9
13 10
13 13
13 18
13 19
13 24
13 25
13 27
13 29
13 33
13 36
13 39
13 41
13 42
13 44
13 46
13 49
13 50
13 55
13 57
13 59
13 63
13 64
13 65
13 67
13 71
13 73
13 74
13 77
13 78
13 82
13 83
13 87
13 88
13 93
13 98
13 103
13 119
13 121
13 122
13 123
13 124
13 126
13 128
13 129
13 137
13 143
13 144
13 146
13 147
13 152
13 154
13 156
13 157
13 158
13 169
13 173
13 183
13 185
14 7
14 9
14 10
14 11
14 13
14 14
14 25
14 27
14 28
14 31
14 32
14 34
14 37
14 48
14 50
14 53
14 55
14 58
14 60
14 64
14 66
14 67
14 69
14 70
14 74
14 75
14 76
14 77
14 78
14 80
14 81
14 84
14 100
14 110
14 112
14 118
14 121
14 124
14 125
14 126
14 130
14 137
14 140
14 141
14 145
14 146
14 148
14 152
14 153
14 154
14 155
14 164
14 165
14 172
14 173
14 174
14 176
14 177
14 178
14 179
14 180
14 184
14 185
15 1
15 4
15 6
15 8
15 9
15 10
15 12
15 14
15 18
15 19
15 20
15 23
15 26
15 27
15 28
15 29
15 31
15 32
15 34
15 39
15 42
15 43
15 49
15 50
15 51
15 53
15 55
15 56
15 59
15 61
15 65
15 66
15 69
15 70
15 75
15 79
15 83
15 87
15 89
15 90
15 92
15 94
15 96
15 97
15 99
15 100
15 101
15 103
15 104
15 105
15 107
15 110
15 114
15 118
15 119
15 123
15 125
15 128
15 129
15 131
15 133
15 135
15 137
15 144
15 146
15 147
15 149
15 150
15 151
15 152
15 153
15 154
15 157
15 158
15 162
15 164
15 165
15 171
15 172
15 173
15 175
15 181
15 186
15 187
16 1
16 5
16 6
16 10
16 11
16 12
16 13
16 14
16 15
16 16
16 17
16 18
16 21
16 22
16 24
16 26
16 30
16 32
16 33
16 34
16 36
16 41
16 42
16 46
16 50
16 52
16 53
16 58
16 60
16 61
16 62
16 64
16 65
16 66
16 67
16 71
16 72
16 73
16 78
16 88
16 89
16 90
16 91
16 93
16 96
16 98
16 100
16 107
16 108
16 109
16 110
16 111
16 115
16 117
16 118
16 119
16 121
16 122
16 123
16 125
16 126
16 127
16 128
16 130
16 135
16 141
16 143
16 149
16 151
16 154
16 156
16 160
16 162
16 163
16 165
16 166
16 168
16 170
16 171
16 176
16 179
16 181
16 182
16 185
16 187
17 0
17 3
17 4
17 6
17 11
17 13
17 15
17 16
17 23
17 26
17 28
17 29
17 31
17 32
17 35
17 42
17 43
17 44
17 46
17 49
17 52
17 56
17 58
17 59
17 60
17 62
17 63
17 65
17 66
17 69
17 72
17 74
17 75
17 79
17 81
17 82
17 85
17 86
17 87
17 90
17 93
17 95
17 96
17 97
17 101
17 103
17 107
17 110
17 111
17 112
17 114
17 118
17 119
17 120
17 121
17 123
17 127
17 133
17 135
17 137
17 138
17 143
17 144
17 148
17 149
17 151
17 153
17 155
17 157
17 162
17 166
17 172
17 175
17 177
17 179
17 180
17 182
17 183
17 186
18 2
18 6
18 9
18 11
18 15
18 19
18 33
18 34
18 35
18 36
18 40
18 41
18 46
18 53
18 56
18 59
18 60
18 61
18 63
18 64
18 68
18 70
18 73
18 78
18 79
18 80
18 81
18 82
18 84
18 86
18 89
18 91
18 93
18 95
18 97
18 98
18 100
18 101
18 102
18 107
18 111
18 112
18 120
18 122
18 130
18 138
18 143
18 145
18 146
18 149
18 150
18 153
18 156
18 158
18 160
18 168
18 169
18 174
18 175
18 176
18 178
18 179
18 185
18 186
18 188
19 6
19 9
19 11
19 13
19 15
19 19
19 20
19 23
19 26
19 27
19 28
19 31
19 33
19 35
19 37
19 38
19 41
19 42
19 44
19 50
19 51
19 58
19 60
19 61
19 62
19 64
19 70
19 71
19 73
19 81
19 82
19 83
19 88
19 89
19 92
19 101
19 103
19 106
19 109
19 110
19 111
19 114
19 115
19 116
19 117
19 118
19 121
19 123
19 129
19 132
19 134
19 136
19 140
19 141
19 144
19 146
19 147
19 148
19 149
19 153
19 156
19 159
19 162
19 165
19 166
19 169
19 175
19 176
19 177
19 178
19 179
19 183
19 184
19 186
19 187
19 188
19 189
20 1
20 2
20 7
20 9
20 13
20 15
20 19
20 25
20 26
20 30
20 31
20 35
20 36
20 37
20 40
20 41
20 43
20 44
20 46
20 48
20 51
20 56
20 57
20 62
20 63
20 65
20 66
20 67
20 70
20 71
20 73
20 74
20 75
20 77
20 85
20 88
20 98
20 99
20 102
20 104
20 108
20 114
20 122
20 128
20 130
20 134
20 135
20 136
20 137
20 138
20 140
20 141
20 142
20 145
20 146
20 147
20 148
20 149
20 152
20 155
20 156
20 162
20 163
20 165
20 168
20 169
20 170
20 172
20 175
20 177
20 181
20 182
20 185
20 187
20 188
20 189
21 1
21 2
21 5
21 8
21 9
21 10
21 11
21 19
21 21
21 22
21 24
21 25
21 29
21 30
21 31
21 32
21 35
21 36
21 37
21 38
21 39
21 40
21 42
21 43
21 49
21 50
21 53
21 56
21 57
21 62
21 64
21 66
21 67
21 70
21 71
21 72
21 74
21 77
21 81
21 86
21 87
21 89
21 93
21 95
21 97
21 98
21 101
21 102
21 103
21 104
21 105
21 109
21 112
21 115
21 116
21 117
21 121
21 125
21 126
21 129
21 132
21 134
21 139
21 143
21 148
21 150
21 151
21 152
21 153
21 159
21 161
21 165
21 172
21 178
21 179
21 182
21 185
21 187
22 0
22 7
22 10
22 12
22 13
22 17
22 18
22 19
22 20
22 23
22 24
22 25
22 28
22 30
22 31
22 37
22 42
22 44
22 50
22 52
22 54
22 56
22 57
22 61
22 63
22 64
22 67
22 71
22 72
22 77
22 78
22 84
22 85
22 88
22 91
22 93
22 94
22 97
22 98
22 100
22 103
22 104
22 105
22 109
22 110
22 120
22 122
22 123
22 126
22 128
22 133
22 134
22 139
22 147
22 148
22 149
22 150
22 152
22 155
22 156
22 157
22 158
22 161
22 169
22 170
22 172
22 175
22 177
22 178
22 179
22 181
22 183
22 185
22 186
22 187
23 2
23 3
23 4
23 9
23 11
23 14
23 15
23 16
23 17
23 21
23 22
23 25
23 27
23 29
23 31
23 32
23 35
23 37
23 42
23 43
23 44
23 46
23 50
23 51
23 52
23 53
23 55
23 56
23 58
23 59
23 60
23 61
23 64
23 66
23 70
23 71
23 72
23 74
23 75
23 76
23 77
23 78
23 82
23 84
23 85
23 86
23 88
23 93
23 97
23 99
23 100
23 103
23 104
23 105
23 107
23 108
23 114
23 115
23 117
23 122
23 130
23 137
23 143
23 144
23 149
23 151
23 153
23 154
23 156
23 157
23 159
23 160
23 161
23 163
23 166
23 177
23 180
23 181
23 184
23 185
24 0
24 4
24 5
24 9
24 11
24 13
24 18
24 19
24 22
24 28
24 30
24 33
24 34
24 36
24 38
24 40
24 42
24 43
24 50
24 52
24 54
24 55
24 56
24 57
24 60
24 63
24 68
24 69
24 70
24 74
24 75
24 79
24 82
24 83
24 85
24 88
24 89
24 96
24 97
24 98
24 100
24 101
24 103
24 104
24 106
24 108
24 110
24 111
24 112
24 115
24 117
24 118
24 119
24 127
24 131
24 132
24 133
24 136
24 137
24 138
24 141
24 144
24 147
24 148
24 149
24 151
24 152
24 157
24 158
24 160
24 163
24 164
24 166
24 167
24 169
24 170
24 171
24 173
24 178
24 182
24 184
24 186
24 188
25 1
25 4
25 5
25 6
25 12
25 15
25 16
25 17
25 19
25 26
25 27
25 28
25 30
25 42
25 44
25 46
25 49
25 50
25 53
25 54
25 56
25 57
25 58
25 60
25 64
25 65
25 70
25 72
25 73
25 77
25 81
25 82
25 85
25 89
25 90
25 92
25 95
25 96
25 97
25 99
25 100
25 102
25 103
25 104
25 106
25 109
25 116
25 117
25 121
25 122
25 128
25 131
25 133
25 134
25 136
25 137
25 139
25 141
25 142
25 145
25 146
25 149
25 150
25 152
25 155
25 159
25 164
25 165
25 166
25 169
25 171
25 174
25 175
25 176
25 178
25 179
25 180
25 186
25 187
25 189
26 1
26 3
26 4
26 5
26 10
26 11
26 12
26 14
26 15
26 16
26 24
26 25
26 27
26 31
26 32
26 35
26 36
26 37
26 40
26 41
26 43
26 44
26 52
26 53
26 57
26 58
26 63
26 64
26 65
26 68
26 69
26 72
26 80
26 83
26 84
26 86
26 87
26 88
26 89
26 90
26 98
26 103
26 104
26 106
26 112
26 114
26 117
26 118
26 119
26 120
26 121
26 126
26 130
26 134
26 137
26 140
26 141
26 142
26 143
26 144
26 145
26 147
26 149
26 155
26 156
26 157
26 160
26 164
26 166
26 167
26 168
26 171
26 172
26 173
26 176
26 177
26 178
26 180
27 0
27 3
27 4
27 5
27 7
27 11
27 16
27 17
27 19
27 23
27 24
27 28
27 37
27 40
27 41
27 44
27 50
27 51
27 53
27 56
27 57
27 58
27 63
27 67
27 68
27 69
27 70
27 71
27 72
27 74
27 75
27 77
27 79
27 83
27 84
27 85
27 86
27 89
27 93
27 94
27 95
27 96
27 98
27 99
27 104
27 105
27 107
27 108
27 110
27 111
27 119
27 122
27 123
27 124
27 126
27 130
27 132
27 135
27 145
27 146
27 148
27 150
27 154
27 156
27 157
27 160
27 161
27 164
27 166
27 167
27 168
27 173
27 175
27 178
27 179
27 185
27 186
27 189
28 0
28 3
28 11
28 18
28 20
28 21
28 23
28 25
28 30
28 31
28 33
28 34
28 36
28 37
28 45
28 47
28 49
28 52
28 58
28 59
28 61
28 63
28 64
28 66
28 67
28 71
28 73
28 74
28 75
28 77
28 78
28 81
28 82
28 83
28 84
28 85
28 88
28 89
28 91
28 92
28 93
28 95
28 96
28 98
28 100
28 102
28 106
28 112
28 113
28 114
28 123
28 124
28 125
28 131
28 132
28 135
28 137
28 139
28 140
28 142
28 147
28 152
28 153
28 155
28 164
28 165
28 166
28 173
28 174
28 180
28 187
28 189
29 8
29 13
29 14
29 17
29 24
29 25
29 26
29 28
29 30
29 33
29 35
29 36
29 38
29 41
29 49
29 54
29 57
29 60
29 62
29 64
29 66
29 69
29 71
29 73
29 74
29 75
29 83
29 87
29 89
29 95
29 96
29 97
29 100
29 101
29 104
29 105
29 106
29 107
29 112
29 118
29 119
29 120
29 128
29 129
29 132
29 136
29 137
29 140
29 141
29 144
29 145
29 150
29 152
29 156
29 160
29 163
29 164
29 165
29 167
29 173
29 177
29 178
29 179
29 184
29 187
30 1
30 2
30 4
30 6
30 7
30 9
30 12
30 17
30 20
30 21
30 22
30 24
30 25
30 26
30 28
30 30
30 31
30 32
30 33
30 36
30 37
30 43
30 44
30 47
30 49
30 52
30 54
30 58
30 59
30 61
30 62
30 63
30 65
30 66
30 69
30 75
30 81
30 84
30 89
30 94
30 98
30 99
30 101
30 102
30 103
30 110
30 115
30 116
30 127
30 128
30 133
30 135
30 137
30 138
30 140
30 151
30 153
30 154
30 158
30 161
30 162
30 163
30 164
30 165
30 167
30 169
30 173
30 174
30 178
30 179
30 186
30 188
31 3
31 5
31 7
31 8
31 9
31 10
31 12
31 13
31 14
31 18
31 20
31 24
31 25
31 27
31 29
31 32
31 33
31 35
31 43
31 44
31 46
31 47
31 48
31 49
31 50
31 51
31 52
31 53
31 58
31 60
31 61
31 66
31 67
31 70
31 71
31 72
31 75
31 77
31 78
31 86
31 87
31 88
31 89
31 90
31 100
31 101
31 103
31 104
31 107
31 108
31 111
31 113
31 116
31 117
31 118
31 119
31 122
31 123
31 125
31 127
31 132
31 133
31 134
31 137
31 140
31 142
31 145
31 146
31 149
31 150
31 153
31 156
31 158
31 159
31 160
31 161
31 163
31 165
31 168
31 172
31 174
31 175
31 176
31 178
31 183
31 185
32 0
32 2
32 3
32 4
32 8
32 11
32 13
32 20
32 30
32 31
32 37
32 38
32 45
32 48
32 49
32 50
32 51
32 52
32 53
32 58
32 60
32 67
32 71
32 72
32 76
32 77
32 79
32 82
32 85
32 87
32 91
32 92
32 93
32 96
32 98
32 99
32 100
32 104
32 106
32 107
32 108
32 115
32 119
32 120
32 124
32 125
32 129
32 132
32 135
32 140
32 146
32 149
32 154
32 157
32 159
32 160
32 162
32 163
32 166
32 167
32 171
32 173
32 174
32 177
32 179
32 180
32 181
32 182
32 184
32 189
33 1
33 3
33 4
33 6
33 7
33 8
33 13
33 14
33 16
33 17
33 22
33 23
33 24
33 30
33 34
33 35
33 36
33 38
33 40
33 42
33 44
33 61
33 75
33 80
33 90
33 97
33 99
33 100
33 103
33 109
33 116
33 118
33 124
33 127
33 128
33 129
33 137
33 138
33 139
33 144
33 146
33 148
33 149
33 150
33 152
33 153
33 155
33 156
33 157
33 158
33 165
33 167
33 169
33 176
33 182
33 185
33 186
33 187
34 0
34 1
34 2
34 3
34 5
34 8
34 9
34 13
34 15
34 17
34 18
34 19
34 20
34 21
34 29
34 30
34 32
34 36
34 37
34 42
34 50
34 51
34 53
34 58
34 60
34 61
34 66
34 69
34 70
34 74
34 79
34 81
34 86
34 89
34 90
34 94
34 100
34 106
34 107
34 108
34 110
34 111
34 112
34 113
34 115
34 118
34 123
34 124
34 127
34 128
34 129
34 130
34 131
34 135
34 136
34 137
34 141
34 142
34 144
34 146
34 147
34 149
34 152
34 153
34 154
34 156
34 161
34 162
34 163
34 164
34 167
34 168
34 170
34 172
34 178
34 180
34 181
34 183
34 186
35 3
35 4
35 5
35 6
35 7
35 8
35 9
35 11
35 12
35 13
35 14
35 15
35 16
35 18
35 25
35 28
35 30
35 34
35 37
35 38
35 39
35 41
35 43
35 47
35 48
35 49
35 51
35 53
35 55
35 57
35 58
35 60
35 61
35 62
35 64
35 65
35 66
35 69
35 70
35 73
35 75
35 81
35 84
35 94
35 97
35 98
35 100
35 103
35 106
35 108
35 112
35 113
35 115
35 116
35 117
35 118
35 119
35 121
35 123
35 125
35 127
35 129
35 131
35 133
35 134
35 137
35 143
35 144
35 145
35 146
35 150
35 154
35 157
35 158
35 162
35 163
35 165
35 171
35 172
35 173
35 174
35 176
35 177
35 179
35 183
35 184
35 185
35 187
36 4
36 5
36 10
36 12
36 16
36 18
36 19
36 20
36 21
36 24
36 25
36 28
36 29
36 32
36 33
36 36
36 39
36 45
36 49
36 51
36 53
36 54
36 60
36 61
36 67
36 70
36 71
36 72
36 75
36 79
36 80
36 81
36 82
36 83
36 86
36 88
36 90
36 94
36 95
36 106
36 109
36 112
36 117
36 119
36 123
36 124
36 129
36 132
36 136
36 138
36 142
36 143
36 144
36 145
36 148
36 149
36 150
36 151
36 155
36 156
36 157
36 159
36 160
36 168
36 169
36 171
36 172
36 173
36 176
36 177
36 179
36 187
37 3
37 5
37 6
37 7
37 11
37 13
37 14
37 18
37 19
37 22
37 26
37 28
37 32
37 33
37 38
37 39
37 43
37 45
37 49
37 51
37 52
37 54
37 57
37 59
37 61
37 62
37 63
37 70
37 71
37 74
37 75
37 76
37 79
37 80
37 87
37 88
37 89
37 91
37 92
37 94
37 100
37 103
37 107
37 108
37 109
37 111
37 112
37 114
37 117
37 118
37 119
37 120
37 129
37 131
37 136
37 137
37 138
37 146
37 151
37 153
37 154
37 155
37 160
37 161
37 162
37 165
37 166
37 171
37 172
37 177
37 178
37 183
38 0
38 4
38 6
38 7
38 9
38 10
38 15
38 23
38 24
38 26
38 27
38 28
38 31
38 32
38 33
38 35
38 39
38 40
38 42
38 49
38 52
38 53
38 57
38 58
38 60
38 62
38 64
38 66
38 68
38 71
38 74
38 77
38 78
38 80
38 82
38 86
38 88
38 94
38 98
38 101
38 102
38 104
38 106
38 107
38 108
38 109
38 110
38 113
38 116
38 118
38 119
38 120
38 121
38 124
38 125
38 127
38 128
38 133
38 135
38 137
38 141
38 143
38 145
38 148
38 150
38 154
38 156
38 157
38 159
38 163
38 165
38 166
38 167
38 170
38 176
38 177
38 189
39 0
39 3
39 4
39 5
39 6
39 7
39 9
39 11
39 12
39 13
39 17
39 20
39 22
39 23
39 25
39 26
39 31
39 32
39 35
39 39
39 40
39 42
39 46
39 49
39 53
39 57
39 59
39 63
39 64
39 69
39 74
39 75
39 78
39 85
39 87
39 88
39 91
39 93
39 103
39 107
39 109
39 110
39 112
39 113
39 116
39 117
39 125
39 129
39 130
39 131
39 133
39 139
39 144
39 145
39 150
39 151
39 155
39 159
39 160
39 164
39 167
39 168
39 169
39 175
39 186
39 187
40 2
40 3
40 4
40 9
40 12
40 15
40 16
40 18
40 20
40 25
40 26
40 28
40 29
40 33
40 34
40 39
40 40
40 43
40 48
40 51
40 56
40 61
40 62
40 64
40 65
40 66
40 67
40 69
40 70
40 71
40 73
40 77
40 79
40 82
40 83
40 84
40 86
40 88
40 90
40 91
40 99
40 101
40 103
40 106
40 109
40 110
40 112
40 119
40 120
40 130
40 133
40 136
40 137
40 138
40 141
40 145
40 148
40 150
40 154
40 162
40 163
40 164
40 165
40 166
40 172
40 174
40 175
40 177
40 178
40 181
40 183
40 189
41 2
41 4
41 7
41 8
41 10
41 12
41 13
41 17
41 18
41 23
41 24
41 25
41 26
41 29
41 30
41 33
41 35
41 37
41 38
41 42
41 43
41 44
41 48
41 52
41 53
41 56
41 58
41 61
41 64
41 65
41 68
41 70
41 73
41 74
41 75
41 78
41 81
41 86
41 88
41 89
41 93
41 95
41 98
41 100
41 104
41 106
41 107
41 113
41 115
41 122
41 123
41 127
41 133
41 135
41 137
41 140
41 141
41 143
41 144
41 151
41 154
41 155
41 157
41 164
41 166
41 167
41 168
41 169
41 176
41 179
41 181
41 183
41 184
41 186
41 189
42 5
42 7
42 8
42 11
42 21
42 22
42 29
42 31
42 32
42 33
42 34
42 36
42 38
42 39
42 42
42 43
42 44
42 46
42 47
42 48
42 49
42 51
42 52
42 53
42 62
42 63
42 76
42 80
42 83
42 84
42 86
42 87
42 93
42 94
42 97
42 98
42 101
42 102
42 106
42 108
42 109
42 113
42 114
42 115
42 118
42 121
42 123
42 125
42 126
42 131
42 132
42 133
42 138
42 139
42 141
42 142
42 145
42 146
42 147
42 149
42 151
42 152
42 155
42 156
42 157
42 158
42 159
42 161
42 165
42 166
42 168
42 170
42 172
42 180
42 182
42 186
42 188
42 189
43 4
43 13
43 14
43 15
43 21
43 22
43 23
43 25
43 26
43 29
43 30
43 32
43 33
43 34
43 35
43 36
43 42
43 44
43 45
43 48
43 49
43 51
43 52
43 53
43 55
43 56
43 57
43 62
43 63
43 64
43 65
43 67
43 68
43 72
43 73
43 75
43 76
43 77
43 78
43 80
43 81
43 82
43 84
43 85
43 86
43 87
43 89
43 91
43 92
43 93
43 94
43 97
43 98
43 99
43 100
43 103
43 105
43 110
43 111
43 114
43 115
43 119
43 125
43 127
43 128
43 129
43 131
43 133
43 135
43 139
43 143
43 145
43 149
43 155
43 159
43 160
43 161
43 162
43 163
43 165
43 167
43 168
43 171
43 174
43 175
43 176
43 179
43 183
43 184
43 185
43 186
43 187
44 1
44 3
44 7
44 9
44 10
44 11
44 14
44 17
44 21
44 22
44 23
44 26
44 28
44 30
44 33
44 36
44 38
44 42
44 47
44 49
44 54
44 55
44 58
44 59
44 62
44 63
44 65
44 76
44 77
44 78
44 81
44 82
44 83
44 85
44 87
44 91
44 99
44 104
44 105
44 106
44 111
44 113
44 114
44 116
44 119
44 124
44 126
44 127
44 130
44 133
44 134
44 135
44 138
44 140
44 141
44 146
44 148
44 152
44 154
44 156
44 158
44 159
44 162
44 163
44 165
44 169
44 170
44 176
44 177
44 178
44 184
44 185
44 186
44 188
45 4
45 6
45 7
45 8
45 9
45 11
45 15
45 19
45 23
45 24
45 27
45 28
45 32
45 35
45 36
45 37
45 39
45 42
45 44
45 46
45 48
45 49
45 52
45 56
45 57
45 58
45 59
45 60
45 63
45 66
45 70
45 75
45 78
45 79
45 82
45 85
45 87
45 89
45 90
45 95
45 99
45 100
45 103
45 108
45 113
45 119
45 120
45 121
45 122
45 123
45 124
45 128
45 129
45 132
45 133
45 137
45 138
45 141
45 142
45 145
45 146
45 148
45 149
45 150
45 157
45 160
45 169
45 174
45 176
45 177
45 179
45 185
45 187
46 2
46 7
46 9
46 11
46 15
46 17
46 18
46 19
46 21
46 24
46 27
46 28
46 30
46 41
46 42
46 43
46 45
46 48
46 51
46 52
46 59
46 60
46 61
46 62
46 65
46 67
46 70
46 78
46 81
46 82
46 86
46 87
46 88
46 89
46 92
46 103
46 104
46 105
46 107
46 108
46 113
46 114
46 115
46 117
46 119
46 120
46 121
46 128
46 131
46 132
46 135
46 138
46 142
46 143
46 145
46 151
46 152
46 153
46 154
46 156
46 157
46 158
46 160
46 162
46 163
46 169
46 170
46 173
46 175
46 182
46 187
46 188
46 189
47 0
47 1
47 3
47 4
47 5
47 6
47 9
47 18
47 20
47 21
47 26
47 27
47 28
47 32
47 33
47 36
47 37
47 38
47 41
47 43
47 48
47 59
47 61
47 63
47 64
47 67
47 71
47 73
47 74
47 83
47 87
47 88
47 89
47 92
47 93
47 94
47 97
47 101
47 103
47 104
47 109
47 111
47 112
47 115
47 116
47 119
47 120
47 121
47 122
47 127
47 128
47 129
47 131
47 132
47 134
47 136
47 138
47 139
47 140
47 143
47 144
47 145
47 149
47 150
47 152
47 153
47 154
47 161
47 162
47 163
47 164
47 166
47 167
47 170
47 172
47 174
47 178
47 181
47 183
47 184
47 189
48 0
48 5
48 14
48 15
48 18
48 19
48 20
48 21
48 22
48 26
48 27
48 29
48 31
48 32
48 33
48 39
48 40
48 43
48 46
48 53
48 54
48 55
48 57
48 58
48 59
48 60
48 61
48 62
48 64
48 65
48 69
48 73
48 77
48 81
48 82
48 92
48 100
48 101
48 102
48 103
48 109
48 113
48 121
48 126
48 127
48 136
48 141
48 142
48 143
48 144
48 145
48 146
48 149
48 150
48 152
48 154
48 157
48 160
48 165
48 170
48 172
48 176
48 177
48 178
48 182
48 184
48 188
48 189
49 2
49 3
49 13
49 15
49 16
49 22
49 23
49 34
49 35
49 36
49 39
49 40
49 45
49 47
49 53
49 54
49 55
49 57
49 58
49 60
49 63
49 65
49 69
49 71
49 74
49 75
49 79
49 83
49 84
49 85
49 87
49 88
49 91
49 92
49 93
49 94
49 100
49 101
49 105
49 107
49 110
49 112
49 114
49 116
49 118
49 127
49 128
49 133
49 134
49 136
49 138
49 139
49 140
49 142
49 145
49 151
49 152
49 155
49 157
49 158
49 159
49 162
49 165
49 166
49 167
49 170
49 171
49 175
49 186
49 188
49 189
50 6
50 7
50 9
50 16
50 23
50 24
50 28
50 29
50 30
50 31
50 32
50 38
50 39
50 44
50 45
50 48
50 52
50 55
50 56
50 58
50 59
50 60
50 62
50 63
50 65
50 68
50 71
50 75
50 77
50 78
50 79
50 80
50 82
50 90
50 91
50 96
50 100
50 101
50 103
50 107
50 109
50 111
50 116
50 119
50 129
50 131
50 132
50 139
50 141
50 145
50 147
50 151
50 154
50 158
50 160
50 163
50 166
50 167
50 170
50 173
50 174
50 176
50 177
50 184
50 186
50 189
51 3
51 4
51 6
51 12
51 13
51 15
51 18
51 22
51 23
51 24
51 25
51 27
51 28
51 29
51 31
51 37
51 40
51 41
51 43
51 44
51 46
51 48
51 50
51 51
51 54
51 55
51 57
51 59
51 61
51 62
51 64
51 65
51 67
51 71
51 76
51 77
51 81
51 83
51 84
51 89
51 91
51 94
51 95
51 101
51 102
51 107
51 110
51 111
51 112
51 114
51 116
51 117
51 119
51 121
51 122
51 125
51 126
51 127
51 129
51 130
51 131
51 135
51 138
51 141
51 144
51 147
51 150
51 152
51 154
51 156
51 159
51 161
51 163
51 165
51 169
51 171
51 172
51 173
51 174
51 177
51 181
51 182
51 184
51 185
51 186
52 2
52 3
52 5
52 8
52 12
52 15
52 22
52 26
52 27
52 28
52 32
52 37
52 44
52 48
52 51
52 53
52 55
52 56
52 57
52 58
52 60
52 61
52 66
52 69
52 72
52 73
52 74
52 75
52 76
52 77
52 79
52 80
52 81
52 82
52 84
52 86
52 89
52 90
52 92
52 94
52 96
52 108
52 112
52 114
52 115
52 116
52 121
52 123
52 129
52 130
52 133
52 134
52 144
52 154
52 156
52 162
52 163
52 164
52 165
52 168
52 169
52 172
52 177
52 184
52 186
52 187
53 0
53 8
53 11
53 12
53 21
53 25
53 28
53 29
53 31
53 35
53 36
53 38
53 41
53 42
53 45
53 46
53 47
53 50
53 53
53 58
53 59
53 60
53 65
53 67
53 68
53 71
53 72
53 73
53 75
53 80
53 81
53 83
53 85
53 86
53 90
53 92
53 94
53 95
53 102
53 103
53 107
53 110
53 111
53 114
53 116
53 119
53 121
53 124
53 126
53 127
53 128
53 130
53 133
53 134
53 137
53 141
53 142
53 143
53 144
53 147
53 148
53 152
53 153
53 155
53 156
53 158
53 162
53 168
53 171
53 172
53 174
53 175
53 178
53 182
53 185
53 188
54 5
54 6
54 8
54 10
54 12
54 14
54 21
54 23
54 25
54 30
54 32
54 35
54 45
54 49
54 54
54 56
54 59
54 60
54 62
54 64
54 68
54 71
54 74
54 75
54 78
54 83
54 85
54 86
54 91
54 92
54 93
54 94
54 95
54 97
54 99
54 105
54 107
54 109
54 113
54 117
54 118
54 120
54 125
54 127
54 128
54 129
54 133
54 136
54 138
54 139
54 144
54 147
54 148
54 150
54 152
54 153
54 154
54 157
54 159
54 163
54 164
54 165
54 174
54 175
54 176
54 180
54 189
55 0
55 2
55 6
55 8
55 10
55 11
55 13
55 14
55 16
55 17
55 20
55 21
55 22
55 24
55 25
55 26
55 27
55 29
55 30
55 35
55 45
55 48
55 54
55 55
55 63
55 64
55 65
55 66
55 67
55 80
55 82
55 84
55 89
55 90
55 94
55 96
55 103
55 104
55 105
55 109
55 111
55 112
55 115
55 118
55 120
55 121
55 122
55 125
55 127
55 130
55 131
55 132
55 134
55 136
55 141
55 142
55 144
55 145
55 146
55 149
55 150
55 151
55 152
55 156
55 157
55 159
55 162
55 163
55 169
55 171
55 173
55 174
55 175
55 176
55 177
55 178
55 182
55 186
55 188
56 1
56 2
56 4
56 6
56 10
56 13
56 15
56 16
56 17
56 20
56 21
56 29
56 33
56 36
56 40
56 43
56 45
56 47
56 49
56 50
56 53
56 56
56 61
56 62
56 65
56 69
56 76
56 77
56 81
56 83
56 84
56 86
56 89
56 94
56 98
56 103
56 104
56 106
56 107
56 109
56 110
56 113
56 115
56 116
56 121
56 127
56 137
56 138
56 140
56 143
56 146
56 147
56 148
56 149
56 150
56 152
56 154
56 160
56 163
56 164
56 165
56 168
56 173
56 178
56 179
56 180
56 185
56 187
56 188
56 189
57 3
57 6
57 9
57 10
57 15
57 16
57 17
57 20
57 21
57 29
57 32
57 34
57 37
57 43
57 45
57 47
57 50
57 56
57 59
57 60
57 67
57 70
57 71
57 72
57 77
57 81
57 82
57 85
57 86
57 88
57 94
57 95
57 97
57 100
57 101
57 102
57 107
57 108
57 113
57 114
57 116
57 117
57 119
57 120
57 121
57 122
57 126
57 130
57 133
57 134
57 136
57 138
57 140
57 141
57 144
57 146
57 149
57 154
57 157
57 158
57 161
57 162
57 164
57 169
57 170
57 174
57 176
57 180
57 182
57 184
57 185
58 2
58 12
58 18
58 20
58 22
58 24
58 25
58 27
58 28
58 30
58 32
58 34
58 35
58 36
58 37
58 39
58 40
58 44
58 45
58 46
58 48
58 50
58 51
58 52
58 54
58 57
58 61
58 64
58 65
58 66
58 68
58 69
58 74
58 76
58 79
58 81
58 82
58 83
58 86
58 90
58 91
58 93
58 95
58 98
58 104
58 106
58 111
58 113
58 114
58 115
58 118
58 120
58 128
58 132
58 133
58 141
58 142
58 145
58 147
58 148
58 150
58 151
58 157
58 163
58 164
58 166
58 167
58 171
58 174
58 175
58 183
58 184
58 185
59 1
59 2
59 4
59 11
59 12
59 14
59 15
59 17
59 20
59 23
59 25
59 26
59 31
59 32
59 39
59 43
59 44
59 47
59 48
59 49
59 53
59 54
59 58
59 59
59 65
59 66
59 67
59 68
59 71
59 72
59 73
59 74
59 75
59 76
59 77
59 78
59 81
59 82
59 85
59 86
59 88
59 90
59 94
59 96
59 97
59 99
59 100
59 105
59 109
59 111
59 112
59 114
59 115
59 116
59 118
59 122
59 123
59 125
59 126
59 130
59 132
59 135
59 138
59 143
59 144
59 146
59 148
59 150
59 151
59 153
59 154
59 155
59 156
59 159
59 163
59 164
59 165
59 166
59 168
59 171
59 172
59 179
59 182
59 183
59 185
59 189
60 0
60 1
60 2
60 3
60 4
60 5
60 6
60 7
60 8
60 14
60 16
60 17
60 21
60 23
60 24
60 26
60 27
60 28
60 33
60 36
60 37
60 41
60 47
60 48
60 56
60 57
60 59
60 61
60 68
60 74
60 77
60 80
60 81
60 89
60 90
60 92
60 93
60 97
60 98
60 100
60 104
60 108
60 111
60 113
60 114
60 116
60 118
60 121
60 124
60 126
60 129
60 134
60 138
60 139
60 140
60 142
60 145
60 146
60 150
60 152
60 155
60 158
60 161
60 163
60 169
60 170
60 171
60 173
60 175
60 176
60 177
60 180
60 181
60 186
61 3
61 4
61 6
61 7
61 11
61 14
61 15
61 18
61 21
61 25
61 27
61 30
61 31
61 32
61 33
61 34
61 39
61 45
61 48
61 54
61 55
61 58
61 59
61 60
61 61
61 62
61 63
61 64
61 72
61 73
61 74
61 77
61 84
61 86
61 91
61 94
61 100
61 104
61 105
61 106
61 111
61 112
61 114
61 115
61 116
61 118
61 121
61 123
61 126
61 127
61 128
61 130
61 131
61 133
61 135
61 141
61 143
61 147
61 153
61 155
61 157
61 158
61 159
61 161
61 164
61 165
61 168
61 176
61 177
61 179
61 180
61 183
61 184
61 189
62 0
62 5
62 7
62 10
62 11
62 12
62 13
62 16
62 17
62 18
62 21
62 24
62 25
62 26
62 28
62 32
62 35
62 36
62 37
62 38
62 44
62 48
62 49
62 51
62 52
62 57
62 60
62 61
62 66
62 70
62 73
62 79
62 81
62 82
62 83
62 86
62 87
62 88
62 92
62 94
62 96
62 98
62 100
62 102
62 108
62 109
62 111
62 112
62 117
62 119
62 121
62 122
62 124
62 125
62 126
62 127
62 131
62 133
62 134
62 135
62 139
62 143
62 146
62 147
62 148
62 149
62 153
62 156
62 157
62 158
62 159
62 163
62 164
62 167
62 168
62 169
62 171
62 174
62 176
62 178
62 179
62 180
62 181
62 183
62 185
62 187
62 188
62 189
63 2
63 8
63 9
63 11
63 19
63 20
63 23
63 25
63 26
63 29
63 31
63 33
63 34
63 35
63 37
63 43
63 44
63 47
63 51
63 52
63 53
63 57
63 59
63 62
63 63
63 65
63 66
63 67
63 68
63 69
63 73
63 76
63 82
63 88
63 92
63 99
63 101
63 108
63 109
63 111
63 116
63 117
63 127
63 130
63 132
63 135
63 137
63 144
63 145
63 146
63 152
63 158
63 159
63 160
63 161
63 162
63 164
63 169
63 170
63 171
63 174
63 177
63 181
63 182
63 183
63 184
63 186
63 187
64 1
64 3
64 6
64 8
64 10
64 11
64 13
64 14
64 20
64 21
64 22
64 23
64 24
64 26
64 27
64 28
64 29
64 30
64 32
64 33
64 34
64 36
64 37
64 40
64 43
64 48
64 51
64 56
64 57
64 61
64 64
64 65
64 69
64 71
64 74
64 75
64 76
64 84
64 88
64 89
64 91
64 92
64 93
64 96
64 97
64 98
64 103
64 104
64 106
64 109
64 110
64 111
64 112
64 113
64 114
64 116
64 119
64 120
64 123
64 125
64 127
64 128
64 132
64 133
64 137
64 143
64 147
64 148
64 154
64 155
64 159
64 165
64 166
64 167
64 170
64 175
64 179
64 182
64 183
64 187
64 189
65 0
65 1
65 2
65 3
65 9
65 11
65 12
65 13
65 14
65 15
65 16
65 20
65 22
65 26
65 30
65 31
65 34
65 39
65 43
65 44
65 46
65 48
65 51
65 52
65 54
65 55
65 56
65 58
65 59
65 61
65 63
65 65
65 70
65 72
65 75
65 76
65 77
65 84
65 85
65 86
65 90
65 91
65 95
65 96
65 97
65 100
65 103
65 106
65 110
65 111
65 117
65 121
65 122
65 129
65 131
65 133
65 135
65 136
65 137
65 142
65 148
65 152
65 154
65 161
65 168
65 171
65 180
65 184
65 185
65 187
66 0
66 4
66 6
66 8
66 11
66 15
66 18
66 20
66 21
66 22
66 26
66 33
66 35
66 36
66 38
66 44
66 49
66 50
66 58
66 63
66 67
66 70
66 72
66 79
66 82
66 85
66 87
66 88
66 94
66 96
66 97
66 101
66 102
66 103
66 105
66 106
66 108
66 109
66 111
66 123
66 125
66 126
66 128
66 129
66 133
66 137
66 141
66 142
66 143
66 146
66 149
66 151
66 154
66 155
66 161
66 162
66 165
66 168
66 174
66 177
66 179
66 180
66 189
67 0
67 5
67 8
67 9
67 12
67 14
67 15
67 20
67 21
67 23
67 24
67 25
67 26
67 30
67 32
67 38
67 40
67 43
67 45
67 46
67 48
67 52
67 55
67 57
67 58
67 61
67 65
67 69
67 71
67 73
67 76
67 77
67 78
67 79
67 80
67 90
67 91
67 99
67 105
67 106
67 109
67 111
67 114
67 120
67 122
67 124
67 125
67 126
67 127
67 128
67 130
67 137
67 138
67 139
67 140
67 142
67 145
67 148
67 150
67 154
67 156
67 157
67 164
67 166
67 167
67 168
67 170
67 171
67 172
67 174
67 176
67 177
67 180
67 181
67 182
67 183
67 184
67 186
67 187
67 188
68 1
68 2
68 3
68 5
68 6
68 7
68 13
68 19
68 23
68 24
68 26
68 27
68 32
68 34
68 35
68 36
68 37
68 38
68 39
68 40
68 42
68 49
68 50
68 51
68 54
68 55
68 57
68 60
68 61
68 62
68 66
68 67
68 68
68 70
68 74
68 77
68 79
68 81
68 82
68 83
68 84
68 87
68 88
68 89
68 91
68 92
68 97
68 98
68 101
68 111
68 112
68 116
68 126
68 127
68 136
68 137
68 138
68 139
68 140
68 141
68 142
68 143
68 144
68 146
68 147
68 149
68 155
68 156
68 157
68 158
68 165
68 166
68 170
68 171
68 172
68 175
68 186
68 188
69 0
69 1
69 2
69 6
69 13
69 14
69 15
69 16
69 21
69 22
69 23
69 28
69 33
69 34
69 35
69 37
69 39
69 40
69 41
69 42
69 43
69 44
69 45
69 46
69 51
69 55
69 57
69 59
69 61
69 64
69 65
69 66
69 68
69 69
69 75
69 79
69 80
69 82
69 83
69 84
69 87
69 88
69 89
69 93
69 96
69 97
69 98
69 99
69 107
69 109
69 110
69 114
69 115
69 116
69 119
69 120
69 122
69 124
69 127
69 128
69 129
69 131
69 132
69 138
69 142
69 145
69 147
69 148
69 152
69 153
69 154
69 155
69 159
69 164
69 167
69 168
69 169
69 172
69 174
69 175
69 177
69 178
69 182
69 183
69 187
69 189
70 0
70 4
70 5
70 6
70 7
70 10
70 12
70 14
70 15
70 18
70 19
70 22
70 23
70 25
70 26
70 33
70 35
70 37
70 42
70 44
70 45
70 47
70 50
70 52
70 53
70 56
70 57
70 58
70 61
70 64
70 67
70 75
70 76
70 77
70 80
70 82
70 83
70 86
70 87
70 89
70 92
70 93
70 94
70 95
70 97
70 98
70 102
70 107
70 108
70 110
70 111
70 115
70 120
70 121
70 122
70 130
70 132
70 135
70 136
70 139
70 143
70 144
70 148
70 150
70 151
70 156
70 157
70 159
70 160
70 163
70 164
70 170
70 171
70 174
70 176
70 181
70 185
70 186
70 189
71 0
71 1
71 2
71 3
71 5
71 8
71 14
71 20
71 22
71 27
71 29
71 35
71 36
71 39
71 45
71 48
71 49
71 54
71 55
71 56
71 57
71 58
71 59
71 60
71 62
71 64
71 72
71 73
71 77
71 78
71 80
71 82
71 83
71 85
71 88
71 91
71 92
71 93
71 94
71 96
71 97
71 102
71 103
71 105
71 107
71 116
71 117
71 124
71 125
71 126
71 128
71 130
71 132
71 133
71 134
71 138
71 141
71 142
71 146
71 147
71 148
71 152
71 158
71 159
71 160
71 161
71 164
71 166
71 168
71 169
71 175
71 176
71 177
71 180
71 182
71 184
71 185
71 186
71 187
72 0
72 6
72 7
72 8
72 12
72 13
72 14
72 17
72 20
72 21
72 25
72 27
72 29
72 30
72 31
72 33
72 35
72 37
72 38
72 52
72 53
72 54
72 56
72 57
72 60
72 61
72 69
72 77
72 79
72 86
72 88
72 92
72 93
72 94
72 97
72 98
72 99
72 103
72 104
72 105
72 108
72 110
72 111
72 116
72 117
72 119
72 123
72 124
72 126
72 128
72 129
72 133
72 135
72 137
72 139
72 142
72 143
72 144
72 145
72 146
72 148
72 154
72 157
72 159
72 160
72 164
72 165
72 166
72 171
72 173
72 174
72 175
72 177
72 180
72 181
72 182
72 185
73 1
73 2
73 11
73 12
73 19
73 21
73 24
73 26
73 32
73 38
73 39
73 40
73 41
73 44
73 45
73 46
73 48
73 50
73 51
73 55
73 56
73 58
73 59
73 60
73 61
73 65
73 66
73 69
73 72
73 83
73 87
73 89
73 90
73 96
73 98
73 102
73 104
73 105
73 106
73 109
73 110
73 112
73 113
73 118
73 119
73 121
73 124
73 125
73 127
73 128
73 137
73 138
73 139
73 140
73 141
73 142
73 144
73 147
73 148
73 149
73 150
73 152
73 160
73 162
73 163
73 164
73 169
73 173
73 177
73 178
73 179
73 182
74 1
74 2
74 11
74 16
74 20
74 25
74 27
74 29
74 30
74 35
74 37
74 38
74 39
74 41
74 43
74 46
74 48
74 49
74 50
74 53
74 54
74 58
74 59
74 60
74 62
74 65
74 66
74 67
74 68
74 70
74 71
74 72
74 77
74 82
74 84
74 85
74 86
74 88
74 89
74 91
74 95
74 97
74 98
74 104
74 105
74 106
74 110
74 112
74 114
74 115
74 116
74 119
74 120
74 121
74 122
74 123
74 124
74 125
74 126
74 127
74 130
74 133
74 134
74 135
74 136
74 139
74 141
74 142
74 144
74 148
74 150
74 152
74 153
74 156
74 161
74 163
74 168
74 173
74 174
74 175
74 177
74 178
74 179
74 181
74 182
74 188
75 1
75 4
75 9
75 15
75 16
75 18
75 20
75 26
75 28
75 31
75 33
75 36
75 37
75 41
75 42
75 49
75 51
75 53
75 54
75 57
75 59
75 61
75 65
75 67
75 79
75 81
75 84
75 85
75 87
75 90
75 93
75 94
75 97
75 99
75 100
75 102
75 103
75 105
75 106
75 107
75 109
75 112
75 113
75 114
75 115
75 116
75 119
75 121
75 128
75 130
75 131
75 132
75 139
75 141
75 142
75 144
75 145
75 153
75 156
75 159
75 161
75 163
75 167
75 169
75 170
75 180
75 181
75 182
75 183
75 184
75 187
76 0
76 1
76 3
76 4
76 6
76 7
76 9
76 13
76 14
76 15
76 18
76 20
76 25
76 26
76 29
76 31
76 34
76 35
76 36
76 41
76 42
76 43
76 45
76 46
76 48
76 49
76 52
76 69
76 71
76 73
76 76
76 83
76 87
76 88
76 93
76 97
76 99
76 104
76 105
76 107
76 115
76 119
76 121
76 124
76 125
76 127
76 128
76 129
76 136
76 137
76 145
76 146
76 147
76 149
76 152
76 155
76 159
76 160
76 169
76 170
76 171
76 175
76 176
76 179
76 180
76 182
76 185
76 186
76 189
77 0
77 1
77 4
77 8
77 11
77 14
77 17
77 19
77 21
77 23
77 24
77 25
77 27
77 29
77 30
77 31
77 34
77 35
77 36
77 38
77 40
77 46
77 47
77 49
77 50
77 51
77 52
77 60
77 62
77 63
77 64
77 65
77 66
77 71
77 73
77 80
77 83
77 86
77 87
77 93
77 97
77 98
77 100
77 102
77 104
77 109
77 110
77 115
77 119
77 120
77 123
77 126
77 127
77 128
77 130
77 131
77 135
77 136
77 141
77 143
77 144
77 147
77 148
77 149
77 152
77 154
77 156
77 157
77 165
77 167
77 170
77 173
77 174
77 175
77 176
77 177
77 180
77 183
77 186
78 1
78 3
78 4
78 5
78 6
78 18
78 20
78 21
78 22
78 23
78 24
78 27
78 28
78 31
78 32
78 33
78 40
78 44
78 46
78 47
78 48
78 50
78 55
78 56
78 60
78 64
78 65
78 71
78 75
78 79
78 80
78 83
78 87
78 88
78 91
78 93
78 95
78 99
78 100
78 104
78 107
78 111
78 112
78 120
78 121
78 131
78 132
78 133
78 134
78 142
78 143
78 144
78 147
78 149
78 158
78 163
78 170
78 171
78 172
78 175
78 176
78 177
78 178
78 181
78 182
79 2
79 5
79 7
79 10
79 17
79 18
79 19
79 20
79 22
79 23
79 24
79 28
79 29
79 31
79 37
79 38
79 40
79 46
79 50
79 52
79 53
79 54
79 55
79 56
79 59
79 61
79 69
79 70
79 73
79 74
79 77
79 79
79 86
79 87
79 88
79 90
79 96
79 101
79 102
79 104
79 112
79 113
79 115
79 118
79 120
79 123
79 126
79 131
79 132
79 134
79 138
79 139
79 148
79 153
79 157
79 159
79 162
79 164
79 168
79 171
79 175
79 178
79 179
79 181
79 188
80 2
80 5
80 6
80 7
80 10
80 11
80 14
80 18
80 19
80 28
80 31
80 34
80 38
80 40
80 42
80 46
80 47
80 48
80 49
80 51
80 52
80 53
80 56
80 57
80 58
80 63
80 66
80 68
80 70
80 72
80 73
80 75
80 78
80 79
80 84
80 88
80 89
80 97
80 99
80 101
80 102
80 103
80 104
80 108
80 110
80 113
80 116
80 117
80 118
80 119
80 121
80 126
80 128
80 134
80 137
80 139
80 144
80 147
80 154
80 155
80 156
80 157
80 161
80 162
80 165
80 167
80 172
80 173
80 175
80 177
80 178
80 180
80 182
80 183
80 186
80 187
81 0
81 2
81 6
81 7
81 8
81 9
81 10
81 11
81 15
81 18
81 21
81 25
81 29
81 32
81 34
81 35
81 38
81 40
81 42
81 46
81 47
81 48
81 49
81 51
81 53
81 56
81 61
81 62
81 63
81 64
81 68
81 69
81 70
81 71
81 76
81 78
81 79
81 82
81 84
81 91
81 94
81 100
81 102
81 103
81 106
81 107
81 113
81 117
81 118
81 121
81 122
81 124
81 125
81 126
81 130
81 131
81 132
81 134
81 136
81 137
81 139
81 143
81 146
81 150
81 154
81 155
81 158
81 160
81 161
81 162
81 163
81 164
81 170
81 180
81 181
81 188
81 189
82 0
82 4
82 9
82 11
82 14
82 15
82 19
82 21
82 23
82 31
82 32
82 36
82 42
82 45
82 46
82 49
82 50
82 57
82 58
82 60
82 71
82 72
82 73
82 76
82 77
82 79
82 81
82 82
82 84
82 86
82 93
82 94
82 101
82 104
82 108
82 109
82 110
82 117
82 121
82 124
82 127
82 128
82 130
82 132
82 134
82 135
82 137
82 141
82 144
82 147
82 150
82 152
82 153
82 154
82 155
82 157
82 159
82 163
82 170
82 173
82 176
82 179
82 184
82 185
82 186
82 187
83 0
83 1
83 2
83 5
83 6
83 12
83 13
83 17
83 18
83 20
83 25
83 26
83 31
83 33
83 34
83 36
83 37
83 40
83 41
83 42
83 43
83 47
83 52
83 53
83 54
83 55
83 58
83 60
83 64
83 75
83 76
83 77
83 78
83 79
83 80
83 86
83 87
83 88
83 92
83 94
83 100
83 105
83 106
83 110
83 112
83 113
83 114
83 116
83 123
83 125
83 128
83 129
83 131
83 132
83 135
83 136
83 138
83 140
83 143
83 144
83 147
83 155
83 157
83 162
83 163
83 165
83 167
83 169
83 170
83 171
83 174
83 176
83 177
83 179
83 181
83 183
83 189
84 0
84 3
84 6
84 8
84 9
84 11
84 18
84 21
84 22
84 26
84 29
84 33
84 34
84 37
84 38
84 40
84 45
84 48
84 52
84 54
84 61
84 65
84 73
84 75
84 76
84 82
84 83
84 86
84 87
84 88
84 89
84 97
84 102
84 105
84 108
84 112
84 113
84 117
84 122
84 125
84 126
84 131
84 135
84 136
84 137
84 138
84 142
84 143
84 144
84 151
84 153
84 154
84 155
84 157
84 158
84 162
84 165
84 166
84 167
84 168
84 169
84 173
84 180
84 182
84 183
84 184
84 187
85 0
85 1
85 3
85 6
85 7
85 8
85 10
85 12
85 13
85 14
85 15
85 18
85 19
85 22
85 29
85 31
85 32
85 34
85 38
85 42
85 46
85 53
85 54
85 56
85 59
85 68
85 69
85 74
85 75
85 76
85 78
85 79
85 82
85 88
85 89
85 95
85 96
85 101
85 102
85 103
85 105
85 109
85 112
85 117
85 120
85 121
85 127
85 128
85 130
85 131
85 133
85 135
85 136
85 138
85 139
85 140
85 144
85 146
85 148
85 150
85 159
85 162
85 163
85 165
85 166
85 169
85 170
85 172
85 174
85 178
85 180
85 181
85 182
85 184
85 186
85 189
86 0
86 1
86 6
86 9
86 20
86 23
86 24
86 25
86 26
86 27
86 28
86 30
86 31
86 35
86 36
86 42
86 43
86 44
86 47
86 48
86 50
86 51
86 52
86 54
86 62
86 63
86 67
86 68
86 71
86 74
86 76
86 81
86 86
86 93
86 101
86 104
86 107
86 108
86 110
86 111
86 112
86 126
86 127
86 128
86 130
86 132
86 134
86 137
86 138
86 141
86 144
86 145
86 146
86 148
86 150
86 151
86 153
86 155
86 156
86 158
86 159
86 160
86 165
86 166
86 167
86 168
86 170
86 171
86 172
86 173
86 177
86 179
86 181
86 184
86 185
86 186
86 187
86 188
87 5
87 6
87 7
87 10
87 11
87 13
87 16
87 23
87 24
87 25
87 27
87 28
87 30
87 31
87 34
87 36
87 37
87 38
87 43
87 44
87 48
87 52
87 54
87 56
87 59
87 60
87 61
87 65
87 67
87 68
87 69
87 70
87 74
87 75
87 77
87 80
87 85
87 86
87 89
87 90
87 92
87 93
87 94
87 95
87 97
87 100
87 104
87 105
87 115
87 116
87 118
87 124
87 125
87 131
87 135
87 136
87 142
87 143
87 144
87 146
87 147
87 153
87 157
87 158
87 162
87 164
87 165
87 168
87 172
87 175
87 176
87 179
87 180
87 186
87 189
88 0
88 3
88 5
88 6
88 8
88 9
88 11
88 12
88 16
88 17
88 20
88 24
88 25
88 28
88 29
88 31
88 34
88 40
88 46
88 48
88 49
88 50
88 52
88 53
88 55
88 58
88 60
88 63
88 64
88 65
88 66
88 67
88 68
88 69
88 73
88 74
88 76
88 78
88 79
88 80
88 81
88 82
88 83
88 85
88 86
88 87
88 89
88 91
88 93
88 94
88 96
88 100
88 101
88 110
88 113
88 118
88 120
88 121
88 125
88 127
88 130
88 131
88 134
88 136
88 137
88 138
88 139
88 143
88 144
88 149
88 150
88 153
88 154
88 157
88 158
88 159
88 161
88 165
88 166
88 171
88 172
88 176
88 177
88 178
88 180
88 181
88 182
88 183
88 184
88 185
88 187
89 2
89 4
89 6
89 7
89 9
89 10
89 13
89 14
89 16
89 18
89 19
89 20
89 22
89 34
89 37
89 38
89 41
89 43
89 45
89 46
89 47
89 48
89 50
89 57
89 58
89 70
89 72
89 80
89 84
89 89
89 92
89 93
89 94
89 96
89 100
89 104
89 105
89 106
89 108
89 109
89 111
89 116
89 117
89 118
89 119
89 122
89 123
89 124
89 127
89 131
89 134
89 139
89 140
89 143
89 144
89 145
89 146
89 150
89 152
89 155
89 156
89 157
89 158
89 160
89 164
89 166
89 168
89 170
89 171
89 173
89 174
89 178
89 179
89 182
89 187
89 189
90 2
90 4
90 8
90 9
90 11
90 12
90 14
90 16
90 18
90 20
90 23
90 25
90 26
90 27
90 28
90 29
90 33
90 35
90 36
90 38
90 39
90 42
90 46
90 55
90 56
90 57
90 59
90 62
90 63
90 64
90 66
90 71
90 75
90 76
90 79
90 87
90 91
90 92
90 94
90 99
90 104
90 107
90 108
90 109
90 110
90 112
90 115
90 116
90 118
90 119
90 121
90 122
90 127
90 128
90 130
90 134
90 139
90 143
90 150
90 151
90 152
90 153
90 154
90 157
90 158
90 160
90 166
90 167
90 172
90 173
90 177
90 180
90 186
90 189
91 1
91 2
91 3
91 6
91 11
91 12
91 13
91 14
91 16
91 20
91 21
91 25
91 30
91 31
91 36
91 40
91 41
91 43
91 45
91 46
91 48
91 51
91 52
91 53
91 55
91 60
91 62
91 63
91 67
91 69
91 70
91 72
91 73
91 77
91 78
91 79
91 81
91 84
91 85
91 86
91 88
91 90
91 92
91 93
91 98
91 101
91 102
91 103
91 108
91 110
91 112
91 113
91 114
91 117
91 122
91 123
91 125
91 126
91 129
91 130
91 136
91 145
91 148
91 149
91 154
91 156
91 160
91 167
91 168
91 172
91 173
91 178
91 179
91 180
91 182
91 185
91 187
91 188
91 189
92 4
92 6
92 8
92 13
92 18
92 21
92 24
92 25
92 27
92 29
92 31
92 33
92 34
92 36
92 39
92 43
92 44
92 46
92 51
92 56
92 57
92 58
92 60
92 62
92 65
92 70
92 71
92 72
92 74
92 75
92 78
92 81
92 82
92 84
92 85
92 87
92 88
92 94
92 98
92 99
92 101
92 102
92 103
92 104
92 105
92 107
92 108
92 109
92 118
92 119
92 122
92 124
92 125
92 127
92 132
92 133
92 138
92 139
92 144
92 148
92 154
92 155
92 158
92 159
92 160
92 163
92 164
92 169
92 172
92 174
92 175
92 176
92 177
92 178
92 181
92 182
92 184
92 186
92 189
93 0
93 2
93 4
93 7
93 9
93 10
93 11
93 13
93 15
93 18
93 25
93 26
93 27
93 29
93 30
93 32
93 33
93 34
93 43
93 46
93 48
93 55
93 56
93 57
93 61
93 65
93 69
93 72
93 75
93 82
93 88
93 89
93 90
93 94
93 98
93 101
93 105
93 107
93 108
93 114
93 118
93 120
93 122
93 123
93 125
93 132
93 133
93 135
93 137
93 138
93 140
93 141
93 142
93 145
93 146
93 148
93 149
93 153
93 155
93 161
93 162
93 166
93 167
93 174
93 175
93 177
93 180
93 181
93 184
93 186
93 189
94 1
94 2
94 5
94 7
94 12
94 13
94 17
94 23
94 29
94 30
94 32
94 33
94 34
94 37
94 38
94 40
94 41
94 43
94 45
94 47
94 51
94 52
94 53
94 55
94 56
94 57
94 58
94 61
94 63
94 66
94 68
94 70
94 71
94 73
94 74
94 77
94 80
94 81
94 84
94 85
94 86
94 88
94 92
94 96
94 103
94 108
94 111
94 112
94 115
94 117
94 123
94 129
94 130
94 134
94 135
94 137
94 141
94 145
94 146
94 147
94 148
94 153
94 156
94 157
94 161
94 163
94 165
94 167
94 174
94 175
94 180
94 181
94 185
94 186
94 188
95 0
95 2
95 4
95 5
95 6
95 9
95 10
95 12
95 17
95 19
95 21
95 23
95 26
95 31
95 32
95 36
95 41
95 48
95 64
95 68
95 70
95 72
95 73
95 76
95 79
95 80
95 83
95 84
95 85
95 87
95 90
95 91
95 92
95 93
95 96
95 98
95 105
95 106
95 107
95 109
95 115
95 119
95 120
95 122
95 123
95 124
95 126
95 128
95 134
95 138
95 143
95 144
95 145
95 146
95 155
95 159
95 168
95 170
95 172
95 174
95 175
95 176
95 177
95 181
95 183
95 186
95 188
96 0
96 1
96 3
96 6
96 8
96 10
96 13
96 15
96 19
96 20
96 25
96 26
96 27
96 28
96 34
96 35
96 36
96 42
96 43
96 44
96 47
96 50
96 51
96 52
96 53
96 55
96 59
96 60
96 66
96 71
96 73
96 75
96 76
96 81
96 83
96 86
96 87
96 90
96 91
96 96
96 99
96 100
96 101
96 102
96 103
96 106
96 109
96 110
96 112
96 113
96 114
96 116
96 121
96 122
96 123
96 130
96 131
96 132
96 135
96 137
96 140
96 144
96 145
96 146
96 152
96 154
96 156
96 167
96 173
96 175
96 178
96 181
96 184
96 185
96 188
96 189
97 3
97 4
97 5
97 6
97 8
97 9
97 12
97 15
97 17
97 20
97 22
97 23
97 24
97 25
97 30
97 32
97 34
97 35
97 37
97 39
97 41
97 43
97 44
97 49
97 54
97 56
97 59
97 62
97 64
97 69
97 73
97 74
97 76
97 78
97 79
97 80
97 82
97 83
97 84
97 85
97 91
97 92
97 93
97 94
97 96
97 104
97 106
97 111
97 112
97 116
97 117
97 118
97 120
97 122
97 123
97 127
97 132
97 134
97 136
97 137
97 138
97 145
97 146
97 149
97 151
97 156
97 160
97 161
97 163
97 166
97 167
97 171
97 172
97 173
97 176
97 177
97 178
97 187
97 188
98 3
98 4
98 9
98 10
98 11
98 12
98 16
98 21
98 24
98 25
98 27
98 28
98 29
98 41
98 43
98 46
98 47
98 54
98 55
98 56
98 58
98 66
98 67
98 68
98 69
98 70
98 73
98 76
98 77
98 83
98 84
98 85
98 86
98 88
98 91
98 93
98 94
98 98
98 99
98 101
98 105
98 106
98 108
98 109
98 110
98 112
98 116
98 118
98 122
98 124
98 132
98 133
98 134
98 135
98 136
98 139
98 142
98 144
98 146
98 150
98 151
98 152
98 153
98 154
98 155
98 156
98 161
98 162
98 165
98 172
98 174
98 175
98 176
98 177
98 178
98 180
98 189
99 1
99 5
99 8
99 10
99 13
99 15
99 16
99 17
99 22
99 26
99 27
99 28
99 29
99 33
99 34
99 36
99 37
99 41
99 43
99 45
99 47
99 50
99 52
99 57
99 58
99 62
99 64
99 72
99 78
99 79
99 81
99 82
99 84
99 85
99 87
99 88
99 92
99 93
99 95
99 96
99 100
99 101
99 102
99 105
99 106
99 107
99 108
99 110
99 112
99 113
99 120
99 122
99 124
99 125
99 130
99 131
99 139
99 143
99 145
99 151
99 152
99 157
99 160
99 163
99 164
99 165
99 166
99 167
99 168
99 170
99 180
99 183
99 184
99 187
99 189
100 3
100 5
100 8
100 13
100 17
100 24
100 26
100 27
100 30
100 32
100 33
100 36
100 42
100 43
100 45
100 47
100 49
100 52
100 53
100 54
100 55
100 57
100 60
100 61
100 62
100 68
100 69
100 70
100 75
100 76
100 78
100 80
100 82
100 83
100 84
100 86
100 91
100 93
100 94
100 95
100 96
100 98
100 101
100 102
100 103
100 104
100 107
100 111
100 113
100 117
100 119
100 121
100 122
100 125
100 126
100 128
100 130
100 131
100 137
100 142
100 148
100 150
100 159
100 163
100 165
100 167
100 171
100 173
100 174
100 175
100 176
100 182
100 188
101 0
101 1
101 2
101 4
101 6
101 7
101 10
101 12
101 13
101 14
101 23
101 25
101 29
101 32
101 33
101 35
101 37
101 38
101 39
101 41
101 42
101 43
101 47
101 48
101 49
101 51
101 52
101 57
101 59
101 65
101 67
101 69
101 70
101 71
101 74
101 75
101 77
101 79
101 81
101 82
101 83
101 84
101 85
101 92
101 93
101 97
101 98
101 99
101 100
101 102
101 105
101 107
101 110
101 112
101 115
101 119
101 126
101 127
101 130
101 132
101 134
101 136
101 138
101 141
101 142
101 146
101 150
101 154
101 158
101 159
101 160
101 162
101 163
101 165
101 166
101 169
101 171
101 175
101 179
101 181
101 184
101 185
101 189
102 1
102 4
102 5
102 8
102 9
102 10
102 11
102 12
102 15
102 16
102 19
102 23
102 24
102 25
102 34
102 35
102 36
102 39
102 41
102 54
102 57
102 58
102 59
102 62
102 68
102 70
102 71
102 72
102 76
102 77
102 78
102 83
102 85
102 86
102 89
102 90
102 92
102 93
102 94
102 95
102 96
102 97
102 98
102 99
102 100
102 101
102 102
102 103
102 110
102 112
102 115
102 116
102 117
102 120
102 129
102 133
102 136
102 138
102 140
102 142
102 143
102 145
102 148
102 149
102 151
102 153
102 156
102 162
102 164
102 166
102 171
102 175
102 176
102 178
102 180
102 181
102 182
102 184
102 186
102 187
102 189
103 1
103 4
103 7
103 9
103 10
103 12
103 14
103 17
103 18
103 19
103 20
103 23
103 26
103 27
103 28
103 30
103 31
103 33
103 36
103 39
103 40
103 41
103 45
103 49
103 54
103 55
103 56
103 59
103 60
103 63
103 64
103 65
103 71
103 72
103 73
103 75
103 76
103 78
103 79
103 80
103 82
103 83
103 86
103 90
103 91
103 93
103 95
103 101
103 103
103 105
103 106
103 108
103 109
103 110
103 111
103 112
103 113
103 114
103 123
103 125
103 126
103 127
103 128
103 129
103 131
103 133
103 134
103 136
103 140
103 141
103 143
103 148
103 150
103 152
103 161
103 167
103 169
103 170
103 171
103 173
103 174
103 175
103 178
103 179
103 184
103 185
104 0
104 1
104 2
104 5
104 14
104 16
104 17
104 18
104 19
104 20
104 22
104 28
104 32
104 33
104 34
104 36
104 37
104 38
104 40
104 41
104 42
104 43
104 44
104 51
104 52
104 57
104 58
104 59
104 63
104 66
104 70
104 73
104 74
104 75
104 77
104 78
104 79
104 85
104 87
104 97
104 102
104 105
104 106
104 107
104 108
104 110
104 113
104 116
104 117
104 118
104 134
104 137
104 138
104 139
104 141
104 142
104 145
104 147
104 149
104 154
104 155
104 157
104 160
104 161
104 162
104 163
104 166
104 168
104 169
104 175
104 176
104 177
104 186
105 1
105 3
105 5
105 9
105 10
105 16
105 17
105 18
105 20
105 21
105 24
105 25
105 27
105 28
105 30
105 34
105 36
105 37
105 39
105 44
105 46
105 48
105 49
105 52
105 53
105 54
105 55
105 59
105 64
105 66
105 67
105 68
105 71
105 76
105 77
105 81
105 83
105 86
105 87
105 90
105 92
105 94
105 96
105 97
105 100
105 103
105 105
105 108
105 114
105 115
105 116
105 118
105 119
105 126
105 131
105 134
105 135
105 137
105 139
105 143
105 146
105 147
105 149
105 151
105 152
105 156
105 161
105 162
105 164
105 169
105 172
105 173
105 174
105 180
105 183
105 184
105 189
106 9
106 12
106 16
106 27
106 29
106 33
106 35
106 37
106 39
106 40
106 41
106 42
106 43
106 46
106 48
106 50
106 52
106 54
106 60
106 63
106 64
106 66
106 68
106 70
106 73
106 74
106 75
106 86
106 87
106 89
106 90
106 91
106 95
106 97
106 98
106 100
106 101
106 103
106 104
106 105
106 109
106 113
106 114
106 115
106 119
106 120
106 122
106 126
106 129
106 130
106 131
106 133
106 138
106 139
106 144
106 146
106 147
106 148
106 149
106 150
106 153
106 154
106 155
106 157
106 158
106 160
106 163
106 167
106 168
106 169
106 177
106 179
106 185
106 186
106 188
106 189
107 1
107 2
107 3
107 5
107 12
107 14
107 19
107 26
107 29
107 32
107 35
107 42
107 45
107 47
107 48
107 49
107 50
107 52
107 53
107 54
107 55
107 56
107 57
107 60
107 65
107 67
107 70
107 74
107 75
107 76
107 79
107 80
107 83
107 85
107 88
107 93
107 96
107 108
107 110
107 111
107 112
107 121
107 126
107 128
107 129
107 132
107 133
107 136
107 140
107 143
107 144
107 145
107 147
107 151
107 155
107 156
107 157
107 158
107 165
107 173
107 174
107 176
107 183
107 185
107 186
107 188
107 189
108 0
108 1
108 2
108 3
108 13
108 16
108 17
108 22
108 24
108 25
108 31
108 33
108 34
108 36
108 38
108 39
108 44
108 46
108 47
108 51
108 52
108 56
108 58
108 61
108 62
108 64
108 66
108 67
108 74
108 75
108 76
108 80
108 87
108 91
108 92
108 95
108 97
108 98
108 103
108 106
108 107
108 108
108 110
108 111
108 113
108 114
108 116
108 125
108 126
108 131
108 133
108 136
108 138
108 146
108 147
108 151
108 155
108 163
108 164
108 167
108 171
108 175
108 176
108 179
108 180
108 182
108 188
108 189
109 1
109 3
109 5
109 8
109 10
109 11
109 12
109 15
109 17
109 18
109 19
109 25
109 26
109 28
109 29
109 32
109 33
109 37
109 38
109 44
109 45
109 47
109 49
109 51
109 53
109 54
109 55
109 57
109 62
109 65
109 69
109 73
109 75
109 76
109 78
109 79
109 81
109 86
109 90
109 92
109 93
109 96
109 103
109 108
109 109
109 110
109 112
109 113
109 115
109 116
109 118
109 119
109 120
109 121
109 124
109 126
109 128
109 130
109 133
109 134
109 139
109 141
109 142
109 143
109 145
109 146
109 148
109 151
109 157
109 158
109 163
109 166
109 169
109 170
109 172
109 176
109 182
109 183
109 187
109 188
110 1
110 5
110 8
110 11
110 13
110 14
110 20
110 23
110 26
110 31
110 32
110 33
110 34
110 35
110 37
110 41
110 44
110 48
110 50
110 51
110 52
110 53
110 55
110 56
110 61
110 64
110 66
110 69
110 70
110 72
110 77
110 78
110 79
110 80
110 84
110 85
110 87
110 88
110 92
110 101
110 103
110 104
110 105
110 107
110 109
110 114
110 118
110 121
110 122
110 124
110 125
110 126
110 129
110 130
110 132
110 136
110 137
110 138
110 141
110 142
110 143
110 144
110 145
110 147
110 148
110 150
110 153
110 156
110 158
110 159
110 160
110 163
110 169
110 172
110 176
110 177
110 178
110 179
110 182
110 185
110 187
110 188
110 189
111 2
111 3
111 4
111 5
111 6
111 10
111 11
111 13
111 14
111 17
111 23
111 24
111 26
111 27
111 36
111 40
111 45
111 51
111 56
111 57
111 58
111 59
111 65
111 73
111 79
111 80
111 81
111 83
111 86
111 88
111 91
111 97
111 99
111 101
111 102
111 103
111 105
111 107
111 108
111 111
111 112
111 123
111 125
111 127
111 128
111 129
111 131
111 141
111 142
111 143
111 145
111 146
111 147
111 148
111 152
111 155
111 158
111 163
111 169
111 170
111 172
111 178
111 181
111 184
111 185
111 186
111 187
111 189
112 0
112 4
112 5
112 7
112 8
112 9
112 10
112 11
112 16
112 25
112 28
112 29
112 31
112 32
112 33
112 38
112 40
112 43
112 45
112 47
112 49
112 51
112 53
112 55
112 58
112 59
112 61
112 63
112 70
112 73
112 74
112 75
112 76
112 79
112 82
112 86
112 87
112 93
112 100
112 105
112 106
112 107
112 108
112 110
112 111
112 113
112 115
112 117
112 120
112 122
112 124
112 126
112 129
112 134
112 135
112 136
112 140
112 145
112 147
112 148
112 150
112 152
112 155
112 156
112 157
112 159
112 161
112 163
112 164
112 165
112 166
112 173
112 175
112 176
112 177
112 178
112 179
112 180
112 186
112 188
113 5
113 6
113 9
113 10
113 12
113 17
113 18
113 19
113 24
113 29
113 31
113 32
113 33
113 34
113 36
113 37
113 39
113 40
113 44
113 47
113 50
113 54
113 55
113 57
113 59
113 61
113 64
113 70
113 71
113 72
113 73
113 75
113 77
113 79
113 87
113 91
113 92
113 93
113 95
113 99
113 102
113 103
113 105
113 108
113 111
113 112
113 113
113 114
113 116
113 117
113 121
113 122
113 123
113 124
113 126
113 128
113 129
113 137
113 141
113 145
113 146
113 147
113 148
113 151
113 154
113 156
113 158
113 160
113 161
113 168
113 169
113 172
113 173
113 174
113 175
113 178
113 179
113 182
113 183
113 184
114 0
114 5
114 6
114 15
114 16
114 18
114 19
114 24
114 25
114 27
114 29
114 31
114 32
114 36
114 37
114 38
114 40
114 42
114 43
114 49
114 55
114 56
114 61
114 64
114 69
114 70
114 79
114 80
114 81
114 82
114 83
114 86
114 87
114 93
114 95
114 96
114 98
114 99
114 106
114 112
114 114
114 115
114 116
114 120
114 121
114 126
114 129
114 130
114 132
114 136
114 137
114 138
114 140
114 141
114 142
114 143
114 144
114 149
114 151
114 154
114 156
114 160
114 165
114 166
114 168
114 170
114 171
114 173
114 174
114 176
114 178
114 179
114 181
114 183
114 188
115 1
115 2
115 3
115 5
115 6
115 7
115 8
115 9
115 11
115 12
115 13
115 14
115 15
115 16
115 19
115 22
115 23
115 28
115 30
115 36
115 37
115 44
115 45
115 52
115 57
115 64
115 65
115 68
115 69
115 79
115 80
115 81
115 85
115 89
115 90
115 96
115 97
115 102
115 105
115 106
115 107
115 108
115 110
115 111
115 113
115 115
115 117
115 118
115 122
115 124
115 125
115 127
115 129
115 130
115 131
115 134
115 135
115 138
115 140
115 141
115 143
115 145
115 148
115 149
115 150
115 151
115 152
115 158
115 162
115 164
115 170
115 178
115 181
115 182
115 184
115 185
115 186
115 188
116 1
116 3
116 5
116 6
116 9
116 11
116 13
116 18
116 20
116 22
116 24
116 25
116 26
116 27
116 29
116 31
116 36
116 37
116 38
116 43
116 45
116 49
116 51
116 52
116 54
116 62
116 65
116 68
116 69
116 70
116 71
116 75
116 78
116 79
116 81
116 84
116 87
116 88
116 89
116 94
116 95
116 99
116 102
116 105
116 109
116 113
116 118
116 120
116 122
116 127
116 131
116 136
116 137
116 141
116 142
116 143
116 145
116 146
116 149
116 151
116 158
116 161
116 162
116 163
116 167
116 170
116 172
116 175
116 176
116 178
116 184
116 189
117 0
117 2
117 4
117 7
117 9
117 12
117 14
117 15
117 17
117 21
117 24
117 25
117 26
117 28
117 32
117 35
117 36
117 39
117 47
117 50
117 52
117 54
117 57
117 63
117 68
117 72
117 75
117 79
117 80
117 82
117 84
117 87
117 93
117 95
117 97
117 101
117 102
117 105
117 106
117 110
117 111
117 114
117 117
117 123
117 126
117 127
117 131
117 135
117 138
117 142
117 148
117 153
117 155
117 158
117 165
117 168
117 169
117 173
117 181
117 186
117 187
117 188
117 189
118 6
118 8
118 12
118 13
118 15
118 19
118 21
118 22
118 24
118 27
118 30
118 31
118 32
118 37
118 38
118 39
118 40
118 43
118 46
118 49
118 50
118 55
118 61
118 62
118 64
118 65
118 66
118 70
118 71
118 72
118 73
118 77
118 80
118 89
118 91
118 92
118 96
118 101
118 102
118 103
118 107
118 109
118 110
118 114
118 115
118 121
118 126
118 128
118 135
118 137
118 141
118 142
118 146
118 147
118 148
118 150
118 154
118 155
118 156
118 157
118 159
118 160
118 162
118 164
118 165
118 166
118 172
118 174
118 179
118 180
118 182
118 186
118 188
119 1
119 2
119 3
119 7
119 13
119 17
119 20
119 24
119 27
119 30
119 34
119 36
119 42
119 43
119 47
119 48
119 51
119 52
119 59
119 61
119 62
119 64
119 66
119 67
119 69
119 70
119 72
119 73
119 77
119 81
119 84
119 92
119 93
119 97
119 100
119 103
119 107
119 108
119 114
119 115
119 117
119 118
119 121
119 123
119 127
119 132
119 134
119 136
119 140
119 142
119 144
119 149
119 151
119 153
119 154
119 155
119 159
119 166
119 167
119 168
119 171
119 173
119 179
119 180
119 181
119 182
119 185
119 186
120 1
120 2
120 7
120 11
120 12
120 13
120 17
120 24
120 25
120 26
120 30
120 33
120 36
120 37
120 40
120 46
120 52
120 54
120 58
120 61
120 62
120 64
120 65
120 66
120 68
120 70
120 73
120 76
120 77
120 78
120 79
120 80
120 81
120 83
120 88
120 91
120 94
120 96
120 101
120 102
120 103
120 104
120 105
120 109
120 110
120 111
120 113
120 115
120 117
120 118
120 120
120 123
120 127
120 129
120 131
120 135
120 137
120 140
120 144
120 147
120 148
120 153
120 159
120 161
120 163
120 164
120 165
120 168
120 175
120 177
120 178
120 180
120 181
120 182
120 184
121 0
121 4
121 5
121 8
121 9
121 15
121 16
121 17
121 20
121 22
121 23
121 25
121 28
121 31
121 34
121 36
121 38
121 39
121 40
121 46
121 57
121 61
121 64
121 65
121 69
121 71
121 77
121 78
121 79
121 80
121 81
121 85
121 86
121 89
121 90
121 97
121 98
121 99
121 100
121 102
121 105
121 109
121 113
121 114
121 116
121 117
121 119
121 122
121 127
121 128
121 129
121 134
121 137
121 139
121 144
121 146
121 148
121 150
121 155
121 158
121 159
121 161
121 162
121 163
121 164
121 165
121 169
121 170
121 172
121 173
121 175
121 177
121 179
121 180
121 182
121 183
121 185
121 186
121 188
122 9
122 10
122 11
122 12
122 26
122 29
122 32
122 33
122 35
122 37
122 40
122 43
122 44
122 47
122 56
122 57
122 59
122 63
122 64
122 71
122 72
122 75
122 80
122 81
122 84
122 85
122 91
122 94
122 99
122 100
122 102
122 103
122 104
122 105
122 106
122 108
122 109
122 110
122 113
122 114
122 115
122 117
122 118
122 121
122 123
122 126
122 127
122 128
122 136
122 139
122 140
122 142
122 143
122 145
122 148
122 153
122 157
122 162
122 166
122 169
122 171
122 172
122 180
122 181
122 185
122 186
122 188
123 0
123 3
123 8
123 10
123 12
123 14
123 15
123 17
123 28
123 32
123 33
123 34
123 37
123 38
123 41
123 42
123 43
123 47
123 50
123 53
123 55
123 56
123 59
123 63
123 64
123 69
123 71
123 72
123 73
123 74
123 75
123 76
123 77
123 78
123 82
123 83
123 85
123 93
123 94
123 95
123 97
123 100
123 105
123 106
123 108
123 114
123 121
123 126
123 129
123 130
123 132
123 134
123 135
123 136
123 137
123 139
123 141
123 145
123 147
123 151
123 153
123 158
123 159
123 160
123 161
123 165
123 166
123 172
123 174
123 176
123 178
123 181
123 183
123 185
124 4
124 7
124 8
124 10
124 11
124 13
124 17
124 18
124 20
124 25
124 26
124 27
124 28
124 32
124 34
124 35
124 37
124 40
124 42
124 45
124 50
124 51
124 55
124 56
124 58
124 60
124 64
124 67
124 69
124 70
124 71
124 72
124 75
124 77
124 79
124 82
124 86
124 90
124 91
124 94
124 96
124 98
124 100
124 102
124 103
124 104
124 105
124 107
124 110
124 114
124 118
124 120
124 123
124 125
124 131
124 133
124 134
124 135
124 136
124 137
124 145
124 147
124 151
124 152
124 153
124 158
124 159
124 168
124 172
124 174
124 179
124 182
124 184
124 185
124 186
124 187
124 189
125 1
125 3
125 7
125 9
125 11
125 13
125 14
125 15
125 16
125 18
125 19
125 20
125 21
125 23
125 25
125 29
125 30
125 33
125 34
125 36
125 43
125 50
125 51
125 52
125 56
125 60
125 70
125 71
125 74
125 78
125 80
125 81
125 82
125 88
125 91
125 92
125 94
125 96
125 98
125 100
125 101
125 102
125 104
125 115
125 119
125 122
125 123
125 126
125 127
125 130
125 131
125 132
125 133
125 136
125 137
125 144
125 148
125 150
125 154
125 155
125 157
125 160
125 163
125 166
125 169
125 170
125 174
125 175
125 176
125 177
125 178
125 180
125 183
125 188
125 189
126 3
126 7
126 9
126 12
126 17
126 19
126 24
126 26
126 31
126 32
126 35
126 41
126 42
126 45
126 49
126 51
126 52
126 56
126 58
126 60
126 61
126 62
126 63
126 65
126 66
126 68
126 69
126 71
126 75
126 76
126 80
126 84
126 89
126 93
126 98
126 99
126 100
126 103
126 107
126 109
126 114
126 117
126 119
126 120
126 121
126 122
126 124
126 128
126 129
126 130
126 132
126 133
126 135
126 139
126 142
126 143
126 144
126 145
126 146
126 148
126 153
126 154
126 155
126 156
126 159
126 160
126 162
126 167
126 168
126 175
126 177
126 178
126 179
126 181
126 182
126 184
127 4
127 5
127 7
127 8
127 15
127 17
127 18
127 19
127 20
127 21
127 25
127 26
127 27
127 28
127 30
127 31
127 33
127 34
127 35
127 36
127 39
127 41
127 47
127 48
127 49
127 52
127 53
127 55
127 56
127 57
127 59
127 61
127 65
127 67
127 71
127 72
127 75
127 77
127 80
127 82
127 84
127 86
127 87
127 88
127 94
127 97
127 99
127 102
127 104
127 105
127 106
127 110
127 114
127 116
127 117
127 119
127 121
127 127
127 128
127 134
127 141
127 142
127 145
127 147
127 154
127 156
127 161
127 162
127 163
127 164
127 166
127 169
127 172
127 177
127 181
127 187
127 188
128 4
128 5
128 16
128 17
128 18
128 19
128 20
128 21
128 24
128 25
128 26
128 27
128 29
128 31
128 33
128 35
128 36
128 38
128 41
128 43
128 44
128 45
128 50
128 51
128 55
128 56
128 59
128 62
128 63
128 78
128 82
128 83
128 85
128 89
128 92
128 95
128 96
128 97
128 103
128 105
128 107
128 110
128 115
128 117
128 119
128 122
128 124
128 125
128 134
128 135
128 136
128 139
128 140
128 142
128 143
128 149
128 156
128 160
128 161
128 162
128 163
128 165
128 167
128 168
128 170
128 172
128 173
128 174
128 175
128 176
128 177
128 179
128 180
128 181
128 182
128 183
128 184
128 185
128 186
128 187
129 2
129 3
129 4
129 10
129 16
129 17
129 21
129 23
129 24
129 25
129 28
129 34
129 35
129 38
129 41
129 44
129 46
129 48
129 50
129 51
129 54
129 57
129 59
129 60
129 63
129 68
129 69
129 73
129 74
129 76
129 83
129 84
129 88
129 89
129 102
129 117
129 119
129 121
129 122
129 124
129 125
129 127
129 130
129 131
129 132
129 133
129 134
129 136
129 137
129 140
129 142
129 144
129 146
129 148
129 151
129 153
129 154
129 155
129 156
129 157
129 158
129 159
129 161
129 163
129 167
129 168
129 170
129 173
129 174
129 180
129 181
129 183
129 184
129 186
129 187
129 189
130 1
130 2
130 3
130 4
130 6
130 9
130 11
130 14
130 15
130 19
130 21
130 22
130 23
130 30
130 36
130 37
130 40
130 41
130 43
130 44
130 45
130 47
130 49
130 50
130 54
130 55
130 56
130 65
130 67
130 68
130 69
130 73
130 74
130 77
130 80
130 81
130 82
130 83
130 85
130 86
130 90
130 91
130 93
130 94
130 95
130 96
130 97
130 100
130 104
130 106
130 112
130 113
130 114
130 115
130 117
130 118
130 119
130 121
130 123
130 124
130 125
130 130
130 131
130 132
130 144
130 146
130 147
130 149
130 151
130 152
130 153
130 156
130 157
130 158
130 160
130 161
130 163
130 166
130 168
130 174
130 176
130 178
130 184
131 3
131 4
131 7
131 8
131 9
131 12
131 20
131 21
131 24
131 27
131 28
131 29
131 31
131 32
131 34
131 38
131 48
131 52
131 55
131 56
131 59
131 60
131 62
131 63
131 65
131 69
131 72
131 75
131 81
131 82
131 88
131 90
131 91
131 97
131 98
131 104
131 105
131 110
131 111
131 117
131 118
131 120
131 121
131 123
131 125
131 130
131 133
131 137
131 140
131 144
131 150
131 158
131 159
131 160
131 166
131 170
131 176
131 177
131 178
131 179
131 180
131 183
131 185
131 186
131 187
131 189
132 2
132 4
132 5
132 7
132 8
132 14
132 17
132 18
132 24
132 25
132 28
132 30
132 31
132 32
132 34
132 36
132 42
132 44
132 47
132 50
132 51
132 52
132 56
132 57
132 58
132 63
132 64
132 66
132 67
132 69
132 78
132 80
132 82
132 84
132 86
132 87
132 89
132 99
132 103
132 104
132 105
132 108
132 113
132 117
132 120
132 131
132 132
132 136
132 138
132 139
132 142
132 145
132 146
132 150
132 154
132 155
132 157
132 162
132 163
132 164
132 167
132 169
132 170
132 172
132 175
132 178
132 179
132 180
132 183
132 184
132 187
132 189
133 0
133 4
133 5
133 7
133 14
133 15
133 18
133 19
133 21
133 24
133 27
133 29
133 32
133 33
133 39
133 41
133 42
133 47
133 49
133 51
133 57
133 58
133 61
133 66
133 67
133 68
133 70
133 78
133 86
133 87
133 88
133 94
133 96
133 98
133 103
133 109
133 112
133 117
133 119
133 120
133 121
133 122
133 124
133 128
133 132
133 135
133 136
133 139
133 141
133 142
133 144
133 146
133 149
133 152
133 155
133 159
133 163
133 168
133 169
133 170
133 171
133 175
133 177
133 180
133 183
133 184
133 186
134 0
134 6
134 7
134 10
134 11
134 12
134 13
134 16
134 17
134 18
134 20
134 22
134 27
134 28
134 29
134 32
134 33
134 35
134 40
134 42
134 43
134 47
134 48
134 50
134 51
134 54
134 55
134 58
134 60
134 61
134 62
134 64
134 67
134 69
134 72
134 73
134 74
134 76
134 77
134 82
134 85
134 92
134 93
134 94
134 95
134 99
134 101
134 102
134 105
134 106
134 107
134 110
134 118
134 119
134 122
134 125
134 127
134 129
134 130
134 131
134 137
134 140
134 141
134 142
134 143
134 147
134 149
134 152
134 156
134 157
134 158
134 163
134 164
134 168
134 172
134 173
134 174
134 175
134 178
134 180
134 182
134 184
134 188
134 189
135 0
135 1
135 2
135 4
135 6
135 13
135 18
135 19
135 22
135 27
135 28
135 33
135 34
135 36
135 37
135 39
135 44
135 53
135 55
135 59
135 61
135 62
135 66
135 70
135 73
135 74
135 75
135 76
135 77
135 79
135 80
135 81
135 83
135 85
135 89
135 92
135 93
135 96
135 97
135 98
135 100
135 103
135 106
135 109
135 112
135 119
135 132
135 133
135 134
135 139
135 140
135 141
135 143
135 144
135 146
135 149
135 150
135 151
135 154
135 155
135 159
135 160
135 167
135 170
135 171
135 172
135 176
135 177
135 181
135 182
135 185
135 187
135 188
135 189
136 1
136 2
136 3
136 7
136 10
136 18
136 21
136 26
136 29
136 32
136 37
136 38
136 39
136 42
136 43
136 44
136 45
136 48
136 49
136 50
136 53
136 54
136 56
136 60
136 61
136 62
136 64
136 66
136 68
136 69
136 74
136 75
136 76
136 81
136 86
136 88
136 89
136 94
136 95
136 99
136 101
136 104
136 106
136 107
136 109
136 111
136 113
136 116
136 117
136 119
136 122
136 123
136 124
136 129
136 131
136 133
136 136
136 139
136 141
136 143
136 146
136 150
136 151
136 159
136 160
136 161
136 163
136 164
136 165
136 166
136 168
136 170
136 172
136 173
136 175
136 178
136 180
136 187
136 188
136 189
137 1
137 2
137 3
137 9
137 11
137 13
137 16
137 22
137 23
137 25
137 26
137 27
137 28
137 31
137 35
137 37
137 38
137 39
137 43
137 51
137 55
137 56
137 57
137 61
137 62
137 65
137 66
137 69
137 70
137 71
137 72
137 73
137 75
137 76
137 78
137 80
137 81
137 84
137 85
137 87
137 88
137 89
137 91
137 93
137 96
137 97
137 98
137 101
137 102
137 103
137 105
137 110
137 116
137 120
137 121
137 124
137 126
137 130
137 133
137 135
137 142
137 144
137 147
137 154
137 155
137 156
137 157
137 163
137 164
137 169
137 170
137 172
137 173
137 175
137 176
137 184
137 185
137 186
137 187
137 189
138 1
138 3
138 4
138 8
138 9
138 10
138 11
138 12
138 16
138 19
138 20
138 21
138 24
138 27
138 31
138 34
138 37
138 38
138 40
138 43
138 46
138 53
138 55
138 58
138 60
138 63
138 68
138 69
138 70
138 71
138 75
138 78
138 81
138 82
138 83
138 89
138 91
138 97
138 101
138 104
138 105
138 109
138 110
138 114
138 115
138 118
138 119
138 125
138 126
138 127
138 132
138 134
138 140
138 145
138 149
138 150
138 153
138 158
138 160
138 164
138 165
138 166
138 167
138 170
138 171
138 172
138 173
138 174
138 175
138 179
138 180
138 181
138 185
139 2
139 6
139 9
139 11
139 13
139 16
139 18
139 20
139 21
139 23
139 25
139 26
139 28
139 31
139 33
139 38
139 40
139 44
139 45
139 48
139 49
139 51
139 53
139 55
139 56
139 60
139 63
139 64
139 65
139 66
139 70
139 71
139 73
139 77
139 78
139 79
139 83
139 85
139 88
139 96
139 97
139 102
139 105
139 108
139 111
139 113
139 115
139 116
139 118
139 120
139 121
139 122
139 123
139 124
139 125
139 126
139 129
139 130
139 131
139 132
139 133
139 137
139 141
139 142
139 144
139 147
139 151
139 154
139 162
139 163
139 167
139 168
139 170
139 176
139 177
139 181
139 187
139 188
140 1
140 4
140 11
140 18
140 19
140 23
140 25
140 27
140 29
140 30
140 31
140 33
140 35
140 37
140 39
140 45
140 46
140 47
140 50
140 52
140 53
140 55
140 56
140 57
140 58
140 62
140 63
140 64
140 65
140 66
140 67
140 73
140 74
140 75
140 76
140 77
140 78
140 79
140 84
140 87
140 88
140 93
140 96
140 97
140 98
140 102
140 103
140 106
140 108
140 110
140 113
140 116
140 118
140 119
140 120
140 124
140 129
140 131
140 135
140 141
140 148
140 149
140 150
140 151
140 152
140 155
140 156
140 158
140 160
140 163
140 166
140 169
140 170
140 171
140 173
140 174
140 179
140 183
140 185
140 186
140 187
140 188
141 4
141 6
141 7
141 9
141 12
141 13
141 14
141 18
141 19
141 20
141 22
141 25
141 27
141 28
141 29
141 30
141 33
141 34
141 35
141 36
141 40
141 42
141 43
141 44
141 45
141 47
141 55
141 56
141 57
141 58
141 59
141 63
141 64
141 66
141 70
141 74
141 76
141 78
141 79
141 83
141 86
141 91
141 92
141 93
141 94
141 95
141 96
141 98
141 99
141 101
141 102
141 104
141 107
141 110
141 114
141 115
141 116
141 119
141 123
141 127
141 129
141 134
141 139
141 141
141 143
141 144
141 147
141 151
141 154
141 157
141 158
141 160
141 161
141 163
141 165
141 171
141 175
141 178
141 179
141 183
141 184
142 0
142 3
142 6
142 9
142 10
142 12
142 14
142 15
142 17
142 18
142 24
142 25
142 29
142 32
142 34
142 37
142 40
142 44
142 49
142 50
142 52
142 56
142 63
142 64
142 68
142 70
142 76
142 78
142 79
142 82
142 85
142 89
142 90
142 92
142 94
142 95
142 96
142 99
142 100
142 102
142 110
142 113
142 121
142 122
142 124
142 126
142 129
142 133
142 138
142 141
142 147
142 149
142 150
142 154
142 155
142 157
142 158
142 159
142 162
142 163
142 164
142 167
142 171
142 173
142 174
142 176
142 177
142 178
142 181
142 182
142 186
142 187
142 188
142 189
143 1
143 5
143 7
143 8
143 9
143 11
143 15
143 16
143 17
143 19
143 21
143 25
143 26
143 27
143 32
143 34
143 36
143 38
143 39
143 40
143 41
143 42
143 43
143 44
143 49
143 54
143 55
143 56
143 66
143 67
143 72
143 81
143 83
143 84
143 87
143 88
143 93
143 94
143 96
143 98
143 99
143 104
143 107
143 111
143 112
143 115
143 116
143 120
143 122
143 125
143 127
143 128
143 130
143 131
143 133
143 135
143 136
143 137
143 138
143 140
143 141
143 143
143 150
143 152
143 156
143 160
143 161
143 162
143 167
143 168
143 169
143 173
143 174
143 177
143 178
143 180
143 183
143 185
143 187
143 189
144 2
144 3
144 5
144 7
144 8
144 10
144 11
144 18
144 22
144 28
144 29
144 32
144 33
144 39
144 40
144 41
144 42
144 45
144 48
144 50
144 53
144 55
144 56
144 58
144 59
144 62
144 63
144 64
144 66
144 69
144 71
144 75
144 77
144 81
144 82
144 83
144 85
144 88
144 89
144 90
144 92
144 99
144 101
144 106
144 108
144 109
144 115
144 116
144 120
144 121
144 122
144 130
144 136
144 137
144 138
144 141
144 142
144 143
144 144
144 145
144 147
144 148
144 150
144 151
144 153
144 154
144 161
144 163
144 166
144 168
144 169
144 172
144 175
144 177
144 179
144 180
144 182
144 183
144 184
144 188
145 0
145 1
145 2
145 9
145 15
145 18
145 19
145 20
145 23
145 26
145 28
145 32
145 33
145 34
145 38
145 43
145 46
145 47
145 50
145 52
145 56
145 59
145 60
145 63
145 64
145 66
145 67
145 75
145 76
145 77
145 79
145 81
145 89
145 90
145 92
145 93
145 95
145 97
145 98
145 99
145 100
145 102
145 104
145 107
145 110
145 111
145 112
145 115
145 116
145 118
145 120
145 127
145 128
145 129
145 131
145 136
145 140
145 145
145 152
145 155
145 156
145 161
145 162
145 165
145 166
145 174
145 180
145 185
145 186
145 187
146 5
146 8
146 13
146 14
146 19
146 20
146 22
146 27
146 28
146 30
146 33
146 34
146 35
146 37
146 39
146 41
146 43
146 44
146 46
146 48
146 49
146 51
146 55
146 56
146 60
146 61
146 62
146 65
146 68
146 69
146 70
146 72
146 73
146 75
146 76
146 77
146 82
146 84
146 88
146 89
146 90
146 92
146 96
146 97
146 102
146 103
146 104
146 105
146 111
146 113
146 120
146 122
146 124
146 126
146 127
146 128
146 130
146 131
146 132
146 133
146 134
146 136
146 138
146 139
146 142
146 145
146 146
146 149
146 153
146 154
146 156
146 158
146 160
146 162
146 166
146 167
146 168
146 171
146 174
146 178
146 179
146 181
146 183
146 185
146 187
146 188
147 1
147 2
147 7
147 8
147 9
147 12
147 16
147 17
147 20
147 25
147 26
147 27
147 28
147 34
147 36
147 37
147 41
147 42
147 43
147 46
147 48
147 49
147 53
147 58
147 62
147 67
147 73
147 74
147 75
147 77
147 78
147 81
147 84
147 85
147 91
147 92
147 96
147 97
147 99
147 103
147 105
147 106
147 107
147 108
147 110
147 112
147 114
147 116
147 118
147 123
147 124
147 125
147 126
147 131
147 133
147 134
147 135
147 137
147 138
147 139
147 141
147 142
147 146
147 148
147 153
147 154
147 164
147 166
147 167
147 173
147 175
147 176
147 178
147 179
147 180
147 184
147 186
147 188
148 0
148 1
148 5
148 6
148 7
148 9
148 10
148 13
148 18
148 19
148 20
148 21
148 22
148 25
148 27
148 28
148 30
148 32
148 33
148 35
148 38
148 40
148 41
148 46
148 47
148 48
148 49
148 50
148 55
148 56
148 58
148 64
148 65
148 70
148 72
148 73
148 74
148 75
148 78
148 84
148 85
148 86
148 87
148 88
148 89
148 90
148 95
148 98
148 101
148 104
148 105
148 110
148 111
148 121
148 122
148 123
148 125
148 126
148 130
148 131
148 132
148 139
148 141
148 145
148 146
148 148
148 150
148 156
148 160
148 165
148 169
148 173
148 176
148 177
148 182
148 183
148 184
148 185
149 1
149 5
149 7
149 8
149 10
149 14
149 16
149 17
149 20
149 26
149 29
149 30
149 33
149 34
149 39
149 40
149 44
149 47
149 51
149 52
149 55
149 57
149 62
149 63
149 68
149 70
149 72
149 74
149 76
149 77
149 78
149 79
149 80
149 84
149 86
149 90
149 93
149 94
149 96
149 97
149 99
149 100
149 103
149 105
149 107
149 108
149 112
149 119
149 120
149 121
149 126
149 128
149 130
149 133
149 134
149 135
149 139
149 143
149 148
149 152
149 155
149 157
149 158
149 160
149 163
149 165
149 169
149 174
149 178
149 180
149 181
149 188
149 189
150 3
150 4
150 7
150 9
150 11
150 13
150 22
150 24
150 33
150 35
150 43
150 44
150 45
150 47
150 49
150 51
150 52
150 57
150 58
150 61
150 65
150 66
150 67
150 68
150 71
150 72
150 81
150 82
150 83
150 86
150 87
150 91
150 94
150 95
150 96
150 100
150 102
150 106
150 107
150 108
150 110
150 115
150 121
150 123
150 125
150 126
150 131
150 133
150 134
150 138
150 140
150 143
150 158
150 159
150 160
150 170
150 171
150 172
150 175
150 189
151 0
151 8
151 10
151 12
151 14
151 15
151 19
151 20
151 21
151 23
151 24
151 27
151 30
151 37
151 39
151 47
151 51
151 55
151 56
151 57
151 58
151 59
151 60
151 62
151 65
151 72
151 76
151 79
151 81
151 82
151 84
151 88
151 89
151 93
151 94
151 95
151 97
151 100
151 101
151 105
151 106
151 108
151 117
151 119
151 127
151 128
151 130
151 135
151 136
151 137
151 141
151 142
151 143
151 146
151 153
151 155
151 157
151 158
151 159
151 161
151 164
151 166
151 168
151 171
151 172
151 174
151 182
151 183
151 188
151 189
152 0
152 1
152 2
152 4
152 6
152 13
152 16
152 19
152 25
152 29
152 31
152 33
152 34
152 41
152 43
152 44
152 45
152 47
152 48
152 49
152 51
152 56
152 57
152 58
152 61
152 62
152 66
152 69
152 75
152 76
152 78
152 80
152 83
152 84
152 86
152 89
152 90
152 91
152 92
152 94
152 102
152 106
152 107
152 109
152 110
152 117
152 121
152 122
152 126
152 127
152 128
152 133
152 135
152 137
152 138
152 139
152 142
152 144
152 146
152 147
152 155
152 157
152 158
152 159
152 160
152 161
152 163
152 165
152 166
152 167
152 168
152 171
152 172
152 183
152 185
152 186
152 188
153 0
153 4
153 5
153 7
153 11
153 12
153 14
153 18
153 22
153 23
153 24
153 25
153 26
153 28
153 30
153 31
153 43
153 46
153 48
153 49
153 52
153 54
153 55
153 56
153 58
153 61
153 62
153 63
153 67
153 69
153 74
153 75
153 76
153 81
153 84
153 87
153 88
153 92
153 94
153 97
153 98
153 99
153 100
153 102
153 105
153 106
153 108
153 109
153 111
153 113
153 114
153 116
153 118
153 119
153 121
153 122
153 125
153 126
153 127
153 128
153 131
153 132
153 133
153 134
153 139
153 140
153 144
153 145
153 146
153 154
153 157
153 160
153 161
153 162
153 165
153 169
153 170
153 172
153 174
153 175
153 177
153 179
153 181
153 182
153 187
154 1
154 4
154 5
154 6
154 7
154 8
154 10
154 11
154 12
154 15
154 17
154 18
154 19
154 21
154 27
154 28
154 29
154 32
154 34
154 37
154 39
154 40
154 45
154 48
154 49
154 51
154 52
154 53
154 54
154 55
154 58
154 59
154 60
154 61
154 62
154 67
154 72
154 73
154 79
154 82
154 85
154 87
154 91
154 92
154 96
154 97
154 98
154 100
154 102
154 103
154 104
154 105
154 108
154 110
154 111
154 112
154 115
154 116
154 119
154 123
154 124
154 125
154 126
154 127
154 128
154 131
154 132
154 134
154 137
154 138
154 141
154 142
154 143
154 145
154 152
154 153
154 155
154 158
154 159
154 163
154 164
154 165
154 166
154 169
154 170
154 174
154 175
154 182
154 183
154 186
154 187
154 188
154 189
155 1
155 3
155 7
155 8
155 12
155 14
155 16
155 25
155 27
155 29
155 30
155 33
155 35
155 36
155 38
155 46
155 47
155 48
155 49
155 51
155 53
155 59
155 60
155 66
155 67
155 69
155 73
155 74
155 75
155 84
155 85
155 87
155 93
155 94
155 97
155 100
155 102
155 103
155 109
155 111
155 113
155 114
155 119
155 124
155 126
155 127
155 131
155 136
155 137
155 139
155 140
155 142
155 143
155 144
155 152
155 153
155 156
155 157
155 158
155 164
155 165
155 168
155 169
155 171
155 176
155 179
155 182
155 184
155 187
155 188
156 0
156 1
156 4
156 5
156 7
156 8
156 10
156 11
156 17
156 22
156 24
156 26
156 27
156 30
156 31
156 33
156 40
156 42
156 43
156 48
156 57
156 59
156 62
156 63
156 67
156 72
156 73
156 74
156 75
156 76
156 77
156 78
156 80
156 82
156 84
156 85
156 87
156 93
156 94
156 95
156 101
156 103
156 105
156 107
156 109
156 115
156 119
156 120
156 121
156 129
156 131
156 133
156 136
156 137
156 139
156 144
156 145
156 146
156 147
156 149
156 150
156 151
156 152
156 153
156 156
156 158
156 160
156 164
156 166
156 171
156 176
156 178
156 180
156 186
156 187
157 3
157 10
157 11
157 14
157 15
157 16
157 17
157 19
157 21
157 26
157 29
157 30
157 31
157 32
157 33
157 34
157 40
157 42
157 45
157 46
157 49
157 52
157 53
157 54
157 55
157 56
157 57
157 60
157 61
157 62
157 63
157 64
157 74
157 78
157 81
157 82
157 85
157 86
157 88
157 92
157 95
157 98
157 103
157 107
157 108
157 113
157 115
157 117
157 118
157 119
157 120
157 121
157 123
157 126
157 128
157 131
157 136
157 137
157 142
157 146
157 147
157 148
157 151
157 153
157 154
157 160
157 162
157 163
157 165
157 171
157 172
157 176
157 181
157 185
157 186
157 188
158 0
158 1
158 2
158 3
158 17
158 20
158 21
158 28
158 32
158 34
158 35
158 40
158 46
158 51
158 53
158 54
158 56
158 58
158 60
158 61
158 63
158 64
158 65
158 67
158 68
158 71
158 73
158 76
158 78
158 79
158 84
158 85
158 88
158 89
158 91
158 92
158 93
158 108
158 111
158 114
158 117
158 119
158 120
158 122
158 125
158 127
158 131
158 136
158 139
158 140
158 142
158 144
158 147
158 152
158 160
158 161
158 169
158 171
158 172
158 178
158 182
158 184
158 187
158 188
159 0
159 2
159 5
159 6
159 8
159 9
159 10
159 13
159 14
159 15
159 24
159 27
159 28
159 32
159 34
159 37
159 43
159 45
159 47
159 52
159 55
159 57
159 62
159 64
159 66
159 68
159 70
159 72
159 74
159 76
159 79
159 83
159 84
159 86
159 90
159 93
159 96
159 98
159 99
159 100
159 102
159 103
159 111
159 112
159 113
159 115
159 117
159 120
159 122
159 126
159 129
159 135
159 137
159 138
159 140
159 141
159 145
159 147
159 150
159 154
159 155
159 159
159 161
159 174
159 177
159 178
159 183
159 186
159 189
160 1
160 3
160 4
160 5
160 14
160 15
160 19
160 20
160 21
160 27
160 30
160 31
160 32
160 40
160 44
160 50
160 51
160 54
160 56
160 59
160 62
160 63
160 64
160 65
160 67
160 72
160 77
160 78
160 80
160 81
160 82
160 83
160 89
160 91
160 92
160 100
160 101
160 108
160 109
160 110
160 112
160 116
160 118
160 120
160 125
160 128
160 129
160 131
160 132
160 133
160 138
160 139
160 141
160 142
160 143
160 145
160 147
160 152
160 153
160 154
160 156
160 157
160 160
160 165
160 166
160 169
160 170
160 172
160 174
160 184
160 186
160 188
161 0
161 1
161 2
161 3
161 4
161 6
161 8
161 9
161 10
161 13
161 23
161 25
161 26
161 31
161 35
161 36
161 37
161 38
161 40
161 43
161 46
161 48
161 49
161 51
161 52
161 56
161 58
161 59
161 61
161 62
161 63
161 64
161 65
161 66
161 67
161 68
161 70
161 71
161 72
161 74
161 75
161 76
161 77
161 79
161 80
161 82
161 84
161 89
161 94
161 95
161 103
161 104
161 109
161 111
161 112
161 114
161 116
161 118
161 120
161 121
161 122
161 124
161 125
161 127
161 128
161 133
161 137
161 138
161 139
161 140
161 146
161 148
161 150
161 152
161 154
161 155
161 156
161 159
161 160
161 162
161 163
161 164
161 165
161 166
161 170
161 180
161 181
161 187
162 1
162 2
162 4
162 8
162 9
162 11
162 14
162 16
162 18
162 21
162 22
162 23
162 27
162 28
162 29
162 32
162 33
162 34
162 38
162 40
162 45
162 47
162 56
162 60
162 76
162 81
162 82
162 83
162 84
162 87
162 94
162 95
162 96
162 98
162 99
162 106
162 108
162 110
162 112
162 114
162 115
162 119
162 120
162 124
162 125
162 126
162 130
162 131
162 135
162 137
162 139
162 140
162 145
162 148
162 149
162 151
162 152
162 153
162 155
162 156
162 157
162 158
162 162
162 168
162 170
162 173
162 174
162 175
162 176
162 177
162 178
162 187
163 1
163 2
163 4
163 5
163 6
163 9
163 11
163 17
163 26
163 30
163 32
163 38
163 39
163 40
163 43
163 45
163 47
163 48
163 56
163 57
163 58
163 59
163 61
163 63
163 67
163 68
163 71
163 76
163 77
163 79
163 81
163 84
163 86
163 89
163 91
163 92
163 93
163 98
163 99
163 100
163 101
163 104
163 105
163 109
163 111
163 114
163 115
163 116
163 117
163 119
163 120
163 121
163 123
163 125
163 129
163 131
163 134
163 137
163 138
163 141
163 144
163 146
163 147
163 148
163 152
163 156
163 158
163 159
163 161
163 164
163 166
163 168
163 172
163 173
163 178
163 179
163 189
164 1
164 2
164 5
164 6
164 7
164 9
164 10
164 15
164 17
164 20
164 21
164 22
164 25
164 26
164 31
164 32
164 33
164 34
164 36
164 37
164 38
164 44
164 45
164 47
164 48
164 50
164 51
164 54
164 56
164 58
164 61
164 63
164 65
164 66
164 72
164 73
164 79
164 85
164 95
164 99
164 100
164 104
164 105
164 106
164 107
164 108
164 110
164 111
164 112
164 113
164 115
164 116
164 117
164 118
164 119
164 120
164 122
164 125
164 126
164 129
164 131
164 134
164 135
164 136
164 139
164 141
164 142
164 148
164 152
164 153
164 155
164 157
164 158
164 159
164 162
164 164
164 165
164 166
164 171
164 172
164 174
164 175
164 176
164 179
164 181
164 183
164 184
164 186
165 5
165 6
165 9
165 10
165 13
165 16
165 19
165 23
165 24
165 25
165 30
165 32
165 34
165 35
165 36
165 39
165 40
165 43
165 44
165 45
165 46
165 48
165 49
165 51
165 52
165 57
165 58
165 59
165 60
165 66
165 68
165 70
165 74
165 76
165 78
165 80
165 81
165 85
165 86
165 87
165 92
165 98
165 102
165 104
165 110
165 112
165 113
165 115
165 119
165 120
165 122
165 123
165 125
165 127
165 128
165 129
165 134
165 135
165 136
165 137
165 139
165 140
165 147
165 148
165 149
165 150
165 154
165 159
165 160
165 165
165 173
165 174
165 178
165 179
165 180
165 185
165 186
165 187
165 189
166 1
166 2
166 4
166 5
166 8
166 9
166 10
166 13
166 16
166 17
166 20
166 25
166 26
166 28
166 29
166 33
166 35
166 37
166 40
166 41
166 45
166 48
166 49
166 51
166 54
166 56
166 58
166 62
166 63
166 65
166 66
166 68
166 72
166 78
166 79
166 80
166 82
166 83
166 84
166 85
166 87
166 88
166 89
166 91
166 95
166 97
166 98
166 99
166 101
166 104
166 105
166 108
166 110
166 112
166 116
166 117
166 119
166 120
166 129
166 130
166 132
166 138
166 142
166 143
166 145
166 146
166 148
166 149
166 153
166 155
166 156
166 162
166 163
166 171
166 172
166 178
166 181
166 188
166 189
167 0
167 4
167 6
167 7
167 11
167 13
167 14
167 15
167 19
167 21
167 22
167 24
167 26
167 29
167 31
167 36
167 37
167 41
167 45
167 50
167 51
167 52
167 55
167 57
167 58
167 59
167 60
167 62
167 63
167 65
167 68
167 70
167 80
167 82
167 85
167 88
167 89
167 91
167 95
167 96
167 103
167 105
167 111
167 114
167 116
167 118
167 121
167 123
167 128
167 130
167 133
167 137
167 138
167 139
167 140
167 141
167 142
167 143
167 145
167 147
167 153
167 159
167 160
167 165
167 167
167 170
167 175
167 177
167 180
167 181
167 183
167 185
167 186
167 189
168 2
168 11
168 12
168 14
168 17
168 19
168 20
168 21
168 25
168 26
168 30
168 33
168 35
168 37
168 39
168 41
168 42
168 44
168 47
168 51
168 54
168 56
168 58
168 59
168 60
168 61
168 67
168 69
168 74
168 76
168 79
168 80
168 82
168 89
168 90
168 99
168 100
168 108
168 110
168 111
168 112
168 114
168 117
168 118
168 122
168 124
168 126
168 128
168 129
168 130
168 131
168 135
168 136
168 138
168 140
168 145
168 146
168 147
168 148
168 150
168 152
168 157
168 158
168 159
168 160
168 161
168 163
168 164
168 166
168 167
168 168
168 172
168 174
168 179
168 181
168 186
169 0
169 1
169 2
169 4
169 6
169 10
169 11
169 14
169 15
169 16
169 18
169 25
169 26
169 27
169 30
169 34
169 35
169 37
169 38
169 39
169 46
169 47
169 49
169 53
169 55
169 58
169 67
169 68
169 70
169 72
169 73
169 74
169 78
169 84
169 85
169 89
169 91
169 92
169 93
169 94
169 95
169 100
169 103
169 106
169 109
169 110
169 111
169 112
169 113
169 114
169 115
169 117
169 118
169 121
169 123
169 125
169 127
169 129
169 132
169 135
169 139
169 141
169 142
169 150
169 151
169 152
169 155
169 158
169 159
169 162
169 165
169 167
169 173
169 176
169 177
169 179
169 181
169 183
169 185
169 189
170 0
170 2
170 6
170 8
170 9
170 11
170 17
170 18
170 19
170 27
170 28
170 29
170 33
170 41
170 42
170 45
170 48
170 49
170 51
170 55
170 56
170 58
170 59
170 60
170 61
170 63
170 64
170 65
170 75
170 77
170 80
170 82
170 84
170 85
170 86
170 88
170 91
170 95
170 99
170 102
170 105
170 108
170 109
170 110
170 113
170 115
170 116
170 117
170 119
170 120
170 126
170 129
170 131
170 139
170 141
170 143
170 144
170 147
170 152
170 154
170 155
170 156
170 164
170 165
170 166
170 168
170 174
170 177
170 187
171 0
171 1
171 2
171 5
171 6
171 7
171 8
171 10
171 13
171 17
171 21
171 22
171 23
171 27
171 28
171 32
171 33
171 34
171 37
171 38
171 39
171 40
171 45
171 46
171 49
171 51
171 53
171 55
171 56
171 57
171 59
171 63
171 66
171 70
171 71
171 72
171 74
171 79
171 85
171 88
171 89
171 90
171 94
171 95
171 96
171 97
171 98
171 102
171 107
171 108
171 113
171 116
171 117
171 118
171 121
171 124
171 125
171 130
171 131
171 137
171 138
171 142
171 149
171 151
171 156
171 158
171 159
171 166
171 168
171 169
171 172
171 179
171 181
171 184
171 186
171 188
172 0
172 2
172 3
172 4
172 7
172 8
172 11
172 16
172 17
172 19
172 22
172 25
172 26
172 27
172 28
172 30
172 31
172 32
172 33
172 36
172 39
172 43
172 48
172 49
172 51
172 55
172 56
172 58
172 59
172 60
172 61
172 63
172 66
172 78
172 81
172 82
172 86
172 90
172 93
172 94
172 96
172 98
172 99
172 100
172 102
172 103
172 104
172 108
172 110
172 112
172 113
172 122
172 125
172 129
172 132
172 133
172 134
172 136
172 138
172 139
172 140
172 144
172 145
172 147
172 148
172 154
172 155
172 159
172 160
172 161
172 163
172 167
172 168
172 170
172 173
172 174
172 178
172 179
172 186
172 187
172 188
173 1
173 2
173 4
173 10
173 11
173 12
173 13
173 25
173 28
173 36
173 37
173 40
173 46
173 49
173 51
173 52
173 53
173 55
173 60
173 62
173 67
173 69
173 70
173 71
173 72
173 74
173 79
173 81
173 84
173 86
173 93
173 94
173 95
173 99
173 103
173 104
173 106
173 110
173 112
173 113
173 115
173 120
173 124
173 126
173 129
173 131
173 134
173 136
173 137
173 138
173 141
173 142
173 146
173 148
173 149
173 150
173 154
173 157
173 161
173 163
173 164
173 166
173 167
173 170
173 174
173 175
173 178
173 180
173 182
173 183
173 184
173 185
173 189
174 8
174 9
174 13
174 14
174 16
174 17
174 19
174 21
174 23
174 25
174 34
174 36
174 38
174 40
174 44
174 45
174 46
174 48
174 49
174 51
174 54
174 57
174 59
174 60
174 62
174 65
174 71
174 74
174 77
174 78
174 79
174 81
174 82
174 85
174 86
174 87
174 94
174 95
174 99
174 100
174 102
174 104
174 110
174 111
174 112
174 113
174 117
174 120
174 123
174 125
174 127
174 129
174 133
174 135
174 137
174 139
174 145
174 146
174 148
174 149
174 150
174 152
174 154
174 157
174 158
174 159
174 160
174 162
174 163
174 167
174 170
174 171
174 173
174 174
174 176
174 178
174 181
174 182
174 183
174 184
174 185
174 186
174 188
174 189
175 1
175 3
175 8
175 14
175 16
175 18
175 19
175 20
175 23
175 28
175 30
175 31
175 33
175 36
175 37
175 38
175 40
175 44
175 47
175 55
175 56
175 61
175 63
175 70
175 74
175 75
175 77
175 78
175 79
175 81
175 82
175 83
175 86
175 87
175 88
175 89
175 90
175 93
175 95
175 99
175 101
175 103
175 104
175 105
175 106
175 108
175 112
175 114
175 116
175 119
175 123
175 124
175 130
175 142
175 143
175 146
175 147
175 150
175 152
175 155
175 158
175 159
175 160
175 166
175 167
175 168
175 173
175 176
175 179
175 180
175 181
175 186
175 188
176 4
176 8
176 10
176 16
176 22
176 26
176 28
176 33
176 39
176 41
176 43
176 45
176 51
176 54
176 55
176 57
176 59
176 61
176 62
176 63
176 64
176 65
176 69
176 70
176 75
176 76
176 77
176 78
176 80
176 81
176 82
176 85
176 87
176 90
176 91
176 92
176 98
176 99
176 100
176 101
176 102
176 108
176 110
176 113
176 114
176 115
176 118
176 120
176 122
176 123
176 128
176 129
176 130
176 132
176 133
176 134
176 135
176 139
176 140
176 141
176 144
176 145
176 156
176 159
176 161
176 163
176 171
176 174
176 176
176 177
176 178
176 179
176 181
176 183
176 184
176 185
177 0
177 5
177 8
177 9
177 10
177 15
177 33
177 35
177 37
177 42
177 47
177 52
177 57
177 58
177 59
177 61
177 65
177 67
177 70
177 75
177 76
177 77
177 79
177 88
177 89
177 91
177 92
177 94
177 95
177 97
177 100
177 103
177 106
177 112
177 115
177 116
177 117
177 118
177 123
177 126
177 129
177 131
177 133
177 136
177 140
177 141
177 147
177 148
177 149
177 150
177 153
177 156
177 157
177 158
177 160
177 162
177 166
177 169
177 170
177 172
177 173
177 176
177 179
177 180
178 1
178 2
178 4
178 10
178 11
178 15
178 17
178 18
178 19
178 25
178 26
178 30
178 38
178 43
178 44
178 46
178 47
178 48
178 50
178 52
178 53
178 54
178 55
178 58
178 61
178 64
178 67
178 72
178 73
178 75
178 76
178 78
178 79
178 85
178 87
178 91
178 92
178 96
178 98
178 100
178 104
178 109
178 110
178 112
178 116
178 119
178 121
178 124
178 127
178 133
178 136
178 139
178 141
178 147
178 148
178 150
178 151
178 155
178 161
178 162
178 163
178 164
178 167
178 169
178 173
178 176
178 181
178 182
178 183
178 185
178 187
178 189
179 3
179 4
179 6
179 8
179 9
179 14
179 15
179 17
179 18
179 23
179 24
179 28
179 31
179 35
179 36
179 39
179 40
179 41
179 42
179 45
179 50
179 51
179 52
179 55
179 56
179 67
179 70
179 71
179 72
179 75
179 76
179 77
179 83
179 88
179 91
179 92
179 93
179 95
179 96
179 97
179 106
179 109
179 112
179 113
179 114
179 115
179 116
179 117
179 124
179 125
179 126
179 127
179 128
179 130
179 131
179 132
179 135
179 137
179 138
179 139
179 142
179 143
179 146
179 147
179 156
179 158
179 161
179 163
179 167
179 172
179 176
179 178
179 179
179 183
179 184
179 186
179 187
179 188
179 189
180 2
180 7
180 8
180 11
180 12
180 19
180 24
180 32
180 35
180 38
180 39
180 40
180 41
180 43
180 44
180 45
180 48
180 52
180 53
180 57
180 60
180 66
180 74
180 80
180 83
180 84
180 85
180 86
180 87
180 92
180 98
180 101
180 105
180 106
180 112
180 115
180 116
180 118
180 125
180 127
180 130
180 131
180 134
180 136
180 137
180 142
180 145
180 151
180 155
180 156
180 157
180 158
180 160
180 163
180 164
180 165
180 166
180 172
180 175
180 176
180 183
180 186
180 187
181 0
181 2
181 3
181 4
181 9
181 13
181 14
181 20
181 22
181 26
181 28
181 30
181 33
181 34
181 35
181 36
181 37
181 40
181 44
181 46
181 51
181 52
181 53
181 58
181 62
181 63
181 65
181 66
181 67
181 73
181 75
181 77
181 78
181 80
181 83
181 87
181 89
181 94
181 95
181 100
181 105
181 107
181 110
181 111
181 114
181 115
181 119
181 120
181 123
181 126
181 127
181 131
181 133
181 134
181 135
181 137
181 138
181 141
181 145
181 146
181 152
181 153
181 155
181 160
181 161
181 162
181 166
181 168
181 172
181 173
181 177
181 178
181 179
181 180
181 181
181 183
181 185
181 187
181 189
182 1
182 3
182 5
182 7
182 8
182 10
182 12
182 16
182 18
182 24
182 25
182 32
182 34
182 39
182 42
182 44
182 45
182 48
182 53
182 55
182 56
182 58
182 61
182 64
182 68
182 69
182 70
182 72
182 76
182 77
182 83
182 85
182 87
182 88
182 92
182 96
182 97
182 98
182 99
182 103
182 104
182 107
182 109
182 110
182 112
182 115
182 125
182 130
182 134
182 136
182 137
182 141
182 144
182 145
182 155
182 157
182 159
182 161
182 162
182 165
182 166
182 168
182 170
182 171
182 172
182 174
182 178
182 184
182 186
182 189
183 2
183 4
183 7
183 8
183 11
183 14
183 19
183 21
183 28
183 29
183 30
183 31
183 35
183 45
183 47
183 51
183 52
183 55
183 56
183 57
183 60
183 61
183 63
183 64
183 69
183 74
183 79
183 80
183 82
183 83
183 85
183 87
183 91
183 95
183 98
183 100
183 104
183 107
183 108
183 111
183 113
183 115
183 116
183 122
183 124
183 128
183 129
183 133
183 135
183 136
183 140
183 142
183 143
183 144
183 145
183 149
183 150
183 153
183 154
183 156
183 157
183 160
183 161
183 162
183 166
183 172
183 173
183 174
183 175
183 177
183 179
183 183
183 184
183 186
183 189
184 0
184 2
184 3
184 11
184 12
184 13
184 15
184 16
184 19
184 20
184 21
184 23
184 24
184 25
184 26
184 27
184 30
184 31
184 33
184 35
184 38
184 44
184 48
184 50
184 52
184 57
184 58
184 59
184 62
184 63
184 65
184 66
184 68
184 70
184 76
184 80
184 83
184 87
184 88
184 89
184 91
184 92
184 93
184 97
184 98
184 99
184 100
184 101
184 103
184 108
184 112
184 113
184 114
184 116
184 117
184 118
184 121
184 124
184 126
184 127
184 128
184 131
184 133
184 134
184 137
184 139
184 140
184 141
184 142
184 146
184 152
184 155
184 157
184 158
184 160
184 163
184 164
184 166
184 168
184 169
184 173
184 175
184 179
184 180
184 181
184 182
184 185
184 187
185 1
185 7
185 8
185 11
185 20
185 21
185 29
185 31
185 32
185 33
185 35
185 39
185 45
185 46
185 49
185 50
185 52
185 53
185 54
185 56
185 58
185 59
185 60
185 64
185 68
185 69
185 70
185 71
185 72
185 74
185 75
185 77
185 78
185 80
185 81
185 82
185 85
185 87
185 91
185 92
185 93
185 94
185 100
185 104
185 109
185 111
185 115
185 116
185 120
185 122
185 123
185 125
185 127
185 129
185 130
185 132
185 134
185 140
185 142
185 145
185 150
185 152
185 153
185 154
185 157
185 160
185 162
185 163
185 166
185 169
185 170
185 175
185 176
185 177
185 179
185 181
185 182
185 183
185 184
185 186
185 189
186 1
186 2
186 3
186 8
186 9
186 12
186 13
186 15
186 16
186 21
186 23
186 24
186 30
186 39
186 40
186 43
186 45
186 46
186 50
186 51
186 52
186 53
186 56
186 58
186 59
186 60
186 62
186 64
186 66
186 74
186 78
186 79
186 80
186 83
186 84
186 86
186 87
186 89
186 93
186 94
186 103
186 104
186 106
186 107
186 108
186 110
186 114
186 115
186 118
186 119
186 120
186 123
186 127
186 128
186 129
186 134
186 137
186 140
186 141
186 143
186 145
186 146
186 147
186 148
186 149
186 151
186 154
186 155
186 156
186 157
186 159
186 162
186 163
186 167
186 168
186 170
186 173
186 174
186 175
186 176
186 180
186 181
186 182
186 185
187 1
187 3
187 5
187 8
187 10
187 16
187 17
187 21
187 22
187 23
187 29
187 30
187 31
187 35
187 39
187 41
187 43
187 45
187 50
187 53
187 54
187 58
187 63
187 65
187 66
187 71
187 72
187 73
187 74
187 75
187 77
187 78
187 79
187 81
187 83
187 89
187 91
187 94
187 100
187 104
187 107
187 108
187 109
187 111
187 113
187 118
187 120
187 121
187 122
187 124
187 128
187 130
187 131
187 132
187 135
187 142
187 143
187 144
187 145
187 149
187 150
187 152
187 155
187 163
187 166
187 172
187 174
187 181
187 185
187 188
188 0
188 1
188 5
188 10
188 12
188 13
188 16
188 17
188 18
188 19
188 21
188 29
188 31
188 32
188 34
188 39
188 41
188 42
188 43
188 46
188 49
188 50
188 52
188 54
188 56
188 57
188 58
188 62
188 64
188 66
188 67
188 70
188 74
188 77
188 80
188 83
188 87
188 88
188 89
188 90
188 91
188 92
188 93
188 94
188 98
188 100
188 102
188 103
188 106
188 108
188 115
188 120
188 122
188 123
188 124
188 125
188 127
188 129
188 131
188 133
188 134
188 137
188 139
188 141
188 142
188 143
188 144
188 150
188 151
188 154
188 155
188 158
188 159
188 160
188 163
188 164
188 168
188 170
188 171
188 172
188 176
188 183
188 184
188 189
189 1
189 2
189 4
189 10
189 14
189 16
189 19
189 20
189 31
189 32
189 33
189 35
189 41
189 42
189 44
189 49
189 51
189 52
189 55
189 57
189 58
189 59
189 60
189 61
189 64
189 68
189 69
189 71
189 72
189 74
189 76
189 79
189 81
189 82
189 83
189 84
189 85
189 89
189 90
189 92
189 95
189 96
189 97
189 101
189 102
189 104
189 105
189 112
189 113
189 115
189 116
189 126
189 127
189 128
189 132
189 138
189 139
189 140
189 142
189 144
189 145
189 148
189 151
189 154
189 157
189 158
189 161
189 170
189 175
189 176
189 181
189 182
189 185
189 186
189 187
189 189
