170
11492
0 2
0 3
0 4
0 6
0 8
0 9
0 11
0 13
0 18
0 19
0 21
0 24
0 25
0 27
0 29
0 34
0 35
0 38
0 40
0 43
0 44
0 45
0 47
0 51
0 52
0 53
0 54
0 55
0 62
0 64
0 66
0 70
0 71
0 75
0 76
0 82
0 92
0 93
0 97
0 98
0 100
0 101
0 102
0 103
0 110
0 116
0 118
0 119
0 127
0 130
0 132
0 134
0 136
0 137
0 139
0 143
0 145
0 148
0 149
0 150
0 152
0 153
0 154
0 155
0 157
0 158
0 162
0 164
0 165
0 167
0 168
1 0
1 1
1 3
1 7
1 9
1 10
1 14
1 20
1 24
1 26
1 28
1 30
1 31
1 37
1 38
1 40
1 43
1 47
1 49
1 53
1 56
1 57
1 59
1 60
1 61
1 62
1 65
1 67
1 69
1 71
1 73
1 76
1 84
1 85
1 86
1 89
1 91
1 96
1 97
1 98
1 99
1 100
1 104
1 109
1 111
1 112
1 115
1 120
1 121
1 123
1 125
1 128
1 133
1 136
1 138
1 143
1 149
1 153
1 155
1 160
1 165
1 166
1 168
2 0
2 6
2 10
2 12
2 13
2 15
2 22
2 25
2 27
2 31
2 37
2 38
2 39
2 40
2 44
2 46
2 48
2 50
2 52
2 57
2 58
2 59
2 60
2 63
2 64
2 65
2 67
2 72
2 74
2 76
2 80
2 83
2 85
2 88
2 89
2 90
2 91
2 94
2 95
2 96
2 107
2 108
2 112
2 113
2 114
2 116
2 118
2 122
2 123
2 124
2 128
2 132
2 134
2 135
2 138
2 139
2 141
2 142
2 143
2 144
2 145
2 146
2 147
2 148
2 149
2 151
2 158
2 163
2 164
2 165
3 3
3 4
3 8
3 11
3 15
3 22
3 24
3 29
3 30
3 32
3 35
3 37
3 39
3 45
3 46
3 48
3 49
3 55
3 60
3 61
3 62
3 67
3 72
3 74
3 76
3 78
3 79
3 82
3 83
3 87
3 91
3 92
3 97
3 99
3 100
3 102
3 104
3 105
3 107
3 109
3 111
3 113
3 115
3 116
3 117
3 120
3 121
3 124
3 125
3 126
3 136
3 140
3 143
3 144
3 146
3 147
3 148
3 151
3 155
3 158
3 159
3 160
3 161
3 162
3 164
3 166
3 167
4 0
4 2
4 6
4 9
4 10
4 13
4 19
4 24
4 28
4 33
4 35
4 41
4 42
4 44
4 45
4 47
4 51
4 52
4 55
4 57
4 60
4 61
4 63
4 64
4 66
4 69
4 75
4 77
4 78
4 79
4 81
4 88
4 91
4 95
4 96
4 98
4 101
4 102
4 103
4 105
4 107
4 111
4 112
4 116
4 117
4 122
4 123
4 128
4 129
4 130
4 136
4 142
4 147
4 148
4 149
4 150
4 153
4 157
4 158
4 159
4 160
4 164
4 165
4 167
5 0
5 1
5 3
5 5
5 8
5 9
5 11
5 12
5 15
5 16
5 17
5 22
5 23
5 28
5 29
5 30
5 32
5 33
5 37
5 40
5 48
5 57
5 59
5 61
5 62
5 63
5 69
5 71
5 72
5 75
5 82
5 83
5 84
5 85
5 86
5 89
5 90
5 92
5 94
5 97
5 99
5 101
5 103
5 105
5 117
5 119
5 120
5 121
5 122
5 123
5 125
5 127
5 129
5 130
5 132
5 133
5 134
5 141
5 142
5 148
5 153
5 155
5 157
5 159
5 164
5 166
5 167
6 3
6 5
6 7
6 11
6 12
6 15
6 17
6 19
6 33
6 35
6 44
6 45
6 49
6 52
6 53
6 54
6 55
6 64
6 65
6 66
6 69
6 76
6 77
6 79
6 80
6 84
6 85
6 92
6 93
6 95
6 97
6 103
6 109
6 114
6 120
6 121
6 122
6 123
6 124
6 125
6 127
6 128
6 129
6 130
6 131
6 133
6 134
6 136
6 139
6 140
6 145
6 148
6 151
6 153
6 157
6 160
6 161
6 163
6 165
6 169
7 3
7 4
7 8
7 18
7 21
7 22
7 24
7 27
7 30
7 33
7 34
7 37
7 38
7 39
7 41
7 42
7 44
7 45
7 46
7 47
7 49
7 50
7 56
7 60
7 62
7 68
7 69
7 71
7 73
7 74
7 75
7 76
7 83
7 84
7 87
7 92
7 93
7 95
7 97
7 99
7 101
7 104
7 105
7 106
7 108
7 110
7 111
7 112
7 113
7 115
7 117
7 124
7 126
7 129
7 131
7 136
7 141
7 143
7 144
7 145
7 152
7 154
7 158
7 159
7 162
7 163
7 164
7 168
8 9
8 11
8 13
8 14
8 15
8 17
8 19
8 21
8 22
8 25
8 28
8 30
8 31
8 32
8 33
8 34
8 38
8 40
8 43
8 46
8 50
8 52
8 53
8 57
8 58
8 60
8 62
8 64
8 67
8 68
8 76
8 78
8 81
8 83
8 85
8 88
8 90
8 92
8 95
8 96
8 97
8 104
8 105
8 106
8 108
8 112
8 119
8 120
8 126
8 127
8 128
8 129
8 131
8 133
8 137
8 142
8 144
8 150
8 152
8 153
8 154
8 158
8 163
8 169
9 1
9 2
9 4
9 7
9 9
9 11
9 12
9 17
9 18
9 24
9 26
9 27
9 28
9 34
9 37
9 41
9 46
9 48
9 52
9 56
9 58
9 60
9 64
9 68
9 69
9 71
9 73
9 74
9 75
9 77
9 79
9 80
9 82
9 83
9 84
9 85
9 86
9 89
9 90
9 91
9 92
9 99
9 100
9 103
9 104
9 106
9 107
9 109
9 113
9 114
9 123
9 127
9 132
9 133
9 137
9 141
9 142
9 146
9 147
9 150
9 151
9 152
9 156
9 157
9 159
9 160
9 164
9 165
9 166
9 168
10 0
10 4
10 6
10 7
10 8
10 10
10 14
10 20
10 21
10 27
10 28
10 31
10 32
10 36
10 39
10 40
10 41
10 44
10 48
10 50
10 53
10 56
10 59
10 67
10 69
10 71
10 75
10 76
10 80
10 82
10 84
10 90
10 91
10 92
10 98
10 99
10 101
10 105
10 106
10 109
10 111
10 113
10 116
10 119
10 122
10 123
10 124
10 125
10 126
10 128
10 129
10 130
10 132
10 137
10 139
10 143
10 144
10 147
10 149
10 158
10 159
10 160
10 161
10 163
10 165
10 166
10 167
10 169
11 0
11 1
11 2
11 3
11 6
11 8
11 10
11 11
11 12
11 14
11 17
11 20
11 22
11 29
11 30
11 31
11 34
11 38
11 39
11 42
11 43
11 44
11 46
11 49
11 52
11 53
11 54
11 56
11 59
11 65
11 66
11 69
11 70
11 76
11 77
11 79
11 82
11 84
11 88
11 91
11 96
11 97
11 98
11 103
11 105
11 107
11 108
11 111
11 113
11 117
11 119
11 121
11 123
11 126
11 127
11 136
11 137
11 138
11 139
11 150
11 161
11 162
11 163
11 164
11 168
11 169
12 1
12 9
12 14
12 16
12 17
12 20
12 21
12 22
12 23
12 27
12 29
12 30
12 35
12 37
12 41
12 42
12 43
12 47
12 49
12 50
12 51
12 52
12 60
12 62
12 63
12 64
12 67
12 69
12 73
12 84
12 87
12 89
12 93
12 95
12 97
12 102
12 103
12 105
12 108
12 110
12 111
12 117
12 124
12 125
12 128
12 129
12 133
12 138
12 139
12 143
12 144
12 149
12 150
12 155
12 158
12 160
12 163
12 167
12 169
13 0
13 2
13 9
13 10
13 11
13 15
13 16
13 17
13 28
13 30
13 32
13 33
13 34
13 40
13 42
13 44
13 45
13 47
13 50
13 51
13 60
13 62
13 63
13 67
13 68
13 69
13 72
13 73
13 76
13 77
13 81
13 82
13 83
13 85
13 86
13 90
13 91
13 92
13 94
13 98
13 101
13 102
13 107
13 108
13 109
13 110
13 112
13 114
13 115
13 124
13 125
13 134
13 135
13 143
13 145
13 149
13 151
13 152
13 158
13 159
13 161
13 162
13 163
13 167
14 2
14 6
14 10
14 11
14 14
14 18
14 19
14 20
14 23
14 25
14 27
14 31
14 32
14 33
14 35
14 36
14 37
14 38
14 40
14 41
14 42
14 46
14 48
14 51
14 52
14 53
14 54
14 55
14 58
14 59
14 60
14 63
14 69
14 71
14 72
14 73
14 74
14 77
14 79
14 82
14 84
14 88
14 90
14 93
14 94
14 96
14 97
14 99
14 100
14 101
14 102
14 105
14 107
14 111
14 112
14 113
14 114
14 117
14 118
14 119
14 120
14 121
14 123
14 124
14 125
14 126
14 129
14 130
14 131
14 135
14 136
14 138
14 140
14 143
14 144
14 147
14 149
14 151
14 156
14 158
14 159
14 160
14 161
14 163
15 1
15 2
15 4
15 5
15 9
15 11
15 15
15 19
15 21
15 23
15 26
15 28
15 29
15 30
15 34
15 35
15 36
15 38
15 39
15 44
15 47
15 52
15 56
15 59
15 60
15 64
15 72
15 73
15 74
15 76
15 77
15 79
15 80
15 82
15 83
15 84
15 92
15 93
15 96
15 97
15 99
15 100
15 102
15 103
15 104
15 108
15 110
15 112
15 113
15 114
15 115
15 117
15 118
15 119
15 126
15 129
15 130
15 131
15 132
15 134
15 136
15 138
15 141
15 143
15 144
15 145
15 146
15 151
15 153
15 155
15 157
15 158
15 160
15 164
15 165
15 166
16 1
16 4
16 5
16 6
16 14
16 15
16 16
16 17
16 18
16 21
16 26
16 27
16 28
16 30
16 31
16 33
16 34
16 35
16 40
16 41
16 42
16 44
16 46
16 48
16 54
16 56
16 57
16 61
16 63
16 66
16 68
16 70
16 71
16 76
16 78
16 79
16 80
16 81
16 82
16 86
16 88
16 93
16 96
16 97
16 100
16 105
16 117
16 119
16 123
16 124
16 127
16 130
16 131
16 132
16 133
16 135
16 139
16 141
16 142
16 143
16 147
16 149
16 155
16 157
16 159
16 162
16 165
16 169
17 7
17 8
17 18
17 21
17 23
17 24
17 25
17 28
17 34
17 35
17 37
17 38
17 41
17 42
17 43
17 44
17 45
17 48
17 51
17 54
17 59
17 60
17 62
17 64
17 67
17 69
17 70
17 71
17 76
17 78
17 81
17 83
17 85
17 86
17 87
17 90
17 92
17 95
17 99
17 100
17 105
17 106
17 108
17 109
17 110
17 116
17 120
17 121
17 124
17 125
17 129
17 130
17 131
17 134
17 135
17 140
17 142
17 147
17 151
17 153
17 156
17 159
17 162
17 163
17 167
17 168
18 0
18 3
18 4
18 5
18 6
18 9
18 14
18 15
18 19
18 20
18 21
18 30
18 31
18 34
18 36
18 37
18 39
18 41
18 42
18 53
18 54
18 56
18 57
18 58
18 60
18 66
18 67
18 68
18 71
18 72
18 73
18 75
18 76
18 77
18 78
18 79
18 82
18 85
18 86
18 88
18 89
18 92
18 93
18 95
18 96
18 97
18 100
18 101
18 107
18 110
18 112
18 117
18 119
18 120
18 124
18 127
18 129
18 130
18 131
18 132
18 136
18 138
18 139
18 147
18 148
18 155
18 156
18 158
18 161
18 164
18 165
19 0
19 1
19 4
19 5
19 6
19 8
19 9
19 10
19 11
19 12
19 14
19 15
19 16
19 23
19 26
19 28
19 29
19 30
19 32
19 33
19 35
19 37
19 39
19 40
19 47
19 56
19 65
19 66
19 67
19 73
19 74
19 76
19 77
19 78
19 81
19 89
19 94
19 95
19 103
19 104
19 105
19 107
19 108
19 109
19 111
19 116
19 117
19 118
19 122
19 127
19 128
19 134
19 135
19 137
19 140
19 144
19 146
19 147
19 154
19 156
19 157
19 159
19 160
19 161
19 162
19 164
19 165
19 166
20 0
20 1
20 2
20 3
20 4
20 6
20 8
20 9
20 10
20 11
20 12
20 15
20 16
20 20
20 22
20 23
20 25
20 27
20 29
20 32
20 33
20 34
20 36
20 43
20 46
20 48
20 51
20 53
20 58
20 61
20 65
20 66
20 67
20 70
20 74
20 77
20 80
20 81
20 85
20 87
20 91
20 94
20 96
20 97
20 99
20 102
20 109
20 111
20 113
20 114
20 117
20 119
20 123
20 125
20 126
20 131
20 132
20 133
20 134
20 138
20 140
20 142
20 143
20 144
20 146
20 148
20 150
20 153
20 154
20 158
20 163
20 166
20 168
21 1
21 6
21 8
21 9
21 11
21 12
21 14
21 15
21 17
21 18
21 23
21 25
21 27
21 28
21 32
21 34
21 35
21 40
21 44
21 48
21 54
21 56
21 57
21 59
21 60
21 62
21 63
21 64
21 66
21 67
21 68
21 69
21 71
21 72
21 73
21 77
21 79
21 81
21 83
21 84
21 88
21 89
21 93
21 95
21 97
21 98
21 102
21 104
21 109
21 111
21 113
21 117
21 118
21 122
21 126
21 128
21 129
21 137
21 144
21 146
21 147
21 149
21 151
21 157
21 162
21 163
21 165
21 166
21 167
22 1
22 3
22 5
22 9
22 11
22 21
22 22
22 24
22 25
22 28
22 32
22 38
22 42
22 47
22 50
22 56
22 57
22 58
22 60
22 61
22 63
22 66
22 67
22 70
22 71
22 74
22 77
22 78
22 80
22 81
22 82
22 84
22 87
22 95
22 96
22 99
22 107
22 109
22 110
22 112
22 116
22 118
22 119
22 121
22 125
22 130
22 131
22 133
22 138
22 141
22 147
22 148
22 150
22 151
22 152
22 154
22 157
22 158
22 162
22 167
22 168
23 0
23 3
23 8
23 9
23 11
23 14
23 16
23 19
23 20
23 21
23 25
23 27
23 28
23 29
23 33
23 35
23 36
23 38
23 44
23 45
23 46
23 51
23 52
23 54
23 56
23 57
23 58
23 62
23 68
23 69
23 71
23 73
23 76
23 80
23 84
23 85
23 86
23 90
23 92
23 98
23 104
23 105
23 113
23 114
23 122
23 123
23 125
23 130
23 134
23 135
23 138
23 139
23 140
23 142
23 146
23 147
23 148
23 153
23 154
23 156
23 157
23 158
23 166
23 167
24 0
24 2
24 5
24 8
24 12
24 16
24 17
24 24
24 25
24 26
24 27
24 28
24 30
24 31
24 32
24 34
24 35
24 38
24 39
24 45
24 46
24 48
24 50
24 51
24 52
24 53
24 59
24 65
24 66
24 68
24 70
24 72
24 75
24 77
24 79
24 84
24 86
24 87
24 90
24 97
24 98
24 99
24 100
24 102
24 103
24 105
24 106
24 107
24 111
24 114
24 115
24 116
24 117
24 118
24 120
24 121
24 125
24 129
24 131
24 134
24 135
24 138
24 142
24 143
24 144
24 145
24 146
24 151
24 152
24 153
24 154
24 155
24 160
24 164
24 165
25 3
25 5
25 7
25 11
25 13
25 14
25 15
25 19
25 20
25 21
25 22
25 24
25 25
25 26
25 28
25 29
25 31
25 33
25 35
25 39
25 41
25 44
25 47
25 49
25 50
25 52
25 57
25 58
25 62
25 69
25 72
25 74
25 75
25 78
25 82
25 83
25 86
25 87
25 89
25 90
25 93
25 96
25 99
25 100
25 102
25 109
25 114
25 117
25 119
25 121
25 123
25 125
25 131
25 132
25 136
25 137
25 138
25 140
25 143
25 145
25 149
25 150
25 151
25 152
25 154
25 155
25 158
25 162
25 163
25 164
25 167
25 168
25 169
26 1
26 2
26 6
26 7
26 11
26 12
26 16
26 18
26 23
26 26
26 28
26 29
26 31
26 35
26 36
26 37
26 41
26 43
26 44
26 48
26 49
26 54
26 58
26 59
26 61
26 64
26 65
26 67
26 70
26 71
26 79
26 80
26 84
26 87
26 88
26 91
26 94
26 97
26 98
26 99
26 101
26 102
26 106
26 107
26 110
26 111
26 117
26 120
26 122
26 125
26 126
26 127
26 128
26 130
26 131
26 133
26 135
26 138
26 139
26 146
26 147
26 148
26 149
26 150
26 152
26 153
26 157
26 158
26 161
26 165
26 167
27 0
27 1
27 3
27 4
27 11
27 12
27 16
27 18
27 19
27 20
27 21
27 26
27 30
27 31
27 32
27 34
27 35
27 36
27 39
27 40
27 44
27 48
27 51
27 53
27 54
27 58
27 59
27 62
27 64
27 67
27 69
27 70
27 71
27 72
27 77
27 78
27 79
27 80
27 82
27 84
27 85
27 86
27 92
27 98
27 103
27 105
27 106
27 107
27 109
27 110
27 114
27 116
27 120
27 125
27 130
27 134
27 135
27 137
27 138
27 141
27 142
27 144
27 145
27 146
27 149
27 150
27 152
27 155
27 156
27 157
27 158
27 161
27 162
27 163
28 0
28 1
28 6
28 7
28 8
28 14
28 24
28 25
28 37
28 38
28 41
28 42
28 44
28 45
28 46
28 49
28 51
28 52
28 53
28 54
28 55
28 58
28 59
28 60
28 61
28 65
28 67
28 68
28 70
28 73
28 74
28 77
28 78
28 82
28 87
28 90
28 91
28 95
28 98
28 99
28 100
28 102
28 104
28 105
28 106
28 111
28 114
28 116
28 118
28 121
28 122
28 123
28 128
28 131
28 133
28 135
28 137
28 138
28 142
28 145
28 153
28 155
28 160
28 161
28 163
28 164
28 167
29 2
29 4
29 5
29 6
29 11
29 18
29 19
29 23
29 24
29 25
29 29
29 31
29 32
29 34
29 35
29 38
29 41
29 46
29 49
29 52
29 56
29 63
29 65
29 67
29 68
29 69
29 74
29 78
29 85
29 87
29 88
29 89
29 90
29 91
29 98
29 100
29 104
29 106
29 110
29 111
29 112
29 113
29 114
29 116
29 117
29 118
29 121
29 125
29 127
29 129
29 132
29 133
29 135
29 139
29 144
29 147
29 148
29 150
29 158
29 159
29 161
29 165
29 168
30 1
30 3
30 5
30 10
30 13
30 14
30 15
30 16
30 17
30 20
30 21
30 23
30 25
30 26
30 28
30 31
30 32
30 36
30 39
30 42
30 46
30 48
30 53
30 54
30 55
30 56
30 57
30 60
30 66
30 72
30 74
30 78
30 79
30 80
30 81
30 85
30 88
30 89
30 91
30 92
30 93
30 99
30 100
30 101
30 102
30 105
30 106
30 107
30 110
30 112
30 113
30 117
30 119
30 121
30 122
30 125
30 129
30 130
30 131
30 135
30 140
30 142
30 143
30 147
30 152
30 153
30 154
30 155
30 162
30 166
30 167
30 169
31 4
31 7
31 9
31 10
31 13
31 14
31 16
31 20
31 21
31 28
31 31
31 35
31 41
31 43
31 45
31 47
31 48
31 50
31 54
31 58
31 60
31 61
31 62
31 63
31 68
31 69
31 74
31 75
31 76
31 78
31 85
31 86
31 93
31 101
31 103
31 105
31 107
31 109
31 112
31 117
31 126
31 127
31 130
31 132
31 136
31 137
31 138
31 143
31 146
31 151
31 152
31 153
31 155
31 156
31 158
31 161
31 163
31 165
31 166
31 168
31 169
32 2
32 6
32 7
32 8
32 11
32 14
32 15
32 18
32 23
32 27
32 32
32 33
32 34
32 45
32 46
32 48
32 53
32 54
32 60
32 71
32 73
32 74
32 75
32 77
32 79
32 81
32 82
32 84
32 85
32 87
32 88
32 92
32 93
32 95
32 96
32 97
32 98
32 101
32 102
32 103
32 106
32 108
32 110
32 112
32 114
32 115
32 119
32 121
32 124
32 126
32 127
32 130
32 135
32 136
32 137
32 138
32 139
32 141
32 143
32 145
32 147
32 149
32 151
32 154
33 2
33 3
33 5
33 9
33 11
33 13
33 16
33 20
33 22
33 24
33 30
33 31
33 46
33 55
33 58
33 59
33 61
33 62
33 63
33 65
33 66
33 67
33 69
33 72
33 75
33 83
33 84
33 88
33 92
33 93
33 94
33 96
33 97
33 100
33 102
33 103
33 109
33 110
33 112
33 113
33 119
33 123
33 124
33 125
33 126
33 131
33 135
33 137
33 138
33 140
33 142
33 146
33 152
33 153
33 154
33 155
33 157
33 159
33 160
33 163
33 167
33 169
34 0
34 1
34 2
34 3
34 4
34 7
34 12
34 14
34 21
34 25
34 28
34 30
34 31
34 32
34 40
34 42
34 48
34 50
34 55
34 57
34 58
34 62
34 64
34 65
34 67
34 68
34 72
34 74
34 81
34 82
34 84
34 90
34 91
34 93
34 97
34 102
34 103
34 106
34 108
34 115
34 126
34 127
34 131
34 135
34 136
34 137
34 141
34 148
34 150
34 152
34 154
34 156
34 158
34 160
34 161
34 162
34 164
34 165
34 166
34 168
34 169
35 0
35 1
35 2
35 5
35 6
35 8
35 9
35 12
35 15
35 16
35 18
35 20
35 25
35 26
35 30
35 31
35 33
35 34
35 38
35 46
35 48
35 49
35 50
35 54
35 59
35 60
35 62
35 65
35 68
35 69
35 71
35 72
35 78
35 83
35 84
35 92
35 94
35 96
35 104
35 108
35 109
35 110
35 111
35 113
35 115
35 116
35 127
35 128
35 130
35 132
35 133
35 136
35 137
35 140
35 147
35 148
35 150
35 152
35 155
35 156
35 157
35 160
35 165
36 2
36 3
36 4
36 17
36 18
36 20
36 21
36 22
36 25
36 26
36 28
36 29
36 31
36 35
36 37
36 42
36 44
36 45
36 46
36 48
36 51
36 52
36 53
36 54
36 55
36 56
36 57
36 58
36 63
36 64
36 67
36 72
36 78
36 79
36 83
36 85
36 88
36 92
36 93
36 96
36 98
36 99
36 101
36 102
36 106
36 107
36 108
36 110
36 111
36 115
36 116
36 117
36 119
36 122
36 127
36 128
36 134
36 140
36 143
36 145
36 146
36 147
36 149
36 152
36 155
36 157
36 159
36 160
36 165
36 167
37 0
37 2
37 5
37 7
37 8
37 9
37 10
37 11
37 13
37 14
37 16
37 18
37 19
37 24
37 25
37 34
37 39
37 41
37 44
37 46
37 48
37 50
37 55
37 59
37 60
37 61
37 64
37 65
37 68
37 73
37 77
37 81
37 82
37 83
37 85
37 86
37 87
37 88
37 92
37 95
37 99
37 105
37 106
37 107
37 111
37 112
37 113
37 114
37 115
37 116
37 125
37 126
37 128
37 130
37 131
37 134
37 137
37 139
37 143
37 144
37 145
37 147
37 150
37 155
37 165
37 168
38 2
38 3
38 5
38 15
38 20
38 22
38 25
38 27
38 28
38 31
38 32
38 38
38 44
38 46
38 47
38 48
38 49
38 50
38 51
38 52
38 54
38 56
38 57
38 63
38 64
38 66
38 68
38 69
38 70
38 73
38 76
38 78
38 79
38 81
38 83
38 86
38 87
38 88
38 89
38 90
38 91
38 92
38 97
38 98
38 99
38 103
38 105
38 108
38 109
38 111
38 112
38 117
38 118
38 122
38 124
38 128
38 134
38 137
38 141
38 143
38 147
38 149
38 152
38 153
38 155
38 157
38 162
38 165
38 168
39 2
39 3
39 5
39 6
39 8
39 9
39 10
39 15
39 16
39 22
39 26
39 29
39 37
39 39
39 40
39 41
39 46
39 49
39 50
39 51
39 53
39 56
39 57
39 59
39 61
39 62
39 63
39 64
39 65
39 67
39 70
39 71
39 76
39 80
39 85
39 86
39 87
39 91
39 92
39 97
39 99
39 108
39 109
39 112
39 113
39 114
39 117
39 125
39 126
39 127
39 132
39 135
39 137
39 141
39 142
39 149
39 151
39 154
39 157
39 159
39 162
39 163
39 165
39 167
39 168
40 0
40 2
40 4
40 5
40 6
40 7
40 9
40 16
40 20
40 25
40 28
40 29
40 31
40 36
40 37
40 38
40 39
40 40
40 41
40 42
40 43
40 44
40 46
40 51
40 52
40 53
40 54
40 57
40 59
40 60
40 62
40 63
40 66
40 67
40 68
40 69
40 70
40 71
40 74
40 75
40 77
40 83
40 84
40 85
40 88
40 90
40 92
40 94
40 97
40 99
40 108
40 111
40 113
40 114
40 117
40 118
40 128
40 129
40 130
40 131
40 135
40 136
40 141
40 150
40 151
40 153
40 154
40 165
40 166
40 168
41 0
41 1
41 13
41 18
41 19
41 22
41 25
41 26
41 27
41 28
41 29
41 32
41 34
41 35
41 37
41 38
41 41
41 43
41 46
41 52
41 57
41 60
41 61
41 62
41 65
41 67
41 77
41 79
41 84
41 86
41 87
41 88
41 92
41 95
41 97
41 102
41 104
41 107
41 108
41 110
41 120
41 121
41 124
41 126
41 128
41 129
41 130
41 132
41 134
41 138
41 139
41 140
41 143
41 149
41 154
41 157
41 159
41 160
41 162
41 163
41 164
41 166
41 167
42 0
42 1
42 2
42 3
42 9
42 13
42 17
42 18
42 21
42 23
42 24
42 25
42 26
42 27
42 28
42 29
42 36
42 41
42 43
42 44
42 45
42 52
42 56
42 59
42 60
42 61
42 63
42 65
42 66
42 68
42 70
42 71
42 72
42 81
42 84
42 85
42 86
42 92
42 93
42 98
42 99
42 100
42 104
42 108
42 112
42 115
42 116
42 117
42 119
42 120
42 121
42 124
42 126
42 127
42 128
42 132
42 134
42 135
42 137
42 138
42 141
42 142
42 145
42 148
42 149
42 154
42 157
42 158
42 160
42 162
42 164
42 165
42 169
43 1
43 3
43 4
43 8
43 13
43 15
43 16
43 17
43 24
43 36
43 40
43 42
43 46
43 47
43 48
43 49
43 50
43 53
43 54
43 66
43 68
43 71
43 74
43 75
43 76
43 77
43 79
43 80
43 81
43 82
43 87
43 97
43 100
43 103
43 106
43 107
43 110
43 111
43 112
43 113
43 115
43 116
43 120
43 123
43 124
43 131
43 132
43 134
43 136
43 138
43 139
43 143
43 144
43 145
43 147
43 149
43 162
43 166
43 169
44 1
44 3
44 5
44 7
44 8
44 11
44 12
44 16
44 22
44 23
44 24
44 26
44 27
44 29
44 30
44 33
44 38
44 41
44 45
44 46
44 47
44 51
44 53
44 55
44 56
44 58
44 60
44 62
44 63
44 65
44 68
44 69
44 70
44 71
44 74
44 75
44 77
44 78
44 79
44 80
44 83
44 85
44 86
44 88
44 90
44 97
44 98
44 99
44 103
44 107
44 108
44 110
44 116
44 118
44 121
44 127
44 135
44 140
44 142
44 143
44 146
44 147
44 149
44 150
44 151
44 152
44 154
44 155
44 156
44 162
44 165
44 166
44 167
45 2
45 3
45 4
45 5
45 6
45 9
45 11
45 14
45 17
45 18
45 19
45 21
45 25
45 29
45 31
45 35
45 36
45 38
45 39
45 43
45 45
45 51
45 53
45 54
45 57
45 60
45 64
45 66
45 70
45 72
45 73
45 75
45 77
45 79
45 83
45 84
45 85
45 87
45 88
45 91
45 95
45 96
45 106
45 108
45 110
45 111
45 114
45 120
45 128
45 129
45 130
45 134
45 140
45 142
45 143
45 146
45 151
45 153
45 156
45 158
45 160
45 161
45 162
45 163
45 164
45 168
46 0
46 1
46 4
46 5
46 6
46 7
46 9
46 10
46 17
46 22
46 24
46 25
46 28
46 31
46 32
46 33
46 34
46 36
46 37
46 38
46 41
46 43
46 46
46 48
46 49
46 54
46 56
46 62
46 63
46 65
46 66
46 68
46 71
46 72
46 73
46 80
46 83
46 85
46 86
46 88
46 90
46 91
46 94
46 100
46 102
46 105
46 106
46 108
46 111
46 113
46 119
46 122
46 123
46 124
46 131
46 133
46 135
46 137
46 139
46 141
46 145
46 146
46 148
46 149
46 152
46 155
46 156
46 157
46 166
46 169
47 2
47 11
47 16
47 18
47 19
47 20
47 21
47 23
47 24
47 26
47 27
47 28
47 29
47 33
47 34
47 36
47 37
47 40
47 43
47 44
47 49
47 51
47 52
47 53
47 56
47 58
47 65
47 67
47 69
47 70
47 71
47 73
47 75
47 76
47 80
47 87
47 89
47 90
47 91
47 101
47 103
47 106
47 112
47 113
47 117
47 118
47 119
47 128
47 130
47 131
47 139
47 140
47 144
47 145
47 149
47 154
47 155
47 156
47 159
47 162
47 165
47 167
47 168
47 169
48 4
48 9
48 12
48 14
48 16
48 19
48 24
48 25
48 27
48 30
48 31
48 32
48 33
48 34
48 36
48 39
48 44
48 47
48 48
48 50
48 51
48 54
48 57
48 63
48 65
48 66
48 73
48 75
48 77
48 79
48 82
48 91
48 92
48 93
48 94
48 96
48 97
48 98
48 100
48 102
48 105
48 106
48 111
48 112
48 113
48 115
48 121
48 122
48 128
48 134
48 135
48 138
48 142
48 147
48 154
48 155
48 157
48 158
48 162
48 164
48 165
48 169
49 4
49 5
49 7
49 8
49 13
49 16
49 17
49 18
49 21
49 22
49 25
49 28
49 37
49 40
49 43
49 44
49 46
49 53
49 54
49 58
49 62
49 69
49 70
49 72
49 73
49 74
49 78
49 79
49 81
49 87
49 88
49 89
49 91
49 94
49 96
49 99
49 101
49 102
49 103
49 108
49 110
49 112
49 114
49 116
49 119
49 121
49 124
49 127
49 128
49 129
49 131
49 132
49 135
49 137
49 147
49 148
49 151
49 154
49 156
49 158
49 159
49 160
49 162
49 164
49 165
49 168
50 0
50 1
50 7
50 9
50 13
50 15
50 18
50 19
50 21
50 23
50 25
50 32
50 34
50 36
50 39
50 40
50 41
50 42
50 44
50 45
50 46
50 47
50 49
50 51
50 57
50 58
50 62
50 63
50 68
50 69
50 71
50 72
50 73
50 76
50 78
50 79
50 80
50 81
50 82
50 84
50 85
50 87
50 89
50 92
50 98
50 101
50 114
50 115
50 118
50 119
50 120
50 121
50 123
50 131
50 133
50 134
50 136
50 137
50 140
50 143
50 146
50 147
50 150
50 151
50 153
50 154
50 156
50 157
50 158
50 160
50 162
50 166
50 167
50 168
50 169
51 0
51 2
51 12
51 13
51 16
51 17
51 18
51 22
51 23
51 24
51 25
51 26
51 33
51 34
51 35
51 39
51 40
51 43
51 44
51 45
51 46
51 50
51 52
51 53
51 56
51 57
51 60
51 61
51 63
51 68
51 70
51 77
51 78
51 80
51 81
51 86
51 88
51 89
51 90
51 92
51 99
51 100
51 102
51 103
51 114
51 115
51 116
51 117
51 118
51 121
51 127
51 129
51 131
51 136
51 138
51 141
51 145
51 146
51 150
51 151
51 152
51 155
51 156
51 157
51 158
51 159
51 164
51 165
51 166
51 169
52 6
52 9
52 14
52 16
52 17
52 19
52 26
52 31
52 36
52 37
52 38
52 40
52 41
52 42
52 45
52 46
52 48
52 49
52 53
52 54
52 56
52 58
52 61
52 62
52 67
52 68
52 71
52 76
52 77
52 78
52 79
52 84
52 90
52 98
52 104
52 106
52 108
52 109
52 112
52 114
52 117
52 120
52 123
52 124
52 126
52 127
52 128
52 129
52 133
52 134
52 136
52 138
52 140
52 141
52 144
52 145
52 148
52 149
52 150
52 151
52 153
52 156
52 161
52 162
52 163
52 164
52 168
53 1
53 2
53 3
53 5
53 6
53 7
53 11
53 13
53 15
53 16
53 18
53 22
53 23
53 25
53 29
53 30
53 31
53 36
53 40
53 41
53 42
53 45
53 46
53 50
53 51
53 58
53 65
53 69
53 70
53 71
53 72
53 75
53 82
53 83
53 86
53 93
53 101
53 102
53 103
53 106
53 112
53 114
53 117
53 119
53 120
53 124
53 129
53 134
53 135
53 141
53 144
53 145
53 153
53 154
53 158
53 160
53 161
53 164
53 167
54 1
54 5
54 6
54 11
54 12
54 14
54 16
54 20
54 22
54 23
54 29
54 31
54 35
54 43
54 45
54 47
54 48
54 49
54 50
54 51
54 54
54 55
54 58
54 60
54 61
54 62
54 63
54 64
54 67
54 69
54 70
54 72
54 77
54 81
54 82
54 83
54 84
54 86
54 96
54 97
54 98
54 99
54 101
54 102
54 109
54 110
54 112
54 116
54 117
54 118
54 119
54 120
54 122
54 126
54 128
54 134
54 136
54 140
54 144
54 145
54 146
54 148
54 149
54 151
54 154
54 157
54 159
54 163
54 166
54 167
54 169
55 1
55 6
55 7
55 8
55 9
55 10
55 13
55 19
55 23
55 27
55 28
55 29
55 35
55 41
55 42
55 43
55 45
55 48
55 49
55 59
55 65
55 67
55 68
55 69
55 71
55 72
55 73
55 76
55 80
55 83
55 86
55 87
55 88
55 90
55 91
55 93
55 95
55 97
55 100
55 104
55 105
55 107
55 108
55 112
55 113
55 122
55 125
55 127
55 132
55 133
55 134
55 137
55 138
55 139
55 143
55 149
55 150
55 151
55 152
55 156
55 157
55 158
55 160
55 161
55 162
55 164
55 165
55 166
55 167
55 169
56 2
56 11
56 14
56 15
56 17
56 18
56 21
56 23
56 24
56 26
56 28
56 29
56 34
56 35
56 38
56 39
56 40
56 45
56 46
56 48
56 49
56 50
56 59
56 61
56 64
56 66
56 70
56 71
56 77
56 80
56 81
56 82
56 83
56 85
56 86
56 90
56 95
56 96
56 100
56 105
56 106
56 110
56 111
56 116
56 118
56 120
56 121
56 124
56 125
56 127
56 130
56 134
56 150
56 151
56 152
56 153
56 154
56 157
56 159
56 163
56 164
56 166
56 169
57 0
57 1
57 2
57 3
57 7
57 8
57 9
57 10
57 13
57 16
57 18
57 20
57 26
57 27
57 28
57 32
57 33
57 35
57 37
57 39
57 40
57 43
57 44
57 54
57 58
57 59
57 60
57 61
57 62
57 65
57 66
57 67
57 68
57 71
57 74
57 75
57 76
57 82
57 83
57 84
57 85
57 87
57 88
57 89
57 92
57 93
57 97
57 98
57 99
57 100
57 101
57 105
57 106
57 111
57 115
57 116
57 119
57 121
57 124
57 127
57 128
57 129
57 131
57 139
57 142
57 143
57 151
57 152
57 154
57 158
57 160
57 163
57 164
57 165
58 0
58 1
58 3
58 6
58 8
58 9
58 11
58 12
58 18
58 26
58 35
58 38
58 46
58 47
58 49
58 52
58 53
58 57
58 62
58 66
58 67
58 68
58 70
58 71
58 73
58 76
58 81
58 82
58 84
58 85
58 86
58 96
58 103
58 105
58 109
58 111
58 112
58 113
58 115
58 117
58 118
58 119
58 121
58 125
58 129
58 131
58 134
58 138
58 139
58 140
58 141
58 143
58 145
58 148
58 149
58 150
58 151
58 152
58 153
58 154
58 156
58 158
58 160
58 162
58 163
59 0
59 3
59 4
59 5
59 8
59 9
59 14
59 15
59 18
59 19
59 21
59 22
59 27
59 28
59 33
59 35
59 36
59 38
59 41
59 45
59 46
59 49
59 54
59 55
59 56
59 58
59 60
59 62
59 65
59 66
59 69
59 70
59 71
59 72
59 73
59 75
59 76
59 78
59 83
59 88
59 90
59 93
59 98
59 100
59 102
59 103
59 105
59 106
59 107
59 111
59 112
59 113
59 114
59 116
59 118
59 122
59 124
59 125
59 126
59 127
59 128
59 129
59 130
59 132
59 135
59 136
59 139
59 144
59 145
59 146
59 147
59 149
59 150
59 151
59 153
59 156
59 159
59 161
59 162
59 165
60 0
60 1
60 2
60 4
60 8
60 13
60 17
60 18
60 20
60 21
60 24
60 25
60 27
60 30
60 31
60 33
60 34
60 36
60 39
60 40
60 42
60 44
60 47
60 50
60 51
60 52
60 61
60 62
60 65
60 69
60 72
60 75
60 83
60 84
60 88
60 90
60 92
60 94
60 98
60 100
60 101
60 104
60 105
60 107
60 113
60 119
60 121
60 122
60 123
60 124
60 125
60 128
60 130
60 131
60 132
60 134
60 138
60 140
60 141
60 142
60 146
60 147
60 150
60 154
60 155
60 156
60 157
60 158
60 159
60 164
60 167
60 169
61 0
61 5
61 7
61 8
61 9
61 12
61 13
61 14
61 16
61 19
61 21
61 23
61 30
61 34
61 35
61 40
61 44
61 45
61 49
61 51
61 53
61 54
61 58
61 60
61 65
61 69
61 70
61 75
61 76
61 80
61 90
61 92
61 93
61 94
61 96
61 97
61 98
61 102
61 104
61 106
61 107
61 108
61 113
61 115
61 116
61 118
61 122
61 123
61 125
61 126
61 128
61 129
61 130
61 131
61 136
61 138
61 139
61 141
61 143
61 146
61 148
61 150
61 153
61 158
61 159
61 164
62 0
62 2
62 16
62 17
62 18
62 19
62 20
62 26
62 28
62 29
62 31
62 33
62 34
62 36
62 37
62 41
62 42
62 43
62 45
62 55
62 60
62 65
62 71
62 73
62 74
62 75
62 78
62 83
62 84
62 96
62 101
62 111
62 115
62 119
62 120
62 126
62 127
62 128
62 130
62 132
62 134
62 138
62 140
62 141
62 142
62 143
62 145
62 146
62 147
62 150
62 153
62 161
62 162
62 167
62 169
63 1
63 6
63 8
63 14
63 15
63 20
63 22
63 24
63 25
63 26
63 30
63 32
63 33
63 34
63 35
63 37
63 39
63 41
63 42
63 44
63 46
63 47
63 51
63 52
63 53
63 54
63 55
63 63
63 64
63 65
63 70
63 71
63 73
63 75
63 79
63 80
63 81
63 84
63 88
63 90
63 93
63 94
63 95
63 98
63 100
63 101
63 102
63 106
63 107
63 109
63 114
63 117
63 120
63 121
63 125
63 126
63 127
63 130
63 131
63 132
63 133
63 134
63 138
63 139
63 141
63 143
63 146
63 151
63 152
63 154
63 156
63 157
63 158
63 160
63 163
63 166
64 3
64 4
64 5
64 7
64 8
64 9
64 14
64 16
64 21
64 22
64 24
64 26
64 29
64 32
64 33
64 36
64 37
64 40
64 46
64 50
64 52
64 53
64 54
64 57
64 60
64 61
64 65
64 66
64 67
64 70
64 71
64 74
64 77
64 80
64 81
64 82
64 86
64 87
64 88
64 89
64 91
64 96
64 97
64 99
64 105
64 106
64 111
64 112
64 114
64 117
64 118
64 119
64 120
64 125
64 126
64 127
64 128
64 129
64 130
64 131
64 132
64 133
64 134
64 139
64 141
64 142
64 143
64 145
64 149
64 150
64 158
64 161
64 162
64 163
64 166
64 167
65 2
65 3
65 4
65 6
65 8
65 12
65 14
65 16
65 18
65 20
65 22
65 24
65 27
65 29
65 30
65 32
65 34
65 35
65 38
65 41
65 43
65 44
65 47
65 51
65 54
65 56
65 59
65 63
65 67
65 68
65 70
65 74
65 75
65 76
65 79
65 82
65 83
65 86
65 87
65 88
65 91
65 93
65 95
65 96
65 97
65 101
65 102
65 107
65 113
65 121
65 125
65 130
65 131
65 133
65 137
65 139
65 141
65 142
65 143
65 144
65 147
65 149
65 153
65 155
65 161
65 162
65 163
65 166
66 0
66 5
66 14
66 15
66 17
66 18
66 20
66 22
66 24
66 25
66 26
66 29
66 30
66 32
66 35
66 44
66 45
66 46
66 48
66 49
66 51
66 55
66 58
66 63
66 64
66 66
66 67
66 71
66 74
66 75
66 78
66 80
66 83
66 85
66 86
66 87
66 88
66 89
66 90
66 95
66 96
66 97
66 103
66 104
66 109
66 120
66 122
66 124
66 126
66 129
66 132
66 134
66 135
66 136
66 137
66 139
66 142
66 148
66 150
66 152
66 153
66 154
66 156
66 157
66 160
66 161
66 164
66 169
67 2
67 3
67 5
67 7
67 9
67 10
67 11
67 13
67 15
67 16
67 17
67 21
67 24
67 25
67 27
67 28
67 32
67 33
67 34
67 37
67 38
67 41
67 43
67 44
67 46
67 49
67 50
67 56
67 57
67 60
67 61
67 62
67 67
67 68
67 69
67 72
67 80
67 86
67 87
67 88
67 90
67 95
67 96
67 105
67 107
67 108
67 111
67 112
67 115
67 116
67 118
67 122
67 125
67 129
67 133
67 134
67 136
67 138
67 141
67 146
67 153
67 157
67 158
67 162
67 164
67 166
67 168
67 169
68 0
68 1
68 2
68 4
68 5
68 8
68 9
68 10
68 12
68 14
68 19
68 21
68 24
68 25
68 26
68 28
68 32
68 33
68 34
68 35
68 36
68 37
68 38
68 39
68 42
68 45
68 46
68 49
68 55
68 56
68 60
68 62
68 69
68 71
68 73
68 80
68 83
68 85
68 86
68 87
68 88
68 89
68 91
68 98
68 99
68 101
68 106
68 107
68 111
68 112
68 115
68 119
68 124
68 125
68 127
68 131
68 134
68 136
68 137
68 142
68 143
68 145
68 147
68 148
68 151
68 153
68 154
68 156
68 159
68 164
68 165
68 166
68 168
68 169
69 0
69 6
69 7
69 10
69 14
69 16
69 17
69 21
69 23
69 29
69 30
69 32
69 33
69 34
69 35
69 40
69 42
69 43
69 45
69 49
69 50
69 51
69 52
69 53
69 55
69 57
69 61
69 63
69 65
69 67
69 68
69 71
69 73
69 74
69 76
69 80
69 84
69 85
69 86
69 87
69 89
69 94
69 95
69 97
69 98
69 100
69 102
69 107
69 108
69 110
69 113
69 114
69 115
69 116
69 117
69 118
69 120
69 126
69 128
69 130
69 134
69 137
69 139
69 140
69 142
69 143
69 148
69 150
69 151
69 153
69 155
69 157
69 160
69 161
69 165
70 0
70 1
70 4
70 5
70 6
70 9
70 10
70 12
70 16
70 17
70 24
70 26
70 28
70 41
70 45
70 48
70 51
70 52
70 54
70 57
70 61
70 63
70 64
70 66
70 67
70 73
70 74
70 76
70 82
70 84
70 85
70 89
70 92
70 95
70 96
70 97
70 99
70 100
70 111
70 113
70 115
70 123
70 128
70 132
70 133
70 134
70 136
70 137
70 139
70 141
70 143
70 144
70 145
70 147
70 151
70 152
70 153
70 155
70 158
70 160
70 164
70 166
71 3
71 17
71 20
71 21
71 22
71 23
71 24
71 26
71 28
71 31
71 32
71 33
71 35
71 37
71 39
71 40
71 42
71 43
71 44
71 46
71 48
71 49
71 51
71 57
71 59
71 60
71 63
71 69
71 70
71 72
71 74
71 75
71 76
71 78
71 82
71 85
71 87
71 89
71 90
71 91
71 92
71 97
71 100
71 103
71 105
71 111
71 113
71 115
71 123
71 124
71 125
71 126
71 127
71 129
71 130
71 133
71 134
71 135
71 137
71 140
71 141
71 142
71 144
71 145
71 147
71 152
71 153
71 155
71 159
71 160
71 162
71 166
71 169
72 0
72 1
72 3
72 5
72 9
72 11
72 14
72 17
72 21
72 23
72 28
72 33
72 39
72 40
72 43
72 46
72 48
72 49
72 50
72 51
72 52
72 53
72 64
72 65
72 66
72 67
72 71
72 73
72 75
72 77
72 83
72 84
72 85
72 86
72 87
72 92
72 95
72 97
72 103
72 104
72 105
72 110
72 113
72 117
72 119
72 120
72 121
72 123
72 129
72 131
72 134
72 136
72 140
72 147
72 156
72 157
72 158
72 161
72 165
72 166
73 0
73 3
73 5
73 6
73 8
73 10
73 15
73 16
73 17
73 18
73 21
73 23
73 26
73 27
73 32
73 33
73 34
73 35
73 36
73 37
73 38
73 40
73 43
73 45
73 47
73 48
73 49
73 50
73 52
73 53
73 55
73 56
73 57
73 58
73 61
73 62
73 65
73 66
73 67
73 68
73 69
73 70
73 76
73 77
73 80
73 82
73 86
73 89
73 93
73 94
73 100
73 102
73 105
73 107
73 111
73 112
73 114
73 116
73 124
73 126
73 129
73 130
73 132
73 136
73 138
73 139
73 140
73 143
73 148
73 149
73 151
73 155
73 161
73 166
73 167
73 168
74 2
74 4
74 6
74 11
74 13
74 14
74 16
74 17
74 18
74 19
74 24
74 27
74 30
74 32
74 33
74 34
74 37
74 38
74 41
74 43
74 45
74 48
74 52
74 54
74 55
74 56
74 58
74 61
74 62
74 63
74 71
74 83
74 84
74 85
74 89
74 93
74 94
74 96
74 97
74 98
74 102
74 104
74 105
74 106
74 108
74 109
74 110
74 116
74 117
74 118
74 120
74 123
74 125
74 127
74 128
74 131
74 132
74 134
74 139
74 142
74 144
74 145
74 146
74 151
74 152
74 153
74 154
74 155
74 156
74 161
74 168
75 13
75 15
75 16
75 19
75 22
75 27
75 29
75 30
75 33
75 37
75 38
75 40
75 41
75 42
75 43
75 47
75 49
75 51
75 52
75 56
75 58
75 59
75 60
75 65
75 66
75 73
75 74
75 75
75 90
75 91
75 93
75 94
75 96
75 97
75 99
75 100
75 104
75 106
75 109
75 111
75 115
75 119
75 120
75 123
75 130
75 131
75 132
75 133
75 136
75 140
75 144
75 145
75 147
75 155
75 156
75 159
75 162
76 0
76 3
76 5
76 6
76 10
76 16
76 17
76 19
76 20
76 22
76 23
76 25
76 27
76 32
76 36
76 38
76 39
76 40
76 41
76 42
76 43
76 44
76 46
76 47
76 49
76 51
76 53
76 57
76 58
76 61
76 62
76 63
76 64
76 66
76 69
76 71
76 73
76 74
76 75
76 76
76 85
76 89
76 91
76 94
76 95
76 97
76 98
76 102
76 105
76 107
76 108
76 109
76 111
76 112
76 113
76 115
76 119
76 122
76 134
76 139
76 143
76 144
76 146
76 147
76 149
76 150
76 151
76 154
76 158
76 163
76 166
76 168
76 169
77 0
77 4
77 5
77 6
77 7
77 8
77 9
77 10
77 13
77 14
77 15
77 18
77 22
77 24
77 25
77 26
77 27
77 30
77 31
77 34
77 35
77 37
77 42
77 46
77 47
77 50
77 55
77 57
77 59
77 62
77 64
77 65
77 67
77 68
77 73
77 75
77 76
77 77
77 78
77 79
77 80
77 81
77 83
77 84
77 85
77 86
77 88
77 90
77 94
77 95
77 105
77 114
77 115
77 116
77 117
77 121
77 122
77 123
77 124
77 126
77 127
77 128
77 129
77 133
77 134
77 135
77 143
77 148
77 149
77 153
77 155
77 158
77 160
77 163
77 164
77 165
77 166
77 167
77 169
78 2
78 5
78 12
78 15
78 16
78 19
78 20
78 22
78 25
78 27
78 29
78 35
78 37
78 39
78 40
78 44
78 46
78 47
78 48
78 50
78 51
78 52
78 59
78 60
78 61
78 62
78 65
78 66
78 67
78 68
78 69
78 76
78 78
78 79
78 82
78 87
78 88
78 94
78 96
78 101
78 102
78 106
78 107
78 110
78 111
78 112
78 113
78 114
78 119
78 120
78 122
78 127
78 128
78 129
78 130
78 132
78 135
78 136
78 138
78 140
78 142
78 143
78 148
78 152
78 153
78 155
78 156
78 162
78 165
79 2
79 4
79 7
79 10
79 19
79 20
79 21
79 25
79 26
79 30
79 32
79 34
79 38
79 40
79 45
79 49
79 51
79 54
79 56
79 58
79 59
79 64
79 69
79 70
79 74
79 79
79 80
79 81
79 82
79 85
79 87
79 92
79 96
79 100
79 102
79 103
79 104
79 109
79 110
79 113
79 114
79 116
79 117
79 118
79 119
79 120
79 126
79 127
79 128
79 130
79 135
79 136
79 138
79 143
79 144
79 148
79 151
79 153
79 156
79 160
79 161
79 166
79 167
79 168
79 169
80 2
80 3
80 4
80 5
80 6
80 13
80 14
80 18
80 22
80 23
80 26
80 29
80 32
80 33
80 37
80 38
80 42
80 43
80 45
80 46
80 53
80 56
80 63
80 67
80 69
80 74
80 81
80 87
80 88
80 89
80 92
80 93
80 96
80 100
80 101
80 102
80 103
80 104
80 105
80 107
80 110
80 115
80 116
80 117
80 120
80 123
80 124
80 129
80 130
80 131
80 132
80 134
80 137
80 138
80 146
80 147
80 149
80 150
80 152
80 153
80 154
80 156
80 158
80 161
80 162
80 165
80 166
80 168
81 0
81 4
81 7
81 8
81 11
81 12
81 22
81 24
81 27
81 30
81 31
81 32
81 44
81 46
81 47
81 49
81 53
81 54
81 55
81 56
81 57
81 58
81 59
81 61
81 62
81 63
81 64
81 65
81 67
81 69
81 71
81 73
81 75
81 79
81 83
81 88
81 89
81 90
81 96
81 100
81 104
81 109
81 110
81 111
81 112
81 113
81 114
81 116
81 118
81 120
81 131
81 135
81 141
81 144
81 145
81 148
81 151
81 152
81 154
81 156
81 157
81 160
81 161
81 163
81 164
81 168
82 4
82 11
82 12
82 13
82 15
82 22
82 26
82 28
82 32
82 36
82 41
82 42
82 43
82 44
82 45
82 46
82 47
82 49
82 50
82 57
82 59
82 61
82 62
82 63
82 66
82 67
82 69
82 72
82 74
82 75
82 80
82 82
82 83
82 84
82 86
82 92
82 93
82 95
82 97
82 98
82 102
82 105
82 106
82 108
82 119
82 120
82 122
82 123
82 124
82 127
82 130
82 131
82 136
82 137
82 138
82 140
82 141
82 142
82 143
82 144
82 151
82 152
82 154
82 161
82 165
82 168
82 169
83 1
83 7
83 8
83 9
83 12
83 13
83 16
83 17
83 19
83 21
83 22
83 23
83 26
83 31
83 32
83 34
83 36
83 38
83 39
83 41
83 49
83 50
83 51
83 53
83 57
83 60
83 65
83 67
83 70
83 71
83 74
83 80
83 85
83 87
83 89
83 98
83 99
83 101
83 104
83 105
83 109
83 111
83 112
83 113
83 114
83 116
83 117
83 120
83 121
83 123
83 125
83 126
83 129
83 131
83 132
83 133
83 134
83 139
83 140
83 143
83 144
83 145
83 147
83 148
83 154
83 157
83 159
83 160
83 161
83 162
83 163
83 165
83 168
83 169
84 0
84 1
84 9
84 11
84 12
84 13
84 16
84 17
84 18
84 21
84 22
84 28
84 31
84 37
84 38
84 42
84 44
84 48
84 50
84 52
84 55
84 56
84 58
84 59
84 61
84 62
84 64
84 68
84 69
84 70
84 73
84 78
84 79
84 80
84 81
84 87
84 91
84 96
84 99
84 105
84 106
84 118
84 119
84 123
84 124
84 129
84 130
84 131
84 133
84 140
84 141
84 142
84 143
84 144
84 146
84 147
84 150
84 156
84 157
84 162
84 165
84 167
84 168
84 169
85 2
85 6
85 7
85 11
85 14
85 17
85 22
85 23
85 25
85 27
85 30
85 35
85 36
85 40
85 44
85 45
85 47
85 49
85 50
85 51
85 57
85 60
85 61
85 64
85 67
85 69
85 70
85 74
85 79
85 84
85 88
85 89
85 90
85 96
85 98
85 100
85 103
85 104
85 111
85 114
85 117
85 118
85 120
85 122
85 132
85 133
85 136
85 138
85 139
85 142
85 144
85 146
85 150
85 152
85 153
85 156
85 162
85 163
85 165
85 166
85 169
86 5
86 6
86 8
86 11
86 13
86 15
86 18
86 20
86 25
86 27
86 29
86 33
86 34
86 35
86 36
86 37
86 41
86 45
86 48
86 50
86 52
86 56
86 57
86 61
86 63
86 65
86 69
86 75
86 76
86 77
86 78
86 80
86 84
86 88
86 92
86 96
86 99
86 100
86 110
86 112
86 113
86 116
86 121
86 124
86 132
86 134
86 136
86 137
86 139
86 145
86 147
86 153
86 154
86 156
86 157
86 161
86 163
86 166
87 0
87 4
87 6
87 15
87 17
87 18
87 20
87 22
87 32
87 35
87 36
87 40
87 50
87 54
87 60
87 62
87 66
87 69
87 70
87 71
87 75
87 78
87 85
87 88
87 89
87 91
87 95
87 97
87 99
87 101
87 102
87 105
87 107
87 113
87 115
87 116
87 118
87 119
87 121
87 123
87 124
87 126
87 131
87 132
87 133
87 134
87 135
87 143
87 148
87 151
87 154
87 161
87 169
88 0
88 6
88 7
88 8
88 9
88 10
88 12
88 13
88 16
88 17
88 19
88 20
88 24
88 28
88 31
88 37
88 39
88 40
88 43
88 44
88 46
88 47
88 52
88 54
88 57
88 58
88 60
88 61
88 72
88 76
88 78
88 82
88 84
88 89
88 90
88 91
88 94
88 100
88 101
88 102
88 103
88 105
88 110
88 111
88 115
88 116
88 117
88 118
88 120
88 121
88 123
88 124
88 131
88 136
88 139
88 143
88 150
88 151
88 152
88 153
88 155
88 158
88 160
88 163
88 165
88 169
89 0
89 3
89 8
89 9
89 13
89 14
89 15
89 23
89 30
89 31
89 33
89 36
89 38
89 41
89 44
89 45
89 46
89 47
89 50
89 51
89 52
89 56
89 61
89 63
89 67
89 68
89 69
89 72
89 73
89 74
89 77
89 80
89 81
89 84
89 87
89 90
89 91
89 94
89 101
89 106
89 107
89 109
89 111
89 113
89 117
89 118
89 119
89 122
89 123
89 126
89 128
89 136
89 140
89 141
89 142
89 144
89 146
89 152
89 157
89 159
89 162
89 165
89 166
89 168
90 0
90 1
90 4
90 7
90 10
90 12
90 14
90 20
90 21
90 24
90 26
90 27
90 28
90 29
90 33
90 34
90 36
90 37
90 39
90 43
90 44
90 46
90 48
90 51
90 52
90 53
90 56
90 60
90 63
90 66
90 69
90 70
90 72
90 73
90 74
90 77
90 83
90 84
90 86
90 87
90 92
90 93
90 94
90 99
90 101
90 102
90 105
90 111
90 115
90 117
90 119
90 121
90 122
90 124
90 125
90 126
90 127
90 128
90 134
90 136
90 139
90 140
90 143
90 144
90 147
90 151
90 153
90 155
90 156
90 158
90 161
90 165
90 169
91 0
91 3
91 6
91 10
91 11
91 13
91 15
91 16
91 20
91 25
91 27
91 28
91 30
91 33
91 34
91 35
91 40
91 41
91 42
91 44
91 48
91 50
91 53
91 54
91 55
91 59
91 64
91 66
91 69
91 70
91 72
91 76
91 78
91 81
91 84
91 86
91 87
91 88
91 89
91 90
91 92
91 93
91 94
91 99
91 100
91 104
91 111
91 120
91 121
91 124
91 125
91 127
91 128
91 129
91 130
91 131
91 136
91 137
91 138
91 140
91 141
91 143
91 144
91 145
91 146
91 149
91 150
91 152
91 154
91 160
91 167
91 168
92 0
92 1
92 8
92 10
92 11
92 12
92 14
92 16
92 22
92 25
92 26
92 27
92 33
92 35
92 37
92 38
92 41
92 46
92 47
92 48
92 50
92 51
92 53
92 54
92 55
92 58
92 62
92 64
92 65
92 67
92 68
92 72
92 75
92 76
92 78
92 79
92 82
92 87
92 89
92 91
92 92
92 93
92 101
92 102
92 104
92 107
92 108
92 115
92 116
92 120
92 122
92 123
92 126
92 131
92 135
92 136
92 139
92 140
92 145
92 147
92 157
92 160
92 161
92 162
92 165
92 166
92 169
93 0
93 3
93 6
93 10
93 14
93 15
93 19
93 20
93 21
93 25
93 28
93 32
93 33
93 36
93 37
93 39
93 40
93 43
93 45
93 46
93 54
93 58
93 59
93 60
93 61
93 63
93 64
93 65
93 67
93 69
93 70
93 72
93 74
93 76
93 80
93 83
93 84
93 86
93 88
93 89
93 111
93 112
93 119
93 121
93 122
93 123
93 124
93 125
93 126
93 128
93 129
93 130
93 131
93 133
93 134
93 136
93 140
93 142
93 147
93 151
93 152
93 153
93 154
93 155
93 156
93 157
93 162
94 0
94 5
94 6
94 7
94 8
94 9
94 14
94 15
94 25
94 26
94 31
94 33
94 37
94 38
94 40
94 42
94 44
94 45
94 46
94 48
94 49
94 50
94 53
94 54
94 60
94 67
94 75
94 78
94 79
94 85
94 86
94 87
94 89
94 92
94 95
94 96
94 100
94 104
94 107
94 110
94 117
94 118
94 119
94 120
94 125
94 126
94 128
94 130
94 132
94 134
94 139
94 141
94 142
94 143
94 150
94 153
94 155
94 158
94 159
94 160
94 161
94 162
94 164
94 168
95 0
95 4
95 9
95 11
95 13
95 16
95 17
95 21
95 22
95 23
95 25
95 26
95 27
95 28
95 29
95 30
95 32
95 33
95 34
95 37
95 51
95 52
95 53
95 55
95 57
95 59
95 61
95 63
95 65
95 80
95 82
95 93
95 94
95 98
95 101
95 105
95 113
95 118
95 119
95 120
95 121
95 122
95 124
95 125
95 126
95 127
95 129
95 130
95 134
95 135
95 137
95 138
95 146
95 147
95 149
95 150
95 151
95 160
95 161
95 162
95 164
95 165
95 166
95 167
95 169
96 0
96 3
96 4
96 5
96 6
96 7
96 12
96 14
96 17
96 19
96 25
96 26
96 33
96 34
96 35
96 40
96 42
96 44
96 46
96 47
96 48
96 49
96 50
96 53
96 54
96 56
96 60
96 64
96 66
96 67
96 68
96 71
96 72
96 73
96 74
96 75
96 79
96 85
96 87
96 89
96 98
96 99
96 101
96 103
96 107
96 108
96 113
96 116
96 119
96 120
96 121
96 122
96 124
96 126
96 127
96 128
96 129
96 130
96 132
96 134
96 138
96 139
96 140
96 142
96 144
96 148
96 149
96 151
96 152
96 153
96 154
96 157
96 161
96 163
96 167
96 169
97 0
97 3
97 4
97 7
97 8
97 9
97 15
97 20
97 21
97 22
97 23
97 24
97 25
97 28
97 31
97 32
97 35
97 39
97 42
97 45
97 50
97 52
97 54
97 56
97 60
97 66
97 67
97 68
97 69
97 70
97 74
97 75
97 77
97 82
97 84
97 89
97 91
97 93
97 94
97 95
97 96
97 99
97 107
97 108
97 109
97 111
97 112
97 113
97 114
97 115
97 123
97 127
97 128
97 129
97 130
97 131
97 132
97 134
97 137
97 138
97 139
97 141
97 142
97 145
97 146
97 147
97 148
97 152
97 155
97 158
97 159
97 162
97 163
97 166
97 167
97 169
98 3
98 5
98 11
98 15
98 16
98 23
98 24
98 27
98 28
98 29
98 32
98 35
98 37
98 40
98 41
98 43
98 46
98 47
98 48
98 49
98 50
98 51
98 53
98 57
98 58
98 61
98 69
98 70
98 79
98 80
98 84
98 85
98 86
98 88
98 91
98 101
98 102
98 104
98 105
98 109
98 111
98 115
98 118
98 119
98 121
98 123
98 124
98 127
98 129
98 130
98 131
98 134
98 138
98 141
98 142
98 144
98 145
98 151
98 152
98 156
98 158
98 160
98 164
98 165
98 167
98 169
99 1
99 6
99 7
99 8
99 12
99 14
99 16
99 19
99 22
99 24
99 25
99 26
99 27
99 28
99 29
99 34
99 35
99 36
99 38
99 39
99 41
99 46
99 49
99 50
99 51
99 57
99 58
99 59
99 61
99 63
99 65
99 66
99 69
99 71
99 74
99 76
99 81
99 83
99 85
99 95
99 98
99 99
99 102
99 111
99 112
99 114
99 116
99 120
99 121
99 122
99 124
99 126
99 127
99 129
99 130
99 131
99 138
99 139
99 141
99 142
99 144
99 146
99 147
99 148
99 149
99 150
99 152
99 153
99 154
99 157
99 158
99 161
99 163
99 164
99 165
99 166
99 167
99 169
100 1
100 3
100 4
100 5
100 10
100 11
100 15
100 16
100 18
100 19
100 20
100 33
100 36
100 37
100 38
100 39
100 41
100 42
100 44
100 46
100 48
100 51
100 52
100 54
100 55
100 57
100 58
100 59
100 63
100 64
100 65
100 66
100 68
100 73
100 79
100 80
100 81
100 83
100 87
100 89
100 92
100 98
100 99
100 100
100 103
100 105
100 106
100 109
100 112
100 118
100 120
100 121
100 127
100 131
100 135
100 138
100 140
100 143
100 144
100 146
100 147
100 150
100 151
100 155
100 158
100 161
100 163
100 164
100 166
100 167
100 169
101 4
101 6
101 9
101 11
101 18
101 19
101 22
101 23
101 27
101 31
101 32
101 36
101 37
101 38
101 43
101 51
101 55
101 56
101 57
101 59
101 61
101 66
101 68
101 69
101 73
101 74
101 75
101 78
101 82
101 84
101 90
101 91
101 92
101 93
101 95
101 96
101 97
101 98
101 99
101 105
101 108
101 109
101 110
101 111
101 112
101 115
101 116
101 117
101 118
101 119
101 120
101 127
101 131
101 133
101 141
101 143
101 145
101 147
101 148
101 149
101 151
101 152
101 153
101 154
101 155
101 158
101 159
101 161
101 162
101 167
101 168
101 169
102 0
102 2
102 3
102 4
102 8
102 11
102 12
102 13
102 17
102 18
102 19
102 22
102 23
102 24
102 26
102 28
102 29
102 31
102 33
102 37
102 39
102 46
102 52
102 57
102 59
102 64
102 66
102 68
102 72
102 73
102 80
102 82
102 84
102 90
102 97
102 98
102 99
102 100
102 101
102 107
102 115
102 117
102 119
102 120
102 124
102 129
102 131
102 137
102 139
102 140
102 142
102 149
102 150
102 153
102 157
102 159
102 160
102 161
102 163
102 164
102 165
103 1
103 3
103 4
103 6
103 10
103 11
103 12
103 13
103 14
103 16
103 17
103 18
103 21
103 22
103 23
103 26
103 33
103 34
103 37
103 41
103 42
103 45
103 48
103 49
103 56
103 58
103 60
103 63
103 64
103 65
103 66
103 69
103 71
103 72
103 77
103 81
103 83
103 86
103 92
103 93
103 97
103 102
103 104
103 108
103 109
103 110
103 111
103 114
103 115
103 119
103 121
103 123
103 124
103 125
103 127
103 128
103 132
103 136
103 139
103 141
103 142
103 143
103 144
103 146
103 147
103 148
103 150
103 152
103 155
103 156
103 157
103 161
103 165
103 166
104 3
104 4
104 5
104 7
104 8
104 10
104 13
104 14
104 15
104 16
104 18
104 20
104 24
104 30
104 31
104 34
104 38
104 42
104 43
104 45
104 49
104 52
104 53
104 55
104 57
104 61
104 75
104 78
104 81
104 92
104 96
104 97
104 98
104 99
104 101
104 103
104 105
104 107
104 109
104 111
104 114
104 119
104 121
104 122
104 123
104 126
104 128
104 129
104 131
104 133
104 134
104 135
104 137
104 139
104 140
104 143
104 145
104 146
104 151
104 153
104 154
104 155
104 156
104 157
104 159
104 160
104 163
104 164
104 167
104 169
105 0
105 2
105 3
105 4
105 5
105 6
105 9
105 10
105 12
105 13
105 15
105 19
105 20
105 21
105 23
105 24
105 25
105 30
105 31
105 32
105 33
105 42
105 43
105 44
105 46
105 48
105 50
105 55
105 57
105 65
105 66
105 67
105 68
105 69
105 71
105 72
105 77
105 81
105 84
105 86
105 87
105 88
105 91
105 93
105 95
105 96
105 100
105 102
105 103
105 106
105 120
105 121
105 122
105 123
105 126
105 127
105 130
105 132
105 136
105 137
105 140
105 141
105 142
105 143
105 144
105 146
105 147
105 148
105 149
105 153
105 154
105 162
105 164
105 169
106 1
106 3
106 9
106 12
106 14
106 15
106 16
106 18
106 25
106 31
106 32
106 33
106 34
106 39
106 41
106 43
106 44
106 48
106 50
106 51
106 52
106 55
106 56
106 63
106 67
106 69
106 71
106 73
106 78
106 82
106 84
106 85
106 89
106 90
106 91
106 94
106 95
106 96
106 99
106 100
106 104
106 105
106 106
106 108
106 110
106 113
106 118
106 121
106 126
106 129
106 132
106 134
106 135
106 137
106 141
106 142
106 147
106 148
106 149
106 153
106 154
106 157
106 161
106 164
106 165
106 167
106 168
107 0
107 4
107 5
107 9
107 11
107 13
107 16
107 17
107 21
107 22
107 26
107 27
107 30
107 32
107 35
107 37
107 41
107 43
107 45
107 49
107 50
107 52
107 57
107 59
107 61
107 68
107 70
107 74
107 75
107 80
107 81
107 85
107 88
107 91
107 95
107 97
107 100
107 109
107 112
107 114
107 118
107 123
107 124
107 125
107 128
107 131
107 138
107 144
107 150
107 155
107 156
107 157
107 162
107 163
107 166
107 168
107 169
108 1
108 2
108 5
108 7
108 9
108 11
108 14
108 16
108 17
108 18
108 24
108 25
108 27
108 31
108 33
108 34
108 35
108 39
108 44
108 45
108 49
108 53
108 60
108 63
108 71
108 72
108 74
108 75
108 81
108 85
108 86
108 89
108 90
108 94
108 97
108 101
108 104
108 108
108 109
108 115
108 119
108 120
108 125
108 128
108 129
108 130
108 132
108 134
108 135
108 136
108 137
108 138
108 141
108 142
108 143
108 146
108 152
108 154
108 155
108 159
108 162
108 163
108 164
108 165
108 166
108 168
108 169
109 5
109 6
109 7
109 9
109 10
109 12
109 15
109 16
109 17
109 18
109 20
109 21
109 22
109 24
109 31
109 32
109 33
109 35
109 39
109 41
109 42
109 43
109 45
109 47
109 48
109 50
109 51
109 52
109 58
109 59
109 64
109 66
109 67
109 68
109 69
109 72
109 77
109 79
109 80
109 82
109 83
109 90
109 92
109 93
109 99
109 100
109 107
109 108
109 109
109 110
109 111
109 116
109 117
109 119
109 123
109 127
109 129
109 132
109 135
109 138
109 144
109 148
109 150
109 151
109 157
109 158
109 161
109 166
109 167
110 0
110 2
110 9
110 12
110 13
110 14
110 15
110 17
110 18
110 19
110 21
110 23
110 24
110 25
110 29
110 31
110 32
110 41
110 42
110 45
110 46
110 49
110 50
110 51
110 52
110 54
110 55
110 57
110 63
110 70
110 71
110 73
110 75
110 82
110 83
110 84
110 85
110 86
110 87
110 90
110 91
110 92
110 94
110 95
110 99
110 100
110 105
110 106
110 107
110 109
110 110
110 113
110 115
110 116
110 117
110 118
110 119
110 120
110 122
110 123
110 125
110 126
110 129
110 133
110 135
110 137
110 139
110 140
110 141
110 145
110 147
110 148
110 152
110 153
110 154
110 163
110 165
110 166
110 168
111 0
111 1
111 6
111 7
111 10
111 11
111 13
111 16
111 23
111 27
111 31
111 32
111 37
111 38
111 39
111 43
111 47
111 50
111 53
111 54
111 58
111 59
111 61
111 63
111 64
111 65
111 66
111 67
111 68
111 69
111 76
111 81
111 82
111 83
111 88
111 93
111 94
111 104
111 106
111 111
111 115
111 121
111 124
111 132
111 133
111 138
111 139
111 140
111 141
111 142
111 143
111 146
111 148
111 149
111 150
111 152
111 154
111 155
111 157
111 160
111 164
112 1
112 2
112 4
112 5
112 6
112 9
112 12
112 14
112 17
112 18
112 19
112 20
112 21
112 24
112 26
112 30
112 31
112 37
112 38
112 45
112 49
112 51
112 54
112 60
112 61
112 62
112 65
112 66
112 68
112 72
112 74
112 75
112 77
112 78
112 80
112 81
112 83
112 84
112 85
112 86
112 90
112 92
112 94
112 95
112 97
112 98
112 100
112 102
112 104
112 105
112 106
112 107
112 108
112 109
112 110
112 114
112 118
112 120
112 122
112 123
112 126
112 127
112 130
112 131
112 132
112 135
112 137
112 140
112 141
112 142
112 148
112 149
112 152
112 153
112 156
112 158
112 160
112 161
112 164
112 165
112 168
113 3
113 4
113 11
113 13
113 15
113 17
113 22
113 23
113 26
113 28
113 30
113 36
113 38
113 39
113 41
113 44
113 45
113 53
113 55
113 59
113 65
113 70
113 74
113 75
113 77
113 78
113 80
113 83
113 86
113 90
113 95
113 99
113 100
113 102
113 103
113 107
113 108
113 110
113 114
113 118
113 119
113 120
113 121
113 122
113 128
113 129
113 131
113 134
113 137
113 139
113 140
113 143
113 144
113 147
113 151
113 159
113 167
113 168
114 1
114 2
114 5
114 6
114 7
114 11
114 12
114 15
114 16
114 23
114 28
114 29
114 30
114 32
114 33
114 41
114 47
114 48
114 49
114 51
114 57
114 58
114 60
114 63
114 64
114 65
114 71
114 72
114 76
114 77
114 79
114 80
114 81
114 84
114 85
114 88
114 89
114 91
114 92
114 93
114 96
114 98
114 101
114 102
114 103
114 105
114 108
114 109
114 110
114 113
114 114
114 116
114 123
114 131
114 132
114 134
114 136
114 137
114 142
114 144
114 145
114 148
114 149
114 151
114 152
114 156
114 159
114 161
114 163
114 166
115 0
115 4
115 5
115 7
115 8
115 10
115 11
115 15
115 16
115 20
115 21
115 24
115 25
115 28
115 31
115 37
115 40
115 42
115 48
115 51
115 54
115 55
115 58
115 65
115 69
115 71
115 72
115 73
115 76
115 77
115 80
115 81
115 87
115 95
115 97
115 100
115 101
115 102
115 108
115 111
115 112
115 113
115 115
115 117
115 119
115 120
115 130
115 134
115 135
115 137
115 138
115 140
115 146
115 148
115 150
115 151
115 156
115 157
115 158
115 159
115 165
115 166
115 167
115 168
116 6
116 8
116 9
116 13
116 16
116 17
116 18
116 19
116 21
116 22
116 23
116 24
116 27
116 32
116 34
116 35
116 37
116 43
116 46
116 49
116 51
116 52
116 56
116 62
116 63
116 64
116 66
116 67
116 70
116 72
116 73
116 77
116 78
116 82
116 87
116 88
116 89
116 91
116 92
116 93
116 94
116 95
116 96
116 98
116 104
116 106
116 107
116 110
116 111
116 115
116 116
116 121
116 125
116 127
116 133
116 136
116 137
116 138
116 144
116 145
116 146
116 150
116 151
116 152
116 154
116 155
116 162
116 163
116 165
116 167
117 0
117 6
117 7
117 11
117 12
117 14
117 17
117 19
117 21
117 26
117 28
117 30
117 32
117 39
117 41
117 43
117 45
117 50
117 51
117 54
117 55
117 56
117 60
117 65
117 69
117 78
117 80
117 82
117 85
117 86
117 88
117 91
117 93
117 95
117 106
117 107
117 109
117 113
117 116
117 126
117 127
117 128
117 130
117 132
117 136
117 137
117 138
117 142
117 145
117 146
117 149
117 152
117 153
117 154
117 155
117 156
117 157
117 159
117 164
117 167
117 168
118 0
118 1
118 4
118 7
118 10
118 12
118 13
118 15
118 19
118 20
118 21
118 25
118 26
118 27
118 28
118 31
118 35
118 41
118 44
118 48
118 49
118 50
118 51
118 52
118 56
118 57
118 59
118 61
118 62
118 63
118 64
118 65
118 66
118 67
118 71
118 73
118 75
118 77
118 78
118 81
118 82
118 84
118 88
118 91
118 92
118 95
118 96
118 101
118 103
118 104
118 105
118 112
118 115
118 119
118 120
118 123
118 125
118 126
118 128
118 139
118 143
118 144
118 145
118 146
118 148
118 149
118 150
118 153
118 155
118 160
118 162
118 167
118 168
119 0
119 1
119 9
119 10
119 13
119 14
119 17
119 19
119 24
119 26
119 28
119 29
119 30
119 31
119 37
119 39
119 40
119 43
119 45
119 47
119 57
119 61
119 62
119 68
119 69
119 71
119 74
119 80
119 83
119 84
119 88
119 89
119 90
119 95
119 96
119 99
119 100
119 101
119 103
119 104
119 105
119 106
119 108
119 112
119 117
119 119
119 120
119 124
119 127
119 128
119 131
119 135
119 136
119 139
119 141
119 142
119 144
119 145
119 146
119 147
119 149
119 152
119 154
119 155
119 156
119 164
119 167
120 2
120 4
120 6
120 8
120 9
120 10
120 11
120 12
120 13
120 17
120 20
120 21
120 26
120 36
120 37
120 38
120 42
120 43
120 47
120 48
120 49
120 50
120 51
120 53
120 57
120 59
120 63
120 66
120 69
120 72
120 73
120 74
120 75
120 77
120 78
120 79
120 82
120 84
120 85
120 86
120 89
120 90
120 95
120 98
120 102
120 103
120 107
120 108
120 109
120 113
120 116
120 117
120 118
120 119
120 123
120 126
120 127
120 133
120 136
120 138
120 140
120 143
120 145
120 149
120 151
120 153
120 155
120 156
120 157
120 158
120 159
120 165
120 166
120 169
121 5
121 6
121 9
121 13
121 15
121 20
121 21
121 22
121 23
121 24
121 25
121 27
121 30
121 33
121 34
121 35
121 39
121 41
121 42
121 44
121 45
121 46
121 47
121 51
121 53
121 55
121 57
121 60
121 66
121 70
121 76
121 77
121 81
121 82
121 84
121 86
121 87
121 90
121 98
121 99
121 100
121 102
121 106
121 109
121 112
121 113
121 114
121 119
121 120
121 122
121 124
121 126
121 127
121 129
121 130
121 131
121 135
121 136
121 137
121 138
121 140
121 141
121 142
121 143
121 144
121 145
121 146
121 156
121 161
121 165
121 166
121 168
122 1
122 2
122 11
122 16
122 21
122 25
122 26
122 27
122 29
122 34
122 39
122 41
122 43
122 47
122 48
122 49
122 56
122 57
122 58
122 64
122 68
122 70
122 75
122 78
122 79
122 80
122 82
122 89
122 91
122 94
122 96
122 113
122 116
122 117
122 119
122 123
122 126
122 137
122 138
122 139
122 140
122 142
122 143
122 144
122 145
122 146
122 148
122 149
122 150
122 153
122 154
122 157
122 160
122 163
122 168
122 169
123 1
123 3
123 6
123 8
123 9
123 11
123 12
123 13
123 19
123 20
123 21
123 23
123 28
123 30
123 33
123 36
123 37
123 38
123 40
123 41
123 43
123 46
123 50
123 53
123 58
123 60
123 61
123 67
123 68
123 69
123 74
123 80
123 81
123 82
123 83
123 86
123 88
123 93
123 96
123 97
123 98
123 102
123 104
123 105
123 106
123 108
123 109
123 111
123 112
123 115
123 117
123 118
123 123
123 127
123 130
123 133
123 135
123 136
123 137
123 138
123 139
123 142
123 146
123 148
123 149
123 150
123 152
123 153
123 154
123 155
123 156
123 159
123 160
123 162
123 165
123 169
124 1
124 5
124 8
124 9
124 11
124 12
124 13
124 20
124 24
124 26
124 34
124 35
124 36
124 37
124 38
124 41
124 45
124 46
124 50
124 51
124 56
124 58
124 59
124 65
124 66
124 67
124 74
124 76
124 77
124 85
124 86
124 87
124 89
124 91
124 92
124 94
124 95
124 96
124 99
124 104
124 107
124 108
124 109
124 111
124 112
124 119
124 120
124 122
124 123
124 124
124 126
124 130
124 133
124 135
124 140
124 141
124 143
124 147
124 149
124 152
124 153
124 154
124 162
124 164
124 166
125 4
125 6
125 7
125 15
125 17
125 18
125 19
125 24
125 27
125 28
125 29
125 30
125 32
125 33
125 34
125 38
125 40
125 41
125 43
125 52
125 63
125 66
125 71
125 79
125 82
125 83
125 84
125 85
125 86
125 87
125 89
125 101
125 103
125 106
125 107
125 108
125 109
125 110
125 114
125 115
125 119
125 121
125 123
125 124
125 125
125 127
125 131
125 134
125 138
125 140
125 142
125 143
125 144
125 145
125 147
125 148
125 149
125 154
125 158
125 163
125 165
125 167
126 4
126 5
126 8
126 10
126 12
126 13
126 15
126 16
126 18
126 19
126 20
126 22
126 24
126 30
126 32
126 33
126 39
126 40
126 45
126 47
126 48
126 49
126 50
126 58
126 63
126 64
126 67
126 69
126 75
126 76
126 80
126 86
126 90
126 94
126 95
126 96
126 101
126 102
126 106
126 117
126 119
126 124
126 125
126 126
126 127
126 132
126 135
126 136
126 140
126 146
126 150
126 152
126 153
126 154
126 155
126 156
126 158
126 164
126 166
126 167
127 0
127 3
127 4
127 5
127 7
127 10
127 12
127 14
127 17
127 18
127 19
127 21
127 26
127 28
127 30
127 31
127 32
127 34
127 38
127 39
127 40
127 46
127 47
127 49
127 53
127 55
127 60
127 66
127 67
127 68
127 70
127 72
127 73
127 76
127 79
127 80
127 96
127 97
127 99
127 101
127 102
127 103
127 109
127 113
127 114
127 116
127 118
127 120
127 124
127 126
127 131
127 135
127 137
127 142
127 143
127 146
127 147
127 148
127 149
127 150
127 155
127 156
127 159
127 167
127 168
128 0
128 1
128 2
128 4
128 5
128 6
128 15
128 18
128 21
128 23
128 25
128 26
128 27
128 29
128 34
128 35
128 38
128 39
128 40
128 41
128 42
128 43
128 46
128 48
128 52
128 54
128 58
128 60
128 61
128 69
128 74
128 75
128 80
128 85
128 86
128 89
128 90
128 91
128 94
128 98
128 102
128 104
128 107
128 109
128 110
128 112
128 113
128 115
128 117
128 118
128 119
128 123
128 125
128 127
128 135
128 136
128 139
128 140
128 142
128 146
128 148
128 149
128 153
128 154
128 158
128 160
128 162
128 165
129 0
129 1
129 2
129 6
129 7
129 10
129 11
129 12
129 14
129 20
129 23
129 26
129 27
129 30
129 31
129 32
129 40
129 41
129 43
129 46
129 47
129 50
129 51
129 53
129 54
129 59
129 61
129 65
129 69
129 70
129 72
129 74
129 75
129 79
129 80
129 84
129 85
129 86
129 87
129 91
129 92
129 93
129 96
129 99
129 102
129 106
129 112
129 115
129 118
129 119
129 120
129 123
129 127
129 130
129 134
129 137
129 139
129 144
129 149
129 151
129 155
129 157
129 163
129 166
129 168
130 0
130 4
130 7
130 8
130 12
130 14
130 15
130 21
130 25
130 27
130 31
130 32
130 33
130 34
130 37
130 38
130 41
130 44
130 45
130 47
130 48
130 49
130 50
130 51
130 55
130 57
130 59
130 60
130 62
130 64
130 66
130 67
130 70
130 71
130 73
130 74
130 79
130 81
130 82
130 87
130 90
130 92
130 93
130 95
130 97
130 100
130 102
130 103
130 105
130 109
130 113
130 114
130 120
130 126
130 128
130 129
130 136
130 140
130 141
130 142
130 145
130 146
130 148
130 149
130 152
130 161
130 162
130 163
130 169
131 1
131 11
131 13
131 15
131 18
131 19
131 20
131 23
131 24
131 25
131 26
131 28
131 31
131 32
131 35
131 38
131 45
131 47
131 49
131 50
131 58
131 62
131 63
131 64
131 65
131 69
131 71
131 73
131 75
131 79
131 84
131 89
131 91
131 93
131 95
131 96
131 100
131 106
131 108
131 110
131 111
131 112
131 116
131 119
131 124
131 125
131 126
131 127
131 131
131 136
131 137
131 139
131 142
131 145
131 147
131 148
131 155
131 156
131 159
131 160
131 161
131 162
131 163
131 164
131 169
132 0
132 6
132 7
132 8
132 10
132 11
132 12
132 13
132 15
132 17
132 19
132 22
132 25
132 27
132 29
132 32
132 33
132 39
132 41
132 42
132 43
132 52
132 54
132 55
132 56
132 59
132 62
132 65
132 69
132 75
132 79
132 82
132 83
132 84
132 87
132 96
132 97
132 103
132 106
132 108
132 111
132 113
132 117
132 124
132 125
132 127
132 128
132 129
132 131
132 133
132 137
132 138
132 141
132 142
132 144
132 145
132 147
132 148
132 149
132 151
132 153
132 156
132 157
132 159
132 161
132 163
132 164
132 165
132 169
133 0
133 1
133 4
133 5
133 6
133 8
133 12
133 13
133 14
133 15
133 16
133 24
133 25
133 28
133 33
133 34
133 36
133 38
133 39
133 44
133 45
133 46
133 47
133 49
133 53
133 55
133 61
133 64
133 67
133 68
133 70
133 71
133 72
133 73
133 78
133 81
133 82
133 83
133 84
133 88
133 89
133 90
133 92
133 95
133 96
133 97
133 104
133 108
133 111
133 117
133 121
133 124
133 125
133 128
133 129
133 130
133 132
133 135
133 145
133 149
133 150
133 153
133 155
133 158
133 159
133 162
133 163
133 165
133 167
134 1
134 2
134 3
134 6
134 7
134 11
134 12
134 15
134 19
134 20
134 23
134 25
134 26
134 28
134 38
134 39
134 40
134 41
134 43
134 47
134 48
134 51
134 53
134 57
134 61
134 66
134 67
134 68
134 72
134 73
134 74
134 75
134 76
134 78
134 79
134 83
134 86
134 91
134 93
134 97
134 102
134 104
134 105
134 108
134 114
134 115
134 117
134 119
134 120
134 122
134 129
134 131
134 132
134 133
134 135
134 136
134 138
134 140
134 141
134 143
134 145
134 148
134 151
134 153
134 155
134 156
134 159
134 164
134 167
134 168
135 1
135 3
135 5
135 8
135 11
135 12
135 13
135 15
135 16
135 17
135 19
135 21
135 23
135 28
135 30
135 33
135 34
135 36
135 37
135 40
135 43
135 44
135 48
135 50
135 51
135 52
135 53
135 60
135 62
135 63
135 64
135 65
135 67
135 76
135 78
135 84
135 85
135 88
135 89
135 91
135 96
135 97
135 98
135 100
135 106
135 108
135 109
135 110
135 112
135 114
135 115
135 119
135 120
135 124
135 126
135 127
135 128
135 129
135 131
135 133
135 136
135 139
135 141
135 142
135 143
135 144
135 146
135 148
135 153
135 157
135 159
135 160
135 162
135 165
135 168
135 169
136 3
136 6
136 7
136 8
136 9
136 11
136 12
136 13
136 14
136 18
136 20
136 21
136 22
136 23
136 27
136 33
136 34
136 38
136 41
136 42
136 46
136 49
136 51
136 53
136 55
136 57
136 58
136 62
136 71
136 72
136 75
136 76
136 77
136 78
136 79
136 80
136 83
136 84
136 87
136 88
136 89
136 90
136 91
136 93
136 96
136 102
136 105
136 106
136 108
136 110
136 112
136 113
136 114
136 117
136 119
136 120
136 122
136 125
136 127
136 129
136 130
136 136
136 137
136 139
136 141
136 143
136 144
136 146
136 147
136 149
136 151
136 160
136 161
136 164
136 169
137 1
137 2
137 8
137 11
137 13
137 20
137 21
137 25
137 26
137 27
137 32
137 34
137 35
137 38
137 39
137 41
137 45
137 48
137 49
137 52
137 54
137 55
137 57
137 59
137 60
137 62
137 63
137 66
137 68
137 69
137 70
137 73
137 74
137 78
137 80
137 82
137 83
137 84
137 88
137 89
137 90
137 94
137 95
137 98
137 99
137 100
137 101
137 102
137 105
137 107
137 112
137 114
137 116
137 121
137 122
137 123
137 124
137 132
137 134
137 135
137 137
137 141
137 142
137 144
137 147
137 148
137 150
137 153
137 158
137 162
137 164
137 165
137 167
138 3
138 7
138 10
138 11
138 12
138 13
138 16
138 17
138 18
138 19
138 20
138 22
138 23
138 25
138 27
138 28
138 31
138 34
138 36
138 43
138 46
138 47
138 59
138 67
138 69
138 73
138 78
138 79
138 80
138 82
138 83
138 86
138 88
138 91
138 92
138 93
138 99
138 101
138 102
138 104
138 106
138 107
138 109
138 111
138 116
138 120
138 121
138 126
138 127
138 129
138 133
138 134
138 136
138 138
138 139
138 140
138 141
138 143
138 145
138 146
138 148
138 149
138 152
138 157
138 159
138 160
138 162
138 165
138 168
139 0
139 1
139 3
139 5
139 15
139 16
139 17
139 19
139 22
139 25
139 26
139 28
139 35
139 37
139 40
139 42
139 46
139 47
139 55
139 57
139 60
139 61
139 63
139 70
139 75
139 76
139 81
139 85
139 87
139 90
139 91
139 93
139 99
139 103
139 107
139 109
139 110
139 112
139 118
139 119
139 120
139 122
139 124
139 126
139 129
139 132
139 134
139 138
139 140
139 142
139 143
139 145
139 149
139 151
139 154
139 155
139 157
139 161
139 164
139 167
140 0
140 2
140 3
140 4
140 5
140 9
140 11
140 15
140 17
140 19
140 22
140 28
140 31
140 40
140 43
140 45
140 48
140 51
140 55
140 58
140 62
140 63
140 64
140 66
140 69
140 71
140 73
140 74
140 75
140 76
140 81
140 83
140 85
140 86
140 91
140 92
140 93
140 96
140 98
140 101
140 107
140 109
140 110
140 113
140 115
140 116
140 117
140 120
140 124
140 129
140 133
140 134
140 136
140 139
140 141
140 142
140 145
140 146
140 149
140 151
140 152
140 153
140 157
140 158
140 159
140 160
140 161
140 164
140 165
141 0
141 1
141 5
141 6
141 7
141 10
141 12
141 16
141 18
141 20
141 29
141 33
141 36
141 40
141 42
141 49
141 50
141 52
141 53
141 54
141 57
141 58
141 62
141 63
141 64
141 65
141 66
141 68
141 71
141 73
141 74
141 79
141 82
141 83
141 88
141 90
141 92
141 93
141 100
141 104
141 105
141 107
141 110
141 113
141 115
141 116
141 117
141 121
141 122
141 123
141 128
141 132
141 133
141 134
141 138
141 141
141 148
141 149
141 156
141 157
141 159
141 160
141 162
141 164
141 165
142 1
142 2
142 5
142 7
142 8
142 12
142 14
142 15
142 16
142 18
142 26
142 30
142 32
142 33
142 36
142 37
142 38
142 43
142 52
142 54
142 55
142 57
142 59
142 67
142 71
142 75
142 77
142 81
142 82
142 88
142 91
142 93
142 96
142 97
142 100
142 102
142 103
142 108
142 110
142 113
142 114
142 117
142 119
142 120
142 122
142 123
142 124
142 126
142 127
142 129
142 135
142 136
142 138
142 142
142 143
142 149
142 152
142 153
142 154
142 156
142 162
142 163
143 1
143 2
143 4
143 6
143 14
143 18
143 19
143 25
143 29
143 35
143 36
143 39
143 46
143 47
143 60
143 62
143 65
143 70
143 76
143 78
143 79
143 82
143 83
143 85
143 86
143 90
143 93
143 94
143 95
143 96
143 97
143 98
143 99
143 102
143 103
143 105
143 106
143 107
143 108
143 110
143 116
143 118
143 120
143 122
143 123
143 125
143 131
143 133
143 137
143 139
143 141
143 143
143 144
143 145
143 147
143 152
143 153
143 159
143 165
143 166
144 0
144 3
144 5
144 7
144 8
144 13
144 15
144 22
144 24
144 25
144 26
144 28
144 29
144 30
144 36
144 38
144 39
144 40
144 46
144 47
144 48
144 49
144 50
144 55
144 56
144 57
144 59
144 62
144 65
144 68
144 70
144 72
144 74
144 75
144 77
144 78
144 79
144 81
144 82
144 91
144 93
144 95
144 99
144 102
144 108
144 113
144 114
144 121
144 122
144 123
144 124
144 125
144 128
144 133
144 136
144 138
144 139
144 141
144 142
144 144
144 146
144 150
144 151
144 154
144 157
144 158
144 159
144 160
144 162
144 167
144 168
145 2
145 5
145 11
145 14
145 15
145 19
145 24
145 29
145 35
145 38
145 43
145 47
145 50
145 53
145 54
145 56
145 57
145 58
145 59
145 61
145 67
145 68
145 71
145 73
145 75
145 76
145 77
145 78
145 79
145 83
145 86
145 88
145 89
145 90
145 91
145 94
145 95
145 102
145 103
145 104
145 106
145 107
145 123
145 125
145 126
145 129
145 130
145 133
145 135
145 136
145 137
145 139
145 140
145 145
145 147
145 149
145 151
145 154
145 158
145 159
145 163
145 166
145 167
146 2
146 6
146 7
146 9
146 11
146 12
146 13
146 16
146 18
146 22
146 28
146 29
146 32
146 33
146 41
146 46
146 47
146 48
146 49
146 57
146 59
146 60
146 61
146 62
146 63
146 64
146 65
146 68
146 75
146 80
146 84
146 85
146 87
146 88
146 90
146 92
146 95
146 98
146 100
146 108
146 109
146 110
146 114
146 122
146 123
146 128
146 129
146 131
146 132
146 133
146 137
146 138
146 140
146 141
146 143
146 147
146 151
146 152
146 153
146 154
146 161
147 1
147 8
147 11
147 15
147 20
147 22
147 24
147 29
147 30
147 37
147 45
147 48
147 53
147 57
147 61
147 63
147 66
147 68
147 71
147 76
147 77
147 81
147 86
147 87
147 88
147 91
147 92
147 93
147 95
147 101
147 107
147 109
147 115
147 117
147 120
147 121
147 122
147 123
147 124
147 129
147 136
147 138
147 139
147 143
147 145
147 149
147 152
147 153
147 154
147 156
147 159
147 161
147 166
147 168
148 3
148 7
148 10
148 13
148 15
148 19
148 20
148 29
148 31
148 32
148 33
148 34
148 39
148 40
148 44
148 46
148 47
148 48
148 51
148 52
148 53
148 54
148 59
148 65
148 67
148 69
148 71
148 76
148 77
148 78
148 84
148 85
148 86
148 93
148 98
148 110
148 112
148 114
148 115
148 116
148 117
148 120
148 123
148 126
148 127
148 131
148 135
148 139
148 140
148 141
148 143
148 148
148 153
148 156
148 163
148 166
148 167
148 168
148 169
149 2
149 4
149 5
149 6
149 7
149 11
149 14
149 17
149 19
149 20
149 21
149 22
149 23
149 26
149 27
149 31
149 36
149 37
149 39
149 43
149 46
149 47
149 50
149 52
149 54
149 58
149 62
149 64
149 65
149 66
149 67
149 68
149 72
149 76
149 77
149 80
149 81
149 84
149 85
149 87
149 88
149 89
149 92
149 98
149 102
149 103
149 104
149 106
149 107
149 108
149 109
149 118
149 121
149 122
149 132
149 133
149 135
149 136
149 138
149 139
149 142
149 143
149 144
149 150
149 153
149 157
149 158
149 164
149 166
149 168
149 169
150 4
150 6
150 7
150 8
150 11
150 14
150 16
150 18
150 19
150 20
150 31
150 33
150 44
150 45
150 46
150 47
150 49
150 50
150 52
150 53
150 55
150 60
150 63
150 69
150 72
150 75
150 77
150 81
150 83
150 86
150 89
150 92
150 93
150 97
150 98
150 101
150 107
150 108
150 109
150 110
150 112
150 116
150 117
150 118
150 119
150 125
150 126
150 129
150 131
150 133
150 138
150 143
150 144
150 145
150 146
150 150
150 152
150 155
150 157
150 158
150 161
150 162
151 1
151 2
151 4
151 6
151 8
151 9
151 11
151 12
151 13
151 15
151 16
151 18
151 20
151 22
151 25
151 26
151 27
151 28
151 29
151 30
151 31
151 32
151 33
151 34
151 38
151 41
151 43
151 44
151 45
151 51
151 52
151 54
151 58
151 60
151 62
151 63
151 64
151 66
151 72
151 73
151 74
151 76
151 77
151 80
151 82
151 88
151 89
151 92
151 94
151 95
151 97
151 98
151 104
151 112
151 113
151 115
151 116
151 118
151 127
151 129
151 131
151 133
151 134
151 135
151 136
151 137
151 139
151 140
151 143
151 145
151 148
151 152
151 153
151 155
151 156
151 157
151 158
151 159
151 164
151 168
152 0
152 1
152 3
152 5
152 8
152 10
152 12
152 16
152 20
152 21
152 22
152 23
152 24
152 25
152 27
152 29
152 30
152 31
152 32
152 35
152 36
152 37
152 40
152 42
152 45
152 48
152 53
152 57
152 58
152 59
152 60
152 61
152 62
152 64
152 66
152 67
152 72
152 74
152 75
152 76
152 77
152 80
152 81
152 84
152 88
152 89
152 91
152 92
152 93
152 94
152 98
152 103
152 104
152 105
152 108
152 110
152 112
152 113
152 115
152 116
152 118
152 120
152 124
152 126
152 127
152 128
152 129
152 130
152 131
152 134
152 135
152 137
152 143
152 144
152 146
152 153
152 157
152 162
152 164
152 168
153 0
153 1
153 6
153 7
153 8
153 16
153 17
153 21
153 22
153 24
153 26
153 28
153 32
153 34
153 35
153 37
153 43
153 44
153 49
153 51
153 54
153 55
153 57
153 58
153 60
153 61
153 62
153 66
153 68
153 73
153 77
153 79
153 81
153 82
153 84
153 90
153 91
153 98
153 100
153 101
153 111
153 112
153 117
153 119
153 120
153 123
153 125
153 126
153 129
153 137
153 141
153 146
153 152
153 154
153 155
153 156
153 160
153 161
153 166
153 167
154 0
154 2
154 3
154 4
154 6
154 7
154 8
154 9
154 12
154 13
154 14
154 16
154 18
154 19
154 20
154 21
154 22
154 23
154 26
154 28
154 30
154 34
154 36
154 37
154 40
154 41
154 42
154 43
154 46
154 47
154 50
154 54
154 58
154 61
154 62
154 63
154 69
154 70
154 73
154 77
154 80
154 81
154 83
154 84
154 86
154 87
154 88
154 90
154 94
154 98
154 100
154 101
154 105
154 108
154 110
154 114
154 115
154 116
154 119
154 120
154 121
154 126
154 128
154 134
154 135
154 139
154 142
154 144
154 146
154 147
154 148
154 151
154 155
154 157
154 160
154 162
154 163
154 164
154 166
154 169
155 3
155 9
155 11
155 12
155 15
155 20
155 23
155 26
155 27
155 29
155 30
155 37
155 40
155 44
155 45
155 46
155 49
155 51
155 52
155 53
155 54
155 58
155 59
155 61
155 62
155 64
155 69
155 72
155 73
155 83
155 92
155 95
155 96
155 99
155 102
155 112
155 114
155 115
155 121
155 123
155 126
155 127
155 132
155 136
155 137
155 138
155 139
155 141
155 142
155 148
155 150
155 153
155 155
155 156
155 160
155 161
155 165
155 168
156 6
156 9
156 10
156 11
156 12
156 18
156 19
156 20
156 21
156 22
156 23
156 27
156 30
156 34
156 37
156 40
156 41
156 42
156 43
156 44
156 47
156 48
156 52
156 53
156 62
156 64
156 66
156 69
156 70
156 74
156 75
156 77
156 78
156 84
156 85
156 88
156 89
156 95
156 96
156 99
156 110
156 111
156 115
156 117
156 120
156 123
156 124
156 126
156 128
156 131
156 132
156 134
156 135
156 138
156 140
156 142
156 144
156 145
156 146
156 147
156 149
156 150
156 151
156 154
156 156
156 160
156 161
156 164
157 0
157 2
157 3
157 5
157 9
157 12
157 14
157 21
157 25
157 27
157 45
157 46
157 51
157 52
157 57
157 61
157 62
157 63
157 65
157 66
157 67
157 69
157 72
157 73
157 75
157 79
157 83
157 84
157 89
157 93
157 97
157 98
157 99
157 100
157 106
157 110
157 111
157 113
157 115
157 117
157 124
157 127
157 128
157 134
157 137
157 139
157 146
157 148
157 149
157 150
157 151
157 152
157 153
157 154
157 155
157 156
157 157
157 159
157 163
157 166
157 168
158 1
158 2
158 7
158 8
158 9
158 10
158 14
158 18
158 19
158 25
158 26
158 29
158 34
158 35
158 36
158 41
158 53
158 54
158 61
158 62
158 63
158 64
158 72
158 73
158 75
158 76
158 77
158 78
158 80
158 87
158 88
158 96
158 101
158 105
158 114
158 115
158 116
158 121
158 122
158 125
158 126
158 128
158 129
158 135
158 141
158 144
158 145
158 151
158 154
158 157
158 168
159 2
159 4
159 8
159 9
159 10
159 17
159 21
159 22
159 27
159 29
159 36
159 37
159 39
159 41
159 43
159 44
159 54
159 57
159 66
159 70
159 72
159 74
159 76
159 80
159 83
159 88
159 91
159 96
159 100
159 101
159 104
159 107
159 108
159 109
159 110
159 111
159 112
159 114
159 115
159 117
159 121
159 124
159 125
159 126
159 128
159 133
159 138
159 141
159 146
159 148
159 151
159 152
159 155
159 156
159 157
159 161
159 163
159 164
159 165
159 167
160 3
160 7
160 14
160 15
160 18
160 19
160 24
160 26
160 27
160 31
160 32
160 33
160 37
160 38
160 39
160 40
160 43
160 44
160 45
160 46
160 50
160 52
160 54
160 57
160 59
160 60
160 61
160 62
160 63
160 65
160 73
160 75
160 76
160 81
160 82
160 83
160 85
160 87
160 95
160 96
160 97
160 102
160 103
160 106
160 108
160 109
160 115
160 116
160 120
160 126
160 128
160 129
160 131
160 132
160 135
160 137
160 142
160 143
160 147
160 149
160 155
160 161
161 2
161 7
161 8
161 11
161 13
161 14
161 15
161 16
161 17
161 20
161 21
161 28
161 29
161 30
161 31
161 34
161 36
161 40
161 43
161 45
161 51
161 54
161 55
161 57
161 59
161 62
161 65
161 70
161 72
161 73
161 75
161 76
161 78
161 80
161 84
161 88
161 94
161 95
161 102
161 103
161 104
161 106
161 107
161 108
161 109
161 112
161 116
161 120
161 121
161 123
161 124
161 125
161 127
161 129
161 134
161 135
161 136
161 138
161 139
161 140
161 142
161 143
161 148
161 150
161 151
161 152
161 153
161 155
161 156
161 160
161 162
161 163
161 165
161 166
161 168
162 3
162 5
162 9
162 10
162 13
162 16
162 19
162 21
162 23
162 25
162 26
162 34
162 36
162 44
162 45
162 47
162 48
162 52
162 55
162 56
162 60
162 65
162 66
162 68
162 72
162 74
162 75
162 77
162 78
162 80
162 83
162 85
162 89
162 90
162 92
162 95
162 96
162 97
162 100
162 107
162 108
162 111
162 112
162 115
162 116
162 117
162 123
162 125
162 127
162 128
162 133
162 134
162 135
162 136
162 139
162 142
162 145
162 146
162 147
162 151
162 153
162 156
162 157
162 160
162 161
162 162
162 163
162 164
162 167
162 169
163 1
163 2
163 6
163 8
163 11
163 13
163 15
163 18
163 19
163 20
163 22
163 24
163 26
163 27
163 32
163 33
163 37
163 38
163 39
163 42
163 43
163 44
163 45
163 46
163 49
163 50
163 51
163 53
163 57
163 61
163 62
163 65
163 70
163 71
163 76
163 77
163 79
163 82
163 83
163 87
163 88
163 89
163 90
163 97
163 99
163 100
163 103
163 105
163 107
163 108
163 109
163 112
163 116
163 117
163 120
163 122
163 125
163 127
163 128
163 129
163 132
163 133
163 134
163 136
163 137
163 144
163 147
163 148
163 150
163 160
163 163
163 164
163 169
164 0
164 2
164 7
164 8
164 10
164 14
164 16
164 17
164 20
164 23
164 24
164 27
164 30
164 41
164 42
164 43
164 44
164 45
164 46
164 47
164 48
164 49
164 54
164 55
164 56
164 63
164 69
164 78
164 79
164 82
164 84
164 85
164 86
164 87
164 88
164 92
164 96
164 98
164 103
164 106
164 107
164 110
164 114
164 117
164 118
164 124
164 126
164 127
164 130
164 131
164 136
164 137
164 142
164 146
164 147
164 148
164 149
164 150
164 151
164 153
164 154
164 155
164 157
164 163
164 165
164 167
164 168
165 3
165 4
165 5
165 8
165 12
165 16
165 20
165 21
165 25
165 29
165 30
165 32
165 34
165 35
165 36
165 37
165 40
165 41
165 44
165 46
165 47
165 48
165 50
165 54
165 56
165 60
165 65
165 67
165 68
165 71
165 72
165 73
165 74
165 76
165 78
165 79
165 80
165 87
165 88
165 89
165 92
165 97
165 100
165 101
165 102
165 105
165 115
165 116
165 118
165 124
165 127
165 128
165 130
165 131
165 132
165 133
165 136
165 138
165 139
165 144
165 146
165 148
165 149
165 152
165 154
165 156
165 157
165 159
165 160
165 161
165 162
165 163
165 164
165 166
166 1
166 2
166 5
166 10
166 13
166 17
166 23
166 30
166 32
166 33
166 35
166 37
166 38
166 40
166 41
166 42
166 46
166 51
166 53
166 59
166 60
166 62
166 66
166 67
166 68
166 75
166 80
166 84
166 85
166 86
166 93
166 94
166 98
166 104
166 105
166 106
166 108
166 116
166 125
166 128
166 129
166 130
166 132
166 136
166 140
166 143
166 144
166 145
166 146
166 148
166 156
166 157
166 158
166 159
166 161
166 165
166 166
167 1
167 3
167 6
167 10
167 11
167 12
167 13
167 15
167 16
167 17
167 18
167 19
167 21
167 24
167 25
167 26
167 29
167 32
167 37
167 39
167 41
167 42
167 43
167 47
167 50
167 53
167 55
167 56
167 59
167 73
167 77
167 84
167 86
167 90
167 91
167 92
167 94
167 95
167 100
167 106
167 108
167 109
167 111
167 112
167 113
167 114
167 118
167 119
167 120
167 121
167 127
167 129
167 131
167 133
167 135
167 141
167 145
167 147
167 149
167 152
167 155
167 158
167 159
167 160
167 163
167 164
167 165
167 168
167 169
168 0
168 5
168 6
168 7
168 10
168 16
168 18
168 19
168 23
168 24
168 27
168 29
168 30
168 33
168 41
168 45
168 48
168 50
168 54
168 59
168 67
168 68
168 70
168 71
168 72
168 73
168 75
168 76
168 79
168 83
168 85
168 88
168 89
168 90
168 93
168 94
168 98
168 104
168 107
168 111
168 114
168 119
168 121
168 122
168 123
168 124
168 125
168 126
168 128
168 129
168 130
168 134
168 135
168 136
168 137
168 141
168 142
168 143
168 150
168 151
168 153
168 154
168 159
168 165
169 0
169 1
169 7
169 11
169 13
169 15
169 17
169 22
169 25
169 27
169 38
169 41
169 44
169 45
169 49
169 50
169 52
169 55
169 56
169 59
169 64
169 65
169 68
169 71
169 72
169 73
169 75
169 76
169 77
169 80
169 83
169 85
169 87
169 89
169 91
169 92
169 95
169 96
169 97
169 98
169 99
169 100
169 101
169 102
169 103
169 105
169 107
169 110
169 111
169 117
169 118
169 121
169 123
169 125
169 127
169 130
169 131
169 132
169 133
169 134
169 135
169 138
169 140
169 145
169 146
169 148
169 149
169 151
169 152
169 154
169 156
169 158
169 159
169 165
169 166
169 167
169 168
