90
3204
0 5
0 6
0 9
0 10
0 12
0 15
0 17
0 23
0 24
0 25
0 26
0 27
0 29
0 34
0 38
0 43
0 44
0 46
0 49
0 50
0 52
0 53
0 55
0 56
0 59
0 69
0 70
0 72
0 74
0 78
1 1
1 5
1 8
1 12
1 13
1 14
1 15
1 21
1 25
1 26
1 27
1 37
1 38
1 39
1 42
1 44
1 45
1 46
1 47
1 48
1 49
1 50
1 57
1 59
1 62
1 65
1 67
1 68
1 69
1 70
1 72
1 74
1 76
1 77
1 78
1 79
1 84
1 86
1 89
2 4
2 5
2 6
2 11
2 13
2 16
2 20
2 24
2 27
2 28
2 34
2 35
2 37
2 39
2 41
2 45
2 46
2 47
2 52
2 53
2 55
2 56
2 57
2 61
2 62
2 64
2 65
2 67
2 68
2 69
2 70
2 74
2 76
2 88
3 3
3 6
3 9
3 12
3 14
3 15
3 18
3 21
3 22
3 23
3 25
3 26
3 27
3 30
3 34
3 37
3 45
3 49
3 50
3 51
3 52
3 54
3 59
3 65
3 66
3 68
3 69
3 71
3 72
3 73
3 74
3 77
3 78
3 80
3 81
3 84
3 85
3 87
4 2
4 8
4 11
4 12
4 19
4 20
4 23
4 24
4 25
4 27
4 31
4 33
4 34
4 35
4 38
4 40
4 45
4 46
4 50
4 52
4 56
4 59
4 60
4 66
4 71
4 72
4 77
4 79
4 83
4 84
4 86
5 2
5 4
5 7
5 9
5 11
5 12
5 13
5 16
5 17
5 19
5 22
5 28
5 29
5 30
5 32
5 33
5 34
5 35
5 37
5 41
5 44
5 45
5 48
5 52
5 54
5 62
5 67
5 68
5 69
5 72
5 74
5 75
5 76
5 79
5 80
5 84
5 86
5 87
5 88
5 89
6 2
6 5
6 6
6 8
6 9
6 10
6 11
6 12
6 13
6 14
6 16
6 18
6 19
6 20
6 24
6 30
6 32
6 33
6 34
6 36
6 37
6 41
6 47
6 48
6 50
6 56
6 59
6 66
6 67
6 68
6 70
6 81
6 82
6 83
6 87
6 89
7 2
7 5
7 8
7 9
7 12
7 14
7 17
7 18
7 20
7 21
7 23
7 24
7 27
7 29
7 33
7 35
7 40
7 43
7 44
7 47
7 48
7 51
7 54
7 55
7 57
7 59
7 62
7 64
7 66
7 69
7 71
7 77
7 79
7 80
7 82
7 84
8 1
8 4
8 6
8 8
8 9
8 14
8 15
8 16
8 17
8 18
8 21
8 25
8 27
8 32
8 33
8 35
8 37
8 39
8 40
8 41
8 45
8 49
8 50
8 51
8 52
8 56
8 57
8 59
8 61
8 62
8 63
8 67
8 70
8 72
8 73
8 79
8 81
9 0
9 3
9 5
9 7
9 14
9 17
9 18
9 19
9 24
9 27
9 28
9 30
9 37
9 41
9 43
9 44
9 45
9 47
9 51
9 58
9 62
9 63
9 65
9 74
9 75
9 77
9 78
9 79
9 80
9 81
9 82
9 83
9 84
9 86
9 88
10 1
10 2
10 4
10 8
10 10
10 11
10 12
10 13
10 14
10 16
10 19
10 22
10 25
10 26
10 28
10 30
10 35
10 36
10 38
10 39
10 40
10 41
10 46
10 52
10 56
10 57
10 60
10 61
10 63
10 64
10 65
10 67
10 68
10 69
10 70
10 76
10 78
10 79
10 80
10 83
10 85
10 89
11 0
11 5
11 6
11 11
11 16
11 18
11 19
11 20
11 21
11 22
11 23
11 24
11 25
11 29
11 32
11 35
11 37
11 39
11 40
11 41
11 45
11 51
11 57
11 59
11 60
11 64
11 69
11 71
11 73
11 74
11 78
11 81
11 82
11 83
11 85
11 87
11 88
11 89
12 0
12 5
12 6
12 9
12 15
12 16
12 20
12 21
12 23
12 25
12 27
12 33
12 34
12 37
12 38
12 39
12 43
12 46
12 49
12 50
12 54
12 56
12 58
12 63
12 66
12 69
12 70
12 72
12 73
12 74
12 79
12 80
12 81
12 86
12 87
12 89
13 0
13 5
13 8
13 9
13 15
13 17
13 19
13 23
13 30
13 31
13 32
13 37
13 39
13 42
13 47
13 51
13 53
13 54
13 58
13 60
13 61
13 69
13 70
13 73
13 76
13 79
13 84
13 86
13 87
14 2
14 3
14 5
14 6
14 8
14 9
14 10
14 12
14 14
14 15
14 18
14 26
14 30
14 31
14 32
14 34
14 36
14 41
14 42
14 46
14 47
14 49
14 51
14 55
14 56
14 60
14 64
14 65
14 66
14 67
14 73
14 76
14 81
14 84
14 86
14 87
15 0
15 2
15 3
15 4
15 6
15 7
15 11
15 12
15 13
15 14
15 15
15 17
15 18
15 19
15 21
15 24
15 26
15 27
15 29
15 40
15 48
15 51
15 52
15 53
15 54
15 55
15 56
15 59
15 61
15 63
15 65
15 68
15 70
15 71
15 77
15 81
15 87
15 89
16 1
16 6
16 7
16 8
16 9
16 13
16 15
16 18
16 19
16 20
16 21
16 27
16 30
16 32
16 39
16 40
16 43
16 46
16 47
16 48
16 49
16 55
16 58
16 61
16 66
16 67
16 71
16 79
16 80
16 81
16 82
16 83
16 84
16 86
17 1
17 2
17 3
17 9
17 12
17 13
17 14
17 17
17 18
17 19
17 22
17 26
17 30
17 31
17 37
17 40
17 42
17 47
17 48
17 49
17 53
17 56
17 57
17 65
17 69
17 70
17 79
17 81
17 85
17 89
18 1
18 3
18 6
18 7
18 9
18 12
18 15
18 16
18 20
18 23
18 24
18 25
18 27
18 28
18 29
18 34
18 36
18 39
18 40
18 42
18 44
18 46
18 48
18 49
18 56
18 60
18 62
18 65
18 66
18 68
18 70
18 72
18 73
18 77
18 84
18 88
18 89
19 0
19 4
19 5
19 6
19 11
19 15
19 16
19 17
19 21
19 23
19 25
19 26
19 27
19 33
19 34
19 35
19 37
19 40
19 44
19 45
19 46
19 48
19 49
19 51
19 53
19 57
19 58
19 60
19 64
19 65
19 67
19 70
19 72
19 78
19 80
19 82
19 83
19 85
19 87
20 4
20 6
20 7
20 8
20 10
20 12
20 19
20 20
20 21
20 22
20 25
20 26
20 29
20 30
20 33
20 37
20 38
20 41
20 42
20 46
20 48
20 54
20 55
20 57
20 61
20 63
20 64
20 65
20 68
20 70
20 71
20 72
20 74
20 75
20 80
20 82
20 89
21 3
21 4
21 5
21 7
21 10
21 11
21 13
21 14
21 17
21 18
21 19
21 25
21 29
21 30
21 35
21 36
21 38
21 43
21 45
21 46
21 47
21 48
21 49
21 50
21 51
21 52
21 53
21 59
21 60
21 63
21 66
21 67
21 69
21 71
21 74
21 75
21 77
21 79
21 80
21 82
21 83
21 89
22 1
22 3
22 4
22 5
22 8
22 9
22 12
22 16
22 17
22 19
22 20
22 22
22 23
22 29
22 33
22 42
22 46
22 52
22 55
22 56
22 57
22 58
22 59
22 64
22 65
22 70
22 71
22 73
22 74
22 76
22 80
22 81
22 83
22 84
22 89
23 2
23 4
23 6
23 11
23 13
23 14
23 15
23 16
23 18
23 20
23 22
23 26
23 27
23 28
23 29
23 33
23 37
23 38
23 40
23 42
23 44
23 45
23 46
23 48
23 55
23 57
23 58
23 65
23 69
23 70
23 72
23 75
23 77
23 80
23 81
23 84
23 85
23 86
23 88
23 89
24 0
24 1
24 2
24 3
24 7
24 8
24 9
24 13
24 15
24 21
24 23
24 24
24 28
24 30
24 32
24 34
24 36
24 41
24 42
24 43
24 51
24 52
24 53
24 55
24 56
24 58
24 59
24 60
24 61
24 62
24 63
24 64
24 65
24 71
24 75
24 76
24 80
25 4
25 5
25 7
25 9
25 11
25 14
25 15
25 16
25 20
25 21
25 22
25 26
25 27
25 30
25 33
25 35
25 40
25 43
25 44
25 46
25 48
25 49
25 52
25 55
25 57
25 59
25 60
25 63
25 64
25 65
25 69
25 72
25 76
25 77
25 81
25 86
25 88
26 0
26 1
26 2
26 4
26 7
26 9
26 10
26 14
26 15
26 27
26 30
26 31
26 33
26 35
26 36
26 40
26 42
26 46
26 47
26 49
26 51
26 52
26 53
26 54
26 55
26 57
26 58
26 62
26 65
26 66
26 70
26 71
26 75
26 78
26 81
26 84
26 85
26 88
26 89
27 0
27 2
27 4
27 6
27 9
27 16
27 18
27 20
27 22
27 23
27 25
27 29
27 31
27 33
27 34
27 35
27 37
27 43
27 44
27 45
27 47
27 48
27 49
27 54
27 55
27 61
27 62
27 65
27 71
27 72
27 76
27 78
27 81
27 82
27 83
27 84
27 89
28 0
28 3
28 4
28 12
28 13
28 14
28 16
28 19
28 20
28 24
28 26
28 29
28 43
28 46
28 47
28 50
28 51
28 52
28 58
28 63
28 65
28 66
28 67
28 70
28 71
28 73
28 74
28 77
28 79
28 80
28 84
28 85
28 87
28 89
29 3
29 11
29 12
29 18
29 24
29 27
29 28
29 31
29 32
29 39
29 41
29 45
29 48
29 51
29 53
29 56
29 57
29 58
29 60
29 63
29 65
29 70
29 71
29 73
29 74
29 75
29 79
29 80
29 85
29 87
29 89
30 1
30 5
30 6
30 8
30 10
30 12
30 16
30 17
30 18
30 21
30 24
30 26
30 27
30 28
30 34
30 39
30 45
30 46
30 50
30 51
30 54
30 56
30 59
30 60
30 62
30 68
30 70
30 71
30 72
30 75
30 79
30 80
30 82
30 88
30 89
31 3
31 4
31 9
31 14
31 17
31 23
31 26
31 27
31 29
31 35
31 36
31 44
31 50
31 52
31 53
31 55
31 58
31 59
31 60
31 63
31 64
31 65
31 72
31 78
31 83
31 84
32 2
32 3
32 10
32 15
32 24
32 29
32 31
32 32
32 35
32 36
32 38
32 39
32 40
32 42
32 43
32 44
32 45
32 46
32 48
32 51
32 52
32 53
32 54
32 56
32 57
32 62
32 66
32 70
32 71
32 74
32 77
32 82
32 87
32 89
33 0
33 1
33 4
33 6
33 11
33 14
33 15
33 16
33 18
33 20
33 21
33 22
33 24
33 25
33 27
33 30
33 31
33 35
33 38
33 41
33 43
33 44
33 45
33 46
33 48
33 50
33 53
33 54
33 55
33 57
33 69
33 70
33 72
33 75
33 76
33 77
33 85
33 86
34 2
34 3
34 4
34 6
34 8
34 14
34 15
34 18
34 22
34 28
34 30
34 31
34 33
34 36
34 37
34 44
34 46
34 47
34 48
34 50
34 52
34 53
34 55
34 60
34 63
34 66
34 67
34 69
34 70
34 71
34 74
34 75
34 77
34 78
34 79
34 89
35 1
35 4
35 6
35 11
35 12
35 15
35 16
35 17
35 21
35 22
35 23
35 24
35 28
35 29
35 30
35 31
35 33
35 35
35 36
35 37
35 38
35 41
35 43
35 49
35 51
35 55
35 57
35 58
35 59
35 62
35 63
35 64
35 65
35 66
35 69
35 70
35 72
35 73
35 76
35 78
35 80
35 81
35 84
35 85
35 87
35 88
36 2
36 4
36 9
36 14
36 15
36 18
36 19
36 22
36 26
36 27
36 28
36 29
36 30
36 32
36 34
36 35
36 40
36 41
36 42
36 47
36 48
36 54
36 55
36 58
36 67
36 69
36 71
36 76
36 78
36 83
36 86
36 88
36 89
37 6
37 7
37 9
37 12
37 13
37 14
37 15
37 18
37 20
37 24
37 29
37 30
37 36
37 37
37 38
37 42
37 43
37 44
37 47
37 49
37 51
37 52
37 54
37 55
37 57
37 59
37 64
37 69
37 71
37 72
37 74
37 75
37 76
37 77
37 84
37 89
38 2
38 8
38 9
38 10
38 14
38 15
38 23
38 24
38 25
38 26
38 28
38 29
38 30
38 32
38 39
38 41
38 43
38 50
38 52
38 53
38 56
38 59
38 60
38 62
38 63
38 64
38 65
38 67
38 73
38 74
38 75
38 80
38 84
38 86
38 87
39 2
39 4
39 7
39 8
39 10
39 15
39 18
39 20
39 21
39 22
39 24
39 26
39 38
39 40
39 41
39 42
39 43
39 45
39 48
39 50
39 55
39 58
39 59
39 60
39 61
39 64
39 65
39 66
39 68
39 71
39 73
39 74
39 77
39 79
39 80
39 82
39 83
39 85
39 89
40 3
40 5
40 7
40 12
40 13
40 15
40 18
40 20
40 22
40 26
40 30
40 31
40 35
40 37
40 40
40 48
40 51
40 52
40 53
40 54
40 55
40 56
40 57
40 58
40 59
40 60
40 61
40 62
40 64
40 68
40 71
40 72
40 74
40 76
40 79
40 85
40 88
41 3
41 6
41 7
41 9
41 10
41 11
41 13
41 16
41 17
41 19
41 20
41 23
41 25
41 29
41 30
41 34
41 35
41 36
41 44
41 45
41 46
41 51
41 52
41 57
41 59
41 64
41 68
41 69
41 70
41 72
41 73
41 75
41 76
41 77
41 80
41 82
41 84
41 85
41 86
41 87
41 88
42 0
42 3
42 8
42 11
42 21
42 22
42 26
42 30
42 32
42 33
42 34
42 35
42 37
42 39
42 42
42 44
42 47
42 50
42 55
42 59
42 63
42 65
42 68
42 69
42 72
42 77
42 78
42 79
42 85
42 86
43 2
43 3
43 4
43 6
43 13
43 17
43 23
43 29
43 30
43 35
43 37
43 38
43 39
43 40
43 41
43 43
43 44
43 48
43 50
43 51
43 52
43 53
43 56
43 59
43 60
43 63
43 66
43 71
43 73
43 75
43 80
43 84
43 86
43 88
44 0
44 1
44 2
44 5
44 9
44 11
44 14
44 15
44 16
44 17
44 22
44 31
44 36
44 38
44 39
44 40
44 42
44 45
44 53
44 56
44 58
44 59
44 60
44 65
44 66
44 67
44 68
44 70
44 73
44 74
44 78
44 80
44 82
44 83
44 85
44 87
45 3
45 4
45 7
45 8
45 12
45 16
45 17
45 19
45 22
45 26
45 29
45 30
45 31
45 34
45 35
45 36
45 46
45 47
45 49
45 52
45 53
45 56
45 59
45 61
45 62
45 63
45 66
45 68
45 71
45 73
45 75
45 76
45 77
45 82
45 86
45 88
46 0
46 1
46 4
46 6
46 9
46 17
46 18
46 19
46 20
46 21
46 27
46 32
46 45
46 46
46 47
46 48
46 51
46 52
46 61
46 62
46 63
46 64
46 71
46 72
46 73
46 74
46 75
46 78
46 85
46 86
46 88
46 89
47 4
47 7
47 8
47 9
47 12
47 14
47 18
47 21
47 24
47 25
47 27
47 30
47 34
47 35
47 36
47 40
47 43
47 45
47 48
47 49
47 52
47 55
47 59
47 63
47 64
47 68
47 71
47 84
47 88
48 3
48 8
48 14
48 19
48 21
48 22
48 26
48 27
48 32
48 35
48 38
48 39
48 40
48 41
48 44
48 45
48 46
48 51
48 55
48 56
48 58
48 59
48 62
48 65
48 69
48 70
48 71
48 72
48 73
48 76
48 78
48 79
48 84
48 85
49 0
49 2
49 3
49 6
49 7
49 10
49 11
49 14
49 20
49 21
49 25
49 27
49 31
49 37
49 41
49 42
49 44
49 50
49 52
49 53
49 63
49 64
49 66
49 69
49 70
49 71
49 72
49 74
49 76
49 78
49 80
49 81
49 82
49 83
49 84
49 85
49 87
49 89
50 0
50 1
50 6
50 9
50 12
50 13
50 14
50 15
50 16
50 17
50 18
50 22
50 26
50 27
50 30
50 33
50 39
50 43
50 44
50 46
50 49
50 51
50 55
50 58
50 72
50 74
50 80
50 81
50 83
50 88
51 2
51 4
51 6
51 14
51 17
51 18
51 20
51 24
51 25
51 26
51 27
51 28
51 34
51 35
51 36
51 37
51 38
51 39
51 40
51 43
51 48
51 50
51 53
51 57
51 58
51 59
51 61
51 62
51 66
51 68
51 71
51 72
51 78
51 80
51 81
51 82
51 84
51 85
51 86
51 87
52 1
52 2
52 6
52 7
52 8
52 9
52 10
52 16
52 18
52 19
52 25
52 26
52 33
52 37
52 38
52 40
52 41
52 48
52 49
52 52
52 53
52 54
52 55
52 56
52 57
52 59
52 61
52 64
52 66
52 72
52 74
52 75
52 76
52 77
52 79
52 80
52 81
52 82
52 85
52 86
52 89
53 0
53 2
53 3
53 5
53 8
53 13
53 14
53 16
53 22
53 28
53 29
53 32
53 33
53 34
53 35
53 36
53 37
53 45
53 46
53 47
53 62
53 63
53 67
53 68
53 70
53 73
53 74
53 76
53 77
53 81
53 85
53 86
53 89
54 1
54 3
54 4
54 5
54 6
54 7
54 13
54 15
54 16
54 20
54 24
54 25
54 29
54 31
54 34
54 35
54 36
54 41
54 45
54 48
54 49
54 50
54 52
54 56
54 57
54 59
54 60
54 66
54 70
54 76
54 83
54 84
54 87
54 88
55 1
55 3
55 4
55 8
55 12
55 15
55 16
55 17
55 18
55 20
55 22
55 23
55 24
55 26
55 30
55 31
55 32
55 33
55 34
55 36
55 39
55 41
55 43
55 44
55 47
55 48
55 49
55 51
55 52
55 54
55 55
55 56
55 60
55 64
55 65
55 66
55 68
55 70
55 71
55 75
55 77
55 79
55 80
55 82
55 85
55 86
55 89
56 0
56 4
56 5
56 6
56 9
56 12
56 13
56 14
56 16
56 17
56 20
56 21
56 23
56 24
56 30
56 38
56 39
56 44
56 47
56 49
56 50
56 51
56 52
56 54
56 55
56 59
56 62
56 64
56 66
56 70
56 73
56 74
56 78
56 79
56 80
56 82
56 83
56 85
56 87
57 4
57 5
57 7
57 8
57 9
57 10
57 15
57 16
57 19
57 20
57 21
57 22
57 25
57 26
57 28
57 30
57 32
57 39
57 40
57 41
57 44
57 47
57 49
57 50
57 53
57 56
57 57
57 62
57 63
57 67
57 68
57 72
57 76
57 80
57 88
58 0
58 5
58 10
58 11
58 12
58 13
58 16
58 19
58 23
58 25
58 26
58 29
58 31
58 32
58 37
58 41
58 43
58 46
58 49
58 50
58 52
58 55
58 58
58 59
58 68
58 70
58 71
58 75
58 77
58 78
58 79
58 81
58 86
58 89
59 6
59 8
59 13
59 15
59 20
59 23
59 24
59 33
59 34
59 38
59 39
59 42
59 46
59 48
59 49
59 51
59 54
59 57
59 58
59 62
59 63
59 64
59 65
59 69
59 70
59 78
59 79
59 80
59 81
59 82
59 85
60 9
60 13
60 21
60 24
60 28
60 31
60 32
60 39
60 41
60 42
60 43
60 45
60 46
60 50
60 52
60 54
60 55
60 56
60 69
60 70
60 72
60 81
60 83
60 85
60 86
60 87
60 89
61 3
61 5
61 6
61 7
61 10
61 15
61 17
61 19
61 23
61 24
61 26
61 30
61 33
61 34
61 40
61 41
61 43
61 48
61 52
61 53
61 55
61 57
61 61
61 63
61 64
61 68
61 69
61 71
61 72
61 78
61 81
61 82
61 83
61 85
61 86
61 88
62 0
62 1
62 2
62 3
62 6
62 8
62 10
62 12
62 13
62 14
62 16
62 18
62 20
62 21
62 23
62 30
62 32
62 35
62 36
62 37
62 40
62 51
62 54
62 55
62 60
62 61
62 66
62 67
62 68
62 72
62 77
62 80
62 83
62 84
62 87
63 6
63 15
63 16
63 17
63 18
63 19
63 23
63 26
63 29
63 31
63 34
63 37
63 40
63 44
63 46
63 48
63 49
63 50
63 53
63 55
63 56
63 59
63 69
63 71
63 72
63 73
63 83
64 1
64 4
64 5
64 6
64 9
64 10
64 13
64 16
64 19
64 25
64 27
64 28
64 29
64 31
64 32
64 34
64 35
64 37
64 38
64 39
64 40
64 41
64 47
64 48
64 49
64 59
64 61
64 64
64 66
64 68
64 71
64 74
64 79
64 85
64 87
64 89
65 1
65 6
65 7
65 10
65 11
65 12
65 14
65 16
65 17
65 19
65 22
65 28
65 31
65 32
65 33
65 35
65 37
65 42
65 43
65 44
65 46
65 47
65 48
65 49
65 50
65 60
65 61
65 62
65 64
65 70
65 71
65 72
65 73
65 76
65 78
65 79
65 81
65 82
65 83
65 85
65 86
65 88
66 4
66 6
66 7
66 8
66 11
66 13
66 14
66 15
66 18
66 19
66 20
66 25
66 27
66 29
66 30
66 31
66 32
66 34
66 35
66 36
66 37
66 43
66 44
66 52
66 54
66 61
66 62
66 67
66 68
66 69
66 70
66 78
66 80
66 82
66 83
66 84
66 87
66 88
67 1
67 3
67 4
67 5
67 7
67 9
67 12
67 13
67 18
67 22
67 24
67 25
67 32
67 36
67 43
67 44
67 45
67 47
67 48
67 54
67 56
67 59
67 61
67 62
67 64
67 73
67 74
67 76
67 79
67 81
67 85
67 88
68 6
68 7
68 8
68 9
68 11
68 15
68 21
68 22
68 24
68 26
68 27
68 29
68 31
68 35
68 37
68 38
68 40
68 41
68 44
68 47
68 49
68 51
68 54
68 55
68 57
68 58
68 59
68 61
68 62
68 66
68 68
68 69
68 70
68 74
68 76
68 80
68 81
68 83
69 3
69 5
69 9
69 12
69 13
69 16
69 17
69 18
69 20
69 24
69 30
69 32
69 36
69 40
69 41
69 45
69 49
69 53
69 60
69 65
69 66
69 68
69 70
69 72
69 74
69 77
69 78
69 79
69 82
69 86
69 88
70 0
70 1
70 7
70 8
70 18
70 20
70 23
70 27
70 28
70 30
70 31
70 32
70 33
70 34
70 37
70 38
70 42
70 44
70 45
70 48
70 51
70 58
70 59
70 67
70 71
70 73
70 75
70 76
70 82
70 88
70 89
71 0
71 2
71 7
71 9
71 10
71 13
71 16
71 17
71 20
71 21
71 25
71 26
71 28
71 31
71 34
71 35
71 37
71 38
71 41
71 42
71 45
71 46
71 49
71 50
71 55
71 56
71 58
71 62
71 63
71 67
71 69
71 76
71 77
71 80
71 81
71 82
71 85
72 0
72 1
72 5
72 7
72 8
72 12
72 13
72 14
72 17
72 18
72 21
72 24
72 25
72 27
72 29
72 31
72 33
72 36
72 38
72 40
72 44
72 46
72 47
72 58
72 59
72 60
72 61
72 64
72 67
72 68
72 69
72 70
72 71
72 72
72 74
72 76
72 79
72 81
72 88
72 89
73 0
73 1
73 4
73 6
73 9
73 12
73 13
73 14
73 15
73 17
73 24
73 25
73 26
73 28
73 33
73 38
73 39
73 41
73 48
73 54
73 55
73 56
73 58
73 63
73 68
73 72
73 73
73 74
73 76
73 77
73 79
73 80
73 82
73 83
73 84
73 85
73 88
74 0
74 4
74 9
74 14
74 18
74 20
74 23
74 25
74 26
74 31
74 34
74 35
74 39
74 41
74 44
74 45
74 48
74 50
74 54
74 59
74 62
74 64
74 68
74 70
74 71
74 73
74 78
74 81
74 82
74 85
74 87
74 88
74 89
75 0
75 1
75 2
75 4
75 8
75 9
75 11
75 12
75 14
75 15
75 17
75 23
75 24
75 30
75 32
75 33
75 36
75 41
75 43
75 47
75 51
75 52
75 53
75 57
75 60
75 63
75 66
75 67
75 68
75 69
75 70
75 73
75 75
75 76
75 77
75 79
75 80
75 82
75 84
75 85
75 87
75 89
76 2
76 6
76 10
76 18
76 19
76 22
76 23
76 24
76 25
76 30
76 32
76 38
76 39
76 47
76 53
76 54
76 56
76 57
76 59
76 60
76 63
76 66
76 67
76 68
76 71
76 74
76 78
76 83
76 86
76 88
77 1
77 2
77 5
77 7
77 10
77 11
77 14
77 19
77 20
77 21
77 23
77 27
77 35
77 36
77 37
77 38
77 41
77 42
77 43
77 48
77 50
77 54
77 56
77 57
77 59
77 61
77 62
77 63
77 66
77 69
77 73
77 75
77 80
77 81
77 82
77 85
77 87
77 88
78 0
78 9
78 10
78 12
78 13
78 14
78 16
78 18
78 21
78 25
78 28
78 29
78 31
78 34
78 37
78 42
78 43
78 44
78 51
78 54
78 56
78 63
78 67
78 68
78 69
78 73
78 75
78 76
78 79
78 81
78 83
78 87
78 89
79 1
79 2
79 4
79 5
79 6
79 7
79 8
79 10
79 11
79 15
79 16
79 21
79 26
79 29
79 30
79 31
79 35
79 49
79 50
79 51
79 54
79 55
79 58
79 63
79 64
79 70
79 72
79 73
79 76
79 80
79 81
79 84
79 86
79 89
80 0
80 1
80 5
80 8
80 9
80 14
80 17
80 22
80 23
80 26
80 38
80 40
80 41
80 44
80 53
80 54
80 58
80 62
80 63
80 64
80 67
80 69
80 71
80 74
80 76
80 78
80 83
80 85
80 89
81 2
81 3
81 4
81 5
81 7
81 10
81 19
81 21
81 22
81 25
81 26
81 27
81 30
81 33
81 38
81 43
81 44
81 49
81 50
81 51
81 52
81 53
81 56
81 57
81 62
81 63
81 65
81 66
81 70
81 71
81 72
81 74
81 75
81 76
81 78
81 79
81 81
81 82
81 84
81 86
81 88
82 4
82 5
82 9
82 11
82 12
82 14
82 17
82 18
82 22
82 23
82 26
82 28
82 29
82 30
82 32
82 34
82 36
82 37
82 39
82 44
82 46
82 47
82 48
82 49
82 51
82 52
82 53
82 57
82 58
82 59
82 60
82 63
82 64
82 67
82 69
82 70
82 74
82 75
82 78
82 80
82 82
82 85
82 88
82 89
83 1
83 2
83 3
83 6
83 8
83 19
83 21
83 24
83 31
83 32
83 33
83 37
83 38
83 40
83 46
83 48
83 49
83 51
83 52
83 54
83 58
83 61
83 66
83 71
83 73
83 75
83 77
83 81
83 83
83 84
84 0
84 1
84 3
84 5
84 7
84 9
84 11
84 12
84 13
84 17
84 20
84 24
84 26
84 31
84 32
84 37
84 38
84 40
84 41
84 44
84 47
84 48
84 55
84 57
84 60
84 64
84 68
84 70
84 73
84 75
84 78
84 83
84 88
84 89
85 0
85 1
85 3
85 7
85 16
85 21
85 22
85 26
85 27
85 28
85 30
85 32
85 34
85 35
85 36
85 40
85 41
85 47
85 50
85 51
85 52
85 57
85 58
85 59
85 60
85 62
85 65
85 71
85 72
85 76
85 80
85 82
85 84
85 87
85 88
85 89
86 0
86 7
86 8
86 10
86 12
86 13
86 17
86 18
86 20
86 21
86 22
86 23
86 24
86 30
86 31
86 32
86 35
86 38
86 41
86 43
86 45
86 46
86 47
86 48
86 49
86 50
86 52
86 53
86 58
86 60
86 65
86 66
86 68
86 75
86 76
86 77
86 82
86 84
86 86
86 87
86 88
86 89
87 6
87 11
87 12
87 14
87 15
87 17
87 18
87 19
87 23
87 28
87 33
87 37
87 42
87 46
87 55
87 56
87 58
87 62
87 63
87 64
87 67
87 69
87 71
87 72
87 75
87 76
87 77
87 79
87 82
87 83
87 89
88 2
88 3
88 6
88 7
88 8
88 9
88 17
88 21
88 23
88 25
88 29
88 30
88 33
88 35
88 36
88 37
88 39
88 40
88 43
88 45
88 47
88 51
88 56
88 57
88 58
88 59
88 61
88 64
88 65
88 66
88 68
88 73
88 76
88 80
88 82
88 88
89 12
89 13
89 16
89 18
89 21
89 22
89 26
89 27
89 30
89 37
89 38
89 39
89 40
89 41
89 42
89 50
89 53
89 54
89 59
89 63
89 66
89 69
89 71
89 73
89 74
89 75
89 76
89 80
89 81
89 83
89 89
