110
4796
0 1
0 2
0 3
0 4
0 7
0 9
0 12
0 13
0 14
0 15
0 17
0 18
0 28
0 31
0 33
0 38
0 40
0 41
0 42
0 43
0 44
0 47
0 56
0 57
0 61
0 63
0 66
0 68
0 71
0 73
0 74
0 79
0 82
0 84
0 89
0 90
0 92
0 99
0 104
0 105
0 108
1 6
1 7
1 8
1 12
1 13
1 16
1 18
1 25
1 30
1 33
1 37
1 39
1 40
1 47
1 50
1 52
1 54
1 55
1 56
1 57
1 58
1 60
1 63
1 65
1 70
1 71
1 76
1 77
1 82
1 85
1 88
1 90
1 91
1 93
1 96
1 98
1 99
1 100
1 103
1 105
1 106
1 108
2 3
2 7
2 10
2 11
2 12
2 14
2 22
2 23
2 26
2 28
2 29
2 31
2 34
2 38
2 39
2 41
2 44
2 46
2 54
2 58
2 64
2 73
2 75
2 82
2 87
2 89
2 93
2 98
2 99
2 104
2 106
2 107
2 108
3 0
3 1
3 2
3 3
3 6
3 7
3 9
3 11
3 15
3 17
3 20
3 26
3 27
3 29
3 31
3 35
3 38
3 43
3 45
3 46
3 50
3 52
3 53
3 56
3 60
3 61
3 64
3 66
3 67
3 70
3 76
3 77
3 78
3 81
3 84
3 85
3 88
3 90
3 93
3 94
3 97
3 99
3 101
3 104
3 106
3 108
4 8
4 10
4 15
4 16
4 18
4 20
4 23
4 27
4 32
4 33
4 35
4 36
4 37
4 39
4 41
4 43
4 45
4 50
4 53
4 55
4 57
4 60
4 61
4 62
4 63
4 66
4 68
4 71
4 73
4 75
4 80
4 81
4 83
4 85
4 87
4 90
4 92
4 93
4 94
4 96
4 98
4 99
4 100
4 101
4 102
4 104
4 105
5 3
5 7
5 8
5 9
5 11
5 14
5 16
5 17
5 19
5 25
5 26
5 28
5 30
5 36
5 37
5 39
5 40
5 44
5 47
5 48
5 50
5 56
5 59
5 60
5 63
5 65
5 70
5 72
5 73
5 78
5 81
5 82
5 84
5 86
5 87
5 88
5 90
5 94
5 96
5 97
5 99
5 100
5 108
6 0
6 1
6 5
6 8
6 11
6 12
6 18
6 19
6 26
6 27
6 28
6 29
6 31
6 33
6 37
6 38
6 39
6 41
6 42
6 52
6 56
6 58
6 59
6 60
6 62
6 64
6 67
6 69
6 73
6 74
6 77
6 78
6 82
6 83
6 84
6 85
6 86
6 87
6 90
6 93
6 94
6 96
6 98
6 104
7 0
7 3
7 4
7 10
7 11
7 12
7 15
7 17
7 21
7 23
7 24
7 25
7 26
7 27
7 29
7 31
7 32
7 35
7 36
7 37
7 39
7 40
7 41
7 44
7 47
7 48
7 62
7 63
7 64
7 65
7 73
7 74
7 75
7 78
7 81
7 82
7 83
7 84
7 87
7 88
7 89
7 90
7 92
7 95
7 96
7 98
7 100
7 103
7 105
7 106
8 3
8 7
8 9
8 11
8 16
8 21
8 22
8 26
8 28
8 29
8 30
8 32
8 36
8 42
8 44
8 48
8 49
8 50
8 53
8 54
8 56
8 57
8 58
8 62
8 63
8 64
8 70
8 72
8 74
8 77
8 83
8 85
8 88
8 91
8 94
8 95
8 98
8 106
8 107
8 109
9 0
9 1
9 3
9 6
9 9
9 10
9 11
9 16
9 18
9 19
9 28
9 31
9 39
9 42
9 45
9 48
9 52
9 53
9 54
9 60
9 69
9 70
9 71
9 74
9 75
9 77
9 78
9 79
9 81
9 82
9 87
9 89
9 90
9 92
9 93
9 94
9 96
9 98
9 104
9 105
9 107
10 0
10 1
10 2
10 7
10 8
10 10
10 12
10 15
10 18
10 19
10 21
10 24
10 25
10 28
10 29
10 34
10 35
10 40
10 42
10 43
10 49
10 50
10 52
10 55
10 56
10 58
10 61
10 63
10 64
10 67
10 68
10 73
10 74
10 77
10 79
10 80
10 81
10 83
10 84
10 85
10 86
10 89
10 91
10 92
10 94
10 96
10 97
10 102
10 103
10 104
10 105
10 107
10 108
10 109
11 4
11 6
11 7
11 13
11 14
11 16
11 18
11 20
11 23
11 25
11 33
11 34
11 35
11 38
11 43
11 44
11 49
11 50
11 52
11 54
11 55
11 58
11 62
11 63
11 64
11 70
11 72
11 74
11 75
11 79
11 82
11 83
11 92
11 93
11 95
11 99
11 100
11 103
11 105
11 109
12 0
12 4
12 8
12 13
12 14
12 15
12 16
12 17
12 18
12 23
12 27
12 33
12 35
12 36
12 37
12 38
12 40
12 44
12 46
12 54
12 55
12 60
12 63
12 65
12 68
12 70
12 71
12 73
12 74
12 76
12 77
12 81
12 83
12 85
12 86
12 88
12 89
12 92
12 93
12 94
12 98
12 100
12 101
12 106
12 109
13 2
13 4
13 5
13 7
13 9
13 10
13 13
13 15
13 16
13 17
13 18
13 19
13 22
13 23
13 24
13 26
13 27
13 28
13 31
13 32
13 34
13 35
13 38
13 39
13 40
13 42
13 43
13 44
13 46
13 47
13 50
13 57
13 60
13 61
13 62
13 70
13 71
13 73
13 75
13 79
13 80
13 81
13 88
13 93
13 95
13 96
13 104
13 105
13 108
14 3
14 6
14 7
14 8
14 11
14 15
14 22
14 23
14 26
14 27
14 28
14 29
14 31
14 32
14 37
14 43
14 45
14 51
14 52
14 55
14 56
14 59
14 60
14 63
14 66
14 70
14 73
14 75
14 79
14 83
14 84
14 85
14 86
14 89
14 91
14 92
14 94
14 96
14 98
14 99
14 101
14 106
14 107
14 108
14 109
15 0
15 3
15 6
15 7
15 9
15 10
15 12
15 13
15 17
15 18
15 20
15 22
15 24
15 26
15 27
15 29
15 30
15 33
15 35
15 37
15 38
15 40
15 44
15 45
15 47
15 49
15 50
15 51
15 52
15 56
15 58
15 61
15 62
15 65
15 70
15 71
15 74
15 75
15 77
15 79
15 80
15 82
15 86
15 93
15 100
15 101
15 103
15 107
15 108
16 0
16 1
16 2
16 3
16 4
16 5
16 10
16 12
16 15
16 16
16 18
16 19
16 21
16 26
16 27
16 31
16 32
16 36
16 37
16 38
16 39
16 40
16 41
16 42
16 46
16 50
16 51
16 53
16 61
16 62
16 66
16 68
16 71
16 73
16 74
16 78
16 79
16 80
16 83
16 86
16 89
16 90
16 96
16 99
16 100
16 101
16 102
16 104
16 107
17 0
17 1
17 3
17 7
17 8
17 12
17 13
17 14
17 21
17 26
17 27
17 28
17 30
17 31
17 32
17 33
17 34
17 37
17 39
17 45
17 47
17 50
17 52
17 53
17 56
17 57
17 59
17 62
17 64
17 66
17 68
17 69
17 72
17 79
17 80
17 82
17 85
17 94
17 98
17 99
17 101
17 103
17 104
17 106
18 1
18 6
18 9
18 10
18 12
18 13
18 15
18 21
18 22
18 26
18 36
18 37
18 40
18 42
18 46
18 50
18 51
18 52
18 59
18 62
18 63
18 64
18 66
18 68
18 72
18 73
18 74
18 77
18 78
18 85
18 90
18 91
18 93
18 97
18 105
18 106
19 4
19 8
19 15
19 18
19 22
19 25
19 27
19 28
19 35
19 36
19 38
19 44
19 45
19 47
19 51
19 53
19 57
19 59
19 60
19 61
19 63
19 66
19 67
19 68
19 74
19 78
19 81
19 82
19 83
19 86
19 92
19 94
19 98
19 103
19 105
19 107
20 2
20 3
20 9
20 12
20 14
20 15
20 17
20 18
20 19
20 22
20 23
20 24
20 25
20 26
20 27
20 30
20 31
20 34
20 38
20 40
20 42
20 45
20 46
20 47
20 56
20 57
20 59
20 61
20 63
20 64
20 65
20 66
20 71
20 76
20 77
20 80
20 84
20 85
20 86
20 90
20 92
20 94
20 96
20 100
20 101
20 102
20 104
20 106
21 0
21 1
21 3
21 5
21 6
21 11
21 12
21 14
21 15
21 16
21 23
21 24
21 25
21 30
21 38
21 40
21 41
21 42
21 43
21 44
21 48
21 50
21 51
21 53
21 54
21 55
21 60
21 62
21 71
21 74
21 75
21 76
21 80
21 81
21 83
21 89
21 90
21 94
21 95
21 104
21 106
22 4
22 8
22 9
22 11
22 15
22 18
22 20
22 21
22 22
22 23
22 25
22 33
22 34
22 35
22 36
22 39
22 42
22 43
22 44
22 47
22 48
22 53
22 55
22 59
22 62
22 65
22 67
22 71
22 73
22 76
22 82
22 83
22 84
22 87
22 91
22 92
22 94
22 98
22 99
22 101
22 109
23 2
23 3
23 7
23 11
23 14
23 17
23 18
23 22
23 24
23 25
23 26
23 29
23 30
23 34
23 37
23 38
23 39
23 42
23 44
23 47
23 49
23 50
23 51
23 60
23 62
23 64
23 66
23 68
23 69
23 71
23 74
23 78
23 79
23 80
23 81
23 86
23 94
23 95
23 102
23 103
23 108
24 4
24 5
24 6
24 9
24 11
24 16
24 18
24 22
24 23
24 24
24 26
24 31
24 33
24 34
24 38
24 39
24 41
24 42
24 44
24 46
24 47
24 48
24 51
24 52
24 59
24 68
24 70
24 72
24 73
24 75
24 78
24 80
24 85
24 86
24 90
24 91
24 92
24 93
24 97
24 102
24 103
24 105
24 106
24 109
25 3
25 4
25 6
25 8
25 11
25 18
25 24
25 28
25 30
25 33
25 36
25 38
25 39
25 43
25 44
25 48
25 49
25 50
25 52
25 53
25 54
25 55
25 58
25 59
25 61
25 62
25 63
25 66
25 67
25 68
25 71
25 76
25 78
25 80
25 81
25 83
25 87
25 88
25 89
25 93
25 96
25 97
25 98
25 99
25 103
25 105
25 106
25 108
26 2
26 3
26 11
26 12
26 13
26 15
26 16
26 18
26 23
26 26
26 28
26 30
26 31
26 35
26 36
26 38
26 42
26 43
26 47
26 49
26 50
26 51
26 54
26 55
26 56
26 62
26 63
26 64
26 66
26 70
26 71
26 75
26 79
26 81
26 82
26 84
26 85
26 86
26 91
26 94
26 96
26 100
26 102
26 103
26 104
26 106
26 107
26 109
27 1
27 2
27 5
27 7
27 11
27 14
27 17
27 18
27 22
27 23
27 26
27 30
27 38
27 43
27 44
27 46
27 48
27 50
27 51
27 52
27 60
27 61
27 64
27 65
27 69
27 70
27 78
27 79
27 82
27 83
27 86
27 88
27 90
27 93
27 94
27 98
27 99
27 101
27 103
27 105
27 106
27 109
28 1
28 2
28 3
28 4
28 5
28 7
28 10
28 11
28 13
28 16
28 17
28 23
28 24
28 28
28 30
28 31
28 32
28 34
28 35
28 37
28 40
28 42
28 43
28 44
28 46
28 47
28 48
28 49
28 51
28 53
28 54
28 62
28 63
28 66
28 67
28 68
28 69
28 71
28 78
28 80
28 83
28 85
28 86
28 87
28 89
28 92
28 93
28 94
28 95
28 96
28 97
28 102
28 103
28 105
28 106
28 107
29 0
29 2
29 3
29 8
29 14
29 15
29 16
29 22
29 24
29 30
29 33
29 34
29 35
29 37
29 39
29 41
29 42
29 45
29 49
29 51
29 56
29 58
29 61
29 62
29 69
29 71
29 73
29 77
29 79
29 80
29 85
29 86
29 90
29 92
29 93
29 97
29 99
29 100
29 106
29 107
30 0
30 1
30 2
30 3
30 4
30 6
30 8
30 9
30 10
30 15
30 17
30 20
30 21
30 22
30 23
30 25
30 27
30 29
30 35
30 37
30 39
30 41
30 42
30 43
30 44
30 45
30 46
30 47
30 48
30 49
30 51
30 55
30 57
30 60
30 63
30 64
30 69
30 70
30 73
30 74
30 76
30 80
30 82
30 83
30 84
30 88
30 92
30 99
30 100
30 103
30 108
31 1
31 2
31 6
31 9
31 13
31 17
31 19
31 23
31 24
31 25
31 26
31 28
31 29
31 30
31 33
31 37
31 39
31 44
31 47
31 50
31 51
31 55
31 59
31 63
31 65
31 66
31 67
31 72
31 73
31 77
31 78
31 79
31 80
31 83
31 86
31 87
31 89
31 92
31 98
31 105
31 107
31 108
32 2
32 6
32 11
32 14
32 16
32 18
32 19
32 21
32 22
32 23
32 26
32 28
32 29
32 32
32 33
32 35
32 41
32 42
32 45
32 46
32 49
32 50
32 53
32 56
32 64
32 65
32 67
32 69
32 71
32 72
32 73
32 76
32 79
32 81
32 82
32 85
32 86
32 89
32 91
32 101
32 103
32 104
32 105
32 106
32 107
32 109
33 5
33 7
33 13
33 14
33 22
33 23
33 24
33 26
33 30
33 31
33 33
33 34
33 36
33 37
33 40
33 42
33 44
33 46
33 49
33 52
33 59
33 62
33 67
33 68
33 69
33 71
33 72
33 73
33 77
33 78
33 81
33 84
33 86
33 87
33 88
33 92
33 94
33 95
33 96
33 99
33 103
33 106
33 108
33 109
34 1
34 5
34 6
34 7
34 10
34 11
34 14
34 15
34 16
34 23
34 24
34 29
34 31
34 35
34 37
34 39
34 40
34 44
34 46
34 47
34 48
34 50
34 51
34 56
34 57
34 58
34 59
34 60
34 63
34 64
34 65
34 66
34 68
34 69
34 70
34 72
34 74
34 76
34 79
34 80
34 82
34 84
34 85
34 88
34 95
34 96
34 108
35 6
35 7
35 8
35 9
35 12
35 14
35 23
35 24
35 26
35 27
35 28
35 30
35 31
35 32
35 37
35 40
35 42
35 49
35 50
35 53
35 54
35 60
35 62
35 66
35 67
35 69
35 70
35 73
35 74
35 76
35 78
35 79
35 81
35 84
35 85
35 86
35 87
35 90
35 93
35 94
35 95
35 96
35 99
35 102
35 103
35 104
36 0
36 4
36 5
36 6
36 7
36 8
36 10
36 17
36 20
36 21
36 25
36 28
36 31
36 32
36 34
36 39
36 40
36 43
36 44
36 47
36 49
36 50
36 54
36 58
36 59
36 60
36 62
36 63
36 64
36 65
36 70
36 72
36 78
36 81
36 83
36 86
36 87
36 89
36 94
36 95
36 98
36 100
36 101
36 102
36 103
36 104
36 106
37 0
37 1
37 8
37 11
37 16
37 27
37 30
37 38
37 42
37 43
37 44
37 45
37 49
37 53
37 56
37 57
37 59
37 61
37 64
37 65
37 66
37 68
37 69
37 71
37 73
37 76
37 83
37 92
37 93
37 98
37 99
37 100
37 101
37 104
37 109
38 2
38 5
38 14
38 18
38 21
38 22
38 26
38 27
38 30
38 34
38 35
38 37
38 38
38 40
38 43
38 44
38 47
38 48
38 50
38 52
38 53
38 56
38 58
38 61
38 62
38 63
38 64
38 69
38 72
38 74
38 76
38 79
38 84
38 85
38 86
38 87
38 88
38 89
38 91
38 95
38 99
38 103
38 104
38 109
39 0
39 4
39 5
39 10
39 12
39 13
39 17
39 21
39 22
39 24
39 26
39 35
39 38
39 40
39 42
39 45
39 47
39 54
39 59
39 66
39 67
39 68
39 71
39 74
39 84
39 85
39 86
39 93
39 95
39 96
39 98
39 100
39 101
39 103
39 109
40 1
40 2
40 4
40 7
40 11
40 13
40 16
40 17
40 23
40 24
40 27
40 31
40 33
40 35
40 37
40 39
40 41
40 42
40 43
40 44
40 50
40 52
40 53
40 55
40 58
40 59
40 60
40 64
40 70
40 73
40 74
40 75
40 79
40 82
40 88
40 91
40 99
40 103
40 105
40 106
40 107
41 0
41 1
41 2
41 7
41 8
41 10
41 13
41 17
41 19
41 20
41 23
41 25
41 28
41 30
41 33
41 34
41 35
41 39
41 42
41 43
41 44
41 45
41 48
41 51
41 52
41 53
41 55
41 56
41 57
41 58
41 59
41 61
41 62
41 63
41 64
41 65
41 70
41 71
41 73
41 75
41 76
41 77
41 80
41 83
41 85
41 86
41 95
41 104
41 106
41 108
42 1
42 2
42 3
42 4
42 8
42 9
42 10
42 13
42 15
42 18
42 20
42 22
42 24
42 25
42 26
42 27
42 28
42 29
42 30
42 31
42 38
42 42
42 44
42 46
42 47
42 48
42 50
42 51
42 53
42 54
42 57
42 59
42 60
42 62
42 66
42 67
42 68
42 69
42 70
42 74
42 75
42 76
42 78
42 79
42 80
42 81
42 83
42 84
42 86
42 87
42 94
42 98
42 99
42 106
42 107
43 2
43 3
43 4
43 6
43 7
43 9
43 14
43 19
43 22
43 24
43 27
43 30
43 32
43 34
43 39
43 41
43 52
43 53
43 54
43 55
43 56
43 57
43 60
43 62
43 63
43 64
43 65
43 66
43 68
43 70
43 71
43 73
43 74
43 76
43 78
43 84
43 91
43 92
43 95
43 96
43 98
43 100
43 102
43 104
43 107
44 5
44 7
44 9
44 12
44 13
44 16
44 18
44 22
44 23
44 25
44 26
44 34
44 36
44 40
44 41
44 43
44 48
44 49
44 53
44 54
44 60
44 61
44 62
44 63
44 69
44 70
44 71
44 74
44 78
44 82
44 87
44 89
44 91
44 94
44 98
44 103
44 104
44 109
45 0
45 3
45 4
45 8
45 9
45 14
45 15
45 17
45 18
45 23
45 27
45 30
45 32
45 34
45 41
45 42
45 44
45 48
45 49
45 50
45 52
45 59
45 60
45 64
45 65
45 67
45 69
45 70
45 72
45 74
45 75
45 78
45 79
45 83
45 86
45 89
45 91
45 94
45 97
45 98
45 99
45 103
45 105
45 107
45 108
46 9
46 10
46 12
46 13
46 14
46 16
46 21
46 22
46 24
46 29
46 31
46 33
46 35
46 36
46 37
46 38
46 48
46 51
46 54
46 59
46 63
46 67
46 68
46 69
46 71
46 72
46 74
46 80
46 81
46 86
46 91
46 95
46 96
46 97
46 99
46 103
46 104
46 106
47 2
47 3
47 11
47 13
47 18
47 23
47 29
47 30
47 33
47 35
47 36
47 39
47 40
47 46
47 47
47 48
47 49
47 56
47 57
47 59
47 61
47 63
47 64
47 65
47 66
47 72
47 75
47 78
47 80
47 83
47 84
47 90
47 91
47 93
47 96
47 98
47 100
47 102
47 103
47 104
47 105
47 109
48 5
48 7
48 14
48 23
48 25
48 29
48 32
48 34
48 36
48 39
48 42
48 43
48 48
48 50
48 51
48 56
48 59
48 61
48 63
48 69
48 71
48 75
48 81
48 82
48 85
48 88
48 89
48 91
48 94
48 98
48 101
48 102
48 103
48 106
48 108
49 7
49 9
49 11
49 12
49 18
49 20
49 21
49 27
49 28
49 29
49 30
49 33
49 34
49 35
49 36
49 37
49 38
49 45
49 49
49 51
49 54
49 57
49 62
49 67
49 71
49 73
49 75
49 77
49 78
49 80
49 92
49 97
49 98
49 99
49 101
50 2
50 4
50 6
50 7
50 12
50 14
50 16
50 18
50 22
50 26
50 34
50 35
50 36
50 37
50 38
50 41
50 43
50 46
50 47
50 48
50 51
50 58
50 59
50 60
50 65
50 70
50 71
50 79
50 82
50 86
50 88
50 89
50 90
50 91
50 95
50 96
50 100
50 101
50 102
50 105
50 109
51 0
51 3
51 4
51 6
51 9
51 14
51 15
51 17
51 21
51 25
51 27
51 28
51 29
51 31
51 33
51 34
51 35
51 37
51 38
51 39
51 41
51 45
51 48
51 50
51 52
51 53
51 56
51 57
51 58
51 62
51 63
51 65
51 70
51 73
51 77
51 79
51 81
51 87
51 91
51 93
51 95
51 99
51 101
51 102
51 103
51 104
51 105
51 106
52 2
52 17
52 18
52 20
52 21
52 24
52 25
52 28
52 31
52 35
52 37
52 41
52 45
52 47
52 48
52 52
52 54
52 55
52 57
52 60
52 63
52 65
52 66
52 67
52 68
52 70
52 73
52 78
52 80
52 82
52 85
52 86
52 88
52 89
52 90
52 91
52 98
52 99
52 100
52 102
52 103
52 104
52 105
52 106
52 107
52 108
52 109
53 0
53 3
53 4
53 5
53 8
53 13
53 16
53 17
53 18
53 22
53 23
53 28
53 30
53 32
53 35
53 39
53 42
53 44
53 49
53 52
53 53
53 62
53 64
53 69
53 73
53 92
53 102
53 103
53 104
53 106
53 107
54 2
54 3
54 5
54 7
54 9
54 11
54 13
54 14
54 15
54 16
54 20
54 21
54 24
54 25
54 30
54 31
54 39
54 42
54 44
54 50
54 51
54 52
54 53
54 54
54 55
54 58
54 60
54 63
54 67
54 69
54 70
54 71
54 73
54 77
54 81
54 82
54 86
54 90
54 91
54 92
54 93
54 97
54 98
54 101
54 103
54 107
55 2
55 3
55 4
55 10
55 11
55 12
55 13
55 14
55 15
55 17
55 19
55 20
55 22
55 23
55 28
55 29
55 30
55 32
55 34
55 35
55 38
55 40
55 44
55 49
55 54
55 55
55 56
55 59
55 60
55 61
55 65
55 67
55 68
55 72
55 78
55 79
55 83
55 84
55 86
55 88
55 92
55 93
55 94
55 95
55 98
55 105
55 108
56 2
56 3
56 4
56 5
56 6
56 7
56 8
56 12
56 18
56 19
56 21
56 25
56 27
56 29
56 31
56 32
56 35
56 36
56 37
56 39
56 41
56 42
56 44
56 46
56 50
56 52
56 55
56 56
56 61
56 62
56 63
56 68
56 69
56 75
56 76
56 80
56 81
56 92
56 95
56 103
56 106
57 0
57 1
57 3
57 9
57 15
57 20
57 28
57 30
57 31
57 32
57 37
57 39
57 40
57 42
57 45
57 46
57 50
57 52
57 54
57 55
57 58
57 60
57 61
57 62
57 63
57 64
57 65
57 66
57 68
57 73
57 74
57 78
57 83
57 84
57 87
57 89
57 93
57 96
57 101
57 102
57 105
57 106
57 108
58 0
58 2
58 4
58 5
58 6
58 7
58 12
58 17
58 18
58 21
58 22
58 36
58 39
58 42
58 43
58 44
58 47
58 48
58 50
58 51
58 54
58 56
58 64
58 66
58 67
58 68
58 70
58 75
58 78
58 80
58 82
58 90
58 91
58 95
58 96
58 97
58 100
58 102
58 104
58 106
58 108
59 2
59 3
59 5
59 6
59 14
59 17
59 20
59 25
59 27
59 30
59 31
59 32
59 33
59 34
59 36
59 43
59 44
59 46
59 47
59 48
59 52
59 54
59 57
59 58
59 60
59 64
59 65
59 68
59 69
59 70
59 71
59 76
59 77
59 78
59 79
59 82
59 85
59 86
59 92
59 94
59 95
59 96
59 97
59 100
59 101
59 105
59 106
59 109
60 0
60 2
60 3
60 9
60 11
60 14
60 19
60 24
60 26
60 27
60 29
60 30
60 32
60 33
60 34
60 35
60 37
60 38
60 43
60 47
60 49
60 50
60 51
60 54
60 55
60 58
60 61
60 63
60 64
60 65
60 70
60 73
60 78
60 79
60 81
60 83
60 85
60 87
60 88
60 90
60 91
60 92
60 93
60 96
60 99
60 100
60 101
60 108
60 109
61 2
61 4
61 6
61 7
61 11
61 15
61 19
61 27
61 28
61 30
61 34
61 36
61 41
61 45
61 46
61 48
61 49
61 50
61 51
61 55
61 59
61 63
61 65
61 66
61 68
61 70
61 75
61 76
61 77
61 78
61 79
61 80
61 82
61 84
61 86
61 91
61 95
61 103
61 106
61 109
62 5
62 6
62 8
62 9
62 10
62 11
62 13
62 16
62 17
62 19
62 24
62 27
62 30
62 31
62 33
62 34
62 35
62 36
62 37
62 38
62 40
62 41
62 42
62 44
62 47
62 49
62 50
62 52
62 56
62 59
62 61
62 64
62 66
62 69
62 72
62 73
62 77
62 78
62 81
62 82
62 86
62 87
62 90
62 94
62 97
62 98
62 99
62 100
62 101
62 102
62 103
63 0
63 1
63 3
63 10
63 11
63 13
63 17
63 21
63 23
63 24
63 25
63 27
63 31
63 32
63 33
63 38
63 42
63 43
63 45
63 46
63 49
63 50
63 52
63 54
63 58
63 60
63 65
63 66
63 72
63 76
63 80
63 81
63 83
63 90
63 91
63 93
63 96
63 97
63 98
63 102
63 103
64 0
64 1
64 2
64 4
64 8
64 11
64 13
64 14
64 18
64 23
64 24
64 25
64 26
64 28
64 38
64 41
64 44
64 46
64 47
64 49
64 53
64 54
64 56
64 58
64 60
64 63
64 71
64 77
64 78
64 79
64 81
64 83
64 88
64 89
64 91
64 94
64 95
64 98
64 100
64 101
64 103
64 104
64 105
64 109
65 0
65 2
65 3
65 5
65 9
65 10
65 19
65 20
65 23
65 26
65 28
65 31
65 44
65 46
65 53
65 58
65 59
65 62
65 63
65 66
65 67
65 68
65 70
65 72
65 76
65 77
65 79
65 80
65 81
65 82
65 83
65 84
65 92
65 93
65 97
65 100
65 101
65 102
65 105
65 106
66 6
66 7
66 9
66 13
66 19
66 21
66 23
66 24
66 30
66 31
66 36
66 38
66 42
66 43
66 45
66 47
66 51
66 52
66 53
66 56
66 60
66 62
66 64
66 71
66 72
66 73
66 74
66 75
66 76
66 78
66 83
66 89
66 91
66 96
66 98
66 99
66 101
66 102
66 104
66 105
66 109
67 3
67 7
67 8
67 9
67 10
67 14
67 16
67 19
67 20
67 21
67 22
67 23
67 24
67 26
67 29
67 30
67 34
67 36
67 40
67 44
67 48
67 50
67 51
67 52
67 54
67 55
67 57
67 62
67 63
67 64
67 68
67 71
67 76
67 78
67 79
67 81
67 83
67 85
67 87
67 88
67 89
67 90
67 91
67 92
67 94
67 95
67 98
67 99
67 103
67 104
67 107
68 3
68 5
68 6
68 7
68 10
68 11
68 12
68 14
68 21
68 22
68 26
68 27
68 28
68 29
68 30
68 31
68 33
68 34
68 35
68 44
68 48
68 51
68 52
68 54
68 58
68 65
68 69
68 72
68 73
68 76
68 78
68 85
68 87
68 88
68 90
68 94
68 96
68 99
68 101
68 103
68 104
68 106
68 108
69 0
69 4
69 6
69 8
69 13
69 15
69 18
69 21
69 22
69 26
69 29
69 35
69 38
69 39
69 40
69 47
69 50
69 51
69 53
69 54
69 55
69 63
69 64
69 65
69 69
69 70
69 71
69 72
69 74
69 75
69 76
69 77
69 78
69 79
69 80
69 82
69 85
69 86
69 87
69 88
69 89
69 91
69 92
69 94
69 95
69 96
69 97
69 98
69 102
69 104
69 105
69 108
70 2
70 3
70 6
70 11
70 12
70 15
70 18
70 20
70 23
70 25
70 29
70 32
70 35
70 37
70 43
70 44
70 45
70 46
70 47
70 49
70 52
70 54
70 55
70 62
70 70
70 73
70 74
70 78
70 81
70 83
70 87
70 89
70 90
70 91
70 93
70 96
70 98
70 99
70 105
70 106
70 108
70 109
71 0
71 4
71 5
71 6
71 9
71 11
71 12
71 13
71 14
71 15
71 16
71 19
71 20
71 21
71 24
71 25
71 27
71 28
71 32
71 35
71 37
71 45
71 53
71 57
71 58
71 63
71 64
71 72
71 77
71 78
71 79
71 80
71 81
71 87
71 88
71 89
71 90
71 91
71 94
71 99
71 102
71 105
71 109
72 0
72 4
72 5
72 13
72 17
72 20
72 21
72 23
72 24
72 27
72 28
72 31
72 35
72 39
72 43
72 51
72 55
72 56
72 60
72 61
72 63
72 64
72 66
72 67
72 70
72 73
72 75
72 76
72 82
72 85
72 88
72 92
72 95
72 96
72 98
72 103
72 104
72 106
72 107
72 108
72 109
73 0
73 4
73 7
73 9
73 11
73 12
73 19
73 21
73 23
73 27
73 30
73 33
73 34
73 35
73 40
73 41
73 43
73 44
73 45
73 46
73 51
73 54
73 57
73 58
73 60
73 67
73 68
73 69
73 70
73 72
73 76
73 79
73 80
73 81
73 82
73 84
73 88
73 90
73 100
73 101
73 104
73 106
73 107
74 0
74 3
74 5
74 7
74 16
74 23
74 24
74 27
74 28
74 31
74 34
74 36
74 37
74 38
74 41
74 42
74 44
74 47
74 48
74 50
74 54
74 55
74 56
74 57
74 58
74 60
74 65
74 68
74 69
74 70
74 71
74 73
74 74
74 75
74 78
74 79
74 81
74 86
74 88
74 91
74 95
74 97
74 100
74 101
74 103
74 105
74 107
74 108
75 2
75 3
75 7
75 14
75 15
75 17
75 20
75 24
75 25
75 26
75 28
75 29
75 32
75 35
75 36
75 40
75 41
75 46
75 47
75 55
75 56
75 57
75 59
75 63
75 68
75 69
75 70
75 71
75 75
75 78
75 79
75 80
75 81
75 82
75 87
75 88
75 91
75 92
75 94
75 96
75 98
75 101
75 104
75 105
75 107
75 109
76 0
76 4
76 5
76 8
76 13
76 14
76 19
76 22
76 29
76 30
76 31
76 33
76 34
76 36
76 38
76 40
76 46
76 50
76 52
76 53
76 54
76 55
76 57
76 58
76 59
76 61
76 62
76 63
76 68
76 69
76 71
76 75
76 76
76 79
76 80
76 81
76 86
76 87
76 88
76 94
76 96
76 104
76 108
76 109
77 1
77 3
77 4
77 6
77 9
77 10
77 12
77 13
77 14
77 16
77 18
77 21
77 22
77 24
77 25
77 26
77 27
77 32
77 33
77 36
77 37
77 41
77 42
77 45
77 46
77 49
77 50
77 55
77 57
77 59
77 60
77 65
77 67
77 69
77 70
77 72
77 74
77 76
77 79
77 82
77 86
77 88
77 89
77 92
77 96
77 99
77 101
77 102
77 103
77 106
77 108
77 109
78 1
78 4
78 9
78 14
78 20
78 21
78 24
78 25
78 28
78 29
78 34
78 35
78 36
78 40
78 41
78 42
78 44
78 47
78 49
78 50
78 56
78 58
78 59
78 60
78 61
78 69
78 71
78 74
78 76
78 77
78 78
78 80
78 83
78 84
78 86
78 90
78 94
78 95
78 96
78 98
78 102
78 103
78 104
78 109
79 0
79 2
79 10
79 12
79 15
79 16
79 20
79 23
79 28
79 29
79 30
79 35
79 36
79 37
79 38
79 39
79 40
79 46
79 54
79 55
79 60
79 61
79 64
79 65
79 66
79 67
79 74
79 78
79 79
79 80
79 82
79 83
79 86
79 88
79 90
79 92
79 96
79 97
79 98
79 99
79 100
79 105
79 109
80 0
80 5
80 9
80 13
80 17
80 21
80 23
80 27
80 31
80 32
80 33
80 35
80 36
80 37
80 38
80 40
80 41
80 43
80 44
80 46
80 47
80 48
80 49
80 50
80 51
80 52
80 53
80 60
80 61
80 63
80 64
80 70
80 73
80 74
80 75
80 76
80 78
80 82
80 83
80 86
80 87
80 95
80 96
80 97
80 99
80 100
80 105
80 106
81 3
81 5
81 6
81 7
81 8
81 10
81 12
81 13
81 15
81 19
81 20
81 21
81 23
81 26
81 36
81 37
81 40
81 43
81 45
81 47
81 49
81 51
81 53
81 55
81 56
81 62
81 64
81 67
81 69
81 70
81 71
81 72
81 74
81 78
81 83
81 84
81 86
81 87
81 88
81 90
81 91
81 94
81 98
81 101
81 104
81 105
81 106
82 2
82 3
82 6
82 7
82 11
82 15
82 19
82 20
82 21
82 26
82 28
82 31
82 32
82 38
82 42
82 45
82 48
82 51
82 54
82 56
82 57
82 59
82 60
82 64
82 68
82 71
82 75
82 77
82 81
82 89
82 95
82 100
82 104
82 105
82 108
83 2
83 4
83 8
83 16
83 19
83 20
83 26
83 27
83 32
83 33
83 36
83 37
83 38
83 39
83 40
83 44
83 46
83 48
83 50
83 52
83 53
83 54
83 59
83 61
83 62
83 66
83 68
83 69
83 71
83 75
83 78
83 83
83 85
83 86
83 89
83 91
83 93
83 97
83 99
83 100
83 101
83 102
83 105
83 108
83 109
84 1
84 2
84 3
84 5
84 7
84 20
84 21
84 23
84 25
84 27
84 29
84 30
84 31
84 36
84 40
84 43
84 46
84 51
84 54
84 57
84 59
84 60
84 61
84 62
84 63
84 67
84 72
84 75
84 79
84 81
84 82
84 83
84 85
84 87
84 89
84 90
84 95
84 96
84 97
84 100
84 101
84 106
84 108
84 109
85 1
85 4
85 6
85 7
85 14
85 16
85 21
85 23
85 32
85 35
85 37
85 38
85 40
85 46
85 48
85 49
85 52
85 54
85 55
85 56
85 57
85 60
85 62
85 63
85 65
85 69
85 70
85 71
85 72
85 73
85 74
85 75
85 81
85 85
85 86
85 87
85 88
85 89
85 92
85 93
85 94
85 96
85 97
85 98
85 102
85 105
85 109
86 2
86 3
86 10
86 13
86 15
86 17
86 20
86 40
86 41
86 42
86 44
86 47
86 49
86 50
86 54
86 56
86 62
86 63
86 64
86 67
86 68
86 69
86 72
86 75
86 76
86 78
86 80
86 81
86 84
86 86
86 90
86 92
86 95
86 97
86 100
86 101
86 104
86 106
86 107
86 109
87 4
87 10
87 11
87 12
87 14
87 16
87 17
87 18
87 19
87 20
87 21
87 23
87 24
87 28
87 31
87 32
87 33
87 37
87 38
87 41
87 45
87 46
87 47
87 48
87 52
87 53
87 54
87 55
87 56
87 57
87 58
87 59
87 64
87 65
87 72
87 73
87 78
87 79
87 81
87 83
87 84
87 85
87 87
87 88
87 90
87 91
87 93
87 94
87 96
87 100
87 102
87 103
87 105
87 107
88 1
88 2
88 5
88 8
88 10
88 11
88 12
88 17
88 18
88 20
88 25
88 29
88 30
88 33
88 34
88 36
88 38
88 45
88 50
88 54
88 56
88 59
88 65
88 67
88 68
88 73
88 76
88 77
88 80
88 81
88 83
88 84
88 87
88 88
88 90
88 92
88 93
88 94
88 98
88 101
88 103
88 106
88 107
88 109
89 3
89 5
89 6
89 7
89 11
89 20
89 21
89 24
89 25
89 28
89 32
89 35
89 40
89 48
89 52
89 53
89 55
89 56
89 58
89 60
89 62
89 63
89 64
89 68
89 75
89 78
89 82
89 86
89 87
89 91
89 93
89 94
89 95
89 98
89 101
89 102
89 103
89 108
89 109
90 3
90 4
90 5
90 7
90 9
90 11
90 15
90 16
90 19
90 24
90 27
90 30
90 31
90 33
90 34
90 35
90 42
90 43
90 44
90 45
90 47
90 57
90 59
90 60
90 61
90 65
90 67
90 73
90 76
90 78
90 80
90 82
90 88
90 89
90 91
90 100
90 102
90 103
90 104
90 109
91 1
91 2
91 3
91 7
91 9
91 10
91 11
91 14
91 18
91 19
91 20
91 25
91 34
91 36
91 37
91 39
91 44
91 47
91 51
91 53
91 55
91 60
91 61
91 67
91 72
91 74
91 75
91 76
91 77
91 79
91 80
91 87
91 89
91 90
91 91
91 98
91 102
91 103
91 104
91 105
92 4
92 7
92 8
92 9
92 12
92 15
92 21
92 23
92 29
92 31
92 34
92 37
92 40
92 47
92 52
92 56
92 62
92 63
92 66
92 69
92 70
92 71
92 72
92 73
92 77
92 78
92 85
92 86
92 91
92 92
92 93
92 100
92 104
92 105
92 107
92 109
93 1
93 2
93 9
93 11
93 12
93 17
93 20
93 22
93 23
93 24
93 26
93 29
93 36
93 39
93 42
93 44
93 45
93 48
93 50
93 51
93 53
93 59
93 65
93 74
93 76
93 80
93 81
93 86
93 87
93 97
93 107
94 3
94 4
94 6
94 12
94 15
94 17
94 30
94 32
94 38
94 40
94 45
94 49
94 51
94 52
94 54
94 55
94 56
94 60
94 63
94 65
94 66
94 68
94 73
94 74
94 75
94 77
94 81
94 83
94 86
94 87
94 88
94 91
94 93
94 94
94 96
94 97
94 102
94 103
94 107
94 108
95 0
95 4
95 6
95 8
95 9
95 11
95 13
95 17
95 20
95 24
95 25
95 26
95 30
95 35
95 36
95 40
95 41
95 43
95 46
95 48
95 49
95 51
95 53
95 54
95 56
95 57
95 60
95 61
95 63
95 65
95 68
95 70
95 71
95 74
95 78
95 79
95 83
95 86
95 89
95 93
95 95
95 97
95 99
95 104
95 108
96 13
96 16
96 17
96 20
96 24
96 27
96 29
96 33
96 35
96 37
96 38
96 39
96 48
96 50
96 57
96 58
96 60
96 61
96 64
96 67
96 72
96 77
96 79
96 80
96 86
96 87
96 94
96 96
96 97
96 99
96 103
96 104
96 107
96 108
97 0
97 2
97 6
97 7
97 10
97 13
97 15
97 18
97 21
97 28
97 30
97 36
97 37
97 38
97 39
97 43
97 44
97 45
97 47
97 48
97 49
97 51
97 55
97 58
97 59
97 62
97 67
97 71
97 72
97 73
97 75
97 79
97 80
97 82
97 84
97 85
97 95
97 97
97 106
97 107
97 109
98 3
98 6
98 8
98 18
98 19
98 20
98 23
98 24
98 25
98 33
98 36
98 37
98 38
98 39
98 40
98 50
98 52
98 55
98 56
98 57
98 58
98 66
98 69
98 72
98 81
98 83
98 87
98 92
98 94
98 98
98 99
98 105
98 106
98 107
99 2
99 3
99 6
99 7
99 11
99 16
99 17
99 24
99 25
99 26
99 27
99 29
99 31
99 33
99 35
99 37
99 39
99 40
99 51
99 55
99 56
99 58
99 60
99 61
99 62
99 65
99 72
99 74
99 75
99 76
99 77
99 82
99 83
99 85
99 89
99 92
99 100
99 101
99 103
99 104
99 106
99 108
100 1
100 2
100 6
100 7
100 9
100 11
100 15
100 17
100 22
100 24
100 25
100 28
100 30
100 38
100 40
100 42
100 46
100 48
100 55
100 56
100 60
100 63
100 64
100 71
100 74
100 76
100 77
100 78
100 79
100 82
100 85
100 86
100 87
100 88
100 96
100 103
100 106
100 108
100 109
101 3
101 4
101 13
101 16
101 19
101 20
101 23
101 24
101 25
101 26
101 30
101 33
101 36
101 38
101 39
101 41
101 42
101 43
101 46
101 48
101 49
101 57
101 58
101 59
101 60
101 61
101 63
101 66
101 69
101 73
101 75
101 76
101 77
101 80
101 81
101 82
101 85
101 87
101 88
101 89
101 99
101 102
101 103
101 106
102 0
102 3
102 4
102 7
102 9
102 12
102 13
102 15
102 18
102 19
102 22
102 23
102 28
102 31
102 32
102 33
102 39
102 41
102 42
102 43
102 44
102 48
102 49
102 51
102 52
102 53
102 58
102 59
102 61
102 64
102 67
102 69
102 77
102 81
102 82
102 83
102 88
102 92
102 95
102 97
102 98
102 99
102 100
102 101
102 102
102 104
102 105
103 0
103 1
103 3
103 5
103 7
103 8
103 11
103 13
103 17
103 19
103 20
103 21
103 22
103 23
103 27
103 28
103 29
103 31
103 32
103 34
103 35
103 36
103 41
103 42
103 44
103 45
103 48
103 52
103 53
103 55
103 63
103 64
103 66
103 67
103 74
103 78
103 85
103 88
103 89
103 90
103 93
103 96
103 97
103 99
103 100
103 102
103 104
103 106
103 108
104 1
104 3
104 4
104 5
104 10
104 12
104 14
104 15
104 17
104 19
104 22
104 23
104 24
104 29
104 32
104 36
104 39
104 42
104 43
104 46
104 49
104 53
104 54
104 55
104 57
104 58
104 61
104 64
104 67
104 70
104 72
104 80
104 82
104 84
104 85
104 86
104 90
104 91
104 92
104 97
104 99
104 100
104 101
104 102
104 104
104 106
104 107
105 1
105 3
105 6
105 7
105 8
105 10
105 11
105 12
105 14
105 15
105 18
105 21
105 28
105 31
105 32
105 33
105 34
105 38
105 40
105 43
105 47
105 48
105 50
105 51
105 52
105 54
105 56
105 57
105 60
105 63
105 66
105 70
105 71
105 73
105 81
105 83
105 92
105 93
105 94
105 96
105 97
105 100
105 101
105 104
105 108
105 109
106 0
106 1
106 5
106 7
106 12
106 13
106 14
106 15
106 16
106 21
106 23
106 24
106 27
106 32
106 36
106 37
106 38
106 40
106 43
106 47
106 48
106 49
106 61
106 71
106 73
106 75
106 79
106 80
106 81
106 85
106 87
106 88
106 89
106 93
106 97
106 98
106 101
106 104
106 105
106 106
106 108
107 1
107 3
107 5
107 8
107 9
107 12
107 16
107 18
107 19
107 22
107 24
107 27
107 28
107 29
107 35
107 36
107 37
107 38
107 39
107 42
107 44
107 46
107 47
107 50
107 54
107 56
107 57
107 58
107 60
107 62
107 64
107 65
107 68
107 71
107 72
107 74
107 75
107 79
107 81
107 84
107 86
107 87
107 92
107 98
107 99
107 104
107 105
107 106
107 107
107 108
108 0
108 2
108 9
108 10
108 11
108 13
108 17
108 19
108 22
108 24
108 25
108 29
108 31
108 33
108 36
108 42
108 45
108 46
108 48
108 49
108 50
108 53
108 54
108 55
108 58
108 62
108 63
108 65
108 67
108 70
108 71
108 72
108 75
108 77
108 78
108 79
108 81
108 83
108 84
108 86
108 88
108 90
108 92
108 94
108 96
108 99
108 100
108 101
108 102
108 106
108 107
108 109
109 0
109 3
109 5
109 6
109 8
109 9
109 10
109 12
109 21
109 24
109 28
109 29
109 33
109 35
109 43
109 45
109 46
109 48
109 50
109 52
109 53
109 59
109 62
109 67
109 69
109 71
109 72
109 77
109 81
109 87
109 89
109 91
109 93
109 96
109 97
109 99
109 101
109 105
109 106
109 108
