20
152
0 1
0 4
0 5
0 7
0 8
0 9
0 14
0 15
0 18
0 19
1 0
1 4
1 6
1 9
1 10
1 11
1 13
1 15
1 17
1 19
2 1
2 5
2 6
2 7
2 9
2 11
2 12
3 0
3 8
3 11
3 12
3 14
3 15
3 19
4 2
4 19
5 0
5 2
5 5
5 8
5 10
5 13
5 14
5 15
5 17
6 7
6 9
6 18
7 0
7 7
7 12
7 13
7 15
7 17
8 0
8 6
8 9
8 15
8 17
8 19
9 2
9 5
9 6
9 8
9 9
9 10
9 12
9 14
9 16
9 19
10 3
10 5
10 13
10 17
10 18
11 0
11 5
11 7
11 8
11 14
11 18
12 0
12 1
12 3
12 5
12 8
12 10
12 14
12 15
12 16
12 17
12 19
13 0
13 1
13 3
13 7
13 9
13 12
13 15
13 18
14 0
14 1
14 2
14 3
14 6
14 7
14 9
14 12
14 16
14 19
15 1
15 2
15 4
15 6
15 7
15 16
15 18
15 19
16 4
16 7
16 11
16 13
16 18
17 0
17 1
17 2
17 3
17 4
17 6
17 7
17 9
17 13
17 15
17 16
18 2
18 3
18 5
18 7
18 8
18 11
18 13
18 14
18 15
18 16
18 19
19 1
19 6
19 7
19 10
19 12
19 18
19 19
