60
1416
0 2
0 6
0 9
0 10
0 13
0 15
0 16
0 17
0 20
0 22
0 27
0 28
0 29
0 31
0 34
0 35
0 37
0 38
0 39
0 40
0 46
0 48
0 49
0 58
0 59
1 0
1 3
1 4
1 6
1 7
1 10
1 11
1 13
1 19
1 21
1 23
1 25
1 26
1 27
1 31
1 33
1 34
1 35
1 39
1 40
1 42
1 46
1 52
1 53
2 3
2 8
2 12
2 14
2 15
2 22
2 25
2 26
2 27
2 29
2 30
2 34
2 35
2 37
2 38
2 43
2 44
2 45
2 47
2 48
2 49
2 52
2 56
2 59
3 4
3 6
3 8
3 11
3 12
3 13
3 14
3 15
3 16
3 18
3 19
3 20
3 21
3 22
3 23
3 27
3 30
3 33
3 34
3 35
3 36
3 37
3 40
3 41
3 42
3 44
3 48
3 50
3 57
3 58
4 1
4 2
4 3
4 5
4 8
4 9
4 10
4 11
4 13
4 15
4 16
4 20
4 21
4 22
4 25
4 26
4 28
4 30
4 32
4 34
4 36
4 38
4 43
4 44
4 46
4 50
4 51
5 0
5 5
5 7
5 16
5 18
5 20
5 23
5 30
5 35
5 38
5 39
5 44
5 49
5 50
5 54
6 2
6 3
6 6
6 17
6 18
6 19
6 20
6 21
6 24
6 28
6 29
6 35
6 37
6 38
6 40
6 42
6 45
6 50
6 51
6 57
6 58
6 59
7 0
7 1
7 2
7 3
7 10
7 13
7 14
7 17
7 18
7 20
7 23
7 28
7 30
7 32
7 34
7 36
7 41
7 42
7 45
7 46
7 47
7 50
7 52
7 53
7 55
7 57
7 58
7 59
8 6
8 7
8 10
8 11
8 13
8 14
8 15
8 16
8 17
8 19
8 23
8 24
8 25
8 42
8 43
8 45
8 46
8 47
8 48
8 51
8 59
9 2
9 4
9 6
9 7
9 9
9 10
9 12
9 15
9 16
9 17
9 20
9 23
9 24
9 29
9 30
9 34
9 35
9 40
9 41
9 42
9 44
9 45
9 46
9 48
9 51
9 53
9 54
9 57
9 59
10 0
10 1
10 3
10 4
10 6
10 11
10 12
10 14
10 16
10 17
10 18
10 19
10 21
10 22
10 30
10 32
10 33
10 34
10 37
10 39
10 40
10 42
10 43
10 44
10 48
10 51
10 53
10 55
10 56
10 59
11 4
11 10
11 12
11 16
11 19
11 23
11 25
11 31
11 38
11 43
11 46
11 47
11 48
11 57
12 0
12 4
12 7
12 8
12 9
12 11
12 12
12 13
12 15
12 17
12 23
12 26
12 29
12 30
12 32
12 34
12 39
12 42
12 43
12 45
12 47
12 48
12 49
12 52
12 57
13 2
13 4
13 9
13 10
13 11
13 12
13 14
13 16
13 17
13 18
13 22
13 25
13 28
13 30
13 31
13 32
13 34
13 36
13 37
13 41
13 42
13 43
13 45
13 50
13 51
13 52
13 54
13 57
13 59
14 3
14 6
14 7
14 8
14 10
14 15
14 19
14 26
14 28
14 36
14 38
14 39
14 40
14 41
14 48
14 50
14 51
14 55
14 56
14 58
15 2
15 5
15 6
15 7
15 10
15 13
15 17
15 24
15 26
15 28
15 31
15 33
15 43
15 44
15 45
15 46
15 47
15 48
15 51
15 52
15 55
15 57
15 59
16 2
16 11
16 13
16 15
16 16
16 18
16 30
16 41
16 44
16 46
16 47
16 48
16 49
16 57
16 58
17 0
17 3
17 5
17 6
17 7
17 14
17 17
17 24
17 26
17 27
17 28
17 29
17 30
17 32
17 36
17 38
17 39
17 43
17 46
17 48
17 51
17 52
17 53
18 0
18 1
18 4
18 9
18 11
18 13
18 15
18 17
18 18
18 19
18 22
18 23
18 26
18 27
18 30
18 31
18 33
18 35
18 36
18 38
18 39
18 40
18 41
18 42
18 43
18 45
18 47
18 50
18 51
18 52
18 56
18 58
19 0
19 1
19 3
19 4
19 7
19 8
19 10
19 11
19 12
19 15
19 17
19 19
19 20
19 25
19 26
19 32
19 35
19 37
19 38
19 39
19 41
19 42
19 43
19 45
19 48
19 50
19 55
19 58
19 59
20 0
20 1
20 4
20 6
20 7
20 8
20 9
20 15
20 20
20 22
20 24
20 25
20 27
20 29
20 31
20 36
20 37
20 38
20 41
20 45
20 52
20 53
20 55
20 59
21 3
21 5
21 6
21 11
21 15
21 18
21 20
21 21
21 23
21 25
21 30
21 33
21 35
21 37
21 39
21 44
21 48
21 52
21 54
21 55
21 56
21 57
21 59
22 0
22 2
22 8
22 12
22 14
22 19
22 24
22 25
22 26
22 28
22 32
22 33
22 36
22 37
22 38
22 40
22 43
22 48
22 50
22 58
23 0
23 1
23 3
23 6
23 8
23 12
23 13
23 15
23 21
23 23
23 24
23 26
23 27
23 28
23 30
23 31
23 33
23 36
23 38
23 39
23 41
23 45
23 48
23 57
23 59
24 3
24 11
24 13
24 14
24 15
24 18
24 19
24 21
24 23
24 24
24 29
24 30
24 40
24 41
24 42
24 44
24 46
24 47
24 49
24 50
24 52
24 54
24 57
24 58
25 1
25 4
25 5
25 6
25 8
25 15
25 16
25 17
25 18
25 20
25 24
25 27
25 28
25 30
25 31
25 32
25 37
25 39
25 40
25 41
25 44
25 45
25 50
25 51
25 52
25 53
25 54
25 57
26 5
26 6
26 9
26 14
26 18
26 19
26 22
26 25
26 26
26 27
26 28
26 30
26 34
26 35
26 36
26 39
26 40
26 41
26 46
26 47
26 49
26 50
26 51
26 52
26 53
26 54
26 55
26 57
26 59
27 1
27 2
27 3
27 4
27 5
27 9
27 14
27 16
27 25
27 26
27 29
27 30
27 31
27 33
27 34
27 35
27 36
27 37
27 39
27 41
27 48
27 50
27 51
27 52
28 3
28 6
28 7
28 8
28 11
28 12
28 19
28 22
28 23
28 26
28 28
28 29
28 34
28 41
28 47
28 49
28 52
28 58
29 0
29 1
29 4
29 5
29 8
29 12
29 17
29 18
29 20
29 22
29 24
29 25
29 26
29 29
29 31
29 40
29 43
29 44
29 48
29 50
29 54
29 55
29 56
30 1
30 3
30 5
30 7
30 14
30 15
30 16
30 19
30 23
30 25
30 28
30 29
30 36
30 40
30 41
30 44
30 46
30 47
30 49
30 52
30 57
30 59
31 0
31 2
31 4
31 5
31 6
31 9
31 13
31 17
31 24
31 25
31 27
31 28
31 29
31 30
31 31
31 33
31 34
31 37
31 38
31 40
31 47
31 49
31 59
32 1
32 3
32 4
32 6
32 9
32 10
32 14
32 15
32 16
32 17
32 20
32 27
32 28
32 29
32 30
32 34
32 35
32 36
32 37
32 39
32 45
32 46
32 51
32 52
32 55
32 56
32 58
32 59
33 10
33 12
33 19
33 20
33 21
33 22
33 24
33 25
33 26
33 27
33 31
33 37
33 39
33 43
33 44
33 46
33 49
33 50
33 54
33 56
34 3
34 4
34 8
34 11
34 15
34 16
34 19
34 21
34 22
34 24
34 33
34 34
34 35
34 37
34 39
34 44
34 51
34 52
34 53
34 58
35 2
35 5
35 9
35 13
35 15
35 17
35 18
35 21
35 22
35 26
35 31
35 35
35 38
35 39
35 40
35 41
35 45
35 46
35 47
35 50
35 55
35 57
35 58
36 0
36 1
36 4
36 7
36 8
36 9
36 15
36 20
36 21
36 22
36 23
36 30
36 34
36 35
36 37
36 41
36 44
36 45
36 48
36 50
36 51
36 52
36 55
36 59
37 0
37 1
37 3
37 5
37 6
37 7
37 10
37 11
37 12
37 15
37 16
37 17
37 19
37 20
37 21
37 22
37 25
37 26
37 28
37 29
37 31
37 36
37 37
37 39
37 40
37 42
37 45
37 49
37 50
37 56
37 58
37 59
38 2
38 3
38 6
38 8
38 11
38 13
38 16
38 17
38 19
38 25
38 27
38 30
38 34
38 35
38 38
38 39
38 40
38 41
38 46
38 47
38 49
38 50
38 52
38 53
38 55
38 56
39 5
39 9
39 10
39 11
39 15
39 16
39 18
39 23
39 24
39 27
39 35
39 39
39 40
39 44
39 45
39 46
39 47
39 53
39 54
39 57
39 59
40 0
40 1
40 6
40 10
40 11
40 15
40 16
40 19
40 22
40 26
40 27
40 28
40 29
40 31
40 34
40 36
40 39
40 45
40 46
40 49
40 51
40 56
40 59
41 1
41 5
41 6
41 8
41 9
41 11
41 12
41 13
41 16
41 17
41 20
41 25
41 28
41 29
41 30
41 33
41 34
41 36
41 38
41 41
41 42
41 44
41 45
41 49
41 52
41 54
41 57
41 58
42 1
42 3
42 4
42 6
42 17
42 18
42 19
42 20
42 28
42 32
42 42
42 47
42 54
43 2
43 4
43 5
43 7
43 12
43 22
43 23
43 25
43 27
43 33
43 34
43 35
43 36
43 38
43 41
43 42
43 47
43 48
43 52
43 54
43 56
44 0
44 2
44 7
44 11
44 12
44 14
44 15
44 22
44 28
44 32
44 33
44 36
44 41
44 43
44 45
44 46
44 48
44 49
44 51
44 52
44 55
44 56
44 57
44 58
45 0
45 1
45 2
45 10
45 12
45 13
45 14
45 19
45 20
45 27
45 28
45 29
45 30
45 31
45 34
45 35
45 42
45 49
45 50
45 53
45 54
45 56
45 57
45 59
46 2
46 4
46 6
46 9
46 17
46 21
46 23
46 30
46 34
46 37
46 38
46 40
46 43
46 45
46 48
46 53
46 56
46 57
46 59
47 1
47 2
47 5
47 6
47 7
47 8
47 19
47 20
47 21
47 33
47 36
47 37
47 41
47 43
47 46
47 47
47 48
47 56
48 0
48 3
48 4
48 7
48 13
48 14
48 15
48 17
48 25
48 32
48 39
48 42
48 44
48 49
48 50
48 53
48 55
48 58
49 9
49 11
49 12
49 14
49 16
49 19
49 21
49 23
49 28
49 33
49 36
49 38
49 39
49 40
49 43
49 50
49 52
49 53
49 54
49 57
49 59
50 0
50 1
50 2
50 3
50 7
50 10
50 11
50 13
50 16
50 19
50 20
50 22
50 23
50 25
50 29
50 30
50 35
50 38
50 40
50 43
50 44
50 45
50 48
50 53
50 56
50 59
51 0
51 4
51 6
51 7
51 8
51 9
51 11
51 14
51 21
51 27
51 28
51 34
51 40
51 41
51 46
51 49
51 53
51 56
52 6
52 7
52 10
52 12
52 17
52 20
52 22
52 23
52 25
52 26
52 27
52 32
52 34
52 39
52 41
52 43
52 46
52 49
52 50
52 54
52 56
52 57
53 0
53 1
53 4
53 6
53 8
53 13
53 17
53 18
53 22
53 23
53 26
53 27
53 29
53 32
53 34
53 35
53 36
53 40
53 41
53 48
53 50
53 52
53 59
54 2
54 4
54 5
54 6
54 8
54 13
54 14
54 17
54 18
54 20
54 21
54 22
54 23
54 25
54 26
54 31
54 37
54 38
54 40
54 41
54 42
54 44
54 47
54 48
54 51
54 53
54 55
54 58
55 3
55 5
55 6
55 9
55 11
55 14
55 17
55 19
55 24
55 25
55 30
55 35
55 36
55 37
55 40
55 42
55 48
55 49
55 50
55 51
55 53
55 59
56 0
56 2
56 3
56 5
56 6
56 8
56 12
56 15
56 17
56 18
56 28
56 29
56 30
56 31
56 33
56 36
56 40
56 44
56 45
56 48
56 49
56 50
56 56
56 57
56 58
56 59
57 5
57 7
57 8
57 12
57 13
57 17
57 18
57 19
57 20
57 22
57 24
57 25
57 26
57 27
57 30
57 32
57 34
57 38
57 41
57 42
57 46
57 49
57 50
57 52
57 53
57 54
57 55
57 58
57 59
58 1
58 2
58 3
58 4
58 5
58 7
58 9
58 10
58 12
58 18
58 22
58 24
58 26
58 27
58 36
58 40
58 44
58 47
58 49
58 50
58 52
58 53
58 55
58 56
58 59
59 3
59 4
59 6
59 8
59 9
59 10
59 13
59 15
59 18
59 20
59 22
59 23
59 28
59 29
59 30
59 31
59 33
59 34
59 35
59 39
59 42
59 44
59 45
59 52
59 56
59 59
