40
624
0 3
0 5
0 7
0 10
0 11
0 15
0 16
0 18
0 21
0 22
0 24
0 25
0 26
0 27
0 30
1 10
1 11
1 13
1 14
1 16
1 18
1 19
1 21
1 23
1 25
1 26
1 28
1 29
1 30
1 35
2 0
2 1
2 2
2 3
2 6
2 7
2 9
2 10
2 15
2 17
2 25
2 26
2 33
2 34
2 38
3 1
3 2
3 3
3 5
3 6
3 11
3 14
3 16
3 17
3 18
3 19
3 20
3 21
3 22
3 25
3 29
4 0
4 9
4 11
4 12
4 14
4 15
4 18
4 19
4 20
4 22
4 24
4 25
4 27
4 28
4 35
4 36
4 38
4 39
5 0
5 1
5 2
5 3
5 7
5 9
5 10
5 13
5 14
5 15
5 17
5 18
5 22
5 29
5 34
5 35
5 36
5 39
6 3
6 5
6 7
6 9
6 10
6 18
6 20
6 24
6 25
6 27
6 32
6 33
6 35
6 36
6 38
7 1
7 2
7 7
7 10
7 17
7 18
7 19
7 20
7 21
7 24
7 27
7 29
7 39
8 0
8 2
8 3
8 5
8 10
8 13
8 14
8 16
8 17
8 19
8 25
8 27
8 28
8 32
8 35
8 37
8 38
9 3
9 4
9 7
9 8
9 12
9 13
9 15
9 18
9 19
9 21
9 22
9 23
9 26
9 27
9 28
9 30
9 31
9 32
9 37
9 38
9 39
10 0
10 14
10 15
10 16
10 17
10 20
10 24
10 26
10 33
10 34
11 2
11 3
11 5
11 6
11 11
11 16
11 18
11 20
11 22
11 24
11 25
11 27
11 28
11 29
11 30
11 32
11 35
11 37
11 38
12 3
12 7
12 8
12 12
12 13
12 14
12 15
12 19
12 21
12 23
12 25
12 26
12 28
12 30
12 31
12 32
12 33
12 37
12 39
13 0
13 3
13 4
13 5
13 6
13 8
13 9
13 10
13 15
13 21
13 22
13 24
13 29
13 30
13 32
13 33
13 34
13 35
14 0
14 1
14 2
14 3
14 5
14 6
14 7
14 8
14 11
14 13
14 14
14 17
14 22
14 24
14 26
14 27
14 28
14 29
14 31
14 32
15 0
15 1
15 3
15 4
15 8
15 9
15 10
15 17
15 18
15 22
15 28
15 30
15 31
15 34
15 35
15 38
16 4
16 10
16 15
16 19
16 20
16 21
16 22
16 24
16 25
16 27
16 38
16 39
17 11
17 14
17 16
17 22
17 26
17 30
17 32
17 33
17 34
17 35
18 0
18 2
18 3
18 7
18 8
18 10
18 12
18 13
18 14
18 19
18 21
18 22
18 23
18 28
18 29
18 30
18 31
18 32
18 33
18 38
19 2
19 4
19 5
19 7
19 8
19 9
19 10
19 12
19 14
19 16
19 17
19 18
19 20
19 28
19 30
19 31
19 35
19 37
20 4
20 10
20 11
20 12
20 15
20 20
20 21
20 26
20 29
20 31
20 32
21 2
21 3
21 5
21 9
21 13
21 15
21 16
21 19
21 27
21 28
21 30
21 31
21 32
21 35
21 37
22 3
22 4
22 8
22 9
22 11
22 15
22 18
22 21
22 22
22 25
22 27
22 30
22 33
22 34
22 36
23 1
23 3
23 4
23 11
23 13
23 16
23 18
23 22
23 23
23 24
23 25
23 28
23 31
23 36
24 0
24 1
24 2
24 4
24 9
24 11
24 12
24 14
24 18
24 25
24 30
24 31
24 34
25 1
25 3
25 4
25 8
25 11
25 14
25 16
25 19
25 22
25 23
25 32
25 36
26 0
26 1
26 2
26 3
26 5
26 6
26 9
26 10
26 11
26 12
26 20
26 21
26 22
26 25
26 26
26 30
26 35
26 39
27 2
27 5
27 6
27 9
27 10
27 11
27 17
27 23
27 30
27 31
27 34
27 35
27 39
28 0
28 3
28 5
28 6
28 7
28 15
28 16
28 18
28 21
28 23
28 25
28 26
28 29
28 30
28 37
28 38
28 39
29 0
29 1
29 5
29 9
29 11
29 12
29 13
29 14
29 16
29 19
29 22
29 23
29 28
29 29
29 30
29 31
29 36
29 38
30 2
30 10
30 16
30 17
30 19
30 20
30 28
30 36
30 37
31 3
31 4
31 5
31 6
31 13
31 15
31 16
31 17
31 19
31 20
31 24
31 25
31 26
31 36
31 38
31 39
32 2
32 4
32 5
32 6
32 7
32 10
32 11
32 14
32 15
32 16
32 18
32 21
32 22
32 25
32 27
32 28
32 30
32 33
32 35
32 37
32 38
32 39
33 1
33 2
33 6
33 7
33 8
33 10
33 14
33 21
33 25
33 26
33 27
33 28
33 29
33 30
33 33
33 35
33 36
33 37
33 38
34 2
34 6
34 8
34 13
34 14
34 19
34 20
34 26
34 28
34 30
34 31
34 33
34 34
34 38
34 39
35 2
35 4
35 7
35 9
35 17
35 18
35 24
35 25
35 26
35 32
35 35
35 39
36 0
36 3
36 4
36 5
36 6
36 11
36 12
36 19
36 25
36 26
36 33
36 36
36 37
37 0
37 3
37 5
37 9
37 13
37 15
37 16
37 19
37 25
37 28
37 29
37 30
37 34
37 37
38 0
38 1
38 2
38 6
38 7
38 8
38 9
38 16
38 17
38 18
38 20
38 21
38 22
38 26
38 29
38 33
38 36
38 37
38 38
39 1
39 3
39 4
39 8
39 13
39 17
39 20
39 23
39 24
39 26
39 27
39 29
39 32
39 34
