160
10176
0 0
0 3
0 4
0 5
0 9
0 10
0 11
0 12
0 15
0 16
0 18
0 19
0 24
0 25
0 26
0 34
0 36
0 37
0 39
0 40
0 43
0 44
0 52
0 53
0 57
0 58
0 60
0 61
0 62
0 64
0 66
0 67
0 71
0 74
0 77
0 78
0 79
0 82
0 83
0 85
0 90
0 91
0 92
0 93
0 94
0 96
0 98
0 99
0 102
0 103
0 109
0 113
0 119
0 122
0 124
0 125
0 126
0 127
0 135
0 136
0 139
0 141
0 143
0 147
0 149
0 153
0 155
1 4
1 6
1 9
1 13
1 17
1 18
1 25
1 27
1 30
1 31
1 32
1 37
1 39
1 40
1 41
1 42
1 43
1 45
1 47
1 52
1 53
1 55
1 60
1 61
1 64
1 66
1 69
1 71
1 80
1 81
1 84
1 85
1 86
1 87
1 92
1 94
1 96
1 102
1 109
1 111
1 114
1 115
1 118
1 120
1 121
1 122
1 123
1 124
1 125
1 126
1 128
1 130
1 135
1 136
1 138
1 139
1 145
1 146
1 147
1 152
1 153
1 154
1 155
1 156
1 158
2 4
2 7
2 12
2 13
2 24
2 26
2 27
2 29
2 30
2 31
2 32
2 33
2 34
2 36
2 37
2 39
2 46
2 47
2 48
2 49
2 51
2 53
2 54
2 56
2 59
2 62
2 65
2 68
2 70
2 76
2 78
2 81
2 83
2 86
2 88
2 89
2 91
2 96
2 98
2 101
2 104
2 107
2 111
2 114
2 117
2 118
2 120
2 122
2 127
2 129
2 132
2 134
2 135
2 137
2 139
2 145
2 147
2 148
2 152
2 156
2 158
3 2
3 3
3 4
3 5
3 6
3 9
3 11
3 13
3 15
3 18
3 19
3 20
3 24
3 26
3 27
3 28
3 29
3 30
3 31
3 33
3 36
3 37
3 43
3 45
3 46
3 49
3 50
3 53
3 58
3 59
3 60
3 62
3 70
3 71
3 74
3 81
3 84
3 90
3 99
3 100
3 101
3 102
3 104
3 105
3 107
3 109
3 114
3 115
3 119
3 122
3 124
3 130
3 131
3 137
3 138
3 139
3 144
3 146
3 147
3 148
3 150
3 155
3 156
3 158
3 159
4 3
4 6
4 8
4 10
4 13
4 18
4 19
4 20
4 23
4 28
4 29
4 31
4 32
4 33
4 37
4 38
4 44
4 49
4 52
4 54
4 56
4 58
4 59
4 61
4 63
4 66
4 67
4 69
4 71
4 74
4 75
4 76
4 77
4 78
4 81
4 82
4 84
4 85
4 86
4 87
4 89
4 91
4 94
4 99
4 104
4 106
4 107
4 113
4 116
4 117
4 123
4 129
4 132
4 133
4 136
4 137
4 141
4 142
4 143
4 144
4 146
4 152
4 157
5 5
5 7
5 11
5 13
5 21
5 22
5 24
5 25
5 26
5 29
5 31
5 32
5 33
5 34
5 35
5 36
5 41
5 44
5 45
5 50
5 57
5 59
5 60
5 65
5 67
5 76
5 79
5 82
5 88
5 89
5 93
5 94
5 96
5 99
5 100
5 101
5 104
5 107
5 109
5 110
5 115
5 119
5 120
5 121
5 126
5 127
5 130
5 133
5 134
5 136
5 139
5 140
5 141
5 143
5 149
5 150
5 152
5 153
5 154
5 155
5 156
5 158
6 3
6 7
6 8
6 9
6 10
6 12
6 20
6 22
6 23
6 25
6 26
6 30
6 33
6 34
6 40
6 41
6 42
6 44
6 47
6 51
6 52
6 54
6 56
6 57
6 59
6 61
6 62
6 63
6 64
6 66
6 68
6 71
6 72
6 75
6 77
6 78
6 81
6 82
6 84
6 85
6 87
6 88
6 89
6 90
6 92
6 94
6 98
6 100
6 103
6 107
6 109
6 111
6 112
6 113
6 115
6 117
6 118
6 120
6 122
6 125
6 131
6 134
6 137
6 139
6 141
6 143
6 148
6 149
6 152
6 155
6 156
6 157
6 158
7 0
7 1
7 5
7 6
7 7
7 11
7 17
7 18
7 20
7 21
7 22
7 23
7 24
7 29
7 33
7 34
7 35
7 36
7 37
7 38
7 44
7 45
7 47
7 48
7 49
7 50
7 51
7 55
7 56
7 58
7 59
7 60
7 63
7 65
7 69
7 71
7 73
7 74
7 81
7 83
7 84
7 85
7 87
7 90
7 95
7 98
7 99
7 103
7 104
7 108
7 117
7 121
7 123
7 128
7 129
7 131
7 132
7 134
7 135
7 136
7 137
7 144
7 151
7 153
7 154
7 156
7 157
8 2
8 4
8 6
8 9
8 14
8 19
8 21
8 30
8 31
8 34
8 36
8 38
8 40
8 50
8 51
8 60
8 62
8 64
8 69
8 73
8 76
8 81
8 82
8 83
8 84
8 85
8 89
8 90
8 95
8 97
8 98
8 101
8 104
8 105
8 109
8 110
8 111
8 118
8 119
8 120
8 121
8 125
8 132
8 134
8 135
8 140
8 142
8 143
8 147
8 148
8 149
8 151
8 156
8 157
8 159
9 1
9 3
9 4
9 7
9 8
9 15
9 16
9 17
9 18
9 19
9 22
9 23
9 24
9 26
9 27
9 29
9 30
9 31
9 33
9 37
9 39
9 40
9 41
9 42
9 44
9 46
9 51
9 52
9 53
9 57
9 62
9 63
9 67
9 69
9 77
9 80
9 82
9 85
9 86
9 87
9 90
9 94
9 97
9 99
9 100
9 104
9 105
9 114
9 116
9 117
9 124
9 125
9 126
9 140
9 142
9 145
9 149
9 150
9 151
9 158
9 159
10 4
10 5
10 14
10 15
10 17
10 18
10 22
10 25
10 26
10 30
10 31
10 32
10 34
10 37
10 38
10 39
10 50
10 52
10 53
10 54
10 57
10 58
10 59
10 61
10 62
10 63
10 66
10 67
10 72
10 74
10 75
10 76
10 77
10 78
10 80
10 81
10 87
10 89
10 93
10 94
10 98
10 99
10 100
10 101
10 102
10 110
10 113
10 115
10 124
10 125
10 126
10 128
10 136
10 137
10 138
10 139
10 140
10 141
10 143
10 144
10 146
10 153
10 154
10 155
10 157
11 0
11 4
11 5
11 6
11 7
11 9
11 12
11 14
11 15
11 20
11 21
11 23
11 26
11 29
11 30
11 31
11 32
11 33
11 34
11 40
11 41
11 42
11 43
11 44
11 47
11 48
11 49
11 50
11 56
11 59
11 62
11 70
11 82
11 89
11 95
11 96
11 98
11 100
11 102
11 104
11 105
11 107
11 108
11 109
11 110
11 111
11 114
11 115
11 124
11 127
11 128
11 129
11 130
11 131
11 132
11 137
11 144
11 145
11 146
11 147
11 150
11 151
11 155
11 156
11 157
11 158
11 159
12 0
12 2
12 11
12 13
12 16
12 18
12 19
12 20
12 22
12 24
12 25
12 28
12 30
12 31
12 32
12 34
12 35
12 37
12 40
12 41
12 45
12 46
12 51
12 52
12 53
12 54
12 55
12 56
12 58
12 63
12 65
12 67
12 71
12 75
12 76
12 83
12 84
12 85
12 87
12 88
12 90
12 99
12 101
12 103
12 109
12 123
12 125
12 127
12 132
12 133
12 136
12 137
12 139
12 144
12 145
12 146
12 147
12 152
12 153
12 155
12 156
12 158
13 1
13 3
13 4
13 6
13 7
13 8
13 10
13 12
13 18
13 19
13 22
13 23
13 27
13 28
13 29
13 30
13 31
13 40
13 48
13 51
13 54
13 61
13 63
13 75
13 77
13 79
13 80
13 81
13 84
13 88
13 101
13 107
13 111
13 112
13 114
13 115
13 118
13 121
13 122
13 123
13 125
13 133
13 134
13 135
13 138
13 147
13 149
13 154
13 155
13 158
14 0
14 3
14 4
14 6
14 7
14 8
14 10
14 12
14 13
14 17
14 20
14 21
14 24
14 28
14 31
14 33
14 34
14 36
14 39
14 41
14 43
14 44
14 52
14 53
14 54
14 55
14 59
14 64
14 65
14 69
14 70
14 73
14 75
14 77
14 79
14 81
14 82
14 83
14 86
14 87
14 91
14 95
14 101
14 104
14 106
14 109
14 111
14 112
14 113
14 117
14 118
14 119
14 120
14 121
14 125
14 126
14 136
14 140
14 141
14 143
14 154
14 158
15 3
15 7
15 11
15 12
15 13
15 19
15 20
15 23
15 25
15 27
15 34
15 41
15 45
15 47
15 51
15 55
15 56
15 57
15 58
15 61
15 63
15 64
15 65
15 67
15 68
15 69
15 74
15 76
15 80
15 81
15 86
15 87
15 91
15 92
15 93
15 94
15 97
15 98
15 103
15 104
15 108
15 109
15 112
15 117
15 118
15 120
15 122
15 126
15 128
15 129
15 130
15 134
15 135
15 136
15 137
15 138
15 141
15 142
15 144
15 145
15 147
15 149
15 150
15 151
15 153
15 156
15 159
16 2
16 5
16 6
16 14
16 15
16 16
16 18
16 25
16 28
16 29
16 30
16 32
16 33
16 34
16 44
16 46
16 48
16 53
16 54
16 57
16 60
16 61
16 62
16 64
16 66
16 67
16 68
16 70
16 74
16 75
16 79
16 80
16 81
16 87
16 89
16 93
16 96
16 100
16 102
16 104
16 109
16 111
16 113
16 115
16 117
16 119
16 123
16 125
16 126
16 127
16 128
16 129
16 133
16 135
16 138
16 139
16 140
16 144
16 147
16 148
16 149
16 150
16 153
16 158
17 0
17 3
17 10
17 11
17 13
17 14
17 15
17 23
17 28
17 32
17 36
17 40
17 45
17 49
17 52
17 53
17 55
17 56
17 57
17 63
17 64
17 65
17 69
17 72
17 73
17 79
17 80
17 81
17 83
17 93
17 96
17 98
17 99
17 102
17 104
17 108
17 109
17 110
17 111
17 114
17 118
17 122
17 123
17 124
17 126
17 130
17 133
17 141
17 142
17 146
17 148
17 149
17 152
17 156
18 0
18 1
18 3
18 7
18 8
18 9
18 11
18 13
18 16
18 18
18 22
18 23
18 26
18 32
18 33
18 38
18 42
18 44
18 60
18 63
18 64
18 66
18 68
18 70
18 71
18 74
18 75
18 77
18 78
18 80
18 81
18 84
18 86
18 87
18 89
18 90
18 92
18 94
18 96
18 97
18 98
18 100
18 101
18 104
18 106
18 110
18 111
18 112
18 118
18 120
18 121
18 123
18 128
18 134
18 135
18 137
18 138
18 139
18 140
18 142
18 146
18 148
18 150
18 152
18 156
18 158
18 159
19 1
19 2
19 3
19 6
19 8
19 9
19 10
19 11
19 13
19 14
19 16
19 19
19 25
19 27
19 29
19 30
19 31
19 35
19 37
19 38
19 40
19 46
19 47
19 51
19 57
19 58
19 63
19 64
19 72
19 76
19 77
19 78
19 79
19 83
19 95
19 96
19 98
19 99
19 101
19 102
19 103
19 104
19 105
19 106
19 107
19 110
19 111
19 114
19 115
19 119
19 122
19 125
19 128
19 133
19 134
19 135
19 139
19 140
19 141
19 145
19 147
19 149
19 151
19 152
19 153
19 154
19 156
20 1
20 2
20 3
20 5
20 8
20 14
20 15
20 16
20 17
20 20
20 22
20 23
20 28
20 32
20 38
20 44
20 49
20 50
20 54
20 57
20 59
20 61
20 62
20 63
20 64
20 72
20 73
20 77
20 78
20 79
20 84
20 88
20 90
20 93
20 94
20 96
20 102
20 106
20 108
20 111
20 112
20 123
20 124
20 132
20 134
20 138
20 140
20 141
20 145
20 146
20 150
20 152
20 156
20 157
21 2
21 4
21 5
21 6
21 7
21 8
21 10
21 12
21 13
21 18
21 20
21 22
21 29
21 34
21 35
21 36
21 37
21 40
21 42
21 43
21 44
21 45
21 47
21 48
21 50
21 52
21 55
21 56
21 59
21 60
21 66
21 69
21 70
21 71
21 72
21 73
21 82
21 83
21 86
21 88
21 89
21 91
21 92
21 94
21 95
21 99
21 103
21 104
21 105
21 108
21 110
21 112
21 113
21 114
21 115
21 116
21 117
21 118
21 119
21 124
21 125
21 128
21 129
21 130
21 134
21 137
21 138
21 143
21 145
21 154
21 155
21 156
21 157
21 158
22 0
22 3
22 5
22 7
22 10
22 14
22 21
22 22
22 23
22 24
22 28
22 31
22 33
22 34
22 37
22 41
22 45
22 46
22 47
22 48
22 50
22 51
22 53
22 54
22 55
22 58
22 60
22 61
22 64
22 65
22 68
22 72
22 73
22 77
22 81
22 82
22 85
22 90
22 91
22 92
22 93
22 98
22 103
22 104
22 106
22 108
22 109
22 110
22 112
22 113
22 117
22 119
22 120
22 121
22 123
22 124
22 126
22 127
22 130
22 134
22 139
22 143
22 145
22 146
22 147
22 148
22 151
22 152
22 155
22 156
22 157
23 0
23 1
23 2
23 3
23 4
23 5
23 7
23 11
23 17
23 31
23 33
23 40
23 41
23 42
23 45
23 46
23 50
23 52
23 57
23 59
23 60
23 65
23 67
23 76
23 77
23 79
23 81
23 83
23 88
23 98
23 114
23 115
23 116
23 118
23 124
23 129
23 131
23 132
23 134
23 139
23 140
23 142
23 144
23 145
23 146
23 150
23 151
23 152
23 153
23 154
23 157
23 158
24 0
24 2
24 6
24 7
24 9
24 10
24 16
24 24
24 25
24 27
24 28
24 30
24 35
24 37
24 40
24 42
24 44
24 48
24 49
24 51
24 53
24 54
24 55
24 57
24 58
24 62
24 64
24 66
24 69
24 70
24 74
24 77
24 83
24 84
24 85
24 90
24 91
24 94
24 95
24 96
24 100
24 101
24 103
24 105
24 109
24 111
24 115
24 120
24 121
24 123
24 124
24 125
24 126
24 127
24 129
24 132
24 133
24 138
24 139
24 140
24 141
24 143
24 144
24 147
24 148
24 150
24 152
24 154
24 156
25 2
25 5
25 15
25 20
25 21
25 22
25 24
25 27
25 28
25 29
25 31
25 35
25 36
25 38
25 39
25 41
25 42
25 44
25 45
25 46
25 47
25 52
25 53
25 61
25 63
25 67
25 69
25 70
25 74
25 79
25 80
25 81
25 84
25 91
25 92
25 93
25 100
25 101
25 103
25 105
25 106
25 114
25 115
25 119
25 120
25 126
25 127
25 133
25 134
25 135
25 137
25 140
25 141
25 148
25 150
25 151
25 152
25 155
25 159
26 0
26 4
26 11
26 14
26 15
26 16
26 17
26 21
26 23
26 31
26 35
26 40
26 46
26 47
26 49
26 51
26 52
26 56
26 58
26 59
26 60
26 62
26 63
26 65
26 66
26 68
26 69
26 70
26 72
26 74
26 76
26 77
26 82
26 90
26 91
26 96
26 97
26 99
26 100
26 102
26 103
26 104
26 109
26 111
26 114
26 115
26 118
26 124
26 125
26 129
26 130
26 132
26 135
26 146
26 147
26 149
26 151
26 159
27 4
27 9
27 12
27 14
27 15
27 17
27 21
27 27
27 28
27 32
27 35
27 40
27 41
27 42
27 44
27 45
27 47
27 50
27 52
27 53
27 54
27 57
27 60
27 68
27 69
27 70
27 71
27 73
27 74
27 75
27 78
27 81
27 82
27 87
27 88
27 89
27 91
27 93
27 94
27 96
27 100
27 102
27 105
27 106
27 107
27 111
27 113
27 114
27 115
27 118
27 119
27 127
27 128
27 131
27 132
27 136
27 139
27 143
27 146
27 150
27 154
27 158
28 1
28 4
28 5
28 6
28 7
28 8
28 13
28 14
28 15
28 17
28 20
28 23
28 25
28 27
28 28
28 30
28 33
28 36
28 37
28 38
28 40
28 42
28 46
28 47
28 48
28 50
28 55
28 56
28 57
28 59
28 60
28 64
28 67
28 68
28 75
28 77
28 80
28 85
28 86
28 87
28 88
28 89
28 90
28 92
28 94
28 97
28 98
28 100
28 103
28 105
28 108
28 109
28 114
28 119
28 122
28 125
28 128
28 130
28 132
28 136
28 138
28 140
28 142
28 144
28 149
28 157
29 1
29 3
29 4
29 5
29 6
29 7
29 11
29 12
29 13
29 16
29 23
29 27
29 31
29 32
29 34
29 35
29 36
29 37
29 38
29 39
29 41
29 45
29 52
29 53
29 55
29 69
29 71
29 72
29 75
29 78
29 85
29 88
29 90
29 91
29 95
29 96
29 101
29 104
29 107
29 108
29 110
29 113
29 114
29 116
29 118
29 119
29 124
29 126
29 128
29 129
29 130
29 131
29 149
29 156
29 158
29 159
30 0
30 1
30 3
30 4
30 6
30 7
30 8
30 11
30 12
30 14
30 17
30 18
30 22
30 24
30 25
30 29
30 32
30 39
30 41
30 42
30 43
30 44
30 45
30 49
30 50
30 52
30 54
30 55
30 58
30 62
30 64
30 71
30 77
30 79
30 84
30 85
30 94
30 95
30 99
30 101
30 103
30 105
30 107
30 110
30 111
30 112
30 113
30 114
30 120
30 122
30 124
30 125
30 126
30 134
30 141
30 143
30 144
30 146
30 148
30 150
30 154
31 4
31 5
31 7
31 8
31 15
31 16
31 17
31 19
31 20
31 26
31 31
31 32
31 34
31 35
31 41
31 42
31 47
31 49
31 51
31 52
31 55
31 56
31 57
31 62
31 71
31 72
31 73
31 74
31 78
31 79
31 81
31 91
31 93
31 97
31 99
31 103
31 106
31 107
31 108
31 110
31 113
31 116
31 120
31 123
31 126
31 129
31 131
31 133
31 134
31 135
31 137
31 138
31 141
31 145
31 153
31 158
32 0
32 2
32 6
32 8
32 17
32 18
32 21
32 22
32 23
32 24
32 26
32 27
32 30
32 31
32 32
32 35
32 40
32 41
32 43
32 46
32 47
32 50
32 51
32 52
32 54
32 57
32 62
32 65
32 66
32 69
32 77
32 78
32 80
32 81
32 84
32 88
32 90
32 94
32 96
32 97
32 98
32 99
32 100
32 101
32 103
32 108
32 115
32 117
32 118
32 119
32 124
32 125
32 126
32 128
32 130
32 134
32 135
32 139
32 142
32 146
32 151
32 154
32 155
33 10
33 12
33 13
33 18
33 20
33 22
33 26
33 28
33 29
33 31
33 32
33 33
33 34
33 39
33 41
33 42
33 48
33 50
33 51
33 52
33 53
33 58
33 59
33 61
33 64
33 65
33 66
33 70
33 72
33 76
33 80
33 82
33 83
33 86
33 87
33 88
33 91
33 92
33 94
33 97
33 98
33 99
33 100
33 106
33 107
33 109
33 113
33 116
33 118
33 119
33 121
33 122
33 126
33 129
33 131
33 134
33 135
33 136
33 138
33 140
33 141
33 143
33 145
33 148
33 150
33 151
33 153
33 159
34 3
34 4
34 6
34 7
34 8
34 9
34 10
34 11
34 12
34 14
34 15
34 16
34 17
34 18
34 26
34 29
34 31
34 32
34 34
34 35
34 36
34 37
34 38
34 47
34 49
34 51
34 53
34 56
34 57
34 59
34 62
34 66
34 68
34 70
34 74
34 77
34 79
34 82
34 83
34 87
34 90
34 97
34 99
34 102
34 104
34 106
34 111
34 113
34 114
34 115
34 117
34 118
34 119
34 125
34 127
34 132
34 136
34 137
34 141
34 147
34 149
34 150
34 151
34 152
34 158
35 0
35 1
35 4
35 6
35 10
35 11
35 14
35 16
35 24
35 25
35 26
35 27
35 32
35 33
35 40
35 43
35 44
35 45
35 47
35 48
35 51
35 53
35 55
35 61
35 62
35 65
35 66
35 68
35 73
35 74
35 75
35 77
35 79
35 82
35 84
35 86
35 87
35 88
35 89
35 91
35 92
35 96
35 100
35 103
35 105
35 108
35 109
35 114
35 117
35 119
35 120
35 128
35 135
35 137
35 139
35 141
35 142
35 148
35 154
35 159
36 0
36 1
36 2
36 3
36 5
36 6
36 9
36 10
36 11
36 16
36 23
36 27
36 29
36 31
36 34
36 36
36 37
36 39
36 43
36 52
36 53
36 54
36 55
36 58
36 59
36 60
36 61
36 62
36 63
36 64
36 69
36 75
36 79
36 82
36 83
36 86
36 89
36 90
36 93
36 96
36 97
36 101
36 102
36 103
36 105
36 108
36 109
36 110
36 111
36 113
36 115
36 117
36 119
36 120
36 121
36 122
36 125
36 126
36 128
36 131
36 134
36 139
36 140
36 144
36 146
36 147
36 151
36 154
36 155
36 156
36 157
37 0
37 5
37 6
37 9
37 16
37 18
37 22
37 23
37 24
37 25
37 27
37 36
37 38
37 39
37 41
37 45
37 47
37 48
37 49
37 51
37 52
37 53
37 55
37 57
37 58
37 59
37 63
37 65
37 68
37 70
37 71
37 74
37 75
37 78
37 83
37 86
37 87
37 88
37 89
37 90
37 91
37 93
37 94
37 101
37 102
37 105
37 108
37 110
37 111
37 112
37 113
37 116
37 118
37 121
37 123
37 124
37 126
37 127
37 128
37 129
37 130
37 132
37 133
37 134
37 136
37 137
37 139
37 141
37 143
37 144
37 145
37 146
37 154
37 156
37 157
37 159
38 1
38 2
38 4
38 6
38 8
38 13
38 15
38 16
38 17
38 21
38 22
38 27
38 29
38 35
38 40
38 44
38 46
38 50
38 51
38 52
38 53
38 56
38 58
38 64
38 65
38 67
38 69
38 70
38 71
38 73
38 74
38 75
38 79
38 84
38 86
38 90
38 92
38 93
38 95
38 97
38 103
38 104
38 110
38 111
38 113
38 114
38 125
38 128
38 134
38 135
38 141
38 144
38 146
38 147
38 148
38 153
38 156
38 158
39 2
39 8
39 9
39 11
39 12
39 15
39 17
39 20
39 21
39 22
39 24
39 26
39 27
39 32
39 35
39 39
39 43
39 47
39 48
39 53
39 65
39 66
39 68
39 71
39 74
39 78
39 80
39 89
39 93
39 98
39 99
39 100
39 105
39 110
39 112
39 113
39 117
39 118
39 120
39 123
39 124
39 127
39 128
39 131
39 132
39 133
39 134
39 136
39 139
39 141
39 142
39 143
39 150
39 151
39 152
39 153
39 154
39 155
39 158
39 159
40 0
40 1
40 2
40 3
40 4
40 6
40 11
40 13
40 14
40 16
40 19
40 24
40 27
40 29
40 30
40 33
40 37
40 40
40 42
40 47
40 48
40 50
40 52
40 53
40 61
40 62
40 63
40 64
40 65
40 66
40 67
40 69
40 72
40 73
40 74
40 76
40 77
40 81
40 83
40 89
40 90
40 91
40 92
40 94
40 95
40 96
40 97
40 99
40 100
40 104
40 109
40 110
40 112
40 116
40 117
40 121
40 122
40 124
40 129
40 130
40 131
40 134
40 135
40 136
40 139
40 141
40 142
40 144
40 145
40 149
40 150
40 154
40 157
40 158
41 1
41 3
41 5
41 6
41 7
41 9
41 11
41 12
41 17
41 23
41 28
41 29
41 34
41 35
41 37
41 38
41 40
41 43
41 44
41 51
41 56
41 57
41 58
41 59
41 60
41 61
41 64
41 65
41 66
41 67
41 69
41 70
41 73
41 82
41 84
41 87
41 91
41 94
41 97
41 99
41 100
41 103
41 104
41 113
41 119
41 126
41 131
41 132
41 135
41 137
41 142
41 145
41 150
41 153
41 156
42 0
42 1
42 8
42 14
42 15
42 17
42 18
42 20
42 21
42 23
42 27
42 29
42 30
42 31
42 32
42 37
42 39
42 40
42 41
42 50
42 51
42 55
42 56
42 57
42 59
42 60
42 66
42 67
42 68
42 69
42 70
42 71
42 72
42 74
42 75
42 77
42 80
42 82
42 86
42 90
42 92
42 94
42 96
42 104
42 106
42 113
42 115
42 119
42 123
42 124
42 128
42 133
42 134
42 146
42 147
42 148
42 149
42 151
42 152
42 153
42 154
42 156
43 7
43 12
43 13
43 25
43 26
43 27
43 28
43 29
43 33
43 34
43 39
43 41
43 44
43 47
43 49
43 51
43 54
43 57
43 58
43 60
43 61
43 62
43 63
43 64
43 70
43 71
43 79
43 81
43 83
43 84
43 86
43 90
43 93
43 95
43 96
43 98
43 99
43 102
43 108
43 114
43 115
43 118
43 119
43 120
43 121
43 122
43 123
43 129
43 130
43 133
43 139
43 142
43 143
43 144
43 146
43 152
43 153
43 155
43 156
44 0
44 3
44 4
44 14
44 15
44 18
44 19
44 20
44 21
44 23
44 26
44 28
44 30
44 35
44 37
44 38
44 42
44 46
44 47
44 50
44 58
44 59
44 61
44 63
44 64
44 74
44 75
44 76
44 81
44 82
44 87
44 89
44 90
44 91
44 94
44 96
44 99
44 101
44 102
44 103
44 105
44 108
44 110
44 111
44 112
44 114
44 115
44 116
44 118
44 120
44 121
44 122
44 123
44 125
44 128
44 129
44 130
44 134
44 143
44 146
44 149
44 157
44 158
45 4
45 5
45 6
45 7
45 13
45 14
45 17
45 18
45 20
45 21
45 27
45 28
45 30
45 40
45 44
45 45
45 46
45 55
45 58
45 60
45 61
45 62
45 63
45 64
45 65
45 66
45 67
45 76
45 77
45 82
45 83
45 84
45 86
45 90
45 92
45 96
45 99
45 110
45 112
45 114
45 118
45 121
45 132
45 133
45 136
45 137
45 138
45 139
45 143
45 145
45 150
45 155
45 156
45 157
46 0
46 3
46 6
46 11
46 12
46 13
46 17
46 20
46 22
46 26
46 27
46 32
46 34
46 39
46 42
46 43
46 44
46 46
46 50
46 54
46 55
46 57
46 59
46 61
46 64
46 65
46 67
46 68
46 71
46 72
46 74
46 75
46 76
46 77
46 78
46 85
46 88
46 91
46 96
46 97
46 98
46 102
46 104
46 111
46 113
46 114
46 117
46 119
46 120
46 121
46 125
46 128
46 129
46 132
46 136
46 137
46 143
46 146
46 148
46 154
46 157
46 158
47 4
47 9
47 12
47 14
47 20
47 23
47 24
47 27
47 30
47 31
47 33
47 36
47 46
47 47
47 53
47 54
47 58
47 59
47 61
47 62
47 63
47 64
47 68
47 70
47 74
47 75
47 79
47 80
47 81
47 82
47 85
47 88
47 90
47 95
47 98
47 102
47 106
47 107
47 110
47 111
47 112
47 113
47 114
47 116
47 118
47 119
47 120
47 124
47 126
47 128
47 130
47 131
47 132
47 134
47 139
47 142
47 144
47 146
47 147
47 149
47 151
47 156
47 157
47 158
48 1
48 2
48 3
48 6
48 13
48 22
48 24
48 33
48 36
48 37
48 40
48 49
48 53
48 59
48 61
48 63
48 66
48 69
48 71
48 74
48 76
48 77
48 78
48 79
48 83
48 85
48 86
48 90
48 91
48 94
48 96
48 99
48 102
48 103
48 105
48 106
48 110
48 112
48 114
48 115
48 116
48 118
48 120
48 121
48 124
48 125
48 131
48 133
48 135
48 136
48 137
48 139
48 140
48 142
48 143
48 145
48 146
48 149
48 154
48 155
48 157
49 0
49 2
49 3
49 6
49 11
49 13
49 14
49 17
49 18
49 22
49 23
49 28
49 29
49 32
49 35
49 36
49 37
49 38
49 42
49 43
49 46
49 49
49 51
49 53
49 55
49 61
49 62
49 64
49 66
49 68
49 75
49 76
49 79
49 89
49 90
49 91
49 98
49 100
49 102
49 105
49 106
49 107
49 109
49 110
49 114
49 117
49 121
49 122
49 123
49 125
49 130
49 133
49 135
49 137
49 141
49 142
49 143
49 144
49 145
49 146
49 147
49 155
50 0
50 1
50 2
50 3
50 5
50 9
50 10
50 16
50 20
50 22
50 23
50 24
50 25
50 26
50 27
50 29
50 31
50 34
50 35
50 36
50 38
50 40
50 42
50 45
50 47
50 49
50 50
50 52
50 56
50 58
50 59
50 62
50 63
50 68
50 70
50 75
50 76
50 80
50 83
50 84
50 85
50 87
50 91
50 92
50 94
50 96
50 97
50 98
50 100
50 105
50 109
50 111
50 113
50 116
50 117
50 118
50 123
50 125
50 136
50 140
50 144
50 147
50 150
50 153
50 154
50 155
50 156
50 157
50 159
51 1
51 2
51 3
51 6
51 10
51 11
51 13
51 17
51 18
51 23
51 24
51 25
51 30
51 34
51 37
51 39
51 46
51 47
51 48
51 51
51 53
51 54
51 56
51 58
51 63
51 64
51 68
51 70
51 72
51 74
51 76
51 77
51 78
51 80
51 84
51 85
51 86
51 92
51 97
51 100
51 101
51 104
51 106
51 107
51 108
51 110
51 113
51 114
51 116
51 118
51 119
51 123
51 124
51 126
51 135
51 137
51 138
51 142
51 143
51 145
51 151
51 153
51 157
52 6
52 11
52 13
52 18
52 19
52 23
52 24
52 25
52 29
52 35
52 39
52 42
52 43
52 46
52 47
52 54
52 56
52 57
52 58
52 62
52 63
52 64
52 70
52 74
52 75
52 79
52 83
52 84
52 85
52 89
52 95
52 97
52 98
52 99
52 103
52 104
52 108
52 110
52 111
52 116
52 117
52 121
52 130
52 132
52 136
52 137
52 138
52 139
52 141
52 147
52 148
52 149
52 151
52 154
52 156
52 159
53 1
53 4
53 5
53 7
53 12
53 17
53 21
53 23
53 25
53 26
53 28
53 30
53 32
53 33
53 34
53 37
53 42
53 43
53 44
53 47
53 49
53 53
53 54
53 55
53 56
53 61
53 64
53 70
53 71
53 72
53 73
53 77
53 79
53 80
53 81
53 82
53 87
53 89
53 92
53 94
53 95
53 96
53 104
53 105
53 107
53 109
53 113
53 116
53 118
53 119
53 121
53 124
53 126
53 127
53 128
53 132
53 133
53 134
53 138
53 144
53 146
53 150
53 152
53 153
53 155
53 156
53 158
53 159
54 1
54 4
54 6
54 7
54 8
54 9
54 11
54 22
54 23
54 27
54 47
54 48
54 50
54 55
54 56
54 57
54 60
54 61
54 66
54 67
54 73
54 74
54 75
54 79
54 83
54 84
54 85
54 88
54 89
54 91
54 92
54 94
54 96
54 99
54 101
54 102
54 103
54 104
54 107
54 110
54 111
54 112
54 113
54 115
54 116
54 117
54 118
54 123
54 128
54 135
54 141
54 144
54 146
54 148
54 149
54 157
55 2
55 4
55 6
55 13
55 21
55 23
55 26
55 27
55 30
55 33
55 36
55 37
55 39
55 46
55 47
55 48
55 49
55 51
55 54
55 58
55 61
55 69
55 71
55 73
55 74
55 76
55 77
55 79
55 80
55 81
55 83
55 85
55 90
55 92
55 93
55 94
55 95
55 96
55 101
55 102
55 103
55 105
55 108
55 111
55 112
55 116
55 120
55 121
55 122
55 123
55 124
55 126
55 128
55 129
55 131
55 135
55 137
55 140
55 141
55 143
55 144
55 147
55 149
55 151
55 152
55 153
55 155
55 156
55 159
56 2
56 3
56 6
56 9
56 10
56 11
56 12
56 15
56 16
56 17
56 18
56 19
56 20
56 21
56 23
56 30
56 31
56 32
56 33
56 34
56 37
56 39
56 41
56 44
56 50
56 52
56 53
56 54
56 55
56 58
56 60
56 61
56 65
56 66
56 69
56 71
56 72
56 74
56 76
56 77
56 79
56 84
56 85
56 86
56 88
56 89
56 90
56 93
56 94
56 95
56 98
56 99
56 101
56 102
56 104
56 108
56 109
56 116
56 117
56 118
56 119
56 120
56 121
56 122
56 126
56 133
56 135
56 139
56 141
56 144
56 147
56 150
56 151
56 155
56 156
56 159
57 1
57 2
57 3
57 5
57 11
57 12
57 15
57 20
57 21
57 23
57 24
57 26
57 31
57 32
57 33
57 36
57 37
57 38
57 39
57 41
57 42
57 43
57 44
57 45
57 51
57 55
57 63
57 67
57 68
57 70
57 71
57 74
57 76
57 77
57 78
57 81
57 82
57 83
57 88
57 90
57 92
57 95
57 98
57 99
57 110
57 114
57 117
57 119
57 120
57 125
57 128
57 132
57 133
57 135
57 137
57 138
57 139
57 142
57 143
57 145
57 147
57 149
57 151
57 152
57 155
57 157
57 159
58 1
58 3
58 5
58 7
58 9
58 12
58 15
58 20
58 27
58 28
58 31
58 35
58 38
58 39
58 43
58 45
58 48
58 52
58 54
58 56
58 59
58 62
58 63
58 64
58 66
58 68
58 69
58 70
58 71
58 75
58 76
58 77
58 81
58 82
58 83
58 84
58 85
58 86
58 87
58 90
58 94
58 95
58 96
58 100
58 104
58 105
58 110
58 112
58 115
58 116
58 118
58 119
58 120
58 121
58 123
58 125
58 132
58 134
58 135
58 137
58 138
58 140
58 141
58 142
58 146
58 147
58 148
58 150
58 151
58 154
58 155
58 156
58 158
59 3
59 7
59 9
59 12
59 16
59 21
59 22
59 24
59 27
59 29
59 32
59 33
59 38
59 40
59 47
59 48
59 49
59 56
59 57
59 62
59 68
59 69
59 70
59 71
59 72
59 73
59 76
59 77
59 79
59 80
59 83
59 88
59 90
59 95
59 98
59 101
59 102
59 107
59 110
59 115
59 116
59 118
59 120
59 121
59 123
59 125
59 128
59 129
59 135
59 136
59 140
59 143
59 147
59 148
59 149
59 154
59 156
59 158
59 159
60 7
60 12
60 13
60 16
60 20
60 22
60 23
60 24
60 25
60 28
60 30
60 31
60 32
60 33
60 36
60 38
60 39
60 43
60 45
60 47
60 52
60 53
60 56
60 61
60 62
60 63
60 65
60 66
60 69
60 70
60 72
60 74
60 79
60 80
60 81
60 82
60 83
60 86
60 90
60 92
60 93
60 94
60 98
60 105
60 106
60 107
60 108
60 109
60 113
60 114
60 118
60 123
60 124
60 125
60 130
60 131
60 132
60 134
60 135
60 137
60 138
60 142
60 144
60 146
60 147
60 150
60 152
60 153
60 154
60 155
60 157
60 158
60 159
61 0
61 3
61 5
61 7
61 8
61 10
61 13
61 15
61 19
61 20
61 27
61 30
61 33
61 34
61 35
61 37
61 38
61 39
61 44
61 48
61 55
61 60
61 65
61 66
61 68
61 79
61 80
61 85
61 86
61 87
61 89
61 91
61 92
61 94
61 96
61 98
61 100
61 101
61 102
61 105
61 107
61 109
61 113
61 117
61 120
61 121
61 124
61 125
61 126
61 128
61 130
61 131
61 133
61 135
61 136
61 137
61 140
61 142
61 143
61 144
61 145
61 147
61 148
61 149
61 151
61 152
61 155
61 156
62 6
62 7
62 11
62 14
62 20
62 22
62 26
62 27
62 29
62 31
62 32
62 33
62 35
62 36
62 39
62 40
62 42
62 44
62 45
62 48
62 51
62 52
62 53
62 54
62 59
62 60
62 63
62 64
62 70
62 71
62 72
62 74
62 82
62 83
62 86
62 90
62 93
62 94
62 95
62 102
62 103
62 104
62 105
62 106
62 109
62 110
62 112
62 113
62 121
62 123
62 127
62 130
62 135
62 138
62 143
62 149
62 150
62 151
62 155
62 156
63 2
63 7
63 10
63 14
63 15
63 16
63 18
63 19
63 20
63 21
63 23
63 24
63 27
63 32
63 33
63 34
63 37
63 40
63 42
63 44
63 47
63 48
63 52
63 55
63 56
63 63
63 65
63 67
63 69
63 70
63 72
63 77
63 80
63 83
63 84
63 86
63 90
63 96
63 97
63 98
63 99
63 100
63 101
63 102
63 103
63 107
63 110
63 111
63 112
63 128
63 136
63 137
63 140
63 141
63 143
63 145
63 146
63 147
63 155
63 157
63 158
64 0
64 1
64 3
64 4
64 7
64 9
64 11
64 12
64 13
64 14
64 15
64 17
64 22
64 24
64 25
64 26
64 27
64 29
64 33
64 37
64 42
64 46
64 48
64 50
64 54
64 57
64 58
64 60
64 61
64 63
64 70
64 71
64 73
64 74
64 76
64 78
64 79
64 80
64 85
64 86
64 91
64 93
64 94
64 96
64 97
64 98
64 101
64 102
64 105
64 106
64 110
64 111
64 112
64 113
64 114
64 115
64 117
64 118
64 122
64 126
64 132
64 136
64 137
64 143
64 145
64 146
64 148
64 150
64 151
64 152
64 153
64 157
64 158
65 5
65 6
65 7
65 8
65 13
65 15
65 16
65 19
65 25
65 26
65 27
65 32
65 37
65 38
65 45
65 47
65 48
65 49
65 51
65 55
65 56
65 57
65 59
65 60
65 61
65 65
65 66
65 72
65 74
65 78
65 79
65 85
65 86
65 88
65 90
65 94
65 96
65 98
65 104
65 105
65 106
65 107
65 108
65 110
65 112
65 113
65 114
65 119
65 122
65 130
65 135
65 136
65 138
65 141
65 142
65 144
65 145
65 146
65 151
65 153
65 156
66 4
66 5
66 7
66 8
66 11
66 16
66 21
66 27
66 30
66 32
66 35
66 37
66 41
66 47
66 51
66 52
66 53
66 54
66 59
66 60
66 63
66 64
66 67
66 69
66 71
66 72
66 75
66 76
66 78
66 81
66 88
66 89
66 90
66 91
66 92
66 94
66 100
66 101
66 103
66 105
66 112
66 114
66 115
66 117
66 118
66 125
66 126
66 137
66 138
66 141
66 145
66 150
66 151
66 152
66 154
67 1
67 2
67 3
67 7
67 12
67 13
67 16
67 17
67 20
67 23
67 24
67 25
67 26
67 27
67 28
67 36
67 38
67 39
67 40
67 42
67 43
67 46
67 49
67 50
67 51
67 53
67 54
67 56
67 57
67 60
67 63
67 64
67 69
67 71
67 73
67 74
67 76
67 78
67 80
67 81
67 85
67 86
67 87
67 88
67 91
67 92
67 94
67 95
67 96
67 99
67 100
67 103
67 104
67 106
67 108
67 113
67 115
67 116
67 117
67 118
67 122
67 123
67 125
67 128
67 129
67 131
67 133
67 135
67 136
67 137
67 139
67 141
67 143
67 156
67 159
68 0
68 1
68 5
68 7
68 8
68 10
68 11
68 12
68 16
68 19
68 21
68 23
68 24
68 27
68 29
68 30
68 34
68 39
68 41
68 42
68 47
68 49
68 50
68 52
68 53
68 60
68 62
68 63
68 64
68 65
68 68
68 74
68 75
68 76
68 78
68 79
68 83
68 84
68 93
68 94
68 99
68 101
68 103
68 105
68 106
68 107
68 109
68 110
68 113
68 114
68 123
68 124
68 127
68 128
68 130
68 132
68 136
68 138
68 139
68 140
68 141
68 143
68 145
68 147
68 151
68 153
68 154
68 155
68 158
69 2
69 3
69 5
69 6
69 13
69 14
69 15
69 16
69 17
69 21
69 22
69 24
69 26
69 27
69 28
69 29
69 37
69 38
69 43
69 45
69 46
69 47
69 51
69 53
69 56
69 61
69 64
69 67
69 68
69 71
69 72
69 74
69 75
69 76
69 77
69 82
69 85
69 90
69 94
69 97
69 98
69 107
69 109
69 114
69 118
69 120
69 121
69 124
69 126
69 127
69 128
69 134
69 138
69 139
69 148
69 151
69 153
69 154
69 155
70 1
70 3
70 6
70 11
70 12
70 14
70 15
70 17
70 20
70 24
70 25
70 27
70 29
70 33
70 34
70 35
70 37
70 38
70 39
70 40
70 42
70 46
70 52
70 54
70 55
70 56
70 58
70 63
70 64
70 65
70 66
70 72
70 73
70 74
70 80
70 82
70 83
70 87
70 89
70 90
70 98
70 100
70 102
70 104
70 106
70 108
70 113
70 114
70 115
70 117
70 121
70 123
70 125
70 126
70 127
70 131
70 135
70 137
70 138
70 140
70 141
70 144
70 154
70 157
70 158
71 0
71 1
71 3
71 4
71 5
71 7
71 9
71 12
71 13
71 16
71 18
71 20
71 24
71 26
71 28
71 29
71 31
71 32
71 35
71 37
71 38
71 40
71 42
71 43
71 44
71 45
71 48
71 50
71 56
71 58
71 60
71 61
71 63
71 64
71 68
71 69
71 72
71 74
71 75
71 82
71 83
71 87
71 89
71 90
71 92
71 94
71 97
71 103
71 107
71 109
71 113
71 114
71 115
71 116
71 118
71 120
71 121
71 124
71 125
71 128
71 131
71 132
71 133
71 138
71 139
71 153
71 154
71 156
71 157
72 2
72 4
72 7
72 10
72 11
72 13
72 15
72 16
72 18
72 22
72 24
72 26
72 27
72 30
72 32
72 35
72 40
72 41
72 43
72 46
72 52
72 55
72 56
72 58
72 60
72 62
72 64
72 65
72 68
72 69
72 71
72 72
72 74
72 77
72 78
72 80
72 83
72 84
72 86
72 89
72 90
72 91
72 92
72 95
72 97
72 100
72 101
72 102
72 104
72 106
72 107
72 111
72 115
72 117
72 120
72 121
72 122
72 128
72 129
72 132
72 135
72 137
72 143
72 145
72 147
72 148
72 150
72 151
72 154
72 157
72 158
73 1
73 2
73 9
73 10
73 11
73 19
73 20
73 21
73 22
73 26
73 28
73 29
73 30
73 32
73 33
73 34
73 37
73 42
73 43
73 47
73 49
73 54
73 57
73 58
73 59
73 61
73 63
73 68
73 69
73 70
73 71
73 75
73 76
73 78
73 80
73 81
73 84
73 85
73 87
73 89
73 91
73 92
73 93
73 94
73 96
73 98
73 99
73 102
73 103
73 106
73 107
73 110
73 119
73 122
73 124
73 126
73 129
73 130
73 131
73 132
73 133
73 135
73 139
73 141
73 142
73 143
73 145
73 151
73 153
73 154
74 0
74 1
74 2
74 5
74 7
74 8
74 12
74 13
74 14
74 16
74 17
74 21
74 22
74 23
74 24
74 30
74 31
74 39
74 40
74 48
74 49
74 57
74 62
74 66
74 67
74 69
74 73
74 74
74 76
74 78
74 79
74 81
74 82
74 83
74 90
74 91
74 92
74 98
74 104
74 106
74 108
74 109
74 110
74 111
74 114
74 116
74 121
74 122
74 123
74 128
74 129
74 136
74 137
74 138
74 139
74 142
74 143
74 145
74 151
74 153
74 157
75 2
75 5
75 6
75 12
75 16
75 17
75 18
75 21
75 26
75 28
75 31
75 37
75 38
75 41
75 47
75 48
75 49
75 51
75 56
75 58
75 59
75 60
75 61
75 64
75 67
75 71
75 72
75 73
75 75
75 79
75 91
75 92
75 93
75 94
75 97
75 98
75 108
75 109
75 113
75 114
75 116
75 119
75 121
75 122
75 124
75 125
75 126
75 130
75 132
75 134
75 135
75 138
75 140
75 141
75 142
75 144
75 145
75 147
75 149
75 151
75 152
75 153
75 155
75 156
75 158
76 0
76 1
76 2
76 5
76 9
76 11
76 13
76 19
76 21
76 22
76 23
76 24
76 30
76 31
76 33
76 35
76 36
76 37
76 38
76 40
76 42
76 43
76 48
76 51
76 53
76 55
76 56
76 59
76 62
76 64
76 67
76 72
76 73
76 75
76 76
76 77
76 78
76 80
76 81
76 84
76 86
76 87
76 89
76 93
76 94
76 95
76 97
76 99
76 103
76 107
76 108
76 110
76 112
76 114
76 116
76 118
76 119
76 120
76 121
76 122
76 125
76 127
76 128
76 129
76 132
76 133
76 134
76 136
76 142
76 144
76 145
76 146
76 147
76 151
76 152
76 153
76 154
76 155
76 156
76 157
77 0
77 2
77 7
77 10
77 11
77 14
77 15
77 16
77 24
77 29
77 31
77 32
77 36
77 38
77 40
77 41
77 43
77 46
77 47
77 48
77 52
77 58
77 59
77 60
77 61
77 62
77 63
77 65
77 68
77 72
77 73
77 75
77 77
77 78
77 81
77 82
77 84
77 91
77 92
77 96
77 97
77 98
77 99
77 102
77 108
77 111
77 115
77 116
77 117
77 118
77 120
77 125
77 127
77 129
77 132
77 136
77 137
77 138
77 139
77 143
77 146
77 147
77 148
77 149
77 151
77 152
77 155
77 156
78 1
78 2
78 3
78 6
78 7
78 10
78 11
78 12
78 13
78 15
78 16
78 22
78 30
78 32
78 34
78 38
78 40
78 42
78 43
78 44
78 45
78 47
78 49
78 50
78 53
78 55
78 58
78 59
78 60
78 61
78 62
78 64
78 65
78 66
78 70
78 71
78 76
78 79
78 83
78 84
78 86
78 87
78 91
78 94
78 96
78 98
78 99
78 108
78 109
78 111
78 112
78 116
78 119
78 123
78 126
78 128
78 129
78 133
78 138
78 142
78 144
78 149
78 156
78 158
79 0
79 2
79 3
79 4
79 6
79 8
79 13
79 15
79 18
79 19
79 22
79 27
79 28
79 29
79 32
79 35
79 37
79 39
79 40
79 44
79 45
79 48
79 51
79 55
79 56
79 57
79 60
79 61
79 65
79 74
79 77
79 78
79 82
79 84
79 85
79 88
79 93
79 97
79 100
79 102
79 104
79 105
79 106
79 107
79 109
79 111
79 120
79 121
79 124
79 127
79 128
79 129
79 130
79 131
79 133
79 134
79 137
79 138
79 139
79 144
79 147
79 149
79 150
79 151
79 153
79 157
79 159
80 5
80 7
80 8
80 12
80 15
80 17
80 19
80 22
80 23
80 29
80 30
80 41
80 43
80 44
80 45
80 46
80 48
80 49
80 50
80 51
80 53
80 55
80 56
80 59
80 60
80 69
80 75
80 76
80 77
80 78
80 81
80 82
80 83
80 84
80 89
80 90
80 91
80 93
80 94
80 96
80 97
80 98
80 101
80 103
80 109
80 114
80 117
80 118
80 121
80 123
80 124
80 125
80 126
80 128
80 129
80 130
80 131
80 133
80 142
80 144
80 148
80 154
80 155
80 156
80 157
81 0
81 2
81 7
81 12
81 13
81 14
81 15
81 20
81 21
81 24
81 26
81 27
81 28
81 31
81 32
81 34
81 35
81 40
81 41
81 43
81 45
81 48
81 51
81 54
81 59
81 60
81 61
81 64
81 68
81 71
81 74
81 78
81 81
81 82
81 83
81 84
81 88
81 92
81 93
81 95
81 98
81 99
81 100
81 104
81 106
81 109
81 112
81 113
81 114
81 117
81 119
81 129
81 130
81 134
81 135
81 138
81 140
81 142
81 146
81 147
81 148
81 149
81 153
81 154
81 155
81 159
82 0
82 2
82 4
82 5
82 6
82 7
82 9
82 14
82 15
82 16
82 19
82 22
82 23
82 26
82 28
82 29
82 30
82 35
82 37
82 38
82 43
82 47
82 53
82 62
82 65
82 72
82 73
82 75
82 79
82 80
82 83
82 84
82 87
82 88
82 93
82 95
82 99
82 102
82 103
82 105
82 109
82 111
82 112
82 113
82 115
82 116
82 118
82 119
82 120
82 123
82 128
82 130
82 131
82 132
82 134
82 137
82 143
82 148
82 149
82 150
82 151
82 152
82 153
83 0
83 3
83 4
83 8
83 9
83 12
83 13
83 16
83 22
83 26
83 27
83 32
83 34
83 36
83 38
83 39
83 41
83 42
83 44
83 45
83 46
83 50
83 55
83 56
83 63
83 64
83 65
83 69
83 72
83 73
83 76
83 77
83 78
83 79
83 80
83 81
83 83
83 89
83 90
83 92
83 98
83 102
83 106
83 109
83 117
83 126
83 130
83 132
83 136
83 137
83 140
83 148
83 150
83 151
83 155
83 156
83 158
83 159
84 0
84 3
84 8
84 10
84 11
84 12
84 17
84 23
84 27
84 30
84 37
84 38
84 39
84 43
84 46
84 47
84 48
84 49
84 51
84 54
84 55
84 60
84 67
84 70
84 73
84 74
84 75
84 78
84 81
84 82
84 83
84 84
84 85
84 86
84 87
84 88
84 89
84 93
84 95
84 98
84 99
84 102
84 112
84 113
84 114
84 117
84 119
84 120
84 121
84 122
84 124
84 127
84 131
84 133
84 139
84 142
84 143
84 146
84 148
84 151
84 152
84 153
84 154
85 0
85 1
85 2
85 3
85 4
85 6
85 9
85 10
85 12
85 14
85 18
85 21
85 22
85 25
85 27
85 30
85 33
85 35
85 36
85 37
85 38
85 40
85 45
85 46
85 48
85 51
85 53
85 55
85 64
85 67
85 69
85 70
85 71
85 73
85 74
85 75
85 76
85 77
85 78
85 79
85 81
85 84
85 87
85 94
85 97
85 99
85 102
85 103
85 106
85 110
85 112
85 114
85 116
85 121
85 122
85 125
85 126
85 127
85 128
85 129
85 130
85 131
85 132
85 135
85 136
85 137
85 142
85 144
85 146
85 148
85 151
85 154
85 158
85 159
86 6
86 10
86 11
86 15
86 33
86 34
86 35
86 40
86 44
86 46
86 47
86 48
86 49
86 51
86 53
86 54
86 57
86 58
86 59
86 63
86 64
86 66
86 67
86 72
86 74
86 75
86 79
86 81
86 82
86 84
86 85
86 86
86 89
86 91
86 97
86 99
86 103
86 105
86 106
86 107
86 110
86 111
86 117
86 118
86 119
86 120
86 121
86 123
86 125
86 127
86 129
86 133
86 136
86 137
86 140
86 143
86 144
86 152
86 155
86 156
86 157
86 158
86 159
87 0
87 3
87 7
87 12
87 13
87 14
87 18
87 19
87 20
87 22
87 24
87 27
87 29
87 36
87 37
87 41
87 42
87 45
87 48
87 49
87 52
87 57
87 59
87 62
87 64
87 68
87 69
87 70
87 72
87 78
87 80
87 85
87 87
87 89
87 93
87 95
87 97
87 98
87 101
87 103
87 104
87 106
87 107
87 108
87 111
87 112
87 115
87 117
87 120
87 121
87 123
87 124
87 128
87 129
87 133
87 136
87 137
87 138
87 141
87 142
87 146
87 148
87 149
87 150
87 151
87 152
87 156
88 3
88 6
88 8
88 11
88 14
88 18
88 19
88 23
88 29
88 30
88 31
88 32
88 36
88 37
88 39
88 40
88 43
88 44
88 47
88 52
88 55
88 56
88 59
88 60
88 63
88 64
88 65
88 67
88 68
88 70
88 73
88 74
88 75
88 76
88 79
88 84
88 89
88 93
88 94
88 95
88 99
88 100
88 101
88 107
88 113
88 114
88 116
88 120
88 122
88 123
88 125
88 127
88 128
88 129
88 132
88 135
88 136
88 138
88 140
88 141
88 142
88 143
88 145
88 150
88 152
88 153
88 155
88 156
88 158
89 0
89 1
89 9
89 11
89 14
89 15
89 16
89 17
89 22
89 23
89 27
89 28
89 29
89 30
89 37
89 40
89 41
89 42
89 45
89 47
89 48
89 54
89 56
89 58
89 64
89 65
89 70
89 71
89 73
89 74
89 79
89 81
89 82
89 83
89 84
89 98
89 99
89 103
89 104
89 105
89 108
89 110
89 115
89 116
89 117
89 120
89 122
89 124
89 125
89 126
89 128
89 133
89 140
89 142
89 147
89 148
89 156
90 2
90 3
90 7
90 11
90 19
90 22
90 23
90 26
90 27
90 29
90 30
90 34
90 36
90 38
90 46
90 48
90 50
90 51
90 61
90 66
90 69
90 71
90 74
90 75
90 79
90 81
90 85
90 86
90 91
90 92
90 93
90 95
90 96
90 97
90 98
90 99
90 100
90 102
90 104
90 106
90 113
90 114
90 115
90 118
90 128
90 130
90 137
90 139
90 140
90 141
90 144
90 147
90 151
90 156
90 157
90 158
91 3
91 4
91 5
91 8
91 13
91 14
91 15
91 16
91 21
91 22
91 23
91 26
91 27
91 30
91 31
91 37
91 41
91 43
91 44
91 46
91 47
91 48
91 52
91 57
91 68
91 72
91 73
91 76
91 79
91 82
91 84
91 85
91 88
91 89
91 91
91 95
91 97
91 99
91 100
91 103
91 106
91 110
91 113
91 117
91 127
91 128
91 131
91 133
91 134
91 136
91 137
91 139
91 140
91 142
91 144
91 145
91 149
91 151
91 152
91 155
91 156
91 157
91 159
92 1
92 3
92 4
92 8
92 9
92 11
92 15
92 16
92 18
92 20
92 21
92 24
92 25
92 28
92 29
92 30
92 39
92 40
92 48
92 49
92 52
92 54
92 57
92 60
92 64
92 66
92 67
92 71
92 72
92 73
92 74
92 76
92 77
92 80
92 83
92 84
92 85
92 87
92 89
92 97
92 98
92 103
92 104
92 105
92 106
92 107
92 110
92 112
92 114
92 117
92 119
92 122
92 123
92 124
92 126
92 127
92 132
92 134
92 138
92 139
92 143
92 144
92 146
92 147
92 149
92 151
92 152
92 153
92 155
92 158
93 1
93 2
93 3
93 8
93 14
93 17
93 18
93 20
93 21
93 23
93 27
93 29
93 30
93 41
93 55
93 56
93 57
93 59
93 62
93 65
93 66
93 67
93 68
93 69
93 72
93 74
93 78
93 79
93 83
93 87
93 88
93 92
93 93
93 99
93 101
93 104
93 106
93 111
93 116
93 117
93 118
93 119
93 122
93 126
93 129
93 131
93 132
93 143
93 148
93 150
93 151
93 152
93 154
93 155
93 157
93 158
93 159
94 1
94 2
94 3
94 5
94 6
94 8
94 9
94 14
94 16
94 17
94 19
94 20
94 23
94 24
94 25
94 30
94 32
94 33
94 34
94 38
94 40
94 44
94 48
94 49
94 50
94 54
94 55
94 61
94 66
94 67
94 68
94 71
94 74
94 78
94 79
94 80
94 82
94 83
94 85
94 88
94 91
94 98
94 99
94 100
94 101
94 104
94 105
94 106
94 107
94 111
94 112
94 113
94 115
94 116
94 117
94 120
94 122
94 126
94 127
94 129
94 131
94 132
94 133
94 134
94 135
94 136
94 137
94 138
94 142
94 148
94 153
94 159
95 1
95 2
95 3
95 6
95 10
95 12
95 15
95 18
95 19
95 21
95 22
95 23
95 25
95 26
95 27
95 28
95 29
95 31
95 33
95 34
95 36
95 39
95 41
95 42
95 44
95 47
95 49
95 50
95 52
95 53
95 57
95 58
95 60
95 65
95 66
95 72
95 73
95 75
95 76
95 79
95 80
95 84
95 95
95 97
95 98
95 99
95 103
95 107
95 112
95 116
95 119
95 122
95 123
95 128
95 130
95 132
95 134
95 136
95 137
95 138
95 139
95 140
95 142
95 143
95 145
95 147
95 148
95 149
95 152
95 153
95 156
95 158
95 159
96 2
96 3
96 5
96 13
96 14
96 15
96 16
96 17
96 18
96 22
96 24
96 25
96 28
96 31
96 33
96 36
96 37
96 39
96 40
96 42
96 46
96 49
96 51
96 52
96 53
96 57
96 63
96 68
96 73
96 78
96 82
96 83
96 85
96 86
96 87
96 88
96 95
96 106
96 108
96 109
96 115
96 119
96 120
96 124
96 126
96 133
96 135
96 138
96 141
96 142
96 148
96 151
96 154
96 156
96 157
96 159
97 11
97 13
97 17
97 18
97 22
97 24
97 25
97 30
97 31
97 32
97 38
97 40
97 45
97 46
97 47
97 51
97 52
97 56
97 61
97 65
97 68
97 70
97 72
97 75
97 76
97 78
97 79
97 80
97 82
97 83
97 86
97 89
97 92
97 93
97 94
97 95
97 97
97 98
97 101
97 104
97 106
97 108
97 109
97 117
97 118
97 120
97 121
97 124
97 126
97 129
97 130
97 133
97 136
97 137
97 140
97 143
97 144
97 146
97 149
97 150
97 151
97 152
97 153
97 156
97 158
98 4
98 9
98 10
98 12
98 13
98 14
98 15
98 17
98 18
98 20
98 22
98 26
98 27
98 28
98 30
98 32
98 33
98 35
98 36
98 37
98 41
98 48
98 49
98 55
98 60
98 62
98 68
98 70
98 71
98 73
98 80
98 82
98 85
98 87
98 89
98 91
98 93
98 96
98 98
98 100
98 101
98 102
98 103
98 105
98 106
98 109
98 112
98 113
98 116
98 118
98 121
98 122
98 126
98 127
98 128
98 130
98 131
98 133
98 144
98 147
98 149
98 154
98 156
98 157
98 158
98 159
99 0
99 1
99 4
99 5
99 6
99 7
99 13
99 16
99 19
99 21
99 25
99 27
99 29
99 30
99 31
99 32
99 33
99 35
99 37
99 38
99 41
99 42
99 43
99 44
99 46
99 48
99 50
99 51
99 54
99 56
99 59
99 60
99 63
99 64
99 66
99 67
99 69
99 70
99 74
99 78
99 81
99 84
99 86
99 87
99 89
99 92
99 94
99 97
99 98
99 99
99 101
99 104
99 106
99 107
99 113
99 116
99 119
99 120
99 128
99 129
99 131
99 132
99 133
99 139
99 140
99 141
99 143
99 145
99 148
99 152
99 154
100 1
100 3
100 4
100 5
100 6
100 7
100 8
100 9
100 13
100 14
100 16
100 17
100 18
100 28
100 29
100 30
100 37
100 38
100 41
100 44
100 45
100 47
100 52
100 54
100 55
100 63
100 64
100 65
100 83
100 86
100 87
100 91
100 92
100 93
100 96
100 101
100 109
100 110
100 114
100 118
100 120
100 122
100 123
100 130
100 135
100 136
100 139
100 146
100 147
100 155
100 157
100 159
101 1
101 2
101 7
101 9
101 11
101 13
101 14
101 16
101 20
101 24
101 26
101 27
101 29
101 30
101 31
101 33
101 38
101 39
101 41
101 45
101 47
101 49
101 52
101 55
101 60
101 62
101 64
101 65
101 66
101 67
101 69
101 70
101 71
101 72
101 75
101 82
101 83
101 85
101 88
101 89
101 94
101 95
101 96
101 98
101 100
101 107
101 108
101 109
101 110
101 112
101 115
101 117
101 118
101 121
101 125
101 126
101 129
101 137
101 141
101 145
101 149
101 150
101 156
101 157
101 159
102 0
102 5
102 6
102 12
102 15
102 16
102 19
102 20
102 22
102 25
102 26
102 27
102 29
102 36
102 37
102 39
102 40
102 42
102 47
102 49
102 50
102 51
102 52
102 60
102 61
102 64
102 65
102 66
102 73
102 79
102 82
102 85
102 86
102 87
102 89
102 90
102 95
102 96
102 97
102 102
102 104
102 105
102 109
102 114
102 115
102 116
102 117
102 118
102 122
102 125
102 127
102 128
102 129
102 131
102 133
102 137
102 138
102 142
102 143
102 146
102 148
102 149
102 154
102 155
102 158
103 1
103 4
103 7
103 8
103 11
103 15
103 16
103 19
103 21
103 22
103 23
103 25
103 29
103 34
103 36
103 38
103 39
103 41
103 44
103 46
103 47
103 49
103 50
103 53
103 55
103 57
103 58
103 62
103 63
103 78
103 80
103 82
103 84
103 86
103 88
103 91
103 92
103 95
103 98
103 102
103 103
103 104
103 109
103 111
103 112
103 113
103 116
103 122
103 128
103 129
103 132
103 136
103 138
103 139
103 140
103 142
103 144
103 145
103 147
103 150
103 151
103 153
103 154
103 157
103 159
104 0
104 1
104 3
104 4
104 5
104 6
104 8
104 9
104 10
104 13
104 19
104 20
104 21
104 23
104 24
104 27
104 32
104 37
104 40
104 41
104 50
104 51
104 52
104 53
104 54
104 56
104 59
104 60
104 61
104 64
104 69
104 77
104 78
104 79
104 82
104 84
104 85
104 88
104 92
104 95
104 105
104 108
104 109
104 110
104 111
104 116
104 117
104 120
104 121
104 122
104 128
104 131
104 132
104 136
104 139
104 140
104 145
104 147
104 149
104 150
104 151
104 152
104 154
105 1
105 4
105 5
105 6
105 10
105 12
105 14
105 16
105 19
105 20
105 25
105 26
105 28
105 34
105 37
105 40
105 41
105 44
105 45
105 46
105 47
105 50
105 52
105 53
105 54
105 55
105 56
105 62
105 65
105 66
105 67
105 68
105 76
105 78
105 79
105 81
105 85
105 88
105 91
105 95
105 96
105 97
105 101
105 104
105 108
105 110
105 112
105 114
105 119
105 122
105 129
105 130
105 131
105 134
105 138
105 142
105 144
105 145
105 147
105 151
105 152
105 153
105 155
105 157
105 158
106 0
106 2
106 3
106 5
106 6
106 7
106 9
106 21
106 23
106 24
106 26
106 28
106 33
106 37
106 40
106 41
106 43
106 44
106 45
106 46
106 47
106 50
106 51
106 62
106 63
106 64
106 67
106 68
106 69
106 70
106 72
106 74
106 75
106 76
106 78
106 82
106 83
106 85
106 87
106 89
106 90
106 91
106 92
106 93
106 95
106 96
106 97
106 100
106 104
106 113
106 114
106 117
106 119
106 123
106 124
106 125
106 126
106 129
106 131
106 132
106 136
106 139
106 140
106 145
106 149
106 152
106 159
107 1
107 2
107 8
107 9
107 12
107 13
107 15
107 19
107 21
107 22
107 26
107 31
107 32
107 33
107 35
107 39
107 44
107 45
107 47
107 58
107 59
107 60
107 62
107 64
107 66
107 69
107 70
107 71
107 73
107 76
107 78
107 80
107 85
107 87
107 96
107 97
107 100
107 102
107 104
107 105
107 106
107 107
107 108
107 109
107 113
107 118
107 119
107 126
107 129
107 130
107 131
107 139
107 143
107 145
107 146
107 149
107 151
107 155
107 157
108 0
108 1
108 3
108 5
108 9
108 10
108 12
108 14
108 15
108 17
108 19
108 20
108 22
108 24
108 25
108 26
108 30
108 31
108 36
108 38
108 39
108 41
108 44
108 49
108 52
108 55
108 56
108 59
108 62
108 64
108 66
108 67
108 68
108 69
108 71
108 73
108 74
108 84
108 85
108 86
108 87
108 88
108 89
108 90
108 92
108 103
108 104
108 112
108 116
108 117
108 120
108 121
108 123
108 126
108 127
108 131
108 134
108 139
108 141
108 144
108 147
108 148
108 149
108 151
108 153
108 156
109 6
109 7
109 8
109 11
109 12
109 14
109 15
109 16
109 18
109 21
109 24
109 26
109 33
109 34
109 38
109 42
109 45
109 46
109 48
109 49
109 50
109 51
109 57
109 58
109 60
109 61
109 63
109 68
109 71
109 73
109 74
109 76
109 80
109 81
109 82
109 83
109 84
109 89
109 91
109 94
109 96
109 99
109 105
109 108
109 109
109 110
109 113
109 114
109 116
109 118
109 119
109 120
109 123
109 124
109 125
109 127
109 129
109 131
109 134
109 135
109 136
109 137
109 138
109 144
109 152
109 156
109 157
109 159
110 0
110 1
110 4
110 11
110 12
110 13
110 16
110 17
110 18
110 25
110 35
110 39
110 40
110 42
110 43
110 45
110 47
110 48
110 51
110 53
110 54
110 68
110 70
110 73
110 74
110 75
110 77
110 78
110 83
110 89
110 90
110 92
110 94
110 95
110 97
110 100
110 104
110 105
110 107
110 108
110 117
110 118
110 119
110 122
110 128
110 131
110 134
110 139
110 142
110 143
110 145
110 146
110 151
110 153
110 156
110 159
111 6
111 9
111 13
111 14
111 20
111 21
111 26
111 33
111 37
111 38
111 41
111 44
111 46
111 47
111 52
111 55
111 58
111 60
111 64
111 65
111 66
111 67
111 68
111 70
111 73
111 74
111 76
111 77
111 78
111 79
111 81
111 82
111 83
111 84
111 85
111 87
111 89
111 90
111 94
111 95
111 98
111 99
111 104
111 105
111 114
111 117
111 121
111 123
111 125
111 127
111 129
111 133
111 135
111 139
111 140
111 141
111 142
111 143
111 149
111 152
111 153
111 154
112 1
112 4
112 7
112 10
112 11
112 13
112 14
112 15
112 23
112 26
112 27
112 29
112 32
112 33
112 42
112 43
112 44
112 45
112 51
112 53
112 54
112 55
112 56
112 64
112 69
112 71
112 74
112 77
112 79
112 81
112 84
112 89
112 91
112 93
112 98
112 102
112 104
112 105
112 107
112 108
112 112
112 114
112 118
112 119
112 122
112 124
112 131
112 135
112 141
112 142
112 144
112 146
112 147
112 149
112 151
112 152
112 156
112 157
113 0
113 2
113 4
113 5
113 6
113 7
113 9
113 10
113 11
113 14
113 16
113 17
113 19
113 21
113 23
113 28
113 29
113 30
113 31
113 36
113 37
113 43
113 45
113 48
113 51
113 53
113 56
113 59
113 60
113 61
113 64
113 65
113 66
113 68
113 70
113 74
113 77
113 79
113 80
113 81
113 83
113 87
113 88
113 90
113 93
113 95
113 96
113 98
113 100
113 101
113 105
113 108
113 109
113 110
113 112
113 114
113 115
113 117
113 118
113 119
113 120
113 125
113 126
113 128
113 131
113 135
113 139
113 141
113 144
113 145
113 148
113 150
113 152
113 154
113 156
113 158
113 159
114 11
114 12
114 13
114 15
114 21
114 23
114 26
114 30
114 32
114 33
114 34
114 39
114 40
114 41
114 43
114 44
114 48
114 52
114 58
114 63
114 65
114 68
114 69
114 70
114 73
114 75
114 76
114 78
114 79
114 81
114 83
114 85
114 88
114 90
114 91
114 93
114 95
114 96
114 97
114 104
114 106
114 107
114 109
114 111
114 113
114 115
114 121
114 123
114 127
114 129
114 131
114 133
114 145
114 151
114 156
114 157
115 0
115 9
115 11
115 12
115 14
115 17
115 18
115 19
115 20
115 22
115 25
115 27
115 29
115 30
115 31
115 33
115 35
115 36
115 40
115 44
115 45
115 49
115 51
115 55
115 59
115 60
115 64
115 65
115 69
115 70
115 71
115 73
115 75
115 76
115 78
115 82
115 83
115 84
115 87
115 90
115 91
115 95
115 97
115 99
115 101
115 103
115 104
115 106
115 107
115 109
115 115
115 117
115 118
115 123
115 124
115 127
115 128
115 130
115 134
115 139
115 145
115 146
115 147
115 154
115 155
115 157
115 159
116 0
116 1
116 5
116 8
116 11
116 17
116 23
116 25
116 29
116 33
116 35
116 36
116 37
116 38
116 39
116 47
116 49
116 51
116 54
116 56
116 62
116 63
116 71
116 73
116 74
116 78
116 81
116 84
116 87
116 88
116 89
116 91
116 95
116 96
116 98
116 100
116 102
116 103
116 108
116 109
116 110
116 113
116 114
116 117
116 121
116 122
116 130
116 134
116 138
116 140
116 141
116 143
116 146
116 148
116 152
116 153
116 154
116 155
116 157
116 158
116 159
117 0
117 3
117 4
117 9
117 10
117 12
117 15
117 16
117 17
117 19
117 20
117 21
117 22
117 25
117 27
117 28
117 31
117 34
117 36
117 43
117 55
117 56
117 57
117 60
117 61
117 62
117 63
117 65
117 68
117 71
117 72
117 74
117 75
117 79
117 88
117 89
117 93
117 94
117 98
117 102
117 103
117 106
117 107
117 113
117 115
117 117
117 118
117 120
117 128
117 133
117 135
117 138
117 139
117 146
117 148
117 149
117 150
117 152
118 1
118 5
118 12
118 13
118 17
118 19
118 21
118 23
118 24
118 25
118 27
118 31
118 37
118 40
118 41
118 44
118 47
118 49
118 50
118 51
118 55
118 56
118 58
118 59
118 62
118 65
118 66
118 67
118 70
118 75
118 89
118 91
118 93
118 94
118 97
118 99
118 100
118 103
118 104
118 106
118 108
118 109
118 112
118 114
118 115
118 116
118 120
118 121
118 124
118 125
118 128
118 129
118 132
118 134
118 140
118 142
118 144
118 145
118 148
118 149
118 152
118 154
118 155
119 0
119 2
119 3
119 4
119 9
119 10
119 11
119 14
119 15
119 17
119 22
119 23
119 25
119 28
119 29
119 30
119 31
119 32
119 34
119 35
119 37
119 40
119 42
119 47
119 49
119 50
119 53
119 54
119 56
119 62
119 63
119 66
119 74
119 75
119 76
119 77
119 78
119 80
119 81
119 83
119 88
119 93
119 94
119 95
119 100
119 101
119 102
119 103
119 104
119 105
119 106
119 108
119 110
119 111
119 114
119 121
119 123
119 129
119 130
119 132
119 136
119 137
119 147
119 148
119 149
119 150
119 151
119 153
119 154
119 158
120 0
120 5
120 6
120 10
120 11
120 14
120 16
120 17
120 18
120 20
120 22
120 25
120 30
120 32
120 37
120 38
120 41
120 50
120 51
120 52
120 59
120 61
120 62
120 63
120 64
120 66
120 68
120 69
120 73
120 74
120 75
120 78
120 81
120 85
120 89
120 91
120 92
120 93
120 94
120 106
120 112
120 113
120 117
120 118
120 121
120 124
120 126
120 127
120 128
120 131
120 136
120 138
120 147
120 148
120 149
120 151
120 154
120 155
120 156
120 157
120 158
120 159
121 0
121 2
121 10
121 11
121 12
121 17
121 20
121 31
121 38
121 46
121 49
121 52
121 54
121 57
121 59
121 60
121 63
121 69
121 76
121 88
121 89
121 96
121 98
121 100
121 102
121 105
121 111
121 112
121 114
121 115
121 116
121 120
121 122
121 123
121 126
121 127
121 129
121 131
121 134
121 136
121 139
121 140
121 146
121 147
121 148
121 149
121 152
121 155
121 156
121 157
121 158
121 159
122 0
122 1
122 10
122 11
122 18
122 20
122 22
122 24
122 26
122 28
122 30
122 32
122 37
122 40
122 44
122 49
122 50
122 54
122 57
122 58
122 59
122 60
122 62
122 63
122 66
122 74
122 75
122 76
122 77
122 78
122 79
122 91
122 93
122 97
122 101
122 102
122 105
122 106
122 109
122 110
122 111
122 116
122 119
122 122
122 124
122 127
122 128
122 129
122 133
122 134
122 136
122 137
122 141
122 144
122 148
122 149
122 151
122 152
122 153
122 156
122 158
123 5
123 6
123 7
123 8
123 11
123 12
123 15
123 18
123 19
123 22
123 23
123 25
123 28
123 33
123 34
123 36
123 37
123 38
123 42
123 44
123 45
123 47
123 49
123 50
123 52
123 56
123 58
123 59
123 63
123 67
123 68
123 69
123 70
123 71
123 73
123 74
123 76
123 77
123 78
123 79
123 86
123 92
123 93
123 96
123 104
123 105
123 108
123 109
123 112
123 114
123 115
123 117
123 118
123 121
123 123
123 127
123 128
123 129
123 130
123 143
123 144
123 145
123 146
123 147
123 148
123 150
123 152
123 155
123 157
123 159
124 1
124 7
124 10
124 14
124 15
124 17
124 18
124 19
124 21
124 22
124 23
124 27
124 30
124 33
124 35
124 39
124 41
124 43
124 44
124 46
124 49
124 54
124 56
124 58
124 62
124 64
124 66
124 71
124 72
124 73
124 74
124 76
124 79
124 80
124 91
124 92
124 93
124 96
124 99
124 100
124 101
124 102
124 107
124 109
124 110
124 111
124 114
124 115
124 117
124 119
124 122
124 125
124 126
124 131
124 134
124 135
124 136
124 143
124 145
124 148
124 149
124 159
125 0
125 1
125 3
125 8
125 9
125 11
125 12
125 16
125 17
125 18
125 21
125 22
125 24
125 33
125 36
125 41
125 42
125 43
125 44
125 49
125 51
125 55
125 58
125 59
125 61
125 62
125 65
125 66
125 69
125 70
125 72
125 73
125 74
125 75
125 76
125 79
125 80
125 82
125 85
125 87
125 93
125 95
125 97
125 100
125 105
125 107
125 108
125 109
125 113
125 114
125 116
125 119
125 123
125 127
125 129
125 137
125 138
125 140
125 147
125 149
125 150
125 151
125 153
126 1
126 5
126 7
126 10
126 11
126 13
126 16
126 17
126 18
126 20
126 24
126 26
126 28
126 30
126 31
126 35
126 41
126 42
126 43
126 45
126 47
126 49
126 51
126 52
126 56
126 66
126 69
126 70
126 71
126 78
126 79
126 85
126 87
126 88
126 90
126 92
126 93
126 95
126 101
126 103
126 105
126 107
126 108
126 112
126 113
126 115
126 119
126 120
126 123
126 127
126 129
126 131
126 132
126 135
126 137
126 138
126 139
126 141
126 142
126 143
126 145
126 149
126 150
126 152
126 156
126 157
127 6
127 11
127 13
127 15
127 17
127 18
127 25
127 27
127 31
127 34
127 35
127 40
127 43
127 44
127 49
127 52
127 55
127 56
127 57
127 60
127 63
127 64
127 66
127 67
127 71
127 75
127 76
127 77
127 78
127 80
127 81
127 83
127 87
127 90
127 91
127 92
127 93
127 95
127 98
127 99
127 102
127 105
127 106
127 108
127 110
127 125
127 126
127 127
127 128
127 130
127 131
127 136
127 139
127 141
127 143
127 147
127 148
127 152
127 155
127 157
127 159
128 0
128 3
128 7
128 8
128 11
128 13
128 14
128 19
128 22
128 23
128 25
128 26
128 28
128 35
128 36
128 37
128 38
128 42
128 49
128 54
128 55
128 57
128 59
128 62
128 64
128 71
128 74
128 77
128 81
128 82
128 84
128 86
128 88
128 91
128 93
128 97
128 101
128 102
128 104
128 105
128 106
128 115
128 116
128 119
128 120
128 121
128 122
128 123
128 124
128 126
128 129
128 131
128 133
128 134
128 139
128 142
128 145
128 147
128 148
128 150
128 154
128 155
128 157
128 158
128 159
129 2
129 3
129 5
129 6
129 7
129 8
129 9
129 10
129 11
129 15
129 19
129 20
129 25
129 28
129 29
129 31
129 35
129 38
129 39
129 40
129 41
129 44
129 45
129 47
129 52
129 53
129 54
129 55
129 56
129 60
129 62
129 67
129 72
129 73
129 75
129 76
129 77
129 79
129 82
129 83
129 84
129 92
129 93
129 100
129 105
129 106
129 112
129 115
129 117
129 118
129 119
129 120
129 123
129 124
129 126
129 131
129 136
129 139
129 140
129 141
129 143
129 145
129 147
129 149
129 150
129 153
129 154
129 156
129 158
129 159
130 2
130 3
130 7
130 11
130 14
130 16
130 19
130 20
130 21
130 24
130 26
130 28
130 31
130 34
130 36
130 37
130 39
130 41
130 43
130 44
130 47
130 48
130 52
130 59
130 61
130 63
130 64
130 66
130 67
130 68
130 71
130 72
130 74
130 76
130 80
130 82
130 85
130 86
130 88
130 89
130 92
130 94
130 102
130 105
130 107
130 109
130 110
130 111
130 112
130 113
130 119
130 121
130 122
130 123
130 126
130 127
130 128
130 129
130 130
130 131
130 132
130 136
130 139
130 140
130 141
130 142
130 146
130 149
130 150
130 154
130 157
131 1
131 2
131 4
131 5
131 6
131 10
131 14
131 18
131 25
131 26
131 28
131 30
131 31
131 34
131 35
131 37
131 40
131 48
131 49
131 50
131 55
131 56
131 57
131 64
131 67
131 75
131 78
131 80
131 82
131 83
131 84
131 85
131 87
131 94
131 97
131 98
131 101
131 103
131 104
131 105
131 110
131 112
131 113
131 116
131 118
131 125
131 127
131 128
131 131
131 138
131 140
131 144
131 145
131 150
131 155
131 156
131 157
131 158
131 159
132 1
132 8
132 15
132 20
132 21
132 26
132 29
132 30
132 33
132 36
132 38
132 43
132 47
132 53
132 57
132 61
132 62
132 63
132 64
132 67
132 70
132 74
132 79
132 81
132 85
132 92
132 98
132 103
132 105
132 109
132 115
132 116
132 117
132 121
132 122
132 123
132 127
132 128
132 130
132 136
132 144
132 147
132 148
132 150
132 152
132 153
132 155
132 156
132 159
133 1
133 4
133 6
133 7
133 12
133 14
133 17
133 24
133 26
133 29
133 33
133 34
133 35
133 37
133 41
133 47
133 49
133 50
133 53
133 57
133 59
133 62
133 63
133 67
133 68
133 70
133 71
133 74
133 78
133 83
133 85
133 87
133 90
133 92
133 93
133 94
133 95
133 102
133 104
133 105
133 106
133 107
133 110
133 113
133 114
133 115
133 116
133 118
133 120
133 121
133 125
133 137
133 138
133 140
133 143
133 145
133 146
133 147
133 151
133 156
134 0
134 2
134 4
134 6
134 8
134 14
134 17
134 18
134 19
134 21
134 23
134 26
134 32
134 33
134 38
134 41
134 45
134 46
134 49
134 56
134 57
134 59
134 60
134 61
134 66
134 67
134 76
134 77
134 78
134 81
134 85
134 90
134 91
134 93
134 97
134 99
134 103
134 113
134 118
134 119
134 125
134 132
134 135
134 136
134 140
134 141
134 143
134 144
134 145
134 147
134 149
134 151
134 155
134 159
135 0
135 4
135 6
135 8
135 9
135 16
135 19
135 21
135 23
135 24
135 25
135 36
135 42
135 43
135 46
135 49
135 50
135 56
135 58
135 59
135 65
135 66
135 71
135 75
135 77
135 79
135 81
135 93
135 94
135 97
135 98
135 100
135 103
135 109
135 111
135 117
135 118
135 119
135 120
135 122
135 123
135 125
135 126
135 127
135 129
135 131
135 137
135 140
135 141
135 142
135 144
135 148
135 151
135 152
135 155
135 156
136 5
136 6
136 7
136 9
136 10
136 11
136 17
136 22
136 23
136 25
136 27
136 29
136 34
136 35
136 36
136 39
136 42
136 45
136 46
136 48
136 49
136 50
136 52
136 54
136 58
136 60
136 66
136 68
136 70
136 71
136 73
136 77
136 79
136 80
136 81
136 85
136 86
136 89
136 93
136 95
136 97
136 98
136 101
136 102
136 104
136 105
136 108
136 115
136 116
136 120
136 121
136 122
136 123
136 129
136 130
136 134
136 136
136 140
136 142
136 143
136 149
136 151
136 154
136 155
136 156
136 158
137 0
137 4
137 6
137 7
137 11
137 12
137 14
137 17
137 18
137 21
137 23
137 27
137 31
137 34
137 36
137 37
137 40
137 42
137 44
137 45
137 47
137 48
137 50
137 51
137 52
137 53
137 55
137 56
137 57
137 60
137 63
137 65
137 66
137 70
137 71
137 74
137 76
137 78
137 80
137 82
137 83
137 90
137 92
137 95
137 98
137 112
137 116
137 120
137 122
137 124
137 125
137 126
137 129
137 130
137 131
137 132
137 134
137 135
137 136
137 140
137 141
137 143
137 146
137 147
137 152
137 153
137 155
138 3
138 7
138 8
138 9
138 14
138 17
138 18
138 19
138 20
138 26
138 27
138 31
138 33
138 42
138 45
138 46
138 51
138 52
138 55
138 56
138 58
138 61
138 64
138 68
138 70
138 71
138 73
138 74
138 75
138 77
138 82
138 85
138 86
138 87
138 92
138 96
138 97
138 100
138 101
138 103
138 105
138 107
138 108
138 112
138 114
138 116
138 129
138 130
138 132
138 135
138 139
138 140
138 142
138 147
138 148
138 152
138 153
138 154
138 155
138 159
139 0
139 3
139 8
139 9
139 11
139 13
139 14
139 15
139 18
139 19
139 22
139 26
139 27
139 28
139 30
139 39
139 44
139 45
139 46
139 47
139 48
139 50
139 52
139 56
139 59
139 62
139 70
139 71
139 72
139 73
139 74
139 76
139 82
139 85
139 89
139 92
139 94
139 97
139 101
139 102
139 108
139 110
139 113
139 114
139 117
139 119
139 120
139 124
139 126
139 128
139 129
139 130
139 133
139 135
139 138
139 139
139 141
139 144
139 145
139 149
139 153
139 158
140 1
140 2
140 4
140 7
140 13
140 16
140 17
140 19
140 21
140 22
140 24
140 25
140 26
140 27
140 30
140 32
140 35
140 38
140 39
140 45
140 46
140 49
140 50
140 53
140 54
140 56
140 57
140 64
140 65
140 66
140 68
140 72
140 74
140 76
140 77
140 84
140 88
140 90
140 93
140 94
140 96
140 97
140 98
140 100
140 102
140 108
140 109
140 113
140 114
140 115
140 117
140 118
140 121
140 123
140 127
140 128
140 133
140 135
140 139
140 140
140 142
140 143
140 145
140 148
140 153
140 157
140 158
140 159
141 3
141 6
141 8
141 9
141 12
141 13
141 15
141 18
141 19
141 20
141 22
141 23
141 24
141 27
141 30
141 33
141 37
141 41
141 43
141 45
141 52
141 53
141 57
141 58
141 59
141 60
141 62
141 63
141 64
141 68
141 69
141 72
141 73
141 80
141 91
141 92
141 96
141 102
141 106
141 107
141 110
141 115
141 127
141 128
141 131
141 133
141 139
141 141
141 143
141 146
141 149
141 150
141 151
141 153
141 154
141 156
141 157
141 159
142 0
142 1
142 3
142 5
142 9
142 11
142 12
142 13
142 15
142 20
142 21
142 22
142 24
142 28
142 30
142 34
142 36
142 46
142 49
142 50
142 51
142 53
142 55
142 59
142 62
142 66
142 68
142 70
142 71
142 75
142 76
142 77
142 80
142 82
142 86
142 89
142 90
142 91
142 93
142 95
142 97
142 100
142 103
142 106
142 108
142 109
142 110
142 119
142 123
142 124
142 126
142 130
142 132
142 134
142 135
142 138
142 140
142 143
142 144
142 147
142 152
142 153
142 159
143 0
143 2
143 3
143 5
143 8
143 18
143 21
143 23
143 24
143 32
143 37
143 38
143 40
143 41
143 44
143 48
143 49
143 50
143 52
143 56
143 58
143 61
143 63
143 65
143 67
143 68
143 73
143 79
143 80
143 81
143 88
143 93
143 94
143 95
143 97
143 101
143 103
143 107
143 109
143 113
143 114
143 115
143 117
143 119
143 122
143 125
143 127
143 129
143 130
143 131
143 136
143 137
143 140
143 145
143 147
143 151
143 152
143 155
144 2
144 4
144 6
144 7
144 8
144 11
144 12
144 14
144 16
144 17
144 20
144 21
144 22
144 27
144 28
144 34
144 36
144 38
144 39
144 41
144 45
144 49
144 51
144 52
144 53
144 55
144 56
144 57
144 58
144 59
144 61
144 62
144 63
144 67
144 70
144 71
144 77
144 78
144 82
144 83
144 84
144 86
144 89
144 91
144 94
144 95
144 100
144 102
144 103
144 106
144 107
144 110
144 111
144 112
144 114
144 117
144 118
144 120
144 121
144 123
144 126
144 128
144 130
144 131
144 133
144 136
144 137
144 139
144 144
144 145
144 146
144 148
144 149
144 152
145 0
145 6
145 8
145 10
145 11
145 13
145 14
145 15
145 16
145 28
145 30
145 33
145 37
145 45
145 46
145 47
145 50
145 56
145 57
145 62
145 64
145 65
145 68
145 70
145 72
145 73
145 77
145 89
145 90
145 91
145 94
145 98
145 106
145 112
145 116
145 117
145 118
145 119
145 121
145 122
145 123
145 124
145 126
145 133
145 134
145 135
145 137
145 144
145 145
145 146
145 148
145 149
145 150
145 151
145 152
145 156
145 158
145 159
146 0
146 1
146 9
146 12
146 17
146 18
146 23
146 27
146 29
146 33
146 39
146 40
146 42
146 48
146 51
146 53
146 54
146 59
146 60
146 62
146 64
146 70
146 71
146 73
146 76
146 80
146 81
146 82
146 89
146 92
146 96
146 98
146 101
146 103
146 107
146 116
146 118
146 120
146 121
146 130
146 131
146 134
146 135
146 136
146 137
146 138
146 140
146 141
146 144
146 147
146 151
146 153
146 154
146 155
146 156
146 157
147 3
147 6
147 8
147 9
147 10
147 11
147 14
147 16
147 17
147 20
147 21
147 25
147 26
147 27
147 31
147 34
147 35
147 36
147 37
147 38
147 40
147 41
147 44
147 45
147 46
147 48
147 49
147 50
147 53
147 56
147 58
147 62
147 67
147 69
147 71
147 75
147 78
147 81
147 82
147 85
147 87
147 89
147 91
147 92
147 95
147 97
147 98
147 104
147 105
147 106
147 108
147 110
147 115
147 121
147 122
147 124
147 125
147 126
147 127
147 128
147 129
147 130
147 134
147 135
147 137
147 140
147 141
147 144
147 146
147 148
147 150
147 152
147 156
147 157
148 1
148 2
148 4
148 13
148 19
148 20
148 22
148 23
148 25
148 26
148 28
148 29
148 30
148 32
148 33
148 34
148 35
148 42
148 44
148 48
148 54
148 55
148 56
148 58
148 61
148 65
148 69
148 70
148 71
148 72
148 73
148 75
148 79
148 81
148 82
148 85
148 88
148 91
148 94
148 98
148 99
148 100
148 103
148 104
148 110
148 112
148 113
148 118
148 123
148 124
148 128
148 130
148 135
148 139
148 140
148 141
148 145
148 150
148 151
148 153
148 157
149 0
149 1
149 2
149 4
149 9
149 13
149 15
149 17
149 19
149 22
149 26
149 27
149 28
149 30
149 32
149 33
149 35
149 37
149 44
149 48
149 52
149 57
149 60
149 62
149 63
149 65
149 66
149 67
149 68
149 69
149 70
149 77
149 81
149 83
149 84
149 89
149 92
149 96
149 100
149 101
149 103
149 105
149 107
149 112
149 116
149 118
149 123
149 125
149 128
149 131
149 134
149 136
149 140
149 141
149 143
149 146
149 147
149 151
149 152
149 153
150 0
150 1
150 3
150 4
150 5
150 6
150 8
150 10
150 11
150 12
150 14
150 19
150 20
150 22
150 25
150 26
150 28
150 34
150 36
150 43
150 44
150 46
150 47
150 50
150 55
150 56
150 61
150 62
150 64
150 65
150 67
150 74
150 79
150 82
150 87
150 92
150 93
150 94
150 96
150 101
150 103
150 104
150 108
150 111
150 114
150 115
150 117
150 119
150 124
150 126
150 129
150 130
150 131
150 132
150 140
150 141
150 144
150 149
150 151
150 152
150 158
150 159
151 2
151 6
151 9
151 12
151 14
151 15
151 17
151 18
151 19
151 21
151 25
151 28
151 37
151 39
151 42
151 43
151 46
151 49
151 50
151 51
151 52
151 53
151 55
151 57
151 61
151 64
151 70
151 71
151 72
151 73
151 76
151 80
151 85
151 86
151 89
151 91
151 92
151 99
151 102
151 107
151 116
151 122
151 123
151 124
151 128
151 130
151 133
151 134
151 139
151 140
151 141
151 142
151 147
151 148
151 150
151 152
151 153
151 159
152 0
152 2
152 9
152 12
152 14
152 17
152 23
152 29
152 33
152 35
152 40
152 44
152 47
152 49
152 51
152 52
152 55
152 59
152 60
152 63
152 65
152 68
152 70
152 73
152 81
152 82
152 86
152 89
152 90
152 93
152 99
152 100
152 102
152 105
152 106
152 112
152 114
152 120
152 121
152 126
152 134
152 135
152 139
152 141
152 148
152 150
152 156
153 0
153 2
153 3
153 4
153 6
153 7
153 9
153 12
153 14
153 15
153 16
153 19
153 24
153 27
153 28
153 29
153 30
153 31
153 34
153 39
153 40
153 41
153 45
153 47
153 48
153 49
153 52
153 54
153 56
153 57
153 58
153 60
153 66
153 68
153 70
153 72
153 73
153 77
153 79
153 81
153 82
153 83
153 84
153 86
153 90
153 92
153 94
153 96
153 97
153 101
153 105
153 107
153 114
153 116
153 118
153 120
153 121
153 126
153 130
153 133
153 134
153 140
153 141
153 144
153 145
153 147
153 148
153 150
153 153
153 156
153 157
153 158
154 7
154 9
154 10
154 12
154 13
154 15
154 16
154 19
154 24
154 26
154 29
154 30
154 39
154 40
154 41
154 47
154 48
154 50
154 51
154 52
154 53
154 54
154 56
154 57
154 59
154 60
154 63
154 65
154 67
154 69
154 70
154 72
154 75
154 77
154 79
154 81
154 82
154 83
154 85
154 86
154 87
154 91
154 92
154 94
154 95
154 96
154 98
154 99
154 100
154 101
154 106
154 107
154 108
154 109
154 110
154 111
154 113
154 119
154 122
154 123
154 125
154 126
154 127
154 129
154 130
154 131
154 134
154 136
154 141
154 143
154 145
154 148
154 149
154 153
154 155
154 156
155 0
155 3
155 6
155 10
155 11
155 13
155 19
155 24
155 25
155 26
155 32
155 35
155 37
155 40
155 42
155 51
155 54
155 58
155 60
155 62
155 63
155 64
155 66
155 69
155 73
155 78
155 81
155 82
155 85
155 86
155 88
155 89
155 90
155 91
155 94
155 98
155 106
155 107
155 110
155 112
155 114
155 116
155 117
155 120
155 122
155 127
155 129
155 130
155 131
155 132
155 134
155 138
155 140
155 143
155 145
155 147
155 148
155 149
155 150
155 152
155 153
155 154
155 159
156 0
156 1
156 2
156 4
156 7
156 8
156 20
156 21
156 22
156 25
156 29
156 34
156 43
156 44
156 47
156 51
156 52
156 54
156 55
156 56
156 58
156 60
156 61
156 64
156 66
156 67
156 69
156 76
156 80
156 82
156 84
156 87
156 90
156 96
156 97
156 98
156 102
156 103
156 108
156 109
156 110
156 111
156 116
156 117
156 118
156 119
156 120
156 121
156 123
156 124
156 127
156 128
156 129
156 133
156 134
156 135
156 136
156 138
156 139
156 141
156 142
156 146
156 150
156 151
156 154
156 156
156 159
157 10
157 19
157 22
157 25
157 30
157 34
157 36
157 38
157 42
157 43
157 45
157 47
157 49
157 52
157 54
157 55
157 56
157 57
157 59
157 62
157 64
157 66
157 68
157 70
157 71
157 74
157 77
157 79
157 80
157 82
157 86
157 87
157 92
157 95
157 96
157 97
157 102
157 106
157 108
157 109
157 111
157 118
157 119
157 120
157 126
157 127
157 128
157 132
157 133
157 135
157 137
157 140
157 144
157 148
157 150
157 152
157 156
157 159
158 0
158 3
158 9
158 12
158 17
158 18
158 22
158 24
158 25
158 26
158 28
158 29
158 30
158 31
158 33
158 35
158 38
158 44
158 46
158 53
158 54
158 55
158 58
158 59
158 60
158 64
158 65
158 66
158 67
158 69
158 72
158 74
158 75
158 78
158 79
158 80
158 81
158 87
158 98
158 106
158 109
158 111
158 112
158 117
158 119
158 122
158 123
158 124
158 127
158 129
158 131
158 132
158 134
158 136
158 141
158 144
158 145
158 147
158 148
158 152
158 155
158 158
159 1
159 3
159 6
159 7
159 11
159 12
159 13
159 15
159 17
159 19
159 22
159 23
159 25
159 27
159 28
159 29
159 30
159 34
159 42
159 43
159 44
159 45
159 46
159 48
159 50
159 55
159 60
159 61
159 69
159 70
159 71
159 72
159 78
159 80
159 82
159 90
159 92
159 93
159 99
159 100
159 101
159 102
159 103
159 107
159 109
159 112
159 115
159 116
159 118
159 119
159 122
159 127
159 131
159 132
159 146
159 151
159 152
159 154
159 158
