50
980
0 2
0 3
0 8
0 9
0 10
0 12
0 19
0 26
0 27
0 31
0 32
0 33
0 34
0 35
0 36
0 38
0 40
0 41
0 43
0 46
0 48
0 49
1 2
1 3
1 4
1 8
1 12
1 13
1 16
1 17
1 23
1 27
1 28
1 30
1 32
1 33
1 34
1 36
1 39
1 41
1 46
1 48
2 9
2 12
2 14
2 17
2 18
2 22
2 24
2 25
2 29
2 31
2 33
2 34
2 37
2 39
2 41
2 44
2 47
3 5
3 8
3 10
3 11
3 12
3 13
3 14
3 15
3 19
3 22
3 26
3 27
3 29
3 32
3 37
3 39
3 40
3 44
3 45
3 48
4 3
4 4
4 8
4 10
4 14
4 17
4 18
4 20
4 23
4 24
4 25
4 27
4 32
4 34
4 35
4 43
5 1
5 2
5 4
5 5
5 7
5 8
5 12
5 15
5 20
5 24
5 27
5 28
5 30
5 32
5 38
5 39
5 41
5 43
5 44
5 45
6 1
6 2
6 4
6 5
6 7
6 9
6 15
6 16
6 19
6 20
6 21
6 22
6 23
6 25
6 30
6 31
6 34
6 35
6 38
6 39
6 40
6 42
6 44
6 45
6 46
6 48
7 1
7 6
7 7
7 9
7 13
7 16
7 19
7 20
7 25
7 26
7 30
7 31
7 34
7 35
7 37
7 39
7 40
7 42
7 44
7 46
7 47
8 3
8 4
8 7
8 8
8 9
8 11
8 16
8 17
8 20
8 21
8 22
8 23
8 24
8 27
8 28
8 29
8 30
8 34
8 39
8 46
9 1
9 5
9 6
9 8
9 10
9 11
9 13
9 16
9 17
9 20
9 28
9 33
9 34
9 41
9 46
10 0
10 1
10 2
10 6
10 7
10 8
10 9
10 10
10 11
10 12
10 16
10 18
10 21
10 23
10 28
10 32
10 36
10 38
10 42
10 43
10 44
10 45
10 47
10 48
10 49
11 1
11 3
11 4
11 6
11 16
11 18
11 20
11 22
11 27
11 28
11 29
11 30
11 32
11 34
11 35
11 37
11 41
11 45
11 47
11 48
12 0
12 1
12 5
12 6
12 9
12 10
12 11
12 13
12 15
12 16
12 19
12 21
12 24
12 25
12 28
12 30
12 32
12 33
12 35
12 37
12 39
12 46
12 48
13 0
13 2
13 3
13 5
13 6
13 7
13 8
13 9
13 13
13 19
13 23
13 28
13 31
13 34
13 36
13 37
13 42
13 43
13 47
14 2
14 3
14 6
14 16
14 21
14 24
14 26
14 28
14 29
14 31
14 36
14 37
14 39
14 40
14 42
14 43
14 44
14 45
14 46
15 3
15 6
15 7
15 9
15 12
15 15
15 16
15 18
15 19
15 22
15 25
15 26
15 27
15 28
15 30
15 32
15 33
15 35
15 43
15 44
15 47
15 48
16 0
16 2
16 3
16 9
16 10
16 12
16 14
16 15
16 17
16 18
16 19
16 20
16 22
16 23
16 24
16 26
16 28
16 29
16 30
16 33
16 36
16 42
16 44
16 45
16 46
16 49
17 2
17 5
17 6
17 7
17 10
17 11
17 16
17 20
17 21
17 22
17 28
17 33
17 36
17 38
17 40
17 41
17 42
17 43
17 44
18 7
18 13
18 17
18 22
18 24
18 25
18 36
18 38
18 42
18 45
18 47
18 48
18 49
19 3
19 6
19 8
19 12
19 13
19 17
19 19
19 23
19 27
19 29
19 33
19 36
19 38
19 40
19 41
19 42
19 45
19 49
20 9
20 11
20 12
20 17
20 21
20 23
20 27
20 29
20 30
20 32
20 33
20 34
20 37
20 39
20 42
20 44
20 45
20 48
20 49
21 1
21 2
21 3
21 8
21 11
21 26
21 27
21 28
21 32
21 33
21 34
21 36
21 38
21 39
21 42
21 45
21 49
22 0
22 1
22 5
22 8
22 9
22 10
22 11
22 14
22 18
22 22
22 23
22 25
22 26
22 27
22 28
22 33
22 43
22 47
22 48
23 2
23 5
23 8
23 9
23 10
23 12
23 17
23 18
23 22
23 26
23 27
23 28
23 31
23 34
23 37
23 38
23 42
23 44
23 46
24 1
24 11
24 12
24 16
24 18
24 21
24 24
24 25
24 27
24 33
24 36
24 38
24 39
24 40
24 42
24 43
24 44
24 45
24 46
24 49
25 4
25 6
25 8
25 9
25 10
25 12
25 15
25 18
25 19
25 20
25 23
25 24
25 26
25 34
25 35
25 38
25 44
25 46
25 47
25 49
26 0
26 2
26 6
26 7
26 8
26 9
26 11
26 14
26 16
26 19
26 24
26 29
26 32
26 33
26 34
26 36
26 37
26 39
26 42
26 44
26 45
26 48
26 49
27 0
27 2
27 3
27 5
27 8
27 13
27 14
27 16
27 18
27 21
27 22
27 24
27 26
27 27
27 28
27 31
27 34
27 36
27 40
27 42
27 46
28 1
28 3
28 4
28 8
28 9
28 10
28 16
28 17
28 20
28 22
28 24
28 28
28 30
28 33
28 34
28 36
28 37
28 39
28 47
28 48
28 49
29 0
29 2
29 3
29 4
29 7
29 8
29 9
29 12
29 18
29 21
29 24
29 27
29 29
29 31
29 34
29 35
29 36
29 38
29 43
29 47
30 0
30 2
30 3
30 4
30 14
30 17
30 18
30 22
30 26
30 27
30 28
30 29
30 31
30 39
30 42
30 48
30 49
31 1
31 2
31 5
31 13
31 17
31 19
31 24
31 28
31 32
31 34
31 37
31 39
31 41
31 42
31 44
31 46
31 47
31 49
32 0
32 4
32 6
32 8
32 10
32 11
32 13
32 15
32 18
32 27
32 33
32 36
32 38
32 39
32 43
32 45
32 47
33 3
33 4
33 7
33 8
33 11
33 13
33 14
33 15
33 27
33 29
33 31
33 33
33 34
33 41
33 43
33 45
33 46
33 47
33 48
33 49
34 0
34 2
34 6
34 8
34 9
34 11
34 12
34 13
34 15
34 18
34 19
34 20
34 22
34 23
34 27
34 32
34 34
34 35
34 37
34 40
34 41
34 49
35 3
35 6
35 18
35 19
35 21
35 22
35 23
35 26
35 27
35 28
35 29
35 30
35 31
35 36
35 37
35 40
35 45
35 46
35 49
36 1
36 2
36 3
36 4
36 6
36 8
36 9
36 10
36 14
36 23
36 24
36 26
36 27
36 34
36 35
36 36
36 40
36 42
36 47
36 48
37 1
37 5
37 6
37 9
37 11
37 13
37 14
37 15
37 16
37 19
37 21
37 22
37 33
37 36
37 38
37 40
37 41
37 44
37 47
38 3
38 25
38 26
38 28
38 29
38 31
38 34
38 37
38 38
38 40
38 42
38 43
38 44
38 45
38 46
38 49
39 0
39 5
39 6
39 7
39 9
39 13
39 16
39 17
39 18
39 25
39 27
39 28
39 30
39 36
39 38
39 40
39 42
39 44
39 47
39 48
40 3
40 4
40 7
40 9
40 20
40 28
40 29
40 30
40 31
40 35
40 37
40 38
40 39
40 41
40 43
40 45
40 46
40 48
41 1
41 4
41 7
41 9
41 16
41 19
41 22
41 23
41 25
41 26
41 29
41 34
41 35
41 36
41 47
42 0
42 2
42 3
42 6
42 9
42 10
42 11
42 13
42 15
42 16
42 19
42 21
42 24
42 25
42 29
42 31
42 32
42 35
42 37
42 38
42 39
42 41
42 42
42 47
42 48
43 0
43 1
43 3
43 4
43 5
43 7
43 10
43 11
43 12
43 14
43 18
43 20
43 25
43 32
43 33
43 36
43 38
43 39
43 43
43 44
43 45
43 46
44 0
44 1
44 3
44 9
44 11
44 14
44 18
44 20
44 22
44 25
44 31
44 34
44 36
44 37
44 44
44 46
44 49
45 0
45 1
45 4
45 5
45 6
45 9
45 11
45 13
45 14
45 16
45 17
45 18
45 19
45 22
45 23
45 26
45 27
45 28
45 29
45 34
45 35
45 39
45 41
45 44
46 1
46 2
46 7
46 9
46 12
46 15
46 16
46 19
46 22
46 23
46 24
46 27
46 28
46 29
46 32
46 35
46 37
46 38
46 39
46 40
47 0
47 1
47 2
47 3
47 4
47 7
47 8
47 9
47 10
47 12
47 14
47 18
47 19
47 21
47 31
47 32
47 33
47 34
47 37
47 43
47 45
48 1
48 3
48 5
48 8
48 9
48 10
48 13
48 16
48 21
48 22
48 23
48 28
48 38
48 40
48 43
48 46
48 47
49 0
49 3
49 11
49 14
49 26
49 27
49 31
49 34
49 36
49 37
49 38
49 39
49 42
