30
348
0 2
0 3
0 5
0 6
0 10
0 11
0 13
0 15
0 20
0 21
0 22
0 25
0 26
0 28
0 29
1 0
1 7
1 8
1 9
1 17
1 20
1 22
1 26
2 0
2 3
2 4
2 6
2 8
2 13
2 16
2 17
3 3
3 5
3 7
3 8
3 10
3 11
3 14
3 15
3 16
3 17
3 22
3 23
3 24
3 25
3 27
3 28
3 29
4 0
4 1
4 3
4 6
4 7
4 10
4 11
4 13
4 18
4 26
4 27
5 3
5 4
5 10
5 12
5 16
5 17
5 18
5 21
5 25
5 27
5 29
6 0
6 2
6 7
6 11
6 15
6 21
6 22
6 23
6 29
7 0
7 1
7 3
7 8
7 9
7 11
7 12
7 15
7 16
7 17
7 19
7 20
7 24
7 28
8 0
8 2
8 3
8 4
8 6
8 7
8 8
8 9
8 10
8 11
8 15
8 20
8 21
8 26
8 27
8 29
9 2
9 3
9 5
9 6
9 10
9 13
9 14
9 16
9 18
9 21
9 23
9 25
9 26
9 28
9 29
10 2
10 6
10 9
10 14
10 16
10 18
10 19
10 20
10 22
10 23
10 26
10 29
11 1
11 2
11 5
11 8
11 12
11 14
11 17
11 18
11 19
11 20
11 23
11 27
11 29
12 0
12 5
12 8
12 15
12 17
12 19
12 22
12 28
13 0
13 1
13 2
13 4
13 5
13 7
13 9
13 11
13 15
13 18
13 20
13 24
13 25
14 1
14 2
14 8
14 12
14 15
14 22
14 23
14 26
15 0
15 6
15 12
15 13
15 15
15 17
15 23
15 27
15 28
16 1
16 2
16 7
16 8
16 9
16 12
16 13
16 20
16 21
16 22
16 23
16 25
16 28
17 0
17 2
17 3
17 4
17 7
17 8
17 10
17 13
17 14
17 19
17 21
17 22
17 23
17 25
17 28
17 29
18 2
18 5
18 6
18 7
18 8
18 10
18 12
18 13
18 17
18 18
18 25
18 26
18 28
18 29
19 1
19 5
19 12
19 17
19 20
19 23
19 24
19 25
19 27
20 1
20 2
20 3
20 7
20 11
20 15
20 22
20 23
20 24
20 28
20 29
21 2
21 4
21 7
21 9
21 15
21 16
21 17
21 19
21 20
21 21
21 28
21 29
22 3
22 9
22 10
22 14
22 15
22 20
22 29
23 5
23 6
23 10
23 14
23 16
23 17
23 18
23 22
23 24
23 26
24 0
24 1
24 4
24 6
24 8
24 10
24 11
24 13
24 17
24 18
24 19
24 23
24 24
24 28
25 1
25 4
25 7
25 9
25 12
25 13
25 15
25 16
25 18
25 22
25 25
25 27
26 5
26 6
26 8
26 10
26 17
26 19
26 20
26 23
27 1
27 6
27 8
27 9
27 10
27 12
27 13
27 15
27 16
27 17
27 21
27 22
27 23
27 26
28 1
28 4
28 6
28 9
28 12
28 16
28 24
28 25
28 29
29 4
29 7
29 8
29 9
29 10
29 12
29 15
29 17
29 23
29 24
29 25
29 26
