120
5712
0 3
0 4
0 7
0 8
0 9
0 10
0 11
0 16
0 19
0 20
0 24
0 27
0 28
0 32
0 34
0 36
0 37
0 38
0 41
0 43
0 45
0 51
0 52
0 53
0 54
0 56
0 62
0 68
0 69
0 71
0 72
0 74
0 75
0 76
0 77
0 80
0 81
0 84
0 85
0 88
0 95
0 96
0 97
0 98
0 100
0 101
0 104
0 107
0 111
0 112
0 118
1 1
1 2
1 3
1 8
1 9
1 10
1 12
1 14
1 16
1 17
1 21
1 23
1 26
1 27
1 28
1 29
1 31
1 32
1 33
1 36
1 37
1 38
1 40
1 41
1 42
1 44
1 50
1 53
1 55
1 62
1 63
1 69
1 74
1 75
1 76
1 77
1 81
1 83
1 84
1 86
1 87
1 88
1 93
1 97
1 98
1 101
1 113
1 115
1 117
1 118
2 1
2 3
2 6
2 8
2 9
2 11
2 14
2 15
2 18
2 20
2 21
2 23
2 27
2 29
2 33
2 36
2 37
2 38
2 40
2 44
2 45
2 46
2 51
2 52
2 53
2 56
2 57
2 63
2 64
2 76
2 82
2 87
2 89
2 90
2 94
2 97
2 101
2 104
2 110
2 111
2 112
2 115
2 118
3 2
3 7
3 9
3 10
3 12
3 15
3 17
3 18
3 22
3 27
3 34
3 36
3 39
3 40
3 42
3 43
3 44
3 46
3 48
3 49
3 54
3 57
3 64
3 65
3 66
3 68
3 69
3 73
3 76
3 78
3 79
3 80
3 83
3 84
3 86
3 87
3 89
3 90
3 92
3 93
3 94
3 102
3 103
3 105
3 106
3 107
3 108
3 109
3 114
3 118
4 0
4 3
4 5
4 10
4 16
4 17
4 18
4 19
4 24
4 27
4 30
4 32
4 36
4 40
4 41
4 44
4 47
4 50
4 51
4 52
4 53
4 57
4 62
4 68
4 70
4 71
4 72
4 74
4 76
4 79
4 81
4 82
4 85
4 86
4 87
4 89
4 96
4 98
4 99
4 106
4 112
4 119
5 4
5 7
5 8
5 14
5 15
5 19
5 21
5 22
5 26
5 27
5 30
5 31
5 33
5 35
5 36
5 42
5 43
5 45
5 46
5 47
5 51
5 52
5 53
5 55
5 56
5 57
5 59
5 61
5 64
5 65
5 67
5 70
5 71
5 73
5 76
5 79
5 82
5 88
5 91
5 92
5 94
5 100
5 102
5 105
5 109
5 110
5 111
5 113
5 115
5 118
6 0
6 11
6 16
6 18
6 20
6 21
6 28
6 30
6 31
6 32
6 33
6 34
6 42
6 47
6 48
6 53
6 54
6 55
6 56
6 58
6 59
6 60
6 65
6 66
6 70
6 71
6 72
6 73
6 74
6 78
6 80
6 85
6 88
6 90
6 92
6 93
6 95
6 97
6 100
6 102
6 103
6 105
6 106
6 110
6 111
6 112
6 114
6 115
6 117
6 118
7 4
7 5
7 8
7 12
7 14
7 17
7 19
7 21
7 22
7 24
7 25
7 26
7 27
7 29
7 31
7 32
7 33
7 34
7 36
7 39
7 43
7 44
7 45
7 46
7 47
7 49
7 51
7 56
7 57
7 58
7 60
7 65
7 68
7 70
7 73
7 75
7 77
7 78
7 80
7 83
7 85
7 90
7 91
7 92
7 93
7 95
7 97
7 102
7 103
7 106
7 109
7 110
7 115
7 119
8 7
8 10
8 14
8 18
8 20
8 21
8 25
8 27
8 30
8 32
8 34
8 36
8 37
8 44
8 45
8 46
8 49
8 50
8 51
8 55
8 56
8 60
8 62
8 64
8 69
8 71
8 75
8 77
8 78
8 81
8 83
8 85
8 86
8 88
8 94
8 97
8 99
8 106
8 107
8 111
8 116
8 118
9 0
9 2
9 6
9 9
9 14
9 17
9 20
9 21
9 25
9 30
9 32
9 33
9 35
9 36
9 38
9 39
9 40
9 45
9 47
9 48
9 52
9 60
9 63
9 64
9 67
9 73
9 74
9 76
9 79
9 80
9 82
9 83
9 84
9 86
9 87
9 89
9 90
9 95
9 104
9 107
9 109
9 110
9 111
9 116
9 118
10 0
10 2
10 8
10 10
10 11
10 15
10 16
10 22
10 23
10 28
10 31
10 33
10 36
10 37
10 39
10 41
10 42
10 43
10 46
10 48
10 50
10 52
10 53
10 56
10 57
10 58
10 61
10 62
10 67
10 70
10 72
10 74
10 75
10 79
10 83
10 88
10 89
10 93
10 95
10 96
10 99
10 100
10 103
10 104
10 109
11 0
11 1
11 3
11 4
11 5
11 7
11 14
11 15
11 18
11 19
11 22
11 24
11 25
11 33
11 34
11 37
11 39
11 43
11 49
11 50
11 53
11 56
11 63
11 73
11 75
11 78
11 79
11 88
11 89
11 93
11 97
11 98
11 100
11 101
11 102
11 103
11 105
11 107
11 111
11 115
11 116
11 117
11 118
12 2
12 4
12 8
12 10
12 12
12 15
12 17
12 23
12 24
12 25
12 27
12 28
12 29
12 32
12 34
12 40
12 43
12 44
12 53
12 56
12 58
12 59
12 60
12 61
12 62
12 64
12 65
12 67
12 68
12 71
12 74
12 75
12 77
12 80
12 83
12 85
12 88
12 89
12 91
12 93
12 94
12 97
12 99
12 100
12 101
12 104
12 106
12 107
12 108
12 109
12 112
12 116
12 118
12 119
13 2
13 5
13 6
13 7
13 8
13 9
13 14
13 20
13 23
13 24
13 25
13 27
13 29
13 33
13 36
13 37
13 38
13 39
13 40
13 45
13 46
13 47
13 50
13 56
13 57
13 59
13 60
13 61
13 63
13 67
13 68
13 69
13 72
13 73
13 75
13 77
13 78
13 80
13 82
13 86
13 87
13 88
13 89
13 92
13 93
13 100
13 101
13 104
13 106
13 107
13 108
13 111
13 112
13 114
13 115
13 119
14 2
14 7
14 8
14 9
14 11
14 23
14 25
14 31
14 32
14 38
14 39
14 40
14 44
14 52
14 54
14 55
14 57
14 58
14 61
14 68
14 72
14 80
14 84
14 87
14 89
14 90
14 92
14 94
14 96
14 101
14 102
14 106
14 107
14 112
14 113
14 116
14 117
15 0
15 2
15 6
15 7
15 10
15 11
15 14
15 16
15 18
15 27
15 28
15 29
15 30
15 31
15 35
15 37
15 38
15 42
15 43
15 45
15 49
15 51
15 54
15 63
15 65
15 68
15 69
15 73
15 76
15 77
15 78
15 80
15 84
15 85
15 91
15 95
15 97
15 98
15 99
15 100
15 102
15 104
15 105
15 106
15 111
15 116
15 117
15 119
16 1
16 6
16 7
16 8
16 9
16 20
16 21
16 22
16 24
16 28
16 29
16 33
16 35
16 38
16 40
16 44
16 50
16 51
16 55
16 57
16 58
16 59
16 66
16 67
16 68
16 69
16 70
16 72
16 77
16 79
16 81
16 82
16 83
16 84
16 85
16 87
16 89
16 90
16 91
16 92
16 95
16 96
16 97
16 98
16 99
16 102
16 103
16 108
16 112
16 117
16 119
17 1
17 5
17 10
17 18
17 20
17 23
17 27
17 29
17 31
17 34
17 35
17 36
17 38
17 43
17 47
17 48
17 51
17 53
17 55
17 60
17 66
17 72
17 79
17 80
17 82
17 84
17 85
17 87
17 88
17 90
17 93
17 94
17 96
17 97
17 99
17 101
17 102
17 104
17 107
17 108
17 109
17 110
17 111
17 112
17 115
17 116
17 117
18 0
18 1
18 5
18 6
18 7
18 11
18 15
18 17
18 21
18 24
18 27
18 29
18 30
18 31
18 33
18 34
18 35
18 36
18 42
18 43
18 46
18 47
18 48
18 50
18 51
18 52
18 54
18 58
18 63
18 64
18 67
18 69
18 74
18 76
18 79
18 82
18 84
18 87
18 90
18 92
18 93
18 94
18 95
18 97
18 102
18 103
18 104
18 108
18 110
18 113
18 117
18 118
19 4
19 11
19 12
19 14
19 15
19 17
19 18
19 22
19 29
19 31
19 32
19 41
19 45
19 47
19 48
19 49
19 50
19 53
19 60
19 63
19 64
19 69
19 70
19 71
19 74
19 76
19 78
19 80
19 81
19 82
19 85
19 86
19 87
19 89
19 91
19 92
19 94
19 96
19 97
19 98
19 100
19 104
19 106
19 109
19 110
19 111
19 112
19 115
19 116
19 117
19 119
20 0
20 2
20 5
20 6
20 8
20 10
20 11
20 14
20 17
20 20
20 22
20 23
20 25
20 29
20 30
20 33
20 40
20 41
20 43
20 45
20 46
20 48
20 49
20 53
20 57
20 58
20 59
20 61
20 63
20 67
20 71
20 75
20 79
20 82
20 83
20 85
20 91
20 92
20 98
20 102
20 105
20 109
20 110
20 116
20 118
21 2
21 6
21 8
21 12
21 13
21 14
21 18
21 19
21 22
21 23
21 24
21 27
21 28
21 29
21 31
21 32
21 34
21 35
21 36
21 38
21 39
21 43
21 47
21 52
21 54
21 55
21 57
21 58
21 59
21 60
21 64
21 65
21 66
21 67
21 70
21 71
21 74
21 75
21 77
21 79
21 80
21 82
21 83
21 85
21 89
21 91
21 92
21 108
21 109
21 113
21 116
21 119
22 0
22 1
22 3
22 4
22 5
22 6
22 8
22 11
22 13
22 14
22 18
22 20
22 22
22 30
22 31
22 32
22 33
22 36
22 41
22 42
22 47
22 49
22 53
22 58
22 62
22 63
22 65
22 67
22 68
22 69
22 72
22 73
22 75
22 77
22 84
22 85
22 88
22 89
22 94
22 97
22 99
22 100
22 105
22 107
22 112
22 113
22 115
22 116
22 119
23 1
23 2
23 3
23 7
23 13
23 14
23 15
23 16
23 18
23 21
23 22
23 24
23 26
23 28
23 29
23 31
23 35
23 37
23 41
23 42
23 51
23 52
23 61
23 62
23 64
23 65
23 67
23 69
23 70
23 73
23 76
23 77
23 79
23 80
23 82
23 84
23 85
23 87
23 88
23 90
23 91
23 97
23 98
23 100
23 102
23 109
23 112
23 117
23 118
24 1
24 6
24 10
24 18
24 19
24 20
24 21
24 26
24 28
24 31
24 32
24 36
24 38
24 43
24 44
24 45
24 48
24 49
24 58
24 60
24 63
24 65
24 68
24 69
24 73
24 75
24 78
24 83
24 84
24 85
24 87
24 88
24 91
24 93
24 94
24 96
24 97
24 98
24 101
24 103
24 104
24 108
24 110
24 111
24 112
24 115
24 118
25 0
25 3
25 5
25 7
25 13
25 14
25 15
25 18
25 23
25 25
25 26
25 29
25 30
25 33
25 34
25 36
25 37
25 38
25 39
25 40
25 45
25 55
25 65
25 66
25 68
25 76
25 77
25 78
25 82
25 84
25 85
25 87
25 90
25 94
25 96
25 100
25 101
25 102
25 104
25 105
25 106
25 107
25 109
25 113
25 114
25 117
25 119
26 8
26 9
26 14
26 16
26 18
26 19
26 21
26 22
26 23
26 25
26 26
26 30
26 33
26 34
26 37
26 38
26 39
26 48
26 49
26 51
26 52
26 57
26 60
26 61
26 63
26 64
26 70
26 71
26 73
26 75
26 84
26 89
26 90
26 92
26 95
26 100
26 104
26 105
26 106
26 107
26 109
26 110
26 111
26 113
26 117
27 1
27 4
27 5
27 6
27 11
27 12
27 13
27 14
27 15
27 18
27 19
27 20
27 24
27 27
27 32
27 37
27 42
27 44
27 46
27 48
27 49
27 51
27 54
27 55
27 63
27 69
27 74
27 76
27 77
27 78
27 82
27 87
27 90
27 93
27 97
27 99
27 100
27 101
27 102
27 107
27 109
27 114
27 115
27 116
27 118
27 119
28 0
28 5
28 6
28 7
28 9
28 12
28 14
28 15
28 20
28 21
28 22
28 24
28 27
28 30
28 31
28 32
28 33
28 34
28 35
28 37
28 38
28 42
28 44
28 45
28 46
28 50
28 53
28 55
28 58
28 59
28 62
28 64
28 70
28 72
28 73
28 76
28 77
28 78
28 79
28 81
28 83
28 91
28 95
28 97
28 98
28 103
28 104
28 106
28 112
28 113
28 114
29 0
29 4
29 7
29 9
29 14
29 15
29 17
29 20
29 23
29 25
29 33
29 38
29 39
29 40
29 41
29 46
29 48
29 50
29 52
29 53
29 57
29 58
29 62
29 63
29 67
29 69
29 70
29 73
29 74
29 78
29 79
29 80
29 83
29 84
29 86
29 89
29 94
29 97
29 99
29 103
29 104
29 106
29 110
29 113
29 118
30 2
30 3
30 4
30 6
30 9
30 11
30 17
30 19
30 23
30 26
30 28
30 31
30 32
30 38
30 42
30 53
30 54
30 56
30 58
30 59
30 62
30 67
30 68
30 70
30 74
30 77
30 82
30 88
30 89
30 90
30 91
30 92
30 95
30 97
30 98
30 102
30 104
30 106
30 109
30 112
30 114
31 2
31 4
31 6
31 8
31 9
31 11
31 12
31 13
31 14
31 15
31 17
31 19
31 21
31 25
31 26
31 27
31 28
31 29
31 31
31 34
31 35
31 37
31 41
31 49
31 54
31 56
31 57
31 58
31 59
31 60
31 64
31 70
31 80
31 81
31 85
31 90
31 92
31 94
31 101
31 107
31 110
31 115
31 116
31 119
32 0
32 2
32 3
32 4
32 6
32 7
32 8
32 9
32 10
32 11
32 13
32 14
32 15
32 18
32 19
32 22
32 27
32 29
32 32
32 34
32 35
32 39
32 41
32 44
32 45
32 48
32 53
32 55
32 56
32 57
32 58
32 62
32 68
32 69
32 72
32 76
32 78
32 79
32 86
32 88
32 89
32 90
32 92
32 95
32 97
32 104
32 108
32 111
32 114
32 117
32 118
33 2
33 4
33 9
33 12
33 13
33 18
33 22
33 24
33 36
33 37
33 38
33 39
33 40
33 42
33 45
33 48
33 49
33 50
33 55
33 56
33 71
33 72
33 74
33 75
33 76
33 78
33 81
33 92
33 96
33 98
33 101
33 102
33 103
33 104
33 106
33 108
33 109
33 112
33 117
33 118
33 119
34 1
34 2
34 3
34 4
34 5
34 10
34 13
34 16
34 17
34 18
34 26
34 29
34 30
34 36
34 38
34 39
34 41
34 42
34 44
34 46
34 47
34 48
34 49
34 50
34 51
34 52
34 53
34 55
34 56
34 57
34 58
34 63
34 66
34 67
34 68
34 69
34 71
34 72
34 75
34 78
34 79
34 81
34 83
34 85
34 87
34 88
34 89
34 90
34 93
34 95
34 98
34 99
34 100
34 101
34 102
34 104
34 105
34 109
34 114
34 117
35 2
35 4
35 5
35 7
35 13
35 16
35 17
35 20
35 21
35 24
35 25
35 27
35 28
35 30
35 32
35 33
35 40
35 41
35 42
35 44
35 45
35 47
35 50
35 51
35 52
35 55
35 56
35 57
35 59
35 62
35 65
35 66
35 70
35 79
35 80
35 82
35 88
35 91
35 92
35 95
35 97
35 100
35 102
35 104
35 105
35 106
35 107
35 108
35 110
35 112
35 113
35 116
35 117
35 118
35 119
36 0
36 1
36 7
36 9
36 10
36 14
36 15
36 16
36 20
36 21
36 23
36 33
36 34
36 38
36 39
36 43
36 47
36 50
36 53
36 54
36 56
36 57
36 59
36 63
36 64
36 67
36 68
36 70
36 75
36 76
36 77
36 81
36 86
36 88
36 89
36 92
36 95
36 96
36 97
36 104
36 107
36 108
36 109
36 114
36 116
36 118
37 0
37 3
37 6
37 7
37 10
37 11
37 12
37 13
37 17
37 20
37 23
37 25
37 26
37 28
37 32
37 33
37 35
37 36
37 37
37 38
37 40
37 42
37 43
37 45
37 51
37 55
37 57
37 60
37 61
37 66
37 68
37 69
37 71
37 72
37 73
37 81
37 82
37 83
37 86
37 89
37 91
37 94
37 96
37 97
37 98
37 99
37 104
37 105
37 108
37 113
37 114
37 117
37 119
38 0
38 1
38 2
38 3
38 5
38 7
38 21
38 25
38 28
38 30
38 31
38 33
38 35
38 37
38 39
38 40
38 41
38 47
38 50
38 52
38 53
38 59
38 61
38 62
38 66
38 67
38 68
38 71
38 75
38 79
38 80
38 86
38 90
38 91
38 93
38 94
38 95
38 99
38 100
38 101
38 102
38 103
38 104
38 105
38 107
38 110
38 111
38 113
38 114
38 116
38 117
38 119
39 2
39 4
39 8
39 9
39 13
39 15
39 17
39 22
39 23
39 25
39 28
39 30
39 31
39 34
39 36
39 40
39 44
39 48
39 51
39 53
39 60
39 61
39 62
39 63
39 65
39 66
39 70
39 75
39 76
39 81
39 82
39 85
39 89
39 95
39 99
39 101
39 105
39 107
39 110
39 112
39 113
39 117
39 119
40 0
40 1
40 3
40 13
40 16
40 22
40 25
40 27
40 29
40 32
40 37
40 39
40 44
40 46
40 47
40 48
40 55
40 60
40 61
40 62
40 64
40 66
40 67
40 68
40 70
40 72
40 74
40 76
40 82
40 86
40 88
40 99
40 102
40 105
40 106
40 110
40 119
41 1
41 2
41 5
41 7
41 8
41 11
41 15
41 17
41 18
41 20
41 21
41 22
41 23
41 24
41 30
41 33
41 36
41 37
41 40
41 43
41 44
41 45
41 49
41 51
41 54
41 56
41 59
41 62
41 63
41 64
41 67
41 74
41 75
41 86
41 88
41 89
41 92
41 94
41 96
41 97
41 98
41 100
41 101
41 103
41 106
41 107
41 108
41 109
41 116
42 0
42 1
42 2
42 5
42 9
42 11
42 17
42 20
42 24
42 28
42 36
42 38
42 42
42 46
42 47
42 48
42 49
42 52
42 54
42 58
42 60
42 61
42 62
42 67
42 68
42 70
42 71
42 72
42 73
42 77
42 80
42 82
42 84
42 86
42 89
42 91
42 93
42 94
42 104
42 105
42 112
42 113
42 116
43 2
43 4
43 8
43 11
43 18
43 20
43 25
43 30
43 31
43 37
43 39
43 40
43 41
43 42
43 45
43 46
43 48
43 49
43 50
43 55
43 58
43 60
43 63
43 65
43 67
43 69
43 70
43 71
43 72
43 74
43 76
43 77
43 79
43 83
43 87
43 88
43 92
43 93
43 94
43 97
43 100
43 102
43 104
43 106
43 111
43 112
43 117
43 118
43 119
44 0
44 1
44 2
44 7
44 11
44 13
44 16
44 17
44 19
44 20
44 22
44 23
44 26
44 28
44 32
44 33
44 36
44 40
44 42
44 44
44 48
44 49
44 51
44 52
44 58
44 60
44 66
44 68
44 71
44 79
44 81
44 85
44 86
44 88
44 89
44 90
44 91
44 93
44 94
44 98
44 104
44 105
44 107
44 108
44 112
44 119
45 1
45 5
45 6
45 8
45 12
45 13
45 14
45 16
45 19
45 20
45 21
45 22
45 23
45 24
45 33
45 34
45 39
45 40
45 41
45 46
45 48
45 49
45 52
45 57
45 60
45 61
45 64
45 72
45 73
45 79
45 80
45 88
45 89
45 91
45 92
45 95
45 99
45 104
45 105
45 106
45 107
45 108
45 111
45 112
45 114
45 115
45 116
45 117
45 118
46 0
46 3
46 4
46 6
46 7
46 18
46 19
46 27
46 28
46 29
46 30
46 31
46 33
46 36
46 37
46 40
46 48
46 52
46 53
46 58
46 59
46 60
46 62
46 63
46 69
46 71
46 73
46 76
46 82
46 83
46 85
46 93
46 97
46 99
46 102
46 104
46 109
46 110
46 111
46 114
46 117
46 118
47 0
47 1
47 7
47 9
47 14
47 21
47 23
47 26
47 27
47 29
47 30
47 32
47 37
47 42
47 43
47 44
47 49
47 50
47 55
47 60
47 62
47 63
47 65
47 66
47 68
47 69
47 70
47 73
47 76
47 78
47 82
47 83
47 84
47 85
47 86
47 87
47 89
47 90
47 94
47 98
47 100
47 103
47 104
47 105
47 109
47 112
47 114
47 117
48 2
48 3
48 7
48 8
48 10
48 15
48 18
48 19
48 20
48 26
48 27
48 31
48 33
48 35
48 36
48 37
48 38
48 43
48 45
48 48
48 54
48 59
48 61
48 62
48 64
48 65
48 67
48 68
48 71
48 75
48 80
48 81
48 83
48 84
48 89
48 95
48 96
48 99
48 102
48 104
48 105
48 115
49 2
49 3
49 4
49 7
49 11
49 15
49 17
49 18
49 22
49 24
49 28
49 31
49 32
49 33
49 34
49 38
49 48
49 49
49 50
49 51
49 55
49 56
49 63
49 65
49 67
49 68
49 72
49 75
49 77
49 78
49 79
49 80
49 81
49 83
49 84
49 85
49 87
49 88
49 90
49 91
49 95
49 96
49 98
49 100
49 102
49 104
49 106
49 110
49 116
49 117
49 118
50 0
50 1
50 2
50 7
50 8
50 9
50 13
50 21
50 23
50 24
50 25
50 28
50 32
50 34
50 35
50 36
50 37
50 40
50 43
50 45
50 46
50 47
50 52
50 53
50 59
50 61
50 64
50 69
50 71
50 73
50 74
50 75
50 84
50 87
50 88
50 89
50 90
50 95
50 96
50 102
50 104
50 105
50 106
50 108
50 109
50 117
51 0
51 4
51 7
51 11
51 17
51 23
51 26
51 28
51 29
51 30
51 35
51 40
51 42
51 43
51 45
51 46
51 50
51 54
51 59
51 60
51 65
51 70
51 77
51 80
51 82
51 84
51 86
51 87
51 88
51 93
51 94
51 104
51 105
51 106
51 109
51 114
51 116
52 0
52 2
52 5
52 8
52 11
52 14
52 15
52 17
52 20
52 22
52 23
52 26
52 27
52 29
52 30
52 31
52 34
52 38
52 41
52 44
52 46
52 52
52 53
52 54
52 59
52 62
52 65
52 67
52 68
52 70
52 71
52 72
52 74
52 75
52 80
52 82
52 84
52 87
52 88
52 89
52 91
52 92
52 93
52 99
52 101
52 102
52 103
52 106
52 108
52 110
52 112
52 114
52 115
52 116
52 117
52 118
52 119
53 1
53 4
53 6
53 11
53 12
53 13
53 14
53 20
53 29
53 30
53 31
53 34
53 35
53 36
53 39
53 42
53 51
53 53
53 55
53 60
53 63
53 64
53 68
53 70
53 76
53 77
53 79
53 80
53 82
53 85
53 86
53 89
53 99
53 104
53 106
53 108
53 109
53 110
53 111
53 113
53 116
53 117
54 0
54 3
54 5
54 8
54 9
54 13
54 19
54 20
54 25
54 30
54 32
54 34
54 36
54 38
54 41
54 45
54 48
54 49
54 52
54 57
54 59
54 62
54 63
54 69
54 71
54 74
54 75
54 76
54 77
54 78
54 80
54 81
54 85
54 86
54 88
54 91
54 94
54 95
54 97
54 98
54 100
54 102
54 105
54 106
54 107
54 111
54 117
54 119
55 3
55 5
55 6
55 7
55 8
55 10
55 13
55 18
55 19
55 20
55 21
55 22
55 25
55 26
55 28
55 30
55 35
55 38
55 39
55 41
55 43
55 44
55 45
55 47
55 48
55 49
55 55
55 57
55 58
55 59
55 60
55 61
55 62
55 66
55 70
55 72
55 74
55 77
55 83
55 88
55 90
55 94
55 95
55 97
55 99
55 100
55 101
55 104
55 105
55 110
55 112
55 113
55 114
55 115
55 116
55 117
55 118
56 0
56 1
56 3
56 4
56 8
56 9
56 13
56 17
56 18
56 19
56 20
56 21
56 28
56 30
56 32
56 33
56 34
56 37
56 38
56 41
56 46
56 51
56 52
56 53
56 56
56 60
56 61
56 63
56 65
56 70
56 72
56 73
56 76
56 81
56 83
56 86
56 95
56 96
56 98
56 100
56 101
56 113
56 114
56 116
56 118
57 2
57 4
57 5
57 8
57 9
57 16
57 21
57 22
57 34
57 35
57 36
57 37
57 38
57 40
57 41
57 42
57 43
57 44
57 46
57 47
57 50
57 52
57 56
57 59
57 64
57 67
57 69
57 70
57 73
57 74
57 75
57 79
57 82
57 83
57 84
57 92
57 94
57 95
57 96
57 98
57 101
57 102
57 104
57 105
57 106
57 108
57 112
57 113
57 115
57 116
57 118
57 119
58 2
58 3
58 5
58 7
58 9
58 10
58 11
58 17
58 18
58 21
58 35
58 37
58 39
58 42
58 45
58 46
58 47
58 50
58 51
58 59
58 62
58 63
58 65
58 67
58 68
58 69
58 75
58 76
58 77
58 78
58 79
58 82
58 84
58 85
58 86
58 88
58 97
58 99
58 100
58 101
58 104
58 105
58 108
58 110
58 112
58 114
58 115
59 0
59 2
59 4
59 7
59 8
59 12
59 13
59 16
59 20
59 22
59 25
59 27
59 29
59 34
59 35
59 37
59 39
59 40
59 42
59 44
59 45
59 48
59 50
59 56
59 58
59 60
59 65
59 66
59 69
59 74
59 76
59 83
59 85
59 86
59 90
59 91
59 93
59 94
59 95
59 96
59 97
59 100
59 102
59 106
59 107
59 109
59 111
59 112
59 113
59 116
60 1
60 2
60 5
60 9
60 12
60 14
60 16
60 17
60 18
60 19
60 21
60 22
60 23
60 26
60 31
60 33
60 34
60 35
60 40
60 44
60 46
60 47
60 48
60 49
60 50
60 54
60 59
60 61
60 62
60 73
60 74
60 77
60 78
60 79
60 81
60 82
60 86
60 87
60 88
60 98
60 99
60 101
60 104
60 107
60 108
60 109
60 111
60 115
60 117
61 0
61 4
61 5
61 9
61 11
61 15
61 17
61 18
61 20
61 29
61 31
61 35
61 39
61 40
61 42
61 46
61 48
61 53
61 56
61 60
61 62
61 63
61 67
61 75
61 76
61 77
61 78
61 82
61 84
61 85
61 87
61 91
61 93
61 98
61 103
61 104
61 106
61 116
61 118
61 119
62 0
62 8
62 9
62 10
62 14
62 19
62 22
62 23
62 25
62 29
62 30
62 33
62 34
62 37
62 38
62 39
62 40
62 41
62 45
62 46
62 47
62 48
62 50
62 53
62 54
62 56
62 58
62 60
62 61
62 63
62 67
62 69
62 70
62 71
62 72
62 75
62 78
62 79
62 80
62 88
62 93
62 97
62 98
62 105
62 106
62 107
62 109
62 111
62 117
62 118
63 0
63 2
63 3
63 4
63 7
63 11
63 14
63 15
63 23
63 24
63 28
63 30
63 31
63 32
63 33
63 38
63 39
63 41
63 44
63 46
63 56
63 63
63 64
63 65
63 68
63 74
63 75
63 78
63 79
63 85
63 87
63 89
63 96
63 97
63 103
63 108
63 111
63 113
63 114
63 115
63 117
63 119
64 1
64 3
64 10
64 12
64 13
64 17
64 22
64 26
64 32
64 33
64 34
64 35
64 38
64 41
64 43
64 45
64 46
64 50
64 54
64 57
64 58
64 59
64 60
64 61
64 62
64 63
64 67
64 68
64 72
64 76
64 78
64 80
64 81
64 84
64 92
64 93
64 95
64 96
64 110
64 113
64 116
64 117
64 118
64 119
65 3
65 6
65 7
65 15
65 17
65 19
65 21
65 25
65 32
65 35
65 36
65 38
65 41
65 49
65 54
65 56
65 59
65 66
65 67
65 69
65 72
65 74
65 80
65 82
65 86
65 88
65 94
65 102
65 105
65 110
65 113
65 117
65 118
66 0
66 5
66 7
66 11
66 14
66 16
66 17
66 19
66 20
66 22
66 23
66 25
66 26
66 32
66 33
66 34
66 35
66 37
66 41
66 43
66 44
66 45
66 47
66 48
66 50
66 51
66 52
66 53
66 56
66 58
66 60
66 61
66 62
66 63
66 73
66 74
66 80
66 81
66 82
66 84
66 85
66 87
66 89
66 92
66 93
66 94
66 95
66 96
66 97
66 98
66 103
66 106
66 108
66 114
66 119
67 3
67 4
67 6
67 7
67 8
67 13
67 14
67 15
67 16
67 17
67 18
67 20
67 21
67 25
67 29
67 30
67 34
67 35
67 37
67 41
67 45
67 46
67 47
67 49
67 51
67 52
67 53
67 56
67 58
67 61
67 63
67 66
67 69
67 70
67 75
67 76
67 77
67 84
67 88
67 89
67 92
67 94
67 97
67 98
67 99
67 104
67 107
67 109
67 111
67 113
67 115
67 116
67 117
68 0
68 2
68 4
68 5
68 6
68 8
68 11
68 14
68 17
68 20
68 21
68 37
68 38
68 40
68 48
68 50
68 54
68 57
68 62
68 63
68 67
68 68
68 70
68 72
68 74
68 77
68 82
68 83
68 86
68 88
68 90
68 91
68 93
68 95
68 96
68 97
68 103
68 107
68 113
68 115
68 116
68 117
68 118
69 6
69 7
69 12
69 13
69 15
69 19
69 22
69 24
69 25
69 26
69 30
69 31
69 34
69 35
69 37
69 38
69 41
69 42
69 43
69 44
69 45
69 48
69 51
69 54
69 55
69 56
69 57
69 60
69 68
69 72
69 76
69 77
69 79
69 80
69 82
69 84
69 85
69 87
69 88
69 94
69 95
69 100
69 104
69 105
69 106
69 107
69 108
69 109
69 118
69 119
70 0
70 4
70 5
70 7
70 9
70 11
70 12
70 15
70 18
70 20
70 25
70 26
70 28
70 32
70 35
70 37
70 39
70 42
70 43
70 46
70 47
70 48
70 53
70 57
70 60
70 61
70 64
70 67
70 71
70 72
70 74
70 76
70 78
70 80
70 82
70 86
70 87
70 89
70 91
70 94
70 97
70 98
70 100
70 102
70 103
70 110
70 112
70 116
70 118
71 4
71 5
71 6
71 7
71 9
71 10
71 17
71 19
71 20
71 23
71 25
71 34
71 37
71 38
71 41
71 43
71 44
71 46
71 53
71 56
71 63
71 64
71 70
71 72
71 77
71 82
71 85
71 89
71 90
71 99
71 100
71 103
71 104
71 105
71 107
71 110
71 111
71 112
71 114
71 115
71 116
71 117
71 118
72 1
72 4
72 7
72 11
72 12
72 15
72 16
72 19
72 24
72 25
72 27
72 30
72 32
72 33
72 34
72 36
72 37
72 39
72 41
72 44
72 46
72 47
72 48
72 50
72 52
72 53
72 56
72 60
72 61
72 64
72 66
72 67
72 69
72 71
72 76
72 77
72 79
72 80
72 83
72 85
72 89
72 90
72 91
72 92
72 94
72 95
72 99
72 101
72 102
72 106
72 107
72 108
72 110
72 115
73 5
73 9
73 15
73 16
73 19
73 24
73 30
73 32
73 46
73 49
73 50
73 57
73 61
73 63
73 64
73 67
73 69
73 73
73 78
73 84
73 85
73 86
73 93
73 98
73 102
73 103
73 104
73 105
73 113
73 119
74 0
74 2
74 4
74 7
74 8
74 10
74 11
74 14
74 15
74 18
74 21
74 23
74 25
74 28
74 29
74 34
74 36
74 37
74 38
74 40
74 45
74 46
74 50
74 54
74 55
74 59
74 66
74 71
74 72
74 75
74 77
74 78
74 81
74 82
74 87
74 92
74 100
74 102
74 103
74 107
74 108
74 109
74 111
74 112
74 113
74 114
75 3
75 8
75 9
75 11
75 15
75 18
75 22
75 25
75 26
75 28
75 31
75 35
75 38
75 39
75 45
75 47
75 48
75 50
75 51
75 53
75 57
75 59
75 60
75 61
75 67
75 68
75 69
75 73
75 74
75 78
75 86
75 90
75 91
75 100
75 101
75 102
75 103
75 104
75 107
75 108
75 111
75 113
75 115
75 117
76 2
76 6
76 10
76 15
76 19
76 20
76 22
76 27
76 32
76 33
76 34
76 37
76 38
76 39
76 42
76 43
76 47
76 49
76 50
76 52
76 53
76 58
76 60
76 61
76 64
76 71
76 76
76 78
76 82
76 83
76 86
76 88
76 90
76 92
76 95
76 96
76 97
76 98
76 99
76 100
76 102
76 103
76 104
76 108
76 113
76 115
77 5
77 6
77 10
77 14
77 15
77 16
77 17
77 18
77 23
77 24
77 26
77 29
77 30
77 31
77 33
77 34
77 35
77 36
77 38
77 52
77 53
77 54
77 58
77 59
77 60
77 61
77 62
77 64
77 67
77 69
77 70
77 71
77 73
77 74
77 75
77 77
77 78
77 80
77 82
77 88
77 91
77 92
77 96
77 98
77 99
77 107
77 108
77 110
77 111
77 113
77 114
77 115
77 119
78 6
78 7
78 10
78 11
78 12
78 14
78 15
78 26
78 27
78 29
78 34
78 36
78 44
78 47
78 49
78 52
78 53
78 55
78 57
78 59
78 60
78 62
78 63
78 64
78 65
78 70
78 72
78 73
78 77
78 78
78 81
78 82
78 84
78 88
78 89
78 90
78 100
78 104
78 105
78 106
78 107
78 109
78 113
78 115
78 117
78 119
79 1
79 5
79 7
79 10
79 12
79 16
79 19
79 21
79 25
79 27
79 28
79 35
79 38
79 41
79 46
79 48
79 49
79 50
79 51
79 55
79 56
79 59
79 61
79 62
79 63
79 66
79 69
79 70
79 74
79 76
79 78
79 79
79 80
79 82
79 83
79 85
79 86
79 88
79 93
79 100
79 101
79 104
79 106
79 113
79 117
79 118
80 0
80 1
80 2
80 3
80 6
80 9
80 11
80 12
80 14
80 18
80 22
80 23
80 25
80 27
80 28
80 33
80 40
80 41
80 42
80 46
80 50
80 53
80 54
80 59
80 60
80 61
80 65
80 66
80 74
80 76
80 77
80 83
80 89
80 92
80 93
80 95
80 96
80 101
80 102
80 104
80 107
80 110
80 111
80 114
81 0
81 2
81 11
81 14
81 16
81 24
81 29
81 31
81 32
81 35
81 37
81 40
81 43
81 44
81 50
81 53
81 57
81 58
81 67
81 68
81 73
81 74
81 76
81 77
81 78
81 80
81 85
81 94
81 96
81 99
81 102
81 104
81 105
81 106
81 108
81 112
81 113
81 116
82 3
82 4
82 8
82 9
82 10
82 11
82 16
82 18
82 21
82 24
82 30
82 38
82 46
82 47
82 55
82 57
82 58
82 59
82 60
82 61
82 64
82 66
82 68
82 69
82 74
82 75
82 76
82 77
82 78
82 79
82 87
82 89
82 94
82 95
82 96
82 98
82 100
82 101
82 107
82 108
82 112
82 115
82 119
83 0
83 2
83 3
83 9
83 11
83 13
83 15
83 18
83 20
83 23
83 26
83 29
83 31
83 32
83 37
83 39
83 40
83 41
83 43
83 45
83 46
83 47
83 49
83 51
83 52
83 53
83 54
83 55
83 59
83 63
83 66
83 67
83 68
83 69
83 70
83 71
83 73
83 77
83 78
83 83
83 85
83 92
83 95
83 96
83 97
83 98
83 99
83 103
83 107
83 108
83 112
83 116
83 117
83 118
84 1
84 2
84 6
84 8
84 12
84 13
84 17
84 18
84 19
84 21
84 24
84 25
84 28
84 29
84 32
84 33
84 36
84 38
84 39
84 40
84 41
84 42
84 44
84 45
84 46
84 48
84 49
84 52
84 54
84 59
84 62
84 64
84 67
84 68
84 73
84 74
84 75
84 77
84 78
84 79
84 82
84 86
84 89
84 91
84 96
84 99
84 100
84 110
84 111
84 117
85 0
85 1
85 7
85 9
85 11
85 12
85 14
85 21
85 24
85 26
85 27
85 28
85 31
85 33
85 34
85 36
85 38
85 42
85 43
85 48
85 51
85 54
85 55
85 56
85 57
85 62
85 63
85 67
85 69
85 70
85 74
85 75
85 76
85 77
85 79
85 81
85 82
85 83
85 84
85 85
85 87
85 88
85 91
85 93
85 94
85 95
85 96
85 97
85 98
85 99
85 102
85 103
85 104
85 106
85 107
85 109
85 111
85 112
85 113
85 114
86 3
86 5
86 7
86 8
86 9
86 10
86 11
86 17
86 20
86 21
86 22
86 26
86 27
86 30
86 35
86 39
86 45
86 48
86 59
86 61
86 63
86 64
86 66
86 67
86 69
86 72
86 73
86 74
86 75
86 81
86 82
86 83
86 85
86 86
86 87
86 88
86 92
86 93
86 94
86 96
86 97
86 106
86 107
86 109
86 113
86 119
87 0
87 2
87 4
87 6
87 7
87 8
87 9
87 10
87 12
87 13
87 19
87 24
87 28
87 32
87 34
87 37
87 38
87 43
87 45
87 47
87 48
87 49
87 51
87 53
87 56
87 61
87 63
87 66
87 68
87 70
87 71
87 75
87 76
87 78
87 80
87 83
87 86
87 89
87 92
87 94
87 97
87 99
87 100
87 101
87 102
87 104
87 105
87 106
87 107
87 110
87 111
87 112
87 113
87 114
87 116
87 117
88 0
88 1
88 3
88 13
88 14
88 17
88 20
88 24
88 25
88 27
88 29
88 30
88 34
88 37
88 38
88 39
88 40
88 45
88 46
88 54
88 55
88 58
88 59
88 60
88 64
88 70
88 72
88 75
88 77
88 78
88 81
88 83
88 86
88 87
88 89
88 92
88 93
88 94
88 95
88 96
88 100
88 101
88 106
88 107
88 108
88 109
88 111
88 116
88 118
89 2
89 3
89 4
89 6
89 9
89 14
89 17
89 18
89 19
89 21
89 22
89 25
89 26
89 30
89 31
89 32
89 35
89 36
89 37
89 40
89 46
89 47
89 50
89 53
89 55
89 56
89 57
89 59
89 62
89 68
89 69
89 70
89 72
89 74
89 75
89 78
89 80
89 82
89 84
89 85
89 95
89 99
89 101
89 103
89 107
89 108
89 110
89 111
89 113
89 114
89 119
90 0
90 1
90 6
90 7
90 8
90 11
90 17
90 19
90 21
90 23
90 24
90 26
90 27
90 28
90 31
90 32
90 35
90 38
90 39
90 43
90 48
90 49
90 52
90 54
90 55
90 57
90 58
90 59
90 60
90 62
90 65
90 67
90 71
90 72
90 74
90 75
90 76
90 77
90 78
90 79
90 90
90 93
90 95
90 98
90 99
90 103
90 104
90 105
90 107
90 109
90 110
90 112
90 113
90 116
90 117
90 119
91 4
91 8
91 12
91 17
91 19
91 21
91 22
91 24
91 25
91 32
91 36
91 37
91 38
91 40
91 41
91 44
91 45
91 50
91 51
91 52
91 53
91 54
91 55
91 57
91 58
91 59
91 61
91 62
91 63
91 65
91 66
91 68
91 69
91 70
91 73
91 75
91 77
91 78
91 83
91 89
91 90
91 91
91 93
91 96
91 98
91 100
91 102
91 108
91 109
91 111
91 114
92 0
92 3
92 4
92 10
92 12
92 13
92 18
92 19
92 20
92 22
92 23
92 25
92 30
92 31
92 33
92 35
92 37
92 39
92 42
92 44
92 54
92 55
92 56
92 58
92 59
92 63
92 66
92 68
92 70
92 71
92 72
92 74
92 75
92 76
92 77
92 78
92 84
92 89
92 90
92 93
92 98
92 100
92 103
92 105
92 107
92 108
92 109
92 112
92 114
92 118
93 0
93 3
93 5
93 8
93 13
93 17
93 19
93 20
93 21
93 27
93 29
93 30
93 31
93 32
93 36
93 37
93 38
93 44
93 45
93 57
93 58
93 61
93 62
93 68
93 69
93 71
93 76
93 82
93 83
93 86
93 89
93 95
93 96
93 104
93 105
93 107
93 111
93 114
93 119
94 1
94 4
94 6
94 9
94 17
94 18
94 21
94 22
94 24
94 26
94 27
94 29
94 31
94 33
94 38
94 39
94 42
94 46
94 47
94 48
94 49
94 54
94 55
94 58
94 60
94 61
94 64
94 65
94 66
94 75
94 77
94 78
94 79
94 84
94 87
94 92
94 96
94 100
94 101
94 103
94 107
94 108
94 110
94 111
94 112
94 113
94 114
94 115
94 116
94 117
94 119
95 0
95 6
95 11
95 13
95 15
95 18
95 23
95 24
95 27
95 29
95 31
95 32
95 40
95 44
95 45
95 49
95 51
95 52
95 55
95 57
95 59
95 60
95 69
95 76
95 80
95 81
95 85
95 86
95 87
95 89
95 90
95 92
95 93
95 96
95 98
95 100
95 103
95 107
95 108
95 110
95 112
95 114
95 117
96 0
96 1
96 3
96 7
96 9
96 12
96 18
96 22
96 26
96 27
96 28
96 31
96 32
96 34
96 39
96 40
96 41
96 45
96 48
96 49
96 52
96 57
96 58
96 59
96 60
96 62
96 64
96 68
96 69
96 71
96 73
96 74
96 77
96 79
96 83
96 87
96 89
96 92
96 99
96 102
96 106
96 109
96 111
96 114
96 117
96 118
97 2
97 8
97 10
97 11
97 15
97 16
97 20
97 22
97 25
97 27
97 28
97 29
97 32
97 34
97 39
97 40
97 43
97 46
97 55
97 57
97 59
97 62
97 64
97 65
97 66
97 67
97 68
97 69
97 71
97 73
97 74
97 75
97 79
97 84
97 87
97 88
97 90
97 91
97 92
97 100
97 101
97 102
97 103
97 108
97 110
97 113
97 114
97 115
97 117
98 1
98 4
98 7
98 11
98 12
98 21
98 23
98 25
98 27
98 31
98 32
98 35
98 38
98 43
98 45
98 49
98 51
98 53
98 55
98 56
98 59
98 60
98 61
98 63
98 65
98 66
98 72
98 73
98 74
98 77
98 79
98 81
98 82
98 85
98 88
98 94
98 96
98 97
98 99
98 100
98 102
98 103
98 108
98 109
98 112
98 114
98 115
99 1
99 2
99 4
99 12
99 13
99 18
99 22
99 27
99 28
99 34
99 35
99 36
99 40
99 41
99 45
99 46
99 55
99 56
99 59
99 61
99 62
99 71
99 72
99 76
99 80
99 82
99 84
99 85
99 87
99 88
99 91
99 94
99 95
99 96
99 97
99 98
99 99
99 102
99 104
99 105
99 107
99 110
99 111
99 114
99 118
100 0
100 2
100 7
100 8
100 9
100 10
100 11
100 14
100 16
100 19
100 21
100 25
100 26
100 29
100 30
100 35
100 38
100 39
100 42
100 43
100 44
100 45
100 46
100 52
100 54
100 56
100 59
100 60
100 62
100 63
100 65
100 66
100 68
100 75
100 77
100 80
100 82
100 85
100 87
100 91
100 94
100 95
100 97
100 103
100 109
100 112
100 114
100 116
101 0
101 1
101 3
101 4
101 13
101 14
101 21
101 22
101 24
101 31
101 32
101 36
101 37
101 38
101 40
101 44
101 50
101 52
101 54
101 55
101 56
101 57
101 58
101 61
101 63
101 64
101 66
101 69
101 71
101 72
101 74
101 76
101 78
101 79
101 81
101 85
101 86
101 87
101 88
101 93
101 96
101 97
101 98
101 104
101 107
101 109
101 111
101 119
102 0
102 1
102 2
102 8
102 10
102 11
102 14
102 16
102 20
102 24
102 30
102 32
102 34
102 36
102 39
102 40
102 42
102 45
102 46
102 47
102 48
102 50
102 51
102 52
102 56
102 58
102 59
102 67
102 71
102 79
102 80
102 81
102 84
102 85
102 86
102 87
102 88
102 93
102 94
102 97
102 101
102 103
102 106
102 111
102 112
102 116
102 117
102 119
103 2
103 6
103 7
103 9
103 10
103 13
103 14
103 15
103 19
103 20
103 21
103 24
103 25
103 32
103 34
103 38
103 40
103 41
103 43
103 48
103 49
103 50
103 51
103 55
103 56
103 57
103 58
103 60
103 63
103 73
103 75
103 82
103 83
103 86
103 88
103 95
103 97
103 99
103 102
103 106
103 107
103 108
103 109
103 112
103 115
103 118
103 119
104 2
104 3
104 9
104 10
104 11
104 13
104 14
104 15
104 17
104 19
104 20
104 22
104 27
104 30
104 32
104 33
104 37
104 43
104 44
104 46
104 48
104 52
104 53
104 62
104 64
104 65
104 66
104 69
104 70
104 75
104 77
104 78
104 82
104 83
104 85
104 88
104 92
104 93
104 95
104 98
104 100
104 102
104 107
104 108
104 109
104 112
104 115
104 116
104 118
105 0
105 2
105 7
105 9
105 10
105 25
105 26
105 27
105 28
105 32
105 34
105 35
105 36
105 38
105 39
105 46
105 54
105 55
105 63
105 66
105 67
105 68
105 69
105 70
105 72
105 74
105 76
105 79
105 81
105 82
105 84
105 87
105 88
105 92
105 94
105 95
105 98
105 100
105 101
105 102
105 104
105 109
105 110
105 111
105 113
105 116
106 3
106 4
106 5
106 6
106 7
106 15
106 16
106 18
106 21
106 23
106 26
106 27
106 32
106 34
106 36
106 38
106 40
106 42
106 43
106 45
106 46
106 50
106 53
106 57
106 58
106 59
106 60
106 63
106 65
106 67
106 68
106 69
106 71
106 72
106 74
106 76
106 78
106 80
106 82
106 83
106 85
106 86
106 88
106 91
106 92
106 93
106 95
106 97
106 98
106 100
106 101
106 102
106 108
106 109
106 116
106 117
106 118
107 0
107 1
107 2
107 5
107 12
107 13
107 15
107 16
107 17
107 19
107 20
107 24
107 26
107 28
107 37
107 38
107 39
107 40
107 42
107 45
107 47
107 48
107 51
107 57
107 59
107 61
107 65
107 66
107 67
107 69
107 70
107 72
107 75
107 77
107 79
107 82
107 85
107 87
107 88
107 95
107 98
107 99
107 102
107 106
107 107
107 108
107 110
107 111
107 112
107 114
107 115
108 2
108 4
108 7
108 12
108 14
108 15
108 16
108 17
108 22
108 24
108 27
108 28
108 29
108 32
108 34
108 35
108 38
108 39
108 41
108 42
108 43
108 46
108 48
108 51
108 52
108 55
108 56
108 58
108 59
108 60
108 71
108 76
108 77
108 78
108 80
108 87
108 94
108 95
108 103
108 104
108 105
108 107
108 108
108 113
108 115
108 117
109 0
109 4
109 5
109 9
109 11
109 16
109 21
109 23
109 24
109 25
109 33
109 34
109 35
109 36
109 37
109 38
109 39
109 43
109 44
109 47
109 50
109 57
109 58
109 60
109 61
109 62
109 63
109 64
109 66
109 70
109 71
109 77
109 79
109 91
109 92
109 94
109 95
109 97
109 98
109 100
109 101
109 102
109 104
109 107
109 108
109 112
109 114
109 115
109 116
109 118
109 119
110 0
110 2
110 3
110 5
110 8
110 9
110 12
110 16
110 18
110 26
110 29
110 30
110 31
110 39
110 41
110 43
110 45
110 48
110 49
110 50
110 53
110 54
110 56
110 65
110 69
110 76
110 78
110 80
110 90
110 92
110 93
110 95
110 96
110 98
110 101
110 102
110 104
110 105
110 106
110 108
110 110
110 111
110 114
110 117
110 118
111 0
111 1
111 4
111 5
111 7
111 10
111 12
111 16
111 17
111 21
111 24
111 25
111 30
111 34
111 37
111 38
111 39
111 41
111 43
111 45
111 46
111 50
111 54
111 57
111 58
111 62
111 64
111 67
111 73
111 76
111 77
111 80
111 81
111 83
111 84
111 85
111 87
111 89
111 91
111 92
111 95
111 96
111 104
111 105
111 106
111 107
111 108
111 113
111 115
112 0
112 2
112 3
112 6
112 11
112 21
112 23
112 27
112 31
112 32
112 34
112 35
112 39
112 40
112 41
112 42
112 47
112 48
112 50
112 51
112 56
112 57
112 59
112 62
112 64
112 67
112 69
112 70
112 74
112 75
112 78
112 79
112 81
112 85
112 88
112 90
112 91
112 93
112 95
112 97
112 106
112 109
112 110
112 115
112 118
113 2
113 4
113 5
113 6
113 7
113 16
113 18
113 24
113 25
113 26
113 32
113 38
113 39
113 41
113 45
113 52
113 57
113 60
113 65
113 66
113 72
113 75
113 76
113 84
113 86
113 92
113 96
113 99
113 101
113 112
113 113
113 114
113 116
113 117
113 119
114 1
114 2
114 4
114 5
114 6
114 8
114 10
114 12
114 14
114 15
114 17
114 18
114 19
114 20
114 24
114 25
114 27
114 29
114 30
114 33
114 35
114 36
114 37
114 44
114 45
114 48
114 49
114 50
114 52
114 53
114 57
114 59
114 60
114 63
114 65
114 66
114 67
114 68
114 72
114 73
114 74
114 76
114 79
114 81
114 84
114 85
114 90
114 92
114 93
114 94
114 98
114 99
114 100
114 101
114 103
114 104
114 105
114 106
114 109
114 110
114 113
114 115
114 116
114 117
114 118
114 119
115 0
115 2
115 4
115 8
115 9
115 13
115 14
115 15
115 17
115 24
115 26
115 28
115 30
115 34
115 38
115 41
115 42
115 48
115 49
115 52
115 56
115 57
115 58
115 60
115 61
115 64
115 71
115 72
115 75
115 76
115 78
115 80
115 82
115 84
115 86
115 89
115 90
115 94
115 98
115 99
115 101
115 102
115 103
115 106
115 107
115 110
115 112
115 113
115 116
115 117
115 118
116 0
116 1
116 2
116 5
116 6
116 10
116 12
116 13
116 19
116 20
116 23
116 24
116 28
116 31
116 33
116 35
116 38
116 40
116 47
116 48
116 50
116 51
116 52
116 56
116 58
116 62
116 63
116 65
116 69
116 78
116 81
116 83
116 86
116 87
116 88
116 89
116 95
116 96
116 97
116 98
116 102
116 104
116 108
116 109
116 110
116 117
117 0
117 3
117 4
117 6
117 12
117 19
117 20
117 22
117 23
117 24
117 27
117 32
117 34
117 37
117 38
117 40
117 50
117 52
117 54
117 61
117 65
117 66
117 67
117 68
117 69
117 71
117 75
117 76
117 77
117 80
117 81
117 82
117 86
117 91
117 94
117 95
117 97
117 98
117 103
117 104
117 106
117 112
117 116
117 117
118 0
118 2
118 3
118 4
118 6
118 7
118 11
118 12
118 14
118 16
118 17
118 20
118 21
118 22
118 23
118 24
118 25
118 29
118 31
118 33
118 36
118 38
118 42
118 43
118 44
118 48
118 49
118 50
118 58
118 59
118 62
118 66
118 70
118 72
118 73
118 79
118 84
118 87
118 88
118 90
118 92
118 93
118 94
118 97
118 98
118 99
118 100
118 105
118 112
118 116
118 118
119 2
119 3
119 7
119 10
119 15
119 19
119 20
119 22
119 23
119 25
119 26
119 33
119 35
119 36
119 37
119 41
119 44
119 52
119 57
119 58
119 63
119 64
119 69
119 70
119 72
119 74
119 77
119 81
119 82
119 87
119 88
119 90
119 95
119 97
119 99
119 101
119 103
119 104
119 106
119 108
119 111
119 112
119 115
119 117
119 119
