70
1932
0 1
0 2
0 3
0 6
0 7
0 15
0 17
0 20
0 22
0 23
0 25
0 27
0 31
0 35
0 36
0 37
0 46
0 48
0 52
0 55
0 56
0 58
0 59
0 62
0 63
0 68
0 69
1 9
1 10
1 11
1 12
1 15
1 16
1 17
1 18
1 25
1 26
1 27
1 39
1 40
1 41
1 51
1 60
1 62
1 69
2 4
2 8
2 10
2 15
2 17
2 19
2 20
2 26
2 29
2 30
2 31
2 34
2 36
2 39
2 42
2 43
2 46
2 50
2 53
2 65
2 66
3 0
3 5
3 6
3 7
3 11
3 12
3 14
3 15
3 16
3 17
3 18
3 19
3 21
3 22
3 24
3 25
3 28
3 31
3 34
3 36
3 39
3 43
3 44
3 46
3 47
3 48
3 49
3 53
3 54
3 56
3 62
3 63
3 67
3 68
4 0
4 2
4 9
4 11
4 13
4 14
4 15
4 17
4 20
4 21
4 22
4 25
4 27
4 29
4 31
4 32
4 38
4 41
4 42
4 43
4 44
4 45
4 47
4 48
4 51
4 52
4 58
4 65
5 0
5 3
5 7
5 11
5 15
5 18
5 21
5 22
5 26
5 30
5 32
5 34
5 35
5 38
5 40
5 41
5 42
5 45
5 46
5 50
5 51
5 53
5 54
5 55
5 57
5 58
5 59
5 63
5 65
5 66
5 67
5 68
5 69
6 2
6 5
6 8
6 10
6 14
6 16
6 17
6 21
6 24
6 25
6 27
6 32
6 33
6 35
6 36
6 38
6 41
6 44
6 47
6 48
6 51
6 54
6 55
6 57
6 61
6 65
6 66
6 68
6 69
7 3
7 4
7 5
7 6
7 7
7 8
7 10
7 13
7 14
7 18
7 20
7 21
7 23
7 24
7 28
7 29
7 31
7 32
7 37
7 38
7 39
7 40
7 43
7 48
7 56
7 57
7 62
7 63
7 64
7 65
7 68
8 0
8 3
8 4
8 5
8 6
8 7
8 11
8 13
8 15
8 16
8 18
8 20
8 22
8 29
8 31
8 36
8 39
8 43
8 45
8 46
8 49
8 50
8 51
8 53
8 54
8 69
9 0
9 1
9 3
9 5
9 11
9 12
9 16
9 17
9 18
9 19
9 20
9 24
9 25
9 29
9 32
9 33
9 36
9 38
9 41
9 43
9 45
9 47
9 48
9 49
9 52
9 63
9 67
10 1
10 13
10 20
10 23
10 25
10 26
10 28
10 35
10 39
10 40
10 43
10 45
10 48
10 52
10 53
10 57
10 61
10 69
11 0
11 4
11 6
11 8
11 10
11 12
11 13
11 17
11 18
11 23
11 24
11 25
11 26
11 28
11 30
11 31
11 32
11 33
11 35
11 36
11 39
11 40
11 41
11 43
11 44
11 45
11 46
11 48
11 49
11 52
11 53
11 55
11 59
11 61
11 62
11 63
11 64
11 68
12 4
12 6
12 7
12 8
12 10
12 17
12 19
12 20
12 22
12 25
12 30
12 36
12 37
12 43
12 44
12 47
12 49
12 53
12 56
12 58
12 65
12 67
12 68
13 0
13 1
13 5
13 8
13 10
13 11
13 13
13 15
13 20
13 23
13 24
13 26
13 34
13 37
13 41
13 43
13 45
13 50
13 53
13 56
13 60
13 61
13 64
13 65
13 67
14 0
14 4
14 8
14 11
14 13
14 15
14 17
14 18
14 20
14 25
14 26
14 27
14 31
14 34
14 35
14 36
14 37
14 40
14 41
14 42
14 44
14 45
14 51
14 52
14 54
14 56
14 59
14 67
14 69
15 2
15 3
15 5
15 8
15 9
15 10
15 11
15 14
15 15
15 17
15 18
15 19
15 27
15 29
15 32
15 34
15 36
15 38
15 44
15 45
15 46
15 48
15 49
15 51
15 52
15 55
15 59
15 60
15 63
16 7
16 11
16 12
16 13
16 15
16 18
16 20
16 21
16 22
16 23
16 24
16 28
16 32
16 35
16 39
16 41
16 42
16 49
16 52
16 54
16 56
16 58
16 59
16 60
16 64
16 65
16 67
17 3
17 4
17 6
17 7
17 8
17 9
17 11
17 16
17 21
17 22
17 24
17 25
17 28
17 29
17 30
17 32
17 37
17 40
17 41
17 43
17 45
17 50
17 53
17 55
17 57
17 58
17 60
17 63
17 66
17 68
18 1
18 2
18 10
18 14
18 15
18 22
18 23
18 25
18 26
18 32
18 36
18 37
18 38
18 39
18 42
18 46
18 52
18 53
18 57
18 59
18 60
18 63
18 66
18 67
18 68
19 3
19 5
19 8
19 9
19 13
19 17
19 22
19 24
19 27
19 29
19 30
19 33
19 34
19 38
19 40
19 42
19 43
19 46
19 48
19 51
19 53
19 54
19 56
19 65
19 67
19 68
20 0
20 1
20 2
20 7
20 13
20 14
20 15
20 19
20 20
20 22
20 29
20 31
20 32
20 33
20 36
20 40
20 46
20 49
20 51
20 56
20 57
20 62
20 67
21 1
21 2
21 10
21 11
21 14
21 21
21 23
21 26
21 27
21 30
21 32
21 33
21 38
21 39
21 40
21 45
21 46
21 47
21 49
21 57
21 59
21 61
21 63
21 67
22 1
22 3
22 5
22 7
22 13
22 14
22 15
22 18
22 22
22 24
22 25
22 28
22 29
22 40
22 41
22 42
22 43
22 47
22 48
22 49
22 54
22 56
22 67
23 0
23 1
23 2
23 3
23 6
23 10
23 11
23 13
23 17
23 20
23 21
23 23
23 24
23 26
23 31
23 33
23 35
23 36
23 37
23 39
23 40
23 41
23 43
23 45
23 46
23 47
23 49
23 50
23 53
23 56
23 58
23 66
24 4
24 6
24 14
24 16
24 22
24 23
24 28
24 31
24 34
24 38
24 39
24 43
24 49
24 50
24 53
24 55
24 57
24 60
24 61
24 62
24 63
24 64
24 65
24 67
24 69
25 0
25 1
25 2
25 13
25 17
25 18
25 19
25 21
25 23
25 28
25 31
25 32
25 34
25 37
25 41
25 43
25 46
25 50
25 52
25 53
25 55
25 57
25 59
25 61
25 63
25 67
25 69
26 9
26 15
26 20
26 29
26 37
26 43
26 46
26 49
26 52
26 56
26 61
26 62
26 63
26 68
27 0
27 2
27 6
27 7
27 8
27 10
27 11
27 13
27 14
27 16
27 18
27 20
27 21
27 24
27 30
27 32
27 33
27 35
27 36
27 38
27 39
27 40
27 42
27 43
27 45
27 49
27 53
27 60
27 63
27 64
27 66
27 67
27 68
28 3
28 4
28 8
28 10
28 12
28 13
28 18
28 20
28 21
28 22
28 23
28 28
28 30
28 33
28 37
28 38
28 39
28 41
28 45
28 47
28 48
28 53
28 55
28 58
28 62
28 64
28 66
28 68
29 0
29 11
29 14
29 16
29 17
29 21
29 23
29 25
29 26
29 31
29 34
29 36
29 46
29 47
29 49
29 50
29 52
29 58
29 63
29 68
29 69
30 0
30 1
30 5
30 7
30 8
30 9
30 10
30 12
30 13
30 14
30 16
30 17
30 22
30 24
30 29
30 35
30 42
30 43
30 44
30 46
30 47
30 48
30 51
30 58
30 59
30 60
30 61
30 62
30 63
30 64
30 65
31 7
31 11
31 13
31 16
31 18
31 19
31 21
31 23
31 24
31 25
31 26
31 27
31 28
31 29
31 32
31 34
31 35
31 38
31 41
31 42
31 44
31 51
31 56
31 58
31 59
31 63
31 67
31 68
32 3
32 6
32 8
32 9
32 10
32 12
32 19
32 20
32 21
32 26
32 27
32 32
32 34
32 35
32 37
32 40
32 43
32 45
32 46
32 48
32 55
32 58
32 59
32 60
32 62
32 63
32 67
32 68
32 69
33 8
33 12
33 16
33 17
33 25
33 28
33 33
33 35
33 36
33 37
33 41
33 45
33 46
33 53
33 54
33 55
33 56
33 59
33 61
33 62
33 63
33 64
33 65
33 68
34 2
34 8
34 9
34 12
34 18
34 23
34 24
34 25
34 27
34 28
34 32
34 33
34 35
34 36
34 40
34 44
34 46
34 53
34 56
34 57
34 59
34 60
34 63
34 64
34 68
34 69
35 0
35 1
35 6
35 10
35 14
35 16
35 22
35 24
35 26
35 28
35 32
35 33
35 34
35 35
35 42
35 45
35 47
35 48
35 49
35 53
35 55
35 58
35 62
35 65
36 1
36 2
36 5
36 16
36 19
36 20
36 21
36 22
36 24
36 25
36 29
36 34
36 38
36 43
36 49
36 53
36 54
36 56
36 65
36 67
37 1
37 2
37 9
37 10
37 11
37 15
37 18
37 21
37 22
37 28
37 29
37 33
37 34
37 36
37 39
37 41
37 45
37 48
37 50
37 54
37 55
37 58
37 62
37 64
37 65
37 69
38 1
38 3
38 5
38 6
38 7
38 11
38 12
38 16
38 17
38 19
38 23
38 24
38 25
38 27
38 29
38 32
38 33
38 38
38 41
38 42
38 43
38 44
38 46
38 49
38 50
38 51
38 52
38 56
38 57
38 60
38 62
38 63
38 65
38 68
39 4
39 9
39 11
39 15
39 17
39 18
39 21
39 28
39 32
39 33
39 38
39 39
39 40
39 43
39 44
39 45
39 46
39 50
39 52
39 53
39 65
39 68
40 1
40 3
40 4
40 5
40 7
40 9
40 11
40 13
40 14
40 16
40 23
40 26
40 28
40 34
40 35
40 37
40 39
40 40
40 44
40 45
40 46
40 48
40 49
40 50
40 53
40 55
40 57
40 58
40 60
40 61
40 62
40 63
40 64
40 66
40 67
41 7
41 11
41 15
41 19
41 22
41 23
41 24
41 25
41 26
41 27
41 28
41 30
41 34
41 38
41 40
41 44
41 45
41 49
41 52
41 53
41 56
41 57
41 59
41 60
41 62
41 64
41 65
41 67
41 69
42 1
42 3
42 5
42 6
42 10
42 16
42 17
42 21
42 24
42 26
42 27
42 28
42 30
42 32
42 34
42 35
42 36
42 37
42 38
42 39
42 41
42 42
42 45
42 46
42 47
42 51
42 52
42 54
42 56
42 57
42 58
42 65
42 68
43 0
43 1
43 5
43 6
43 8
43 10
43 14
43 18
43 20
43 21
43 22
43 23
43 24
43 26
43 31
43 32
43 33
43 34
43 35
43 37
43 38
43 39
43 40
43 46
43 52
43 53
43 56
43 58
43 60
43 63
43 66
43 67
44 6
44 9
44 10
44 11
44 14
44 15
44 19
44 20
44 21
44 26
44 27
44 28
44 29
44 30
44 32
44 33
44 37
44 41
44 42
44 43
44 45
44 46
44 48
44 49
44 51
44 52
44 53
44 59
44 61
44 68
44 69
45 4
45 5
45 8
45 9
45 10
45 11
45 14
45 15
45 16
45 18
45 19
45 21
45 23
45 24
45 30
45 32
45 35
45 36
45 37
45 44
45 53
45 54
45 57
45 62
45 65
45 67
45 69
46 4
46 7
46 10
46 12
46 14
46 15
46 17
46 20
46 22
46 23
46 25
46 26
46 27
46 29
46 31
46 34
46 35
46 37
46 40
46 42
46 43
46 45
46 48
46 50
46 51
46 56
46 65
46 67
47 0
47 2
47 3
47 8
47 14
47 16
47 17
47 18
47 21
47 24
47 25
47 26
47 27
47 29
47 31
47 39
47 42
47 43
47 45
47 46
47 51
47 56
47 59
47 61
47 64
47 67
48 2
48 3
48 6
48 7
48 9
48 14
48 15
48 20
48 26
48 27
48 28
48 29
48 30
48 32
48 33
48 36
48 44
48 45
48 46
48 47
48 48
48 49
48 50
48 51
48 52
48 54
48 59
48 66
49 0
49 4
49 9
49 10
49 11
49 13
49 15
49 18
49 19
49 20
49 28
49 32
49 34
49 38
49 41
49 46
49 48
49 50
49 55
49 57
49 62
49 69
50 1
50 7
50 10
50 15
50 16
50 18
50 21
50 22
50 25
50 26
50 27
50 28
50 30
50 31
50 32
50 33
50 37
50 39
50 40
50 42
50 45
50 46
50 49
50 52
50 53
50 58
50 60
50 63
50 64
50 67
51 2
51 4
51 13
51 14
51 17
51 18
51 20
51 22
51 23
51 25
51 28
51 33
51 34
51 35
51 36
51 38
51 40
51 41
51 42
51 43
51 44
51 45
51 51
51 52
51 56
51 58
51 59
51 61
51 64
51 67
51 69
52 1
52 5
52 6
52 9
52 10
52 12
52 15
52 17
52 18
52 19
52 20
52 22
52 24
52 25
52 27
52 32
52 35
52 36
52 44
52 45
52 48
52 49
52 51
52 52
52 55
52 57
52 58
52 59
52 66
52 67
53 2
53 3
53 6
53 7
53 9
53 10
53 11
53 12
53 19
53 20
53 21
53 22
53 26
53 27
53 30
53 31
53 35
53 38
53 41
53 42
53 43
53 46
53 47
53 48
53 53
53 55
53 56
53 58
53 60
53 61
53 63
53 65
53 68
53 69
54 0
54 1
54 2
54 5
54 6
54 11
54 12
54 13
54 21
54 23
54 30
54 32
54 34
54 36
54 38
54 39
54 41
54 43
54 44
54 47
54 49
54 51
54 52
54 55
54 57
54 58
54 61
54 63
54 66
54 67
55 1
55 3
55 6
55 7
55 11
55 12
55 14
55 16
55 17
55 19
55 22
55 28
55 31
55 33
55 35
55 40
55 42
55 46
55 48
55 49
55 53
55 56
55 58
55 59
55 60
55 63
55 65
55 66
55 67
55 68
55 69
56 1
56 2
56 3
56 4
56 6
56 11
56 13
56 16
56 18
56 24
56 26
56 29
56 30
56 31
56 37
56 38
56 39
56 40
56 42
56 43
56 44
56 45
56 47
56 50
56 55
56 56
56 59
56 63
56 67
57 0
57 3
57 4
57 7
57 9
57 11
57 13
57 14
57 16
57 17
57 23
57 24
57 26
57 29
57 34
57 35
57 36
57 40
57 41
57 48
57 50
57 55
57 57
57 58
57 61
57 62
57 66
58 3
58 4
58 7
58 8
58 11
58 16
58 18
58 19
58 21
58 22
58 28
58 30
58 31
58 32
58 34
58 35
58 37
58 41
58 42
58 46
58 51
58 52
58 54
58 57
58 60
58 64
58 65
58 66
59 3
59 9
59 11
59 12
59 16
59 17
59 19
59 21
59 25
59 26
59 27
59 32
59 34
59 43
59 44
59 45
59 47
59 49
59 54
59 55
59 57
59 61
59 63
59 66
59 69
60 2
60 4
60 7
60 13
60 15
60 16
60 17
60 18
60 20
60 21
60 26
60 27
60 29
60 31
60 36
60 43
60 44
60 45
60 46
60 48
60 51
60 53
60 56
60 59
60 63
60 64
61 2
61 4
61 7
61 10
61 12
61 19
61 20
61 21
61 23
61 24
61 26
61 31
61 33
61 35
61 37
61 44
61 45
61 48
61 49
61 50
61 58
61 59
61 60
61 61
61 62
61 69
62 2
62 4
62 12
62 13
62 16
62 17
62 19
62 20
62 26
62 29
62 32
62 36
62 38
62 41
62 45
62 46
62 48
62 51
62 52
62 53
62 54
62 55
62 56
62 57
62 58
62 60
62 61
62 63
62 64
62 65
62 68
62 69
63 0
63 3
63 9
63 12
63 13
63 14
63 19
63 21
63 22
63 23
63 24
63 25
63 28
63 30
63 31
63 33
63 34
63 38
63 39
63 46
63 49
63 50
63 51
63 56
63 57
63 58
63 59
63 62
63 65
63 67
64 1
64 2
64 3
64 4
64 9
64 10
64 14
64 16
64 17
64 18
64 19
64 23
64 25
64 28
64 35
64 37
64 39
64 40
64 42
64 46
64 47
64 49
64 50
64 51
64 55
64 57
64 59
64 60
64 61
64 62
64 67
64 68
65 3
65 8
65 10
65 11
65 12
65 13
65 16
65 17
65 18
65 19
65 22
65 23
65 26
65 28
65 31
65 33
65 34
65 40
65 43
65 47
65 48
65 51
65 53
65 56
65 57
65 58
65 59
65 61
65 62
65 64
65 65
65 68
66 1
66 2
66 3
66 5
66 8
66 9
66 15
66 18
66 22
66 25
66 29
66 30
66 31
66 34
66 37
66 39
66 41
66 45
66 48
66 52
66 53
66 55
66 60
66 61
66 64
67 0
67 1
67 2
67 3
67 6
67 14
67 17
67 23
67 25
67 26
67 28
67 30
67 31
67 33
67 35
67 37
67 38
67 41
67 54
67 55
67 56
67 58
67 61
67 64
67 65
67 68
68 0
68 1
68 3
68 5
68 8
68 9
68 10
68 15
68 19
68 22
68 24
68 27
68 29
68 30
68 33
68 34
68 36
68 38
68 42
68 43
68 45
68 52
68 53
68 54
68 56
68 58
68 60
68 62
68 63
68 64
68 67
69 1
69 5
69 10
69 11
69 13
69 14
69 18
69 19
69 20
69 22
69 23
69 27
69 31
69 33
69 34
69 36
69 38
69 40
69 41
69 42
69 45
69 47
69 48
69 51
69 54
69 58
69 63
69 69
