80
2528
0 0
0 2
0 3
0 9
0 13
0 17
0 18
0 23
0 24
0 26
0 29
0 30
0 34
0 36
0 38
0 39
0 46
0 47
0 48
0 50
0 52
0 56
0 58
0 71
0 73
0 78
1 2
1 7
1 10
1 14
1 15
1 21
1 24
1 29
1 31
1 33
1 34
1 35
1 40
1 41
1 45
1 46
1 47
1 49
1 50
1 51
1 55
1 56
1 58
1 61
1 62
1 66
1 68
1 70
1 71
1 72
1 74
1 75
1 76
1 78
1 79
2 3
2 4
2 5
2 7
2 8
2 9
2 10
2 13
2 18
2 20
2 22
2 23
2 25
2 26
2 27
2 31
2 33
2 35
2 36
2 38
2 40
2 41
2 44
2 45
2 48
2 50
2 51
2 52
2 55
2 57
2 59
2 60
2 61
2 63
2 70
2 72
2 73
2 75
2 76
2 79
3 0
3 1
3 3
3 6
3 7
3 8
3 11
3 14
3 16
3 17
3 18
3 20
3 22
3 25
3 27
3 29
3 30
3 33
3 36
3 41
3 42
3 43
3 44
3 46
3 47
3 48
3 52
3 54
3 55
3 57
3 64
3 68
3 69
3 70
3 77
3 79
4 1
4 3
4 4
4 7
4 8
4 10
4 12
4 13
4 17
4 19
4 20
4 22
4 24
4 29
4 30
4 31
4 35
4 36
4 37
4 38
4 41
4 43
4 44
4 47
4 49
4 50
4 51
4 52
4 55
4 57
4 60
4 61
4 70
4 72
4 73
4 78
5 0
5 1
5 4
5 6
5 7
5 10
5 11
5 12
5 14
5 15
5 16
5 17
5 18
5 27
5 29
5 31
5 34
5 35
5 37
5 38
5 39
5 43
5 44
5 50
5 56
5 57
5 58
5 61
5 63
5 64
5 66
5 67
5 68
5 69
5 72
5 74
5 78
6 0
6 2
6 8
6 11
6 12
6 14
6 19
6 22
6 24
6 25
6 28
6 30
6 35
6 36
6 37
6 38
6 39
6 44
6 45
6 46
6 48
6 49
6 50
6 56
6 57
6 64
6 67
6 70
6 76
6 77
6 79
7 2
7 4
7 5
7 8
7 9
7 11
7 13
7 14
7 15
7 16
7 18
7 23
7 27
7 29
7 33
7 42
7 43
7 47
7 50
7 54
7 56
7 59
7 60
7 61
7 65
7 70
7 71
7 72
7 73
7 75
7 77
8 0
8 1
8 6
8 9
8 10
8 12
8 16
8 20
8 26
8 32
8 35
8 36
8 39
8 40
8 44
8 50
8 52
8 53
8 54
8 56
8 60
8 61
8 62
8 63
8 64
8 65
8 67
8 69
8 70
8 71
8 72
8 73
8 75
8 78
8 79
9 1
9 6
9 7
9 8
9 9
9 11
9 12
9 13
9 16
9 27
9 28
9 30
9 31
9 37
9 44
9 45
9 52
9 55
9 56
9 57
9 58
9 60
9 65
9 74
9 75
10 1
10 2
10 3
10 5
10 8
10 15
10 21
10 28
10 29
10 32
10 33
10 36
10 39
10 41
10 42
10 44
10 45
10 46
10 47
10 51
10 52
10 53
10 54
10 59
10 61
10 62
10 63
10 64
10 65
10 66
10 68
10 72
10 73
10 74
10 75
10 77
10 78
11 2
11 3
11 7
11 8
11 12
11 19
11 22
11 23
11 25
11 27
11 29
11 31
11 36
11 37
11 42
11 45
11 47
11 48
11 51
11 56
11 57
11 58
11 62
11 63
11 66
11 67
11 75
11 77
12 0
12 1
12 2
12 3
12 6
12 9
12 16
12 17
12 19
12 20
12 22
12 30
12 31
12 38
12 41
12 44
12 46
12 47
12 49
12 50
12 51
12 55
12 56
12 57
12 59
12 63
12 64
12 66
12 69
12 75
12 77
12 79
13 2
13 3
13 4
13 9
13 21
13 22
13 29
13 30
13 34
13 36
13 38
13 40
13 44
13 45
13 48
13 51
13 56
13 60
13 61
13 62
13 65
13 69
13 70
13 74
13 75
13 78
14 0
14 3
14 4
14 5
14 7
14 11
14 16
14 18
14 19
14 24
14 25
14 26
14 28
14 29
14 30
14 31
14 32
14 39
14 43
14 49
14 55
14 64
14 65
14 67
14 69
14 71
14 74
14 76
14 78
14 79
15 1
15 4
15 5
15 6
15 8
15 14
15 15
15 19
15 20
15 21
15 26
15 32
15 33
15 34
15 36
15 37
15 38
15 40
15 42
15 55
15 57
15 58
15 59
15 66
15 67
15 68
15 69
15 70
15 71
15 72
15 75
15 76
15 77
16 1
16 5
16 7
16 8
16 9
16 18
16 20
16 25
16 27
16 36
16 41
16 43
16 45
16 46
16 50
16 56
16 57
16 59
16 60
16 61
16 65
16 68
16 69
16 70
16 74
17 1
17 6
17 7
17 8
17 11
17 12
17 17
17 19
17 21
17 24
17 26
17 28
17 33
17 37
17 38
17 40
17 43
17 48
17 49
17 58
17 64
17 70
17 72
17 73
17 74
17 78
17 79
18 1
18 3
18 11
18 14
18 17
18 18
18 19
18 21
18 23
18 24
18 26
18 27
18 29
18 33
18 34
18 36
18 41
18 42
18 48
18 49
18 51
18 52
18 55
18 62
18 63
18 64
18 67
18 69
18 70
18 76
18 78
19 7
19 8
19 12
19 16
19 18
19 21
19 22
19 24
19 25
19 31
19 36
19 37
19 38
19 41
19 42
19 45
19 47
19 48
19 50
19 51
19 53
19 54
19 56
19 59
19 61
19 64
19 67
19 69
19 71
19 72
19 75
19 78
20 0
20 1
20 2
20 3
20 5
20 8
20 9
20 14
20 21
20 22
20 23
20 25
20 26
20 27
20 28
20 32
20 34
20 35
20 36
20 37
20 40
20 41
20 42
20 50
20 51
20 52
20 54
20 57
20 59
20 60
20 63
20 65
20 69
20 70
20 76
20 77
20 79
21 0
21 7
21 9
21 13
21 14
21 16
21 18
21 23
21 24
21 27
21 30
21 31
21 32
21 33
21 34
21 37
21 39
21 42
21 43
21 44
21 48
21 52
21 53
21 56
21 57
21 59
21 60
21 66
21 69
21 71
21 72
21 73
21 77
21 79
22 0
22 5
22 9
22 11
22 12
22 13
22 14
22 15
22 21
22 30
22 32
22 36
22 38
22 44
22 50
22 52
22 57
22 58
22 63
22 64
22 66
22 68
22 69
22 73
22 77
22 78
23 0
23 4
23 5
23 10
23 12
23 14
23 17
23 18
23 23
23 24
23 27
23 30
23 31
23 33
23 36
23 37
23 38
23 41
23 44
23 45
23 46
23 47
23 48
23 52
23 54
23 55
23 58
23 60
23 63
23 64
23 65
23 69
23 70
23 72
23 74
23 76
23 78
24 0
24 4
24 5
24 12
24 21
24 22
24 24
24 25
24 29
24 31
24 32
24 33
24 36
24 37
24 38
24 43
24 44
24 45
24 51
24 56
24 58
24 59
24 60
24 63
24 67
24 69
24 74
24 75
24 78
25 1
25 5
25 8
25 11
25 17
25 18
25 22
25 23
25 24
25 26
25 28
25 30
25 34
25 43
25 44
25 46
25 48
25 49
25 50
25 55
25 56
25 57
25 58
25 60
25 62
25 63
25 65
25 72
25 73
25 74
25 77
26 3
26 6
26 8
26 11
26 14
26 16
26 22
26 27
26 29
26 30
26 31
26 39
26 42
26 44
26 46
26 48
26 52
26 53
26 54
26 58
26 64
26 65
26 68
26 69
27 5
27 8
27 10
27 11
27 15
27 16
27 17
27 18
27 26
27 30
27 36
27 38
27 40
27 46
27 47
27 49
27 50
27 51
27 52
27 53
27 54
27 55
27 57
27 60
27 62
27 63
27 69
27 70
27 72
27 73
27 75
27 77
28 0
28 1
28 5
28 7
28 10
28 11
28 17
28 18
28 19
28 20
28 23
28 26
28 27
28 28
28 31
28 34
28 35
28 37
28 41
28 43
28 46
28 51
28 52
28 55
28 59
28 60
28 63
28 64
28 69
28 70
28 73
28 77
28 78
29 0
29 8
29 9
29 11
29 12
29 14
29 15
29 20
29 23
29 29
29 33
29 36
29 37
29 38
29 41
29 42
29 43
29 45
29 48
29 50
29 54
29 55
29 59
29 60
29 67
29 73
29 78
30 0
30 2
30 5
30 6
30 7
30 8
30 12
30 14
30 15
30 16
30 17
30 19
30 20
30 32
30 33
30 34
30 38
30 41
30 42
30 43
30 44
30 48
30 51
30 52
30 54
30 56
30 57
30 59
30 62
30 63
30 64
30 66
30 68
30 70
30 72
30 76
30 78
31 1
31 6
31 8
31 12
31 13
31 16
31 17
31 18
31 19
31 21
31 26
31 28
31 29
31 35
31 38
31 39
31 40
31 41
31 45
31 46
31 48
31 49
31 50
31 52
31 53
31 54
31 56
31 57
31 58
31 61
31 62
31 68
31 69
31 70
31 71
31 72
31 74
31 77
31 78
31 79
32 1
32 2
32 7
32 9
32 12
32 13
32 14
32 17
32 18
32 20
32 23
32 27
32 30
32 33
32 39
32 40
32 44
32 52
32 55
32 56
32 59
32 60
32 61
32 62
32 63
32 65
32 68
32 69
32 72
32 76
32 77
33 0
33 1
33 3
33 8
33 9
33 20
33 21
33 23
33 24
33 25
33 26
33 29
33 30
33 33
33 34
33 35
33 39
33 40
33 41
33 42
33 44
33 47
33 54
33 55
33 56
33 57
33 62
33 65
33 67
33 70
33 72
33 73
33 77
33 78
33 79
34 0
34 1
34 4
34 5
34 6
34 7
34 8
34 10
34 12
34 13
34 14
34 17
34 18
34 21
34 23
34 24
34 26
34 27
34 29
34 30
34 31
34 32
34 34
34 35
34 36
34 37
34 38
34 41
34 43
34 46
34 47
34 55
34 60
34 67
34 68
34 74
34 76
35 0
35 2
35 5
35 6
35 8
35 10
35 11
35 12
35 15
35 17
35 20
35 26
35 28
35 30
35 42
35 44
35 47
35 48
35 49
35 50
35 61
35 62
35 63
35 67
35 75
35 78
35 79
36 0
36 4
36 9
36 11
36 12
36 14
36 15
36 18
36 21
36 23
36 25
36 26
36 27
36 29
36 30
36 32
36 33
36 35
36 39
36 43
36 45
36 46
36 47
36 48
36 50
36 52
36 56
36 59
36 61
36 66
36 68
36 72
36 74
37 0
37 1
37 6
37 10
37 11
37 12
37 13
37 19
37 21
37 22
37 25
37 26
37 28
37 30
37 35
37 37
37 40
37 42
37 45
37 48
37 52
37 55
37 60
37 64
37 65
37 68
37 72
37 74
37 77
38 0
38 2
38 3
38 5
38 6
38 7
38 8
38 10
38 11
38 15
38 18
38 20
38 23
38 28
38 30
38 35
38 37
38 38
38 45
38 48
38 49
38 50
38 53
38 55
38 64
38 65
38 67
38 68
38 69
38 70
39 1
39 2
39 6
39 8
39 12
39 13
39 15
39 20
39 24
39 30
39 31
39 32
39 36
39 37
39 38
39 41
39 43
39 46
39 47
39 49
39 51
39 52
39 53
39 54
39 55
39 59
39 61
39 63
39 65
39 66
39 68
39 70
39 72
39 78
39 79
40 0
40 1
40 2
40 6
40 7
40 9
40 10
40 13
40 18
40 19
40 23
40 30
40 33
40 34
40 35
40 36
40 41
40 43
40 45
40 47
40 49
40 50
40 51
40 52
40 57
40 58
40 60
40 68
40 69
40 73
40 75
40 78
41 2
41 4
41 9
41 10
41 13
41 15
41 16
41 18
41 19
41 22
41 28
41 29
41 30
41 31
41 40
41 43
41 44
41 46
41 47
41 50
41 52
41 54
41 57
41 59
41 63
41 67
41 69
41 71
41 72
41 74
41 79
42 3
42 6
42 8
42 10
42 12
42 13
42 14
42 17
42 18
42 19
42 20
42 24
42 28
42 29
42 34
42 35
42 36
42 37
42 39
42 45
42 46
42 48
42 52
42 53
42 56
42 63
42 64
42 69
42 79
43 15
43 16
43 19
43 22
43 24
43 25
43 26
43 27
43 29
43 39
43 43
43 44
43 45
43 48
43 52
43 53
43 54
43 56
43 57
43 59
43 61
43 62
43 63
43 64
43 68
43 70
43 72
43 73
43 75
43 76
44 0
44 2
44 4
44 5
44 6
44 7
44 8
44 9
44 10
44 14
44 15
44 16
44 17
44 20
44 29
44 31
44 34
44 37
44 39
44 42
44 43
44 44
44 47
44 48
44 50
44 52
44 53
44 54
44 55
44 57
44 59
44 64
44 65
44 69
44 71
44 72
44 75
44 76
45 2
45 5
45 11
45 13
45 14
45 17
45 19
45 20
45 25
45 26
45 29
45 30
45 32
45 33
45 37
45 39
45 41
45 42
45 43
45 45
45 50
45 55
45 56
45 61
45 65
45 73
45 74
45 76
45 78
46 0
46 4
46 5
46 6
46 7
46 13
46 15
46 18
46 19
46 21
46 22
46 23
46 25
46 27
46 29
46 30
46 31
46 32
46 42
46 43
46 45
46 46
46 48
46 53
46 56
46 57
46 60
46 62
46 66
46 67
46 69
46 75
46 76
46 77
46 79
47 2
47 4
47 5
47 15
47 16
47 18
47 20
47 23
47 29
47 33
47 34
47 36
47 37
47 41
47 43
47 44
47 45
47 51
47 59
47 61
47 62
47 63
47 64
47 71
47 72
48 3
48 6
48 7
48 8
48 9
48 10
48 13
48 18
48 23
48 24
48 25
48 26
48 30
48 35
48 36
48 40
48 45
48 46
48 47
48 49
48 51
48 55
48 57
48 58
48 59
48 64
48 68
48 73
48 76
48 79
49 3
49 5
49 6
49 10
49 13
49 19
49 20
49 23
49 24
49 30
49 31
49 32
49 33
49 34
49 36
49 42
49 43
49 44
49 45
49 46
49 50
49 51
49 55
49 57
49 59
49 63
49 67
49 70
49 73
49 75
49 77
49 79
50 2
50 4
50 7
50 8
50 9
50 12
50 15
50 17
50 18
50 21
50 22
50 23
50 26
50 28
50 30
50 32
50 33
50 34
50 36
50 37
50 39
50 40
50 41
50 45
50 47
50 49
50 52
50 53
50 54
50 58
50 59
50 62
50 63
50 65
50 72
50 75
50 77
51 1
51 2
51 6
51 7
51 8
51 12
51 14
51 17
51 21
51 22
51 23
51 27
51 30
51 31
51 32
51 33
51 35
51 40
51 41
51 42
51 43
51 44
51 45
51 53
51 54
51 58
51 59
51 61
51 63
51 65
51 67
51 68
51 71
51 79
52 3
52 4
52 5
52 9
52 11
52 16
52 18
52 22
52 24
52 26
52 28
52 29
52 30
52 31
52 33
52 34
52 36
52 38
52 39
52 42
52 45
52 48
52 51
52 57
52 59
52 60
52 63
52 64
52 67
52 68
52 69
52 73
53 0
53 3
53 7
53 12
53 20
53 21
53 29
53 36
53 38
53 39
53 41
53 43
53 44
53 45
53 46
53 49
53 50
53 51
53 53
53 55
53 56
53 59
53 60
53 66
53 71
53 72
53 73
53 75
53 78
54 1
54 4
54 6
54 12
54 20
54 23
54 26
54 27
54 28
54 29
54 30
54 31
54 33
54 35
54 37
54 41
54 43
54 44
54 47
54 51
54 53
54 54
54 57
54 60
54 63
54 68
54 73
54 74
54 75
54 78
55 15
55 19
55 23
55 24
55 26
55 27
55 30
55 34
55 35
55 36
55 38
55 40
55 43
55 44
55 52
55 53
55 59
55 61
55 64
55 65
55 67
55 68
55 71
55 73
55 75
55 79
56 5
56 7
56 10
56 11
56 12
56 13
56 15
56 17
56 18
56 19
56 22
56 28
56 29
56 31
56 33
56 34
56 36
56 39
56 48
56 49
56 50
56 52
56 54
56 58
56 62
56 67
56 68
56 77
56 78
57 1
57 6
57 9
57 11
57 20
57 28
57 31
57 32
57 34
57 35
57 36
57 37
57 38
57 40
57 41
57 48
57 49
57 50
57 51
57 54
57 55
57 56
57 57
57 61
57 63
57 64
57 66
57 67
57 69
57 70
57 72
57 74
57 77
58 0
58 2
58 6
58 8
58 10
58 12
58 14
58 15
58 16
58 18
58 20
58 21
58 24
58 25
58 29
58 31
58 32
58 33
58 35
58 36
58 38
58 41
58 48
58 49
58 55
58 59
58 61
58 62
58 63
58 65
58 67
58 71
58 74
58 76
58 79
59 0
59 1
59 2
59 3
59 5
59 7
59 9
59 11
59 12
59 17
59 30
59 32
59 33
59 35
59 44
59 46
59 49
59 51
59 57
59 60
59 64
59 65
59 70
59 71
59 74
59 76
60 0
60 2
60 3
60 4
60 5
60 8
60 9
60 11
60 15
60 17
60 20
60 21
60 23
60 28
60 29
60 30
60 32
60 33
60 43
60 44
60 45
60 47
60 48
60 52
60 55
60 57
60 61
60 62
60 65
60 67
60 70
60 71
60 74
60 75
60 78
61 0
61 1
61 5
61 9
61 12
61 16
61 18
61 19
61 23
61 24
61 26
61 27
61 32
61 35
61 37
61 39
61 41
61 45
61 49
61 51
61 54
61 56
61 58
61 59
61 60
61 63
61 64
61 65
61 66
61 69
61 71
61 75
61 76
62 2
62 5
62 7
62 8
62 10
62 13
62 14
62 17
62 18
62 19
62 26
62 28
62 29
62 31
62 33
62 34
62 35
62 39
62 41
62 43
62 44
62 46
62 47
62 50
62 57
62 65
62 67
62 68
62 73
62 74
63 4
63 9
63 11
63 13
63 14
63 17
63 18
63 22
63 23
63 25
63 26
63 29
63 31
63 38
63 41
63 42
63 46
63 48
63 50
63 57
63 61
63 65
63 71
63 72
63 76
64 6
64 13
64 14
64 17
64 21
64 24
64 25
64 39
64 43
64 45
64 47
64 49
64 51
64 52
64 55
64 57
64 59
64 60
64 61
64 62
64 63
64 64
64 65
64 68
65 2
65 6
65 11
65 15
65 16
65 17
65 18
65 20
65 25
65 26
65 27
65 30
65 36
65 37
65 40
65 41
65 42
65 43
65 44
65 46
65 53
65 57
65 61
65 63
65 65
65 66
65 68
65 69
65 72
65 73
66 5
66 8
66 9
66 10
66 12
66 16
66 18
66 21
66 22
66 23
66 25
66 26
66 27
66 28
66 29
66 33
66 36
66 38
66 41
66 42
66 43
66 45
66 47
66 50
66 54
66 55
66 56
66 60
66 61
66 64
66 65
66 66
66 70
66 78
67 3
67 6
67 7
67 8
67 9
67 14
67 15
67 19
67 20
67 22
67 24
67 26
67 28
67 30
67 31
67 33
67 34
67 36
67 42
67 43
67 44
67 49
67 52
67 53
67 54
67 55
67 57
67 58
67 65
67 70
67 74
67 75
67 77
67 78
67 79
68 2
68 4
68 5
68 10
68 11
68 12
68 13
68 15
68 16
68 20
68 23
68 24
68 25
68 30
68 31
68 32
68 34
68 35
68 36
68 40
68 50
68 59
68 61
68 67
68 69
68 70
68 72
68 73
68 75
68 78
68 79
69 0
69 4
69 7
69 14
69 18
69 22
69 24
69 28
69 29
69 30
69 33
69 34
69 36
69 37
69 38
69 40
69 42
69 45
69 48
69 56
69 57
69 59
69 63
69 65
69 67
69 76
69 79
70 3
70 5
70 9
70 10
70 11
70 14
70 15
70 16
70 23
70 25
70 27
70 28
70 30
70 34
70 36
70 37
70 40
70 47
70 49
70 50
70 51
70 52
70 53
70 54
70 56
70 58
70 59
70 60
70 61
70 63
70 69
70 70
70 72
70 73
70 76
70 77
71 1
71 2
71 10
71 13
71 16
71 21
71 24
71 25
71 26
71 28
71 29
71 32
71 37
71 40
71 41
71 42
71 48
71 51
71 52
71 55
71 56
71 58
71 61
71 65
71 66
71 67
71 68
71 69
71 71
71 75
71 78
72 0
72 1
72 4
72 8
72 9
72 11
72 12
72 14
72 16
72 24
72 27
72 30
72 33
72 34
72 35
72 39
72 43
72 46
72 47
72 48
72 50
72 53
72 54
72 57
72 58
72 63
72 68
72 70
72 72
72 73
72 74
72 75
72 76
72 77
72 78
72 79
73 1
73 3
73 6
73 7
73 8
73 9
73 11
73 12
73 13
73 22
73 23
73 24
73 29
73 30
73 31
73 35
73 37
73 38
73 43
73 46
73 50
73 52
73 53
73 56
73 57
73 62
73 65
73 69
73 72
73 74
73 75
73 76
73 79
74 0
74 8
74 10
74 11
74 13
74 14
74 16
74 17
74 18
74 19
74 23
74 25
74 27
74 28
74 29
74 33
74 34
74 37
74 38
74 40
74 46
74 49
74 50
74 54
74 55
74 62
74 65
74 74
74 76
74 79
75 2
75 4
75 5
75 6
75 7
75 8
75 16
75 17
75 24
75 30
75 31
75 34
75 35
75 36
75 37
75 38
75 40
75 42
75 46
75 47
75 48
75 49
75 52
75 54
75 55
75 61
75 65
75 68
75 70
75 72
75 75
75 76
76 1
76 4
76 8
76 10
76 14
76 17
76 18
76 22
76 26
76 31
76 34
76 40
76 42
76 47
76 48
76 52
76 53
76 58
76 63
76 64
76 65
76 68
76 69
76 70
76 71
76 73
76 75
76 76
77 0
77 2
77 13
77 15
77 20
77 31
77 32
77 33
77 34
77 36
77 44
77 46
77 47
77 48
77 49
77 52
77 56
77 57
77 58
77 59
77 60
77 61
77 65
77 67
77 69
77 73
77 74
77 76
77 78
78 0
78 5
78 8
78 10
78 13
78 14
78 15
78 16
78 17
78 18
78 19
78 20
78 24
78 28
78 31
78 33
78 36
78 37
78 41
78 43
78 46
78 48
78 50
78 53
78 57
78 58
78 61
78 64
78 68
78 69
78 71
78 74
78 75
78 79
79 2
79 3
79 5
79 6
79 7
79 9
79 11
79 13
79 14
79 17
79 18
79 28
79 29
79 30
79 31
79 32
79 35
79 36
79 40
79 41
79 43
79 44
79 45
79 46
79 48
79 49
79 60
79 61
79 62
79 66
79 67
79 69
79 70
79 73
79 74
79 78
