180
12888
0 0
0 7
0 8
0 10
0 11
0 15
0 18
0 22
0 27
0 28
0 30
0 34
0 39
0 40
0 43
0 50
0 52
0 54
0 56
0 58
0 62
0 63
0 65
0 66
0 68
0 69
0 71
0 73
0 75
0 78
0 82
0 85
0 88
0 89
0 90
0 91
0 96
0 100
0 103
0 106
0 111
0 115
0 116
0 117
0 118
0 119
0 120
0 121
0 122
0 126
0 128
0 131
0 132
0 133
0 135
0 136
0 137
0 138
0 139
0 144
0 145
0 146
0 152
0 155
0 157
0 159
0 162
0 163
0 165
0 166
0 167
0 169
0 171
0 172
0 173
0 174
0 175
0 177
1 1
1 2
1 11
1 12
1 13
1 16
1 18
1 19
1 20
1 30
1 35
1 37
1 39
1 40
1 41
1 44
1 47
1 48
1 51
1 52
1 53
1 55
1 57
1 62
1 63
1 65
1 66
1 69
1 72
1 80
1 83
1 84
1 85
1 93
1 94
1 97
1 101
1 102
1 106
1 108
1 109
1 110
1 111
1 117
1 119
1 120
1 121
1 122
1 123
1 124
1 126
1 129
1 133
1 134
1 135
1 138
1 142
1 144
1 147
1 148
1 149
1 153
1 155
1 162
1 163
1 164
1 165
1 167
1 168
1 169
1 171
1 177
1 179
2 0
2 3
2 11
2 13
2 22
2 25
2 26
2 28
2 30
2 33
2 35
2 37
2 38
2 45
2 52
2 54
2 55
2 56
2 57
2 64
2 65
2 69
2 73
2 74
2 78
2 83
2 86
2 88
2 91
2 95
2 96
2 98
2 104
2 109
2 111
2 113
2 115
2 117
2 119
2 124
2 126
2 127
2 128
2 129
2 131
2 132
2 134
2 136
2 137
2 138
2 139
2 141
2 143
2 144
2 146
2 147
2 150
2 151
2 152
2 153
2 154
2 156
2 157
2 158
2 160
2 162
2 163
2 167
2 168
2 170
2 172
2 173
2 174
2 176
3 6
3 7
3 8
3 9
3 10
3 11
3 13
3 15
3 17
3 19
3 20
3 22
3 24
3 26
3 28
3 30
3 33
3 35
3 36
3 37
3 39
3 41
3 42
3 44
3 45
3 49
3 50
3 54
3 56
3 59
3 62
3 63
3 65
3 66
3 67
3 70
3 71
3 72
3 76
3 80
3 81
3 82
3 84
3 85
3 86
3 93
3 94
3 101
3 102
3 103
3 104
3 105
3 106
3 107
3 108
3 110
3 112
3 115
3 118
3 119
3 120
3 125
3 127
3 130
3 134
3 137
3 140
3 144
3 147
3 150
3 151
3 153
3 157
3 158
3 162
3 167
3 168
3 170
3 171
3 172
3 177
3 179
4 1
4 3
4 8
4 12
4 13
4 17
4 18
4 19
4 23
4 28
4 29
4 33
4 34
4 35
4 40
4 45
4 46
4 50
4 51
4 53
4 54
4 59
4 65
4 67
4 68
4 71
4 72
4 73
4 77
4 81
4 85
4 86
4 87
4 88
4 91
4 92
4 96
4 97
4 99
4 105
4 106
4 110
4 112
4 113
4 114
4 115
4 116
4 121
4 129
4 136
4 138
4 141
4 142
4 146
4 147
4 149
4 152
4 153
4 156
4 157
4 158
4 164
4 168
4 171
4 175
4 178
4 179
5 0
5 1
5 3
5 5
5 19
5 22
5 23
5 24
5 25
5 26
5 28
5 29
5 30
5 31
5 39
5 40
5 42
5 43
5 44
5 47
5 49
5 52
5 55
5 59
5 64
5 66
5 68
5 69
5 71
5 77
5 78
5 79
5 83
5 85
5 88
5 89
5 92
5 93
5 94
5 95
5 96
5 98
5 101
5 103
5 112
5 113
5 118
5 120
5 125
5 129
5 130
5 131
5 132
5 133
5 134
5 135
5 136
5 137
5 138
5 142
5 144
5 146
5 148
5 155
5 156
5 160
5 163
5 164
5 168
5 171
5 173
5 174
5 175
5 176
5 177
5 179
6 0
6 1
6 2
6 4
6 5
6 8
6 10
6 12
6 15
6 16
6 17
6 18
6 19
6 21
6 23
6 24
6 26
6 28
6 29
6 32
6 39
6 41
6 42
6 45
6 48
6 50
6 51
6 52
6 53
6 54
6 57
6 59
6 61
6 62
6 63
6 65
6 69
6 74
6 75
6 80
6 81
6 84
6 86
6 89
6 91
6 94
6 100
6 102
6 103
6 107
6 108
6 110
6 111
6 112
6 113
6 114
6 116
6 118
6 119
6 120
6 121
6 122
6 125
6 127
6 128
6 133
6 137
6 140
6 148
6 152
6 153
6 154
6 157
6 159
6 160
6 163
6 164
6 165
6 167
6 171
6 173
6 176
6 177
6 179
7 2
7 3
7 12
7 14
7 18
7 21
7 22
7 29
7 30
7 31
7 36
7 38
7 42
7 43
7 46
7 48
7 49
7 52
7 53
7 54
7 55
7 56
7 59
7 60
7 61
7 65
7 66
7 70
7 72
7 73
7 75
7 76
7 80
7 81
7 82
7 86
7 89
7 90
7 92
7 100
7 104
7 105
7 106
7 107
7 109
7 114
7 115
7 118
7 119
7 120
7 121
7 123
7 124
7 125
7 129
7 132
7 133
7 137
7 138
7 139
7 140
7 141
7 149
7 153
7 154
7 155
7 159
7 160
7 161
7 164
7 170
7 174
7 177
7 179
8 4
8 6
8 7
8 17
8 22
8 24
8 26
8 28
8 29
8 30
8 35
8 36
8 37
8 38
8 41
8 43
8 44
8 48
8 50
8 52
8 55
8 62
8 63
8 64
8 66
8 67
8 69
8 70
8 77
8 83
8 84
8 92
8 94
8 96
8 98
8 100
8 101
8 102
8 108
8 110
8 111
8 113
8 116
8 117
8 121
8 122
8 123
8 124
8 126
8 127
8 136
8 137
8 152
8 154
8 155
8 158
8 160
8 161
8 163
8 165
8 167
8 168
8 169
8 170
8 171
8 175
8 178
9 1
9 3
9 7
9 8
9 12
9 17
9 18
9 19
9 24
9 32
9 40
9 43
9 46
9 49
9 50
9 51
9 52
9 53
9 58
9 59
9 61
9 67
9 72
9 73
9 75
9 76
9 77
9 81
9 82
9 87
9 89
9 92
9 94
9 96
9 99
9 107
9 113
9 115
9 128
9 129
9 130
9 132
9 134
9 135
9 137
9 138
9 140
9 147
9 153
9 154
9 155
9 158
9 164
9 166
9 167
9 171
9 172
9 173
9 174
9 177
10 1
10 3
10 7
10 11
10 13
10 14
10 15
10 16
10 19
10 20
10 21
10 26
10 28
10 32
10 33
10 34
10 36
10 39
10 43
10 45
10 46
10 50
10 51
10 52
10 53
10 54
10 56
10 58
10 61
10 67
10 69
10 70
10 71
10 73
10 74
10 76
10 81
10 84
10 86
10 89
10 90
10 92
10 94
10 95
10 97
10 102
10 103
10 106
10 110
10 111
10 113
10 114
10 119
10 121
10 124
10 125
10 126
10 127
10 129
10 133
10 134
10 138
10 139
10 145
10 151
10 152
10 156
10 157
10 158
10 160
10 163
10 165
10 168
10 171
10 173
10 174
10 178
10 179
11 0
11 1
11 4
11 5
11 6
11 8
11 10
11 14
11 15
11 16
11 17
11 18
11 20
11 21
11 27
11 28
11 29
11 31
11 32
11 34
11 35
11 37
11 41
11 46
11 50
11 52
11 54
11 55
11 56
11 58
11 63
11 70
11 71
11 74
11 75
11 76
11 77
11 78
11 80
11 81
11 84
11 85
11 86
11 88
11 94
11 98
11 101
11 102
11 103
11 104
11 105
11 108
11 115
11 119
11 122
11 124
11 128
11 130
11 131
11 135
11 143
11 146
11 147
11 148
11 151
11 152
11 155
11 160
11 162
11 164
11 167
11 168
11 177
11 178
12 0
12 1
12 7
12 8
12 12
12 14
12 15
12 18
12 24
12 26
12 28
12 33
12 34
12 38
12 39
12 43
12 47
12 50
12 51
12 52
12 56
12 57
12 58
12 59
12 61
12 63
12 64
12 66
12 67
12 70
12 76
12 79
12 81
12 83
12 84
12 86
12 89
12 90
12 97
12 101
12 106
12 107
12 109
12 110
12 111
12 112
12 113
12 115
12 121
12 122
12 123
12 124
12 127
12 136
12 137
12 138
12 141
12 144
12 145
12 147
12 152
12 154
12 155
12 158
12 160
12 163
12 164
12 168
12 169
12 170
12 171
12 173
12 174
12 175
12 177
12 179
13 3
13 6
13 7
13 10
13 12
13 18
13 19
13 21
13 22
13 23
13 24
13 25
13 26
13 28
13 30
13 34
13 37
13 38
13 44
13 45
13 47
13 49
13 51
13 58
13 61
13 63
13 65
13 73
13 74
13 78
13 84
13 88
13 91
13 94
13 95
13 97
13 99
13 102
13 103
13 104
13 110
13 113
13 114
13 115
13 118
13 122
13 123
13 124
13 125
13 127
13 128
13 130
13 131
13 132
13 135
13 139
13 140
13 141
13 146
13 149
13 151
13 154
13 157
13 158
13 163
13 164
13 165
13 166
13 168
13 169
13 170
13 171
13 173
13 174
13 176
13 177
13 179
14 2
14 6
14 8
14 10
14 14
14 16
14 17
14 21
14 27
14 28
14 31
14 32
14 33
14 35
14 37
14 38
14 39
14 40
14 42
14 44
14 51
14 52
14 54
14 56
14 61
14 63
14 67
14 71
14 72
14 73
14 74
14 75
14 77
14 88
14 89
14 93
14 94
14 96
14 97
14 98
14 99
14 100
14 101
14 102
14 104
14 106
14 107
14 111
14 112
14 114
14 116
14 118
14 119
14 120
14 121
14 123
14 124
14 126
14 128
14 129
14 130
14 132
14 135
14 138
14 139
14 142
14 143
14 148
14 154
14 158
14 159
14 166
14 167
14 174
14 175
14 179
15 0
15 2
15 4
15 7
15 13
15 14
15 16
15 18
15 21
15 29
15 30
15 34
15 35
15 38
15 41
15 42
15 43
15 49
15 50
15 52
15 58
15 62
15 64
15 68
15 69
15 75
15 76
15 77
15 78
15 79
15 80
15 89
15 91
15 92
15 93
15 94
15 96
15 97
15 99
15 101
15 102
15 106
15 107
15 111
15 112
15 120
15 122
15 123
15 124
15 125
15 126
15 128
15 130
15 133
15 137
15 138
15 145
15 151
15 152
15 153
15 155
15 156
15 157
15 168
15 173
15 177
15 179
16 0
16 1
16 2
16 7
16 8
16 11
16 13
16 14
16 16
16 18
16 20
16 25
16 26
16 27
16 28
16 29
16 33
16 37
16 41
16 44
16 47
16 48
16 51
16 54
16 60
16 67
16 68
16 69
16 72
16 73
16 75
16 77
16 80
16 83
16 85
16 88
16 89
16 94
16 96
16 97
16 98
16 103
16 104
16 105
16 106
16 113
16 115
16 116
16 117
16 118
16 120
16 121
16 122
16 123
16 124
16 125
16 126
16 127
16 134
16 138
16 139
16 142
16 143
16 146
16 147
16 148
16 149
16 150
16 152
16 155
16 157
16 159
16 161
16 167
16 170
16 173
16 174
16 178
17 4
17 5
17 7
17 8
17 11
17 16
17 18
17 22
17 23
17 24
17 31
17 32
17 33
17 35
17 37
17 38
17 39
17 43
17 46
17 47
17 48
17 49
17 50
17 54
17 58
17 60
17 61
17 63
17 64
17 69
17 73
17 75
17 77
17 79
17 81
17 87
17 91
17 92
17 94
17 96
17 99
17 100
17 113
17 114
17 117
17 119
17 121
17 122
17 124
17 125
17 128
17 129
17 133
17 134
17 137
17 139
17 142
17 144
17 146
17 147
17 148
17 150
17 152
17 154
17 159
17 160
17 164
17 165
17 168
17 172
17 176
18 1
18 3
18 5
18 10
18 12
18 13
18 16
18 17
18 21
18 22
18 24
18 25
18 26
18 29
18 30
18 34
18 37
18 38
18 44
18 45
18 47
18 48
18 49
18 52
18 54
18 55
18 59
18 61
18 65
18 69
18 71
18 73
18 74
18 75
18 77
18 83
18 84
18 86
18 91
18 99
18 102
18 103
18 105
18 109
18 112
18 114
18 115
18 116
18 122
18 123
18 124
18 125
18 128
18 130
18 131
18 137
18 139
18 140
18 142
18 149
18 151
18 152
18 154
18 155
18 156
18 157
18 158
18 160
18 161
18 163
18 167
18 170
18 172
18 174
18 176
18 178
19 0
19 2
19 3
19 8
19 10
19 12
19 13
19 15
19 18
19 20
19 22
19 26
19 31
19 35
19 38
19 42
19 44
19 51
19 53
19 58
19 60
19 62
19 63
19 64
19 67
19 71
19 75
19 76
19 79
19 80
19 81
19 83
19 84
19 86
19 89
19 90
19 91
19 93
19 95
19 103
19 111
19 112
19 115
19 116
19 120
19 121
19 123
19 125
19 126
19 130
19 136
19 137
19 140
19 141
19 143
19 145
19 146
19 153
19 154
19 156
19 158
19 161
19 162
19 167
19 168
19 171
19 173
19 174
19 178
19 179
20 1
20 2
20 3
20 4
20 7
20 8
20 10
20 13
20 17
20 21
20 24
20 28
20 29
20 31
20 32
20 33
20 38
20 40
20 45
20 49
20 53
20 54
20 55
20 57
20 59
20 60
20 63
20 66
20 71
20 72
20 77
20 78
20 81
20 84
20 87
20 89
20 92
20 94
20 95
20 100
20 102
20 103
20 104
20 106
20 112
20 113
20 118
20 120
20 136
20 137
20 139
20 140
20 141
20 149
20 150
20 152
20 155
20 156
20 157
20 158
20 161
20 167
20 170
20 174
20 176
20 177
20 178
21 0
21 1
21 3
21 4
21 8
21 11
21 21
21 22
21 23
21 24
21 25
21 26
21 27
21 28
21 30
21 32
21 38
21 41
21 44
21 47
21 50
21 53
21 60
21 62
21 67
21 68
21 70
21 74
21 77
21 80
21 81
21 84
21 86
21 93
21 95
21 97
21 100
21 106
21 110
21 112
21 113
21 115
21 116
21 118
21 119
21 123
21 124
21 126
21 127
21 128
21 129
21 133
21 136
21 140
21 141
21 143
21 146
21 151
21 154
21 158
21 161
21 162
21 166
21 167
21 168
21 170
21 179
22 2
22 3
22 5
22 8
22 12
22 14
22 16
22 18
22 20
22 23
22 24
22 25
22 28
22 30
22 33
22 34
22 38
22 42
22 44
22 47
22 52
22 55
22 57
22 67
22 70
22 71
22 72
22 73
22 75
22 80
22 81
22 83
22 84
22 89
22 92
22 93
22 95
22 96
22 97
22 102
22 107
22 108
22 110
22 111
22 113
22 116
22 117
22 118
22 121
22 122
22 123
22 124
22 126
22 128
22 132
22 133
22 136
22 139
22 144
22 145
22 150
22 154
22 156
22 157
22 161
22 163
22 164
22 165
22 169
22 170
22 171
22 175
22 176
22 177
22 179
23 2
23 6
23 8
23 9
23 14
23 15
23 16
23 17
23 19
23 24
23 25
23 28
23 35
23 40
23 41
23 45
23 46
23 49
23 54
23 56
23 62
23 65
23 66
23 67
23 81
23 83
23 84
23 85
23 86
23 87
23 92
23 93
23 94
23 97
23 100
23 101
23 105
23 106
23 107
23 110
23 112
23 113
23 116
23 120
23 121
23 124
23 125
23 127
23 130
23 131
23 132
23 133
23 134
23 135
23 136
23 140
23 144
23 145
23 148
23 149
23 150
23 152
23 153
23 161
23 163
23 166
23 167
23 169
23 178
24 3
24 4
24 6
24 10
24 13
24 16
24 17
24 18
24 20
24 21
24 22
24 25
24 28
24 29
24 32
24 35
24 38
24 39
24 40
24 41
24 42
24 43
24 53
24 55
24 57
24 60
24 61
24 65
24 66
24 68
24 72
24 74
24 77
24 84
24 85
24 87
24 89
24 90
24 92
24 93
24 97
24 98
24 101
24 102
24 103
24 104
24 107
24 109
24 111
24 115
24 117
24 118
24 121
24 129
24 131
24 135
24 138
24 139
24 140
24 144
24 145
24 148
24 153
24 154
24 156
24 162
24 164
24 166
24 168
24 172
24 174
24 175
24 176
24 177
24 178
25 0
25 4
25 5
25 6
25 8
25 9
25 11
25 17
25 18
25 19
25 25
25 26
25 27
25 32
25 34
25 36
25 37
25 40
25 41
25 49
25 53
25 54
25 55
25 58
25 61
25 65
25 67
25 70
25 71
25 74
25 75
25 78
25 79
25 83
25 84
25 85
25 87
25 93
25 96
25 99
25 103
25 105
25 109
25 110
25 112
25 114
25 115
25 119
25 120
25 121
25 122
25 125
25 126
25 128
25 130
25 131
25 133
25 135
25 141
25 147
25 151
25 154
25 156
25 157
25 158
25 166
25 170
25 171
25 176
25 177
25 179
26 2
26 3
26 5
26 6
26 11
26 13
26 18
26 19
26 21
26 23
26 24
26 29
26 30
26 31
26 32
26 38
26 39
26 40
26 44
26 45
26 46
26 47
26 49
26 50
26 51
26 54
26 55
26 56
26 58
26 61
26 63
26 68
26 72
26 75
26 89
26 92
26 96
26 97
26 98
26 102
26 103
26 104
26 106
26 109
26 115
26 117
26 119
26 122
26 124
26 127
26 133
26 138
26 139
26 141
26 147
26 149
26 154
26 155
26 160
26 162
26 164
26 167
26 169
26 173
26 175
26 176
26 177
26 178
27 6
27 12
27 14
27 21
27 22
27 26
27 27
27 32
27 33
27 36
27 37
27 40
27 41
27 43
27 45
27 47
27 48
27 53
27 56
27 59
27 73
27 75
27 76
27 77
27 78
27 79
27 86
27 89
27 90
27 97
27 98
27 100
27 103
27 107
27 109
27 111
27 117
27 118
27 120
27 128
27 133
27 134
27 136
27 138
27 139
27 145
27 151
27 152
27 158
27 166
27 168
27 170
27 171
27 173
27 174
28 1
28 9
28 11
28 13
28 19
28 28
28 31
28 36
28 37
28 38
28 41
28 43
28 44
28 47
28 48
28 51
28 56
28 57
28 60
28 61
28 62
28 66
28 70
28 74
28 78
28 82
28 88
28 90
28 94
28 100
28 101
28 102
28 103
28 107
28 109
28 113
28 114
28 115
28 122
28 126
28 131
28 136
28 142
28 143
28 145
28 147
28 148
28 149
28 150
28 157
28 162
28 171
28 174
28 175
29 4
29 6
29 8
29 10
29 11
29 15
29 16
29 18
29 28
29 29
29 30
29 31
29 39
29 41
29 42
29 44
29 46
29 49
29 51
29 52
29 54
29 59
29 62
29 64
29 67
29 69
29 70
29 72
29 73
29 75
29 76
29 77
29 81
29 82
29 87
29 91
29 96
29 100
29 103
29 111
29 113
29 115
29 117
29 119
29 123
29 124
29 129
29 130
29 131
29 133
29 138
29 139
29 142
29 145
29 147
29 148
29 152
29 159
29 163
29 170
29 174
29 175
29 176
29 179
30 0
30 1
30 2
30 3
30 4
30 6
30 8
30 11
30 14
30 19
30 21
30 23
30 25
30 27
30 28
30 30
30 31
30 34
30 35
30 36
30 37
30 41
30 51
30 52
30 56
30 58
30 64
30 66
30 68
30 73
30 76
30 78
30 81
30 83
30 85
30 86
30 87
30 88
30 90
30 92
30 95
30 98
30 101
30 107
30 108
30 110
30 113
30 115
30 116
30 117
30 118
30 120
30 122
30 127
30 129
30 130
30 131
30 136
30 138
30 139
30 141
30 143
30 145
30 152
30 153
30 154
30 157
30 159
30 165
30 169
30 171
30 174
30 177
30 178
31 2
31 4
31 5
31 10
31 14
31 16
31 18
31 22
31 23
31 24
31 26
31 27
31 28
31 30
31 38
31 39
31 40
31 42
31 43
31 48
31 50
31 52
31 54
31 55
31 57
31 60
31 62
31 64
31 71
31 72
31 73
31 74
31 76
31 81
31 85
31 89
31 93
31 95
31 96
31 101
31 104
31 105
31 106
31 109
31 111
31 115
31 116
31 122
31 123
31 124
31 125
31 127
31 130
31 132
31 134
31 135
31 138
31 143
31 144
31 146
31 147
31 148
31 149
31 150
31 152
31 155
31 156
31 157
31 161
31 164
31 165
31 167
31 171
31 173
31 178
32 1
32 2
32 3
32 6
32 11
32 15
32 19
32 21
32 23
32 29
32 32
32 39
32 43
32 49
32 56
32 62
32 63
32 64
32 65
32 68
32 73
32 77
32 78
32 79
32 80
32 81
32 84
32 87
32 89
32 90
32 94
32 96
32 98
32 102
32 103
32 106
32 107
32 113
32 116
32 119
32 121
32 123
32 126
32 127
32 134
32 135
32 138
32 139
32 141
32 142
32 144
32 145
32 149
32 150
32 151
32 152
32 153
32 155
32 164
32 165
32 166
32 167
32 168
32 172
32 179
33 0
33 3
33 4
33 7
33 8
33 9
33 12
33 13
33 14
33 15
33 16
33 17
33 19
33 20
33 22
33 27
33 28
33 30
33 33
33 35
33 36
33 37
33 38
33 39
33 41
33 45
33 48
33 49
33 50
33 52
33 54
33 57
33 59
33 60
33 61
33 69
33 71
33 74
33 75
33 76
33 79
33 85
33 89
33 90
33 91
33 92
33 95
33 96
33 103
33 104
33 109
33 116
33 119
33 121
33 123
33 124
33 126
33 128
33 135
33 136
33 137
33 138
33 140
33 144
33 145
33 146
33 153
33 156
33 158
33 166
33 170
33 174
33 175
33 176
33 178
34 0
34 3
34 9
34 10
34 12
34 16
34 18
34 21
34 22
34 25
34 27
34 29
34 31
34 33
34 35
34 39
34 40
34 42
34 46
34 48
34 50
34 52
34 58
34 62
34 63
34 64
34 67
34 68
34 71
34 77
34 78
34 80
34 81
34 85
34 86
34 92
34 94
34 102
34 103
34 113
34 114
34 116
34 118
34 119
34 120
34 122
34 130
34 137
34 138
34 139
34 144
34 145
34 151
34 154
34 156
34 157
34 158
34 159
34 160
34 161
34 166
34 167
34 169
34 170
34 177
34 178
34 179
35 1
35 6
35 7
35 9
35 12
35 14
35 17
35 26
35 27
35 28
35 34
35 35
35 37
35 39
35 45
35 46
35 52
35 55
35 57
35 58
35 60
35 61
35 62
35 64
35 67
35 68
35 69
35 73
35 77
35 78
35 81
35 88
35 90
35 93
35 95
35 96
35 100
35 102
35 104
35 107
35 108
35 111
35 122
35 126
35 132
35 135
35 137
35 138
35 139
35 140
35 142
35 146
35 149
35 151
35 152
35 155
35 156
35 161
35 162
35 166
35 168
35 169
35 170
35 174
35 176
35 179
36 0
36 1
36 4
36 7
36 9
36 11
36 12
36 16
36 17
36 18
36 19
36 21
36 26
36 27
36 30
36 32
36 33
36 34
36 38
36 39
36 40
36 44
36 45
36 47
36 52
36 53
36 54
36 59
36 60
36 61
36 62
36 65
36 66
36 67
36 69
36 74
36 75
36 77
36 82
36 83
36 92
36 101
36 102
36 106
36 107
36 109
36 112
36 113
36 114
36 119
36 121
36 123
36 124
36 126
36 127
36 128
36 130
36 131
36 132
36 136
36 138
36 140
36 141
36 142
36 143
36 149
36 151
36 157
36 158
36 161
36 164
36 165
36 168
36 169
36 172
36 175
36 176
36 177
36 179
37 0
37 4
37 5
37 6
37 8
37 9
37 10
37 11
37 12
37 14
37 18
37 19
37 20
37 21
37 24
37 25
37 27
37 28
37 29
37 30
37 36
37 37
37 42
37 45
37 46
37 47
37 50
37 51
37 52
37 53
37 54
37 59
37 63
37 64
37 70
37 71
37 72
37 73
37 75
37 76
37 77
37 79
37 81
37 83
37 86
37 91
37 92
37 105
37 108
37 110
37 111
37 113
37 118
37 120
37 125
37 133
37 135
37 136
37 140
37 141
37 142
37 148
37 152
37 163
37 166
37 170
37 172
37 173
37 174
37 177
37 178
38 1
38 4
38 5
38 6
38 7
38 10
38 11
38 12
38 13
38 14
38 15
38 16
38 19
38 21
38 26
38 27
38 30
38 31
38 32
38 37
38 39
38 42
38 43
38 45
38 46
38 54
38 63
38 64
38 65
38 69
38 70
38 72
38 80
38 82
38 89
38 90
38 91
38 92
38 93
38 98
38 101
38 103
38 106
38 108
38 109
38 111
38 114
38 115
38 117
38 118
38 119
38 126
38 127
38 137
38 140
38 145
38 146
38 147
38 148
38 150
38 152
38 157
38 158
38 159
38 160
38 163
38 164
38 165
38 168
38 169
38 170
38 172
38 177
38 178
39 0
39 3
39 4
39 5
39 7
39 8
39 14
39 21
39 26
39 28
39 30
39 31
39 32
39 34
39 40
39 42
39 43
39 46
39 47
39 48
39 54
39 55
39 57
39 58
39 61
39 62
39 64
39 65
39 67
39 71
39 72
39 74
39 83
39 84
39 89
39 91
39 98
39 100
39 101
39 102
39 103
39 105
39 106
39 107
39 109
39 110
39 113
39 114
39 115
39 116
39 119
39 121
39 129
39 130
39 131
39 132
39 134
39 138
39 141
39 142
39 143
39 144
39 145
39 147
39 149
39 150
39 161
39 162
39 165
39 166
39 167
39 168
39 169
39 171
39 172
39 173
39 175
39 176
40 1
40 2
40 3
40 4
40 11
40 12
40 16
40 17
40 20
40 22
40 28
40 30
40 31
40 32
40 33
40 35
40 36
40 38
40 40
40 42
40 48
40 50
40 53
40 57
40 58
40 61
40 62
40 64
40 70
40 71
40 72
40 73
40 85
40 90
40 91
40 94
40 98
40 99
40 100
40 103
40 104
40 106
40 110
40 115
40 119
40 121
40 123
40 136
40 138
40 142
40 143
40 144
40 146
40 147
40 153
40 154
40 160
40 163
40 167
40 168
40 174
40 179
41 0
41 5
41 6
41 11
41 12
41 15
41 16
41 18
41 21
41 28
41 30
41 31
41 32
41 33
41 35
41 37
41 48
41 51
41 52
41 53
41 58
41 63
41 67
41 68
41 70
41 71
41 72
41 73
41 75
41 77
41 79
41 81
41 87
41 89
41 91
41 92
41 93
41 96
41 100
41 106
41 107
41 108
41 109
41 117
41 122
41 125
41 127
41 128
41 133
41 134
41 138
41 140
41 146
41 148
41 150
41 153
41 155
41 157
41 168
41 169
41 170
41 171
41 179
42 5
42 8
42 11
42 14
42 15
42 18
42 22
42 24
42 27
42 32
42 34
42 35
42 36
42 37
42 39
42 42
42 43
42 46
42 53
42 56
42 60
42 61
42 62
42 66
42 67
42 72
42 75
42 77
42 79
42 81
42 87
42 93
42 94
42 97
42 98
42 99
42 106
42 107
42 112
42 114
42 118
42 126
42 129
42 130
42 132
42 136
42 138
42 139
42 140
42 142
42 143
42 150
42 166
42 169
42 170
42 171
42 178
43 0
43 6
43 7
43 8
43 10
43 14
43 15
43 17
43 18
43 22
43 26
43 30
43 32
43 33
43 39
43 44
43 46
43 49
43 50
43 51
43 53
43 58
43 59
43 60
43 61
43 62
43 64
43 66
43 67
43 70
43 72
43 74
43 78
43 87
43 88
43 89
43 90
43 91
43 93
43 96
43 100
43 103
43 105
43 108
43 111
43 112
43 113
43 115
43 117
43 118
43 119
43 120
43 121
43 122
43 123
43 124
43 126
43 127
43 128
43 135
43 136
43 140
43 142
43 144
43 145
43 149
43 150
43 152
43 153
43 157
43 158
43 161
43 163
43 167
43 170
43 171
43 172
43 173
43 175
43 177
43 178
43 179
44 0
44 1
44 3
44 5
44 6
44 8
44 9
44 10
44 16
44 21
44 24
44 30
44 31
44 33
44 39
44 42
44 43
44 46
44 47
44 49
44 50
44 53
44 54
44 55
44 58
44 60
44 62
44 66
44 67
44 69
44 70
44 72
44 76
44 80
44 81
44 82
44 83
44 84
44 86
44 89
44 90
44 92
44 93
44 97
44 99
44 101
44 108
44 112
44 113
44 114
44 116
44 119
44 120
44 123
44 124
44 126
44 134
44 136
44 138
44 139
44 141
44 142
44 146
44 149
44 152
44 153
44 154
44 155
44 156
44 159
44 163
44 164
44 165
44 166
44 171
44 172
44 174
44 175
44 177
45 4
45 6
45 7
45 16
45 19
45 21
45 25
45 28
45 32
45 33
45 37
45 38
45 39
45 40
45 43
45 47
45 49
45 53
45 56
45 70
45 72
45 74
45 79
45 81
45 90
45 91
45 92
45 96
45 97
45 99
45 100
45 103
45 104
45 109
45 111
45 112
45 113
45 117
45 118
45 120
45 122
45 125
45 127
45 131
45 132
45 133
45 134
45 137
45 143
45 145
45 147
45 149
45 150
45 152
45 154
45 155
45 156
45 159
45 163
45 166
45 168
45 170
45 172
45 176
45 177
45 179
46 1
46 2
46 6
46 14
46 16
46 18
46 21
46 27
46 28
46 33
46 34
46 36
46 37
46 38
46 39
46 44
46 47
46 48
46 51
46 53
46 59
46 61
46 63
46 64
46 66
46 67
46 68
46 71
46 74
46 75
46 77
46 80
46 83
46 84
46 85
46 87
46 91
46 94
46 97
46 99
46 104
46 105
46 106
46 107
46 108
46 110
46 112
46 115
46 120
46 121
46 122
46 123
46 126
46 127
46 131
46 134
46 135
46 136
46 138
46 144
46 146
46 147
46 148
46 149
46 151
46 153
46 156
46 165
46 168
46 175
46 177
46 179
47 2
47 12
47 14
47 15
47 16
47 18
47 19
47 21
47 26
47 28
47 30
47 32
47 33
47 35
47 37
47 38
47 40
47 41
47 42
47 46
47 51
47 52
47 53
47 55
47 56
47 58
47 59
47 61
47 64
47 66
47 67
47 71
47 72
47 73
47 74
47 76
47 81
47 85
47 86
47 87
47 90
47 91
47 98
47 100
47 101
47 102
47 103
47 105
47 106
47 108
47 111
47 113
47 118
47 119
47 120
47 122
47 123
47 124
47 130
47 134
47 136
47 139
47 143
47 144
47 147
47 148
47 152
47 154
47 158
47 163
47 164
47 165
47 168
47 170
47 176
47 178
48 2
48 3
48 6
48 10
48 11
48 14
48 22
48 24
48 27
48 28
48 30
48 38
48 40
48 41
48 43
48 44
48 47
48 49
48 50
48 52
48 53
48 55
48 57
48 59
48 60
48 61
48 63
48 71
48 81
48 83
48 84
48 85
48 86
48 88
48 90
48 91
48 96
48 97
48 98
48 100
48 101
48 102
48 104
48 105
48 116
48 119
48 122
48 123
48 124
48 125
48 127
48 129
48 130
48 132
48 133
48 134
48 135
48 139
48 140
48 142
48 146
48 149
48 160
48 161
48 164
48 165
48 166
48 167
48 176
48 179
49 0
49 3
49 4
49 12
49 13
49 15
49 18
49 19
49 25
49 29
49 30
49 31
49 32
49 34
49 36
49 38
49 39
49 40
49 43
49 45
49 47
49 50
49 52
49 53
49 54
49 60
49 61
49 64
49 66
49 68
49 69
49 71
49 74
49 79
49 80
49 81
49 83
49 84
49 87
49 88
49 93
49 95
49 97
49 104
49 105
49 107
49 109
49 114
49 115
49 116
49 117
49 120
49 124
49 129
49 131
49 132
49 134
49 135
49 136
49 138
49 139
49 141
49 142
49 143
49 144
49 145
49 152
49 154
49 157
49 163
49 167
49 168
49 169
49 171
49 174
49 175
49 177
49 179
50 0
50 1
50 4
50 5
50 9
50 10
50 12
50 25
50 29
50 31
50 34
50 35
50 37
50 39
50 40
50 41
50 43
50 44
50 45
50 46
50 48
50 54
50 55
50 59
50 60
50 61
50 62
50 63
50 66
50 67
50 68
50 69
50 71
50 72
50 75
50 76
50 81
50 85
50 86
50 88
50 89
50 92
50 95
50 97
50 103
50 104
50 105
50 106
50 107
50 108
50 112
50 113
50 114
50 115
50 119
50 124
50 126
50 127
50 128
50 131
50 132
50 134
50 137
50 138
50 139
50 144
50 149
50 150
50 152
50 154
50 157
50 165
50 167
50 170
50 172
50 174
50 177
50 178
51 0
51 1
51 2
51 3
51 4
51 10
51 15
51 17
51 20
51 23
51 27
51 30
51 31
51 35
51 41
51 49
51 51
51 54
51 59
51 60
51 62
51 63
51 68
51 71
51 73
51 77
51 80
51 81
51 82
51 86
51 91
51 101
51 104
51 105
51 106
51 108
51 109
51 110
51 111
51 113
51 115
51 116
51 119
51 121
51 123
51 125
51 129
51 133
51 136
51 138
51 140
51 142
51 149
51 152
51 154
51 155
51 158
51 163
51 164
51 178
51 179
52 1
52 4
52 6
52 7
52 11
52 13
52 14
52 16
52 18
52 19
52 22
52 26
52 27
52 33
52 34
52 37
52 42
52 45
52 48
52 50
52 53
52 57
52 60
52 63
52 70
52 71
52 75
52 78
52 82
52 83
52 84
52 85
52 86
52 90
52 95
52 97
52 100
52 104
52 107
52 109
52 111
52 112
52 114
52 115
52 116
52 117
52 118
52 121
52 126
52 127
52 131
52 132
52 134
52 138
52 140
52 142
52 144
52 147
52 150
52 153
52 155
52 156
52 158
52 163
52 164
52 166
52 170
52 172
52 173
52 174
52 175
52 176
52 177
52 179
53 3
53 6
53 7
53 10
53 12
53 14
53 20
53 23
53 26
53 27
53 29
53 30
53 31
53 33
53 34
53 35
53 36
53 38
53 44
53 45
53 50
53 52
53 54
53 57
53 60
53 62
53 63
53 66
53 67
53 71
53 72
53 74
53 76
53 82
53 86
53 90
53 91
53 93
53 95
53 99
53 100
53 102
53 103
53 106
53 112
53 115
53 120
53 121
53 122
53 129
53 130
53 132
53 133
53 135
53 138
53 139
53 140
53 141
53 145
53 146
53 154
53 157
53 158
53 159
53 160
53 161
53 162
53 163
53 164
53 165
53 170
53 176
53 177
53 178
54 0
54 2
54 3
54 10
54 11
54 13
54 14
54 16
54 19
54 20
54 22
54 23
54 26
54 28
54 29
54 31
54 33
54 34
54 35
54 37
54 39
54 41
54 42
54 47
54 48
54 49
54 50
54 54
54 59
54 62
54 68
54 71
54 72
54 73
54 76
54 79
54 81
54 84
54 85
54 92
54 93
54 95
54 96
54 98
54 99
54 100
54 105
54 106
54 107
54 108
54 110
54 114
54 122
54 128
54 132
54 134
54 135
54 140
54 142
54 143
54 146
54 152
54 157
54 159
54 174
54 176
54 177
55 0
55 2
55 4
55 5
55 9
55 13
55 14
55 16
55 18
55 19
55 22
55 24
55 26
55 27
55 37
55 38
55 49
55 51
55 56
55 60
55 62
55 63
55 64
55 65
55 66
55 67
55 71
55 72
55 73
55 75
55 76
55 83
55 84
55 89
55 93
55 96
55 99
55 101
55 103
55 107
55 108
55 109
55 110
55 114
55 116
55 120
55 122
55 124
55 127
55 132
55 135
55 136
55 138
55 139
55 142
55 145
55 149
55 151
55 156
55 163
55 164
55 168
55 171
55 172
55 175
55 176
55 177
55 178
56 5
56 7
56 8
56 9
56 11
56 13
56 14
56 15
56 22
56 24
56 28
56 29
56 30
56 31
56 33
56 36
56 39
56 42
56 43
56 47
56 50
56 51
56 52
56 53
56 56
56 57
56 59
56 62
56 63
56 64
56 65
56 70
56 71
56 72
56 73
56 75
56 76
56 77
56 80
56 83
56 88
56 91
56 95
56 97
56 103
56 107
56 109
56 110
56 111
56 119
56 122
56 124
56 131
56 133
56 134
56 142
56 150
56 151
56 156
56 157
56 158
56 159
56 163
56 164
56 168
56 172
56 175
56 176
56 177
56 179
57 3
57 6
57 9
57 11
57 13
57 17
57 23
57 24
57 27
57 33
57 35
57 37
57 39
57 43
57 44
57 47
57 50
57 51
57 55
57 56
57 61
57 62
57 63
57 65
57 66
57 67
57 70
57 75
57 77
57 78
57 79
57 84
57 86
57 87
57 88
57 90
57 94
57 96
57 98
57 107
57 111
57 114
57 115
57 117
57 121
57 124
57 127
57 129
57 131
57 133
57 137
57 138
57 139
57 140
57 143
57 144
57 145
57 150
57 152
57 153
57 158
57 160
57 162
57 167
57 168
57 170
57 172
57 174
57 175
57 176
58 2
58 3
58 4
58 7
58 8
58 14
58 22
58 25
58 28
58 29
58 33
58 34
58 38
58 42
58 45
58 46
58 48
58 50
58 51
58 52
58 57
58 59
58 60
58 65
58 66
58 70
58 78
58 79
58 87
58 92
58 93
58 98
58 100
58 101
58 102
58 103
58 104
58 105
58 106
58 111
58 112
58 114
58 115
58 117
58 121
58 122
58 123
58 125
58 127
58 130
58 132
58 135
58 136
58 137
58 140
58 141
58 142
58 144
58 147
58 151
58 152
58 157
58 159
58 161
58 165
58 166
58 167
58 168
58 171
58 172
58 176
58 177
59 0
59 3
59 6
59 8
59 9
59 13
59 15
59 17
59 19
59 21
59 22
59 25
59 34
59 35
59 38
59 41
59 42
59 44
59 45
59 47
59 48
59 49
59 53
59 55
59 56
59 57
59 61
59 62
59 64
59 65
59 68
59 70
59 71
59 73
59 76
59 77
59 78
59 80
59 81
59 84
59 86
59 88
59 92
59 97
59 99
59 100
59 109
59 111
59 114
59 117
59 118
59 121
59 123
59 130
59 131
59 135
59 136
59 137
59 138
59 140
59 141
59 143
59 146
59 157
59 158
59 159
59 161
59 162
59 164
59 166
59 167
59 169
59 170
59 171
59 176
59 179
60 0
60 2
60 3
60 4
60 13
60 14
60 15
60 18
60 19
60 20
60 22
60 24
60 25
60 28
60 29
60 33
60 38
60 40
60 41
60 42
60 44
60 49
60 50
60 53
60 54
60 55
60 59
60 64
60 65
60 66
60 78
60 80
60 82
60 83
60 90
60 92
60 95
60 98
60 99
60 101
60 102
60 103
60 106
60 109
60 114
60 116
60 121
60 122
60 126
60 129
60 134
60 135
60 136
60 137
60 141
60 144
60 146
60 149
60 154
60 156
60 157
60 159
60 160
60 161
60 163
60 165
60 169
60 170
60 175
60 177
60 179
61 0
61 2
61 6
61 10
61 11
61 12
61 13
61 16
61 17
61 22
61 29
61 30
61 32
61 34
61 36
61 39
61 47
61 51
61 55
61 57
61 59
61 60
61 61
61 65
61 66
61 69
61 72
61 75
61 78
61 81
61 83
61 87
61 88
61 90
61 92
61 94
61 95
61 96
61 97
61 98
61 101
61 102
61 105
61 107
61 111
61 114
61 115
61 116
61 117
61 119
61 120
61 122
61 124
61 125
61 126
61 129
61 132
61 133
61 134
61 139
61 141
61 142
61 143
61 144
61 145
61 148
61 150
61 152
61 161
61 163
61 171
61 173
61 175
61 177
61 178
62 2
62 8
62 9
62 10
62 12
62 13
62 14
62 16
62 17
62 19
62 21
62 23
62 30
62 32
62 33
62 46
62 48
62 51
62 53
62 54
62 59
62 60
62 69
62 73
62 74
62 75
62 77
62 81
62 82
62 84
62 87
62 88
62 89
62 91
62 92
62 94
62 96
62 97
62 100
62 104
62 106
62 110
62 114
62 118
62 119
62 123
62 124
62 131
62 132
62 136
62 138
62 142
62 145
62 146
62 152
62 156
62 157
62 162
62 164
62 167
62 168
62 174
62 175
62 178
63 1
63 7
63 10
63 11
63 12
63 16
63 19
63 22
63 26
63 28
63 34
63 40
63 41
63 46
63 47
63 56
63 57
63 58
63 59
63 64
63 65
63 68
63 71
63 73
63 78
63 80
63 81
63 83
63 85
63 88
63 90
63 92
63 93
63 98
63 100
63 105
63 106
63 109
63 111
63 112
63 113
63 114
63 116
63 117
63 120
63 123
63 130
63 131
63 134
63 137
63 139
63 140
63 142
63 143
63 145
63 148
63 152
63 154
63 157
63 158
63 159
63 164
63 165
63 167
63 178
64 0
64 1
64 2
64 3
64 5
64 6
64 9
64 11
64 21
64 22
64 23
64 24
64 25
64 26
64 28
64 29
64 30
64 33
64 34
64 37
64 39
64 41
64 42
64 43
64 44
64 46
64 52
64 53
64 54
64 64
64 70
64 71
64 72
64 74
64 80
64 85
64 86
64 88
64 92
64 98
64 103
64 104
64 106
64 107
64 108
64 110
64 111
64 116
64 117
64 121
64 123
64 124
64 125
64 127
64 129
64 136
64 137
64 138
64 141
64 142
64 143
64 145
64 146
64 147
64 148
64 149
64 151
64 152
64 153
64 154
64 156
64 157
64 163
64 164
64 166
64 167
64 168
64 170
64 172
64 174
64 177
64 179
65 5
65 8
65 10
65 13
65 15
65 16
65 17
65 21
65 22
65 23
65 25
65 27
65 28
65 32
65 33
65 36
65 38
65 39
65 45
65 47
65 50
65 52
65 54
65 57
65 58
65 61
65 63
65 72
65 81
65 82
65 85
65 87
65 88
65 90
65 91
65 94
65 97
65 101
65 103
65 106
65 107
65 109
65 116
65 118
65 119
65 121
65 127
65 133
65 135
65 139
65 147
65 149
65 150
65 151
65 152
65 153
65 154
65 155
65 157
65 163
65 165
65 169
65 171
65 172
65 173
65 175
65 177
66 0
66 1
66 3
66 6
66 8
66 11
66 13
66 15
66 19
66 22
66 23
66 30
66 32
66 39
66 46
66 47
66 51
66 53
66 54
66 56
66 59
66 60
66 61
66 62
66 63
66 64
66 65
66 66
66 67
66 70
66 72
66 78
66 79
66 80
66 81
66 87
66 93
66 94
66 98
66 99
66 100
66 102
66 103
66 105
66 106
66 107
66 108
66 110
66 111
66 112
66 125
66 128
66 129
66 135
66 137
66 144
66 148
66 150
66 155
66 156
66 158
66 160
66 162
66 163
66 165
66 171
66 172
66 177
66 178
66 179
67 1
67 3
67 4
67 6
67 8
67 9
67 10
67 11
67 12
67 14
67 26
67 29
67 36
67 38
67 40
67 43
67 47
67 48
67 49
67 51
67 54
67 56
67 57
67 64
67 69
67 73
67 75
67 76
67 77
67 78
67 82
67 84
67 88
67 93
67 94
67 95
67 96
67 99
67 101
67 102
67 104
67 109
67 111
67 112
67 113
67 116
67 125
67 126
67 127
67 128
67 129
67 131
67 136
67 138
67 140
67 143
67 144
67 145
67 148
67 152
67 155
67 163
67 168
67 176
68 1
68 6
68 7
68 11
68 12
68 18
68 23
68 25
68 26
68 27
68 28
68 31
68 36
68 38
68 39
68 44
68 45
68 47
68 54
68 56
68 59
68 60
68 62
68 66
68 69
68 71
68 73
68 77
68 78
68 83
68 86
68 87
68 88
68 96
68 102
68 103
68 105
68 106
68 108
68 110
68 113
68 120
68 125
68 127
68 130
68 132
68 134
68 135
68 136
68 137
68 138
68 141
68 142
68 143
68 145
68 147
68 148
68 149
68 150
68 152
68 154
68 157
68 158
68 161
68 163
68 167
68 170
68 173
68 175
68 176
68 179
69 3
69 4
69 5
69 6
69 7
69 9
69 12
69 15
69 16
69 19
69 21
69 22
69 24
69 25
69 29
69 30
69 37
69 40
69 42
69 45
69 46
69 47
69 48
69 49
69 53
69 54
69 60
69 62
69 64
69 68
69 69
69 73
69 78
69 82
69 84
69 85
69 88
69 90
69 91
69 96
69 98
69 100
69 104
69 114
69 116
69 117
69 118
69 119
69 120
69 121
69 122
69 129
69 132
69 134
69 135
69 137
69 138
69 140
69 141
69 143
69 150
69 153
69 154
69 160
69 161
69 162
69 163
69 165
69 167
69 170
69 173
69 174
69 175
69 176
70 2
70 3
70 4
70 8
70 13
70 17
70 21
70 23
70 27
70 31
70 34
70 36
70 37
70 39
70 42
70 43
70 44
70 48
70 49
70 53
70 55
70 62
70 64
70 68
70 69
70 71
70 72
70 78
70 81
70 85
70 88
70 91
70 95
70 96
70 99
70 101
70 102
70 105
70 106
70 109
70 110
70 111
70 117
70 122
70 123
70 129
70 131
70 132
70 134
70 137
70 138
70 141
70 142
70 144
70 146
70 147
70 149
70 151
70 152
70 157
70 159
70 162
70 167
70 169
70 171
70 172
70 177
70 178
71 0
71 2
71 4
71 5
71 9
71 10
71 11
71 16
71 18
71 21
71 23
71 28
71 29
71 30
71 31
71 34
71 36
71 37
71 39
71 41
71 44
71 45
71 46
71 47
71 50
71 52
71 55
71 57
71 60
71 61
71 62
71 63
71 64
71 66
71 74
71 75
71 76
71 77
71 81
71 83
71 84
71 85
71 87
71 89
71 91
71 94
71 99
71 100
71 101
71 104
71 106
71 107
71 109
71 114
71 116
71 119
71 122
71 125
71 129
71 130
71 131
71 138
71 140
71 143
71 144
71 150
71 151
71 155
71 157
71 163
71 164
71 165
71 167
71 169
71 173
71 174
72 1
72 3
72 4
72 5
72 6
72 10
72 14
72 17
72 18
72 19
72 23
72 32
72 38
72 41
72 43
72 44
72 46
72 50
72 53
72 54
72 55
72 58
72 59
72 60
72 63
72 65
72 66
72 67
72 68
72 71
72 74
72 77
72 78
72 79
72 83
72 84
72 86
72 87
72 88
72 89
72 90
72 92
72 95
72 97
72 98
72 99
72 101
72 102
72 104
72 106
72 107
72 109
72 110
72 111
72 114
72 115
72 124
72 125
72 127
72 133
72 134
72 135
72 136
72 138
72 139
72 145
72 146
72 147
72 148
72 151
72 153
72 154
72 156
72 158
72 160
72 166
72 167
72 170
72 171
72 174
72 175
72 177
72 178
73 0
73 1
73 4
73 11
73 12
73 14
73 15
73 16
73 19
73 22
73 23
73 24
73 27
73 28
73 29
73 30
73 32
73 33
73 35
73 37
73 38
73 41
73 45
73 46
73 55
73 56
73 58
73 60
73 62
73 67
73 68
73 69
73 70
73 71
73 73
73 74
73 78
73 79
73 84
73 86
73 87
73 88
73 89
73 91
73 103
73 104
73 106
73 108
73 110
73 111
73 115
73 116
73 120
73 121
73 122
73 125
73 132
73 133
73 136
73 140
73 143
73 144
73 147
73 151
73 164
73 167
73 168
73 173
73 175
73 178
73 179
74 1
74 5
74 6
74 7
74 13
74 15
74 16
74 18
74 22
74 23
74 26
74 30
74 32
74 33
74 34
74 35
74 38
74 39
74 44
74 45
74 51
74 53
74 55
74 58
74 59
74 64
74 65
74 67
74 70
74 74
74 78
74 80
74 82
74 85
74 86
74 90
74 92
74 98
74 99
74 102
74 108
74 109
74 112
74 114
74 115
74 118
74 120
74 123
74 130
74 131
74 136
74 137
74 142
74 144
74 145
74 146
74 147
74 148
74 149
74 150
74 152
74 153
74 154
74 155
74 157
74 165
74 172
74 173
74 175
74 179
75 0
75 1
75 2
75 3
75 5
75 8
75 9
75 13
75 16
75 17
75 18
75 22
75 27
75 30
75 35
75 38
75 48
75 50
75 52
75 53
75 57
75 58
75 63
75 65
75 66
75 67
75 68
75 70
75 71
75 74
75 75
75 78
75 81
75 82
75 86
75 87
75 88
75 91
75 93
75 94
75 98
75 99
75 106
75 107
75 108
75 109
75 110
75 112
75 115
75 116
75 118
75 121
75 124
75 128
75 129
75 134
75 135
75 139
75 142
75 143
75 144
75 145
75 146
75 148
75 151
75 152
75 153
75 157
75 159
75 160
75 162
75 163
75 164
75 168
75 169
75 172
75 173
75 175
75 176
75 177
76 17
76 18
76 19
76 23
76 24
76 26
76 29
76 30
76 31
76 32
76 33
76 34
76 36
76 37
76 38
76 41
76 42
76 44
76 47
76 49
76 56
76 61
76 63
76 67
76 68
76 73
76 76
76 83
76 91
76 92
76 94
76 97
76 98
76 101
76 102
76 104
76 107
76 109
76 110
76 112
76 113
76 115
76 117
76 119
76 124
76 128
76 129
76 130
76 131
76 132
76 133
76 136
76 139
76 140
76 141
76 145
76 148
76 149
76 150
76 151
76 152
76 155
76 158
76 160
76 163
76 165
76 169
76 170
76 172
76 173
76 174
76 175
76 178
77 1
77 3
77 4
77 5
77 10
77 12
77 15
77 21
77 23
77 24
77 26
77 27
77 33
77 34
77 35
77 36
77 40
77 42
77 43
77 44
77 46
77 56
77 58
77 59
77 61
77 64
77 68
77 72
77 74
77 80
77 92
77 95
77 96
77 97
77 100
77 101
77 103
77 106
77 107
77 108
77 109
77 118
77 119
77 120
77 121
77 127
77 130
77 133
77 147
77 150
77 151
77 153
77 154
77 160
77 162
77 168
77 170
77 171
77 173
77 174
77 175
77 179
78 0
78 4
78 6
78 7
78 14
78 16
78 17
78 27
78 33
78 35
78 36
78 37
78 42
78 45
78 46
78 52
78 55
78 56
78 57
78 58
78 61
78 65
78 68
78 69
78 72
78 78
78 80
78 83
78 84
78 86
78 89
78 90
78 94
78 95
78 96
78 98
78 103
78 105
78 108
78 110
78 112
78 118
78 123
78 125
78 126
78 128
78 129
78 131
78 132
78 133
78 136
78 138
78 147
78 150
78 152
78 159
78 160
78 161
78 163
78 167
78 168
78 171
78 172
78 174
78 175
78 176
78 177
78 178
78 179
79 0
79 3
79 4
79 7
79 8
79 9
79 11
79 12
79 15
79 16
79 20
79 25
79 26
79 27
79 29
79 32
79 35
79 36
79 40
79 43
79 50
79 54
79 55
79 58
79 62
79 65
79 67
79 74
79 76
79 80
79 82
79 87
79 88
79 92
79 94
79 100
79 102
79 106
79 108
79 113
79 114
79 118
79 120
79 125
79 129
79 132
79 133
79 134
79 136
79 137
79 138
79 139
79 148
79 149
79 151
79 156
79 158
79 159
79 165
79 168
79 169
79 170
79 173
79 174
80 1
80 2
80 6
80 7
80 11
80 12
80 17
80 18
80 19
80 28
80 43
80 44
80 45
80 52
80 53
80 55
80 58
80 59
80 60
80 63
80 64
80 66
80 68
80 69
80 73
80 74
80 75
80 77
80 82
80 85
80 89
80 93
80 103
80 105
80 106
80 110
80 111
80 112
80 115
80 117
80 122
80 128
80 131
80 132
80 133
80 135
80 141
80 143
80 144
80 146
80 147
80 149
80 150
80 152
80 153
80 154
80 160
80 165
80 169
80 174
81 2
81 5
81 6
81 8
81 13
81 14
81 15
81 16
81 17
81 18
81 22
81 24
81 26
81 28
81 37
81 38
81 43
81 46
81 47
81 48
81 49
81 54
81 55
81 56
81 61
81 62
81 64
81 66
81 67
81 69
81 71
81 73
81 74
81 76
81 79
81 83
81 87
81 88
81 89
81 92
81 94
81 98
81 99
81 100
81 103
81 104
81 105
81 107
81 110
81 116
81 118
81 120
81 123
81 124
81 125
81 127
81 134
81 136
81 141
81 143
81 144
81 146
81 148
81 151
81 154
81 156
81 162
81 165
81 167
81 168
81 172
81 175
81 177
81 179
82 0
82 3
82 4
82 5
82 11
82 16
82 17
82 19
82 20
82 21
82 27
82 28
82 30
82 35
82 36
82 37
82 38
82 39
82 41
82 45
82 47
82 49
82 53
82 55
82 59
82 60
82 64
82 65
82 66
82 67
82 69
82 71
82 73
82 77
82 78
82 82
82 85
82 86
82 87
82 93
82 94
82 95
82 102
82 104
82 108
82 110
82 114
82 116
82 117
82 120
82 123
82 125
82 126
82 128
82 131
82 133
82 135
82 136
82 138
82 141
82 142
82 143
82 145
82 146
82 148
82 150
82 151
82 152
82 153
82 161
82 165
82 171
82 172
82 178
83 1
83 2
83 3
83 5
83 7
83 8
83 9
83 11
83 13
83 15
83 18
83 24
83 28
83 29
83 30
83 34
83 35
83 36
83 37
83 39
83 45
83 47
83 48
83 50
83 54
83 55
83 65
83 66
83 70
83 71
83 72
83 75
83 77
83 78
83 79
83 82
83 83
83 90
83 91
83 93
83 94
83 97
83 110
83 111
83 113
83 114
83 115
83 116
83 119
83 121
83 122
83 123
83 125
83 132
83 133
83 138
83 139
83 142
83 144
83 148
83 152
83 153
83 155
83 156
83 158
83 160
83 164
83 165
83 166
83 169
83 170
83 171
83 173
83 174
83 175
83 177
84 1
84 2
84 6
84 8
84 9
84 11
84 12
84 13
84 14
84 15
84 16
84 17
84 23
84 24
84 26
84 27
84 30
84 34
84 36
84 39
84 40
84 41
84 42
84 46
84 49
84 56
84 59
84 64
84 67
84 69
84 70
84 77
84 79
84 81
84 91
84 97
84 100
84 103
84 104
84 111
84 118
84 119
84 121
84 122
84 123
84 124
84 125
84 126
84 127
84 131
84 133
84 134
84 143
84 145
84 146
84 150
84 151
84 152
84 156
84 157
84 158
84 159
84 162
84 163
84 167
84 173
84 174
84 176
84 177
85 3
85 4
85 5
85 7
85 8
85 11
85 12
85 13
85 14
85 16
85 22
85 23
85 24
85 25
85 26
85 27
85 29
85 31
85 32
85 33
85 36
85 37
85 40
85 41
85 43
85 44
85 45
85 50
85 53
85 56
85 61
85 62
85 63
85 71
85 73
85 77
85 79
85 80
85 84
85 85
85 89
85 92
85 94
85 96
85 101
85 105
85 109
85 112
85 115
85 116
85 117
85 118
85 120
85 125
85 126
85 127
85 129
85 130
85 138
85 140
85 141
85 143
85 144
85 147
85 149
85 152
85 153
85 154
85 156
85 158
85 159
85 164
85 167
85 171
85 174
86 1
86 5
86 8
86 11
86 12
86 14
86 16
86 21
86 22
86 26
86 27
86 31
86 36
86 37
86 38
86 41
86 44
86 45
86 50
86 54
86 55
86 57
86 60
86 61
86 64
86 65
86 68
86 70
86 71
86 74
86 75
86 80
86 85
86 87
86 93
86 101
86 103
86 107
86 108
86 110
86 113
86 118
86 119
86 120
86 121
86 123
86 124
86 125
86 127
86 131
86 134
86 136
86 137
86 147
86 149
86 150
86 151
86 152
86 153
86 154
86 156
86 158
86 160
86 161
86 164
86 167
86 171
86 178
86 179
87 1
87 3
87 5
87 6
87 8
87 11
87 12
87 13
87 14
87 19
87 20
87 22
87 24
87 25
87 26
87 29
87 30
87 31
87 33
87 36
87 40
87 42
87 43
87 50
87 54
87 58
87 59
87 60
87 64
87 67
87 68
87 70
87 73
87 83
87 84
87 89
87 90
87 91
87 94
87 95
87 96
87 98
87 99
87 100
87 104
87 106
87 110
87 113
87 115
87 116
87 118
87 119
87 120
87 121
87 123
87 124
87 128
87 129
87 131
87 133
87 134
87 139
87 140
87 143
87 144
87 147
87 149
87 150
87 155
87 157
87 158
87 159
87 164
87 169
87 170
87 173
87 176
87 179
88 0
88 3
88 4
88 6
88 8
88 9
88 10
88 11
88 18
88 21
88 26
88 27
88 28
88 30
88 32
88 34
88 35
88 38
88 41
88 46
88 47
88 51
88 53
88 55
88 65
88 67
88 80
88 85
88 86
88 90
88 92
88 94
88 97
88 101
88 102
88 104
88 106
88 107
88 110
88 112
88 114
88 115
88 117
88 119
88 123
88 126
88 128
88 130
88 131
88 134
88 135
88 137
88 138
88 142
88 144
88 146
88 152
88 157
88 160
88 163
88 166
88 167
88 168
88 170
88 171
88 172
88 178
89 0
89 1
89 2
89 4
89 5
89 6
89 11
89 16
89 17
89 18
89 19
89 26
89 33
89 35
89 37
89 38
89 41
89 43
89 46
89 48
89 49
89 50
89 52
89 54
89 55
89 58
89 61
89 62
89 75
89 76
89 80
89 83
89 85
89 86
89 88
89 89
89 91
89 95
89 97
89 99
89 105
89 110
89 111
89 114
89 115
89 116
89 122
89 123
89 124
89 130
89 133
89 136
89 137
89 141
89 142
89 143
89 144
89 149
89 151
89 156
89 161
89 167
89 171
89 175
89 178
90 2
90 4
90 6
90 10
90 17
90 19
90 24
90 28
90 29
90 30
90 31
90 33
90 34
90 35
90 37
90 38
90 39
90 40
90 46
90 47
90 52
90 55
90 62
90 64
90 69
90 72
90 73
90 79
90 80
90 81
90 82
90 85
90 87
90 92
90 94
90 97
90 98
90 99
90 101
90 105
90 106
90 107
90 110
90 116
90 117
90 118
90 123
90 126
90 127
90 131
90 132
90 135
90 138
90 141
90 145
90 146
90 147
90 148
90 150
90 155
90 156
90 157
90 158
90 160
90 162
90 163
90 166
90 170
90 172
90 174
90 177
90 178
91 4
91 5
91 8
91 9
91 10
91 11
91 13
91 14
91 15
91 18
91 22
91 24
91 26
91 31
91 34
91 41
91 42
91 44
91 45
91 49
91 51
91 54
91 57
91 60
91 67
91 71
91 73
91 74
91 77
91 80
91 82
91 83
91 85
91 90
91 99
91 100
91 102
91 103
91 104
91 105
91 107
91 112
91 113
91 114
91 115
91 125
91 127
91 131
91 134
91 137
91 139
91 140
91 141
91 143
91 144
91 145
91 146
91 151
91 153
91 154
91 159
91 163
91 165
91 169
91 171
91 174
91 176
92 8
92 9
92 14
92 15
92 20
92 25
92 31
92 32
92 36
92 37
92 38
92 43
92 44
92 51
92 52
92 53
92 54
92 55
92 56
92 57
92 59
92 60
92 62
92 64
92 66
92 68
92 74
92 75
92 80
92 81
92 82
92 85
92 87
92 92
92 93
92 97
92 101
92 102
92 103
92 110
92 111
92 112
92 113
92 118
92 123
92 124
92 127
92 128
92 129
92 131
92 132
92 135
92 136
92 138
92 139
92 140
92 141
92 142
92 144
92 146
92 148
92 150
92 151
92 152
92 155
92 156
92 159
92 164
92 171
92 172
92 173
92 174
93 1
93 4
93 5
93 9
93 13
93 15
93 25
93 30
93 31
93 37
93 39
93 40
93 43
93 46
93 47
93 50
93 52
93 53
93 55
93 60
93 61
93 64
93 65
93 67
93 70
93 71
93 72
93 75
93 76
93 77
93 79
93 81
93 82
93 89
93 95
93 96
93 98
93 103
93 106
93 113
93 118
93 119
93 121
93 123
93 130
93 134
93 136
93 138
93 140
93 142
93 146
93 148
93 151
93 153
93 154
93 156
93 158
93 160
93 163
93 168
93 171
93 173
93 174
93 175
94 1
94 8
94 9
94 10
94 11
94 12
94 17
94 20
94 22
94 25
94 26
94 28
94 40
94 49
94 51
94 52
94 53
94 56
94 58
94 67
94 69
94 71
94 75
94 77
94 79
94 81
94 82
94 84
94 86
94 90
94 93
94 94
94 96
94 101
94 103
94 105
94 107
94 110
94 112
94 113
94 116
94 119
94 121
94 122
94 123
94 131
94 132
94 134
94 135
94 141
94 146
94 149
94 153
94 154
94 155
94 157
94 158
94 161
94 162
94 165
94 166
94 171
94 172
94 173
94 174
94 175
95 1
95 3
95 6
95 7
95 15
95 25
95 26
95 27
95 28
95 32
95 34
95 35
95 37
95 42
95 44
95 46
95 47
95 48
95 52
95 56
95 60
95 65
95 70
95 72
95 75
95 77
95 80
95 82
95 83
95 84
95 86
95 87
95 90
95 95
95 96
95 98
95 100
95 103
95 105
95 109
95 114
95 115
95 116
95 118
95 121
95 124
95 125
95 127
95 129
95 130
95 134
95 135
95 138
95 139
95 140
95 141
95 143
95 145
95 147
95 149
95 152
95 153
95 155
95 158
95 160
95 163
95 170
95 173
95 175
95 178
96 0
96 2
96 5
96 9
96 14
96 15
96 22
96 23
96 24
96 25
96 26
96 33
96 35
96 39
96 40
96 44
96 49
96 52
96 56
96 58
96 62
96 65
96 67
96 70
96 74
96 76
96 78
96 81
96 84
96 93
96 94
96 101
96 104
96 105
96 108
96 112
96 113
96 114
96 117
96 119
96 125
96 126
96 129
96 130
96 141
96 142
96 149
96 150
96 151
96 155
96 157
96 160
96 162
96 165
96 168
96 169
96 172
96 173
96 174
96 175
96 177
96 179
97 1
97 6
97 7
97 9
97 10
97 27
97 37
97 41
97 42
97 45
97 46
97 48
97 50
97 51
97 53
97 54
97 59
97 60
97 61
97 62
97 63
97 64
97 65
97 66
97 67
97 69
97 72
97 73
97 77
97 78
97 85
97 86
97 88
97 89
97 94
97 95
97 100
97 105
97 106
97 108
97 114
97 123
97 126
97 127
97 135
97 137
97 140
97 141
97 142
97 144
97 146
97 147
97 151
97 152
97 157
97 161
97 163
97 164
97 166
97 167
97 170
97 171
97 173
97 177
98 0
98 2
98 3
98 13
98 18
98 19
98 22
98 23
98 24
98 26
98 28
98 33
98 36
98 38
98 39
98 40
98 42
98 43
98 50
98 52
98 53
98 57
98 62
98 63
98 64
98 65
98 66
98 68
98 72
98 73
98 77
98 78
98 81
98 92
98 94
98 95
98 96
98 99
98 102
98 103
98 104
98 106
98 107
98 108
98 115
98 116
98 120
98 122
98 125
98 128
98 130
98 132
98 134
98 142
98 145
98 146
98 148
98 150
98 151
98 154
98 156
98 157
98 160
98 162
98 166
98 169
98 176
98 177
98 178
98 179
99 1
99 3
99 4
99 6
99 7
99 8
99 9
99 12
99 13
99 18
99 21
99 24
99 27
99 28
99 29
99 33
99 34
99 38
99 39
99 41
99 42
99 45
99 46
99 47
99 49
99 50
99 56
99 58
99 72
99 74
99 75
99 79
99 81
99 84
99 90
99 91
99 93
99 103
99 105
99 106
99 107
99 109
99 110
99 113
99 115
99 116
99 118
99 119
99 121
99 125
99 128
99 129
99 132
99 142
99 145
99 146
99 147
99 149
99 155
99 156
99 159
99 160
99 161
99 162
99 169
99 170
99 171
99 173
99 174
99 175
99 176
100 1
100 2
100 3
100 4
100 5
100 6
100 7
100 8
100 10
100 11
100 15
100 17
100 18
100 20
100 23
100 25
100 27
100 32
100 33
100 36
100 39
100 41
100 44
100 45
100 46
100 50
100 51
100 53
100 54
100 55
100 56
100 58
100 59
100 60
100 62
100 63
100 64
100 65
100 67
100 72
100 73
100 78
100 81
100 83
100 85
100 86
100 88
100 92
100 95
100 96
100 99
100 101
100 103
100 104
100 105
100 110
100 113
100 114
100 117
100 121
100 128
100 130
100 135
100 136
100 137
100 140
100 142
100 143
100 146
100 148
100 151
100 158
100 167
100 168
100 170
100 172
100 173
100 174
100 176
100 177
101 1
101 3
101 5
101 9
101 10
101 11
101 14
101 16
101 24
101 26
101 36
101 37
101 42
101 43
101 44
101 46
101 48
101 50
101 52
101 53
101 54
101 58
101 60
101 62
101 64
101 68
101 71
101 74
101 76
101 78
101 80
101 82
101 85
101 87
101 88
101 89
101 93
101 94
101 95
101 96
101 97
101 100
101 102
101 104
101 106
101 108
101 110
101 115
101 119
101 121
101 122
101 124
101 125
101 126
101 128
101 131
101 133
101 138
101 139
101 140
101 145
101 147
101 151
101 153
101 155
101 156
101 157
101 158
101 159
101 160
101 162
101 164
101 165
101 166
101 167
101 169
101 171
101 174
101 177
101 178
101 179
102 2
102 6
102 9
102 20
102 24
102 28
102 33
102 34
102 36
102 37
102 38
102 41
102 44
102 45
102 47
102 50
102 54
102 59
102 60
102 61
102 63
102 65
102 71
102 72
102 73
102 74
102 75
102 78
102 79
102 80
102 89
102 90
102 93
102 94
102 97
102 102
102 104
102 105
102 111
102 112
102 113
102 115
102 119
102 121
102 123
102 124
102 127
102 128
102 131
102 132
102 133
102 136
102 138
102 140
102 142
102 144
102 148
102 149
102 150
102 151
102 153
102 154
102 158
102 161
102 162
102 163
102 170
102 171
102 172
102 173
102 174
102 177
102 179
103 0
103 1
103 2
103 4
103 13
103 22
103 23
103 26
103 28
103 30
103 32
103 33
103 34
103 35
103 42
103 43
103 45
103 49
103 51
103 52
103 55
103 56
103 57
103 58
103 63
103 67
103 68
103 69
103 72
103 73
103 75
103 77
103 78
103 81
103 85
103 94
103 98
103 99
103 104
103 106
103 107
103 108
103 109
103 113
103 115
103 118
103 119
103 126
103 131
103 132
103 138
103 140
103 141
103 145
103 148
103 149
103 151
103 156
103 163
103 165
103 167
103 170
103 175
103 176
104 1
104 2
104 3
104 7
104 10
104 12
104 13
104 16
104 18
104 20
104 23
104 25
104 26
104 28
104 30
104 33
104 37
104 39
104 46
104 48
104 49
104 50
104 51
104 52
104 53
104 60
104 62
104 68
104 70
104 72
104 73
104 74
104 76
104 77
104 79
104 83
104 85
104 87
104 89
104 93
104 95
104 96
104 100
104 101
104 103
104 105
104 106
104 110
104 111
104 112
104 115
104 120
104 124
104 126
104 127
104 128
104 130
104 131
104 135
104 137
104 138
104 139
104 140
104 148
104 150
104 153
104 154
104 157
104 159
104 160
104 161
104 162
104 163
104 166
104 167
104 169
104 172
104 173
104 175
104 178
105 2
105 7
105 8
105 13
105 14
105 16
105 17
105 19
105 21
105 22
105 24
105 25
105 26
105 27
105 29
105 32
105 35
105 38
105 39
105 41
105 42
105 44
105 46
105 48
105 49
105 55
105 57
105 58
105 62
105 65
105 69
105 73
105 75
105 78
105 79
105 82
105 87
105 88
105 93
105 94
105 95
105 96
105 97
105 101
105 106
105 109
105 116
105 117
105 118
105 119
105 120
105 132
105 135
105 136
105 138
105 144
105 147
105 148
105 149
105 151
105 153
105 154
105 158
105 162
105 165
105 169
105 170
105 172
105 174
105 176
106 1
106 2
106 3
106 6
106 7
106 12
106 13
106 17
106 19
106 20
106 24
106 29
106 30
106 31
106 34
106 40
106 41
106 48
106 52
106 54
106 56
106 58
106 59
106 60
106 62
106 64
106 71
106 72
106 74
106 75
106 76
106 78
106 81
106 82
106 83
106 85
106 89
106 90
106 93
106 94
106 95
106 96
106 97
106 98
106 100
106 101
106 102
106 103
106 104
106 105
106 107
106 108
106 110
106 113
106 114
106 120
106 121
106 125
106 129
106 131
106 132
106 135
106 137
106 139
106 141
106 150
106 151
106 159
106 163
106 168
106 169
106 174
106 175
106 177
106 178
106 179
107 0
107 4
107 5
107 8
107 10
107 12
107 13
107 14
107 15
107 16
107 18
107 20
107 22
107 23
107 25
107 26
107 29
107 38
107 41
107 47
107 53
107 54
107 55
107 58
107 60
107 61
107 63
107 65
107 66
107 70
107 71
107 74
107 76
107 79
107 80
107 81
107 82
107 85
107 86
107 87
107 88
107 89
107 95
107 97
107 98
107 102
107 107
107 108
107 109
107 110
107 114
107 115
107 116
107 117
107 120
107 121
107 122
107 123
107 124
107 125
107 128
107 132
107 134
107 136
107 139
107 141
107 142
107 147
107 150
107 151
107 160
107 162
107 164
107 167
107 169
107 170
107 171
107 172
107 174
108 2
108 4
108 5
108 7
108 8
108 10
108 11
108 14
108 18
108 25
108 27
108 30
108 34
108 40
108 41
108 46
108 50
108 51
108 52
108 55
108 63
108 64
108 70
108 71
108 73
108 74
108 76
108 77
108 79
108 80
108 83
108 87
108 88
108 90
108 92
108 100
108 101
108 105
108 107
108 110
108 111
108 114
108 117
108 118
108 119
108 121
108 123
108 124
108 125
108 127
108 128
108 130
108 132
108 133
108 134
108 136
108 143
108 145
108 147
108 148
108 149
108 150
108 151
108 155
108 158
108 159
108 160
108 162
108 163
108 165
108 167
108 170
108 171
108 173
108 175
108 178
109 3
109 5
109 6
109 7
109 11
109 12
109 14
109 16
109 19
109 20
109 30
109 32
109 34
109 37
109 38
109 43
109 46
109 50
109 51
109 53
109 61
109 65
109 66
109 67
109 69
109 73
109 74
109 78
109 79
109 82
109 86
109 89
109 90
109 92
109 97
109 98
109 99
109 100
109 102
109 103
109 105
109 107
109 110
109 111
109 112
109 117
109 118
109 121
109 122
109 124
109 127
109 129
109 130
109 132
109 134
109 135
109 145
109 146
109 147
109 148
109 152
109 154
109 155
109 160
109 161
109 162
109 164
109 165
109 166
109 170
109 173
110 0
110 5
110 6
110 10
110 12
110 21
110 25
110 31
110 35
110 37
110 38
110 40
110 41
110 43
110 49
110 60
110 62
110 63
110 65
110 66
110 67
110 68
110 69
110 70
110 74
110 77
110 79
110 80
110 83
110 85
110 86
110 89
110 90
110 91
110 94
110 96
110 97
110 98
110 99
110 100
110 105
110 107
110 108
110 111
110 118
110 120
110 123
110 131
110 132
110 133
110 136
110 137
110 144
110 145
110 151
110 152
110 158
110 159
110 161
110 163
110 164
110 166
110 167
110 170
110 172
110 173
110 175
110 178
111 0
111 3
111 7
111 9
111 11
111 12
111 18
111 20
111 22
111 23
111 25
111 29
111 30
111 34
111 36
111 37
111 41
111 42
111 44
111 47
111 48
111 58
111 59
111 60
111 61
111 64
111 73
111 76
111 78
111 83
111 85
111 93
111 96
111 98
111 102
111 105
111 109
111 110
111 111
111 113
111 121
111 123
111 124
111 126
111 128
111 129
111 131
111 135
111 137
111 138
111 142
111 144
111 146
111 147
111 151
111 152
111 153
111 156
111 157
111 158
111 166
111 171
111 172
111 174
111 175
112 4
112 9
112 15
112 17
112 18
112 21
112 25
112 26
112 28
112 29
112 31
112 34
112 35
112 36
112 37
112 39
112 41
112 43
112 44
112 45
112 53
112 55
112 58
112 62
112 63
112 64
112 66
112 67
112 70
112 71
112 72
112 75
112 76
112 77
112 79
112 82
112 83
112 86
112 87
112 88
112 89
112 90
112 91
112 92
112 93
112 94
112 95
112 96
112 101
112 102
112 103
112 104
112 109
112 110
112 113
112 114
112 116
112 117
112 124
112 126
112 129
112 130
112 132
112 138
112 142
112 143
112 146
112 149
112 160
112 162
112 163
112 166
112 168
112 173
112 176
112 179
113 3
113 6
113 12
113 14
113 15
113 18
113 19
113 20
113 23
113 25
113 31
113 33
113 34
113 35
113 39
113 46
113 52
113 57
113 62
113 73
113 75
113 76
113 78
113 89
113 90
113 91
113 92
113 97
113 98
113 103
113 104
113 108
113 111
113 112
113 113
113 115
113 119
113 124
113 128
113 130
113 131
113 136
113 140
113 142
113 143
113 145
113 146
113 147
113 148
113 150
113 151
113 153
113 154
113 157
113 161
113 162
113 163
113 165
113 171
113 172
113 176
113 178
113 179
114 0
114 1
114 5
114 7
114 10
114 14
114 15
114 16
114 25
114 29
114 36
114 37
114 38
114 41
114 45
114 48
114 49
114 55
114 56
114 57
114 60
114 63
114 65
114 67
114 68
114 72
114 76
114 79
114 81
114 85
114 86
114 88
114 90
114 94
114 95
114 96
114 99
114 102
114 106
114 107
114 109
114 114
114 115
114 122
114 127
114 130
114 132
114 134
114 135
114 138
114 140
114 141
114 142
114 144
114 148
114 150
114 153
114 154
114 155
114 157
114 158
114 161
114 163
114 164
114 166
114 167
114 177
114 178
115 1
115 3
115 4
115 5
115 6
115 14
115 17
115 19
115 22
115 23
115 26
115 29
115 34
115 35
115 37
115 41
115 43
115 47
115 48
115 51
115 53
115 55
115 58
115 64
115 66
115 67
115 75
115 81
115 83
115 84
115 85
115 87
115 90
115 91
115 93
115 97
115 100
115 101
115 104
115 105
115 107
115 110
115 114
115 115
115 117
115 119
115 122
115 124
115 127
115 129
115 130
115 135
115 136
115 137
115 140
115 143
115 144
115 146
115 149
115 150
115 152
115 155
115 156
115 159
115 164
115 165
115 167
115 169
115 173
115 174
115 179
116 0
116 1
116 3
116 6
116 7
116 10
116 11
116 22
116 23
116 26
116 30
116 31
116 35
116 36
116 38
116 40
116 43
116 44
116 45
116 46
116 47
116 48
116 49
116 51
116 63
116 64
116 67
116 69
116 70
116 71
116 72
116 74
116 75
116 79
116 83
116 84
116 85
116 86
116 88
116 89
116 90
116 93
116 97
116 98
116 99
116 100
116 101
116 102
116 108
116 110
116 111
116 112
116 118
116 119
116 120
116 123
116 124
116 125
116 126
116 127
116 128
116 129
116 130
116 131
116 132
116 134
116 138
116 139
116 141
116 143
116 144
116 146
116 153
116 154
116 156
116 158
116 164
116 165
116 168
116 169
116 170
116 171
116 173
116 178
117 0
117 1
117 3
117 4
117 5
117 7
117 11
117 12
117 16
117 17
117 18
117 20
117 22
117 25
117 26
117 28
117 29
117 30
117 33
117 34
117 40
117 41
117 44
117 46
117 58
117 59
117 63
117 71
117 72
117 75
117 77
117 78
117 82
117 84
117 87
117 91
117 95
117 97
117 104
117 106
117 107
117 109
117 111
117 120
117 121
117 122
117 123
117 128
117 130
117 131
117 134
117 137
117 138
117 139
117 140
117 142
117 143
117 144
117 146
117 150
117 151
117 154
117 156
117 158
117 161
117 162
117 163
117 165
117 167
117 169
117 172
117 174
117 176
117 177
117 178
118 0
118 3
118 4
118 6
118 7
118 9
118 12
118 15
118 16
118 20
118 22
118 23
118 24
118 27
118 33
118 38
118 40
118 42
118 43
118 44
118 47
118 51
118 53
118 56
118 57
118 62
118 64
118 65
118 67
118 69
118 70
118 72
118 73
118 75
118 79
118 81
118 83
118 85
118 87
118 91
118 93
118 94
118 98
118 99
118 103
118 104
118 105
118 107
118 108
118 110
118 111
118 125
118 128
118 129
118 132
118 137
118 140
118 143
118 145
118 146
118 150
118 151
118 153
118 154
118 158
118 159
118 162
118 163
118 168
118 172
118 173
118 175
118 176
118 177
118 179
119 4
119 5
119 7
119 9
119 12
119 13
119 14
119 17
119 19
119 20
119 23
119 24
119 26
119 28
119 31
119 35
119 43
119 44
119 46
119 47
119 50
119 53
119 56
119 57
119 58
119 61
119 66
119 67
119 69
119 70
119 72
119 73
119 74
119 75
119 84
119 85
119 86
119 87
119 88
119 89
119 92
119 97
119 101
119 103
119 106
119 108
119 109
119 110
119 114
119 116
119 118
119 120
119 123
119 130
119 134
119 135
119 140
119 142
119 143
119 146
119 147
119 148
119 149
119 151
119 158
119 160
119 162
119 166
119 170
119 173
119 174
119 175
119 176
119 177
119 178
120 4
120 7
120 11
120 18
120 24
120 27
120 28
120 29
120 35
120 37
120 43
120 44
120 49
120 66
120 67
120 72
120 77
120 79
120 80
120 83
120 85
120 86
120 87
120 89
120 91
120 92
120 93
120 94
120 95
120 97
120 98
120 100
120 101
120 102
120 108
120 109
120 113
120 114
120 117
120 118
120 119
120 124
120 128
120 129
120 131
120 133
120 135
120 136
120 137
120 139
120 140
120 141
120 145
120 146
120 147
120 151
120 167
120 171
120 175
120 177
121 1
121 2
121 3
121 4
121 9
121 12
121 13
121 15
121 23
121 24
121 25
121 27
121 30
121 31
121 33
121 36
121 37
121 38
121 45
121 47
121 51
121 54
121 56
121 57
121 59
121 60
121 62
121 66
121 69
121 72
121 76
121 77
121 79
121 81
121 84
121 86
121 87
121 88
121 90
121 91
121 94
121 97
121 98
121 99
121 100
121 101
121 103
121 109
121 110
121 114
121 115
121 117
121 119
121 124
121 127
121 128
121 134
121 135
121 138
121 141
121 145
121 148
121 149
121 152
121 154
121 162
121 163
121 165
121 166
121 168
121 169
121 170
121 177
121 178
121 179
122 2
122 3
122 4
122 8
122 15
122 17
122 20
122 22
122 24
122 27
122 28
122 29
122 30
122 32
122 33
122 34
122 35
122 37
122 38
122 39
122 42
122 44
122 48
122 49
122 52
122 53
122 54
122 55
122 56
122 58
122 59
122 60
122 65
122 69
122 71
122 75
122 78
122 80
122 84
122 85
122 88
122 89
122 90
122 91
122 92
122 101
122 103
122 107
122 111
122 114
122 116
122 118
122 119
122 124
122 128
122 130
122 135
122 137
122 138
122 139
122 142
122 145
122 147
122 150
122 154
122 155
122 157
122 158
122 159
122 162
122 163
122 166
122 170
122 172
122 173
122 176
122 177
122 178
123 1
123 2
123 3
123 4
123 6
123 7
123 9
123 14
123 15
123 17
123 20
123 21
123 22
123 24
123 26
123 28
123 31
123 32
123 33
123 34
123 35
123 41
123 42
123 45
123 57
123 64
123 65
123 67
123 68
123 72
123 75
123 77
123 79
123 82
123 83
123 84
123 89
123 91
123 97
123 99
123 101
123 102
123 105
123 108
123 109
123 110
123 114
123 121
123 123
123 126
123 129
123 130
123 133
123 143
123 145
123 148
123 149
123 150
123 151
123 154
123 156
123 157
123 159
123 161
123 162
123 166
123 175
123 178
124 4
124 5
124 9
124 12
124 18
124 21
124 27
124 31
124 32
124 33
124 39
124 42
124 45
124 46
124 47
124 54
124 55
124 63
124 64
124 70
124 71
124 73
124 80
124 84
124 85
124 87
124 90
124 91
124 93
124 95
124 96
124 97
124 101
124 102
124 109
124 112
124 115
124 116
124 122
124 123
124 129
124 131
124 135
124 136
124 137
124 139
124 143
124 148
124 159
124 161
124 162
124 165
124 166
124 171
124 173
124 174
124 179
125 0
125 2
125 4
125 5
125 7
125 8
125 10
125 14
125 18
125 19
125 21
125 23
125 24
125 30
125 32
125 34
125 35
125 36
125 43
125 44
125 45
125 47
125 55
125 58
125 64
125 65
125 66
125 70
125 71
125 75
125 76
125 77
125 78
125 80
125 81
125 82
125 84
125 86
125 90
125 97
125 99
125 100
125 101
125 104
125 105
125 106
125 109
125 110
125 111
125 113
125 114
125 115
125 116
125 117
125 123
125 124
125 125
125 126
125 127
125 128
125 129
125 130
125 132
125 136
125 137
125 148
125 149
125 151
125 153
125 154
125 155
125 160
125 164
125 165
125 166
125 168
125 169
125 170
125 171
125 177
126 0
126 1
126 2
126 9
126 10
126 12
126 16
126 17
126 27
126 31
126 32
126 34
126 38
126 39
126 41
126 42
126 44
126 48
126 51
126 52
126 59
126 61
126 64
126 67
126 69
126 70
126 75
126 80
126 90
126 91
126 93
126 98
126 99
126 105
126 106
126 111
126 115
126 116
126 118
126 119
126 122
126 125
126 126
126 128
126 129
126 135
126 138
126 141
126 143
126 145
126 149
126 150
126 151
126 152
126 157
126 158
126 160
126 165
126 166
126 167
126 168
126 170
126 172
126 174
126 175
127 4
127 5
127 7
127 8
127 9
127 10
127 15
127 16
127 17
127 18
127 19
127 20
127 21
127 24
127 25
127 26
127 28
127 30
127 31
127 32
127 33
127 38
127 39
127 40
127 41
127 51
127 57
127 61
127 62
127 64
127 65
127 66
127 68
127 70
127 71
127 72
127 74
127 75
127 79
127 80
127 87
127 88
127 92
127 94
127 95
127 97
127 100
127 101
127 104
127 107
127 108
127 109
127 110
127 111
127 113
127 116
127 117
127 121
127 122
127 125
127 132
127 136
127 137
127 138
127 145
127 146
127 148
127 151
127 153
127 154
127 157
127 158
127 165
127 170
127 172
127 173
127 175
128 0
128 1
128 3
128 4
128 7
128 10
128 13
128 19
128 20
128 24
128 25
128 26
128 30
128 31
128 36
128 39
128 42
128 43
128 47
128 52
128 53
128 54
128 56
128 57
128 59
128 61
128 63
128 64
128 66
128 68
128 73
128 75
128 78
128 80
128 81
128 83
128 89
128 99
128 101
128 103
128 106
128 107
128 109
128 110
128 114
128 115
128 117
128 120
128 121
128 123
128 124
128 128
128 129
128 131
128 132
128 140
128 143
128 147
128 150
128 151
128 153
128 155
128 156
128 157
128 160
128 161
128 164
128 165
128 166
128 167
128 169
128 171
128 172
128 177
129 0
129 1
129 5
129 6
129 13
129 19
129 20
129 22
129 26
129 29
129 38
129 39
129 40
129 45
129 49
129 50
129 59
129 63
129 65
129 66
129 69
129 71
129 77
129 78
129 81
129 83
129 84
129 86
129 87
129 92
129 94
129 95
129 97
129 98
129 99
129 101
129 104
129 106
129 107
129 108
129 111
129 117
129 119
129 120
129 121
129 124
129 125
129 130
129 134
129 136
129 137
129 141
129 144
129 147
129 151
129 153
129 154
129 158
129 161
129 169
129 170
129 173
129 177
129 178
129 179
130 0
130 2
130 4
130 6
130 9
130 10
130 11
130 12
130 14
130 15
130 17
130 27
130 28
130 34
130 36
130 39
130 40
130 43
130 48
130 53
130 58
130 60
130 64
130 68
130 71
130 76
130 80
130 81
130 83
130 85
130 86
130 89
130 93
130 94
130 96
130 98
130 99
130 101
130 102
130 104
130 105
130 109
130 113
130 118
130 119
130 120
130 122
130 123
130 124
130 125
130 126
130 127
130 128
130 131
130 132
130 135
130 139
130 140
130 142
130 143
130 145
130 147
130 150
130 153
130 156
130 158
130 159
130 164
130 166
130 170
130 173
130 174
130 176
130 178
130 179
131 0
131 3
131 4
131 9
131 14
131 16
131 17
131 19
131 21
131 23
131 25
131 27
131 28
131 29
131 33
131 45
131 46
131 49
131 55
131 56
131 58
131 66
131 67
131 69
131 70
131 71
131 72
131 76
131 79
131 85
131 86
131 88
131 90
131 91
131 94
131 96
131 97
131 98
131 99
131 105
131 107
131 111
131 112
131 113
131 117
131 118
131 120
131 124
131 131
131 133
131 136
131 140
131 141
131 142
131 146
131 148
131 150
131 151
131 152
131 159
131 160
131 161
131 162
131 165
131 168
131 169
131 174
131 175
131 179
132 0
132 13
132 14
132 15
132 19
132 21
132 24
132 26
132 29
132 30
132 32
132 36
132 38
132 39
132 40
132 42
132 43
132 45
132 48
132 50
132 51
132 52
132 55
132 60
132 61
132 63
132 64
132 65
132 66
132 68
132 69
132 72
132 73
132 79
132 80
132 82
132 85
132 87
132 90
132 93
132 95
132 96
132 97
132 100
132 103
132 107
132 112
132 113
132 114
132 116
132 117
132 119
132 121
132 123
132 125
132 127
132 129
132 130
132 133
132 134
132 136
132 137
132 138
132 139
132 140
132 142
132 143
132 144
132 148
132 149
132 151
132 155
132 156
132 160
132 161
132 162
132 164
132 169
132 171
132 173
132 175
132 176
132 177
133 0
133 2
133 3
133 6
133 10
133 12
133 15
133 16
133 18
133 19
133 21
133 22
133 23
133 25
133 34
133 36
133 37
133 49
133 53
133 54
133 57
133 62
133 63
133 64
133 66
133 67
133 68
133 69
133 71
133 73
133 74
133 75
133 76
133 77
133 82
133 84
133 85
133 92
133 93
133 94
133 98
133 99
133 100
133 102
133 103
133 104
133 107
133 109
133 115
133 116
133 122
133 123
133 128
133 129
133 130
133 132
133 133
133 136
133 137
133 138
133 139
133 140
133 141
133 142
133 143
133 146
133 149
133 152
133 162
133 163
133 165
133 169
133 171
133 173
133 176
133 178
134 7
134 8
134 9
134 16
134 18
134 21
134 22
134 28
134 31
134 34
134 39
134 40
134 41
134 42
134 44
134 49
134 53
134 55
134 56
134 60
134 61
134 62
134 65
134 66
134 67
134 68
134 69
134 71
134 75
134 80
134 82
134 85
134 86
134 87
134 99
134 100
134 104
134 109
134 110
134 115
134 116
134 119
134 120
134 121
134 123
134 125
134 126
134 129
134 130
134 136
134 138
134 141
134 145
134 151
134 153
134 154
134 155
134 158
134 159
134 162
134 164
134 165
134 169
134 170
134 172
134 175
134 176
134 177
134 178
135 0
135 1
135 2
135 3
135 5
135 6
135 7
135 8
135 9
135 15
135 19
135 20
135 22
135 26
135 36
135 38
135 40
135 46
135 48
135 50
135 51
135 52
135 53
135 55
135 57
135 66
135 68
135 70
135 71
135 74
135 75
135 77
135 80
135 81
135 83
135 91
135 94
135 98
135 103
135 104
135 113
135 114
135 117
135 118
135 119
135 120
135 121
135 122
135 124
135 127
135 128
135 131
135 133
135 135
135 136
135 141
135 145
135 146
135 151
135 152
135 153
135 154
135 157
135 161
135 163
135 169
135 172
135 176
135 177
135 178
135 179
136 0
136 3
136 4
136 9
136 11
136 12
136 14
136 15
136 16
136 18
136 21
136 22
136 25
136 28
136 29
136 30
136 32
136 33
136 34
136 39
136 40
136 42
136 43
136 50
136 54
136 57
136 60
136 61
136 62
136 64
136 67
136 68
136 70
136 73
136 75
136 77
136 78
136 79
136 80
136 81
136 83
136 87
136 89
136 90
136 91
136 94
136 98
136 100
136 101
136 103
136 104
136 105
136 107
136 109
136 112
136 114
136 118
136 119
136 123
136 124
136 126
136 127
136 129
136 133
136 136
136 139
136 144
136 146
136 147
136 152
136 153
136 159
136 163
136 164
136 167
136 170
136 172
136 174
136 175
136 176
136 177
136 178
137 0
137 1
137 3
137 5
137 8
137 11
137 16
137 21
137 22
137 24
137 26
137 30
137 31
137 35
137 37
137 38
137 39
137 41
137 42
137 45
137 47
137 48
137 49
137 53
137 55
137 57
137 61
137 62
137 64
137 66
137 68
137 70
137 71
137 77
137 79
137 81
137 84
137 85
137 88
137 89
137 90
137 92
137 93
137 95
137 98
137 105
137 107
137 109
137 111
137 113
137 114
137 115
137 116
137 117
137 119
137 122
137 124
137 125
137 126
137 127
137 139
137 142
137 143
137 144
137 145
137 148
137 152
137 155
137 156
137 159
137 166
137 167
137 169
137 176
137 177
137 179
138 4
138 13
138 15
138 16
138 19
138 20
138 21
138 27
138 31
138 35
138 36
138 38
138 39
138 44
138 45
138 47
138 48
138 50
138 51
138 52
138 53
138 54
138 60
138 62
138 63
138 66
138 68
138 69
138 78
138 85
138 87
138 88
138 89
138 90
138 91
138 92
138 95
138 100
138 102
138 103
138 104
138 108
138 112
138 116
138 117
138 119
138 123
138 126
138 128
138 129
138 131
138 134
138 135
138 139
138 141
138 142
138 146
138 147
138 148
138 149
138 151
138 152
138 154
138 155
138 156
138 162
138 163
138 166
138 169
138 172
138 173
139 0
139 1
139 4
139 6
139 10
139 11
139 13
139 14
139 15
139 16
139 17
139 19
139 23
139 27
139 29
139 30
139 32
139 38
139 39
139 40
139 46
139 48
139 52
139 54
139 57
139 58
139 65
139 67
139 68
139 73
139 74
139 76
139 77
139 78
139 84
139 85
139 88
139 91
139 92
139 93
139 95
139 97
139 98
139 108
139 110
139 112
139 116
139 117
139 121
139 123
139 127
139 130
139 132
139 134
139 138
139 139
139 142
139 145
139 147
139 148
139 149
139 150
139 151
139 153
139 159
139 168
139 169
139 171
139 173
139 175
139 176
140 2
140 3
140 11
140 12
140 13
140 14
140 15
140 16
140 19
140 24
140 25
140 26
140 27
140 29
140 30
140 32
140 41
140 42
140 44
140 45
140 46
140 54
140 56
140 58
140 59
140 61
140 66
140 67
140 68
140 70
140 73
140 75
140 80
140 83
140 84
140 85
140 88
140 90
140 92
140 101
140 104
140 107
140 109
140 120
140 122
140 123
140 131
140 132
140 135
140 137
140 138
140 144
140 147
140 151
140 154
140 160
140 162
140 163
140 165
140 166
140 168
140 170
140 172
140 176
141 0
141 1
141 3
141 8
141 9
141 11
141 15
141 16
141 17
141 18
141 20
141 22
141 24
141 25
141 31
141 32
141 33
141 36
141 41
141 42
141 46
141 51
141 54
141 55
141 57
141 59
141 63
141 66
141 72
141 79
141 82
141 83
141 85
141 90
141 91
141 93
141 96
141 100
141 103
141 104
141 106
141 108
141 113
141 115
141 116
141 117
141 118
141 120
141 122
141 123
141 124
141 125
141 130
141 133
141 139
141 140
141 143
141 144
141 148
141 150
141 152
141 153
141 155
141 157
141 158
141 159
141 161
141 163
141 164
141 166
141 167
141 170
141 175
141 179
142 14
142 16
142 19
142 24
142 25
142 26
142 27
142 28
142 30
142 31
142 36
142 38
142 39
142 44
142 45
142 46
142 50
142 52
142 55
142 56
142 58
142 59
142 60
142 62
142 66
142 67
142 68
142 69
142 71
142 78
142 82
142 84
142 85
142 86
142 87
142 89
142 91
142 92
142 93
142 95
142 100
142 101
142 103
142 106
142 107
142 108
142 113
142 114
142 115
142 118
142 125
142 126
142 128
142 130
142 131
142 134
142 139
142 141
142 143
142 152
142 153
142 156
142 160
142 161
142 163
142 168
142 169
142 171
142 174
142 175
142 176
143 0
143 4
143 6
143 9
143 10
143 11
143 12
143 13
143 14
143 16
143 19
143 24
143 26
143 27
143 30
143 31
143 42
143 43
143 44
143 46
143 54
143 56
143 57
143 58
143 61
143 65
143 67
143 71
143 73
143 74
143 76
143 77
143 78
143 79
143 80
143 82
143 83
143 84
143 86
143 88
143 93
143 94
143 95
143 101
143 102
143 105
143 107
143 108
143 111
143 112
143 114
143 119
143 120
143 121
143 123
143 125
143 126
143 127
143 128
143 129
143 130
143 132
143 134
143 135
143 140
143 141
143 145
143 146
143 147
143 149
143 151
143 153
143 155
143 160
143 165
143 168
143 170
143 174
143 178
143 179
144 4
144 5
144 6
144 7
144 9
144 12
144 16
144 18
144 19
144 21
144 25
144 26
144 27
144 30
144 31
144 32
144 34
144 35
144 37
144 48
144 49
144 54
144 55
144 57
144 58
144 59
144 61
144 62
144 64
144 67
144 69
144 73
144 74
144 75
144 77
144 78
144 81
144 83
144 85
144 92
144 96
144 98
144 99
144 100
144 103
144 110
144 114
144 115
144 117
144 120
144 121
144 123
144 125
144 126
144 138
144 143
144 145
144 146
144 150
144 152
144 156
144 157
144 161
144 165
144 166
144 170
144 172
144 175
144 178
145 0
145 2
145 3
145 4
145 7
145 14
145 18
145 21
145 26
145 27
145 30
145 31
145 36
145 39
145 43
145 44
145 45
145 49
145 50
145 51
145 53
145 56
145 68
145 70
145 75
145 76
145 78
145 87
145 89
145 92
145 94
145 98
145 100
145 103
145 104
145 105
145 106
145 107
145 108
145 111
145 112
145 115
145 116
145 117
145 122
145 124
145 125
145 127
145 128
145 135
145 136
145 138
145 139
145 142
145 151
145 153
145 156
145 157
145 162
145 163
145 165
145 167
145 169
145 170
145 172
145 174
145 175
145 176
146 0
146 1
146 2
146 8
146 9
146 11
146 12
146 14
146 16
146 18
146 19
146 20
146 21
146 22
146 24
146 28
146 31
146 33
146 35
146 38
146 41
146 43
146 45
146 49
146 54
146 55
146 58
146 62
146 66
146 67
146 73
146 74
146 78
146 79
146 80
146 82
146 83
146 84
146 88
146 90
146 91
146 92
146 95
146 99
146 102
146 107
146 108
146 111
146 112
146 114
146 117
146 122
146 123
146 124
146 126
146 132
146 134
146 135
146 145
146 147
146 150
146 156
146 159
146 161
146 162
146 163
146 164
146 168
146 169
146 171
146 175
146 177
146 178
147 0
147 4
147 5
147 12
147 13
147 14
147 18
147 20
147 23
147 24
147 25
147 28
147 29
147 30
147 38
147 40
147 41
147 51
147 52
147 55
147 57
147 59
147 62
147 65
147 68
147 69
147 72
147 76
147 77
147 79
147 81
147 85
147 86
147 87
147 94
147 96
147 100
147 103
147 107
147 109
147 110
147 117
147 119
147 123
147 124
147 125
147 126
147 130
147 136
147 137
147 138
147 140
147 143
147 144
147 148
147 151
147 158
147 161
147 163
147 166
147 167
147 168
147 169
147 171
147 172
147 173
147 174
147 177
148 1
148 4
148 9
148 10
148 15
148 20
148 23
148 24
148 25
148 28
148 29
148 34
148 37
148 41
148 45
148 46
148 47
148 50
148 54
148 55
148 58
148 59
148 60
148 61
148 64
148 66
148 69
148 70
148 72
148 74
148 77
148 81
148 82
148 86
148 88
148 89
148 91
148 92
148 93
148 96
148 101
148 103
148 107
148 113
148 114
148 115
148 117
148 120
148 124
148 126
148 130
148 131
148 132
148 134
148 136
148 137
148 140
148 142
148 144
148 146
148 147
148 149
148 150
148 151
148 152
148 156
148 159
148 162
148 163
148 166
148 168
148 170
148 171
148 173
148 175
148 176
148 177
148 179
149 2
149 4
149 15
149 17
149 18
149 21
149 22
149 24
149 25
149 26
149 27
149 28
149 30
149 33
149 34
149 35
149 37
149 38
149 41
149 44
149 46
149 47
149 51
149 52
149 53
149 55
149 57
149 58
149 59
149 60
149 62
149 63
149 64
149 67
149 71
149 75
149 77
149 78
149 82
149 83
149 87
149 88
149 94
149 96
149 97
149 99
149 100
149 102
149 104
149 106
149 108
149 109
149 110
149 111
149 112
149 114
149 115
149 116
149 117
149 121
149 124
149 132
149 133
149 137
149 139
149 140
149 141
149 144
149 147
149 149
149 152
149 154
149 157
149 159
149 162
149 164
149 171
149 172
149 173
149 174
149 175
149 176
149 179
150 1
150 2
150 3
150 4
150 6
150 7
150 8
150 12
150 18
150 24
150 25
150 26
150 27
150 28
150 31
150 32
150 34
150 35
150 46
150 48
150 49
150 52
150 53
150 55
150 56
150 58
150 63
150 64
150 66
150 69
150 71
150 73
150 82
150 85
150 86
150 87
150 90
150 91
150 97
150 98
150 99
150 100
150 101
150 102
150 104
150 105
150 108
150 115
150 116
150 123
150 125
150 128
150 130
150 132
150 133
150 134
150 139
150 140
150 141
150 143
150 144
150 149
150 151
150 154
150 155
150 157
150 163
150 164
150 165
150 166
150 167
150 172
150 175
150 177
150 178
150 179
151 1
151 3
151 9
151 13
151 15
151 24
151 31
151 32
151 33
151 36
151 38
151 41
151 44
151 45
151 47
151 48
151 51
151 54
151 56
151 58
151 59
151 61
151 64
151 71
151 72
151 76
151 80
151 81
151 83
151 91
151 92
151 93
151 94
151 95
151 97
151 98
151 100
151 101
151 107
151 109
151 111
151 113
151 115
151 116
151 117
151 118
151 123
151 129
151 130
151 131
151 133
151 134
151 141
151 142
151 143
151 147
151 155
151 156
151 157
151 162
151 164
151 167
151 171
151 173
151 175
151 176
151 178
152 0
152 2
152 3
152 4
152 5
152 6
152 7
152 12
152 15
152 18
152 20
152 27
152 31
152 35
152 38
152 39
152 43
152 47
152 48
152 52
152 53
152 59
152 63
152 65
152 67
152 68
152 74
152 75
152 76
152 80
152 81
152 83
152 84
152 87
152 89
152 91
152 95
152 96
152 98
152 100
152 102
152 104
152 105
152 107
152 108
152 113
152 120
152 122
152 124
152 128
152 130
152 131
152 135
152 136
152 137
152 138
152 140
152 142
152 144
152 155
152 159
152 161
152 162
152 165
152 167
152 169
152 172
152 177
152 179
153 0
153 4
153 8
153 9
153 11
153 13
153 14
153 16
153 17
153 19
153 21
153 22
153 25
153 27
153 29
153 31
153 33
153 34
153 36
153 37
153 38
153 39
153 40
153 43
153 46
153 49
153 51
153 54
153 56
153 57
153 58
153 63
153 68
153 73
153 77
153 83
153 85
153 86
153 90
153 96
153 99
153 101
153 102
153 105
153 107
153 109
153 115
153 116
153 117
153 119
153 120
153 123
153 125
153 130
153 132
153 134
153 135
153 139
153 143
153 145
153 150
153 153
153 154
153 156
153 159
153 162
153 163
153 164
153 165
153 166
153 168
153 173
153 174
153 175
153 178
154 0
154 4
154 5
154 7
154 10
154 12
154 14
154 16
154 17
154 18
154 22
154 24
154 27
154 32
154 36
154 37
154 38
154 39
154 42
154 46
154 48
154 49
154 55
154 57
154 60
154 64
154 65
154 66
154 75
154 77
154 80
154 90
154 93
154 94
154 97
154 99
154 100
154 101
154 102
154 103
154 104
154 109
154 111
154 112
154 113
154 115
154 117
154 119
154 123
154 124
154 131
154 132
154 141
154 144
154 149
154 151
154 155
154 157
154 158
154 162
154 163
154 164
154 165
154 173
154 176
154 177
155 3
155 5
155 12
155 15
155 20
155 23
155 28
155 29
155 31
155 35
155 36
155 37
155 38
155 39
155 41
155 42
155 45
155 46
155 55
155 58
155 59
155 61
155 63
155 64
155 66
155 68
155 70
155 71
155 73
155 74
155 80
155 83
155 86
155 87
155 88
155 94
155 96
155 99
155 100
155 105
155 106
155 107
155 110
155 113
155 114
155 117
155 122
155 128
155 129
155 130
155 132
155 134
155 138
155 143
155 145
155 153
155 154
155 163
155 164
155 168
155 172
155 173
155 174
155 177
156 1
156 15
156 23
156 24
156 25
156 27
156 29
156 30
156 32
156 34
156 39
156 43
156 46
156 53
156 60
156 63
156 66
156 68
156 69
156 72
156 74
156 75
156 76
156 78
156 79
156 84
156 85
156 86
156 91
156 92
156 94
156 96
156 97
156 98
156 104
156 105
156 106
156 108
156 112
156 113
156 115
156 126
156 136
156 137
156 142
156 144
156 145
156 146
156 151
156 155
156 156
156 158
156 160
156 161
156 164
156 168
156 170
156 171
156 172
156 174
156 175
156 177
156 178
156 179
157 8
157 9
157 10
157 11
157 13
157 15
157 23
157 25
157 26
157 27
157 30
157 32
157 34
157 35
157 41
157 42
157 46
157 47
157 48
157 54
157 58
157 61
157 63
157 64
157 69
157 70
157 72
157 73
157 75
157 76
157 78
157 82
157 84
157 85
157 90
157 93
157 96
157 100
157 102
157 103
157 104
157 108
157 109
157 111
157 112
157 113
157 116
157 122
157 129
157 131
157 135
157 136
157 140
157 141
157 143
157 146
157 148
157 149
157 150
157 153
157 156
157 158
157 160
157 163
157 164
157 170
157 172
157 173
157 177
157 179
158 1
158 2
158 3
158 14
158 20
158 21
158 22
158 23
158 28
158 30
158 31
158 32
158 33
158 36
158 37
158 39
158 46
158 48
158 49
158 52
158 53
158 55
158 56
158 58
158 60
158 61
158 62
158 63
158 65
158 66
158 67
158 68
158 74
158 76
158 77
158 78
158 83
158 85
158 87
158 88
158 89
158 91
158 96
158 97
158 104
158 105
158 107
158 109
158 110
158 118
158 119
158 120
158 121
158 126
158 128
158 129
158 131
158 134
158 139
158 141
158 147
158 149
158 150
158 154
158 155
158 159
158 167
158 169
158 170
158 174
158 176
159 5
159 7
159 8
159 13
159 18
159 21
159 24
159 26
159 30
159 31
159 36
159 37
159 40
159 43
159 44
159 45
159 46
159 48
159 49
159 50
159 52
159 53
159 54
159 55
159 57
159 60
159 64
159 65
159 66
159 68
159 71
159 73
159 74
159 77
159 79
159 81
159 82
159 84
159 87
159 88
159 89
159 90
159 98
159 99
159 104
159 109
159 110
159 111
159 112
159 115
159 117
159 118
159 122
159 124
159 126
159 129
159 134
159 135
159 137
159 143
159 144
159 145
159 149
159 151
159 155
159 156
159 159
159 163
159 165
159 166
159 170
159 171
159 174
159 175
159 176
160 2
160 4
160 9
160 10
160 15
160 16
160 17
160 22
160 23
160 31
160 34
160 40
160 41
160 42
160 43
160 53
160 54
160 55
160 56
160 60
160 63
160 66
160 67
160 71
160 74
160 75
160 76
160 81
160 83
160 84
160 85
160 86
160 95
160 97
160 101
160 102
160 113
160 115
160 116
160 117
160 119
160 120
160 122
160 124
160 125
160 126
160 128
160 130
160 131
160 136
160 139
160 140
160 142
160 144
160 149
160 154
160 155
160 160
160 161
160 163
160 164
160 167
160 179
161 3
161 5
161 11
161 15
161 16
161 18
161 19
161 20
161 21
161 22
161 24
161 29
161 32
161 33
161 35
161 42
161 43
161 44
161 45
161 47
161 48
161 51
161 53
161 54
161 55
161 59
161 60
161 61
161 64
161 65
161 68
161 69
161 70
161 71
161 75
161 77
161 80
161 84
161 88
161 91
161 93
161 94
161 95
161 103
161 105
161 106
161 110
161 111
161 114
161 119
161 120
161 121
161 123
161 125
161 126
161 128
161 131
161 133
161 135
161 136
161 146
161 147
161 148
161 153
161 154
161 157
161 158
161 160
161 161
161 162
161 163
161 164
161 165
161 166
161 172
161 174
161 177
162 1
162 2
162 5
162 9
162 11
162 15
162 17
162 19
162 20
162 21
162 23
162 27
162 31
162 32
162 33
162 34
162 44
162 48
162 49
162 50
162 52
162 53
162 54
162 57
162 58
162 59
162 61
162 63
162 66
162 67
162 68
162 70
162 71
162 73
162 78
162 79
162 81
162 84
162 85
162 90
162 95
162 103
162 104
162 107
162 109
162 110
162 111
162 115
162 116
162 119
162 127
162 128
162 129
162 130
162 131
162 132
162 133
162 136
162 141
162 143
162 146
162 147
162 148
162 154
162 155
162 157
162 158
162 159
162 161
162 162
162 163
162 164
162 165
162 168
162 169
162 171
162 173
162 174
162 179
163 4
163 10
163 16
163 20
163 22
163 31
163 36
163 37
163 41
163 42
163 43
163 44
163 45
163 50
163 51
163 53
163 56
163 57
163 59
163 62
163 63
163 65
163 67
163 68
163 69
163 70
163 73
163 75
163 77
163 80
163 82
163 83
163 84
163 91
163 94
163 96
163 98
163 101
163 102
163 108
163 110
163 111
163 114
163 117
163 118
163 120
163 122
163 123
163 124
163 125
163 126
163 127
163 129
163 134
163 141
163 142
163 144
163 146
163 148
163 155
163 159
163 161
163 162
163 164
163 165
163 168
163 170
163 171
163 172
163 174
163 175
163 177
163 178
164 0
164 2
164 11
164 17
164 20
164 22
164 26
164 27
164 28
164 31
164 32
164 35
164 37
164 38
164 40
164 41
164 42
164 43
164 46
164 49
164 51
164 53
164 55
164 62
164 64
164 69
164 72
164 73
164 74
164 76
164 78
164 80
164 81
164 82
164 86
164 95
164 96
164 98
164 100
164 101
164 104
164 105
164 106
164 112
164 115
164 118
164 119
164 120
164 123
164 125
164 130
164 132
164 134
164 135
164 136
164 137
164 139
164 140
164 144
164 145
164 146
164 147
164 149
164 150
164 151
164 153
164 154
164 156
164 157
164 159
164 161
164 165
164 167
164 168
164 172
164 173
164 175
165 2
165 7
165 8
165 9
165 15
165 19
165 21
165 24
165 26
165 31
165 32
165 36
165 37
165 38
165 40
165 42
165 43
165 45
165 52
165 56
165 58
165 61
165 62
165 64
165 65
165 66
165 68
165 71
165 74
165 76
165 79
165 83
165 85
165 86
165 89
165 90
165 93
165 94
165 95
165 104
165 110
165 111
165 112
165 113
165 116
165 117
165 118
165 120
165 123
165 124
165 125
165 127
165 129
165 133
165 135
165 136
165 137
165 140
165 144
165 146
165 147
165 148
165 153
165 156
165 157
165 162
165 163
165 166
165 168
165 169
165 170
165 174
166 2
166 4
166 6
166 7
166 10
166 11
166 13
166 18
166 20
166 23
166 27
166 33
166 36
166 37
166 45
166 48
166 49
166 51
166 53
166 56
166 61
166 62
166 66
166 68
166 75
166 79
166 82
166 83
166 84
166 87
166 89
166 91
166 96
166 98
166 100
166 102
166 103
166 106
166 107
166 108
166 109
166 110
166 118
166 120
166 121
166 122
166 124
166 125
166 127
166 128
166 131
166 132
166 134
166 136
166 137
166 139
166 140
166 143
166 144
166 146
166 148
166 150
166 151
166 153
166 160
166 161
166 162
166 166
166 167
166 169
166 170
166 171
166 172
166 176
166 177
167 0
167 2
167 4
167 7
167 8
167 11
167 12
167 15
167 16
167 19
167 20
167 21
167 22
167 23
167 24
167 26
167 27
167 30
167 33
167 34
167 40
167 42
167 43
167 48
167 49
167 50
167 55
167 56
167 57
167 58
167 59
167 65
167 69
167 71
167 75
167 76
167 78
167 79
167 80
167 85
167 86
167 88
167 90
167 93
167 100
167 101
167 104
167 110
167 111
167 112
167 114
167 115
167 120
167 122
167 123
167 125
167 130
167 132
167 133
167 134
167 138
167 140
167 141
167 144
167 145
167 147
167 149
167 157
167 163
167 168
167 173
167 174
167 176
167 177
167 179
168 0
168 3
168 11
168 12
168 17
168 20
168 21
168 22
168 26
168 27
168 28
168 30
168 32
168 33
168 34
168 35
168 37
168 38
168 40
168 45
168 50
168 52
168 53
168 55
168 57
168 58
168 61
168 65
168 71
168 74
168 75
168 77
168 78
168 87
168 88
168 91
168 96
168 98
168 100
168 101
168 108
168 109
168 111
168 113
168 114
168 115
168 117
168 118
168 121
168 122
168 125
168 127
168 128
168 131
168 133
168 139
168 140
168 143
168 144
168 145
168 150
168 154
168 156
168 157
168 160
168 165
168 167
168 168
168 170
168 173
168 174
168 175
168 176
168 177
168 178
169 0
169 1
169 3
169 4
169 7
169 9
169 10
169 11
169 16
169 19
169 20
169 23
169 24
169 25
169 26
169 30
169 33
169 35
169 36
169 39
169 42
169 49
169 50
169 52
169 56
169 59
169 61
169 62
169 64
169 66
169 67
169 68
169 71
169 73
169 82
169 86
169 87
169 89
169 91
169 93
169 94
169 95
169 96
169 99
169 100
169 101
169 102
169 103
169 106
169 107
169 109
169 110
169 115
169 116
169 121
169 122
169 123
169 125
169 126
169 127
169 131
169 132
169 133
169 140
169 144
169 146
169 147
169 153
169 155
169 156
169 157
169 158
169 159
169 161
169 162
169 167
169 170
169 172
169 174
169 175
169 177
169 179
170 3
170 4
170 7
170 8
170 12
170 13
170 17
170 18
170 20
170 23
170 26
170 28
170 34
170 35
170 37
170 40
170 41
170 44
170 47
170 48
170 50
170 51
170 52
170 53
170 55
170 56
170 57
170 58
170 59
170 61
170 63
170 65
170 66
170 67
170 68
170 70
170 71
170 72
170 73
170 75
170 76
170 81
170 82
170 83
170 85
170 86
170 87
170 89
170 97
170 100
170 101
170 104
170 105
170 108
170 114
170 116
170 124
170 127
170 129
170 131
170 132
170 134
170 142
170 144
170 145
170 147
170 150
170 152
170 153
170 158
170 160
170 164
170 167
170 168
170 172
170 173
170 176
170 177
170 179
171 0
171 2
171 3
171 4
171 5
171 6
171 11
171 20
171 22
171 28
171 29
171 30
171 32
171 35
171 37
171 38
171 39
171 41
171 46
171 48
171 49
171 50
171 51
171 52
171 54
171 61
171 66
171 67
171 70
171 71
171 73
171 74
171 75
171 78
171 80
171 84
171 86
171 97
171 100
171 101
171 103
171 111
171 115
171 118
171 122
171 123
171 125
171 126
171 128
171 129
171 133
171 135
171 140
171 142
171 145
171 146
171 147
171 150
171 151
171 152
171 153
171 158
171 161
171 164
171 165
171 168
171 170
171 175
171 177
172 1
172 2
172 4
172 6
172 7
172 9
172 11
172 12
172 13
172 14
172 16
172 20
172 22
172 27
172 30
172 33
172 35
172 37
172 39
172 40
172 43
172 45
172 46
172 48
172 49
172 52
172 54
172 60
172 67
172 68
172 69
172 70
172 71
172 72
172 73
172 74
172 79
172 80
172 81
172 84
172 87
172 88
172 90
172 92
172 96
172 97
172 101
172 102
172 110
172 111
172 114
172 120
172 123
172 124
172 126
172 127
172 128
172 130
172 131
172 140
172 142
172 143
172 148
172 151
172 152
172 155
172 158
172 159
172 161
172 166
172 171
172 172
172 174
173 0
173 2
173 4
173 7
173 12
173 17
173 18
173 23
173 27
173 29
173 30
173 31
173 32
173 33
173 36
173 38
173 50
173 51
173 53
173 55
173 59
173 60
173 62
173 67
173 68
173 74
173 77
173 78
173 79
173 80
173 89
173 91
173 92
173 94
173 98
173 99
173 101
173 102
173 107
173 109
173 115
173 116
173 120
173 122
173 126
173 128
173 132
173 133
173 136
173 137
173 144
173 145
173 147
173 150
173 159
173 160
173 162
173 167
173 174
173 179
174 4
174 9
174 11
174 12
174 13
174 17
174 19
174 21
174 22
174 24
174 25
174 28
174 31
174 35
174 36
174 40
174 45
174 46
174 48
174 49
174 50
174 52
174 56
174 57
174 62
174 67
174 69
174 70
174 72
174 76
174 78
174 79
174 80
174 85
174 87
174 89
174 90
174 91
174 92
174 96
174 99
174 102
174 106
174 107
174 111
174 112
174 113
174 116
174 118
174 119
174 120
174 123
174 127
174 128
174 129
174 131
174 134
174 136
174 139
174 147
174 151
174 154
174 158
174 164
174 167
174 168
174 170
174 173
174 175
174 179
175 0
175 1
175 6
175 7
175 8
175 10
175 16
175 17
175 19
175 23
175 25
175 27
175 29
175 31
175 35
175 36
175 39
175 41
175 43
175 46
175 49
175 56
175 57
175 59
175 60
175 63
175 64
175 68
175 69
175 70
175 73
175 74
175 77
175 80
175 81
175 82
175 84
175 85
175 87
175 88
175 89
175 95
175 96
175 98
175 99
175 100
175 105
175 108
175 109
175 111
175 113
175 116
175 119
175 121
175 134
175 143
175 147
175 149
175 155
175 156
175 157
175 159
175 161
175 163
175 168
175 170
175 173
175 174
175 177
175 178
176 0
176 1
176 2
176 5
176 8
176 11
176 12
176 14
176 15
176 16
176 18
176 23
176 26
176 30
176 33
176 34
176 35
176 39
176 41
176 42
176 43
176 44
176 49
176 51
176 55
176 56
176 58
176 60
176 63
176 64
176 67
176 69
176 73
176 74
176 80
176 82
176 83
176 85
176 86
176 88
176 92
176 99
176 102
176 106
176 107
176 112
176 116
176 117
176 118
176 119
176 120
176 127
176 129
176 130
176 133
176 135
176 139
176 141
176 143
176 147
176 150
176 153
176 154
176 157
176 158
176 160
176 162
176 171
176 173
176 174
176 175
176 176
176 178
177 1
177 3
177 4
177 5
177 7
177 8
177 9
177 10
177 11
177 12
177 13
177 16
177 18
177 24
177 26
177 27
177 33
177 36
177 40
177 42
177 44
177 45
177 46
177 47
177 55
177 56
177 65
177 73
177 79
177 80
177 82
177 83
177 85
177 87
177 90
177 92
177 95
177 96
177 97
177 100
177 103
177 104
177 106
177 107
177 108
177 109
177 110
177 115
177 116
177 118
177 120
177 123
177 124
177 136
177 137
177 139
177 142
177 144
177 148
177 150
177 153
177 155
177 156
177 157
177 159
177 162
177 166
177 167
177 173
177 175
177 178
178 0
178 1
178 3
178 5
178 6
178 8
178 11
178 14
178 15
178 16
178 21
178 22
178 23
178 26
178 27
178 32
178 34
178 35
178 37
178 38
178 39
178 43
178 45
178 46
178 48
178 50
178 51
178 52
178 55
178 59
178 62
178 63
178 65
178 67
178 71
178 72
178 74
178 77
178 78
178 79
178 84
178 85
178 90
178 92
178 93
178 95
178 96
178 97
178 98
178 100
178 102
178 103
178 104
178 105
178 108
178 111
178 112
178 116
178 117
178 121
178 122
178 124
178 125
178 126
178 127
178 128
178 130
178 135
178 137
178 139
178 141
178 146
178 150
178 151
178 155
178 156
178 159
178 161
178 163
178 167
178 168
178 169
178 171
178 174
178 175
178 178
179 8
179 10
179 11
179 12
179 15
179 17
179 19
179 22
179 26
179 28
179 29
179 37
179 42
179 47
179 49
179 52
179 53
179 54
179 58
179 60
179 63
179 68
179 70
179 73
179 78
179 82
179 83
179 88
179 91
179 92
179 93
179 95
179 97
179 101
179 102
179 105
179 108
179 112
179 113
179 114
179 116
179 119
179 120
179 124
179 126
179 127
179 132
179 135
179 136
179 139
179 148
179 151
179 152
179 154
179 158
179 160
179 161
179 162
179 163
179 166
179 167
179 171
179 173
179 175
179 177
179 179
