140
7784
0 1
0 3
0 5
0 11
0 13
0 14
0 15
0 22
0 24
0 25
0 28
0 29
0 30
0 31
0 33
0 34
0 35
0 38
0 39
0 40
0 49
0 54
0 56
0 59
0 62
0 63
0 64
0 68
0 71
0 72
0 77
0 78
0 80
0 84
0 86
0 87
0 89
0 92
0 96
0 97
0 99
0 101
0 104
0 106
0 107
0 108
0 110
0 113
0 117
0 118
0 120
0 121
0 122
0 123
0 125
0 131
0 132
0 133
0 138
1 2
1 4
1 5
1 11
1 13
1 14
1 20
1 22
1 27
1 28
1 29
1 30
1 31
1 34
1 35
1 36
1 38
1 40
1 41
1 42
1 43
1 46
1 50
1 62
1 64
1 65
1 68
1 69
1 70
1 72
1 73
1 75
1 79
1 80
1 81
1 82
1 85
1 87
1 88
1 92
1 96
1 98
1 99
1 102
1 108
1 109
1 118
1 123
1 125
1 126
1 128
1 129
1 130
1 131
1 134
1 139
2 4
2 6
2 7
2 11
2 14
2 16
2 20
2 23
2 25
2 29
2 30
2 32
2 33
2 34
2 37
2 41
2 42
2 48
2 50
2 51
2 52
2 55
2 59
2 64
2 65
2 66
2 72
2 78
2 79
2 80
2 83
2 85
2 86
2 87
2 93
2 95
2 102
2 105
2 106
2 111
2 119
2 120
2 121
2 123
2 125
2 127
2 128
2 129
2 130
2 134
3 0
3 1
3 3
3 4
3 6
3 8
3 11
3 12
3 13
3 14
3 17
3 19
3 21
3 22
3 24
3 29
3 30
3 31
3 32
3 34
3 35
3 36
3 42
3 43
3 44
3 48
3 49
3 54
3 55
3 57
3 59
3 61
3 62
3 64
3 73
3 74
3 75
3 76
3 81
3 84
3 85
3 86
3 89
3 90
3 92
3 93
3 98
3 99
3 100
3 107
3 110
3 111
3 112
3 113
3 116
3 119
3 120
3 121
3 122
3 126
3 135
3 139
4 1
4 2
4 7
4 11
4 12
4 16
4 17
4 20
4 26
4 28
4 29
4 31
4 33
4 37
4 39
4 46
4 47
4 48
4 50
4 54
4 55
4 59
4 61
4 62
4 64
4 65
4 68
4 71
4 72
4 76
4 79
4 82
4 83
4 84
4 89
4 92
4 94
4 102
4 107
4 110
4 112
4 114
4 116
4 117
4 119
4 124
4 125
4 126
4 128
4 130
4 134
4 135
4 137
5 1
5 2
5 6
5 7
5 8
5 13
5 14
5 16
5 17
5 21
5 22
5 29
5 31
5 37
5 38
5 39
5 40
5 43
5 45
5 46
5 47
5 51
5 55
5 56
5 59
5 60
5 61
5 62
5 63
5 66
5 68
5 70
5 73
5 75
5 78
5 81
5 83
5 84
5 85
5 87
5 91
5 93
5 94
5 96
5 97
5 100
5 108
5 111
5 112
5 116
5 118
5 119
5 121
5 125
5 132
5 134
5 135
5 136
5 139
6 0
6 1
6 3
6 8
6 11
6 16
6 19
6 21
6 22
6 25
6 27
6 32
6 33
6 34
6 35
6 43
6 48
6 50
6 54
6 56
6 57
6 60
6 61
6 62
6 64
6 66
6 70
6 73
6 74
6 77
6 78
6 84
6 85
6 90
6 96
6 97
6 98
6 100
6 108
6 109
6 110
6 115
6 122
6 132
6 133
6 134
6 135
6 136
7 0
7 5
7 7
7 9
7 11
7 12
7 13
7 15
7 16
7 17
7 18
7 22
7 23
7 24
7 30
7 33
7 35
7 38
7 39
7 40
7 44
7 51
7 52
7 53
7 64
7 69
7 73
7 78
7 79
7 80
7 81
7 82
7 84
7 87
7 90
7 92
7 95
7 98
7 106
7 107
7 108
7 112
7 113
7 115
7 116
7 124
7 125
7 126
7 129
7 130
7 138
8 4
8 6
8 9
8 10
8 11
8 12
8 19
8 20
8 23
8 26
8 30
8 31
8 32
8 37
8 38
8 41
8 42
8 43
8 44
8 47
8 50
8 54
8 55
8 57
8 58
8 59
8 62
8 63
8 64
8 66
8 67
8 69
8 71
8 72
8 75
8 80
8 81
8 87
8 90
8 95
8 102
8 104
8 106
8 112
8 113
8 114
8 115
8 116
8 121
8 124
8 125
8 129
8 131
8 134
9 7
9 9
9 11
9 13
9 14
9 20
9 25
9 27
9 31
9 34
9 35
9 37
9 42
9 43
9 45
9 48
9 49
9 54
9 55
9 56
9 58
9 59
9 60
9 61
9 63
9 65
9 67
9 70
9 73
9 76
9 77
9 82
9 83
9 84
9 85
9 88
9 89
9 90
9 97
9 100
9 101
9 105
9 106
9 107
9 108
9 110
9 112
9 113
9 114
9 115
9 117
9 118
9 120
9 121
9 122
9 123
9 124
9 125
9 126
9 129
9 130
9 132
9 135
9 136
9 137
9 139
10 0
10 1
10 2
10 3
10 9
10 12
10 13
10 14
10 15
10 16
10 19
10 24
10 25
10 26
10 28
10 31
10 32
10 33
10 34
10 35
10 36
10 37
10 39
10 40
10 42
10 44
10 47
10 49
10 55
10 58
10 59
10 60
10 64
10 65
10 70
10 72
10 79
10 86
10 87
10 89
10 91
10 93
10 99
10 103
10 110
10 111
10 113
10 119
10 120
10 121
10 123
10 125
10 126
10 130
10 131
10 132
10 133
10 136
10 138
10 139
11 1
11 2
11 4
11 5
11 7
11 8
11 9
11 10
11 13
11 15
11 17
11 19
11 23
11 25
11 26
11 31
11 33
11 36
11 41
11 43
11 45
11 47
11 48
11 50
11 54
11 56
11 57
11 58
11 59
11 62
11 64
11 67
11 68
11 70
11 72
11 73
11 75
11 77
11 80
11 84
11 90
11 91
11 92
11 95
11 99
11 100
11 102
11 109
11 110
11 114
11 121
11 122
11 124
11 125
11 126
11 132
11 134
11 136
11 137
11 138
12 4
12 5
12 6
12 8
12 18
12 21
12 26
12 28
12 35
12 37
12 38
12 40
12 41
12 42
12 45
12 46
12 49
12 52
12 53
12 56
12 59
12 65
12 66
12 67
12 68
12 69
12 70
12 72
12 73
12 74
12 75
12 76
12 77
12 80
12 82
12 83
12 88
12 89
12 90
12 91
12 93
12 95
12 98
12 99
12 104
12 106
12 107
12 115
12 116
12 117
12 119
12 122
12 123
12 126
12 130
12 134
12 135
12 138
13 1
13 2
13 5
13 7
13 8
13 11
13 14
13 18
13 21
13 25
13 26
13 33
13 36
13 37
13 39
13 45
13 46
13 51
13 52
13 53
13 57
13 61
13 62
13 66
13 67
13 69
13 70
13 71
13 72
13 73
13 74
13 75
13 76
13 78
13 79
13 82
13 84
13 88
13 94
13 97
13 100
13 103
13 104
13 107
13 109
13 111
13 118
13 119
13 122
13 131
13 132
13 135
13 136
14 2
14 3
14 7
14 10
14 12
14 13
14 17
14 20
14 21
14 22
14 23
14 24
14 29
14 32
14 34
14 37
14 38
14 39
14 41
14 48
14 50
14 53
14 55
14 59
14 60
14 61
14 62
14 65
14 68
14 69
14 70
14 71
14 73
14 76
14 77
14 80
14 82
14 84
14 85
14 86
14 87
14 88
14 94
14 95
14 96
14 99
14 105
14 110
14 119
14 120
14 124
14 128
14 129
14 131
14 134
14 136
15 0
15 2
15 8
15 10
15 11
15 13
15 14
15 18
15 21
15 23
15 25
15 26
15 28
15 30
15 31
15 33
15 36
15 40
15 41
15 44
15 45
15 47
15 50
15 52
15 55
15 57
15 58
15 60
15 61
15 62
15 64
15 71
15 73
15 76
15 77
15 80
15 84
15 85
15 86
15 87
15 91
15 93
15 95
15 96
15 101
15 103
15 104
15 105
15 108
15 110
15 111
15 112
15 120
15 126
15 129
15 134
15 138
15 139
16 0
16 2
16 5
16 13
16 15
16 16
16 20
16 21
16 24
16 28
16 29
16 34
16 35
16 38
16 39
16 40
16 42
16 43
16 45
16 47
16 50
16 51
16 54
16 55
16 57
16 58
16 63
16 67
16 70
16 73
16 87
16 90
16 91
16 97
16 101
16 104
16 105
16 107
16 110
16 112
16 113
16 115
16 116
16 117
16 118
16 119
16 120
16 122
16 123
16 125
16 130
16 131
16 133
16 134
16 136
16 139
17 1
17 2
17 3
17 5
17 8
17 10
17 13
17 17
17 24
17 26
17 28
17 30
17 31
17 33
17 34
17 35
17 37
17 41
17 45
17 47
17 48
17 50
17 51
17 53
17 56
17 57
17 58
17 70
17 73
17 74
17 76
17 77
17 82
17 84
17 87
17 90
17 95
17 97
17 100
17 101
17 102
17 104
17 105
17 106
17 108
17 110
17 112
17 115
17 121
17 123
17 126
17 128
17 133
17 135
18 0
18 1
18 3
18 4
18 7
18 11
18 15
18 17
18 20
18 23
18 24
18 27
18 29
18 30
18 31
18 32
18 37
18 48
18 49
18 53
18 54
18 55
18 60
18 61
18 62
18 65
18 66
18 67
18 69
18 70
18 73
18 77
18 90
18 95
18 107
18 116
18 117
18 123
18 130
18 131
18 134
18 135
18 137
19 0
19 1
19 9
19 13
19 15
19 16
19 17
19 19
19 22
19 23
19 24
19 26
19 27
19 31
19 38
19 42
19 45
19 50
19 51
19 56
19 57
19 59
19 60
19 64
19 69
19 70
19 72
19 73
19 80
19 81
19 89
19 90
19 93
19 94
19 95
19 98
19 99
19 100
19 103
19 106
19 113
19 114
19 115
19 118
19 119
19 121
19 125
19 128
19 131
19 134
19 135
20 6
20 7
20 16
20 18
20 20
20 26
20 29
20 30
20 36
20 37
20 44
20 54
20 57
20 61
20 67
20 69
20 70
20 71
20 73
20 75
20 77
20 78
20 79
20 81
20 83
20 86
20 88
20 90
20 92
20 100
20 103
20 104
20 105
20 107
20 109
20 110
20 112
20 113
20 114
20 115
20 117
20 130
20 131
20 133
20 135
20 138
20 139
21 1
21 3
21 4
21 5
21 10
21 11
21 15
21 16
21 18
21 20
21 21
21 22
21 26
21 27
21 28
21 33
21 35
21 40
21 44
21 45
21 47
21 48
21 50
21 54
21 55
21 58
21 64
21 65
21 69
21 70
21 73
21 75
21 78
21 80
21 81
21 82
21 83
21 84
21 85
21 88
21 90
21 91
21 95
21 97
21 103
21 108
21 111
21 118
21 120
21 124
21 126
21 127
21 128
21 129
21 133
21 134
21 135
21 137
21 139
22 0
22 4
22 6
22 10
22 13
22 15
22 16
22 18
22 20
22 21
22 22
22 23
22 25
22 26
22 28
22 31
22 42
22 44
22 47
22 48
22 50
22 51
22 56
22 58
22 59
22 60
22 62
22 63
22 65
22 67
22 69
22 71
22 73
22 74
22 75
22 76
22 77
22 78
22 79
22 80
22 82
22 84
22 85
22 86
22 87
22 88
22 89
22 90
22 91
22 93
22 95
22 96
22 98
22 100
22 101
22 102
22 103
22 106
22 107
22 108
22 109
22 113
22 115
22 116
22 117
22 120
22 126
22 127
22 133
22 138
22 139
23 4
23 6
23 7
23 9
23 12
23 14
23 17
23 19
23 20
23 21
23 24
23 25
23 26
23 32
23 34
23 35
23 38
23 39
23 40
23 42
23 48
23 49
23 56
23 57
23 61
23 63
23 65
23 67
23 68
23 69
23 70
23 75
23 78
23 82
23 83
23 84
23 85
23 86
23 91
23 97
23 98
23 104
23 105
23 108
23 109
23 110
23 113
23 115
23 116
23 118
23 119
23 120
23 123
23 125
23 127
23 129
23 131
23 135
23 136
23 137
23 138
23 139
24 0
24 3
24 5
24 13
24 16
24 23
24 26
24 27
24 30
24 34
24 36
24 37
24 39
24 41
24 42
24 44
24 50
24 52
24 55
24 57
24 61
24 65
24 66
24 71
24 72
24 74
24 87
24 89
24 90
24 94
24 97
24 99
24 102
24 103
24 105
24 106
24 109
24 111
24 112
24 114
24 115
24 118
24 119
24 120
24 121
24 123
24 127
24 129
24 130
24 133
24 135
24 136
24 137
25 0
25 3
25 6
25 13
25 20
25 21
25 23
25 25
25 26
25 29
25 30
25 32
25 34
25 36
25 38
25 42
25 47
25 49
25 50
25 58
25 65
25 67
25 71
25 73
25 76
25 78
25 80
25 81
25 83
25 85
25 87
25 89
25 91
25 97
25 102
25 105
25 108
25 109
25 110
25 117
25 118
25 120
25 125
25 128
25 129
25 130
25 134
25 136
25 139
26 0
26 3
26 5
26 6
26 7
26 11
26 13
26 18
26 20
26 22
26 23
26 24
26 25
26 27
26 28
26 34
26 39
26 41
26 45
26 49
26 50
26 51
26 54
26 57
26 59
26 61
26 62
26 68
26 69
26 70
26 75
26 80
26 81
26 82
26 84
26 86
26 88
26 90
26 91
26 93
26 94
26 95
26 97
26 98
26 99
26 100
26 106
26 109
26 111
26 112
26 114
26 115
26 116
26 117
26 123
26 127
26 128
26 130
26 131
26 133
26 134
26 137
26 138
26 139
27 0
27 1
27 2
27 5
27 6
27 14
27 15
27 16
27 17
27 21
27 30
27 32
27 33
27 34
27 37
27 38
27 44
27 45
27 53
27 58
27 59
27 60
27 62
27 65
27 66
27 75
27 78
27 83
27 84
27 85
27 95
27 97
27 99
27 106
27 108
27 111
27 113
27 114
27 116
27 117
27 118
27 119
27 120
27 122
27 123
27 125
27 126
27 127
27 133
27 135
27 137
28 1
28 6
28 7
28 8
28 9
28 10
28 11
28 13
28 14
28 18
28 22
28 24
28 25
28 29
28 32
28 34
28 36
28 37
28 41
28 43
28 45
28 47
28 49
28 54
28 59
28 60
28 62
28 63
28 65
28 68
28 70
28 71
28 76
28 79
28 83
28 88
28 90
28 93
28 97
28 104
28 111
28 112
28 113
28 114
28 115
28 116
28 121
28 123
28 124
28 126
28 128
28 131
28 132
28 134
28 135
28 136
28 137
29 1
29 2
29 7
29 8
29 11
29 14
29 23
29 24
29 25
29 29
29 30
29 34
29 38
29 39
29 40
29 42
29 44
29 45
29 49
29 53
29 55
29 67
29 68
29 72
29 75
29 76
29 77
29 85
29 87
29 93
29 94
29 95
29 97
29 102
29 106
29 109
29 111
29 113
29 114
29 116
29 117
29 122
29 124
29 126
29 127
29 128
29 129
29 130
29 132
29 133
29 136
29 139
30 6
30 8
30 9
30 15
30 16
30 20
30 27
30 29
30 31
30 33
30 34
30 36
30 45
30 46
30 47
30 54
30 57
30 58
30 61
30 64
30 65
30 74
30 76
30 80
30 90
30 97
30 98
30 100
30 102
30 104
30 107
30 110
30 111
30 114
30 117
30 120
30 123
30 127
30 138
31 1
31 4
31 8
31 12
31 13
31 14
31 16
31 17
31 18
31 20
31 21
31 24
31 27
31 29
31 30
31 31
31 32
31 34
31 37
31 39
31 42
31 43
31 45
31 46
31 47
31 50
31 52
31 53
31 55
31 56
31 57
31 59
31 62
31 66
31 70
31 75
31 76
31 81
31 82
31 83
31 84
31 89
31 91
31 93
31 100
31 102
31 103
31 104
31 107
31 109
31 113
31 115
31 121
31 124
31 125
31 126
31 127
31 136
31 139
32 3
32 4
32 5
32 8
32 10
32 14
32 16
32 17
32 19
32 20
32 24
32 30
32 31
32 34
32 38
32 39
32 40
32 41
32 44
32 46
32 49
32 50
32 56
32 59
32 61
32 68
32 70
32 71
32 74
32 76
32 79
32 90
32 93
32 98
32 99
32 107
32 108
32 109
32 110
32 112
32 114
32 115
32 116
32 119
32 120
32 121
32 122
32 123
32 125
32 126
32 128
32 129
32 135
32 138
32 139
33 0
33 1
33 8
33 11
33 12
33 19
33 21
33 23
33 27
33 28
33 31
33 32
33 33
33 35
33 36
33 37
33 38
33 39
33 42
33 43
33 46
33 47
33 51
33 53
33 55
33 58
33 60
33 62
33 63
33 64
33 65
33 66
33 67
33 69
33 75
33 79
33 82
33 83
33 84
33 85
33 86
33 88
33 90
33 94
33 96
33 98
33 100
33 101
33 102
33 106
33 110
33 114
33 116
33 117
33 119
33 120
33 124
33 125
33 131
33 134
34 3
34 7
34 8
34 11
34 15
34 16
34 17
34 18
34 22
34 23
34 25
34 29
34 30
34 31
34 35
34 36
34 37
34 38
34 40
34 54
34 62
34 69
34 70
34 73
34 75
34 77
34 78
34 79
34 83
34 85
34 88
34 89
34 90
34 91
34 96
34 100
34 101
34 104
34 106
34 107
34 108
34 109
34 112
34 113
34 114
34 116
34 118
34 120
34 122
34 123
34 125
34 127
34 131
34 135
34 136
34 137
34 138
34 139
35 2
35 3
35 4
35 8
35 11
35 14
35 16
35 18
35 21
35 23
35 25
35 26
35 30
35 31
35 36
35 37
35 38
35 39
35 41
35 42
35 43
35 45
35 48
35 50
35 55
35 58
35 59
35 60
35 61
35 63
35 64
35 65
35 69
35 74
35 78
35 80
35 81
35 82
35 83
35 97
35 103
35 104
35 106
35 108
35 109
35 110
35 112
35 113
35 114
35 116
35 118
35 119
35 125
35 131
35 134
35 139
36 5
36 10
36 13
36 14
36 17
36 19
36 22
36 28
36 34
36 38
36 40
36 42
36 46
36 52
36 60
36 62
36 65
36 68
36 70
36 72
36 75
36 77
36 85
36 86
36 90
36 92
36 93
36 94
36 96
36 100
36 101
36 102
36 103
36 104
36 106
36 108
36 111
36 112
36 118
36 120
36 121
36 123
36 126
36 132
36 135
36 136
36 137
37 0
37 1
37 2
37 9
37 10
37 12
37 16
37 18
37 21
37 24
37 25
37 30
37 33
37 35
37 37
37 43
37 58
37 60
37 63
37 66
37 70
37 71
37 76
37 78
37 79
37 81
37 82
37 83
37 85
37 86
37 87
37 89
37 90
37 91
37 92
37 95
37 98
37 103
37 106
37 107
37 108
37 111
37 112
37 113
37 115
37 117
37 121
37 122
37 123
37 126
37 131
37 132
37 134
37 135
37 136
37 137
37 139
38 1
38 2
38 4
38 8
38 9
38 11
38 14
38 15
38 18
38 22
38 25
38 26
38 28
38 29
38 30
38 36
38 40
38 41
38 42
38 43
38 46
38 49
38 50
38 53
38 55
38 57
38 60
38 63
38 66
38 67
38 68
38 71
38 72
38 75
38 78
38 79
38 82
38 83
38 87
38 88
38 89
38 91
38 94
38 99
38 101
38 105
38 112
38 113
38 118
38 121
38 131
38 133
38 138
39 0
39 2
39 3
39 6
39 16
39 17
39 19
39 23
39 24
39 29
39 30
39 32
39 34
39 35
39 36
39 37
39 38
39 42
39 43
39 46
39 47
39 50
39 53
39 54
39 60
39 62
39 64
39 68
39 71
39 73
39 79
39 80
39 81
39 82
39 84
39 88
39 91
39 94
39 102
39 104
39 112
39 113
39 114
39 115
39 126
39 128
39 130
39 133
39 134
39 139
40 0
40 4
40 5
40 8
40 9
40 11
40 14
40 15
40 20
40 21
40 22
40 25
40 26
40 27
40 28
40 30
40 31
40 32
40 36
40 38
40 39
40 44
40 48
40 49
40 53
40 55
40 58
40 60
40 62
40 64
40 68
40 71
40 74
40 75
40 76
40 78
40 80
40 82
40 83
40 86
40 89
40 98
40 99
40 101
40 109
40 113
40 115
40 116
40 117
40 119
40 120
40 122
40 131
40 132
40 133
40 134
40 135
40 136
40 137
41 1
41 2
41 4
41 5
41 7
41 10
41 11
41 14
41 17
41 19
41 20
41 26
41 30
41 31
41 39
41 40
41 41
41 45
41 47
41 49
41 52
41 54
41 56
41 57
41 58
41 59
41 61
41 63
41 66
41 67
41 68
41 70
41 72
41 73
41 74
41 75
41 78
41 84
41 85
41 86
41 91
41 92
41 96
41 98
41 99
41 101
41 102
41 103
41 105
41 106
41 109
41 113
41 114
41 117
41 118
41 119
41 120
41 121
41 123
41 124
41 127
41 131
41 132
41 133
41 135
41 136
41 137
41 138
42 1
42 2
42 6
42 9
42 10
42 11
42 12
42 14
42 15
42 16
42 19
42 20
42 23
42 26
42 28
42 33
42 35
42 37
42 38
42 40
42 43
42 48
42 54
42 55
42 56
42 58
42 67
42 71
42 74
42 75
42 76
42 77
42 78
42 79
42 81
42 84
42 85
42 88
42 89
42 90
42 92
42 95
42 96
42 98
42 100
42 102
42 110
42 111
42 112
42 113
42 116
42 122
42 126
42 128
42 129
42 131
42 135
42 137
43 1
43 5
43 6
43 14
43 17
43 18
43 19
43 22
43 25
43 28
43 29
43 33
43 36
43 37
43 38
43 39
43 40
43 42
43 43
43 51
43 56
43 58
43 59
43 61
43 67
43 68
43 69
43 73
43 82
43 85
43 87
43 88
43 94
43 95
43 96
43 97
43 100
43 101
43 103
43 105
43 106
43 112
43 115
43 125
43 126
43 128
43 129
43 133
43 134
43 136
44 0
44 5
44 8
44 11
44 13
44 15
44 17
44 18
44 21
44 23
44 26
44 30
44 32
44 35
44 37
44 38
44 41
44 42
44 43
44 48
44 56
44 60
44 62
44 63
44 67
44 70
44 72
44 73
44 78
44 79
44 86
44 88
44 92
44 93
44 94
44 96
44 100
44 104
44 105
44 107
44 109
44 113
44 118
44 125
44 129
44 131
44 133
45 2
45 8
45 9
45 10
45 11
45 12
45 19
45 21
45 22
45 26
45 29
45 33
45 34
45 37
45 40
45 42
45 45
45 46
45 47
45 49
45 50
45 51
45 52
45 54
45 59
45 68
45 73
45 78
45 83
45 84
45 87
45 91
45 92
45 93
45 94
45 96
45 106
45 114
45 115
45 116
45 119
45 120
45 122
45 123
45 124
45 126
45 127
45 128
45 129
45 131
45 132
45 133
45 134
45 137
46 0
46 1
46 3
46 4
46 5
46 6
46 9
46 12
46 15
46 19
46 24
46 26
46 27
46 30
46 32
46 33
46 36
46 38
46 41
46 42
46 45
46 52
46 56
46 57
46 58
46 60
46 61
46 63
46 67
46 68
46 69
46 71
46 72
46 74
46 77
46 81
46 83
46 84
46 86
46 88
46 90
46 91
46 94
46 95
46 97
46 99
46 100
46 101
46 110
46 115
46 116
46 119
46 121
46 122
46 124
46 127
46 131
46 132
46 138
47 0
47 1
47 3
47 6
47 7
47 8
47 10
47 16
47 17
47 18
47 20
47 29
47 30
47 37
47 38
47 41
47 42
47 44
47 47
47 50
47 51
47 55
47 56
47 57
47 58
47 63
47 66
47 68
47 73
47 75
47 77
47 78
47 82
47 83
47 84
47 87
47 89
47 90
47 91
47 96
47 98
47 100
47 102
47 105
47 110
47 114
47 116
47 119
47 120
47 123
47 127
47 130
47 132
47 133
47 134
47 136
47 138
47 139
48 0
48 6
48 13
48 18
48 19
48 20
48 21
48 25
48 27
48 28
48 31
48 34
48 38
48 40
48 42
48 43
48 45
48 47
48 54
48 55
48 59
48 61
48 64
48 67
48 68
48 69
48 72
48 74
48 75
48 81
48 85
48 87
48 93
48 96
48 97
48 100
48 102
48 103
48 105
48 110
48 112
48 113
48 117
48 120
48 124
48 125
48 126
48 128
48 130
48 131
48 133
48 135
48 136
48 138
48 139
49 0
49 1
49 4
49 6
49 7
49 9
49 13
49 18
49 21
49 23
49 26
49 33
49 36
49 37
49 40
49 41
49 42
49 43
49 46
49 47
49 48
49 50
49 53
49 55
49 59
49 60
49 64
49 65
49 66
49 69
49 73
49 74
49 75
49 76
49 78
49 82
49 83
49 85
49 87
49 88
49 96
49 99
49 103
49 104
49 105
49 107
49 111
49 113
49 115
49 116
49 119
49 120
49 123
49 124
49 125
49 127
49 133
49 136
49 137
50 4
50 5
50 7
50 8
50 12
50 13
50 14
50 16
50 17
50 18
50 22
50 23
50 26
50 29
50 31
50 34
50 36
50 39
50 52
50 56
50 57
50 58
50 59
50 60
50 62
50 64
50 66
50 67
50 68
50 72
50 78
50 80
50 81
50 86
50 88
50 89
50 96
50 97
50 101
50 102
50 103
50 104
50 107
50 109
50 110
50 112
50 114
50 118
50 123
50 124
50 125
50 129
50 134
50 138
51 0
51 1
51 2
51 11
51 17
51 20
51 22
51 24
51 26
51 29
51 30
51 31
51 32
51 34
51 36
51 40
51 41
51 42
51 43
51 48
51 51
51 58
51 62
51 64
51 66
51 67
51 73
51 76
51 81
51 82
51 83
51 84
51 87
51 90
51 92
51 93
51 96
51 97
51 99
51 101
51 103
51 105
51 110
51 114
51 117
51 119
51 121
51 122
51 123
51 125
51 126
51 128
51 132
51 133
51 135
51 138
51 139
52 2
52 3
52 7
52 8
52 11
52 15
52 16
52 17
52 19
52 20
52 22
52 24
52 31
52 32
52 35
52 36
52 38
52 41
52 43
52 47
52 48
52 53
52 54
52 55
52 56
52 57
52 58
52 63
52 64
52 69
52 72
52 73
52 77
52 79
52 81
52 82
52 85
52 88
52 90
52 91
52 93
52 94
52 95
52 96
52 98
52 100
52 101
52 103
52 105
52 106
52 112
52 114
52 116
52 118
52 121
52 122
52 125
52 133
52 134
52 139
53 1
53 2
53 6
53 7
53 8
53 12
53 14
53 15
53 17
53 18
53 19
53 20
53 21
53 23
53 24
53 32
53 33
53 35
53 36
53 39
53 41
53 42
53 43
53 46
53 47
53 50
53 55
53 59
53 60
53 62
53 63
53 64
53 69
53 74
53 75
53 77
53 78
53 80
53 81
53 88
53 90
53 92
53 93
53 94
53 97
53 100
53 102
53 104
53 107
53 108
53 112
53 114
53 115
53 117
53 118
53 121
53 123
53 124
53 130
53 131
53 136
54 2
54 3
54 5
54 9
54 17
54 19
54 20
54 22
54 23
54 24
54 25
54 30
54 34
54 35
54 41
54 43
54 47
54 55
54 56
54 57
54 58
54 59
54 60
54 63
54 64
54 65
54 69
54 71
54 75
54 80
54 83
54 89
54 91
54 95
54 96
54 98
54 100
54 102
54 106
54 108
54 109
54 112
54 113
54 115
54 116
54 120
54 122
54 125
54 128
54 132
54 139
55 6
55 9
55 10
55 13
55 18
55 19
55 22
55 24
55 26
55 27
55 33
55 36
55 38
55 40
55 44
55 48
55 62
55 64
55 65
55 76
55 78
55 79
55 82
55 84
55 88
55 89
55 93
55 94
55 98
55 101
55 102
55 103
55 106
55 107
55 109
55 121
55 122
55 127
55 131
55 136
55 139
56 1
56 4
56 5
56 7
56 11
56 12
56 19
56 25
56 26
56 29
56 31
56 36
56 38
56 41
56 42
56 44
56 45
56 64
56 66
56 67
56 71
56 72
56 78
56 79
56 81
56 84
56 98
56 99
56 100
56 110
56 113
56 117
56 118
56 119
56 121
56 122
56 124
56 125
56 126
56 128
56 130
56 131
56 135
56 137
56 138
57 0
57 2
57 3
57 6
57 14
57 18
57 21
57 22
57 25
57 27
57 29
57 30
57 39
57 45
57 46
57 50
57 53
57 56
57 57
57 62
57 64
57 68
57 71
57 73
57 77
57 80
57 82
57 83
57 84
57 86
57 90
57 99
57 100
57 101
57 104
57 110
57 112
57 121
57 124
57 126
57 128
57 130
57 132
57 135
57 137
58 1
58 2
58 3
58 17
58 22
58 23
58 26
58 29
58 31
58 32
58 35
58 37
58 39
58 40
58 49
58 51
58 53
58 54
58 55
58 61
58 63
58 64
58 70
58 71
58 73
58 74
58 75
58 78
58 81
58 83
58 91
58 93
58 94
58 100
58 101
58 106
58 109
58 110
58 111
58 115
58 117
58 118
58 119
58 120
58 122
58 124
58 125
58 131
58 133
58 134
58 135
58 136
58 137
59 0
59 6
59 7
59 8
59 9
59 10
59 13
59 17
59 18
59 24
59 31
59 32
59 34
59 35
59 36
59 37
59 38
59 39
59 41
59 46
59 48
59 50
59 55
59 58
59 60
59 63
59 65
59 72
59 74
59 75
59 79
59 81
59 86
59 90
59 91
59 92
59 95
59 97
59 99
59 104
59 105
59 106
59 111
59 116
59 117
59 118
59 120
59 122
59 124
59 126
59 127
59 131
59 132
59 134
59 135
59 138
60 0
60 5
60 7
60 8
60 10
60 11
60 13
60 15
60 16
60 19
60 21
60 23
60 27
60 30
60 31
60 34
60 35
60 36
60 41
60 42
60 43
60 45
60 48
60 52
60 54
60 56
60 58
60 59
60 60
60 68
60 69
60 72
60 73
60 74
60 78
60 79
60 82
60 83
60 85
60 86
60 88
60 89
60 90
60 91
60 92
60 98
60 100
60 104
60 107
60 108
60 112
60 113
60 116
60 119
60 125
60 126
60 129
60 133
60 134
60 136
60 137
60 139
61 0
61 3
61 7
61 10
61 11
61 16
61 20
61 21
61 23
61 25
61 26
61 27
61 30
61 31
61 33
61 35
61 37
61 38
61 42
61 56
61 57
61 58
61 67
61 68
61 71
61 72
61 77
61 79
61 80
61 84
61 85
61 89
61 90
61 91
61 92
61 95
61 96
61 97
61 98
61 106
61 109
61 110
61 113
61 116
61 118
61 120
61 124
61 125
61 126
61 128
61 132
61 135
61 137
61 139
62 2
62 4
62 5
62 11
62 20
62 23
62 26
62 27
62 29
62 32
62 33
62 34
62 35
62 36
62 37
62 38
62 39
62 43
62 46
62 48
62 49
62 52
62 53
62 57
62 58
62 59
62 61
62 64
62 65
62 67
62 68
62 71
62 72
62 73
62 74
62 75
62 82
62 87
62 88
62 89
62 92
62 95
62 96
62 104
62 109
62 110
62 111
62 113
62 114
62 119
62 122
62 123
62 124
62 128
62 130
62 131
62 133
62 134
62 136
62 139
63 0
63 3
63 8
63 9
63 12
63 14
63 15
63 18
63 20
63 22
63 24
63 25
63 29
63 33
63 34
63 35
63 37
63 40
63 46
63 47
63 49
63 51
63 52
63 53
63 54
63 55
63 57
63 60
63 64
63 69
63 70
63 73
63 76
63 77
63 78
63 79
63 85
63 87
63 89
63 90
63 91
63 92
63 94
63 97
63 101
63 103
63 105
63 107
63 111
63 112
63 113
63 115
63 116
63 117
63 125
63 127
63 129
63 130
63 132
63 133
63 136
63 139
64 2
64 4
64 6
64 7
64 12
64 13
64 15
64 16
64 17
64 21
64 26
64 28
64 29
64 30
64 32
64 37
64 40
64 42
64 43
64 46
64 47
64 48
64 49
64 56
64 58
64 59
64 61
64 62
64 66
64 68
64 70
64 71
64 73
64 74
64 78
64 80
64 81
64 84
64 85
64 89
64 90
64 91
64 93
64 94
64 98
64 99
64 112
64 115
64 117
64 119
64 121
64 122
64 124
64 128
64 130
64 135
64 138
65 4
65 6
65 7
65 10
65 11
65 12
65 17
65 20
65 21
65 23
65 24
65 27
65 28
65 29
65 35
65 37
65 38
65 39
65 41
65 43
65 44
65 45
65 46
65 51
65 53
65 55
65 58
65 60
65 61
65 66
65 70
65 72
65 74
65 76
65 81
65 82
65 83
65 89
65 90
65 95
65 96
65 100
65 102
65 103
65 106
65 112
65 114
65 115
65 116
65 118
65 119
65 120
65 122
65 124
65 128
65 130
65 133
65 136
65 139
66 4
66 5
66 6
66 9
66 12
66 13
66 15
66 17
66 18
66 19
66 20
66 23
66 28
66 29
66 32
66 34
66 35
66 43
66 45
66 46
66 48
66 49
66 51
66 55
66 58
66 60
66 62
66 63
66 66
66 68
66 71
66 76
66 77
66 78
66 79
66 82
66 83
66 84
66 87
66 89
66 91
66 92
66 93
66 94
66 99
66 101
66 104
66 106
66 108
66 113
66 114
66 116
66 119
66 121
66 122
66 123
66 124
66 128
66 129
66 130
66 135
66 137
66 139
67 1
67 3
67 7
67 11
67 13
67 14
67 15
67 17
67 19
67 20
67 22
67 25
67 26
67 29
67 30
67 34
67 39
67 40
67 46
67 50
67 55
67 56
67 57
67 58
67 61
67 62
67 64
67 65
67 66
67 70
67 72
67 73
67 74
67 77
67 80
67 82
67 83
67 84
67 85
67 92
67 93
67 96
67 97
67 98
67 103
67 104
67 106
67 109
67 116
67 117
67 123
67 124
67 127
67 130
67 133
67 134
67 136
67 138
68 0
68 1
68 2
68 8
68 12
68 13
68 14
68 15
68 24
68 25
68 26
68 29
68 30
68 31
68 32
68 33
68 37
68 38
68 48
68 52
68 56
68 57
68 60
68 61
68 62
68 63
68 64
68 65
68 67
68 73
68 74
68 77
68 80
68 84
68 86
68 87
68 88
68 89
68 99
68 100
68 101
68 105
68 108
68 110
68 113
68 115
68 116
68 118
68 120
68 121
68 125
68 127
68 130
68 132
68 134
68 136
68 137
69 2
69 4
69 5
69 6
69 8
69 10
69 12
69 13
69 16
69 21
69 23
69 30
69 33
69 36
69 38
69 39
69 40
69 41
69 44
69 47
69 52
69 53
69 64
69 66
69 69
69 70
69 71
69 74
69 79
69 81
69 84
69 92
69 94
69 95
69 96
69 97
69 106
69 109
69 110
69 111
69 116
69 120
69 126
69 129
69 131
69 134
69 138
70 3
70 4
70 5
70 7
70 8
70 10
70 11
70 12
70 13
70 15
70 17
70 18
70 20
70 22
70 24
70 25
70 30
70 33
70 34
70 40
70 46
70 53
70 55
70 56
70 58
70 63
70 69
70 71
70 73
70 74
70 75
70 77
70 79
70 80
70 81
70 82
70 84
70 86
70 88
70 89
70 90
70 94
70 97
70 100
70 101
70 105
70 106
70 107
70 110
70 113
70 115
70 119
70 123
70 128
70 130
70 131
70 135
70 136
70 137
71 3
71 4
71 14
71 15
71 16
71 18
71 19
71 24
71 26
71 27
71 29
71 32
71 33
71 34
71 37
71 40
71 43
71 44
71 45
71 46
71 49
71 52
71 53
71 56
71 57
71 60
71 65
71 69
71 70
71 72
71 73
71 74
71 75
71 76
71 77
71 78
71 79
71 89
71 91
71 92
71 94
71 96
71 97
71 99
71 101
71 103
71 106
71 107
71 108
71 111
71 113
71 114
71 115
71 118
71 120
71 122
71 123
71 124
71 127
71 130
71 135
72 2
72 3
72 6
72 13
72 15
72 17
72 19
72 22
72 23
72 25
72 27
72 28
72 29
72 30
72 32
72 33
72 37
72 38
72 40
72 42
72 43
72 45
72 47
72 50
72 53
72 54
72 57
72 63
72 66
72 67
72 69
72 70
72 72
72 76
72 80
72 81
72 87
72 88
72 89
72 90
72 94
72 98
72 102
72 105
72 107
72 110
72 112
72 118
72 119
72 122
72 127
72 129
72 131
72 132
72 134
72 137
73 1
73 3
73 4
73 5
73 6
73 8
73 9
73 11
73 16
73 17
73 19
73 20
73 24
73 27
73 28
73 35
73 37
73 39
73 42
73 43
73 47
73 48
73 55
73 56
73 59
73 61
73 62
73 64
73 65
73 67
73 68
73 71
73 72
73 73
73 75
73 76
73 77
73 80
73 81
73 82
73 86
73 88
73 92
73 93
73 95
73 100
73 101
73 102
73 107
73 114
73 120
73 121
73 127
73 132
73 134
73 135
73 136
73 137
73 138
73 139
74 2
74 4
74 9
74 11
74 14
74 15
74 17
74 18
74 26
74 30
74 31
74 32
74 37
74 49
74 51
74 54
74 56
74 57
74 59
74 66
74 68
74 69
74 72
74 75
74 77
74 79
74 81
74 88
74 89
74 90
74 91
74 92
74 93
74 94
74 101
74 104
74 106
74 108
74 109
74 110
74 114
74 118
74 119
74 132
74 135
74 136
74 137
74 139
75 1
75 2
75 3
75 4
75 9
75 10
75 15
75 18
75 21
75 23
75 24
75 28
75 32
75 33
75 42
75 44
75 47
75 51
75 52
75 53
75 56
75 57
75 59
75 61
75 62
75 63
75 74
75 75
75 76
75 79
75 81
75 82
75 84
75 85
75 89
75 91
75 93
75 96
75 105
75 113
75 120
75 121
75 122
75 123
75 124
75 126
75 128
75 130
75 131
75 136
75 139
76 2
76 4
76 8
76 11
76 12
76 16
76 18
76 20
76 21
76 25
76 26
76 31
76 32
76 35
76 39
76 40
76 42
76 44
76 45
76 48
76 49
76 66
76 68
76 73
76 78
76 80
76 81
76 90
76 93
76 94
76 95
76 97
76 98
76 101
76 102
76 105
76 107
76 108
76 109
76 110
76 111
76 114
76 115
76 117
76 120
76 121
76 130
76 131
76 132
76 133
76 139
77 2
77 3
77 4
77 8
77 11
77 18
77 19
77 22
77 27
77 30
77 31
77 37
77 38
77 40
77 42
77 43
77 46
77 47
77 52
77 57
77 60
77 66
77 67
77 68
77 69
77 73
77 74
77 75
77 76
77 77
77 79
77 80
77 85
77 89
77 92
77 98
77 105
77 111
77 116
77 119
77 120
77 121
77 122
77 123
77 126
77 127
77 133
77 134
77 136
77 137
77 138
78 0
78 2
78 3
78 4
78 5
78 6
78 9
78 10
78 13
78 16
78 19
78 25
78 27
78 29
78 32
78 36
78 37
78 38
78 39
78 41
78 46
78 47
78 54
78 55
78 56
78 59
78 63
78 65
78 69
78 74
78 76
78 77
78 79
78 84
78 86
78 87
78 93
78 95
78 97
78 99
78 102
78 103
78 104
78 105
78 109
78 110
78 114
78 115
78 118
78 119
78 123
78 124
78 126
78 130
78 134
78 139
79 0
79 2
79 3
79 6
79 8
79 10
79 11
79 13
79 14
79 18
79 20
79 22
79 23
79 28
79 29
79 30
79 33
79 36
79 37
79 38
79 41
79 42
79 44
79 45
79 50
79 51
79 52
79 54
79 56
79 60
79 64
79 68
79 69
79 71
79 73
79 74
79 75
79 77
79 78
79 80
79 84
79 89
79 92
79 95
79 96
79 98
79 99
79 100
79 101
79 104
79 108
79 109
79 112
79 113
79 115
79 119
79 122
79 124
79 128
79 130
79 135
79 139
80 1
80 8
80 19
80 22
80 23
80 30
80 32
80 33
80 34
80 36
80 38
80 45
80 46
80 48
80 49
80 51
80 55
80 61
80 63
80 67
80 68
80 70
80 71
80 74
80 76
80 78
80 80
80 81
80 83
80 84
80 87
80 89
80 90
80 93
80 98
80 99
80 105
80 106
80 108
80 109
80 113
80 114
80 117
80 121
80 123
80 125
80 128
80 130
80 133
80 136
80 137
80 139
81 7
81 8
81 10
81 11
81 13
81 14
81 15
81 16
81 20
81 23
81 31
81 33
81 34
81 39
81 40
81 41
81 43
81 46
81 49
81 51
81 52
81 53
81 58
81 60
81 61
81 63
81 64
81 66
81 72
81 75
81 76
81 77
81 82
81 86
81 90
81 92
81 95
81 96
81 97
81 102
81 103
81 105
81 106
81 107
81 109
81 111
81 112
81 113
81 114
81 115
81 118
81 119
81 121
81 123
81 124
81 127
81 128
81 131
81 135
82 0
82 3
82 7
82 8
82 11
82 12
82 13
82 16
82 18
82 19
82 21
82 24
82 25
82 27
82 31
82 32
82 33
82 34
82 35
82 37
82 39
82 40
82 42
82 48
82 52
82 53
82 55
82 57
82 61
82 63
82 64
82 65
82 66
82 68
82 70
82 73
82 74
82 77
82 78
82 81
82 83
82 84
82 85
82 88
82 89
82 90
82 92
82 94
82 97
82 100
82 108
82 109
82 110
82 111
82 116
82 117
82 121
82 122
82 123
82 124
82 125
82 128
82 133
82 136
82 138
82 139
83 0
83 1
83 3
83 5
83 7
83 8
83 9
83 13
83 15
83 18
83 21
83 22
83 25
83 27
83 29
83 30
83 31
83 34
83 35
83 36
83 37
83 42
83 44
83 45
83 47
83 48
83 49
83 54
83 55
83 57
83 58
83 59
83 61
83 63
83 64
83 67
83 68
83 69
83 73
83 76
83 77
83 84
83 85
83 86
83 88
83 89
83 93
83 96
83 98
83 99
83 100
83 102
83 104
83 105
83 106
83 111
83 112
83 115
83 119
83 124
83 125
83 130
83 135
84 0
84 3
84 5
84 6
84 9
84 10
84 14
84 17
84 21
84 22
84 24
84 27
84 29
84 30
84 34
84 35
84 37
84 39
84 41
84 47
84 48
84 49
84 50
84 53
84 54
84 55
84 56
84 57
84 59
84 61
84 62
84 64
84 66
84 67
84 68
84 71
84 72
84 74
84 75
84 79
84 81
84 82
84 85
84 86
84 91
84 94
84 96
84 99
84 100
84 103
84 104
84 105
84 109
84 111
84 113
84 115
84 125
84 126
84 127
84 129
84 130
84 131
84 132
84 134
84 136
84 138
84 139
85 1
85 4
85 7
85 8
85 11
85 14
85 15
85 19
85 25
85 28
85 29
85 30
85 31
85 36
85 44
85 50
85 53
85 54
85 55
85 58
85 60
85 61
85 62
85 64
85 67
85 69
85 70
85 71
85 76
85 80
85 81
85 86
85 96
85 97
85 104
85 111
85 112
85 114
85 115
85 116
85 117
85 119
85 120
85 121
85 132
85 133
85 136
85 139
86 0
86 4
86 6
86 8
86 9
86 13
86 15
86 19
86 22
86 24
86 25
86 29
86 31
86 34
86 35
86 36
86 37
86 41
86 42
86 45
86 46
86 48
86 49
86 51
86 53
86 55
86 62
86 63
86 65
86 66
86 69
86 71
86 72
86 73
86 74
86 76
86 77
86 80
86 82
86 85
86 86
86 87
86 88
86 93
86 94
86 95
86 99
86 100
86 101
86 103
86 105
86 109
86 110
86 112
86 113
86 115
86 116
86 120
86 123
86 125
86 126
86 129
86 130
87 3
87 5
87 15
87 17
87 19
87 20
87 21
87 24
87 26
87 32
87 36
87 37
87 43
87 46
87 47
87 48
87 56
87 59
87 63
87 64
87 67
87 68
87 76
87 77
87 78
87 79
87 82
87 83
87 84
87 92
87 95
87 97
87 99
87 102
87 103
87 107
87 110
87 112
87 120
87 123
87 124
87 125
87 127
87 128
87 129
87 131
87 133
87 134
87 135
87 136
88 2
88 4
88 5
88 6
88 14
88 15
88 16
88 21
88 22
88 23
88 25
88 28
88 29
88 31
88 32
88 35
88 36
88 37
88 38
88 39
88 41
88 43
88 44
88 45
88 46
88 50
88 51
88 53
88 57
88 58
88 60
88 61
88 66
88 70
88 73
88 76
88 77
88 78
88 79
88 82
88 83
88 86
88 89
88 90
88 91
88 93
88 94
88 98
88 99
88 101
88 102
88 110
88 111
88 113
88 118
88 119
88 121
88 125
88 126
88 131
88 132
88 133
88 138
89 7
89 8
89 9
89 15
89 16
89 21
89 22
89 23
89 24
89 26
89 29
89 34
89 36
89 38
89 40
89 43
89 44
89 47
89 49
89 51
89 52
89 58
89 60
89 61
89 62
89 63
89 66
89 68
89 71
89 73
89 75
89 80
89 82
89 83
89 85
89 86
89 88
89 89
89 91
89 96
89 100
89 101
89 104
89 105
89 107
89 110
89 111
89 112
89 113
89 115
89 117
89 120
89 121
89 123
89 127
89 130
89 131
89 135
89 136
89 137
89 138
89 139
90 4
90 5
90 7
90 8
90 9
90 11
90 13
90 14
90 15
90 18
90 19
90 25
90 31
90 33
90 41
90 43
90 44
90 46
90 53
90 54
90 55
90 61
90 64
90 68
90 69
90 70
90 73
90 76
90 77
90 82
90 85
90 86
90 89
90 90
90 92
90 93
90 94
90 95
90 99
90 101
90 107
90 112
90 114
90 122
90 123
90 127
90 132
90 135
90 137
90 139
91 1
91 4
91 6
91 7
91 8
91 11
91 12
91 17
91 18
91 22
91 23
91 24
91 25
91 27
91 32
91 33
91 37
91 40
91 43
91 45
91 47
91 50
91 51
91 52
91 53
91 54
91 55
91 57
91 58
91 60
91 63
91 64
91 65
91 67
91 71
91 72
91 73
91 74
91 80
91 81
91 85
91 88
91 89
91 93
91 94
91 95
91 96
91 97
91 98
91 99
91 110
91 116
91 117
91 118
91 119
91 120
91 121
91 123
91 124
91 126
91 128
91 135
91 136
91 137
91 138
91 139
92 0
92 1
92 2
92 3
92 6
92 13
92 17
92 19
92 22
92 24
92 28
92 35
92 37
92 42
92 45
92 46
92 49
92 50
92 51
92 55
92 64
92 67
92 70
92 74
92 77
92 78
92 81
92 84
92 91
92 93
92 94
92 95
92 96
92 99
92 101
92 102
92 103
92 105
92 107
92 109
92 110
92 111
92 112
92 114
92 118
92 120
92 124
92 125
92 127
92 128
92 129
92 138
93 0
93 1
93 13
93 16
93 17
93 18
93 20
93 22
93 29
93 31
93 33
93 36
93 37
93 40
93 41
93 44
93 49
93 50
93 51
93 52
93 55
93 59
93 62
93 66
93 67
93 68
93 69
93 70
93 76
93 78
93 87
93 89
93 90
93 93
93 99
93 100
93 103
93 106
93 110
93 112
93 114
93 115
93 116
93 117
93 118
93 122
93 127
93 128
93 129
93 130
93 133
93 135
94 0
94 1
94 2
94 3
94 4
94 8
94 10
94 15
94 17
94 19
94 20
94 21
94 24
94 28
94 30
94 35
94 38
94 41
94 46
94 47
94 48
94 49
94 56
94 58
94 61
94 62
94 63
94 72
94 74
94 75
94 76
94 79
94 80
94 82
94 83
94 84
94 85
94 86
94 88
94 90
94 92
94 93
94 95
94 100
94 103
94 107
94 110
94 112
94 116
94 123
94 125
94 131
94 132
94 133
94 138
94 139
95 0
95 1
95 2
95 3
95 5
95 12
95 16
95 17
95 23
95 25
95 28
95 32
95 34
95 36
95 39
95 40
95 44
95 46
95 50
95 51
95 53
95 54
95 56
95 60
95 61
95 65
95 66
95 70
95 71
95 75
95 78
95 81
95 83
95 85
95 86
95 88
95 89
95 92
95 93
95 94
95 95
95 96
95 97
95 106
95 107
95 109
95 113
95 114
95 115
95 117
95 119
95 120
95 121
95 126
95 127
95 128
95 129
95 131
95 135
95 136
95 137
96 3
96 4
96 5
96 6
96 11
96 12
96 15
96 16
96 18
96 19
96 20
96 23
96 28
96 30
96 32
96 37
96 39
96 40
96 44
96 49
96 50
96 51
96 52
96 53
96 55
96 56
96 61
96 65
96 66
96 68
96 72
96 75
96 77
96 78
96 80
96 85
96 89
96 90
96 91
96 92
96 98
96 99
96 100
96 103
96 105
96 106
96 107
96 110
96 112
96 117
96 118
96 119
96 120
96 121
96 123
96 134
96 135
96 137
96 138
97 2
97 4
97 6
97 9
97 11
97 13
97 15
97 16
97 19
97 22
97 23
97 24
97 29
97 31
97 33
97 35
97 40
97 42
97 49
97 51
97 53
97 57
97 58
97 61
97 62
97 64
97 65
97 66
97 69
97 72
97 76
97 80
97 87
97 92
97 94
97 99
97 102
97 105
97 109
97 110
97 111
97 113
97 119
97 121
97 122
97 124
97 127
97 132
97 133
97 134
97 136
97 137
98 0
98 1
98 6
98 8
98 10
98 11
98 12
98 14
98 19
98 20
98 21
98 24
98 26
98 29
98 30
98 31
98 35
98 38
98 39
98 40
98 42
98 48
98 52
98 54
98 56
98 60
98 61
98 68
98 69
98 70
98 72
98 74
98 78
98 79
98 85
98 90
98 94
98 95
98 96
98 97
98 98
98 101
98 105
98 107
98 108
98 110
98 112
98 113
98 115
98 121
98 122
98 123
98 126
98 128
98 129
98 131
98 132
98 133
98 134
98 135
98 137
98 139
99 2
99 3
99 7
99 8
99 11
99 15
99 20
99 21
99 23
99 24
99 28
99 29
99 31
99 35
99 36
99 39
99 45
99 46
99 56
99 58
99 62
99 65
99 68
99 69
99 71
99 77
99 79
99 83
99 85
99 86
99 88
99 89
99 93
99 98
99 101
99 102
99 103
99 107
99 108
99 112
99 113
99 116
99 117
99 118
99 119
99 123
99 126
99 127
99 128
99 129
99 135
99 138
100 1
100 2
100 3
100 4
100 7
100 8
100 10
100 21
100 28
100 31
100 32
100 37
100 38
100 39
100 42
100 44
100 45
100 49
100 52
100 53
100 57
100 60
100 63
100 64
100 69
100 70
100 74
100 77
100 78
100 79
100 82
100 85
100 88
100 90
100 92
100 93
100 100
100 101
100 102
100 105
100 109
100 111
100 112
100 113
100 116
100 117
100 121
100 122
100 124
100 127
100 130
100 133
100 136
100 138
100 139
101 3
101 6
101 8
101 15
101 17
101 21
101 23
101 25
101 26
101 29
101 30
101 34
101 39
101 40
101 42
101 52
101 54
101 66
101 68
101 71
101 73
101 74
101 76
101 78
101 81
101 86
101 87
101 93
101 94
101 99
101 101
101 104
101 105
101 106
101 107
101 109
101 110
101 111
101 115
101 120
101 125
101 126
101 132
101 136
101 137
101 139
102 0
102 2
102 3
102 4
102 7
102 9
102 11
102 12
102 13
102 14
102 15
102 18
102 20
102 22
102 25
102 30
102 35
102 37
102 38
102 39
102 40
102 47
102 52
102 58
102 66
102 68
102 69
102 74
102 78
102 79
102 81
102 82
102 84
102 85
102 87
102 93
102 95
102 100
102 106
102 107
102 108
102 114
102 116
102 118
102 120
102 121
102 123
102 126
102 128
102 133
102 134
102 135
102 136
102 138
103 1
103 3
103 8
103 9
103 10
103 11
103 13
103 15
103 18
103 21
103 22
103 23
103 26
103 27
103 28
103 33
103 35
103 38
103 39
103 42
103 43
103 49
103 50
103 51
103 52
103 53
103 56
103 57
103 58
103 59
103 61
103 64
103 65
103 67
103 68
103 71
103 73
103 75
103 76
103 78
103 80
103 82
103 84
103 87
103 90
103 94
103 95
103 96
103 98
103 100
103 105
103 106
103 109
103 113
103 114
103 117
103 118
103 121
103 125
103 126
103 127
103 128
103 132
103 133
103 137
103 139
104 7
104 8
104 15
104 16
104 22
104 24
104 26
104 28
104 32
104 33
104 36
104 38
104 39
104 41
104 46
104 48
104 52
104 54
104 57
104 61
104 62
104 67
104 68
104 70
104 73
104 75
104 80
104 81
104 86
104 87
104 88
104 95
104 100
104 101
104 102
104 105
104 112
104 116
104 120
104 122
104 126
104 131
105 0
105 1
105 8
105 10
105 11
105 12
105 14
105 15
105 18
105 21
105 23
105 31
105 34
105 35
105 36
105 37
105 38
105 39
105 40
105 41
105 44
105 49
105 50
105 51
105 52
105 54
105 55
105 57
105 58
105 60
105 61
105 63
105 64
105 67
105 68
105 73
105 75
105 77
105 81
105 83
105 85
105 93
105 98
105 100
105 105
105 107
105 109
105 111
105 113
105 114
105 115
105 116
105 117
105 119
105 120
105 126
105 133
105 134
105 135
105 139
106 0
106 2
106 6
106 9
106 10
106 12
106 15
106 16
106 19
106 20
106 21
106 27
106 29
106 30
106 31
106 33
106 34
106 35
106 41
106 42
106 43
106 45
106 48
106 49
106 51
106 54
106 58
106 60
106 61
106 64
106 65
106 66
106 70
106 71
106 78
106 80
106 81
106 83
106 84
106 92
106 93
106 94
106 98
106 99
106 101
106 106
106 107
106 109
106 118
106 119
106 122
106 126
106 128
106 129
106 130
106 131
106 133
106 135
106 136
107 0
107 8
107 9
107 15
107 17
107 18
107 22
107 24
107 26
107 28
107 29
107 31
107 32
107 40
107 42
107 43
107 44
107 47
107 51
107 53
107 55
107 57
107 62
107 63
107 67
107 69
107 70
107 78
107 80
107 81
107 83
107 86
107 87
107 88
107 91
107 92
107 96
107 97
107 101
107 102
107 104
107 105
107 107
107 110
107 111
107 112
107 116
107 118
107 122
107 125
107 129
107 133
107 135
107 136
107 137
107 138
107 139
108 1
108 2
108 3
108 4
108 7
108 12
108 13
108 15
108 18
108 25
108 31
108 32
108 37
108 38
108 40
108 42
108 43
108 44
108 46
108 48
108 54
108 57
108 59
108 62
108 67
108 68
108 69
108 75
108 76
108 80
108 84
108 86
108 87
108 88
108 97
108 99
108 101
108 102
108 106
108 109
108 110
108 115
108 120
108 123
108 125
108 126
108 130
108 133
108 134
108 136
108 137
109 7
109 9
109 13
109 15
109 17
109 18
109 23
109 27
109 30
109 37
109 46
109 49
109 52
109 54
109 57
109 60
109 65
109 67
109 69
109 71
109 75
109 83
109 85
109 86
109 89
109 93
109 96
109 100
109 101
109 102
109 107
109 108
109 109
109 110
109 115
109 118
109 121
109 122
109 124
109 125
109 126
109 127
109 128
109 132
109 134
109 137
110 2
110 10
110 15
110 16
110 19
110 22
110 23
110 25
110 26
110 27
110 28
110 32
110 33
110 37
110 40
110 48
110 50
110 51
110 53
110 55
110 56
110 64
110 66
110 67
110 74
110 76
110 80
110 82
110 83
110 88
110 89
110 90
110 92
110 93
110 95
110 98
110 100
110 103
110 106
110 107
110 108
110 113
110 114
110 126
110 128
110 130
110 132
110 134
110 139
111 1
111 2
111 3
111 6
111 7
111 8
111 11
111 16
111 17
111 18
111 22
111 24
111 26
111 27
111 29
111 31
111 32
111 34
111 35
111 43
111 48
111 50
111 51
111 52
111 57
111 60
111 65
111 70
111 73
111 74
111 79
111 85
111 90
111 91
111 92
111 100
111 101
111 102
111 103
111 104
111 109
111 111
111 112
111 116
111 121
111 127
111 128
111 132
111 135
111 137
111 138
111 139
112 5
112 7
112 8
112 9
112 11
112 12
112 14
112 16
112 17
112 19
112 20
112 21
112 22
112 25
112 28
112 31
112 32
112 33
112 35
112 44
112 45
112 46
112 49
112 54
112 56
112 57
112 60
112 64
112 66
112 67
112 74
112 79
112 81
112 84
112 85
112 86
112 87
112 92
112 95
112 97
112 100
112 104
112 105
112 111
112 116
112 120
112 122
112 123
112 128
112 129
112 130
112 133
112 138
112 139
113 0
113 2
113 4
113 5
113 8
113 12
113 13
113 14
113 19
113 20
113 23
113 26
113 29
113 30
113 32
113 33
113 34
113 35
113 37
113 42
113 43
113 44
113 51
113 52
113 55
113 57
113 60
113 71
113 74
113 76
113 77
113 80
113 82
113 83
113 86
113 89
113 90
113 95
113 99
113 101
113 102
113 104
113 105
113 106
113 108
113 110
113 112
113 116
113 119
113 122
113 123
113 125
113 126
113 127
113 129
113 130
113 136
114 1
114 2
114 3
114 7
114 8
114 13
114 14
114 15
114 18
114 24
114 26
114 27
114 28
114 33
114 36
114 42
114 43
114 44
114 45
114 52
114 54
114 57
114 59
114 60
114 64
114 69
114 70
114 71
114 75
114 76
114 77
114 79
114 80
114 83
114 88
114 90
114 91
114 97
114 98
114 101
114 102
114 103
114 104
114 106
114 108
114 116
114 121
114 123
114 127
114 134
114 135
114 136
114 138
115 0
115 3
115 10
115 15
115 16
115 17
115 18
115 21
115 22
115 25
115 29
115 31
115 33
115 35
115 36
115 38
115 40
115 42
115 50
115 51
115 53
115 54
115 56
115 57
115 58
115 60
115 61
115 64
115 71
115 78
115 79
115 81
115 83
115 84
115 87
115 92
115 93
115 98
115 100
115 101
115 102
115 104
115 112
115 114
115 115
115 119
115 123
115 124
115 126
115 128
115 135
115 138
116 0
116 1
116 2
116 4
116 7
116 8
116 10
116 11
116 12
116 13
116 16
116 19
116 21
116 23
116 25
116 26
116 28
116 30
116 31
116 33
116 38
116 41
116 44
116 48
116 50
116 51
116 55
116 56
116 60
116 65
116 66
116 67
116 68
116 70
116 71
116 72
116 73
116 78
116 79
116 80
116 81
116 83
116 86
116 87
116 93
116 94
116 95
116 96
116 99
116 104
116 108
116 109
116 110
116 111
116 113
116 115
116 116
116 117
116 119
116 120
116 121
116 122
116 123
116 126
116 129
116 131
116 133
116 135
116 136
116 138
116 139
117 4
117 6
117 7
117 8
117 14
117 16
117 18
117 21
117 22
117 25
117 30
117 31
117 32
117 36
117 40
117 41
117 42
117 44
117 45
117 47
117 48
117 51
117 53
117 54
117 64
117 66
117 69
117 72
117 78
117 79
117 80
117 82
117 84
117 88
117 90
117 91
117 95
117 96
117 97
117 101
117 104
117 105
117 110
117 114
117 115
117 119
117 121
117 122
117 123
117 127
117 130
117 134
118 4
118 5
118 8
118 10
118 11
118 12
118 13
118 17
118 19
118 20
118 23
118 29
118 35
118 38
118 41
118 45
118 48
118 49
118 52
118 53
118 56
118 60
118 61
118 66
118 69
118 72
118 74
118 78
118 79
118 82
118 87
118 88
118 98
118 99
118 108
118 110
118 112
118 116
118 117
118 119
118 121
118 123
118 136
118 138
118 139
119 3
119 4
119 6
119 7
119 9
119 11
119 16
119 17
119 18
119 19
119 22
119 24
119 30
119 31
119 36
119 37
119 38
119 39
119 42
119 48
119 50
119 51
119 53
119 56
119 61
119 62
119 67
119 68
119 73
119 76
119 78
119 80
119 81
119 83
119 84
119 86
119 87
119 88
119 92
119 93
119 94
119 97
119 98
119 101
119 102
119 108
119 109
119 110
119 111
119 112
119 113
119 118
119 119
119 123
119 124
119 127
119 131
119 132
119 134
119 135
119 137
119 138
119 139
120 4
120 6
120 7
120 8
120 9
120 12
120 15
120 21
120 24
120 25
120 26
120 27
120 33
120 35
120 37
120 43
120 45
120 46
120 53
120 54
120 55
120 59
120 60
120 61
120 65
120 67
120 69
120 70
120 71
120 73
120 74
120 75
120 76
120 77
120 78
120 83
120 84
120 86
120 88
120 89
120 92
120 95
120 96
120 97
120 99
120 101
120 102
120 103
120 104
120 106
120 109
120 116
120 120
120 122
120 125
120 128
120 129
120 134
120 139
121 2
121 4
121 8
121 10
121 11
121 15
121 16
121 17
121 21
121 23
121 24
121 32
121 37
121 40
121 42
121 45
121 46
121 47
121 49
121 52
121 58
121 60
121 61
121 66
121 70
121 71
121 72
121 73
121 74
121 78
121 79
121 88
121 89
121 93
121 97
121 99
121 102
121 104
121 107
121 109
121 111
121 112
121 115
121 117
121 121
121 122
121 125
121 127
121 129
121 132
121 139
122 0
122 1
122 3
122 5
122 8
122 10
122 12
122 15
122 16
122 19
122 21
122 22
122 28
122 31
122 33
122 37
122 40
122 41
122 44
122 47
122 50
122 51
122 52
122 55
122 56
122 60
122 66
122 72
122 74
122 75
122 79
122 80
122 82
122 86
122 92
122 95
122 96
122 97
122 99
122 105
122 106
122 107
122 111
122 114
122 116
122 120
122 125
122 127
122 130
122 131
122 133
122 134
122 135
122 137
123 0
123 2
123 5
123 8
123 11
123 15
123 16
123 17
123 25
123 29
123 30
123 31
123 36
123 40
123 41
123 42
123 43
123 45
123 47
123 48
123 50
123 51
123 58
123 60
123 62
123 66
123 68
123 69
123 70
123 72
123 73
123 74
123 83
123 86
123 90
123 92
123 93
123 97
123 98
123 101
123 105
123 109
123 121
123 122
123 126
123 130
123 131
123 133
123 136
123 138
124 3
124 4
124 5
124 8
124 9
124 11
124 14
124 15
124 20
124 26
124 31
124 32
124 36
124 37
124 38
124 39
124 41
124 42
124 43
124 50
124 52
124 57
124 61
124 66
124 67
124 72
124 76
124 77
124 78
124 80
124 81
124 84
124 89
124 93
124 96
124 99
124 100
124 107
124 109
124 110
124 114
124 119
124 124
124 125
124 126
124 136
124 138
125 0
125 1
125 2
125 4
125 7
125 8
125 11
125 12
125 13
125 14
125 19
125 23
125 24
125 26
125 29
125 31
125 36
125 38
125 39
125 47
125 49
125 51
125 53
125 57
125 59
125 60
125 63
125 67
125 68
125 69
125 70
125 71
125 76
125 79
125 81
125 86
125 89
125 95
125 96
125 98
125 100
125 102
125 104
125 110
125 114
125 116
125 118
125 119
125 122
125 125
125 131
125 133
125 135
125 138
126 5
126 6
126 11
126 13
126 16
126 21
126 23
126 24
126 25
126 27
126 28
126 30
126 31
126 32
126 34
126 38
126 39
126 41
126 44
126 45
126 46
126 49
126 50
126 51
126 52
126 56
126 57
126 66
126 70
126 71
126 72
126 73
126 74
126 79
126 82
126 83
126 85
126 88
126 89
126 91
126 92
126 93
126 96
126 103
126 104
126 105
126 113
126 116
126 122
126 124
126 125
126 127
126 128
126 129
126 131
126 138
127 0
127 2
127 6
127 9
127 12
127 14
127 18
127 21
127 22
127 24
127 26
127 28
127 32
127 35
127 38
127 40
127 43
127 48
127 52
127 54
127 55
127 58
127 60
127 65
127 68
127 72
127 75
127 77
127 78
127 80
127 81
127 87
127 88
127 89
127 93
127 95
127 96
127 98
127 101
127 107
127 109
127 110
127 111
127 112
127 113
127 114
127 117
127 118
127 121
127 123
127 126
127 127
127 128
127 132
127 135
127 136
127 139
128 0
128 5
128 6
128 8
128 9
128 17
128 18
128 19
128 23
128 25
128 26
128 27
128 28
128 34
128 37
128 39
128 41
128 43
128 46
128 50
128 57
128 58
128 61
128 62
128 63
128 64
128 66
128 67
128 69
128 70
128 71
128 73
128 75
128 76
128 77
128 78
128 79
128 80
128 82
128 83
128 86
128 88
128 90
128 93
128 94
128 96
128 99
128 100
128 102
128 104
128 105
128 106
128 107
128 108
128 109
128 114
128 115
128 116
128 122
128 123
128 126
128 127
128 134
128 136
129 1
129 2
129 3
129 4
129 5
129 7
129 11
129 13
129 16
129 18
129 19
129 22
129 27
129 28
129 30
129 35
129 37
129 38
129 39
129 40
129 43
129 44
129 46
129 55
129 57
129 58
129 61
129 62
129 64
129 66
129 68
129 73
129 74
129 75
129 76
129 78
129 79
129 92
129 94
129 97
129 99
129 100
129 102
129 104
129 105
129 106
129 114
129 116
129 117
129 119
129 120
129 123
129 129
129 130
129 132
129 135
129 136
129 137
129 138
130 2
130 4
130 5
130 6
130 7
130 8
130 9
130 10
130 17
130 24
130 25
130 27
130 28
130 29
130 30
130 33
130 34
130 35
130 38
130 41
130 43
130 45
130 46
130 50
130 52
130 56
130 59
130 61
130 64
130 65
130 68
130 71
130 73
130 74
130 75
130 78
130 80
130 82
130 86
130 87
130 88
130 89
130 93
130 94
130 95
130 96
130 100
130 101
130 104
130 107
130 110
130 112
130 114
130 120
130 125
130 126
130 128
130 129
130 132
130 133
130 136
130 137
130 138
130 139
131 1
131 3
131 4
131 7
131 8
131 10
131 11
131 13
131 18
131 22
131 25
131 26
131 27
131 29
131 30
131 31
131 34
131 36
131 37
131 38
131 41
131 45
131 50
131 52
131 55
131 56
131 59
131 64
131 67
131 71
131 76
131 77
131 78
131 81
131 82
131 83
131 85
131 86
131 87
131 88
131 89
131 91
131 93
131 97
131 101
131 105
131 107
131 109
131 113
131 114
131 115
131 117
131 120
131 124
131 125
131 131
131 134
132 0
132 12
132 15
132 19
132 20
132 23
132 24
132 25
132 29
132 30
132 31
132 32
132 37
132 39
132 42
132 43
132 46
132 47
132 48
132 49
132 52
132 53
132 59
132 60
132 61
132 62
132 64
132 65
132 68
132 69
132 73
132 74
132 75
132 77
132 80
132 81
132 82
132 85
132 87
132 92
132 93
132 95
132 96
132 103
132 104
132 107
132 112
132 114
132 117
132 120
132 123
132 125
132 128
132 129
132 134
133 0
133 1
133 6
133 17
133 20
133 22
133 27
133 34
133 36
133 37
133 38
133 39
133 44
133 47
133 51
133 53
133 54
133 55
133 59
133 62
133 63
133 65
133 67
133 72
133 74
133 75
133 76
133 77
133 80
133 82
133 83
133 84
133 86
133 93
133 95
133 98
133 99
133 100
133 102
133 104
133 107
133 109
133 111
133 114
133 116
133 117
133 119
133 122
133 124
133 129
133 130
133 131
133 137
133 139
134 4
134 7
134 13
134 21
134 22
134 23
134 24
134 27
134 28
134 29
134 30
134 33
134 35
134 38
134 46
134 47
134 49
134 50
134 51
134 52
134 53
134 54
134 55
134 58
134 59
134 60
134 61
134 75
134 76
134 78
134 79
134 83
134 95
134 98
134 99
134 100
134 103
134 108
134 111
134 115
134 116
134 121
134 122
134 123
134 127
134 128
134 129
134 134
134 135
134 138
135 6
135 12
135 15
135 20
135 23
135 25
135 27
135 30
135 38
135 39
135 42
135 45
135 47
135 48
135 49
135 51
135 52
135 53
135 60
135 61
135 65
135 66
135 68
135 69
135 73
135 76
135 77
135 79
135 82
135 84
135 87
135 90
135 95
135 102
135 103
135 105
135 110
135 111
135 112
135 118
135 120
135 123
135 125
135 129
135 130
135 133
135 134
135 136
135 138
135 139
136 7
136 14
136 17
136 19
136 21
136 22
136 23
136 26
136 30
136 35
136 36
136 39
136 40
136 42
136 44
136 47
136 48
136 49
136 51
136 54
136 55
136 57
136 58
136 59
136 60
136 61
136 63
136 67
136 78
136 79
136 82
136 83
136 90
136 91
136 94
136 98
136 101
136 105
136 106
136 108
136 110
136 113
136 115
136 116
136 124
136 126
136 127
136 129
136 132
136 139
137 0
137 4
137 6
137 9
137 10
137 12
137 14
137 15
137 17
137 18
137 25
137 27
137 29
137 30
137 32
137 34
137 41
137 42
137 46
137 47
137 49
137 51
137 52
137 53
137 54
137 55
137 56
137 57
137 58
137 61
137 64
137 65
137 68
137 70
137 72
137 73
137 75
137 76
137 80
137 81
137 87
137 94
137 97
137 100
137 102
137 105
137 107
137 108
137 109
137 111
137 112
137 113
137 117
137 119
137 126
137 132
137 133
137 135
137 136
137 139
138 1
138 3
138 5
138 6
138 8
138 9
138 16
138 19
138 20
138 21
138 23
138 25
138 28
138 30
138 31
138 36
138 37
138 39
138 40
138 42
138 43
138 50
138 52
138 54
138 57
138 58
138 59
138 60
138 61
138 63
138 64
138 65
138 66
138 67
138 71
138 74
138 80
138 81
138 85
138 88
138 90
138 92
138 93
138 98
138 99
138 101
138 102
138 104
138 107
138 110
138 112
138 117
138 118
138 119
138 123
138 126
138 130
138 131
138 132
138 133
138 135
138 138
139 0
139 1
139 4
139 6
139 9
139 13
139 14
139 17
139 18
139 24
139 25
139 28
139 29
139 30
139 33
139 34
139 35
139 38
139 41
139 44
139 45
139 48
139 52
139 53
139 62
139 66
139 68
139 69
139 70
139 71
139 75
139 76
139 78
139 79
139 81
139 85
139 87
139 90
139 92
139 94
139 97
139 100
139 104
139 105
139 108
139 109
139 110
139 111
139 113
139 116
139 117
139 120
139 124
139 125
139 127
139 130
139 132
139 134
139 135
139 136
139 138
139 139
