100
2000
0 5
0 7
0 10
0 12
0 23
0 24
0 25
0 29
0 30
0 31
0 36
0 44
0 55
0 57
0 58
0 62
0 70
0 81
0 84
0 86
0 94
0 97
1 2
1 5
1 10
1 14
1 20
1 22
1 26
1 27
1 32
1 38
1 40
1 49
1 50
1 52
1 54
1 60
1 72
1 87
1 89
2 2
2 6
2 10
2 16
2 26
2 27
2 29
2 30
2 38
2 39
2 45
2 52
2 57
2 59
2 61
2 62
2 66
2 69
2 82
2 85
2 87
2 89
2 93
3 3
3 11
3 15
3 16
3 18
3 21
3 22
3 24
3 38
3 42
3 49
3 50
3 56
3 60
3 67
3 68
3 71
3 73
3 74
3 79
3 81
3 82
3 84
3 85
3 86
3 87
4 6
4 7
4 10
4 19
4 21
4 22
4 28
4 37
4 41
4 44
4 45
4 52
4 54
4 59
4 68
4 73
4 77
4 79
4 80
4 82
4 83
4 85
4 92
4 93
4 96
5 21
5 28
5 29
5 37
5 39
5 46
5 49
5 51
5 54
5 55
5 59
5 65
5 67
5 69
5 70
5 73
5 74
5 77
5 80
5 84
5 89
5 93
5 94
5 98
6 1
6 9
6 12
6 18
6 29
6 35
6 38
6 45
6 47
6 51
6 56
6 63
6 71
6 72
6 81
6 96
7 0
7 5
7 23
7 34
7 38
7 40
7 41
7 44
7 45
7 55
7 61
7 66
7 69
7 71
7 74
7 78
7 79
7 81
7 87
7 89
7 92
8 1
8 2
8 3
8 4
8 14
8 16
8 27
8 35
8 40
8 43
8 61
8 64
8 66
8 86
8 92
8 93
8 95
8 97
9 10
9 11
9 18
9 26
9 30
9 32
9 35
9 38
9 43
9 45
9 48
9 54
9 58
9 64
9 70
9 76
9 83
9 86
9 96
10 4
10 10
10 14
10 20
10 21
10 23
10 24
10 26
10 46
10 47
10 48
10 49
10 56
10 80
10 85
11 10
11 13
11 15
11 16
11 20
11 23
11 27
11 29
11 31
11 32
11 34
11 40
11 50
11 53
11 54
11 59
11 70
11 72
11 73
11 78
11 80
11 81
11 88
11 91
11 93
11 97
12 2
12 8
12 10
12 16
12 18
12 32
12 38
12 54
12 56
12 69
12 78
12 86
12 87
12 93
13 6
13 13
13 34
13 35
13 38
13 41
13 63
13 65
13 72
13 84
13 87
13 93
13 96
14 3
14 4
14 14
14 15
14 17
14 28
14 37
14 57
14 64
14 73
14 77
14 80
14 83
14 88
14 93
14 96
15 0
15 2
15 6
15 20
15 21
15 22
15 34
15 36
15 42
15 47
15 51
15 55
15 57
15 66
15 69
15 83
15 85
15 92
15 93
15 97
16 11
16 12
16 13
16 15
16 18
16 21
16 35
16 45
16 48
16 54
16 59
16 60
16 63
16 68
16 82
16 83
16 84
16 91
16 92
16 97
17 0
17 4
17 7
17 12
17 13
17 18
17 25
17 39
17 42
17 43
17 44
17 48
17 51
17 61
17 62
17 67
17 70
17 71
17 76
17 92
17 94
17 96
17 98
18 1
18 3
18 8
18 12
18 14
18 20
18 24
18 25
18 26
18 33
18 47
18 49
18 52
18 57
18 59
18 60
18 76
18 86
18 90
18 93
18 97
18 98
19 4
19 11
19 17
19 18
19 19
19 24
19 25
19 28
19 33
19 48
19 49
19 53
19 56
19 61
19 63
19 75
19 78
19 79
19 92
19 96
20 3
20 6
20 9
20 19
20 22
20 23
20 29
20 31
20 36
20 39
20 40
20 54
20 58
20 59
20 63
20 64
20 66
20 74
20 82
20 88
20 91
20 95
20 99
21 1
21 2
21 9
21 10
21 11
21 15
21 16
21 19
21 26
21 28
21 32
21 33
21 36
21 40
21 43
21 54
21 55
21 58
21 68
21 74
21 77
21 81
21 90
22 3
22 9
22 19
22 21
22 32
22 33
22 37
22 45
22 47
22 50
22 59
22 64
22 68
22 92
22 94
22 95
23 3
23 27
23 47
23 51
23 52
23 59
23 60
23 72
23 89
23 93
23 98
24 4
24 5
24 6
24 9
24 10
24 13
24 14
24 15
24 16
24 18
24 21
24 28
24 37
24 45
24 51
24 60
24 63
24 70
24 72
24 74
24 75
24 80
24 81
25 3
25 4
25 5
25 10
25 18
25 19
25 25
25 27
25 33
25 41
25 44
25 49
25 50
25 51
25 54
25 64
25 65
25 69
25 74
25 81
25 83
25 89
25 99
26 9
26 11
26 12
26 13
26 14
26 16
26 17
26 19
26 20
26 25
26 41
26 42
26 44
26 45
26 53
26 55
26 56
26 63
26 65
26 66
26 67
26 71
26 74
26 80
26 82
26 85
26 86
26 87
26 90
26 93
27 7
27 8
27 10
27 11
27 12
27 21
27 22
27 26
27 30
27 33
27 34
27 39
27 40
27 44
27 45
27 46
27 47
27 48
27 49
27 56
27 64
27 74
27 76
27 77
27 85
27 87
27 91
27 99
28 3
28 4
28 17
28 20
28 27
28 28
28 31
28 34
28 35
28 36
28 42
28 45
28 50
28 51
28 61
28 68
28 71
28 77
28 79
28 93
29 0
29 2
29 4
29 19
29 22
29 25
29 29
29 31
29 33
29 47
29 59
29 60
29 63
29 65
29 74
29 76
29 90
29 92
29 94
30 0
30 3
30 6
30 9
30 10
30 13
30 16
30 25
30 27
30 28
30 31
30 33
30 34
30 40
30 42
30 43
30 50
30 57
30 58
30 67
30 68
30 79
30 82
30 92
30 99
31 0
31 2
31 14
31 17
31 22
31 30
31 33
31 36
31 43
31 51
31 67
31 70
31 73
31 75
31 89
31 99
32 8
32 9
32 23
32 31
32 44
32 61
32 66
32 67
32 77
32 79
32 81
32 87
32 92
32 98
33 1
33 8
33 10
33 11
33 12
33 16
33 22
33 38
33 41
33 43
33 44
33 50
33 52
33 61
33 63
33 68
33 95
34 7
34 11
34 22
34 45
34 64
34 66
34 67
34 75
34 81
34 90
35 1
35 2
35 13
35 17
35 26
35 30
35 38
35 49
35 50
35 53
35 61
35 65
35 80
35 84
35 95
35 99
36 4
36 6
36 9
36 11
36 18
36 19
36 21
36 26
36 27
36 37
36 39
36 40
36 41
36 44
36 45
36 53
36 66
36 70
36 77
36 79
36 93
36 97
37 0
37 13
37 15
37 22
37 25
37 31
37 32
37 33
37 36
37 38
37 39
37 44
37 46
37 49
37 53
37 60
37 63
37 66
37 67
37 70
37 71
37 77
37 78
37 81
37 89
37 92
38 2
38 10
38 15
38 18
38 25
38 45
38 47
38 50
38 52
38 53
38 56
38 62
38 64
38 66
38 67
38 70
38 76
38 83
38 85
38 86
38 89
38 90
38 92
38 94
38 97
38 98
39 4
39 9
39 12
39 21
39 22
39 24
39 27
39 29
39 43
39 58
39 63
39 75
39 89
39 93
39 95
40 12
40 13
40 39
40 50
40 54
40 56
40 57
40 60
40 61
40 63
40 65
40 66
40 72
40 73
40 83
40 84
40 85
40 86
40 94
40 96
41 0
41 7
41 8
41 13
41 16
41 19
41 24
41 33
41 40
41 47
41 56
41 57
41 65
41 77
41 83
41 86
41 88
41 89
41 90
41 95
41 97
42 8
42 11
42 15
42 16
42 17
42 43
42 47
42 49
42 64
42 66
42 71
42 73
42 78
42 79
42 86
42 92
43 2
43 26
43 27
43 32
43 34
43 47
43 50
43 51
43 52
43 59
43 62
43 67
43 93
43 96
44 7
44 14
44 17
44 23
44 25
44 29
44 41
44 47
44 48
44 72
44 91
44 94
45 2
45 3
45 10
45 12
45 23
45 24
45 25
45 40
45 44
45 47
45 49
45 50
45 54
45 56
45 62
45 67
45 73
45 87
45 94
45 96
46 4
46 8
46 10
46 12
46 16
46 20
46 26
46 28
46 30
46 34
46 35
46 44
46 45
46 48
46 50
46 51
46 52
46 54
46 56
46 57
46 60
46 61
46 62
46 65
46 79
46 80
46 83
46 89
46 98
46 99
47 6
47 14
47 31
47 38
47 45
47 46
47 48
47 53
47 58
47 59
47 62
47 64
47 69
47 70
47 73
47 75
47 80
47 83
47 86
47 98
48 4
48 6
48 10
48 20
48 23
48 29
48 30
48 34
48 35
48 37
48 38
48 51
48 56
48 64
48 65
48 78
48 85
48 91
49 4
49 8
49 19
49 28
49 32
49 36
49 38
49 44
49 46
49 49
49 53
49 58
49 70
49 71
49 78
49 82
49 86
49 97
50 3
50 10
50 11
50 13
50 22
50 25
50 28
50 42
50 44
50 50
50 66
50 70
50 78
50 86
50 87
50 94
51 6
51 10
51 15
51 20
51 27
51 45
51 66
51 70
51 80
51 83
51 86
51 88
51 90
51 92
51 99
52 10
52 16
52 19
52 26
52 34
52 41
52 43
52 48
52 52
52 53
52 58
52 59
52 66
52 78
52 81
52 87
52 98
53 0
53 5
53 17
53 26
53 48
53 63
53 67
53 68
53 70
53 72
53 86
53 97
54 1
54 8
54 9
54 14
54 17
54 26
54 28
54 34
54 43
54 49
54 50
54 53
54 56
54 59
54 64
54 67
54 83
54 86
55 1
55 5
55 9
55 18
55 20
55 24
55 29
55 35
55 36
55 42
55 57
55 65
55 70
55 73
55 79
55 83
55 84
55 86
55 93
56 0
56 1
56 8
56 14
56 16
56 21
56 23
56 26
56 27
56 34
56 36
56 51
56 57
56 67
56 68
56 70
56 74
56 82
56 84
56 88
56 89
56 92
56 93
56 95
57 1
57 2
57 9
57 14
57 23
57 28
57 31
57 38
57 42
57 49
57 58
57 59
57 62
57 71
57 73
57 74
57 77
57 83
57 84
57 88
57 92
58 0
58 6
58 12
58 24
58 26
58 30
58 32
58 33
58 36
58 49
58 51
58 55
58 57
58 64
58 74
58 88
58 93
58 95
59 0
59 4
59 8
59 11
59 17
59 21
59 27
59 40
59 43
59 47
59 50
59 55
59 60
59 63
59 64
59 65
59 72
59 74
59 79
59 80
59 92
59 94
59 98
60 3
60 4
60 15
60 27
60 31
60 37
60 44
60 52
60 53
60 54
60 57
60 59
60 63
60 69
60 70
60 72
60 79
60 82
60 84
60 88
60 89
60 90
60 91
60 98
61 3
61 4
61 18
61 19
61 22
61 25
61 42
61 57
61 62
61 69
61 93
61 95
62 0
62 2
62 3
62 4
62 19
62 20
62 21
62 22
62 26
62 29
62 30
62 31
62 35
62 36
62 44
62 47
62 52
62 53
62 65
62 66
62 67
62 74
62 79
62 88
62 93
62 95
62 96
62 97
63 4
63 10
63 15
63 19
63 29
63 32
63 33
63 35
63 49
63 51
63 52
63 54
63 69
63 72
63 83
63 87
63 91
63 96
64 5
64 10
64 14
64 17
64 22
64 27
64 31
64 34
64 51
64 56
64 59
64 69
64 70
64 75
64 79
64 81
64 82
64 83
64 84
64 89
64 90
64 97
65 14
65 22
65 23
65 25
65 28
65 56
65 63
65 64
65 65
65 66
65 69
65 73
65 74
65 76
65 83
65 92
65 97
65 98
65 99
66 0
66 3
66 15
66 29
66 34
66 39
66 46
66 48
66 50
66 57
66 67
66 68
66 69
66 72
66 84
66 93
67 1
67 6
67 14
67 29
67 32
67 39
67 51
67 61
67 71
67 72
67 82
67 83
67 90
68 16
68 18
68 20
68 25
68 27
68 28
68 34
68 41
68 42
68 48
68 49
68 57
68 58
68 62
68 63
68 67
68 77
68 80
68 82
68 87
68 89
68 93
68 96
68 97
69 7
69 15
69 21
69 25
69 32
69 44
69 45
69 48
69 57
69 62
69 66
69 73
69 74
69 76
69 77
69 82
69 87
69 88
69 91
69 98
70 0
70 1
70 7
70 20
70 25
70 26
70 34
70 38
70 39
70 42
70 48
70 54
70 58
70 59
70 60
70 64
70 80
70 81
70 82
70 84
70 89
71 3
71 4
71 5
71 16
71 21
71 23
71 27
71 28
71 34
71 42
71 46
71 53
71 57
71 59
71 60
71 62
71 63
71 65
71 69
71 83
71 84
71 93
71 96
71 97
71 99
72 18
72 27
72 32
72 34
72 37
72 44
72 46
72 47
72 52
72 59
72 60
72 63
72 67
72 84
72 85
72 89
72 92
72 96
72 97
72 99
73 6
73 11
73 12
73 17
73 20
73 21
73 26
73 27
73 43
73 48
73 53
73 62
73 65
73 66
73 68
73 71
73 72
73 73
73 83
73 84
74 8
74 9
74 10
74 15
74 16
74 20
74 25
74 29
74 31
74 38
74 40
74 44
74 54
74 63
74 69
74 74
74 80
74 90
75 1
75 14
75 16
75 22
75 28
75 29
75 35
75 47
75 50
75 57
75 62
75 74
75 79
75 80
75 93
75 96
75 98
76 0
76 2
76 4
76 11
76 13
76 16
76 21
76 27
76 31
76 41
76 47
76 59
76 60
76 61
76 65
76 80
76 97
77 1
77 10
77 16
77 17
77 29
77 31
77 32
77 37
77 38
77 43
77 45
77 52
77 56
77 59
77 66
77 67
77 69
77 71
77 78
77 79
77 80
77 88
77 98
77 99
78 5
78 8
78 20
78 26
78 29
78 32
78 44
78 46
78 47
78 50
78 59
78 61
78 62
78 71
78 79
78 82
78 85
78 89
78 91
78 92
78 96
78 97
78 98
79 3
79 12
79 13
79 14
79 25
79 35
79 36
79 37
79 40
79 50
79 56
79 57
79 63
79 65
79 66
79 68
79 70
79 88
79 96
80 3
80 5
80 8
80 12
80 25
80 30
80 31
80 33
80 35
80 37
80 39
80 48
80 53
80 68
80 72
80 76
80 82
80 87
80 96
81 4
81 7
81 13
81 15
81 21
81 38
81 50
81 51
81 57
81 58
81 59
81 68
81 74
81 80
81 85
81 88
81 91
81 99
82 13
82 14
82 20
82 28
82 33
82 35
82 41
82 42
82 43
82 45
82 50
82 51
82 55
82 58
82 60
82 65
82 66
82 67
82 69
82 78
82 79
82 81
82 85
82 87
82 91
82 95
82 96
83 3
83 5
83 10
83 15
83 18
83 26
83 39
83 40
83 48
83 56
83 58
83 59
83 61
83 73
83 78
83 83
83 88
83 90
83 94
83 99
84 3
84 5
84 6
84 7
84 15
84 16
84 21
84 25
84 28
84 39
84 45
84 46
84 48
84 49
84 50
84 52
84 56
84 65
84 71
84 82
84 94
84 95
84 96
84 97
85 16
85 19
85 22
85 44
85 49
85 51
85 52
85 61
85 73
85 74
85 79
85 81
85 84
85 92
85 95
85 98
86 5
86 11
86 23
86 27
86 31
86 33
86 40
86 49
86 51
86 55
86 58
86 61
86 69
86 71
86 75
86 84
86 87
86 90
86 93
86 98
87 1
87 5
87 8
87 16
87 17
87 24
87 28
87 30
87 31
87 42
87 45
87 53
87 54
87 65
87 85
87 95
88 1
88 10
88 12
88 15
88 18
88 23
88 32
88 36
88 38
88 46
88 50
88 51
88 64
88 77
88 78
88 82
88 83
88 85
88 86
88 90
88 92
88 93
88 97
88 99
89 1
89 11
89 17
89 20
89 31
89 36
89 37
89 45
89 48
89 57
89 61
89 64
89 69
89 80
89 81
89 86
89 88
89 96
89 97
89 98
90 0
90 1
90 3
90 9
90 11
90 19
90 23
90 24
90 32
90 33
90 36
90 37
90 44
90 51
90 53
90 56
90 58
90 60
90 65
90 66
90 77
90 90
90 96
90 98
90 99
91 12
91 18
91 19
91 20
91 34
91 35
91 37
91 41
91 44
91 53
91 57
91 59
91 64
91 66
91 70
91 71
91 72
91 73
91 86
91 92
92 6
92 13
92 14
92 15
92 17
92 23
92 26
92 27
92 33
92 37
92 39
92 49
92 51
92 52
92 54
92 60
92 67
92 68
92 69
92 78
92 81
92 83
92 87
92 88
92 90
92 96
92 97
93 0
93 5
93 7
93 8
93 12
93 15
93 26
93 30
93 34
93 38
93 43
93 44
93 46
93 49
93 51
93 55
93 57
93 65
93 70
93 74
93 75
93 76
93 91
93 93
93 94
93 97
94 6
94 7
94 9
94 10
94 19
94 22
94 28
94 29
94 34
94 41
94 46
94 48
94 60
94 61
94 69
94 72
94 80
94 85
94 90
95 2
95 4
95 5
95 7
95 15
95 33
95 38
95 39
95 41
95 45
95 51
95 55
95 56
95 57
95 64
95 66
95 79
95 85
95 90
96 0
96 2
96 3
96 11
96 17
96 25
96 27
96 32
96 38
96 40
96 41
96 43
96 48
96 55
96 57
96 60
96 67
96 69
96 72
96 74
96 80
96 85
96 91
96 93
96 98
97 3
97 4
97 8
97 9
97 15
97 18
97 19
97 23
97 26
97 29
97 33
97 38
97 40
97 41
97 48
97 56
97 57
97 64
97 66
97 87
98 4
98 8
98 25
98 32
98 33
98 35
98 36
98 42
98 43
98 45
98 54
98 56
98 58
98 62
98 64
98 68
98 74
98 77
98 82
98 83
98 89
98 97
99 1
99 12
99 19
99 22
99 25
99 32
99 38
99 43
99 44
99 46
99 54
99 59
99 73
99 79
99 83
99 92
