200
8000
0 4
0 17
0 21
0 26
0 27
0 41
0 55
0 63
0 64
0 66
0 72
0 84
0 94
0 97
0 102
0 104
0 111
0 114
0 118
0 121
0 126
0 128
0 129
0 133
0 134
0 140
0 143
0 145
0 146
0 148
0 155
0 161
0 175
0 178
0 180
0 181
0 183
0 187
0 189
0 194
1 1
1 6
1 10
1 20
1 27
1 29
1 37
1 51
1 52
1 54
1 56
1 58
1 63
1 65
1 69
1 83
1 89
1 104
1 112
1 115
1 126
1 127
1 136
1 137
1 142
1 143
1 148
1 150
1 156
1 157
1 165
1 168
1 169
1 172
1 175
1 177
1 181
1 186
1 187
1 189
1 191
1 196
2 5
2 11
2 35
2 36
2 44
2 50
2 53
2 54
2 58
2 63
2 66
2 69
2 75
2 81
2 99
2 108
2 110
2 114
2 119
2 127
2 129
2 133
2 134
2 137
2 140
2 142
2 145
2 149
2 161
2 162
2 167
2 185
2 186
2 193
3 1
3 4
3 6
3 18
3 19
3 22
3 23
3 25
3 26
3 28
3 32
3 34
3 38
3 40
3 41
3 43
3 51
3 55
3 61
3 68
3 70
3 80
3 85
3 86
3 108
3 117
3 120
3 125
3 128
3 130
3 135
3 140
3 141
3 145
3 149
3 150
3 151
3 154
3 156
3 160
3 164
3 173
3 178
3 179
3 184
3 186
3 194
4 1
4 4
4 10
4 19
4 31
4 36
4 45
4 61
4 64
4 75
4 88
4 91
4 102
4 103
4 111
4 113
4 116
4 120
4 129
4 130
4 134
4 144
4 146
4 151
4 152
4 158
4 160
4 163
4 168
4 175
4 176
4 178
4 182
4 194
5 0
5 12
5 14
5 16
5 27
5 38
5 53
5 55
5 57
5 62
5 70
5 79
5 87
5 89
5 96
5 97
5 98
5 109
5 113
5 123
5 124
5 125
5 131
5 144
5 146
5 147
5 148
5 152
5 157
5 165
5 171
5 180
5 198
6 3
6 8
6 16
6 20
6 22
6 23
6 24
6 46
6 51
6 53
6 56
6 58
6 70
6 73
6 76
6 92
6 94
6 105
6 115
6 127
6 128
6 131
6 134
6 135
6 147
6 151
6 153
6 155
6 158
6 160
6 169
6 171
6 173
6 189
6 192
6 193
6 196
7 7
7 8
7 9
7 10
7 11
7 19
7 24
7 35
7 36
7 41
7 56
7 58
7 59
7 62
7 73
7 75
7 82
7 86
7 87
7 88
7 89
7 102
7 106
7 108
7 114
7 120
7 123
7 127
7 135
7 137
7 139
7 141
7 156
7 157
7 165
7 174
7 175
7 179
7 181
7 182
7 186
7 195
7 198
8 0
8 7
8 9
8 12
8 13
8 14
8 26
8 33
8 38
8 42
8 46
8 47
8 48
8 50
8 53
8 55
8 58
8 69
8 89
8 95
8 98
8 99
8 100
8 101
8 105
8 106
8 107
8 108
8 112
8 114
8 117
8 120
8 125
8 127
8 128
8 131
8 135
8 137
8 148
8 150
8 164
8 165
8 170
8 173
8 175
8 180
8 184
8 189
8 191
8 196
8 197
9 2
9 4
9 9
9 20
9 22
9 23
9 27
9 28
9 33
9 37
9 39
9 49
9 50
9 54
9 59
9 66
9 69
9 77
9 87
9 88
9 90
9 96
9 99
9 115
9 117
9 119
9 120
9 123
9 124
9 137
9 155
9 157
9 169
9 178
9 180
9 198
10 0
10 16
10 20
10 23
10 24
10 28
10 32
10 35
10 36
10 37
10 39
10 40
10 42
10 48
10 58
10 63
10 72
10 75
10 77
10 85
10 98
10 104
10 108
10 122
10 131
10 132
10 138
10 140
10 143
10 155
10 175
10 178
10 195
10 199
11 16
11 18
11 20
11 21
11 24
11 25
11 32
11 43
11 46
11 50
11 52
11 57
11 59
11 62
11 73
11 77
11 94
11 96
11 98
11 100
11 102
11 103
11 106
11 108
11 118
11 120
11 121
11 123
11 125
11 128
11 134
11 142
11 145
11 150
11 151
11 152
11 154
11 159
11 165
11 177
11 180
11 183
11 185
11 192
11 196
12 7
12 9
12 12
12 19
12 21
12 30
12 33
12 34
12 43
12 47
12 49
12 50
12 55
12 60
12 61
12 67
12 69
12 71
12 75
12 81
12 84
12 86
12 111
12 115
12 124
12 133
12 140
12 155
12 156
12 160
12 168
12 175
12 178
12 180
12 185
12 195
13 5
13 6
13 8
13 14
13 19
13 25
13 30
13 35
13 58
13 74
13 101
13 102
13 103
13 108
13 109
13 120
13 124
13 125
13 130
13 134
13 146
13 150
13 154
13 159
13 160
13 172
13 173
13 176
13 181
13 183
13 186
13 189
13 196
13 198
14 0
14 7
14 16
14 18
14 22
14 23
14 34
14 35
14 43
14 44
14 51
14 64
14 69
14 75
14 81
14 84
14 87
14 119
14 121
14 129
14 135
14 141
14 142
14 147
14 150
14 157
14 163
14 164
14 171
14 173
14 182
14 183
14 184
14 187
14 191
15 0
15 4
15 5
15 8
15 10
15 20
15 24
15 26
15 30
15 31
15 36
15 37
15 47
15 50
15 64
15 68
15 70
15 73
15 74
15 75
15 76
15 84
15 86
15 92
15 94
15 101
15 109
15 116
15 118
15 122
15 124
15 127
15 130
15 137
15 143
15 144
15 151
15 154
15 161
15 165
15 177
15 182
15 189
15 191
16 4
16 7
16 8
16 10
16 13
16 18
16 23
16 24
16 32
16 34
16 36
16 38
16 58
16 71
16 72
16 74
16 76
16 77
16 78
16 95
16 100
16 105
16 107
16 117
16 120
16 122
16 126
16 132
16 134
16 142
16 143
16 144
16 147
16 150
16 151
16 159
16 160
16 163
16 170
16 171
16 179
16 183
16 192
17 3
17 4
17 12
17 17
17 24
17 25
17 41
17 43
17 55
17 56
17 65
17 67
17 69
17 77
17 81
17 83
17 87
17 90
17 98
17 100
17 101
17 105
17 108
17 109
17 112
17 115
17 120
17 127
17 128
17 129
17 132
17 133
17 143
17 152
17 153
17 162
17 165
17 168
17 169
17 177
17 179
17 181
17 187
17 192
17 199
18 20
18 34
18 36
18 38
18 39
18 45
18 50
18 54
18 55
18 60
18 61
18 72
18 74
18 77
18 83
18 92
18 93
18 95
18 99
18 102
18 113
18 116
18 118
18 119
18 132
18 144
18 146
18 157
18 158
18 160
18 171
18 172
18 187
18 195
19 4
19 12
19 21
19 29
19 31
19 33
19 35
19 40
19 42
19 44
19 46
19 47
19 50
19 55
19 57
19 58
19 69
19 70
19 73
19 81
19 85
19 91
19 93
19 96
19 97
19 108
19 112
19 116
19 117
19 122
19 125
19 129
19 130
19 131
19 137
19 140
19 141
19 145
19 148
19 172
19 186
19 195
20 0
20 1
20 7
20 12
20 20
20 21
20 25
20 33
20 46
20 48
20 57
20 59
20 61
20 68
20 71
20 76
20 83
20 84
20 85
20 88
20 94
20 96
20 108
20 111
20 115
20 119
20 125
20 126
20 128
20 130
20 145
20 149
20 152
20 157
20 168
20 186
21 3
21 11
21 14
21 16
21 25
21 27
21 29
21 36
21 37
21 53
21 72
21 76
21 77
21 86
21 89
21 90
21 103
21 108
21 112
21 122
21 129
21 142
21 148
21 154
21 156
21 157
21 158
21 176
21 181
21 183
21 188
21 197
22 0
22 5
22 10
22 11
22 14
22 15
22 17
22 20
22 35
22 36
22 40
22 43
22 45
22 56
22 65
22 76
22 79
22 82
22 91
22 92
22 104
22 111
22 117
22 137
22 144
22 146
22 150
22 157
22 164
22 166
22 174
22 175
22 177
22 178
22 182
22 185
22 187
22 192
22 194
22 197
23 4
23 6
23 8
23 16
23 26
23 29
23 34
23 43
23 51
23 53
23 61
23 64
23 65
23 67
23 72
23 81
23 84
23 86
23 96
23 97
23 101
23 112
23 117
23 121
23 129
23 135
23 137
23 138
23 140
23 147
23 153
23 159
23 160
23 177
23 183
23 198
24 2
24 5
24 7
24 11
24 35
24 43
24 45
24 55
24 61
24 65
24 67
24 69
24 73
24 79
24 85
24 89
24 95
24 100
24 102
24 104
24 117
24 122
24 123
24 127
24 128
24 132
24 133
24 136
24 147
24 150
24 157
24 160
24 163
24 166
24 171
24 175
24 181
24 184
24 188
24 190
24 192
24 196
24 197
25 0
25 2
25 15
25 17
25 20
25 21
25 26
25 27
25 35
25 47
25 48
25 57
25 59
25 68
25 88
25 91
25 94
25 95
25 96
25 99
25 100
25 101
25 102
25 108
25 110
25 119
25 136
25 146
25 148
25 152
25 153
25 168
25 180
25 181
25 183
25 189
25 191
25 192
25 194
26 3
26 7
26 10
26 13
26 14
26 21
26 27
26 29
26 31
26 50
26 54
26 57
26 64
26 66
26 70
26 75
26 79
26 92
26 107
26 114
26 115
26 118
26 119
26 134
26 136
26 138
26 140
26 149
26 150
26 155
26 163
26 169
26 171
26 175
26 177
26 179
26 185
26 199
27 2
27 5
27 6
27 7
27 11
27 13
27 16
27 19
27 20
27 22
27 27
27 32
27 55
27 57
27 60
27 65
27 66
27 70
27 73
27 82
27 83
27 89
27 97
27 98
27 102
27 108
27 110
27 118
27 126
27 133
27 138
27 140
27 142
27 145
27 153
27 155
27 156
27 159
27 172
27 175
28 1
28 2
28 5
28 12
28 14
28 16
28 25
28 26
28 31
28 46
28 59
28 63
28 65
28 66
28 75
28 80
28 94
28 96
28 102
28 115
28 117
28 123
28 138
28 153
28 159
28 162
28 170
28 171
28 179
28 181
28 189
29 1
29 2
29 12
29 18
29 19
29 24
29 27
29 33
29 34
29 47
29 49
29 55
29 59
29 62
29 64
29 66
29 69
29 70
29 73
29 77
29 80
29 83
29 88
29 90
29 94
29 100
29 105
29 113
29 119
29 120
29 122
29 125
29 136
29 137
29 141
29 142
29 143
29 148
29 151
29 153
29 165
29 174
29 175
29 176
29 177
29 188
29 192
29 198
29 199
30 0
30 1
30 4
30 28
30 29
30 32
30 36
30 39
30 46
30 49
30 50
30 51
30 52
30 53
30 59
30 63
30 65
30 69
30 72
30 73
30 75
30 79
30 88
30 92
30 96
30 102
30 108
30 113
30 124
30 125
30 127
30 128
30 133
30 136
30 139
30 142
30 145
30 149
30 163
30 164
30 165
30 168
30 179
30 183
30 188
31 1
31 3
31 13
31 15
31 20
31 33
31 37
31 41
31 42
31 44
31 45
31 46
31 50
31 66
31 70
31 77
31 79
31 81
31 82
31 99
31 107
31 109
31 116
31 123
31 129
31 130
31 131
31 142
31 144
31 146
31 156
31 162
31 173
31 175
31 180
31 183
31 190
32 13
32 17
32 19
32 24
32 40
32 43
32 48
32 52
32 54
32 62
32 65
32 70
32 72
32 77
32 83
32 90
32 95
32 97
32 102
32 111
32 127
32 133
32 136
32 137
32 138
32 141
32 158
32 159
32 160
32 163
32 164
32 165
32 166
32 171
32 172
32 179
32 189
32 193
33 10
33 17
33 18
33 34
33 42
33 44
33 46
33 49
33 66
33 68
33 70
33 73
33 74
33 81
33 86
33 89
33 91
33 96
33 102
33 110
33 122
33 124
33 125
33 127
33 131
33 132
33 135
33 137
33 141
33 143
33 160
33 165
33 168
33 173
33 174
33 175
33 181
33 182
33 187
33 191
34 0
34 1
34 11
34 16
34 21
34 23
34 26
34 32
34 35
34 38
34 42
34 45
34 49
34 54
34 59
34 71
34 72
34 73
34 82
34 86
34 89
34 92
34 101
34 105
34 108
34 115
34 119
34 121
34 132
34 140
34 142
34 143
34 146
34 148
34 152
34 156
34 157
34 165
34 169
34 173
34 178
34 189
34 191
34 194
35 2
35 3
35 13
35 16
35 21
35 30
35 31
35 34
35 35
35 36
35 38
35 45
35 47
35 49
35 51
35 58
35 62
35 64
35 73
35 77
35 83
35 93
35 106
35 108
35 111
35 114
35 123
35 132
35 140
35 143
35 145
35 148
35 151
35 161
35 163
35 168
35 173
35 179
35 183
35 188
35 193
35 195
35 196
36 7
36 16
36 23
36 29
36 31
36 36
36 40
36 51
36 55
36 56
36 59
36 61
36 63
36 65
36 66
36 70
36 71
36 80
36 83
36 84
36 85
36 86
36 90
36 92
36 103
36 104
36 107
36 115
36 117
36 122
36 125
36 128
36 130
36 153
36 155
36 156
36 162
36 165
36 168
36 175
36 177
36 179
36 187
37 3
37 7
37 8
37 18
37 24
37 25
37 32
37 50
37 51
37 54
37 55
37 60
37 63
37 68
37 72
37 73
37 74
37 75
37 80
37 86
37 92
37 93
37 95
37 119
37 124
37 129
37 131
37 133
37 141
37 142
37 143
37 150
37 156
37 157
37 159
37 166
37 170
37 171
37 172
37 177
37 179
37 181
37 182
37 183
37 184
37 188
37 190
37 196
38 0
38 3
38 11
38 20
38 22
38 37
38 41
38 46
38 51
38 58
38 61
38 78
38 80
38 100
38 104
38 105
38 106
38 107
38 118
38 119
38 121
38 134
38 135
38 136
38 137
38 144
38 149
38 164
38 166
38 172
38 180
38 186
38 191
39 4
39 14
39 21
39 35
39 39
39 40
39 47
39 48
39 70
39 72
39 79
39 83
39 84
39 85
39 90
39 91
39 94
39 95
39 99
39 102
39 107
39 108
39 111
39 119
39 121
39 138
39 140
39 144
39 146
39 154
39 157
39 166
39 167
39 176
39 185
39 191
39 194
40 0
40 6
40 9
40 11
40 12
40 13
40 28
40 33
40 35
40 41
40 44
40 48
40 54
40 63
40 66
40 72
40 76
40 79
40 80
40 89
40 92
40 97
40 98
40 105
40 108
40 109
40 117
40 125
40 126
40 132
40 134
40 139
40 141
40 153
40 154
40 155
40 156
40 157
40 162
40 164
40 168
40 169
40 176
40 184
40 186
40 187
40 188
40 189
40 191
40 192
40 198
40 199
41 7
41 17
41 25
41 33
41 41
41 45
41 53
41 54
41 57
41 65
41 75
41 93
41 98
41 100
41 106
41 112
41 113
41 116
41 117
41 118
41 120
41 125
41 127
41 138
41 139
41 149
41 169
41 170
41 176
41 177
41 180
41 182
42 3
42 8
42 17
42 18
42 20
42 31
42 33
42 36
42 49
42 51
42 57
42 63
42 70
42 82
42 86
42 94
42 95
42 96
42 98
42 104
42 109
42 112
42 126
42 131
42 135
42 139
42 142
42 153
42 157
42 158
42 164
42 165
42 168
42 173
42 177
42 179
42 182
42 185
42 187
42 195
42 197
42 198
43 2
43 8
43 9
43 24
43 42
43 47
43 51
43 56
43 66
43 67
43 68
43 75
43 77
43 79
43 84
43 87
43 93
43 124
43 126
43 129
43 131
43 132
43 134
43 135
43 138
43 140
43 149
43 155
43 162
43 166
43 174
43 185
43 190
43 195
43 196
44 0
44 1
44 3
44 13
44 15
44 16
44 24
44 25
44 26
44 40
44 52
44 63
44 64
44 67
44 72
44 73
44 78
44 81
44 86
44 100
44 106
44 112
44 119
44 120
44 126
44 128
44 129
44 133
44 139
44 142
44 145
44 147
44 148
44 154
44 156
44 167
44 182
44 184
44 185
44 191
44 192
44 193
44 194
44 199
45 2
45 3
45 13
45 18
45 20
45 32
45 40
45 44
45 47
45 71
45 72
45 78
45 81
45 82
45 84
45 89
45 91
45 92
45 97
45 99
45 100
45 103
45 104
45 105
45 110
45 115
45 120
45 135
45 138
45 142
45 146
45 151
45 159
45 163
45 165
45 175
45 185
45 189
46 1
46 5
46 10
46 14
46 30
46 32
46 35
46 46
46 50
46 52
46 66
46 68
46 70
46 75
46 76
46 83
46 85
46 89
46 92
46 94
46 97
46 107
46 110
46 119
46 124
46 132
46 133
46 134
46 135
46 136
46 140
46 150
46 153
46 155
46 161
46 162
46 165
46 170
46 172
46 173
46 177
46 184
46 185
46 190
46 191
46 192
46 194
46 195
46 198
47 0
47 1
47 7
47 8
47 9
47 11
47 19
47 23
47 27
47 28
47 30
47 33
47 43
47 50
47 52
47 54
47 56
47 68
47 75
47 78
47 88
47 89
47 90
47 99
47 100
47 102
47 106
47 108
47 119
47 125
47 134
47 142
47 143
47 145
47 146
47 153
47 154
47 155
47 158
47 160
47 164
47 168
47 177
47 185
47 188
47 192
47 194
47 196
48 5
48 13
48 14
48 27
48 34
48 38
48 43
48 54
48 56
48 57
48 63
48 65
48 68
48 73
48 80
48 99
48 103
48 110
48 117
48 120
48 125
48 126
48 130
48 131
48 132
48 135
48 137
48 139
48 142
48 144
48 156
48 163
48 166
48 168
48 170
48 171
48 174
48 175
48 187
48 191
48 196
48 199
49 9
49 16
49 18
49 22
49 29
49 30
49 31
49 34
49 45
49 50
49 53
49 55
49 66
49 69
49 71
49 82
49 94
49 97
49 100
49 106
49 120
49 138
49 148
49 166
49 173
49 180
49 181
49 182
49 185
49 189
49 197
50 4
50 9
50 11
50 17
50 19
50 20
50 28
50 40
50 42
50 65
50 67
50 74
50 78
50 87
50 92
50 101
50 103
50 104
50 105
50 111
50 119
50 121
50 128
50 130
50 139
50 141
50 150
50 158
50 159
50 161
50 168
50 169
50 177
50 184
50 185
50 187
50 188
50 194
51 2
51 3
51 4
51 5
51 10
51 11
51 13
51 15
51 16
51 17
51 18
51 22
51 25
51 36
51 38
51 39
51 54
51 55
51 62
51 64
51 72
51 79
51 99
51 103
51 105
51 107
51 111
51 113
51 114
51 116
51 122
51 128
51 145
51 148
51 151
51 152
51 169
51 182
51 183
51 189
51 192
51 196
52 1
52 3
52 7
52 8
52 9
52 16
52 22
52 40
52 46
52 52
52 58
52 59
52 63
52 65
52 68
52 69
52 74
52 76
52 87
52 92
52 93
52 95
52 104
52 107
52 114
52 116
52 130
52 131
52 134
52 138
52 152
52 153
52 159
52 161
52 162
52 164
52 173
52 179
52 183
52 184
52 189
52 190
52 191
53 0
53 4
53 12
53 16
53 21
53 31
53 32
53 33
53 35
53 45
53 49
53 54
53 60
53 62
53 66
53 67
53 76
53 82
53 91
53 94
53 95
53 99
53 109
53 115
53 123
53 128
53 137
53 138
53 141
53 144
53 147
53 154
53 173
53 176
53 179
53 181
53 190
53 196
54 0
54 1
54 2
54 4
54 5
54 8
54 11
54 13
54 15
54 16
54 21
54 28
54 38
54 39
54 52
54 53
54 70
54 71
54 75
54 77
54 79
54 95
54 102
54 103
54 108
54 109
54 113
54 114
54 129
54 138
54 141
54 142
54 147
54 157
54 172
54 175
54 176
54 182
54 196
54 199
55 5
55 7
55 8
55 9
55 10
55 12
55 14
55 37
55 43
55 50
55 51
55 56
55 68
55 69
55 77
55 78
55 80
55 85
55 92
55 93
55 99
55 108
55 132
55 138
55 140
55 144
55 147
55 148
55 156
55 158
55 161
55 164
55 166
55 167
55 170
55 180
55 187
55 191
55 199
56 0
56 14
56 17
56 20
56 22
56 30
56 33
56 35
56 36
56 45
56 56
56 59
56 62
56 67
56 69
56 70
56 74
56 77
56 80
56 84
56 87
56 108
56 110
56 114
56 119
56 124
56 129
56 140
56 141
56 142
56 144
56 148
56 149
56 162
56 170
56 181
56 184
56 193
56 195
56 196
57 5
57 7
57 9
57 15
57 16
57 22
57 35
57 39
57 40
57 44
57 45
57 46
57 50
57 54
57 60
57 62
57 63
57 65
57 71
57 79
57 81
57 91
57 92
57 96
57 108
57 115
57 121
57 143
57 146
57 162
57 163
57 166
57 167
57 169
57 181
57 187
57 193
57 195
58 3
58 5
58 15
58 20
58 34
58 36
58 46
58 52
58 54
58 56
58 59
58 62
58 65
58 69
58 71
58 76
58 79
58 80
58 85
58 92
58 94
58 95
58 98
58 100
58 105
58 106
58 114
58 117
58 123
58 125
58 135
58 148
58 160
58 170
58 187
59 14
59 16
59 20
59 28
59 38
59 51
59 60
59 61
59 67
59 72
59 73
59 79
59 82
59 89
59 90
59 95
59 99
59 109
59 111
59 132
59 135
59 144
59 152
59 154
59 159
59 162
59 163
59 171
59 182
59 186
59 198
60 3
60 8
60 9
60 12
60 16
60 17
60 19
60 21
60 32
60 40
60 41
60 43
60 45
60 48
60 51
60 55
60 57
60 67
60 78
60 91
60 94
60 109
60 114
60 116
60 119
60 123
60 131
60 138
60 146
60 161
60 163
60 164
60 166
60 170
60 171
60 172
60 176
60 179
60 185
60 188
61 0
61 3
61 6
61 7
61 9
61 12
61 13
61 15
61 29
61 30
61 32
61 35
61 43
61 44
61 45
61 66
61 72
61 73
61 79
61 89
61 90
61 96
61 97
61 99
61 111
61 113
61 114
61 115
61 127
61 130
61 133
61 139
61 152
61 154
61 156
61 157
61 168
61 170
61 177
61 179
61 186
61 187
61 192
62 1
62 5
62 10
62 15
62 18
62 19
62 37
62 39
62 41
62 45
62 52
62 61
62 67
62 69
62 85
62 87
62 102
62 107
62 115
62 121
62 122
62 131
62 138
62 142
62 146
62 151
62 159
62 160
62 167
62 169
62 171
62 173
62 175
62 184
62 187
62 192
62 193
62 195
63 2
63 4
63 5
63 7
63 8
63 10
63 20
63 25
63 28
63 34
63 35
63 43
63 45
63 50
63 52
63 55
63 59
63 71
63 73
63 80
63 81
63 85
63 90
63 91
63 101
63 102
63 103
63 105
63 106
63 118
63 119
63 136
63 141
63 145
63 146
63 154
63 157
63 164
63 178
63 179
63 188
63 191
63 196
64 0
64 8
64 29
64 38
64 48
64 51
64 53
64 58
64 66
64 67
64 71
64 78
64 86
64 87
64 103
64 108
64 117
64 119
64 131
64 141
64 153
64 157
64 159
64 167
64 168
64 169
64 175
64 176
64 177
64 183
64 186
65 2
65 4
65 5
65 13
65 14
65 17
65 21
65 26
65 32
65 35
65 54
65 61
65 68
65 70
65 77
65 85
65 86
65 103
65 107
65 118
65 119
65 123
65 124
65 125
65 131
65 135
65 136
65 142
65 151
65 153
65 155
65 160
65 161
65 163
65 166
65 169
65 171
65 177
65 179
65 180
65 181
65 184
65 193
65 197
66 2
66 6
66 9
66 10
66 19
66 28
66 30
66 39
66 43
66 44
66 52
66 59
66 60
66 63
66 64
66 67
66 78
66 80
66 84
66 94
66 98
66 104
66 106
66 109
66 116
66 124
66 136
66 138
66 144
66 148
66 150
66 160
66 165
66 169
66 171
66 174
66 179
66 182
66 197
67 0
67 4
67 6
67 8
67 32
67 34
67 38
67 41
67 51
67 62
67 63
67 71
67 79
67 81
67 82
67 89
67 91
67 92
67 94
67 96
67 103
67 117
67 126
67 130
67 132
67 134
67 136
67 137
67 141
67 147
67 148
67 156
67 160
67 161
67 166
67 169
67 177
67 178
67 184
67 186
67 188
67 190
67 194
68 4
68 6
68 10
68 14
68 16
68 21
68 23
68 24
68 37
68 38
68 44
68 45
68 48
68 49
68 51
68 53
68 60
68 61
68 63
68 67
68 71
68 75
68 86
68 87
68 91
68 92
68 96
68 100
68 109
68 114
68 115
68 125
68 132
68 139
68 142
68 146
68 148
68 164
68 168
68 179
68 181
68 192
68 195
68 198
69 0
69 5
69 8
69 16
69 17
69 18
69 22
69 24
69 31
69 38
69 41
69 45
69 48
69 49
69 67
69 86
69 87
69 97
69 116
69 119
69 121
69 138
69 142
69 143
69 147
69 150
69 152
69 156
69 159
69 172
69 175
69 179
69 189
69 198
70 6
70 11
70 14
70 19
70 32
70 36
70 38
70 43
70 50
70 51
70 55
70 63
70 65
70 68
70 75
70 81
70 94
70 104
70 106
70 109
70 110
70 114
70 119
70 122
70 123
70 126
70 134
70 137
70 142
70 147
70 155
70 163
70 170
70 173
70 178
70 184
70 186
70 190
70 192
70 194
71 1
71 3
71 9
71 10
71 12
71 16
71 18
71 34
71 40
71 41
71 52
71 53
71 54
71 55
71 56
71 59
71 60
71 66
71 69
71 71
71 72
71 75
71 83
71 89
71 91
71 93
71 105
71 113
71 116
71 120
71 124
71 129
71 132
71 138
71 140
71 159
71 161
71 164
71 178
71 183
71 194
71 197
72 0
72 2
72 7
72 11
72 16
72 32
72 35
72 37
72 42
72 49
72 52
72 53
72 58
72 69
72 77
72 82
72 85
72 88
72 89
72 90
72 100
72 107
72 113
72 119
72 121
72 124
72 140
72 141
72 150
72 157
72 160
72 168
72 171
72 177
72 180
72 190
72 193
72 195
72 198
73 2
73 11
73 13
73 16
73 17
73 18
73 23
73 29
73 37
73 41
73 61
73 64
73 73
73 74
73 78
73 85
73 99
73 100
73 119
73 121
73 136
73 139
73 143
73 156
73 158
73 161
73 163
73 165
73 169
73 170
73 177
73 185
73 191
73 194
73 199
74 5
74 16
74 26
74 27
74 39
74 41
74 46
74 55
74 56
74 62
74 63
74 64
74 65
74 71
74 72
74 84
74 85
74 88
74 90
74 91
74 100
74 105
74 109
74 122
74 126
74 130
74 141
74 146
74 148
74 150
74 158
74 161
74 163
74 171
74 173
74 175
74 181
74 186
74 193
74 195
75 9
75 21
75 33
75 35
75 36
75 37
75 54
75 62
75 63
75 70
75 71
75 72
75 75
75 76
75 78
75 84
75 87
75 92
75 95
75 96
75 97
75 98
75 102
75 104
75 107
75 108
75 111
75 115
75 116
75 121
75 123
75 126
75 128
75 130
75 140
75 143
75 144
75 147
75 149
75 152
75 157
75 160
75 164
75 167
75 178
75 180
75 182
75 185
75 187
75 190
75 192
76 0
76 2
76 3
76 10
76 11
76 12
76 15
76 24
76 28
76 32
76 39
76 44
76 46
76 47
76 63
76 67
76 84
76 86
76 88
76 90
76 96
76 97
76 108
76 125
76 127
76 133
76 139
76 161
76 164
76 167
76 169
76 171
76 178
76 185
76 193
76 194
77 6
77 7
77 14
77 15
77 20
77 22
77 34
77 36
77 37
77 38
77 41
77 42
77 43
77 48
77 56
77 62
77 64
77 65
77 68
77 71
77 79
77 87
77 90
77 98
77 100
77 104
77 109
77 111
77 112
77 118
77 121
77 123
77 127
77 130
77 139
77 143
77 163
77 166
77 171
77 175
77 179
77 180
77 182
77 188
77 194
77 196
77 199
78 5
78 8
78 21
78 25
78 26
78 32
78 39
78 40
78 42
78 44
78 46
78 48
78 49
78 52
78 53
78 69
78 73
78 75
78 78
78 83
78 94
78 103
78 111
78 115
78 123
78 126
78 134
78 135
78 144
78 152
78 153
78 162
78 165
78 166
78 176
78 180
78 186
78 187
78 188
78 192
78 194
78 198
79 5
79 13
79 24
79 25
79 34
79 42
79 56
79 60
79 64
79 69
79 71
79 81
79 83
79 91
79 94
79 101
79 102
79 105
79 106
79 107
79 108
79 109
79 112
79 113
79 119
79 120
79 139
79 144
79 147
79 148
79 149
79 153
79 156
79 158
79 162
79 164
79 166
79 167
79 168
79 169
79 171
79 174
79 175
79 182
79 188
79 192
79 193
80 0
80 2
80 4
80 24
80 28
80 29
80 46
80 54
80 57
80 64
80 79
80 91
80 92
80 93
80 95
80 97
80 98
80 104
80 114
80 116
80 117
80 125
80 127
80 135
80 138
80 141
80 145
80 154
80 156
80 159
80 163
80 167
80 168
80 177
80 188
80 197
81 3
81 12
81 13
81 18
81 26
81 28
81 31
81 32
81 33
81 38
81 53
81 61
81 69
81 79
81 80
81 95
81 98
81 101
81 102
81 104
81 113
81 114
81 118
81 120
81 121
81 123
81 130
81 132
81 137
81 140
81 141
81 148
81 151
81 153
81 159
81 163
81 172
81 175
81 185
81 186
81 187
81 190
81 199
82 9
82 17
82 20
82 23
82 44
82 45
82 46
82 48
82 63
82 64
82 69
82 72
82 77
82 82
82 84
82 87
82 99
82 102
82 107
82 111
82 116
82 117
82 118
82 125
82 131
82 132
82 143
82 147
82 148
82 169
82 173
82 174
82 175
82 184
82 185
82 192
82 196
82 197
83 2
83 4
83 5
83 6
83 10
83 15
83 19
83 26
83 27
83 29
83 42
83 46
83 54
83 56
83 58
83 65
83 68
83 69
83 87
83 88
83 91
83 93
83 94
83 98
83 100
83 103
83 104
83 109
83 114
83 117
83 122
83 131
83 145
83 146
83 153
83 159
83 162
83 170
83 179
83 194
84 0
84 7
84 10
84 14
84 16
84 22
84 27
84 35
84 37
84 38
84 44
84 45
84 47
84 50
84 52
84 53
84 60
84 63
84 79
84 82
84 90
84 95
84 96
84 97
84 102
84 107
84 110
84 111
84 116
84 117
84 127
84 133
84 153
84 155
84 162
84 174
84 181
84 184
84 185
84 186
84 188
85 2
85 4
85 7
85 14
85 16
85 19
85 23
85 25
85 27
85 28
85 32
85 39
85 52
85 56
85 57
85 60
85 68
85 71
85 76
85 86
85 87
85 89
85 95
85 97
85 99
85 105
85 106
85 108
85 113
85 117
85 118
85 119
85 120
85 121
85 122
85 126
85 127
85 132
85 134
85 138
85 142
85 146
85 148
85 150
85 156
85 157
85 159
85 162
85 164
85 169
85 170
85 172
85 184
85 187
85 191
85 195
85 197
85 198
85 199
86 3
86 4
86 6
86 7
86 11
86 12
86 16
86 17
86 21
86 23
86 25
86 26
86 28
86 35
86 36
86 43
86 46
86 47
86 58
86 66
86 67
86 68
86 72
86 75
86 78
86 79
86 86
86 88
86 90
86 93
86 102
86 106
86 109
86 110
86 112
86 113
86 117
86 120
86 125
86 127
86 130
86 132
86 134
86 137
86 139
86 141
86 143
86 145
86 149
86 150
86 151
86 156
86 159
86 161
86 167
86 174
86 177
86 185
86 190
86 191
86 192
86 194
87 0
87 2
87 5
87 14
87 15
87 17
87 23
87 24
87 27
87 28
87 29
87 34
87 35
87 38
87 43
87 47
87 55
87 59
87 61
87 67
87 83
87 93
87 95
87 100
87 108
87 109
87 112
87 114
87 120
87 123
87 124
87 125
87 126
87 137
87 138
87 142
87 147
87 148
87 151
87 156
87 165
87 169
87 171
87 173
87 178
87 182
87 193
87 199
88 0
88 1
88 10
88 21
88 36
88 38
88 44
88 53
88 55
88 57
88 58
88 77
88 85
88 100
88 107
88 109
88 112
88 113
88 119
88 122
88 129
88 130
88 131
88 140
88 150
88 153
88 161
88 165
88 168
88 172
88 173
88 177
88 184
88 185
88 187
88 192
88 197
88 198
89 6
89 7
89 12
89 17
89 18
89 25
89 31
89 33
89 41
89 46
89 52
89 54
89 57
89 60
89 66
89 86
89 89
89 95
89 96
89 98
89 99
89 103
89 104
89 105
89 106
89 107
89 108
89 117
89 118
89 125
89 134
89 139
89 149
89 152
89 156
89 157
89 159
89 164
89 166
89 169
89 185
89 191
89 192
89 194
89 195
90 2
90 10
90 11
90 15
90 21
90 31
90 32
90 37
90 43
90 46
90 47
90 60
90 62
90 65
90 68
90 69
90 71
90 82
90 85
90 89
90 96
90 102
90 106
90 107
90 112
90 115
90 117
90 123
90 127
90 128
90 130
90 143
90 144
90 159
90 164
90 167
90 176
90 179
90 180
90 184
90 185
91 2
91 5
91 6
91 9
91 10
91 18
91 30
91 32
91 35
91 40
91 42
91 46
91 49
91 50
91 57
91 58
91 61
91 68
91 70
91 72
91 78
91 108
91 115
91 117
91 127
91 131
91 133
91 137
91 139
91 146
91 148
91 154
91 170
91 173
91 176
91 177
91 179
91 182
91 183
91 185
91 187
91 196
91 198
92 4
92 6
92 9
92 15
92 26
92 29
92 30
92 33
92 37
92 42
92 61
92 63
92 73
92 80
92 81
92 84
92 87
92 88
92 89
92 92
92 108
92 109
92 114
92 115
92 118
92 119
92 129
92 149
92 152
92 158
92 168
92 169
92 177
92 178
92 179
92 181
92 186
92 187
92 190
92 192
92 195
92 197
92 198
93 2
93 8
93 12
93 45
93 50
93 60
93 71
93 73
93 77
93 78
93 86
93 102
93 111
93 112
93 116
93 123
93 124
93 127
93 130
93 136
93 140
93 143
93 144
93 145
93 153
93 163
93 170
93 181
93 191
93 197
94 3
94 6
94 12
94 14
94 28
94 45
94 48
94 51
94 54
94 75
94 78
94 80
94 81
94 82
94 89
94 96
94 100
94 101
94 108
94 114
94 133
94 134
94 138
94 155
94 156
94 162
94 166
94 169
94 175
94 180
94 188
94 194
95 10
95 14
95 16
95 21
95 22
95 26
95 31
95 35
95 67
95 69
95 75
95 80
95 85
95 100
95 107
95 108
95 114
95 123
95 125
95 131
95 136
95 138
95 148
95 151
95 160
95 170
95 171
95 172
95 175
95 179
95 188
95 198
96 7
96 13
96 20
96 41
96 52
96 61
96 66
96 69
96 78
96 86
96 94
96 109
96 111
96 120
96 124
96 125
96 129
96 135
96 144
96 145
96 149
96 155
96 162
96 165
96 169
96 174
96 179
96 187
96 194
96 199
97 2
97 8
97 9
97 13
97 17
97 22
97 29
97 33
97 35
97 39
97 52
97 55
97 61
97 64
97 65
97 71
97 73
97 74
97 83
97 93
97 99
97 103
97 106
97 108
97 121
97 122
97 128
97 132
97 135
97 142
97 145
97 147
97 149
97 150
97 166
97 167
97 168
97 180
97 186
97 189
97 190
97 197
98 3
98 5
98 9
98 32
98 35
98 47
98 48
98 66
98 79
98 86
98 90
98 94
98 95
98 99
98 113
98 122
98 128
98 133
98 136
98 138
98 143
98 149
98 151
98 161
98 169
98 172
98 188
98 190
98 194
99 11
99 14
99 18
99 19
99 21
99 24
99 28
99 32
99 35
99 42
99 58
99 61
99 64
99 67
99 73
99 74
99 78
99 86
99 89
99 94
99 95
99 100
99 102
99 103
99 114
99 121
99 130
99 131
99 140
99 143
99 149
99 152
99 169
99 170
99 174
99 187
99 193
99 196
99 197
99 198
100 2
100 15
100 23
100 26
100 27
100 30
100 39
100 41
100 43
100 56
100 57
100 58
100 62
100 78
100 95
100 100
100 103
100 107
100 109
100 118
100 132
100 146
100 155
100 163
100 166
100 169
100 171
100 175
100 179
100 180
100 181
100 182
100 183
100 189
101 2
101 5
101 6
101 15
101 21
101 25
101 32
101 33
101 35
101 49
101 51
101 52
101 60
101 72
101 95
101 97
101 101
101 103
101 110
101 111
101 112
101 116
101 117
101 122
101 126
101 135
101 142
101 148
101 149
101 150
101 155
101 157
101 164
101 168
101 170
101 186
101 188
101 194
101 195
101 196
102 1
102 13
102 16
102 17
102 20
102 21
102 26
102 30
102 32
102 35
102 43
102 47
102 48
102 49
102 52
102 56
102 59
102 63
102 65
102 69
102 73
102 75
102 87
102 90
102 97
102 102
102 103
102 111
102 121
102 128
102 131
102 133
102 138
102 141
102 144
102 148
102 157
102 173
102 181
102 182
102 184
102 186
102 191
103 5
103 7
103 9
103 24
103 28
103 32
103 33
103 34
103 39
103 51
103 52
103 53
103 57
103 61
103 71
103 81
103 89
103 96
103 99
103 100
103 105
103 107
103 112
103 115
103 117
103 119
103 128
103 136
103 138
103 143
103 144
103 150
103 153
103 161
103 165
103 171
103 175
103 176
103 183
103 184
103 185
103 189
103 191
103 196
104 10
104 21
104 23
104 27
104 29
104 33
104 39
104 44
104 45
104 51
104 52
104 54
104 55
104 56
104 63
104 74
104 75
104 84
104 85
104 87
104 88
104 97
104 98
104 102
104 110
104 120
104 123
104 125
104 131
104 139
104 168
104 169
104 188
104 196
105 9
105 10
105 14
105 16
105 17
105 23
105 28
105 32
105 35
105 37
105 40
105 41
105 43
105 45
105 48
105 59
105 60
105 61
105 63
105 68
105 71
105 72
105 79
105 83
105 95
105 103
105 108
105 119
105 123
105 127
105 132
105 137
105 144
105 151
105 169
105 171
105 176
105 184
105 186
105 193
105 195
106 8
106 20
106 23
106 30
106 32
106 35
106 50
106 55
106 60
106 68
106 71
106 77
106 80
106 81
106 82
106 90
106 94
106 95
106 96
106 99
106 100
106 117
106 122
106 135
106 137
106 139
106 143
106 146
106 153
106 155
106 158
106 173
106 175
106 176
106 179
106 181
106 183
106 199
107 2
107 6
107 13
107 14
107 19
107 23
107 29
107 33
107 35
107 39
107 42
107 47
107 48
107 50
107 53
107 56
107 57
107 58
107 60
107 68
107 71
107 78
107 81
107 88
107 89
107 91
107 99
107 101
107 108
107 118
107 132
107 133
107 135
107 137
107 139
107 141
107 142
107 144
107 150
107 151
107 152
107 155
107 159
107 162
107 174
107 182
107 193
108 0
108 6
108 8
108 18
108 19
108 24
108 26
108 27
108 29
108 34
108 35
108 38
108 47
108 51
108 52
108 60
108 71
108 74
108 85
108 89
108 91
108 95
108 103
108 108
108 109
108 111
108 116
108 129
108 137
108 138
108 141
108 147
108 157
108 163
108 166
108 170
108 173
108 177
108 193
108 198
109 0
109 7
109 9
109 12
109 15
109 16
109 18
109 46
109 57
109 61
109 62
109 65
109 72
109 73
109 87
109 90
109 98
109 100
109 121
109 124
109 127
109 128
109 130
109 135
109 137
109 139
109 145
109 152
109 156
109 166
109 171
109 175
109 180
109 181
109 192
109 195
110 3
110 9
110 19
110 21
110 22
110 31
110 33
110 35
110 37
110 39
110 48
110 52
110 54
110 55
110 58
110 59
110 65
110 69
110 72
110 86
110 93
110 97
110 105
110 106
110 107
110 118
110 119
110 127
110 131
110 138
110 149
110 155
110 156
110 163
110 164
110 165
110 167
110 171
110 177
110 190
110 191
111 2
111 14
111 18
111 19
111 39
111 41
111 43
111 54
111 62
111 63
111 65
111 67
111 80
111 83
111 87
111 96
111 99
111 104
111 111
111 112
111 119
111 123
111 125
111 137
111 138
111 139
111 153
111 155
111 158
111 169
111 173
111 176
111 198
112 2
112 7
112 10
112 16
112 18
112 22
112 23
112 27
112 37
112 39
112 51
112 59
112 63
112 64
112 69
112 70
112 71
112 77
112 78
112 82
112 85
112 87
112 89
112 105
112 106
112 107
112 108
112 115
112 125
112 135
112 139
112 140
112 141
112 146
112 157
112 163
112 177
112 179
112 180
112 190
112 194
112 197
113 0
113 7
113 18
113 27
113 29
113 32
113 36
113 45
113 48
113 52
113 53
113 63
113 71
113 81
113 82
113 91
113 118
113 126
113 132
113 133
113 135
113 136
113 137
113 142
113 146
113 148
113 152
113 160
113 161
113 164
113 182
113 188
113 197
113 198
114 0
114 2
114 7
114 9
114 12
114 15
114 18
114 32
114 33
114 38
114 39
114 42
114 48
114 50
114 60
114 61
114 64
114 68
114 70
114 77
114 81
114 84
114 96
114 107
114 116
114 119
114 123
114 125
114 126
114 128
114 141
114 146
114 152
114 154
114 161
114 175
114 188
114 190
115 2
115 6
115 7
115 12
115 14
115 20
115 22
115 23
115 28
115 37
115 47
115 58
115 60
115 67
115 73
115 87
115 89
115 98
115 102
115 106
115 110
115 116
115 118
115 124
115 128
115 135
115 137
115 139
115 140
115 153
115 163
115 165
115 177
115 191
115 195
116 7
116 12
116 16
116 19
116 24
116 34
116 41
116 46
116 52
116 53
116 54
116 55
116 57
116 62
116 65
116 72
116 82
116 89
116 102
116 104
116 114
116 135
116 137
116 143
116 144
116 146
116 147
116 160
116 166
116 176
116 185
116 197
116 199
117 0
117 2
117 5
117 8
117 9
117 11
117 12
117 14
117 21
117 25
117 27
117 36
117 40
117 49
117 52
117 53
117 65
117 75
117 77
117 81
117 90
117 92
117 99
117 102
117 105
117 106
117 120
117 122
117 130
117 137
117 142
117 150
117 154
117 156
117 161
117 165
117 167
117 172
117 175
117 180
117 186
117 199
118 3
118 21
118 22
118 24
118 25
118 37
118 38
118 41
118 50
118 63
118 65
118 74
118 75
118 79
118 80
118 91
118 96
118 97
118 115
118 116
118 129
118 131
118 132
118 133
118 139
118 141
118 145
118 147
118 148
118 152
118 153
118 155
118 164
118 171
118 172
118 174
118 175
118 176
118 178
118 180
118 182
118 187
118 191
118 195
119 1
119 8
119 19
119 20
119 22
119 23
119 29
119 33
119 35
119 40
119 49
119 51
119 56
119 60
119 63
119 76
119 86
119 97
119 113
119 118
119 145
119 148
119 151
119 157
119 161
119 164
119 167
119 170
119 191
119 196
119 197
120 0
120 8
120 26
120 32
120 35
120 38
120 53
120 56
120 59
120 60
120 61
120 66
120 67
120 70
120 72
120 90
120 93
120 97
120 101
120 108
120 119
120 124
120 125
120 133
120 138
120 146
120 158
120 162
120 173
120 176
120 178
120 179
120 182
120 193
120 198
120 199
121 3
121 13
121 16
121 17
121 18
121 36
121 39
121 40
121 60
121 69
121 70
121 72
121 75
121 89
121 93
121 94
121 95
121 98
121 101
121 107
121 108
121 126
121 128
121 140
121 149
121 151
121 165
121 166
121 167
121 168
121 169
121 173
121 174
121 180
121 189
121 193
121 198
122 7
122 15
122 16
122 21
122 24
122 33
122 36
122 44
122 47
122 51
122 52
122 53
122 63
122 65
122 66
122 67
122 69
122 78
122 87
122 88
122 94
122 95
122 97
122 109
122 119
122 122
122 124
122 131
122 136
122 145
122 146
122 151
122 152
122 154
122 155
122 156
122 157
122 159
122 161
122 162
122 166
122 179
122 183
122 184
122 192
122 195
123 9
123 10
123 20
123 28
123 30
123 33
123 37
123 42
123 45
123 46
123 56
123 57
123 62
123 63
123 73
123 74
123 79
123 83
123 88
123 93
123 94
123 95
123 99
123 104
123 110
123 111
123 119
123 120
123 123
123 131
123 133
123 139
123 141
123 146
123 158
123 167
123 170
123 176
123 177
123 180
123 182
123 185
123 198
124 5
124 18
124 23
124 24
124 40
124 47
124 48
124 50
124 55
124 72
124 84
124 95
124 97
124 103
124 104
124 112
124 119
124 127
124 132
124 133
124 136
124 142
124 145
124 151
124 155
124 163
124 173
124 176
124 179
124 180
124 181
124 184
124 186
124 188
124 196
124 198
125 21
125 32
125 34
125 37
125 42
125 45
125 53
125 54
125 61
125 64
125 67
125 78
125 79
125 80
125 82
125 84
125 85
125 89
125 93
125 99
125 105
125 106
125 112
125 128
125 129
125 130
125 132
125 133
125 145
125 148
125 153
125 156
125 162
125 171
125 176
125 187
125 192
125 195
125 197
126 3
126 15
126 16
126 19
126 20
126 24
126 26
126 28
126 39
126 43
126 46
126 56
126 59
126 64
126 68
126 69
126 71
126 73
126 78
126 80
126 87
126 91
126 93
126 99
126 104
126 112
126 116
126 123
126 131
126 138
126 141
126 144
126 158
126 163
126 169
126 171
126 176
126 183
126 188
126 190
126 191
127 0
127 3
127 5
127 9
127 13
127 19
127 22
127 26
127 28
127 32
127 44
127 45
127 50
127 57
127 64
127 65
127 68
127 71
127 72
127 76
127 77
127 87
127 99
127 108
127 109
127 110
127 115
127 117
127 118
127 119
127 121
127 127
127 128
127 129
127 133
127 140
127 152
127 153
127 155
127 164
127 167
127 170
127 172
127 190
127 193
127 199
128 4
128 8
128 9
128 10
128 18
128 22
128 23
128 30
128 38
128 41
128 42
128 47
128 53
128 59
128 60
128 64
128 65
128 67
128 75
128 78
128 79
128 86
128 91
128 95
128 104
128 107
128 109
128 117
128 122
128 123
128 124
128 129
128 162
128 164
128 166
128 168
128 172
128 177
128 185
128 187
128 190
128 193
128 194
128 198
128 199
129 0
129 1
129 8
129 9
129 12
129 14
129 15
129 25
129 30
129 31
129 34
129 38
129 42
129 50
129 55
129 71
129 89
129 90
129 98
129 101
129 110
129 114
129 120
129 130
129 135
129 137
129 140
129 141
129 142
129 148
129 149
129 151
129 156
129 159
129 167
129 172
129 177
129 189
129 194
129 195
129 196
129 199
130 17
130 19
130 20
130 29
130 35
130 60
130 70
130 97
130 98
130 99
130 100
130 105
130 109
130 111
130 112
130 121
130 128
130 129
130 134
130 142
130 152
130 166
130 187
130 191
130 198
130 199
131 9
131 17
131 19
131 21
131 22
131 25
131 33
131 35
131 61
131 62
131 73
131 75
131 78
131 81
131 94
131 99
131 100
131 105
131 108
131 109
131 110
131 115
131 120
131 126
131 136
131 141
131 142
131 148
131 152
131 156
131 163
131 165
131 183
131 191
131 195
131 196
132 0
132 1
132 12
132 20
132 21
132 25
132 26
132 36
132 50
132 55
132 57
132 67
132 71
132 87
132 88
132 90
132 115
132 117
132 118
132 121
132 123
132 129
132 132
132 133
132 145
132 148
132 149
132 151
132 153
132 155
132 159
132 166
132 167
132 171
132 172
132 189
132 190
132 192
132 195
133 6
133 15
133 22
133 23
133 24
133 25
133 27
133 31
133 33
133 39
133 44
133 52
133 63
133 64
133 71
133 73
133 81
133 92
133 93
133 99
133 103
133 109
133 114
133 144
133 148
133 157
133 160
133 161
133 162
133 166
133 169
133 172
133 174
133 180
133 183
133 185
133 193
133 199
134 1
134 9
134 14
134 15
134 23
134 24
134 25
134 29
134 32
134 33
134 35
134 38
134 40
134 41
134 42
134 44
134 51
134 52
134 57
134 62
134 64
134 66
134 73
134 74
134 75
134 77
134 79
134 80
134 85
134 89
134 92
134 106
134 109
134 112
134 123
134 125
134 129
134 138
134 142
134 145
134 146
134 160
134 169
134 175
134 179
134 181
134 182
134 187
134 194
134 198
134 199
135 0
135 1
135 13
135 22
135 33
135 34
135 39
135 40
135 43
135 46
135 59
135 61
135 63
135 68
135 72
135 79
135 81
135 93
135 95
135 97
135 99
135 103
135 113
135 119
135 127
135 138
135 141
135 147
135 155
135 162
135 172
135 182
135 193
136 3
136 4
136 8
136 12
136 25
136 29
136 39
136 46
136 47
136 49
136 50
136 63
136 66
136 68
136 77
136 81
136 88
136 90
136 93
136 102
136 105
136 114
136 123
136 125
136 134
136 142
136 144
136 147
136 151
136 152
136 154
136 156
136 157
136 160
136 161
136 170
136 173
136 178
136 179
136 180
136 181
136 187
136 193
136 197
136 198
137 0
137 1
137 2
137 4
137 5
137 6
137 8
137 10
137 21
137 25
137 29
137 31
137 35
137 37
137 40
137 53
137 69
137 72
137 76
137 77
137 81
137 83
137 86
137 87
137 94
137 98
137 99
137 102
137 111
137 114
137 120
137 122
137 137
137 140
137 141
137 148
137 164
137 165
137 166
137 170
137 172
137 174
137 190
138 2
138 3
138 11
138 16
138 19
138 20
138 21
138 28
138 29
138 33
138 35
138 38
138 47
138 49
138 54
138 61
138 68
138 71
138 78
138 79
138 81
138 84
138 92
138 94
138 98
138 101
138 102
138 107
138 108
138 112
138 117
138 122
138 123
138 133
138 138
138 141
138 151
138 153
138 158
138 166
138 169
138 172
138 175
138 176
138 177
138 180
138 183
138 191
139 0
139 13
139 24
139 36
139 38
139 41
139 42
139 46
139 49
139 52
139 53
139 60
139 62
139 66
139 67
139 69
139 74
139 75
139 79
139 85
139 96
139 98
139 102
139 103
139 109
139 115
139 120
139 121
139 124
139 127
139 131
139 143
139 150
139 154
139 161
139 163
139 167
139 177
139 178
139 184
139 191
139 199
140 3
140 9
140 16
140 20
140 21
140 22
140 32
140 40
140 47
140 50
140 57
140 59
140 66
140 68
140 71
140 73
140 75
140 87
140 96
140 104
140 118
140 130
140 155
140 157
140 161
140 163
140 170
140 171
140 191
140 195
141 7
141 10
141 11
141 13
141 20
141 21
141 26
141 27
141 29
141 38
141 40
141 42
141 44
141 48
141 52
141 53
141 58
141 59
141 61
141 74
141 76
141 77
141 81
141 82
141 84
141 90
141 91
141 95
141 103
141 110
141 116
141 135
141 146
141 154
141 161
141 162
141 167
141 171
141 173
141 177
141 180
141 183
141 189
142 0
142 6
142 12
142 13
142 14
142 15
142 29
142 30
142 32
142 40
142 41
142 48
142 50
142 51
142 56
142 58
142 63
142 66
142 68
142 77
142 87
142 89
142 93
142 94
142 110
142 114
142 118
142 119
142 121
142 129
142 146
142 149
142 151
142 157
142 161
142 163
142 165
142 169
142 174
142 183
142 184
142 188
142 191
142 193
143 2
143 9
143 28
143 33
143 34
143 38
143 42
143 50
143 51
143 53
143 54
143 61
143 72
143 75
143 79
143 85
143 89
143 99
143 101
143 130
143 133
143 134
143 135
143 138
143 145
143 146
143 150
143 154
143 159
143 165
143 180
143 184
143 187
143 194
143 197
144 2
144 6
144 7
144 15
144 16
144 20
144 25
144 26
144 27
144 28
144 40
144 47
144 50
144 59
144 60
144 63
144 66
144 69
144 72
144 73
144 76
144 82
144 84
144 91
144 93
144 95
144 99
144 100
144 102
144 107
144 108
144 115
144 117
144 118
144 130
144 132
144 148
144 152
144 161
144 179
144 180
144 185
144 189
144 191
144 192
144 197
144 198
145 0
145 12
145 13
145 17
145 22
145 25
145 32
145 40
145 41
145 50
145 61
145 62
145 75
145 77
145 80
145 81
145 98
145 102
145 103
145 106
145 107
145 110
145 112
145 116
145 119
145 134
145 144
145 148
145 150
145 156
145 157
145 158
145 159
145 162
145 163
145 164
145 168
145 175
145 179
145 189
145 199
146 1
146 9
146 17
146 21
146 27
146 31
146 34
146 44
146 54
146 65
146 66
146 68
146 69
146 74
146 82
146 83
146 87
146 92
146 98
146 102
146 106
146 125
146 130
146 132
146 137
146 140
146 153
146 154
146 155
146 168
146 170
146 174
146 175
146 179
146 185
146 188
146 189
146 190
147 3
147 6
147 14
147 15
147 16
147 27
147 28
147 36
147 37
147 44
147 48
147 51
147 66
147 74
147 75
147 82
147 83
147 87
147 97
147 102
147 104
147 108
147 109
147 113
147 122
147 147
147 148
147 149
147 152
147 157
147 163
147 168
147 171
147 177
147 179
147 188
147 189
147 198
148 0
148 2
148 5
148 6
148 29
148 32
148 33
148 35
148 39
148 45
148 51
148 56
148 68
148 74
148 88
148 89
148 98
148 103
148 111
148 113
148 117
148 121
148 122
148 126
148 127
148 132
148 139
148 146
148 148
148 155
148 159
148 161
148 170
148 176
148 182
148 183
148 184
148 185
148 187
148 189
148 198
149 4
149 7
149 10
149 14
149 16
149 21
149 23
149 29
149 34
149 41
149 43
149 44
149 46
149 48
149 49
149 51
149 53
149 59
149 60
149 61
149 69
149 81
149 82
149 83
149 89
149 92
149 101
149 106
149 107
149 113
149 115
149 118
149 119
149 128
149 132
149 138
149 139
149 149
149 150
149 159
149 164
149 170
149 179
149 183
150 10
150 13
150 20
150 27
150 29
150 32
150 37
150 40
150 43
150 47
150 50
150 53
150 56
150 59
150 65
150 77
150 79
150 83
150 91
150 95
150 97
150 110
150 121
150 122
150 123
150 125
150 134
150 144
150 145
150 148
150 151
150 156
150 164
150 168
150 169
150 177
150 181
150 188
150 189
150 198
151 2
151 4
151 18
151 23
151 24
151 25
151 48
151 50
151 56
151 63
151 64
151 65
151 66
151 77
151 83
151 84
151 86
151 98
151 99
151 103
151 107
151 111
151 113
151 124
151 140
151 151
151 156
151 165
151 166
151 170
151 174
151 175
151 179
151 185
151 189
152 4
152 8
152 17
152 23
152 27
152 33
152 39
152 44
152 49
152 50
152 55
152 56
152 57
152 58
152 59
152 60
152 66
152 83
152 85
152 86
152 97
152 104
152 108
152 112
152 118
152 121
152 124
152 126
152 131
152 132
152 135
152 139
152 143
152 151
152 157
152 160
152 168
152 171
152 179
152 191
152 195
152 197
152 198
153 0
153 10
153 24
153 27
153 29
153 30
153 32
153 42
153 44
153 45
153 47
153 63
153 68
153 72
153 75
153 79
153 92
153 95
153 103
153 105
153 109
153 124
153 127
153 155
153 159
153 168
153 172
153 173
153 175
153 176
153 189
153 190
153 196
153 199
154 3
154 8
154 10
154 11
154 12
154 15
154 17
154 23
154 27
154 38
154 45
154 47
154 48
154 52
154 59
154 66
154 67
154 71
154 75
154 80
154 82
154 91
154 96
154 103
154 121
154 124
154 128
154 136
154 140
154 141
154 146
154 152
154 153
154 159
154 174
154 175
154 192
154 194
154 196
154 198
155 8
155 9
155 10
155 12
155 17
155 19
155 21
155 22
155 25
155 28
155 31
155 33
155 49
155 56
155 65
155 68
155 69
155 74
155 77
155 81
155 84
155 85
155 92
155 93
155 94
155 110
155 114
155 115
155 120
155 124
155 134
155 143
155 145
155 149
155 156
155 157
155 162
155 167
155 172
155 177
155 192
155 194
155 198
156 1
156 2
156 7
156 13
156 14
156 18
156 31
156 32
156 40
156 42
156 44
156 47
156 49
156 57
156 62
156 70
156 75
156 77
156 83
156 97
156 100
156 103
156 107
156 109
156 112
156 114
156 117
156 119
156 120
156 121
156 125
156 129
156 138
156 143
156 156
156 157
156 169
156 171
156 179
156 182
156 184
156 186
156 192
157 7
157 19
157 20
157 30
157 38
157 40
157 47
157 50
157 53
157 55
157 60
157 61
157 65
157 68
157 70
157 74
157 76
157 84
157 90
157 97
157 113
157 115
157 122
157 124
157 130
157 133
157 145
157 148
157 157
157 158
157 162
157 165
157 172
157 173
157 178
157 182
157 184
157 186
157 191
158 4
158 5
158 13
158 21
158 32
158 40
158 42
158 44
158 47
158 63
158 68
158 72
158 76
158 80
158 86
158 88
158 89
158 95
158 101
158 102
158 108
158 126
158 133
158 135
158 143
158 144
158 146
158 155
158 166
158 170
158 185
158 189
158 190
158 191
159 2
159 3
159 8
159 10
159 15
159 16
159 18
159 19
159 20
159 23
159 30
159 31
159 33
159 41
159 45
159 49
159 51
159 54
159 55
159 56
159 75
159 79
159 88
159 94
159 97
159 106
159 107
159 110
159 114
159 116
159 117
159 124
159 126
159 128
159 131
159 132
159 133
159 137
159 139
159 142
159 145
159 146
159 147
159 157
159 159
159 160
159 161
159 164
159 176
159 178
159 179
159 187
159 188
159 193
160 2
160 6
160 27
160 30
160 34
160 45
160 50
160 51
160 58
160 59
160 61
160 63
160 66
160 68
160 69
160 71
160 81
160 82
160 86
160 96
160 103
160 109
160 112
160 116
160 135
160 137
160 138
160 139
160 148
160 151
160 154
160 157
160 159
160 160
160 176
160 178
160 180
160 181
160 183
160 185
160 186
160 192
160 193
160 195
161 1
161 3
161 13
161 17
161 19
161 23
161 31
161 38
161 42
161 48
161 51
161 55
161 56
161 57
161 58
161 61
161 69
161 76
161 79
161 85
161 88
161 89
161 91
161 101
161 107
161 111
161 114
161 116
161 118
161 120
161 125
161 126
161 127
161 130
161 137
161 141
161 142
161 145
161 148
161 154
161 164
161 166
161 171
161 178
161 183
161 184
161 185
162 9
162 11
162 13
162 14
162 23
162 31
162 34
162 47
162 48
162 50
162 58
162 59
162 61
162 63
162 68
162 69
162 75
162 77
162 78
162 82
162 87
162 95
162 98
162 99
162 106
162 120
162 125
162 131
162 133
162 138
162 139
162 141
162 142
162 144
162 146
162 150
162 161
162 162
162 163
162 164
162 175
162 176
162 181
162 183
162 185
162 192
162 195
163 2
163 9
163 16
163 21
163 37
163 47
163 49
163 50
163 54
163 58
163 70
163 73
163 76
163 93
163 96
163 101
163 103
163 114
163 119
163 122
163 128
163 134
163 135
163 138
163 148
163 149
163 150
163 161
163 165
163 167
163 182
163 191
163 196
164 1
164 2
164 17
164 18
164 32
164 36
164 37
164 44
164 47
164 51
164 54
164 73
164 75
164 79
164 81
164 82
164 91
164 95
164 103
164 106
164 111
164 113
164 115
164 126
164 136
164 140
164 142
164 147
164 150
164 159
164 173
164 174
164 181
164 188
164 191
164 193
164 198
165 2
165 11
165 16
165 33
165 39
165 49
165 51
165 52
165 53
165 55
165 60
165 65
165 74
165 75
165 80
165 83
165 86
165 91
165 110
165 111
165 114
165 122
165 126
165 128
165 132
165 143
165 161
165 166
165 173
165 176
165 181
166 5
166 10
166 14
166 16
166 17
166 18
166 19
166 26
166 27
166 28
166 34
166 60
166 73
166 75
166 76
166 87
166 95
166 98
166 100
166 106
166 110
166 116
166 121
166 130
166 131
166 135
166 136
166 137
166 140
166 151
166 163
166 178
166 180
166 194
167 0
167 2
167 4
167 14
167 20
167 29
167 34
167 38
167 43
167 48
167 50
167 52
167 61
167 74
167 75
167 111
167 121
167 125
167 131
167 132
167 133
167 146
167 151
167 155
167 160
167 163
167 176
167 182
167 184
167 192
167 197
168 3
168 17
168 21
168 22
168 26
168 29
168 32
168 39
168 41
168 52
168 61
168 66
168 71
168 78
168 80
168 89
168 90
168 91
168 96
168 97
168 124
168 131
168 140
168 145
168 151
168 157
168 164
168 167
168 171
168 175
168 190
168 198
168 199
169 15
169 30
169 40
169 55
169 57
169 60
169 66
169 67
169 68
169 70
169 71
169 73
169 78
169 85
169 92
169 93
169 95
169 96
169 102
169 104
169 108
169 111
169 115
169 120
169 124
169 125
169 126
169 129
169 143
169 147
169 149
169 158
169 159
169 164
169 165
169 168
169 179
169 184
169 185
169 197
169 198
170 1
170 2
170 3
170 4
170 10
170 18
170 19
170 28
170 30
170 33
170 35
170 39
170 41
170 48
170 49
170 51
170 53
170 57
170 58
170 60
170 67
170 69
170 84
170 88
170 91
170 95
170 103
170 104
170 106
170 113
170 114
170 132
170 134
170 139
170 148
170 149
170 151
170 153
170 157
170 164
170 165
170 169
170 170
170 171
170 173
170 175
170 180
170 181
170 191
170 195
170 198
171 3
171 8
171 16
171 20
171 22
171 31
171 34
171 35
171 52
171 57
171 62
171 64
171 73
171 81
171 92
171 93
171 104
171 105
171 110
171 119
171 122
171 131
171 132
171 141
171 145
171 149
171 157
171 161
171 169
171 170
171 171
171 176
171 179
171 181
171 184
171 190
171 199
172 2
172 9
172 10
172 12
172 22
172 25
172 27
172 28
172 37
172 44
172 51
172 54
172 55
172 59
172 62
172 77
172 80
172 85
172 89
172 90
172 91
172 100
172 104
172 107
172 124
172 131
172 137
172 138
172 139
172 140
172 141
172 144
172 153
172 155
172 160
172 165
172 175
172 190
172 191
172 195
173 0
173 3
173 4
173 5
173 11
173 12
173 13
173 14
173 15
173 18
173 20
173 22
173 32
173 33
173 34
173 36
173 43
173 45
173 48
173 50
173 51
173 58
173 60
173 66
173 72
173 74
173 76
173 79
173 83
173 84
173 85
173 86
173 87
173 96
173 98
173 103
173 104
173 107
173 118
173 131
173 138
173 140
173 142
173 145
173 146
173 151
173 159
173 161
173 177
173 182
173 184
173 186
173 192
173 195
174 3
174 7
174 13
174 14
174 17
174 19
174 20
174 23
174 24
174 25
174 29
174 41
174 43
174 54
174 58
174 62
174 64
174 65
174 74
174 87
174 94
174 100
174 106
174 108
174 116
174 117
174 123
174 124
174 129
174 130
174 133
174 135
174 143
174 146
174 152
174 155
174 156
174 158
174 162
174 168
174 169
174 183
174 193
174 197
175 2
175 7
175 10
175 12
175 15
175 16
175 20
175 23
175 33
175 34
175 37
175 48
175 50
175 54
175 57
175 59
175 61
175 65
175 68
175 72
175 91
175 97
175 101
175 109
175 113
175 120
175 123
175 125
175 126
175 129
175 131
175 137
175 160
175 173
175 175
175 177
175 179
175 182
175 183
175 195
175 196
175 199
176 1
176 2
176 15
176 17
176 29
176 30
176 33
176 41
176 43
176 44
176 45
176 49
176 53
176 54
176 61
176 68
176 70
176 78
176 79
176 80
176 82
176 83
176 95
176 98
176 99
176 101
176 114
176 120
176 121
176 126
176 127
176 135
176 141
176 143
176 152
176 153
176 160
176 164
176 165
176 175
176 177
176 179
176 192
176 193
176 196
176 197
177 16
177 17
177 19
177 26
177 33
177 38
177 44
177 52
177 64
177 85
177 86
177 87
177 88
177 94
177 96
177 103
177 116
177 119
177 127
177 128
177 136
177 139
177 161
177 164
177 167
177 168
177 169
177 185
177 187
177 188
177 189
177 190
177 191
177 194
178 12
178 19
178 28
178 33
178 34
178 37
178 38
178 39
178 41
178 44
178 55
178 56
178 60
178 66
178 70
178 71
178 76
178 87
178 92
178 101
178 104
178 105
178 109
178 116
178 119
178 131
178 139
178 140
178 145
178 146
178 149
178 155
178 161
178 164
178 166
178 173
178 185
178 189
178 193
178 194
178 196
178 199
179 1
179 2
179 9
179 12
179 13
179 28
179 35
179 40
179 41
179 47
179 50
179 57
179 58
179 59
179 60
179 62
179 69
179 71
179 73
179 81
179 88
179 92
179 96
179 97
179 98
179 107
179 109
179 114
179 118
179 122
179 128
179 135
179 136
179 141
179 145
179 148
179 155
179 157
179 158
179 167
179 171
179 173
179 180
179 183
179 187
179 193
179 194
179 198
179 199
180 3
180 7
180 21
180 26
180 32
180 48
180 50
180 52
180 58
180 67
180 77
180 81
180 86
180 92
180 95
180 96
180 102
180 104
180 118
180 124
180 132
180 134
180 170
180 171
180 182
180 183
180 186
180 190
180 199
181 14
181 15
181 21
181 26
181 29
181 41
181 42
181 47
181 71
181 74
181 91
181 92
181 103
181 105
181 108
181 114
181 116
181 120
181 121
181 141
181 142
181 144
181 151
181 157
181 162
181 169
181 174
181 181
181 184
181 190
181 192
182 2
182 9
182 16
182 17
182 19
182 22
182 27
182 29
182 33
182 34
182 37
182 42
182 51
182 57
182 62
182 78
182 93
182 103
182 106
182 113
182 119
182 123
182 129
182 130
182 133
182 135
182 146
182 150
182 154
182 160
182 161
182 173
182 183
182 192
182 193
182 194
183 5
183 6
183 7
183 16
183 22
183 25
183 31
183 32
183 40
183 43
183 48
183 52
183 54
183 55
183 56
183 57
183 59
183 61
183 63
183 73
183 74
183 82
183 83
183 88
183 91
183 94
183 96
183 111
183 116
183 119
183 120
183 128
183 130
183 131
183 132
183 133
183 141
183 146
183 159
183 160
183 168
183 169
183 172
183 177
183 184
183 185
183 186
183 196
184 2
184 27
184 34
184 35
184 39
184 41
184 46
184 59
184 61
184 62
184 66
184 69
184 83
184 90
184 99
184 102
184 105
184 106
184 126
184 132
184 136
184 141
184 147
184 161
184 162
184 168
184 172
184 176
184 184
184 192
184 197
184 199
185 1
185 3
185 4
185 8
185 15
185 18
185 20
185 21
185 22
185 25
185 28
185 30
185 32
185 44
185 48
185 55
185 56
185 60
185 62
185 67
185 68
185 74
185 83
185 100
185 121
185 123
185 124
185 127
185 130
185 137
185 144
185 145
185 149
185 160
185 161
185 165
185 168
185 173
185 175
185 181
185 182
185 185
185 188
185 194
185 196
185 199
186 2
186 19
186 20
186 22
186 23
186 26
186 32
186 38
186 42
186 50
186 57
186 68
186 70
186 75
186 82
186 86
186 88
186 97
186 98
186 99
186 100
186 102
186 108
186 111
186 123
186 132
186 134
186 141
186 149
186 151
186 152
186 156
186 162
186 165
186 175
186 189
186 192
186 197
186 198
186 199
187 0
187 4
187 6
187 13
187 14
187 22
187 34
187 37
187 61
187 69
187 74
187 75
187 76
187 78
187 83
187 85
187 102
187 107
187 115
187 117
187 123
187 126
187 137
187 143
187 144
187 147
187 150
187 151
187 152
187 156
187 158
187 162
187 164
187 169
187 170
187 173
187 174
187 185
187 193
187 196
187 198
187 199
188 8
188 12
188 14
188 29
188 30
188 31
188 33
188 38
188 41
188 44
188 45
188 50
188 54
188 63
188 71
188 76
188 77
188 79
188 80
188 90
188 91
188 98
188 101
188 107
188 115
188 121
188 126
188 127
188 130
188 135
188 139
188 147
188 148
188 149
188 158
188 159
188 165
188 166
188 170
188 173
188 177
188 179
188 182
188 185
188 186
188 189
188 195
188 199
189 1
189 2
189 8
189 9
189 11
189 20
189 21
189 31
189 38
189 42
189 47
189 63
189 65
189 70
189 73
189 76
189 77
189 86
189 87
189 95
189 104
189 107
189 120
189 126
189 138
189 140
189 141
189 145
189 148
189 150
189 152
189 158
189 160
189 164
189 168
189 171
189 172
189 173
189 177
189 180
189 182
189 189
189 196
190 4
190 5
190 9
190 13
190 22
190 25
190 26
190 31
190 34
190 40
190 46
190 49
190 50
190 57
190 74
190 77
190 84
190 86
190 88
190 94
190 96
190 98
190 99
190 100
190 105
190 110
190 117
190 123
190 130
190 133
190 135
190 139
190 140
190 141
190 147
190 148
190 149
190 150
190 153
190 158
190 161
190 163
190 173
190 174
190 175
190 180
190 189
190 194
191 3
191 4
191 11
191 16
191 20
191 24
191 27
191 32
191 34
191 48
191 49
191 53
191 55
191 60
191 61
191 62
191 75
191 82
191 83
191 85
191 90
191 93
191 112
191 123
191 124
191 128
191 132
191 134
191 143
191 149
191 150
191 153
191 174
191 181
191 186
191 197
191 198
192 6
192 14
192 20
192 21
192 23
192 25
192 26
192 46
192 51
192 52
192 63
192 64
192 66
192 78
192 83
192 84
192 88
192 92
192 94
192 98
192 101
192 107
192 115
192 118
192 123
192 125
192 127
192 132
192 136
192 141
192 142
192 144
192 160
192 161
192 167
192 168
192 172
192 182
192 183
192 184
192 196
192 197
193 5
193 9
193 14
193 23
193 27
193 29
193 34
193 42
193 50
193 59
193 60
193 77
193 79
193 80
193 87
193 89
193 98
193 101
193 104
193 105
193 113
193 114
193 119
193 124
193 126
193 134
193 145
193 148
193 155
193 156
193 158
193 189
193 190
193 192
193 194
194 7
194 8
194 12
194 23
194 25
194 41
194 47
194 49
194 51
194 52
194 56
194 59
194 75
194 77
194 78
194 91
194 99
194 102
194 103
194 104
194 105
194 109
194 117
194 121
194 133
194 142
194 145
194 149
194 164
194 165
194 166
194 168
194 176
194 177
194 183
194 184
194 187
194 188
194 191
195 8
195 10
195 26
195 34
195 38
195 39
195 46
195 56
195 57
195 61
195 70
195 83
195 92
195 110
195 112
195 117
195 124
195 126
195 129
195 133
195 135
195 136
195 147
195 148
195 149
195 150
195 157
195 168
195 169
195 171
195 174
195 191
195 196
196 5
196 7
196 9
196 15
196 20
196 24
196 25
196 32
196 35
196 45
196 46
196 52
196 60
196 66
196 73
196 75
196 81
196 82
196 89
196 91
196 92
196 94
196 104
196 105
196 114
196 120
196 121
196 140
196 141
196 145
196 149
196 150
196 152
196 163
196 172
196 173
196 177
196 184
196 185
196 189
196 193
196 199
197 5
197 7
197 9
197 10
197 13
197 16
197 23
197 36
197 42
197 53
197 63
197 77
197 78
197 80
197 81
197 92
197 99
197 104
197 106
197 108
197 117
197 123
197 130
197 139
197 141
197 148
197 158
197 169
197 171
197 176
197 182
197 183
197 191
197 193
197 196
197 197
198 5
198 7
198 11
198 20
198 21
198 28
198 33
198 38
198 49
198 56
198 68
198 70
198 72
198 75
198 79
198 84
198 85
198 93
198 108
198 110
198 117
198 122
198 123
198 125
198 130
198 132
198 138
198 140
198 142
198 154
198 159
198 169
198 177
198 180
198 189
198 192
198 193
199 5
199 6
199 9
199 18
199 20
199 30
199 35
199 41
199 51
199 52
199 61
199 64
199 68
199 83
199 92
199 96
199 103
199 105
199 108
199 109
199 111
199 117
199 118
199 119
199 127
199 132
199 141
199 145
199 147
199 148
199 152
199 153
199 157
199 159
199 167
199 172
199 175
199 176
199 179
199 183
199 186
199 187
199 194
