100
2000
0 0
0 4
0 5
0 8
0 14
0 20
0 22
0 26
0 29
0 31
0 45
0 50
0 55
0 59
0 75
0 89
0 96
1 1
1 5
1 6
1 14
1 17
1 20
1 24
1 26
1 31
1 36
1 37
1 39
1 47
1 52
1 64
1 70
1 72
1 74
1 79
1 85
1 89
2 11
2 12
2 15
2 19
2 23
2 28
2 30
2 39
2 41
2 42
2 44
2 47
2 55
2 57
2 61
2 64
2 67
2 74
2 82
2 87
2 95
2 96
3 1
3 2
3 11
3 13
3 14
3 16
3 22
3 23
3 27
3 36
3 37
3 41
3 45
3 50
3 53
3 57
3 70
3 78
3 79
3 84
3 89
3 93
4 8
4 12
4 13
4 27
4 30
4 37
4 40
4 43
4 45
4 48
4 53
4 54
4 55
4 57
4 59
4 67
4 70
4 71
4 75
4 81
4 82
4 87
5 9
5 12
5 21
5 26
5 31
5 39
5 41
5 45
5 48
5 49
5 52
5 59
5 64
5 68
5 69
5 71
5 86
5 90
5 97
5 98
6 1
6 3
6 4
6 5
6 9
6 13
6 14
6 15
6 16
6 18
6 20
6 34
6 41
6 52
6 59
6 62
6 69
6 74
6 80
6 84
6 96
6 98
7 1
7 2
7 4
7 5
7 6
7 12
7 23
7 43
7 49
7 53
7 56
7 61
7 62
7 75
7 85
7 86
7 88
7 91
7 94
7 98
8 10
8 22
8 25
8 47
8 48
8 54
8 62
8 69
8 78
8 83
8 86
8 88
8 89
8 92
8 95
9 1
9 3
9 4
9 9
9 12
9 15
9 21
9 23
9 27
9 28
9 29
9 30
9 50
9 53
9 54
9 60
9 61
9 69
9 72
9 77
9 80
9 81
9 83
9 85
9 87
9 95
9 97
10 5
10 14
10 17
10 19
10 22
10 27
10 45
10 85
10 87
10 91
10 92
10 94
10 96
10 98
11 1
11 2
11 4
11 8
11 9
11 15
11 23
11 26
11 31
11 36
11 39
11 42
11 49
11 53
11 57
11 62
11 63
11 70
11 73
11 81
11 84
11 88
11 91
11 99
12 3
12 7
12 11
12 12
12 16
12 18
12 21
12 23
12 25
12 38
12 40
12 43
12 48
12 50
12 64
12 67
12 68
12 74
12 81
12 87
12 96
13 2
13 4
13 5
13 7
13 23
13 30
13 33
13 38
13 51
13 52
13 60
13 66
13 77
13 79
13 97
13 98
14 3
14 8
14 9
14 16
14 18
14 19
14 24
14 29
14 41
14 46
14 47
14 50
14 51
14 60
14 63
14 67
14 70
14 79
14 83
14 84
14 90
14 95
14 97
14 98
15 11
15 14
15 15
15 19
15 20
15 23
15 26
15 29
15 44
15 46
15 47
15 55
15 56
15 65
15 66
15 75
15 80
15 84
15 85
15 87
15 88
15 92
15 96
16 0
16 11
16 22
16 24
16 26
16 37
16 38
16 49
16 54
16 60
16 61
16 62
16 63
16 65
16 77
16 79
16 80
16 86
16 87
17 1
17 6
17 12
17 16
17 17
17 24
17 25
17 26
17 30
17 36
17 44
17 46
17 47
17 51
17 53
17 65
17 71
17 78
17 82
17 85
17 89
17 95
17 99
18 4
18 22
18 26
18 31
18 36
18 39
18 41
18 43
18 45
18 51
18 53
18 56
18 70
18 74
18 81
18 82
19 3
19 15
19 17
19 18
19 25
19 41
19 44
19 45
19 51
19 55
19 56
19 68
19 69
19 71
19 75
19 77
19 78
19 82
19 88
19 93
19 95
19 96
19 99
20 10
20 27
20 32
20 39
20 45
20 50
20 57
20 62
20 63
20 71
20 73
20 79
20 80
20 89
21 12
21 22
21 24
21 37
21 40
21 47
21 51
21 56
21 63
21 72
21 74
21 77
21 86
21 91
21 93
21 94
21 97
21 99
22 8
22 9
22 13
22 20
22 27
22 44
22 47
22 54
22 60
22 65
22 67
22 72
22 83
22 86
22 93
22 97
23 5
23 6
23 7
23 9
23 10
23 17
23 22
23 28
23 29
23 43
23 44
23 46
23 48
23 55
23 56
23 61
23 66
23 72
23 73
23 74
23 76
23 77
23 84
23 87
23 88
23 93
24 8
24 10
24 11
24 12
24 19
24 20
24 26
24 27
24 28
24 30
24 36
24 38
24 50
24 54
24 55
24 56
24 60
24 72
24 90
24 93
24 97
25 6
25 8
25 20
25 28
25 29
25 33
25 37
25 38
25 39
25 66
25 70
25 78
25 80
25 81
25 87
25 92
25 94
26 9
26 13
26 15
26 16
26 19
26 20
26 25
26 27
26 30
26 32
26 35
26 38
26 42
26 45
26 48
26 49
26 53
26 54
26 64
26 65
26 67
26 83
26 84
26 92
26 97
27 0
27 1
27 2
27 3
27 6
27 14
27 16
27 24
27 34
27 41
27 43
27 56
27 63
27 64
27 67
27 97
28 1
28 2
28 12
28 14
28 20
28 36
28 42
28 43
28 45
28 50
28 52
28 54
28 62
28 63
28 64
28 71
28 72
28 75
29 2
29 3
29 11
29 22
29 23
29 27
29 35
29 42
29 47
29 59
29 66
29 67
29 73
29 74
29 78
29 81
29 94
29 95
29 97
30 1
30 3
30 10
30 14
30 18
30 20
30 24
30 33
30 36
30 38
30 44
30 45
30 46
30 53
30 59
30 62
30 67
30 69
30 70
30 72
30 81
30 83
30 89
30 91
30 93
30 95
30 98
30 99
31 0
31 9
31 13
31 21
31 22
31 23
31 32
31 34
31 36
31 42
31 47
31 57
31 59
31 62
31 66
31 68
31 70
31 74
31 79
31 80
31 83
31 84
31 91
31 94
32 1
32 4
32 5
32 9
32 14
32 18
32 20
32 21
32 26
32 30
32 31
32 36
32 37
32 40
32 63
32 66
32 69
32 81
32 82
32 83
32 86
32 88
33 2
33 4
33 9
33 27
33 36
33 52
33 54
33 56
33 58
33 61
33 62
33 68
33 72
33 76
33 80
33 87
33 94
34 8
34 17
34 22
34 26
34 29
34 31
34 37
34 44
34 48
34 55
34 56
34 63
34 64
34 72
34 82
34 86
34 88
34 89
34 92
34 93
34 95
34 96
35 1
35 2
35 4
35 10
35 17
35 21
35 48
35 61
35 63
35 68
35 70
35 80
35 87
35 88
35 89
35 94
35 99
36 0
36 13
36 18
36 22
36 24
36 25
36 36
36 37
36 41
36 46
36 57
36 84
36 87
36 88
36 97
37 7
37 9
37 11
37 13
37 14
37 24
37 32
37 38
37 55
37 57
37 66
37 73
37 74
37 92
37 94
37 97
37 99
38 5
38 10
38 13
38 15
38 28
38 39
38 42
38 49
38 50
38 55
38 56
38 64
38 67
38 71
38 75
38 77
38 83
38 84
38 87
38 90
38 99
39 24
39 25
39 32
39 34
39 36
39 39
39 43
39 56
39 68
39 70
39 71
39 80
39 99
40 4
40 9
40 10
40 17
40 31
40 34
40 35
40 36
40 37
40 40
40 51
40 64
40 65
40 68
40 69
40 72
40 73
40 76
40 86
40 87
40 88
40 93
40 97
41 0
41 1
41 3
41 5
41 7
41 9
41 12
41 15
41 26
41 46
41 48
41 49
41 59
41 86
41 94
42 5
42 11
42 15
42 26
42 27
42 28
42 30
42 31
42 36
42 39
42 43
42 50
42 52
42 54
42 56
42 58
42 62
42 63
42 70
42 75
42 85
42 95
43 1
43 11
43 12
43 17
43 19
43 20
43 22
43 23
43 26
43 27
43 31
43 37
43 44
43 61
43 64
43 66
43 68
43 80
43 89
43 91
44 10
44 11
44 18
44 25
44 26
44 31
44 42
44 43
44 44
44 50
44 55
44 60
44 69
44 76
44 89
44 94
44 95
45 16
45 27
45 33
45 34
45 40
45 50
45 51
45 52
45 53
45 63
45 65
45 66
45 70
45 76
45 78
45 86
45 89
45 93
45 94
45 97
46 1
46 5
46 6
46 7
46 10
46 15
46 16
46 23
46 25
46 30
46 38
46 39
46 46
46 52
46 53
46 54
46 59
46 62
46 72
46 73
46 80
46 82
46 86
46 89
46 92
46 93
46 94
46 96
47 2
47 4
47 9
47 11
47 22
47 24
47 27
47 32
47 48
47 50
47 55
47 58
47 60
47 71
47 74
47 75
47 82
47 95
47 99
48 0
48 1
48 6
48 7
48 19
48 26
48 28
48 30
48 32
48 36
48 37
48 38
48 40
48 45
48 46
48 48
48 50
48 52
48 72
48 76
48 79
48 83
48 85
48 88
48 89
48 93
48 95
48 96
48 99
49 3
49 11
49 14
49 16
49 27
49 28
49 35
49 36
49 46
49 51
49 54
49 62
49 75
49 99
50 1
50 4
50 6
50 7
50 29
50 30
50 32
50 35
50 36
50 37
50 49
50 50
50 56
50 71
50 72
50 81
50 93
51 4
51 12
51 20
51 21
51 26
51 29
51 38
51 39
51 40
51 43
51 44
51 45
51 50
51 53
51 60
51 65
51 68
51 70
51 77
51 80
51 83
51 86
51 87
51 91
51 95
51 96
51 99
52 0
52 4
52 5
52 24
52 34
52 44
52 48
52 71
52 75
52 77
52 78
52 94
52 96
53 5
53 9
53 14
53 23
53 24
53 28
53 31
53 39
53 40
53 41
53 50
53 56
53 72
53 73
53 75
53 82
53 87
53 89
53 91
53 93
53 94
54 15
54 18
54 23
54 27
54 29
54 36
54 43
54 52
54 53
54 55
54 60
54 66
54 73
54 77
54 78
54 79
54 84
54 91
54 93
55 14
55 15
55 24
55 27
55 40
55 41
55 43
55 53
55 54
55 57
55 58
55 66
55 69
55 89
55 95
55 99
56 1
56 3
56 4
56 7
56 14
56 16
56 21
56 23
56 28
56 33
56 44
56 48
56 53
56 58
56 72
56 74
56 78
56 88
56 89
57 1
57 3
57 7
57 12
57 17
57 18
57 29
57 34
57 41
57 45
57 49
57 52
57 60
57 69
57 75
57 84
57 91
57 93
57 95
58 6
58 15
58 18
58 19
58 20
58 44
58 47
58 52
58 56
58 57
58 59
58 65
58 68
58 77
58 91
58 96
58 97
59 11
59 13
59 18
59 19
59 22
59 23
59 32
59 35
59 41
59 43
59 48
59 50
59 52
59 53
59 62
59 72
59 75
59 78
59 87
59 97
60 5
60 12
60 15
60 22
60 43
60 45
60 46
60 47
60 48
60 49
60 54
60 60
60 62
60 63
60 65
61 5
61 8
61 13
61 30
61 33
61 38
61 41
61 54
61 61
61 65
61 70
61 76
61 79
61 90
61 92
61 97
62 6
62 8
62 10
62 11
62 12
62 14
62 26
62 36
62 54
62 57
62 59
62 61
62 62
62 63
62 78
62 80
62 81
62 82
62 86
62 88
62 89
62 91
62 92
62 93
62 97
63 0
63 2
63 12
63 14
63 18
63 20
63 23
63 38
63 41
63 43
63 48
63 49
63 55
63 64
63 75
63 82
63 84
63 90
63 91
63 92
64 20
64 31
64 33
64 34
64 37
64 45
64 53
64 54
64 60
64 64
64 67
64 82
64 95
65 1
65 8
65 10
65 12
65 13
65 35
65 50
65 51
65 57
65 62
65 63
65 69
65 70
65 72
65 76
65 86
65 88
65 93
65 94
65 99
66 10
66 12
66 15
66 16
66 17
66 19
66 20
66 31
66 49
66 54
66 57
66 61
66 66
66 82
66 84
67 1
67 4
67 5
67 6
67 11
67 18
67 27
67 37
67 41
67 42
67 48
67 52
67 65
67 68
67 73
67 77
67 81
67 83
67 87
67 94
68 15
68 26
68 29
68 30
68 32
68 40
68 52
68 53
68 54
68 57
68 60
68 61
68 70
68 77
68 80
68 83
68 84
68 86
69 0
69 3
69 9
69 17
69 19
69 21
69 22
69 27
69 40
69 41
69 44
69 45
69 50
69 61
69 85
69 86
69 88
69 98
70 4
70 6
70 14
70 15
70 22
70 23
70 24
70 25
70 26
70 40
70 51
70 53
70 56
70 58
70 59
70 67
70 68
70 70
70 74
70 79
70 81
70 83
70 85
70 91
70 97
70 98
71 0
71 3
71 8
71 12
71 13
71 19
71 22
71 23
71 39
71 41
71 46
71 58
71 68
71 72
71 81
71 83
71 85
71 98
72 9
72 14
72 15
72 18
72 21
72 28
72 29
72 31
72 33
72 39
72 43
72 44
72 46
72 50
72 51
72 64
72 66
72 67
72 69
72 74
72 76
72 78
72 80
72 84
72 89
72 90
72 95
73 4
73 18
73 19
73 23
73 24
73 25
73 36
73 49
73 55
73 61
73 63
73 68
73 74
73 78
73 88
73 95
74 2
74 5
74 7
74 8
74 11
74 13
74 18
74 19
74 24
74 27
74 29
74 34
74 48
74 57
74 58
74 59
74 75
74 76
74 77
74 83
74 89
74 92
74 97
75 11
75 12
75 14
75 15
75 16
75 39
75 51
75 56
75 64
75 73
75 77
75 80
75 83
75 85
75 95
76 4
76 5
76 11
76 13
76 16
76 17
76 27
76 32
76 45
76 59
76 62
76 69
76 75
76 78
76 86
76 89
76 92
76 96
77 3
77 4
77 6
77 7
77 11
77 17
77 19
77 26
77 41
77 48
77 61
77 62
77 65
77 66
77 72
77 75
77 84
77 89
77 96
78 8
78 16
78 21
78 23
78 27
78 30
78 34
78 37
78 46
78 47
78 49
78 52
78 55
78 62
78 69
78 84
78 85
78 87
78 90
78 93
78 97
79 2
79 6
79 14
79 16
79 19
79 26
79 31
79 32
79 33
79 34
79 56
79 60
79 61
79 65
79 72
79 86
79 87
79 94
80 0
80 3
80 14
80 18
80 20
80 23
80 33
80 51
80 58
80 62
80 64
80 76
80 80
80 91
80 93
80 94
81 1
81 2
81 7
81 9
81 11
81 18
81 22
81 23
81 24
81 27
81 36
81 47
81 48
81 54
81 57
81 61
81 65
81 69
81 73
81 75
81 78
81 88
81 94
81 96
82 0
82 10
82 11
82 16
82 22
82 30
82 52
82 54
82 58
82 71
82 78
82 90
82 91
82 92
82 96
83 1
83 3
83 5
83 10
83 37
83 42
83 47
83 50
83 56
83 63
83 68
83 70
83 78
83 84
83 89
83 94
84 1
84 7
84 12
84 16
84 19
84 25
84 30
84 45
84 46
84 52
84 57
84 63
84 67
84 68
84 73
84 75
84 78
84 81
84 84
84 85
84 86
84 93
84 95
84 97
84 98
85 0
85 1
85 4
85 11
85 12
85 15
85 21
85 22
85 31
85 39
85 41
85 42
85 46
85 54
85 57
85 69
85 75
85 78
85 89
85 92
85 93
86 5
86 8
86 12
86 13
86 27
86 30
86 32
86 36
86 39
86 41
86 55
86 72
86 78
86 84
86 89
86 92
87 3
87 10
87 11
87 20
87 23
87 25
87 34
87 39
87 43
87 44
87 46
87 47
87 55
87 57
87 58
87 68
87 69
87 76
87 79
87 81
87 90
87 91
87 95
88 14
88 28
88 31
88 33
88 36
88 40
88 47
88 51
88 53
88 57
88 58
88 72
88 73
88 78
88 79
88 89
88 95
88 96
88 98
88 99
89 7
89 9
89 13
89 14
89 16
89 17
89 29
89 34
89 45
89 47
89 48
89 49
89 50
89 55
89 64
89 70
89 71
89 72
89 78
89 94
90 1
90 3
90 6
90 10
90 15
90 16
90 17
90 19
90 26
90 29
90 35
90 38
90 42
90 52
90 53
90 56
90 57
90 58
90 59
90 61
90 63
90 72
90 77
90 80
90 84
90 85
90 95
91 6
91 11
91 14
91 16
91 18
91 23
91 25
91 26
91 27
91 29
91 34
91 50
91 51
91 53
91 54
91 61
91 62
91 65
91 80
91 92
92 0
92 6
92 7
92 8
92 10
92 14
92 20
92 25
92 27
92 32
92 41
92 45
92 53
92 57
92 60
92 64
92 65
92 66
92 70
92 74
92 83
92 85
92 88
92 89
92 94
92 96
93 10
93 11
93 12
93 13
93 19
93 22
93 23
93 25
93 34
93 39
93 41
93 42
93 61
93 63
93 64
93 69
93 74
93 80
93 81
93 82
93 84
93 90
93 94
93 95
93 98
94 1
94 7
94 8
94 16
94 20
94 21
94 28
94 29
94 36
94 38
94 40
94 45
94 47
94 56
94 61
94 70
94 74
94 75
94 77
94 81
94 83
95 3
95 4
95 6
95 9
95 15
95 16
95 22
95 24
95 26
95 34
95 36
95 39
95 40
95 48
95 49
95 52
95 53
95 55
95 60
95 61
95 68
95 74
95 79
95 80
95 84
95 86
95 89
95 94
95 95
95 97
96 7
96 20
96 21
96 22
96 24
96 25
96 28
96 34
96 41
96 42
96 44
96 46
96 49
96 56
96 57
96 61
96 66
96 72
96 75
96 76
96 79
96 89
96 99
97 5
97 6
97 10
97 16
97 21
97 23
97 27
97 30
97 33
97 36
97 39
97 40
97 45
97 62
97 64
97 65
97 72
97 74
97 75
97 79
97 83
97 86
97 87
97 88
97 89
97 93
97 95
97 98
98 9
98 11
98 16
98 23
98 24
98 29
98 35
98 36
98 44
98 55
98 60
98 75
98 80
98 81
98 83
98 87
98 97
99 3
99 6
99 12
99 22
99 34
99 37
99 41
99 47
99 53
99 56
99 76
99 85
99 90
99 92
