200
8000
0 2
0 3
0 8
0 13
0 18
0 20
0 23
0 24
0 30
0 33
0 34
0 35
0 40
0 41
0 42
0 54
0 55
0 60
0 62
0 63
0 68
0 84
0 85
0 96
0 100
0 113
0 123
0 130
0 131
0 136
0 144
0 150
0 153
0 164
0 190
0 191
0 193
0 199
1 12
1 13
1 14
1 18
1 20
1 25
1 26
1 32
1 46
1 49
1 51
1 54
1 55
1 56
1 60
1 65
1 66
1 68
1 71
1 76
1 82
1 83
1 84
1 85
1 87
1 106
1 108
1 110
1 112
1 115
1 118
1 119
1 120
1 132
1 141
1 143
1 147
1 149
1 162
1 167
1 170
1 172
1 174
1 179
1 191
1 195
2 2
2 4
2 9
2 21
2 27
2 32
2 36
2 40
2 66
2 71
2 89
2 96
2 101
2 102
2 108
2 113
2 115
2 116
2 120
2 122
2 123
2 128
2 129
2 133
2 135
2 142
2 145
2 147
2 151
2 152
2 153
2 163
2 168
2 171
2 177
2 187
2 191
3 2
3 3
3 14
3 18
3 23
3 27
3 32
3 34
3 37
3 41
3 44
3 47
3 52
3 69
3 71
3 72
3 75
3 79
3 86
3 89
3 92
3 96
3 102
3 105
3 106
3 107
3 118
3 120
3 123
3 142
3 152
3 155
3 162
3 172
3 173
3 175
3 177
3 180
3 181
3 182
3 183
3 195
3 197
4 1
4 5
4 9
4 10
4 21
4 24
4 26
4 38
4 39
4 41
4 47
4 48
4 50
4 53
4 61
4 64
4 68
4 72
4 76
4 77
4 82
4 84
4 87
4 91
4 92
4 99
4 100
4 104
4 111
4 114
4 130
4 136
4 137
4 143
4 155
4 163
4 173
4 176
4 180
4 184
4 185
4 188
4 197
5 2
5 4
5 8
5 10
5 12
5 32
5 33
5 34
5 35
5 48
5 55
5 59
5 75
5 76
5 91
5 92
5 97
5 100
5 101
5 103
5 105
5 110
5 115
5 118
5 120
5 134
5 135
5 140
5 141
5 144
5 150
5 155
5 170
5 171
5 175
5 176
5 185
5 187
5 191
5 196
6 4
6 11
6 14
6 23
6 24
6 28
6 31
6 35
6 36
6 37
6 42
6 54
6 64
6 70
6 73
6 74
6 75
6 78
6 79
6 81
6 85
6 99
6 101
6 106
6 110
6 114
6 118
6 120
6 121
6 131
6 136
6 137
6 142
6 143
6 144
6 150
6 152
6 167
6 172
7 7
7 13
7 17
7 19
7 26
7 29
7 32
7 34
7 42
7 53
7 54
7 61
7 66
7 67
7 69
7 74
7 79
7 86
7 89
7 103
7 107
7 130
7 134
7 142
7 144
7 146
7 158
7 173
7 179
7 187
7 188
7 192
8 0
8 2
8 4
8 8
8 17
8 18
8 19
8 29
8 46
8 49
8 60
8 63
8 68
8 73
8 90
8 97
8 102
8 103
8 108
8 110
8 112
8 113
8 118
8 123
8 125
8 144
8 155
8 157
8 158
8 176
8 179
8 182
8 183
8 186
8 192
9 6
9 15
9 17
9 18
9 20
9 26
9 29
9 30
9 37
9 46
9 48
9 49
9 61
9 67
9 69
9 73
9 74
9 83
9 85
9 91
9 92
9 93
9 96
9 99
9 107
9 109
9 111
9 112
9 118
9 123
9 151
9 154
9 159
9 160
9 162
9 165
9 166
9 168
9 169
9 170
9 171
9 178
10 6
10 9
10 16
10 21
10 22
10 23
10 27
10 32
10 35
10 39
10 42
10 50
10 51
10 52
10 55
10 61
10 62
10 73
10 76
10 86
10 91
10 92
10 95
10 96
10 116
10 117
10 119
10 129
10 139
10 149
10 152
10 162
10 164
10 172
10 175
10 176
10 189
10 192
10 195
11 6
11 11
11 16
11 19
11 21
11 22
11 23
11 35
11 38
11 39
11 42
11 43
11 49
11 50
11 56
11 57
11 60
11 62
11 67
11 79
11 88
11 97
11 98
11 100
11 101
11 105
11 106
11 108
11 117
11 125
11 132
11 133
11 136
11 148
11 153
11 163
11 166
11 167
11 174
11 185
11 193
12 0
12 5
12 14
12 20
12 21
12 29
12 33
12 36
12 44
12 48
12 64
12 65
12 68
12 74
12 80
12 83
12 85
12 88
12 90
12 95
12 100
12 102
12 104
12 107
12 110
12 119
12 137
12 138
12 145
12 158
12 166
12 168
12 177
12 190
12 199
13 13
13 23
13 31
13 47
13 56
13 60
13 63
13 66
13 68
13 70
13 79
13 85
13 89
13 94
13 96
13 105
13 112
13 124
13 128
13 133
13 142
13 154
13 156
13 158
13 161
13 162
13 178
13 181
13 191
13 192
14 1
14 2
14 6
14 7
14 11
14 15
14 19
14 21
14 22
14 27
14 28
14 29
14 31
14 32
14 38
14 40
14 44
14 52
14 62
14 68
14 71
14 72
14 79
14 87
14 98
14 101
14 109
14 119
14 122
14 129
14 134
14 138
14 139
14 145
14 151
14 154
14 158
14 159
14 175
14 183
14 184
14 193
14 198
15 9
15 12
15 15
15 26
15 35
15 38
15 42
15 49
15 52
15 55
15 64
15 66
15 69
15 78
15 89
15 90
15 93
15 94
15 95
15 98
15 102
15 108
15 110
15 121
15 133
15 138
15 140
15 149
15 156
15 164
15 185
15 187
15 189
15 190
15 191
15 193
15 196
16 3
16 7
16 11
16 12
16 16
16 24
16 26
16 27
16 28
16 31
16 35
16 50
16 60
16 61
16 63
16 64
16 76
16 82
16 84
16 89
16 91
16 92
16 93
16 95
16 100
16 104
16 130
16 133
16 136
16 153
16 156
16 158
16 161
16 164
16 165
16 167
16 179
16 182
16 185
16 186
16 187
16 198
17 0
17 20
17 22
17 35
17 37
17 44
17 45
17 46
17 47
17 48
17 53
17 61
17 65
17 77
17 83
17 88
17 89
17 96
17 100
17 101
17 102
17 107
17 117
17 124
17 126
17 129
17 138
17 141
17 149
17 153
17 154
17 157
17 161
17 164
17 171
17 180
17 182
17 186
17 189
17 190
17 194
17 196
18 0
18 1
18 2
18 35
18 38
18 42
18 43
18 55
18 61
18 69
18 82
18 84
18 91
18 97
18 99
18 100
18 104
18 105
18 108
18 111
18 115
18 116
18 119
18 127
18 136
18 138
18 144
18 147
18 151
18 156
18 158
18 166
18 170
18 171
18 179
18 183
18 188
18 190
18 191
19 0
19 1
19 5
19 16
19 18
19 24
19 25
19 45
19 46
19 50
19 60
19 61
19 80
19 89
19 93
19 96
19 99
19 101
19 103
19 114
19 116
19 118
19 123
19 129
19 130
19 133
19 137
19 141
19 149
19 157
19 173
19 175
19 179
19 180
19 182
19 184
19 186
19 189
19 193
20 1
20 3
20 10
20 14
20 17
20 23
20 34
20 36
20 37
20 40
20 44
20 47
20 49
20 52
20 53
20 54
20 55
20 57
20 58
20 62
20 64
20 66
20 68
20 72
20 75
20 76
20 79
20 81
20 88
20 98
20 101
20 110
20 111
20 112
20 114
20 115
20 132
20 138
20 141
20 146
20 169
20 172
20 174
20 182
20 196
20 198
21 2
21 3
21 7
21 8
21 13
21 14
21 24
21 36
21 42
21 43
21 49
21 54
21 59
21 61
21 83
21 94
21 106
21 123
21 124
21 127
21 129
21 131
21 137
21 144
21 145
21 148
21 156
21 157
21 162
21 163
21 164
21 168
21 172
21 187
21 188
21 198
22 1
22 4
22 13
22 22
22 28
22 32
22 49
22 53
22 54
22 57
22 61
22 69
22 71
22 76
22 83
22 89
22 91
22 93
22 94
22 95
22 98
22 103
22 104
22 105
22 106
22 108
22 112
22 113
22 114
22 115
22 124
22 127
22 132
22 141
22 142
22 145
22 153
22 162
22 168
22 172
22 174
22 175
22 179
22 180
22 181
22 182
22 186
22 193
22 199
23 0
23 3
23 9
23 17
23 22
23 24
23 25
23 26
23 27
23 30
23 35
23 37
23 42
23 55
23 58
23 67
23 80
23 81
23 89
23 106
23 107
23 112
23 113
23 120
23 121
23 123
23 133
23 137
23 144
23 159
23 161
23 162
23 172
23 177
23 181
23 186
23 191
23 194
24 4
24 8
24 10
24 13
24 18
24 23
24 27
24 28
24 30
24 33
24 34
24 36
24 41
24 44
24 45
24 46
24 48
24 50
24 52
24 57
24 59
24 66
24 74
24 78
24 79
24 92
24 96
24 98
24 103
24 110
24 113
24 134
24 156
24 157
24 166
24 178
24 179
24 189
24 196
25 4
25 11
25 21
25 26
25 28
25 30
25 32
25 33
25 41
25 42
25 46
25 50
25 63
25 66
25 78
25 83
25 92
25 93
25 96
25 97
25 101
25 102
25 108
25 111
25 112
25 120
25 126
25 128
25 129
25 146
25 149
25 152
25 155
25 156
25 170
25 171
25 197
25 198
26 4
26 16
26 23
26 26
26 32
26 34
26 44
26 45
26 48
26 52
26 55
26 61
26 66
26 71
26 74
26 75
26 79
26 80
26 83
26 87
26 89
26 92
26 93
26 97
26 98
26 101
26 106
26 116
26 123
26 126
26 136
26 143
26 155
26 158
26 161
26 164
26 171
26 175
26 177
26 195
27 9
27 17
27 23
27 26
27 46
27 50
27 52
27 54
27 58
27 60
27 61
27 66
27 67
27 68
27 74
27 75
27 78
27 86
27 89
27 90
27 91
27 92
27 100
27 111
27 113
27 122
27 126
27 134
27 136
27 140
27 147
27 158
27 164
27 165
27 167
27 169
27 178
27 180
27 186
27 191
27 193
27 198
28 5
28 11
28 16
28 26
28 44
28 46
28 49
28 51
28 61
28 68
28 75
28 79
28 81
28 86
28 88
28 92
28 99
28 112
28 114
28 115
28 120
28 131
28 134
28 136
28 140
28 154
28 163
28 166
28 168
28 173
28 186
28 191
29 3
29 8
29 12
29 15
29 19
29 20
29 27
29 28
29 31
29 38
29 44
29 53
29 59
29 66
29 80
29 85
29 93
29 97
29 99
29 101
29 109
29 111
29 115
29 120
29 123
29 127
29 132
29 135
29 142
29 143
29 145
29 154
29 157
29 160
29 162
29 165
29 177
29 179
29 187
29 188
29 190
29 191
30 3
30 12
30 18
30 24
30 31
30 34
30 36
30 37
30 42
30 47
30 48
30 57
30 60
30 62
30 66
30 68
30 74
30 75
30 76
30 79
30 85
30 99
30 100
30 103
30 108
30 109
30 111
30 113
30 118
30 122
30 125
30 137
30 140
30 153
30 154
30 165
30 174
30 181
30 185
30 192
30 193
30 194
31 1
31 3
31 7
31 11
31 13
31 17
31 20
31 22
31 23
31 32
31 35
31 40
31 42
31 52
31 53
31 57
31 60
31 61
31 71
31 73
31 78
31 79
31 84
31 87
31 91
31 92
31 102
31 113
31 120
31 123
31 126
31 129
31 132
31 138
31 139
31 143
31 144
31 148
31 151
31 156
31 160
31 161
31 162
31 175
31 183
31 185
31 191
31 192
32 2
32 13
32 18
32 20
32 21
32 25
32 30
32 35
32 38
32 42
32 47
32 49
32 60
32 68
32 74
32 79
32 81
32 89
32 92
32 97
32 102
32 106
32 107
32 111
32 113
32 118
32 121
32 122
32 127
32 135
32 137
32 143
32 151
32 152
32 155
32 160
32 163
32 167
32 177
32 179
32 186
32 192
33 8
33 14
33 21
33 31
33 33
33 34
33 36
33 39
33 51
33 55
33 60
33 63
33 77
33 78
33 84
33 85
33 89
33 92
33 94
33 98
33 100
33 102
33 113
33 119
33 121
33 129
33 133
33 145
33 147
33 148
33 150
33 152
33 168
33 169
33 175
33 180
33 191
33 192
33 194
33 197
33 198
34 0
34 4
34 6
34 8
34 9
34 12
34 13
34 16
34 22
34 24
34 30
34 32
34 36
34 49
34 63
34 66
34 71
34 77
34 82
34 92
34 102
34 104
34 106
34 114
34 116
34 117
34 120
34 121
34 122
34 128
34 138
34 139
34 140
34 146
34 148
34 150
34 151
34 153
34 168
34 169
34 188
34 191
34 195
34 198
34 199
35 2
35 3
35 12
35 25
35 29
35 32
35 35
35 38
35 50
35 54
35 55
35 67
35 88
35 89
35 95
35 98
35 107
35 108
35 111
35 113
35 114
35 118
35 125
35 127
35 128
35 132
35 134
35 135
35 145
35 151
35 162
35 165
35 166
35 167
35 181
35 182
35 184
35 185
35 186
35 188
35 189
35 190
35 198
35 199
36 4
36 14
36 16
36 23
36 25
36 33
36 35
36 39
36 45
36 51
36 52
36 59
36 69
36 71
36 75
36 76
36 78
36 82
36 87
36 94
36 96
36 97
36 117
36 121
36 125
36 137
36 149
36 158
36 171
36 172
36 188
36 190
36 198
37 3
37 23
37 25
37 27
37 28
37 34
37 45
37 53
37 60
37 68
37 71
37 73
37 82
37 93
37 95
37 99
37 111
37 112
37 115
37 117
37 123
37 146
37 147
37 149
37 155
37 162
37 164
37 176
37 182
37 187
37 191
38 4
38 11
38 12
38 17
38 18
38 25
38 26
38 31
38 42
38 47
38 48
38 53
38 61
38 65
38 66
38 69
38 73
38 81
38 91
38 93
38 98
38 106
38 108
38 114
38 116
38 122
38 126
38 129
38 131
38 139
38 143
38 150
38 151
38 158
38 168
38 169
38 170
38 173
38 176
38 177
38 183
38 188
38 190
38 193
38 196
38 199
39 5
39 13
39 14
39 19
39 20
39 21
39 29
39 30
39 31
39 36
39 39
39 46
39 47
39 51
39 61
39 70
39 73
39 78
39 79
39 86
39 88
39 89
39 92
39 93
39 95
39 101
39 103
39 105
39 108
39 112
39 114
39 117
39 119
39 123
39 126
39 128
39 131
39 133
39 136
39 138
39 141
39 142
39 149
39 150
39 153
39 159
39 160
39 172
39 174
39 176
39 179
39 180
39 184
39 188
39 191
39 192
39 197
39 198
40 8
40 17
40 20
40 22
40 24
40 27
40 29
40 42
40 45
40 48
40 54
40 57
40 60
40 68
40 78
40 83
40 84
40 85
40 89
40 101
40 102
40 104
40 105
40 120
40 126
40 131
40 133
40 134
40 135
40 138
40 141
40 144
40 145
40 161
40 174
40 178
40 179
40 185
40 186
41 1
41 3
41 4
41 7
41 14
41 16
41 18
41 27
41 30
41 31
41 38
41 42
41 47
41 48
41 52
41 61
41 65
41 69
41 71
41 73
41 74
41 79
41 84
41 87
41 88
41 90
41 92
41 93
41 99
41 123
41 142
41 148
41 151
41 153
41 158
41 160
41 161
41 163
41 173
41 174
41 183
41 185
41 199
42 11
42 13
42 19
42 22
42 39
42 40
42 46
42 50
42 55
42 57
42 63
42 66
42 71
42 72
42 83
42 89
42 94
42 107
42 111
42 120
42 121
42 124
42 128
42 129
42 135
42 136
42 137
42 139
42 146
42 151
42 153
42 155
42 156
42 167
42 170
42 171
42 177
42 182
42 183
42 185
42 198
43 6
43 7
43 17
43 26
43 27
43 32
43 43
43 44
43 47
43 49
43 51
43 56
43 64
43 71
43 75
43 76
43 79
43 81
43 111
43 114
43 118
43 124
43 129
43 132
43 140
43 142
43 149
43 151
43 156
43 160
43 164
43 170
43 172
43 183
43 184
43 186
43 199
44 6
44 7
44 10
44 15
44 35
44 39
44 40
44 43
44 44
44 47
44 50
44 51
44 61
44 64
44 85
44 94
44 104
44 108
44 111
44 112
44 113
44 124
44 125
44 126
44 137
44 138
44 142
44 144
44 145
44 146
44 151
44 157
44 160
44 166
44 167
44 169
44 172
44 178
44 185
44 192
44 198
45 11
45 18
45 22
45 28
45 31
45 41
45 44
45 62
45 78
45 79
45 83
45 87
45 88
45 103
45 104
45 105
45 115
45 121
45 126
45 135
45 140
45 149
45 154
45 157
45 167
45 174
45 175
45 177
45 188
45 192
45 197
46 1
46 15
46 37
46 40
46 45
46 47
46 49
46 55
46 70
46 72
46 81
46 82
46 83
46 88
46 91
46 92
46 102
46 110
46 114
46 121
46 124
46 140
46 150
46 154
46 182
46 187
46 189
46 190
46 191
46 193
46 194
46 196
47 2
47 7
47 10
47 13
47 19
47 20
47 22
47 32
47 35
47 38
47 43
47 46
47 48
47 49
47 51
47 52
47 57
47 61
47 64
47 67
47 73
47 74
47 77
47 80
47 94
47 99
47 103
47 105
47 110
47 129
47 130
47 133
47 134
47 137
47 139
47 150
47 161
47 167
47 172
47 176
47 179
47 183
48 5
48 7
48 10
48 25
48 34
48 35
48 44
48 49
48 52
48 64
48 67
48 77
48 78
48 81
48 93
48 96
48 97
48 101
48 114
48 116
48 120
48 126
48 130
48 132
48 136
48 139
48 141
48 150
48 153
48 154
48 158
48 165
48 167
48 170
48 181
48 184
48 188
48 190
48 193
48 198
49 10
49 11
49 12
49 13
49 15
49 16
49 22
49 23
49 26
49 33
49 35
49 36
49 52
49 53
49 54
49 56
49 57
49 59
49 60
49 61
49 62
49 65
49 69
49 70
49 77
49 78
49 80
49 82
49 83
49 90
49 91
49 93
49 109
49 111
49 113
49 115
49 116
49 125
49 135
49 136
49 138
49 153
49 157
49 158
49 159
49 163
49 167
49 170
49 174
49 175
49 180
49 182
49 183
49 185
49 189
49 191
49 192
49 195
49 196
49 197
49 199
50 2
50 3
50 13
50 15
50 26
50 28
50 34
50 37
50 44
50 45
50 46
50 47
50 48
50 49
50 51
50 54
50 60
50 61
50 62
50 68
50 73
50 74
50 75
50 77
50 84
50 86
50 87
50 92
50 93
50 98
50 101
50 102
50 109
50 110
50 115
50 123
50 127
50 128
50 129
50 130
50 132
50 137
50 138
50 143
50 145
50 154
50 155
50 159
50 164
50 168
50 170
50 182
50 183
50 198
51 2
51 3
51 4
51 5
51 6
51 8
51 9
51 13
51 28
51 32
51 35
51 43
51 48
51 54
51 55
51 60
51 73
51 74
51 81
51 85
51 90
51 93
51 95
51 99
51 108
51 118
51 121
51 127
51 142
51 143
51 144
51 157
51 159
51 162
51 190
51 198
52 6
52 12
52 13
52 15
52 22
52 29
52 30
52 31
52 43
52 46
52 51
52 53
52 60
52 61
52 62
52 70
52 71
52 74
52 75
52 77
52 85
52 95
52 97
52 99
52 100
52 109
52 117
52 120
52 121
52 129
52 137
52 139
52 143
52 148
52 156
52 158
52 160
52 165
52 166
52 167
52 170
52 193
52 197
52 198
53 4
53 11
53 14
53 24
53 26
53 28
53 30
53 45
53 54
53 59
53 67
53 73
53 76
53 78
53 84
53 104
53 105
53 107
53 109
53 113
53 114
53 115
53 121
53 123
53 134
53 135
53 136
53 140
53 141
53 142
53 154
53 156
53 159
53 167
53 175
53 177
53 187
54 3
54 8
54 13
54 26
54 29
54 33
54 36
54 40
54 48
54 52
54 59
54 61
54 63
54 66
54 74
54 76
54 78
54 80
54 83
54 86
54 89
54 93
54 94
54 101
54 111
54 115
54 117
54 121
54 122
54 123
54 127
54 136
54 141
54 150
54 166
54 167
54 170
54 177
54 182
54 184
54 192
54 197
54 199
55 1
55 3
55 9
55 10
55 12
55 21
55 22
55 23
55 27
55 28
55 30
55 31
55 32
55 33
55 39
55 47
55 53
55 56
55 59
55 61
55 67
55 71
55 88
55 90
55 95
55 99
55 101
55 102
55 104
55 120
55 122
55 123
55 130
55 134
55 137
55 153
55 162
55 174
55 177
55 182
55 183
55 185
55 188
55 189
56 3
56 5
56 17
56 26
56 28
56 29
56 34
56 41
56 55
56 62
56 69
56 72
56 76
56 81
56 82
56 89
56 91
56 96
56 101
56 102
56 105
56 107
56 108
56 110
56 116
56 118
56 127
56 138
56 140
56 146
56 151
56 152
56 160
56 162
56 165
56 169
56 175
56 179
56 182
56 186
56 193
56 195
57 0
57 1
57 6
57 9
57 13
57 17
57 24
57 27
57 33
57 37
57 38
57 52
57 58
57 63
57 73
57 75
57 84
57 88
57 89
57 96
57 103
57 105
57 107
57 111
57 112
57 117
57 127
57 131
57 132
57 145
57 150
57 154
57 156
57 167
57 174
57 176
57 177
57 179
57 180
57 190
57 197
58 12
58 24
58 26
58 42
58 43
58 51
58 53
58 58
58 59
58 64
58 76
58 79
58 92
58 112
58 113
58 115
58 118
58 119
58 122
58 123
58 127
58 140
58 141
58 143
58 149
58 153
58 154
58 157
58 160
58 163
58 164
58 168
58 172
58 173
58 178
58 183
58 185
58 189
58 191
58 194
58 198
59 5
59 6
59 11
59 18
59 19
59 25
59 28
59 31
59 32
59 35
59 40
59 60
59 61
59 72
59 74
59 77
59 90
59 102
59 112
59 118
59 122
59 141
59 144
59 145
59 146
59 156
59 165
59 169
59 176
59 178
59 183
59 185
59 194
60 1
60 7
60 17
60 30
60 42
60 47
60 48
60 50
60 54
60 58
60 61
60 64
60 66
60 70
60 83
60 84
60 92
60 93
60 97
60 117
60 124
60 125
60 127
60 133
60 143
60 144
60 150
60 157
60 165
60 172
60 177
60 178
60 184
60 187
60 190
60 191
60 195
61 3
61 5
61 7
61 18
61 25
61 27
61 32
61 34
61 37
61 43
61 53
61 55
61 60
61 63
61 79
61 83
61 87
61 92
61 97
61 101
61 106
61 119
61 124
61 129
61 130
61 134
61 140
61 152
61 153
61 156
61 157
61 166
61 168
61 171
61 173
61 175
61 179
61 180
61 183
61 193
62 3
62 6
62 8
62 11
62 14
62 15
62 17
62 21
62 29
62 36
62 41
62 43
62 48
62 52
62 56
62 58
62 60
62 62
62 66
62 69
62 74
62 76
62 81
62 85
62 86
62 91
62 96
62 101
62 102
62 109
62 110
62 122
62 134
62 136
62 137
62 140
62 144
62 156
62 163
62 164
62 165
62 179
62 183
62 186
62 197
62 199
63 0
63 1
63 2
63 15
63 16
63 17
63 18
63 30
63 37
63 46
63 58
63 62
63 73
63 79
63 80
63 81
63 84
63 86
63 88
63 91
63 93
63 106
63 118
63 139
63 140
63 151
63 165
63 179
63 187
64 1
64 16
64 26
64 29
64 34
64 44
64 53
64 54
64 55
64 57
64 59
64 68
64 70
64 71
64 81
64 85
64 86
64 94
64 98
64 100
64 104
64 114
64 116
64 119
64 122
64 133
64 135
64 137
64 141
64 144
64 156
64 158
64 162
64 164
64 174
64 187
64 192
64 194
65 1
65 2
65 3
65 8
65 15
65 20
65 51
65 78
65 79
65 89
65 95
65 98
65 101
65 102
65 104
65 105
65 106
65 111
65 114
65 115
65 119
65 120
65 127
65 129
65 138
65 140
65 141
65 149
65 164
65 168
65 172
65 179
65 183
65 184
65 188
65 189
65 192
65 194
65 197
66 8
66 15
66 16
66 33
66 34
66 42
66 46
66 54
66 59
66 68
66 69
66 85
66 93
66 98
66 102
66 104
66 117
66 118
66 120
66 123
66 136
66 138
66 152
66 157
66 164
66 171
66 176
66 178
66 181
66 183
66 186
66 192
67 6
67 12
67 15
67 32
67 34
67 41
67 44
67 56
67 57
67 60
67 69
67 72
67 79
67 96
67 109
67 111
67 112
67 121
67 135
67 145
67 150
67 152
67 155
67 160
67 163
67 166
67 170
67 171
67 185
67 186
67 194
68 10
68 17
68 19
68 21
68 37
68 41
68 42
68 43
68 45
68 47
68 48
68 52
68 56
68 57
68 65
68 67
68 72
68 73
68 79
68 96
68 103
68 105
68 115
68 118
68 121
68 122
68 142
68 151
68 155
68 157
68 168
68 171
68 173
68 177
68 178
68 180
68 185
68 195
68 198
69 6
69 7
69 11
69 13
69 22
69 26
69 35
69 40
69 46
69 48
69 66
69 67
69 68
69 71
69 84
69 93
69 96
69 109
69 111
69 121
69 127
69 128
69 136
69 150
69 155
69 156
69 162
69 167
69 173
69 175
69 179
69 182
69 183
69 185
69 198
70 2
70 9
70 21
70 31
70 38
70 39
70 40
70 44
70 51
70 52
70 58
70 60
70 89
70 93
70 100
70 102
70 110
70 115
70 122
70 126
70 127
70 130
70 131
70 139
70 144
70 146
70 147
70 153
70 154
70 156
70 163
70 184
70 188
70 192
70 193
71 2
71 5
71 7
71 10
71 21
71 23
71 29
71 30
71 35
71 36
71 48
71 50
71 59
71 69
71 71
71 73
71 81
71 82
71 85
71 86
71 88
71 94
71 97
71 101
71 112
71 113
71 116
71 127
71 170
71 172
71 173
71 189
71 191
71 193
71 197
72 0
72 4
72 5
72 17
72 24
72 25
72 26
72 50
72 69
72 71
72 75
72 84
72 86
72 89
72 94
72 98
72 102
72 105
72 125
72 126
72 133
72 139
72 150
72 157
72 164
72 168
72 184
72 185
72 186
72 194
72 195
72 199
73 1
73 6
73 13
73 18
73 24
73 31
73 36
73 39
73 42
73 48
73 49
73 55
73 57
73 59
73 60
73 67
73 68
73 69
73 83
73 85
73 86
73 94
73 101
73 129
73 144
73 146
73 150
73 152
73 153
73 154
73 161
73 168
73 169
73 172
73 190
73 194
73 196
73 198
74 1
74 4
74 11
74 14
74 16
74 27
74 30
74 33
74 36
74 41
74 42
74 46
74 49
74 57
74 59
74 68
74 98
74 104
74 106
74 111
74 122
74 124
74 125
74 127
74 132
74 143
74 155
74 156
74 161
74 167
74 170
74 172
74 173
74 178
74 190
74 191
75 4
75 10
75 13
75 28
75 29
75 32
75 47
75 48
75 50
75 52
75 59
75 60
75 67
75 80
75 87
75 92
75 97
75 105
75 108
75 113
75 118
75 127
75 131
75 138
75 141
75 143
75 154
75 171
75 177
75 178
75 180
75 184
75 186
75 187
75 188
75 193
76 4
76 12
76 13
76 16
76 18
76 32
76 38
76 46
76 49
76 50
76 56
76 66
76 74
76 84
76 85
76 90
76 102
76 107
76 108
76 111
76 117
76 122
76 124
76 127
76 128
76 130
76 135
76 146
76 158
76 164
76 165
76 168
76 171
76 184
76 194
76 199
77 4
77 25
77 31
77 38
77 43
77 44
77 45
77 46
77 47
77 57
77 60
77 62
77 64
77 71
77 72
77 76
77 77
77 80
77 84
77 92
77 101
77 113
77 118
77 120
77 140
77 144
77 147
77 155
77 158
77 160
77 165
77 167
77 169
77 182
77 189
77 199
78 1
78 16
78 21
78 25
78 26
78 27
78 35
78 42
78 53
78 58
78 63
78 76
78 81
78 84
78 87
78 98
78 108
78 111
78 123
78 124
78 126
78 130
78 132
78 137
78 139
78 140
78 141
78 146
78 147
78 149
78 150
78 157
78 165
78 169
78 173
78 182
78 186
78 198
78 199
79 4
79 7
79 9
79 14
79 15
79 17
79 22
79 26
79 28
79 32
79 36
79 46
79 49
79 58
79 63
79 72
79 76
79 81
79 88
79 92
79 96
79 112
79 115
79 117
79 135
79 138
79 147
79 153
79 154
79 162
79 167
79 169
79 172
79 177
79 180
79 183
79 185
79 191
79 193
79 195
80 9
80 12
80 14
80 22
80 30
80 33
80 41
80 48
80 49
80 57
80 60
80 65
80 66
80 83
80 86
80 96
80 98
80 99
80 104
80 107
80 114
80 120
80 123
80 124
80 128
80 132
80 136
80 146
80 147
80 151
80 154
80 158
80 164
80 169
80 170
80 179
80 180
80 185
80 188
80 195
80 199
81 2
81 11
81 12
81 25
81 28
81 34
81 36
81 37
81 41
81 45
81 51
81 53
81 55
81 57
81 61
81 63
81 65
81 66
81 67
81 68
81 70
81 75
81 78
81 79
81 80
81 82
81 84
81 88
81 96
81 99
81 101
81 107
81 115
81 118
81 119
81 129
81 132
81 133
81 139
81 141
81 143
81 150
81 151
81 154
81 156
81 160
81 164
81 166
81 178
81 180
81 182
81 189
81 193
82 4
82 9
82 10
82 12
82 13
82 15
82 18
82 21
82 23
82 27
82 30
82 41
82 46
82 51
82 55
82 56
82 57
82 65
82 66
82 68
82 70
82 71
82 76
82 89
82 91
82 93
82 95
82 116
82 118
82 121
82 125
82 135
82 137
82 139
82 142
82 145
82 146
82 147
82 151
82 155
82 159
82 160
82 166
82 167
82 175
82 178
82 183
82 184
82 195
82 198
83 5
83 9
83 11
83 14
83 34
83 42
83 43
83 44
83 46
83 48
83 54
83 59
83 75
83 82
83 83
83 85
83 86
83 91
83 94
83 116
83 121
83 125
83 128
83 131
83 151
83 156
83 158
83 161
83 173
83 178
83 191
83 193
84 3
84 8
84 9
84 14
84 16
84 17
84 18
84 19
84 37
84 43
84 45
84 49
84 52
84 59
84 66
84 67
84 68
84 78
84 80
84 81
84 85
84 91
84 95
84 96
84 107
84 112
84 115
84 117
84 122
84 127
84 134
84 137
84 142
84 147
84 149
84 150
84 154
84 158
84 164
84 165
84 167
84 170
84 172
84 174
84 178
85 4
85 7
85 8
85 13
85 17
85 21
85 30
85 34
85 39
85 40
85 42
85 43
85 45
85 50
85 53
85 54
85 58
85 60
85 67
85 84
85 86
85 87
85 88
85 95
85 103
85 104
85 113
85 119
85 126
85 132
85 135
85 138
85 139
85 140
85 142
85 144
85 146
85 156
85 157
85 163
85 177
85 180
85 183
85 184
85 186
85 193
86 1
86 2
86 7
86 10
86 11
86 24
86 27
86 30
86 34
86 35
86 37
86 48
86 51
86 55
86 58
86 60
86 74
86 79
86 94
86 99
86 102
86 109
86 114
86 123
86 137
86 150
86 156
86 157
86 158
86 161
86 164
86 169
86 178
86 186
86 188
86 192
86 196
87 2
87 4
87 7
87 14
87 15
87 27
87 29
87 32
87 37
87 45
87 47
87 51
87 55
87 56
87 57
87 60
87 75
87 76
87 78
87 83
87 89
87 100
87 107
87 111
87 113
87 115
87 119
87 122
87 123
87 124
87 128
87 134
87 141
87 144
87 145
87 161
87 167
87 168
87 173
87 174
87 177
87 184
87 186
87 189
87 193
88 2
88 3
88 6
88 16
88 17
88 18
88 32
88 35
88 39
88 41
88 45
88 49
88 61
88 68
88 75
88 83
88 90
88 91
88 93
88 96
88 100
88 103
88 107
88 118
88 126
88 137
88 144
88 149
88 151
88 157
88 162
88 164
88 167
88 170
88 177
88 181
88 190
88 196
88 197
89 8
89 10
89 17
89 22
89 33
89 48
89 50
89 61
89 72
89 77
89 81
89 93
89 98
89 102
89 106
89 107
89 119
89 124
89 128
89 129
89 135
89 140
89 145
89 151
89 154
89 155
89 157
89 159
89 166
89 167
89 188
89 192
89 198
90 2
90 25
90 32
90 37
90 38
90 44
90 49
90 54
90 63
90 99
90 116
90 117
90 132
90 133
90 136
90 155
90 158
90 170
90 173
90 181
90 186
90 198
91 15
91 17
91 18
91 21
91 34
91 38
91 39
91 40
91 42
91 51
91 55
91 72
91 85
91 90
91 95
91 101
91 110
91 114
91 115
91 116
91 138
91 142
91 143
91 151
91 155
91 156
91 158
91 162
91 164
91 179
91 189
91 197
92 5
92 11
92 14
92 15
92 17
92 24
92 25
92 26
92 32
92 35
92 40
92 50
92 53
92 54
92 55
92 59
92 68
92 75
92 77
92 82
92 94
92 102
92 106
92 109
92 124
92 135
92 141
92 142
92 144
92 146
92 154
92 164
92 165
92 168
92 170
92 172
92 174
92 175
92 186
92 193
92 194
93 0
93 15
93 16
93 21
93 26
93 36
93 38
93 52
93 53
93 59
93 61
93 62
93 71
93 77
93 78
93 80
93 97
93 98
93 103
93 116
93 122
93 130
93 144
93 149
93 150
93 151
93 153
93 155
93 157
93 165
93 170
93 173
93 177
93 178
93 184
93 190
93 193
93 196
93 198
94 3
94 8
94 11
94 15
94 19
94 28
94 46
94 50
94 52
94 54
94 56
94 63
94 64
94 65
94 81
94 82
94 90
94 92
94 96
94 107
94 114
94 115
94 124
94 129
94 133
94 138
94 141
94 144
94 149
94 151
94 157
94 166
94 167
94 170
94 173
94 176
94 181
94 189
94 192
94 193
94 194
94 199
95 1
95 16
95 26
95 30
95 34
95 37
95 39
95 49
95 50
95 51
95 55
95 56
95 65
95 69
95 83
95 86
95 88
95 93
95 94
95 104
95 107
95 111
95 113
95 117
95 119
95 131
95 139
95 140
95 141
95 144
95 150
95 156
95 158
95 160
95 173
95 175
95 176
95 178
95 180
95 185
95 196
95 197
95 198
95 199
96 4
96 7
96 22
96 30
96 34
96 40
96 48
96 49
96 57
96 65
96 70
96 73
96 88
96 95
96 98
96 101
96 105
96 106
96 112
96 113
96 114
96 118
96 130
96 131
96 132
96 137
96 138
96 140
96 141
96 149
96 155
96 156
96 165
96 166
96 172
96 177
96 193
96 198
97 4
97 5
97 9
97 23
97 29
97 33
97 35
97 38
97 40
97 41
97 48
97 58
97 59
97 62
97 65
97 72
97 80
97 81
97 83
97 96
97 102
97 108
97 110
97 112
97 114
97 115
97 117
97 121
97 123
97 124
97 132
97 139
97 142
97 147
97 148
97 149
97 151
97 155
97 158
97 162
97 171
97 173
97 176
97 180
97 194
97 196
98 1
98 6
98 8
98 9
98 11
98 13
98 38
98 42
98 43
98 44
98 47
98 51
98 58
98 59
98 71
98 77
98 85
98 89
98 93
98 109
98 112
98 113
98 114
98 116
98 117
98 118
98 128
98 132
98 134
98 140
98 145
98 148
98 149
98 154
98 155
98 156
98 162
98 163
98 165
98 167
98 168
98 182
98 184
98 188
98 194
98 199
99 1
99 4
99 9
99 12
99 13
99 14
99 15
99 19
99 25
99 26
99 27
99 36
99 49
99 60
99 66
99 72
99 73
99 75
99 80
99 81
99 94
99 99
99 107
99 116
99 119
99 122
99 132
99 147
99 150
99 155
99 161
99 162
99 167
99 172
99 176
99 178
99 187
99 190
99 192
99 193
100 11
100 15
100 17
100 20
100 21
100 25
100 29
100 33
100 40
100 43
100 50
100 53
100 55
100 58
100 69
100 71
100 75
100 78
100 80
100 84
100 87
100 95
100 103
100 106
100 113
100 117
100 119
100 120
100 127
100 136
100 140
100 147
100 162
100 165
100 180
100 184
100 186
100 190
101 11
101 13
101 19
101 21
101 27
101 34
101 36
101 37
101 39
101 40
101 43
101 44
101 47
101 56
101 58
101 66
101 68
101 80
101 85
101 92
101 99
101 112
101 117
101 122
101 125
101 130
101 131
101 133
101 153
101 160
101 163
101 165
101 166
101 168
101 170
101 171
101 173
101 174
101 175
101 182
101 183
101 185
101 188
101 192
101 199
102 5
102 8
102 29
102 31
102 33
102 36
102 38
102 40
102 47
102 50
102 52
102 53
102 56
102 58
102 62
102 70
102 73
102 76
102 82
102 83
102 89
102 105
102 106
102 108
102 111
102 115
102 124
102 131
102 134
102 135
102 141
102 153
102 157
102 160
102 167
102 168
102 182
102 192
102 199
103 5
103 11
103 13
103 27
103 31
103 32
103 39
103 40
103 43
103 49
103 53
103 54
103 71
103 73
103 74
103 81
103 84
103 89
103 91
103 99
103 102
103 103
103 104
103 105
103 107
103 108
103 110
103 117
103 118
103 136
103 141
103 143
103 154
103 161
103 172
103 176
103 178
103 182
103 189
103 195
104 4
104 5
104 8
104 16
104 20
104 27
104 29
104 41
104 47
104 48
104 50
104 51
104 52
104 55
104 59
104 65
104 69
104 71
104 73
104 75
104 76
104 80
104 81
104 90
104 102
104 104
104 105
104 108
104 116
104 126
104 127
104 137
104 142
104 149
104 150
104 157
104 158
104 160
104 162
104 170
104 180
104 181
104 187
104 191
104 192
104 195
104 197
104 198
105 0
105 4
105 13
105 20
105 23
105 25
105 26
105 35
105 39
105 42
105 48
105 51
105 57
105 59
105 72
105 75
105 84
105 91
105 96
105 103
105 104
105 107
105 109
105 114
105 120
105 121
105 130
105 141
105 144
105 146
105 148
105 155
105 158
105 162
105 164
105 172
105 184
105 188
105 195
106 11
106 15
106 18
106 21
106 24
106 27
106 29
106 32
106 36
106 43
106 44
106 45
106 49
106 50
106 55
106 66
106 71
106 76
106 82
106 85
106 87
106 94
106 95
106 96
106 97
106 100
106 101
106 106
106 115
106 117
106 123
106 125
106 133
106 136
106 137
106 144
106 150
106 153
106 156
106 165
106 166
106 169
106 173
106 176
106 177
106 181
106 183
106 197
107 1
107 4
107 13
107 14
107 23
107 24
107 30
107 31
107 37
107 38
107 43
107 46
107 48
107 50
107 52
107 53
107 62
107 70
107 76
107 81
107 82
107 83
107 92
107 94
107 95
107 104
107 114
107 120
107 121
107 122
107 124
107 130
107 144
107 145
107 153
107 154
107 156
107 157
107 160
107 166
107 169
107 184
107 190
107 193
107 195
107 198
108 2
108 4
108 20
108 22
108 26
108 28
108 30
108 31
108 50
108 52
108 60
108 62
108 66
108 69
108 72
108 78
108 92
108 97
108 109
108 111
108 112
108 113
108 117
108 118
108 127
108 135
108 136
108 139
108 143
108 148
108 157
108 166
108 167
108 168
108 170
108 173
108 179
108 184
108 186
108 194
108 195
108 197
108 199
109 3
109 4
109 5
109 11
109 14
109 15
109 23
109 25
109 26
109 29
109 38
109 41
109 44
109 47
109 48
109 51
109 56
109 66
109 73
109 87
109 94
109 95
109 111
109 112
109 119
109 128
109 129
109 131
109 139
109 145
109 150
109 153
109 161
109 171
109 172
109 178
109 179
109 183
109 187
109 198
110 2
110 6
110 7
110 8
110 9
110 14
110 16
110 20
110 23
110 30
110 32
110 34
110 35
110 43
110 48
110 54
110 62
110 69
110 71
110 82
110 83
110 89
110 102
110 105
110 107
110 113
110 120
110 125
110 126
110 146
110 148
110 156
110 159
110 160
110 162
110 166
110 169
110 170
110 171
110 173
110 176
110 180
110 181
111 1
111 14
111 15
111 17
111 25
111 27
111 31
111 36
111 40
111 41
111 45
111 46
111 50
111 58
111 59
111 63
111 66
111 67
111 72
111 79
111 83
111 86
111 95
111 102
111 104
111 110
111 112
111 120
111 123
111 124
111 126
111 138
111 149
111 156
111 159
111 160
111 165
111 169
111 174
111 176
111 179
111 186
111 188
112 0
112 9
112 10
112 26
112 30
112 35
112 42
112 52
112 58
112 59
112 64
112 66
112 68
112 70
112 75
112 81
112 91
112 106
112 108
112 114
112 118
112 127
112 134
112 136
112 139
112 140
112 143
112 148
112 152
112 156
112 174
112 179
112 180
112 181
112 193
112 197
113 2
113 3
113 15
113 16
113 31
113 42
113 43
113 50
113 62
113 66
113 68
113 75
113 93
113 107
113 113
113 114
113 115
113 116
113 117
113 118
113 128
113 131
113 133
113 135
113 151
113 159
113 164
113 165
113 166
113 168
113 177
113 181
113 185
113 189
114 5
114 26
114 27
114 43
114 47
114 50
114 63
114 64
114 69
114 76
114 77
114 81
114 87
114 94
114 100
114 115
114 131
114 133
114 145
114 147
114 151
114 158
114 169
114 176
114 177
114 179
114 184
114 193
115 2
115 3
115 8
115 16
115 21
115 25
115 28
115 29
115 32
115 34
115 37
115 38
115 69
115 73
115 75
115 76
115 77
115 88
115 89
115 91
115 96
115 97
115 99
115 101
115 105
115 107
115 108
115 113
115 118
115 124
115 125
115 141
115 142
115 146
115 150
115 151
115 162
115 179
115 186
115 194
115 195
116 2
116 5
116 7
116 9
116 17
116 28
116 29
116 37
116 49
116 54
116 56
116 57
116 62
116 63
116 75
116 76
116 79
116 88
116 92
116 103
116 104
116 111
116 112
116 113
116 120
116 121
116 143
116 151
116 155
116 163
116 165
116 167
116 170
116 172
116 174
116 182
116 195
117 0
117 3
117 5
117 6
117 10
117 13
117 18
117 20
117 23
117 32
117 37
117 39
117 40
117 59
117 68
117 71
117 76
117 78
117 83
117 84
117 88
117 90
117 98
117 100
117 101
117 104
117 108
117 115
117 126
117 130
117 136
117 137
117 142
117 148
117 149
117 154
117 155
117 156
117 164
117 178
117 192
117 197
117 199
118 1
118 3
118 10
118 12
118 16
118 18
118 32
118 47
118 49
118 57
118 58
118 60
118 62
118 64
118 66
118 67
118 77
118 97
118 98
118 110
118 113
118 121
118 125
118 131
118 160
118 168
118 188
118 198
119 1
119 3
119 4
119 13
119 17
119 21
119 24
119 25
119 27
119 31
119 34
119 35
119 37
119 41
119 42
119 44
119 61
119 63
119 65
119 71
119 73
119 79
119 80
119 83
119 90
119 94
119 97
119 106
119 112
119 129
119 134
119 138
119 144
119 145
119 146
119 153
119 155
119 170
119 172
119 177
119 185
119 196
120 6
120 8
120 10
120 13
120 18
120 20
120 23
120 25
120 30
120 31
120 32
120 34
120 68
120 71
120 72
120 73
120 78
120 80
120 83
120 92
120 93
120 95
120 96
120 106
120 125
120 132
120 133
120 143
120 145
120 146
120 155
120 172
120 175
120 184
120 193
120 194
120 196
120 198
121 5
121 11
121 12
121 14
121 15
121 16
121 22
121 33
121 44
121 46
121 49
121 60
121 65
121 69
121 73
121 74
121 78
121 84
121 103
121 104
121 112
121 119
121 123
121 125
121 137
121 139
121 141
121 143
121 153
121 161
121 169
121 178
121 179
121 194
122 0
122 2
122 5
122 7
122 16
122 21
122 22
122 36
122 41
122 43
122 46
122 52
122 61
122 66
122 69
122 70
122 75
122 76
122 80
122 84
122 94
122 95
122 104
122 111
122 114
122 118
122 120
122 121
122 128
122 132
122 138
122 147
122 148
122 149
122 160
122 166
122 168
122 172
122 175
122 179
122 190
122 196
122 198
122 199
123 8
123 15
123 18
123 23
123 27
123 30
123 31
123 33
123 34
123 35
123 37
123 41
123 42
123 44
123 59
123 60
123 63
123 66
123 79
123 86
123 88
123 89
123 91
123 92
123 95
123 98
123 99
123 104
123 105
123 121
123 126
123 128
123 129
123 131
123 137
123 139
123 140
123 143
123 144
123 145
123 161
123 164
123 184
123 189
123 190
123 193
124 4
124 5
124 13
124 17
124 24
124 27
124 31
124 32
124 58
124 63
124 68
124 70
124 72
124 73
124 87
124 92
124 95
124 97
124 106
124 117
124 123
124 139
124 142
124 148
124 154
124 161
124 162
124 167
124 168
124 178
124 195
124 197
125 0
125 4
125 18
125 24
125 31
125 32
125 33
125 35
125 37
125 44
125 59
125 60
125 64
125 74
125 78
125 79
125 80
125 82
125 83
125 85
125 87
125 89
125 99
125 101
125 104
125 106
125 116
125 117
125 123
125 126
125 130
125 134
125 153
125 157
125 160
125 162
125 166
125 168
125 175
125 181
125 190
125 194
126 3
126 9
126 11
126 15
126 17
126 18
126 19
126 24
126 32
126 33
126 34
126 35
126 40
126 43
126 45
126 63
126 65
126 70
126 71
126 77
126 81
126 85
126 99
126 101
126 104
126 107
126 108
126 109
126 113
126 119
126 122
126 132
126 133
126 146
126 147
126 151
126 152
126 156
126 158
126 162
126 163
126 167
126 174
126 176
126 178
126 179
126 192
126 193
126 194
127 3
127 5
127 6
127 8
127 11
127 14
127 20
127 25
127 37
127 39
127 47
127 56
127 57
127 62
127 70
127 71
127 79
127 82
127 83
127 91
127 95
127 100
127 101
127 104
127 108
127 117
127 125
127 135
127 138
127 139
127 145
127 146
127 150
127 163
127 165
127 169
127 170
127 173
127 189
127 195
127 199
128 0
128 5
128 6
128 10
128 18
128 20
128 29
128 33
128 36
128 38
128 44
128 47
128 55
128 56
128 58
128 59
128 67
128 68
128 70
128 74
128 77
128 78
128 81
128 82
128 84
128 86
128 87
128 88
128 90
128 92
128 95
128 96
128 99
128 102
128 109
128 114
128 115
128 117
128 137
128 138
128 140
128 141
128 144
128 145
128 147
128 173
128 180
128 181
129 3
129 6
129 10
129 14
129 19
129 31
129 34
129 36
129 56
129 57
129 58
129 59
129 64
129 72
129 73
129 78
129 91
129 93
129 109
129 115
129 116
129 132
129 146
129 149
129 159
129 163
129 167
129 169
129 184
129 193
129 195
129 197
130 4
130 6
130 7
130 9
130 15
130 25
130 28
130 32
130 33
130 45
130 46
130 48
130 49
130 56
130 73
130 76
130 77
130 89
130 94
130 95
130 104
130 113
130 118
130 119
130 123
130 125
130 129
130 133
130 142
130 150
130 151
130 153
130 157
130 158
130 161
130 163
130 169
130 170
130 176
130 178
130 181
130 186
130 193
130 199
131 0
131 9
131 11
131 20
131 23
131 25
131 31
131 32
131 38
131 39
131 40
131 47
131 53
131 67
131 69
131 80
131 82
131 83
131 94
131 95
131 103
131 107
131 110
131 116
131 124
131 125
131 142
131 147
131 150
131 158
131 160
131 161
131 165
131 166
131 174
131 180
131 182
131 184
131 190
131 191
131 193
131 197
132 0
132 1
132 9
132 10
132 13
132 14
132 19
132 23
132 36
132 44
132 48
132 49
132 50
132 55
132 63
132 65
132 69
132 75
132 76
132 85
132 92
132 98
132 111
132 113
132 115
132 117
132 118
132 119
132 123
132 131
132 132
132 136
132 139
132 142
132 150
132 155
132 160
132 176
132 184
132 193
133 0
133 1
133 5
133 7
133 10
133 12
133 18
133 21
133 26
133 37
133 38
133 39
133 48
133 55
133 56
133 59
133 76
133 79
133 81
133 97
133 105
133 111
133 117
133 123
133 139
133 148
133 151
133 153
133 155
133 179
133 189
133 190
133 196
134 2
134 6
134 14
134 16
134 27
134 40
134 47
134 48
134 50
134 54
134 62
134 69
134 74
134 79
134 84
134 88
134 91
134 95
134 100
134 103
134 105
134 107
134 111
134 114
134 117
134 124
134 128
134 133
134 144
134 145
134 148
134 152
134 153
134 156
134 164
134 172
134 178
134 180
134 182
134 185
134 190
134 191
134 197
135 7
135 11
135 13
135 15
135 17
135 21
135 23
135 27
135 29
135 39
135 53
135 54
135 60
135 70
135 77
135 83
135 86
135 92
135 95
135 100
135 102
135 103
135 105
135 106
135 122
135 126
135 136
135 137
135 145
135 147
135 150
135 156
135 160
135 166
135 170
135 175
135 187
135 190
135 191
136 4
136 9
136 18
136 26
136 31
136 41
136 44
136 45
136 54
136 61
136 69
136 80
136 81
136 92
136 93
136 97
136 103
136 106
136 111
136 112
136 115
136 116
136 128
136 130
136 132
136 137
136 138
136 139
136 154
136 155
136 167
136 170
136 171
136 178
136 181
136 182
136 188
136 189
137 1
137 5
137 12
137 13
137 17
137 22
137 24
137 27
137 32
137 35
137 38
137 43
137 48
137 49
137 54
137 57
137 61
137 66
137 70
137 79
137 82
137 92
137 102
137 103
137 106
137 108
137 109
137 114
137 117
137 126
137 128
137 133
137 152
137 155
137 170
137 174
137 175
137 180
137 185
137 191
138 29
138 35
138 36
138 42
138 60
138 61
138 62
138 67
138 70
138 76
138 77
138 80
138 82
138 84
138 91
138 92
138 93
138 108
138 111
138 113
138 135
138 141
138 150
138 151
138 153
138 161
138 170
138 171
138 176
138 179
138 188
138 190
139 6
139 12
139 16
139 21
139 34
139 46
139 50
139 55
139 61
139 66
139 68
139 70
139 77
139 79
139 86
139 92
139 98
139 99
139 101
139 105
139 113
139 116
139 124
139 129
139 140
139 147
139 150
139 152
139 179
139 182
139 188
140 1
140 13
140 17
140 19
140 22
140 27
140 30
140 34
140 35
140 52
140 60
140 61
140 64
140 72
140 77
140 79
140 82
140 94
140 103
140 107
140 110
140 118
140 119
140 125
140 143
140 145
140 148
140 156
140 167
140 169
140 175
140 177
140 178
140 182
140 188
140 193
140 199
141 10
141 12
141 13
141 14
141 20
141 22
141 23
141 25
141 28
141 30
141 31
141 33
141 36
141 42
141 58
141 67
141 69
141 72
141 85
141 86
141 88
141 90
141 94
141 96
141 98
141 100
141 107
141 109
141 112
141 119
141 120
141 129
141 131
141 132
141 137
141 138
141 139
141 143
141 145
141 157
141 158
141 164
141 173
141 178
141 179
142 11
142 13
142 27
142 41
142 42
142 55
142 56
142 64
142 76
142 77
142 78
142 83
142 86
142 89
142 92
142 116
142 125
142 133
142 143
142 144
142 149
142 151
142 158
142 172
142 176
142 177
142 187
142 189
142 190
142 195
142 196
142 199
143 1
143 5
143 11
143 19
143 20
143 25
143 30
143 31
143 32
143 36
143 42
143 44
143 46
143 48
143 49
143 50
143 58
143 60
143 63
143 67
143 83
143 85
143 92
143 98
143 102
143 108
143 114
143 115
143 117
143 118
143 126
143 138
143 140
143 148
143 149
143 150
143 155
143 158
143 163
143 166
143 174
143 178
143 189
143 195
143 199
144 10
144 22
144 28
144 30
144 34
144 37
144 43
144 46
144 50
144 56
144 57
144 58
144 59
144 60
144 62
144 67
144 70
144 73
144 74
144 75
144 84
144 95
144 97
144 98
144 102
144 103
144 104
144 112
144 115
144 119
144 120
144 122
144 123
144 136
144 140
144 143
144 147
144 154
144 160
144 163
144 176
144 179
144 180
144 191
144 194
145 6
145 10
145 13
145 29
145 30
145 31
145 36
145 44
145 55
145 57
145 60
145 66
145 75
145 80
145 105
145 112
145 114
145 118
145 139
145 151
145 156
145 160
145 163
145 172
145 177
145 179
145 180
145 184
145 186
145 191
145 195
146 4
146 6
146 8
146 11
146 13
146 22
146 23
146 24
146 28
146 31
146 32
146 35
146 49
146 51
146 52
146 64
146 67
146 85
146 96
146 104
146 105
146 122
146 126
146 135
146 139
146 156
146 161
146 168
146 170
146 171
146 174
146 180
146 181
146 182
146 195
146 196
146 198
147 0
147 7
147 8
147 12
147 13
147 16
147 21
147 22
147 23
147 24
147 27
147 30
147 32
147 35
147 37
147 41
147 44
147 49
147 50
147 54
147 55
147 58
147 62
147 66
147 67
147 72
147 82
147 87
147 96
147 97
147 107
147 113
147 116
147 125
147 126
147 130
147 131
147 133
147 134
147 138
147 148
147 161
147 162
147 169
147 170
147 171
147 174
147 177
147 184
147 188
147 194
147 199
148 16
148 17
148 22
148 24
148 25
148 27
148 31
148 34
148 47
148 49
148 50
148 53
148 57
148 61
148 64
148 75
148 79
148 81
148 87
148 90
148 91
148 92
148 93
148 101
148 107
148 108
148 122
148 136
148 137
148 148
148 150
148 158
148 160
148 162
148 163
148 165
148 173
148 179
148 182
148 188
148 195
148 197
148 199
149 5
149 7
149 11
149 13
149 18
149 22
149 25
149 26
149 28
149 40
149 50
149 51
149 57
149 58
149 59
149 62
149 72
149 78
149 85
149 88
149 89
149 102
149 108
149 112
149 120
149 130
149 132
149 139
149 141
149 146
149 149
149 150
149 151
149 159
149 164
149 172
149 179
149 188
149 191
149 199
150 3
150 9
150 11
150 28
150 42
150 43
150 45
150 56
150 58
150 65
150 74
150 75
150 94
150 95
150 104
150 106
150 107
150 111
150 112
150 119
150 124
150 131
150 142
150 145
150 148
150 150
150 152
150 153
150 157
150 160
150 169
150 175
150 178
150 182
150 186
150 189
150 192
150 194
150 195
150 199
151 3
151 7
151 15
151 16
151 19
151 20
151 28
151 32
151 36
151 38
151 44
151 45
151 58
151 69
151 70
151 75
151 76
151 77
151 78
151 88
151 91
151 100
151 103
151 106
151 111
151 121
151 128
151 129
151 130
151 131
151 132
151 136
151 140
151 142
151 148
151 165
151 166
151 169
151 178
151 180
151 189
151 197
151 198
151 199
152 0
152 3
152 9
152 10
152 12
152 15
152 16
152 19
152 20
152 24
152 26
152 27
152 29
152 33
152 34
152 40
152 45
152 48
152 50
152 52
152 62
152 65
152 72
152 82
152 92
152 93
152 95
152 98
152 99
152 100
152 101
152 111
152 118
152 132
152 139
152 141
152 151
152 161
152 166
152 171
152 181
152 194
152 199
153 5
153 7
153 11
153 14
153 15
153 16
153 20
153 21
153 29
153 37
153 53
153 58
153 60
153 67
153 73
153 74
153 81
153 92
153 101
153 104
153 105
153 110
153 124
153 130
153 133
153 138
153 152
153 155
153 156
153 159
153 165
153 182
153 183
153 185
153 188
153 192
153 194
153 195
153 196
153 198
154 7
154 14
154 22
154 25
154 36
154 54
154 55
154 57
154 58
154 60
154 61
154 62
154 65
154 67
154 89
154 100
154 103
154 125
154 128
154 129
154 138
154 145
154 149
154 151
154 155
154 156
154 162
154 167
154 168
154 177
154 178
154 183
154 197
155 2
155 7
155 13
155 27
155 31
155 33
155 34
155 38
155 44
155 45
155 46
155 54
155 59
155 60
155 61
155 70
155 74
155 77
155 83
155 90
155 91
155 95
155 109
155 117
155 123
155 127
155 130
155 135
155 140
155 146
155 153
155 156
155 158
155 162
155 165
155 172
155 175
155 181
155 196
155 197
156 0
156 3
156 10
156 14
156 16
156 19
156 20
156 24
156 25
156 31
156 32
156 36
156 37
156 41
156 52
156 55
156 56
156 57
156 65
156 70
156 73
156 74
156 76
156 78
156 83
156 84
156 89
156 91
156 93
156 99
156 105
156 111
156 114
156 120
156 122
156 127
156 131
156 143
156 145
156 146
156 151
156 160
156 163
156 164
156 169
156 184
156 186
156 191
156 193
156 195
157 10
157 12
157 14
157 38
157 41
157 50
157 56
157 57
157 59
157 65
157 70
157 74
157 75
157 88
157 89
157 99
157 114
157 118
157 125
157 127
157 129
157 135
157 136
157 149
157 153
157 157
157 158
157 159
157 160
157 169
157 170
157 171
157 183
158 7
158 8
158 12
158 14
158 19
158 22
158 26
158 32
158 36
158 39
158 49
158 52
158 55
158 61
158 69
158 70
158 72
158 73
158 94
158 95
158 99
158 102
158 105
158 111
158 122
158 132
158 133
158 134
158 136
158 142
158 145
158 147
158 164
158 166
158 175
158 176
158 179
158 181
158 183
158 184
158 189
158 190
158 193
159 2
159 4
159 11
159 36
159 41
159 44
159 47
159 50
159 51
159 53
159 56
159 60
159 62
159 65
159 74
159 75
159 76
159 87
159 96
159 100
159 101
159 109
159 111
159 115
159 116
159 117
159 128
159 132
159 137
159 138
159 139
159 142
159 143
159 149
159 160
159 161
159 163
159 165
159 183
159 184
159 185
159 190
159 197
160 4
160 7
160 29
160 38
160 46
160 49
160 54
160 58
160 61
160 65
160 71
160 76
160 79
160 82
160 85
160 86
160 90
160 93
160 122
160 126
160 143
160 146
160 156
160 171
160 179
160 185
160 191
160 196
160 199
161 1
161 17
161 18
161 39
161 41
161 47
161 55
161 57
161 65
161 66
161 74
161 76
161 77
161 82
161 84
161 93
161 95
161 98
161 101
161 102
161 105
161 107
161 109
161 111
161 112
161 116
161 118
161 123
161 124
161 137
161 140
161 150
161 151
161 158
161 162
161 170
161 178
161 180
161 186
161 190
162 0
162 5
162 8
162 11
162 17
162 19
162 28
162 29
162 30
162 32
162 33
162 34
162 44
162 47
162 56
162 63
162 66
162 68
162 75
162 77
162 80
162 86
162 88
162 93
162 95
162 103
162 108
162 115
162 117
162 134
162 142
162 146
162 151
162 155
162 156
162 158
162 167
162 175
162 177
162 183
162 191
162 193
163 7
163 8
163 15
163 16
163 30
163 38
163 41
163 47
163 48
163 69
163 70
163 83
163 84
163 85
163 95
163 97
163 99
163 101
163 105
163 107
163 115
163 118
163 123
163 140
163 145
163 155
163 160
163 172
163 179
163 180
163 186
163 187
163 190
163 196
163 199
164 0
164 2
164 4
164 23
164 27
164 32
164 35
164 41
164 46
164 51
164 62
164 68
164 72
164 75
164 84
164 85
164 88
164 92
164 97
164 107
164 110
164 118
164 120
164 124
164 129
164 136
164 137
164 140
164 149
164 151
164 153
164 177
164 186
164 187
164 188
164 189
164 191
165 3
165 5
165 17
165 25
165 30
165 32
165 34
165 35
165 36
165 42
165 43
165 46
165 48
165 49
165 50
165 60
165 75
165 88
165 90
165 102
165 105
165 106
165 108
165 109
165 114
165 121
165 133
165 134
165 135
165 140
165 157
165 161
165 162
165 167
165 172
165 184
165 185
165 190
166 1
166 4
166 10
166 16
166 18
166 22
166 24
166 28
166 30
166 31
166 36
166 40
166 45
166 48
166 49
166 64
166 71
166 79
166 82
166 88
166 91
166 101
166 109
166 112
166 117
166 121
166 122
166 128
166 143
166 148
166 155
166 160
166 161
166 171
166 182
166 186
166 187
166 188
166 198
167 2
167 21
167 25
167 30
167 31
167 33
167 34
167 36
167 45
167 49
167 59
167 60
167 62
167 64
167 74
167 82
167 85
167 92
167 94
167 96
167 99
167 102
167 106
167 108
167 113
167 114
167 119
167 126
167 128
167 132
167 136
167 138
167 144
167 147
167 148
167 151
167 155
167 169
167 176
167 179
167 180
167 192
167 195
168 13
168 16
168 24
168 28
168 34
168 51
168 53
168 56
168 57
168 64
168 66
168 68
168 70
168 71
168 83
168 92
168 93
168 99
168 105
168 107
168 108
168 112
168 113
168 115
168 126
168 129
168 130
168 134
168 137
168 141
168 156
168 159
168 161
168 164
168 172
168 177
168 183
168 189
168 197
168 198
169 0
169 2
169 5
169 13
169 17
169 25
169 26
169 33
169 42
169 63
169 68
169 76
169 77
169 84
169 91
169 99
169 104
169 116
169 120
169 123
169 125
169 131
169 134
169 136
169 138
169 139
169 141
169 143
169 145
169 146
169 154
169 160
169 162
169 164
169 167
169 170
169 182
169 183
169 187
169 194
169 198
170 2
170 9
170 10
170 20
170 23
170 26
170 27
170 34
170 36
170 41
170 46
170 49
170 55
170 56
170 57
170 73
170 74
170 81
170 83
170 86
170 97
170 114
170 115
170 117
170 137
170 139
170 141
170 149
170 152
170 155
170 157
170 158
170 162
170 163
170 169
170 170
170 171
170 177
170 183
170 197
170 198
170 199
171 16
171 21
171 29
171 36
171 46
171 48
171 60
171 62
171 85
171 88
171 93
171 97
171 98
171 103
171 110
171 114
171 116
171 118
171 133
171 147
171 154
171 155
171 156
171 166
171 170
171 171
171 178
171 185
171 195
171 196
172 8
172 17
172 23
172 37
172 41
172 45
172 47
172 50
172 53
172 56
172 67
172 69
172 74
172 77
172 85
172 86
172 88
172 93
172 101
172 105
172 108
172 112
172 116
172 126
172 129
172 137
172 142
172 143
172 154
172 158
172 163
172 166
172 168
172 173
172 174
172 176
172 185
172 193
172 197
173 6
173 11
173 12
173 21
173 26
173 31
173 32
173 34
173 56
173 61
173 67
173 73
173 74
173 77
173 80
173 85
173 86
173 89
173 91
173 93
173 94
173 96
173 98
173 102
173 106
173 107
173 111
173 112
173 128
173 130
173 132
173 137
173 147
173 151
173 153
173 160
173 164
173 165
173 168
173 169
173 176
173 180
173 181
173 183
173 184
173 189
173 194
173 195
173 198
174 8
174 9
174 11
174 19
174 23
174 24
174 26
174 30
174 33
174 36
174 37
174 44
174 47
174 51
174 62
174 68
174 70
174 72
174 74
174 77
174 78
174 82
174 87
174 89
174 92
174 95
174 96
174 111
174 116
174 117
174 118
174 127
174 137
174 143
174 157
174 168
174 174
174 176
174 179
174 182
174 195
174 196
175 4
175 16
175 22
175 23
175 40
175 59
175 60
175 63
175 66
175 71
175 73
175 85
175 86
175 88
175 89
175 91
175 92
175 93
175 104
175 105
175 116
175 117
175 122
175 127
175 147
175 149
175 155
175 156
175 159
175 167
175 176
175 183
175 184
175 197
176 2
176 9
176 10
176 13
176 31
176 37
176 39
176 40
176 42
176 44
176 48
176 49
176 51
176 52
176 55
176 60
176 74
176 75
176 76
176 87
176 88
176 96
176 97
176 109
176 117
176 119
176 121
176 130
176 131
176 135
176 148
176 170
176 175
176 178
176 181
176 183
176 188
176 189
176 193
176 198
177 16
177 28
177 29
177 31
177 34
177 35
177 42
177 47
177 58
177 60
177 61
177 64
177 67
177 72
177 89
177 100
177 107
177 111
177 116
177 117
177 122
177 133
177 142
177 145
177 150
177 155
177 160
177 161
177 164
177 166
177 167
177 172
177 175
177 184
177 191
177 195
177 197
178 1
178 4
178 5
178 11
178 15
178 21
178 30
178 33
178 37
178 40
178 46
178 47
178 53
178 63
178 74
178 75
178 78
178 79
178 84
178 87
178 88
178 94
178 100
178 104
178 111
178 112
178 113
178 115
178 133
178 139
178 140
178 143
178 145
178 150
178 154
178 157
178 158
178 159
178 168
178 170
178 174
178 180
178 183
178 187
178 190
178 194
178 195
179 1
179 4
179 5
179 7
179 13
179 14
179 15
179 16
179 24
179 25
179 31
179 32
179 33
179 37
179 42
179 45
179 50
179 60
179 65
179 69
179 70
179 71
179 102
179 112
179 114
179 132
179 140
179 145
179 149
179 150
179 171
179 172
179 174
179 177
179 179
179 196
179 198
180 0
180 2
180 5
180 7
180 13
180 14
180 23
180 30
180 33
180 43
180 46
180 48
180 53
180 54
180 55
180 59
180 65
180 66
180 69
180 74
180 84
180 88
180 92
180 104
180 109
180 111
180 112
180 114
180 118
180 119
180 121
180 126
180 130
180 132
180 133
180 134
180 145
180 150
180 161
180 169
180 172
180 185
180 189
180 190
180 191
180 194
181 0
181 4
181 7
181 11
181 18
181 20
181 23
181 24
181 25
181 27
181 30
181 33
181 37
181 50
181 51
181 54
181 82
181 86
181 89
181 91
181 94
181 95
181 97
181 99
181 106
181 111
181 113
181 119
181 121
181 123
181 127
181 129
181 136
181 145
181 151
181 156
181 159
181 177
181 181
181 186
181 190
181 192
181 193
181 195
182 5
182 13
182 23
182 24
182 37
182 41
182 45
182 51
182 56
182 57
182 59
182 69
182 74
182 92
182 108
182 109
182 113
182 116
182 118
182 119
182 120
182 121
182 128
182 135
182 141
182 148
182 153
182 157
182 165
182 170
182 180
182 181
182 188
182 197
183 6
183 26
183 29
183 42
183 50
183 51
183 52
183 53
183 62
183 63
183 65
183 68
183 76
183 80
183 81
183 82
183 86
183 88
183 89
183 91
183 94
183 97
183 102
183 106
183 111
183 113
183 117
183 118
183 119
183 124
183 125
183 128
183 135
183 138
183 142
183 162
183 164
183 165
183 167
183 168
183 171
183 172
183 178
183 195
183 196
183 197
183 199
184 34
184 42
184 44
184 48
184 49
184 50
184 54
184 56
184 60
184 62
184 64
184 66
184 72
184 77
184 83
184 85
184 86
184 90
184 92
184 96
184 107
184 109
184 111
184 125
184 126
184 130
184 136
184 140
184 143
184 146
184 147
184 157
184 158
184 161
184 167
184 169
184 171
184 173
184 182
184 186
184 190
184 192
184 194
185 0
185 2
185 9
185 27
185 35
185 36
185 39
185 43
185 45
185 46
185 47
185 50
185 51
185 55
185 59
185 60
185 61
185 62
185 76
185 77
185 80
185 81
185 82
185 86
185 92
185 93
185 94
185 103
185 104
185 107
185 109
185 115
185 116
185 122
185 125
185 127
185 130
185 131
185 135
185 137
185 142
185 149
185 150
185 152
185 154
185 156
185 165
185 176
185 184
185 188
185 189
185 192
185 198
186 10
186 11
186 15
186 32
186 39
186 64
186 65
186 66
186 76
186 80
186 85
186 86
186 87
186 91
186 97
186 107
186 115
186 117
186 118
186 122
186 125
186 134
186 140
186 141
186 143
186 149
186 150
186 151
186 152
186 165
186 172
186 174
186 175
186 179
186 181
186 183
186 197
186 198
187 9
187 14
187 16
187 20
187 33
187 41
187 42
187 43
187 44
187 49
187 58
187 63
187 65
187 67
187 79
187 81
187 83
187 97
187 99
187 100
187 102
187 103
187 106
187 115
187 129
187 130
187 132
187 134
187 139
187 143
187 147
187 162
187 166
187 170
187 181
187 182
187 183
187 186
187 189
187 195
188 2
188 4
188 7
188 10
188 12
188 13
188 28
188 34
188 35
188 38
188 49
188 64
188 73
188 75
188 77
188 84
188 86
188 90
188 94
188 96
188 113
188 115
188 117
188 127
188 137
188 140
188 146
188 147
188 149
188 150
188 152
188 153
188 155
188 158
188 161
188 165
188 167
188 171
188 175
188 184
188 189
188 195
189 0
189 2
189 6
189 11
189 12
189 14
189 21
189 22
189 32
189 33
189 39
189 48
189 56
189 64
189 65
189 72
189 79
189 84
189 101
189 102
189 106
189 107
189 108
189 111
189 115
189 116
189 120
189 122
189 125
189 128
189 133
189 141
189 156
189 158
189 160
189 163
189 185
189 188
189 194
189 197
190 1
190 6
190 13
190 23
190 25
190 26
190 28
190 31
190 33
190 43
190 51
190 55
190 57
190 69
190 74
190 78
190 82
190 90
190 91
190 101
190 108
190 109
190 134
190 138
190 146
190 148
190 159
190 166
190 173
190 175
190 177
190 183
190 185
190 186
190 187
190 190
190 193
190 197
190 199
191 2
191 3
191 17
191 22
191 30
191 41
191 49
191 55
191 70
191 75
191 76
191 77
191 78
191 81
191 88
191 89
191 90
191 94
191 97
191 104
191 106
191 112
191 118
191 120
191 130
191 131
191 132
191 133
191 138
191 144
191 145
191 149
191 153
191 156
191 162
191 168
191 169
191 188
191 190
191 191
191 193
191 195
192 2
192 10
192 14
192 23
192 25
192 27
192 28
192 30
192 33
192 37
192 45
192 47
192 50
192 52
192 54
192 56
192 59
192 61
192 68
192 73
192 75
192 82
192 84
192 89
192 94
192 102
192 104
192 116
192 129
192 130
192 133
192 140
192 143
192 159
192 165
192 170
192 186
192 189
192 195
192 196
193 6
193 7
193 8
193 22
193 28
193 38
193 44
193 51
193 53
193 54
193 62
193 63
193 84
193 85
193 86
193 89
193 90
193 94
193 96
193 97
193 98
193 103
193 116
193 120
193 122
193 123
193 133
193 140
193 152
193 160
193 164
193 170
193 182
193 192
193 198
193 199
194 12
194 14
194 16
194 24
194 27
194 30
194 43
194 45
194 49
194 53
194 55
194 62
194 63
194 67
194 68
194 86
194 88
194 90
194 95
194 97
194 101
194 103
194 104
194 106
194 117
194 120
194 122
194 123
194 131
194 132
194 144
194 145
194 148
194 150
194 151
194 152
194 156
194 158
194 159
194 161
194 162
194 171
194 174
194 177
194 181
194 191
194 192
194 198
195 5
195 7
195 11
195 15
195 30
195 31
195 38
195 52
195 59
195 72
195 73
195 77
195 91
195 96
195 103
195 127
195 128
195 134
195 137
195 144
195 149
195 160
195 161
195 171
195 174
195 179
195 187
195 189
196 6
196 9
196 17
196 25
196 28
196 31
196 32
196 37
196 39
196 49
196 52
196 59
196 63
196 65
196 66
196 71
196 73
196 78
196 83
196 87
196 90
196 95
196 97
196 99
196 101
196 105
196 106
196 107
196 110
196 113
196 116
196 120
196 123
196 127
196 131
196 135
196 138
196 139
196 141
196 144
196 146
196 152
196 157
196 159
196 163
196 166
196 167
196 171
196 179
196 183
197 7
197 11
197 13
197 20
197 23
197 24
197 26
197 27
197 28
197 31
197 39
197 46
197 47
197 50
197 53
197 62
197 73
197 82
197 83
197 90
197 92
197 94
197 107
197 115
197 121
197 144
197 146
197 153
197 155
197 161
197 169
197 171
197 174
197 179
197 180
197 185
197 188
198 4
198 7
198 15
198 17
198 19
198 24
198 30
198 31
198 34
198 44
198 47
198 51
198 58
198 65
198 68
198 77
198 78
198 84
198 87
198 88
198 93
198 100
198 102
198 104
198 105
198 114
198 117
198 125
198 126
198 128
198 137
198 138
198 141
198 148
198 150
198 153
198 157
198 158
198 163
198 171
198 173
198 177
198 186
198 191
198 193
198 196
198 199
199 7
199 12
199 14
199 16
199 22
199 28
199 29
199 31
199 43
199 47
199 48
199 58
199 60
199 68
199 70
199 81
199 86
199 94
199 95
199 96
199 98
199 105
199 121
199 123
199 124
199 126
199 127
199 133
199 136
199 139
199 141
199 146
199 156
199 158
199 170
199 171
199 172
199 173
199 174
199 178
199 179
199 181
199 182
199 199
