50
1000
0 3
0 6
0 8
0 9
0 12
0 14
0 17
0 19
0 20
0 21
0 22
0 23
0 29
0 31
0 32
0 33
0 34
0 36
0 40
0 45
0 46
0 47
0 48
0 49
1 0
1 1
1 5
1 8
1 9
1 10
1 20
1 22
1 24
1 25
1 33
1 34
1 35
1 36
1 38
1 43
1 46
1 48
2 0
2 1
2 2
2 3
2 5
2 7
2 13
2 14
2 22
2 23
2 25
2 30
2 32
2 33
2 37
2 40
2 42
2 45
2 46
2 49
3 1
3 5
3 7
3 10
3 15
3 23
3 24
3 27
3 28
3 29
3 32
3 35
3 36
3 38
3 39
3 40
3 42
3 43
3 45
3 46
3 47
3 48
3 49
4 0
4 4
4 5
4 6
4 8
4 9
4 15
4 18
4 21
4 22
4 23
4 25
4 26
4 28
4 30
4 32
4 35
4 40
4 42
4 46
5 4
5 8
5 9
5 10
5 13
5 15
5 17
5 18
5 19
5 20
5 23
5 26
5 29
5 32
5 33
5 34
5 37
5 38
5 39
5 41
5 46
6 0
6 4
6 5
6 6
6 19
6 23
6 26
6 27
6 28
6 29
6 30
6 31
6 36
6 41
6 42
6 44
6 47
6 48
7 4
7 7
7 8
7 10
7 13
7 16
7 21
7 22
7 24
7 26
7 28
7 29
7 34
7 36
7 37
7 42
7 45
7 46
8 11
8 12
8 15
8 16
8 18
8 19
8 21
8 23
8 26
8 28
8 35
8 36
8 37
8 40
8 41
8 42
8 44
8 47
8 48
9 6
9 12
9 19
9 20
9 21
9 24
9 25
9 26
9 28
9 29
9 31
9 34
9 42
9 44
9 49
10 0
10 5
10 7
10 9
10 10
10 11
10 12
10 14
10 15
10 16
10 18
10 19
10 20
10 21
10 22
10 30
10 31
10 34
10 35
10 41
10 42
10 43
10 46
10 47
11 1
11 2
11 6
11 9
11 10
11 14
11 16
11 17
11 18
11 21
11 29
11 30
11 31
11 33
11 36
11 37
11 38
11 44
11 46
11 47
12 5
12 6
12 7
12 8
12 10
12 11
12 14
12 15
12 16
12 19
12 21
12 25
12 26
12 27
12 29
12 31
12 32
12 40
12 41
12 44
12 46
12 48
13 0
13 2
13 3
13 4
13 6
13 9
13 20
13 23
13 24
13 26
13 30
13 33
13 34
13 35
13 36
13 38
13 39
13 40
13 41
13 42
13 43
13 44
13 46
14 0
14 10
14 11
14 13
14 17
14 20
14 22
14 25
14 28
14 31
14 32
14 33
14 35
14 37
14 45
14 46
14 48
15 0
15 2
15 7
15 10
15 11
15 15
15 22
15 23
15 24
15 25
15 26
15 28
15 29
15 31
15 33
15 34
15 35
15 36
15 41
15 43
15 44
15 47
16 0
16 5
16 6
16 7
16 10
16 11
16 14
16 15
16 16
16 21
16 24
16 25
16 30
16 33
16 35
16 38
16 41
16 42
16 44
16 45
17 2
17 3
17 4
17 8
17 11
17 15
17 16
17 20
17 24
17 26
17 32
17 33
17 36
17 37
17 38
17 39
17 41
17 44
17 46
18 0
18 2
18 4
18 8
18 11
18 13
18 15
18 16
18 19
18 22
18 23
18 25
18 27
18 29
18 35
18 36
18 38
18 39
18 41
18 45
18 46
18 49
19 0
19 2
19 3
19 6
19 8
19 10
19 12
19 14
19 15
19 16
19 17
19 18
19 20
19 22
19 25
19 26
19 28
19 32
19 38
19 40
19 41
19 42
19 47
19 48
20 2
20 4
20 6
20 10
20 13
20 15
20 20
20 23
20 25
20 26
20 28
20 31
20 35
20 36
20 37
20 38
20 49
21 0
21 3
21 4
21 6
21 9
21 10
21 12
21 13
21 16
21 17
21 22
21 27
21 30
21 32
21 33
21 34
21 35
21 37
21 38
21 39
21 45
21 46
22 6
22 9
22 11
22 12
22 15
22 16
22 18
22 20
22 21
22 28
22 31
22 32
22 33
22 34
22 36
22 37
22 41
22 44
22 45
22 46
22 49
23 0
23 1
23 2
23 7
23 8
23 11
23 14
23 15
23 17
23 18
23 19
23 20
23 21
23 25
23 27
23 28
23 30
23 31
23 34
23 36
23 38
23 39
23 40
23 41
23 43
23 46
23 49
24 0
24 2
24 5
24 7
24 8
24 10
24 12
24 14
24 15
24 17
24 18
24 20
24 25
24 26
24 27
24 29
24 31
24 32
24 33
24 36
24 37
24 38
24 44
24 48
25 0
25 3
25 5
25 6
25 12
25 16
25 17
25 18
25 20
25 21
25 23
25 25
25 28
25 30
25 31
25 33
25 36
25 37
25 44
25 46
25 47
26 1
26 3
26 5
26 11
26 12
26 15
26 16
26 22
26 23
26 24
26 25
26 29
26 32
26 36
26 37
26 40
27 2
27 3
27 4
27 8
27 12
27 13
27 15
27 16
27 18
27 23
27 42
27 43
27 44
27 46
27 48
28 3
28 4
28 6
28 8
28 11
28 13
28 15
28 16
28 19
28 21
28 22
28 24
28 26
28 29
28 30
28 32
28 33
28 35
28 40
28 46
28 48
29 2
29 8
29 9
29 10
29 12
29 14
29 15
29 20
29 21
29 22
29 25
29 26
29 28
29 29
29 30
29 33
29 35
29 37
29 39
29 42
29 43
29 45
29 49
30 1
30 5
30 7
30 11
30 12
30 14
30 15
30 16
30 17
30 18
30 20
30 24
30 25
30 26
30 30
30 34
30 35
30 36
30 41
30 42
30 44
31 1
31 3
31 5
31 8
31 9
31 11
31 13
31 15
31 16
31 19
31 20
31 21
31 27
31 29
31 33
31 34
31 43
31 46
32 3
32 4
32 6
32 8
32 13
32 15
32 16
32 19
32 22
32 23
32 26
32 27
32 32
32 34
32 35
32 36
32 39
32 40
32 42
32 45
33 0
33 1
33 3
33 4
33 5
33 6
33 11
33 23
33 27
33 28
33 37
33 39
33 41
33 43
33 46
33 47
33 48
33 49
34 0
34 2
34 3
34 4
34 5
34 8
34 10
34 12
34 14
34 15
34 16
34 17
34 22
34 25
34 36
34 37
34 40
34 42
34 47
34 49
35 1
35 2
35 3
35 5
35 10
35 17
35 21
35 22
35 24
35 25
35 28
35 31
35 36
35 38
35 39
35 41
35 43
35 44
35 46
35 48
35 49
36 0
36 1
36 3
36 8
36 9
36 13
36 15
36 17
36 18
36 27
36 28
36 29
36 30
36 36
36 37
36 41
37 0
37 5
37 10
37 12
37 16
37 17
37 18
37 21
37 22
37 23
37 24
37 25
37 28
37 29
37 30
37 32
37 33
37 35
37 39
37 44
37 48
38 2
38 9
38 12
38 14
38 17
38 19
38 22
38 23
38 24
38 25
38 30
38 32
38 33
38 37
38 40
38 43
38 45
38 46
38 47
38 48
39 2
39 6
39 8
39 9
39 11
39 14
39 15
39 18
39 20
39 23
39 25
39 26
39 27
39 29
39 33
39 36
39 38
39 40
39 41
39 47
40 0
40 2
40 3
40 11
40 14
40 15
40 16
40 17
40 21
40 22
40 23
40 28
40 33
40 34
40 41
40 42
40 43
40 44
40 47
40 49
41 2
41 8
41 9
41 11
41 12
41 14
41 16
41 19
41 21
41 36
41 37
41 38
41 40
41 42
41 43
41 46
41 47
41 49
42 0
42 1
42 3
42 6
42 9
42 12
42 20
42 21
42 23
42 28
42 29
42 35
42 41
42 46
42 47
43 0
43 1
43 2
43 3
43 4
43 5
43 6
43 7
43 9
43 10
43 12
43 15
43 17
43 21
43 23
43 26
43 28
43 33
43 34
43 39
43 44
43 49
44 0
44 3
44 7
44 9
44 11
44 13
44 15
44 16
44 18
44 19
44 26
44 27
44 28
44 32
44 34
44 35
44 36
44 39
44 42
44 43
45 0
45 6
45 7
45 11
45 17
45 20
45 22
45 24
45 25
45 31
45 32
45 33
45 40
45 41
45 42
45 45
45 47
46 3
46 7
46 8
46 14
46 16
46 17
46 19
46 21
46 24
46 27
46 29
46 31
46 32
46 38
46 39
46 45
47 0
47 1
47 2
47 4
47 6
47 8
47 14
47 15
47 17
47 19
47 24
47 25
47 28
47 29
47 37
47 40
47 41
47 43
47 48
48 2
48 4
48 7
48 8
48 9
48 12
48 15
48 16
48 22
48 23
48 29
48 36
48 38
48 40
48 44
48 45
48 46
48 49
49 0
49 2
49 3
49 11
49 13
49 16
49 18
49 20
49 21
49 22
49 24
49 25
49 28
49 30
49 31
49 34
49 35
49 36
49 38
49 39
49 43
49 44
49 45
49 47
