50
500
0 1
0 2
0 6
0 7
0 13
0 15
0 20
0 37
0 41
1 1
1 2
1 3
1 4
1 7
1 9
1 10
1 14
1 15
1 17
1 20
1 24
1 31
1 35
1 41
1 43
1 47
2 1
2 2
2 7
2 8
2 11
2 20
2 30
2 36
2 44
2 47
3 9
3 12
3 26
3 36
3 37
3 42
3 46
4 0
4 2
4 3
4 4
4 7
4 8
4 9
4 10
4 11
4 13
4 20
4 21
4 22
4 23
4 25
4 28
4 34
4 35
4 39
4 44
5 5
5 10
5 12
5 24
5 31
5 33
5 43
6 1
6 4
6 6
6 7
6 8
6 12
6 18
6 24
6 27
6 28
6 40
7 4
7 6
7 7
7 10
7 15
7 18
7 21
7 24
7 30
7 38
7 42
7 43
7 45
7 46
8 4
8 5
8 8
8 18
8 22
8 24
8 27
8 30
8 34
8 39
8 40
8 42
9 19
9 23
9 27
9 30
9 34
9 41
10 17
10 20
10 24
10 37
10 39
11 2
11 6
11 10
11 13
11 16
11 18
11 21
11 23
11 30
11 40
11 43
11 47
11 48
12 1
12 3
12 17
12 18
12 20
12 21
12 26
12 36
12 37
12 38
12 41
12 44
12 48
13 4
13 29
13 38
13 39
13 42
13 43
13 47
13 49
14 7
14 10
14 17
14 26
14 32
14 42
15 0
15 5
15 13
15 15
15 16
15 17
15 21
15 23
15 24
15 25
15 29
15 30
15 33
15 44
15 48
16 0
16 4
16 6
16 22
16 28
16 37
16 40
16 46
16 49
17 4
17 8
17 9
17 16
17 23
17 32
17 35
17 41
17 45
17 46
18 12
18 15
18 21
18 35
18 36
18 46
19 0
19 2
19 3
19 14
19 22
19 28
19 33
19 40
19 45
20 4
20 6
20 15
20 25
20 31
20 37
20 38
20 41
20 47
21 4
21 11
21 14
21 16
21 18
21 28
21 29
21 35
21 39
21 41
21 48
22 2
22 8
22 14
22 15
22 16
22 18
22 27
22 32
22 40
22 47
22 49
23 20
23 33
23 35
23 39
23 40
23 42
23 48
24 0
24 6
24 11
24 12
24 21
24 26
24 27
24 31
24 33
24 46
24 47
25 1
25 5
25 9
25 12
25 19
25 21
25 26
25 33
25 34
25 43
26 5
26 12
26 16
26 24
26 27
26 29
26 30
26 39
26 46
27 3
27 5
27 9
27 10
27 13
27 23
27 34
27 40
27 41
27 45
27 47
27 48
27 49
28 0
28 3
28 15
28 20
28 27
28 32
28 39
29 4
29 13
29 16
29 19
29 26
29 29
29 30
29 33
29 40
30 2
30 3
30 7
30 14
30 16
30 19
30 21
30 22
30 33
30 42
30 45
30 46
31 6
31 9
31 10
31 17
31 26
31 29
31 33
31 37
31 40
31 47
32 19
32 23
32 24
32 25
32 30
32 35
32 38
32 45
33 13
33 16
33 17
33 20
33 21
33 26
33 29
33 33
33 35
33 44
33 47
34 1
34 3
34 4
34 8
34 11
34 14
34 22
34 24
34 32
34 39
35 6
35 17
35 22
35 38
35 39
35 49
36 2
36 15
36 19
36 22
36 37
36 39
36 41
36 42
36 43
37 3
37 6
37 7
37 9
37 11
37 13
37 16
37 20
37 25
37 28
37 35
37 49
38 0
38 2
38 3
38 4
38 6
38 11
38 26
38 33
38 37
38 48
39 11
39 12
39 13
39 20
39 25
39 28
39 32
39 34
39 39
39 46
40 1
40 12
40 22
40 35
40 37
40 41
40 48
41 3
41 13
41 15
41 21
41 22
41 25
41 33
41 44
42 0
42 1
42 4
42 8
42 13
42 16
42 17
42 20
42 25
42 26
42 32
42 38
42 40
42 41
42 44
42 49
43 2
43 9
43 18
43 19
43 21
43 23
43 27
43 28
43 33
43 40
44 1
44 4
44 6
44 7
44 9
44 25
44 31
44 38
44 41
44 46
44 48
45 0
45 1
45 2
45 10
45 14
45 17
45 20
45 23
45 31
45 41
45 42
45 43
45 49
46 3
46 4
46 7
46 14
46 16
46 20
46 35
46 39
47 5
47 11
47 16
47 23
47 32
47 37
48 3
48 5
48 11
48 17
48 19
48 23
48 32
48 39
49 2
49 3
49 4
49 9
49 13
49 17
49 25
49 33
49 38
49 39
49 44
