50
250
0 8
0 32
0 35
0 44
1 19
1 25
1 34
2 0
2 42
2 46
2 49
3 20
3 31
3 35
3 39
3 40
3 41
3 43
3 46
3 47
4 0
4 4
4 20
4 37
4 43
5 0
5 9
5 25
6 7
6 29
6 38
6 42
7 1
7 4
7 15
7 23
7 28
7 33
8 5
8 22
8 23
9 10
9 23
9 29
9 30
9 41
9 42
9 44
10 4
10 16
10 28
10 45
11 6
11 14
12 7
12 11
12 13
12 14
12 21
12 29
12 35
12 40
12 46
13 24
14 38
14 47
15 7
15 14
15 23
15 33
15 34
15 37
15 38
15 40
16 10
16 17
16 20
16 21
16 41
17 16
17 26
17 37
17 46
18 27
18 28
18 31
18 43
18 49
19 14
19 16
19 48
20 26
20 37
20 48
21 25
21 26
21 30
21 31
21 34
21 37
21 46
22 3
22 4
22 6
22 11
22 14
22 25
22 36
22 45
22 47
23 19
23 20
23 23
23 41
23 43
24 11
24 23
24 33
24 46
24 47
25 6
25 32
25 39
26 5
26 10
26 12
26 13
26 19
26 41
26 45
26 49
27 5
27 29
27 43
27 45
28 5
28 26
28 29
28 33
28 47
29 11
29 13
29 18
29 32
30 5
30 7
30 10
30 15
30 24
30 33
30 35
30 36
30 38
31 30
31 32
31 41
31 43
32 2
32 8
32 12
32 13
32 16
32 22
32 36
32 38
32 40
32 47
33 5
33 13
33 14
33 37
33 39
33 40
33 46
34 6
34 12
34 17
34 29
34 30
34 31
34 36
35 16
35 20
35 22
35 35
35 38
36 15
36 16
36 20
36 34
36 35
37 6
37 36
37 44
38 25
38 26
38 27
38 29
38 30
39 4
39 11
39 26
39 41
39 43
40 7
40 24
40 32
40 35
40 44
40 49
41 20
41 38
41 39
41 40
42 12
42 28
42 32
42 45
43 32
44 6
44 11
44 26
44 28
44 38
44 47
45 28
45 36
45 39
45 46
46 9
46 12
46 13
46 14
46 30
46 32
46 37
46 40
46 43
46 44
47 7
47 44
48 6
48 19
48 37
48 45
48 47
49 6
49 8
49 20
49 32
