150
6750
0 1
0 3
0 6
0 12
0 13
0 14
0 16
0 21
0 22
0 23
0 27
0 33
0 36
0 40
0 42
0 43
0 44
0 46
0 53
0 61
0 66
0 73
0 74
0 79
0 83
0 87
0 90
0 91
0 96
0 105
0 109
0 114
0 123
0 127
0 129
0 136
0 144
0 145
0 146
1 0
1 1
1 3
1 4
1 5
1 7
1 8
1 12
1 14
1 16
1 18
1 22
1 26
1 30
1 31
1 32
1 33
1 39
1 42
1 46
1 47
1 50
1 54
1 55
1 58
1 63
1 67
1 69
1 70
1 71
1 74
1 75
1 84
1 104
1 106
1 110
1 113
1 126
1 130
1 131
1 135
1 138
1 139
1 140
1 141
1 144
2 6
2 10
2 15
2 18
2 21
2 24
2 25
2 27
2 28
2 34
2 35
2 37
2 39
2 40
2 42
2 43
2 45
2 47
2 49
2 51
2 52
2 56
2 57
2 59
2 61
2 65
2 66
2 69
2 72
2 73
2 74
2 76
2 82
2 84
2 87
2 98
2 102
2 106
2 108
2 109
2 110
2 111
2 114
2 116
2 117
2 122
2 123
2 124
2 125
2 128
2 129
2 133
2 134
2 135
2 136
2 139
2 142
2 144
2 146
3 10
3 14
3 22
3 26
3 30
3 38
3 41
3 53
3 54
3 55
3 57
3 72
3 76
3 82
3 88
3 96
3 100
3 109
3 115
3 116
3 119
3 123
3 125
3 128
3 129
3 131
3 135
3 137
3 139
3 145
3 147
3 148
4 1
4 5
4 7
4 8
4 14
4 15
4 18
4 20
4 21
4 26
4 28
4 29
4 32
4 33
4 34
4 36
4 46
4 50
4 53
4 54
4 56
4 58
4 67
4 70
4 71
4 72
4 77
4 87
4 88
4 92
4 93
4 95
4 97
4 99
4 111
4 115
4 116
4 119
4 120
4 127
4 128
4 129
4 130
4 131
4 133
4 139
4 141
4 142
4 144
4 146
4 147
4 148
5 0
5 6
5 9
5 11
5 15
5 16
5 24
5 27
5 31
5 32
5 39
5 42
5 44
5 45
5 54
5 55
5 56
5 59
5 60
5 62
5 63
5 69
5 70
5 74
5 78
5 81
5 82
5 86
5 91
5 93
5 95
5 103
5 104
5 105
5 106
5 108
5 116
5 118
5 120
5 122
5 127
5 131
5 133
5 136
5 139
5 141
5 143
5 147
6 1
6 6
6 9
6 11
6 13
6 21
6 36
6 38
6 39
6 55
6 58
6 62
6 63
6 65
6 67
6 69
6 71
6 72
6 77
6 79
6 82
6 87
6 93
6 97
6 98
6 100
6 101
6 102
6 104
6 106
6 109
6 110
6 111
6 113
6 114
6 117
6 121
6 123
6 124
6 126
6 130
6 132
6 139
6 142
6 146
6 148
6 149
7 11
7 14
7 16
7 27
7 31
7 33
7 39
7 45
7 46
7 54
7 56
7 66
7 70
7 74
7 76
7 83
7 86
7 87
7 89
7 92
7 93
7 94
7 95
7 97
7 101
7 102
7 106
7 111
7 112
7 113
7 118
7 127
7 129
7 130
7 137
7 138
7 140
7 142
7 146
7 147
7 149
8 3
8 6
8 13
8 14
8 19
8 20
8 22
8 27
8 29
8 39
8 55
8 56
8 58
8 61
8 64
8 68
8 69
8 72
8 77
8 79
8 82
8 83
8 86
8 89
8 92
8 94
8 95
8 96
8 99
8 102
8 103
8 110
8 114
8 116
8 119
8 122
8 127
8 131
8 136
8 144
9 3
9 5
9 6
9 10
9 13
9 17
9 26
9 27
9 29
9 30
9 40
9 41
9 44
9 51
9 54
9 56
9 64
9 66
9 70
9 71
9 75
9 82
9 84
9 89
9 94
9 100
9 101
9 111
9 118
9 120
9 121
9 122
9 125
9 129
9 130
9 132
9 133
9 137
9 143
9 147
9 148
9 149
10 3
10 6
10 17
10 19
10 21
10 22
10 25
10 31
10 33
10 35
10 37
10 38
10 40
10 43
10 46
10 51
10 57
10 59
10 61
10 62
10 63
10 66
10 69
10 75
10 78
10 80
10 81
10 82
10 83
10 87
10 88
10 91
10 92
10 93
10 94
10 101
10 102
10 112
10 113
10 115
10 118
10 119
10 121
10 125
10 126
10 130
10 131
10 132
10 137
10 140
10 146
11 0
11 1
11 10
11 13
11 17
11 19
11 22
11 23
11 27
11 29
11 39
11 40
11 47
11 48
11 59
11 64
11 70
11 72
11 75
11 76
11 77
11 81
11 88
11 91
11 93
11 95
11 97
11 101
11 103
11 111
11 112
11 115
11 118
11 120
11 122
11 125
11 126
11 128
11 133
11 135
11 137
11 142
11 144
11 145
11 147
12 4
12 5
12 6
12 7
12 12
12 13
12 24
12 29
12 34
12 36
12 39
12 40
12 44
12 45
12 56
12 64
12 70
12 71
12 74
12 76
12 77
12 80
12 82
12 86
12 92
12 93
12 95
12 99
12 102
12 105
12 109
12 110
12 111
12 113
12 117
12 119
12 126
12 130
12 133
12 139
12 140
12 145
13 0
13 1
13 6
13 7
13 8
13 11
13 13
13 14
13 15
13 22
13 25
13 26
13 29
13 39
13 40
13 42
13 43
13 50
13 52
13 54
13 55
13 60
13 67
13 83
13 87
13 90
13 92
13 93
13 94
13 96
13 100
13 104
13 107
13 111
13 116
13 123
13 130
13 132
13 136
13 137
13 145
13 146
13 149
14 4
14 5
14 6
14 7
14 9
14 11
14 19
14 21
14 23
14 25
14 26
14 29
14 30
14 32
14 35
14 40
14 42
14 46
14 47
14 49
14 54
14 59
14 62
14 64
14 69
14 71
14 74
14 78
14 81
14 87
14 91
14 97
14 102
14 104
14 107
14 113
14 117
14 124
14 125
14 132
14 133
14 135
14 137
14 139
14 145
14 146
15 1
15 4
15 10
15 13
15 15
15 17
15 18
15 27
15 30
15 38
15 39
15 43
15 46
15 48
15 49
15 51
15 55
15 65
15 66
15 68
15 69
15 70
15 74
15 78
15 81
15 87
15 88
15 93
15 100
15 103
15 106
15 107
15 108
15 111
15 117
15 119
15 121
15 124
15 126
15 127
15 128
15 130
15 135
15 136
15 143
15 146
15 147
15 149
16 0
16 1
16 2
16 8
16 14
16 15
16 19
16 20
16 23
16 31
16 35
16 39
16 40
16 43
16 44
16 47
16 50
16 51
16 52
16 57
16 61
16 62
16 63
16 68
16 76
16 82
16 85
16 91
16 96
16 97
16 100
16 101
16 104
16 110
16 112
16 114
16 119
16 122
16 124
16 125
16 127
16 128
16 136
16 138
16 140
17 2
17 3
17 7
17 10
17 17
17 18
17 21
17 27
17 31
17 36
17 43
17 49
17 53
17 55
17 57
17 58
17 59
17 62
17 68
17 69
17 75
17 77
17 78
17 80
17 83
17 85
17 93
17 101
17 102
17 103
17 111
17 114
17 123
17 125
17 126
17 130
17 132
17 136
17 140
17 141
17 146
17 147
18 1
18 2
18 3
18 8
18 10
18 15
18 18
18 19
18 20
18 22
18 25
18 27
18 30
18 32
18 33
18 38
18 42
18 43
18 45
18 46
18 50
18 55
18 60
18 68
18 70
18 72
18 79
18 81
18 82
18 95
18 98
18 110
18 116
18 124
18 126
18 128
18 131
18 132
18 136
18 139
18 141
18 142
19 16
19 18
19 22
19 23
19 28
19 35
19 37
19 40
19 45
19 49
19 52
19 55
19 58
19 59
19 65
19 66
19 70
19 74
19 78
19 79
19 81
19 86
19 89
19 91
19 103
19 104
19 110
19 114
19 116
19 120
19 123
19 124
19 125
19 126
19 127
19 129
19 132
19 140
19 141
19 149
20 1
20 2
20 5
20 6
20 9
20 10
20 11
20 12
20 14
20 15
20 19
20 21
20 24
20 31
20 32
20 35
20 41
20 47
20 49
20 58
20 59
20 62
20 63
20 72
20 80
20 81
20 88
20 91
20 93
20 102
20 104
20 105
20 106
20 112
20 113
20 114
20 116
20 119
20 126
20 132
20 135
20 137
20 143
20 146
20 147
20 148
21 2
21 6
21 7
21 9
21 19
21 21
21 22
21 23
21 24
21 25
21 27
21 28
21 32
21 34
21 35
21 38
21 42
21 43
21 49
21 51
21 52
21 55
21 57
21 61
21 63
21 65
21 69
21 71
21 72
21 76
21 80
21 83
21 86
21 87
21 100
21 106
21 107
21 112
21 119
21 124
21 127
21 128
21 129
21 130
21 131
21 136
21 139
21 145
22 4
22 7
22 8
22 10
22 18
22 27
22 28
22 35
22 49
22 54
22 59
22 62
22 64
22 65
22 68
22 71
22 73
22 75
22 83
22 92
22 93
22 98
22 99
22 101
22 103
22 105
22 108
22 109
22 111
22 114
22 123
22 124
22 127
22 131
22 133
22 136
22 138
22 142
22 145
22 149
23 1
23 4
23 5
23 9
23 11
23 14
23 18
23 19
23 20
23 29
23 38
23 39
23 43
23 49
23 50
23 51
23 52
23 59
23 60
23 78
23 79
23 80
23 85
23 88
23 93
23 94
23 95
23 98
23 99
23 100
23 101
23 104
23 112
23 113
23 115
23 123
23 125
23 126
23 129
23 134
23 139
23 143
23 144
23 148
24 1
24 2
24 5
24 7
24 11
24 14
24 17
24 19
24 20
24 29
24 30
24 31
24 48
24 50
24 57
24 59
24 61
24 69
24 70
24 71
24 72
24 73
24 74
24 78
24 79
24 82
24 89
24 91
24 93
24 95
24 97
24 102
24 104
24 105
24 107
24 112
24 113
24 116
24 117
24 118
24 123
24 124
24 125
24 135
24 140
24 141
25 0
25 1
25 3
25 5
25 6
25 7
25 9
25 10
25 13
25 14
25 24
25 25
25 29
25 35
25 39
25 48
25 56
25 58
25 63
25 64
25 76
25 82
25 84
25 86
25 88
25 90
25 95
25 99
25 101
25 104
25 113
25 116
25 119
25 123
25 129
25 130
25 132
25 135
25 136
25 137
25 141
26 2
26 4
26 5
26 9
26 10
26 17
26 25
26 30
26 31
26 39
26 42
26 43
26 45
26 46
26 53
26 55
26 63
26 67
26 69
26 71
26 72
26 74
26 75
26 78
26 80
26 81
26 87
26 91
26 94
26 95
26 97
26 98
26 100
26 101
26 106
26 110
26 111
26 112
26 113
26 122
26 123
26 128
26 129
26 130
26 132
26 133
26 136
26 137
26 139
26 140
26 142
26 148
27 4
27 6
27 14
27 16
27 22
27 23
27 28
27 29
27 30
27 36
27 37
27 39
27 51
27 54
27 56
27 57
27 58
27 74
27 75
27 76
27 78
27 87
27 90
27 91
27 92
27 97
27 99
27 102
27 103
27 106
27 109
27 113
27 116
27 118
27 132
27 145
28 4
28 5
28 10
28 12
28 13
28 15
28 19
28 23
28 29
28 31
28 32
28 36
28 47
28 48
28 50
28 51
28 52
28 53
28 55
28 57
28 62
28 63
28 65
28 74
28 84
28 90
28 93
28 94
28 95
28 108
28 109
28 111
28 112
28 116
28 118
28 120
28 121
28 124
28 132
28 136
28 140
28 147
29 1
29 5
29 8
29 10
29 12
29 13
29 17
29 19
29 30
29 32
29 33
29 34
29 36
29 37
29 40
29 41
29 44
29 47
29 50
29 51
29 55
29 58
29 60
29 61
29 71
29 75
29 76
29 78
29 79
29 84
29 85
29 86
29 87
29 92
29 95
29 97
29 107
29 108
29 110
29 116
29 120
29 121
29 123
29 129
29 130
29 133
29 135
29 143
29 145
30 1
30 3
30 5
30 7
30 8
30 16
30 18
30 20
30 21
30 24
30 28
30 37
30 39
30 40
30 44
30 51
30 61
30 63
30 67
30 69
30 73
30 78
30 79
30 86
30 94
30 96
30 97
30 99
30 102
30 105
30 107
30 111
30 112
30 113
30 114
30 118
30 128
30 129
30 131
30 137
30 138
30 139
30 143
30 145
30 147
31 2
31 5
31 11
31 12
31 13
31 15
31 18
31 26
31 29
31 32
31 35
31 39
31 45
31 53
31 60
31 68
31 73
31 77
31 78
31 80
31 82
31 83
31 87
31 89
31 90
31 94
31 102
31 104
31 106
31 107
31 110
31 111
31 114
31 115
31 118
31 120
31 126
31 127
31 128
31 130
31 131
31 133
31 134
31 136
31 137
31 140
31 141
31 146
31 147
31 149
32 0
32 3
32 5
32 6
32 7
32 9
32 12
32 15
32 18
32 23
32 31
32 43
32 45
32 47
32 50
32 52
32 55
32 58
32 62
32 67
32 70
32 71
32 74
32 76
32 82
32 83
32 89
32 92
32 93
32 96
32 97
32 100
32 102
32 105
32 116
32 117
32 118
32 122
32 123
32 125
32 126
32 127
32 132
32 137
32 143
32 144
32 146
32 147
32 148
33 0
33 2
33 5
33 7
33 10
33 11
33 18
33 27
33 31
33 40
33 42
33 43
33 46
33 47
33 50
33 55
33 56
33 58
33 63
33 67
33 69
33 72
33 73
33 75
33 76
33 79
33 82
33 85
33 87
33 89
33 95
33 96
33 106
33 107
33 108
33 109
33 114
33 115
33 116
33 123
33 125
33 126
33 129
33 133
33 139
33 142
33 147
33 148
33 149
34 1
34 2
34 7
34 11
34 13
34 16
34 17
34 18
34 22
34 23
34 25
34 27
34 38
34 39
34 41
34 45
34 48
34 49
34 50
34 52
34 54
34 62
34 66
34 67
34 72
34 73
34 74
34 77
34 81
34 87
34 91
34 92
34 93
34 101
34 102
34 107
34 109
34 122
34 130
34 131
34 132
34 133
34 134
34 144
35 4
35 8
35 11
35 15
35 19
35 20
35 24
35 25
35 27
35 29
35 32
35 41
35 43
35 47
35 53
35 59
35 67
35 74
35 75
35 77
35 86
35 87
35 90
35 96
35 97
35 98
35 99
35 103
35 113
35 114
35 115
35 124
35 125
35 127
35 130
35 135
35 136
35 137
35 144
35 147
36 2
36 10
36 13
36 15
36 16
36 17
36 18
36 19
36 25
36 27
36 29
36 33
36 38
36 40
36 48
36 55
36 57
36 61
36 63
36 80
36 81
36 84
36 85
36 90
36 94
36 96
36 100
36 101
36 102
36 103
36 107
36 108
36 110
36 114
36 117
36 118
36 124
36 125
36 128
36 133
36 136
36 138
36 142
36 148
36 149
37 0
37 5
37 12
37 14
37 16
37 21
37 22
37 23
37 27
37 30
37 32
37 34
37 35
37 51
37 52
37 56
37 60
37 61
37 63
37 65
37 66
37 67
37 68
37 70
37 76
37 80
37 81
37 88
37 90
37 98
37 99
37 104
37 106
37 111
37 113
37 115
37 119
37 123
37 129
37 131
37 138
37 140
37 141
37 142
37 143
37 145
37 147
37 148
37 149
38 0
38 7
38 13
38 19
38 23
38 28
38 30
38 32
38 35
38 37
38 41
38 48
38 54
38 60
38 61
38 62
38 63
38 64
38 73
38 76
38 78
38 82
38 86
38 87
38 93
38 96
38 99
38 102
38 106
38 112
38 115
38 119
38 120
38 124
38 125
38 129
38 131
38 134
38 141
38 143
38 146
38 149
39 2
39 10
39 15
39 18
39 19
39 23
39 27
39 28
39 32
39 33
39 46
39 47
39 49
39 50
39 55
39 60
39 61
39 74
39 78
39 85
39 91
39 100
39 101
39 105
39 114
39 117
39 122
39 125
39 126
39 131
39 133
39 136
39 143
39 147
40 1
40 6
40 8
40 9
40 12
40 16
40 18
40 19
40 22
40 26
40 27
40 29
40 34
40 35
40 39
40 43
40 45
40 49
40 52
40 53
40 55
40 56
40 59
40 60
40 62
40 63
40 65
40 68
40 69
40 70
40 72
40 73
40 82
40 84
40 86
40 96
40 99
40 100
40 111
40 114
40 115
40 116
40 117
40 120
40 128
40 133
40 134
40 136
40 137
40 139
40 143
40 147
41 3
41 5
41 7
41 8
41 13
41 25
41 26
41 27
41 31
41 37
41 40
41 42
41 45
41 50
41 52
41 64
41 66
41 69
41 80
41 86
41 89
41 91
41 93
41 96
41 98
41 99
41 101
41 104
41 112
41 115
41 116
41 119
41 120
41 121
41 122
41 124
41 125
41 127
41 131
41 132
41 138
41 141
41 143
42 0
42 1
42 14
42 21
42 22
42 34
42 37
42 39
42 42
42 46
42 48
42 49
42 52
42 55
42 59
42 64
42 65
42 66
42 68
42 70
42 76
42 78
42 87
42 90
42 92
42 93
42 94
42 98
42 99
42 106
42 109
42 112
42 118
42 119
42 124
42 126
42 130
42 131
42 141
42 144
42 146
43 1
43 2
43 3
43 4
43 6
43 8
43 15
43 18
43 22
43 25
43 26
43 27
43 28
43 32
43 37
43 39
43 42
43 48
43 51
43 52
43 59
43 75
43 77
43 85
43 91
43 96
43 106
43 107
43 111
43 112
43 114
43 120
43 126
43 127
43 128
43 134
43 138
43 143
43 144
43 146
43 148
44 3
44 5
44 9
44 13
44 17
44 21
44 26
44 29
44 31
44 32
44 34
44 45
44 47
44 58
44 61
44 62
44 63
44 65
44 69
44 70
44 75
44 82
44 85
44 91
44 95
44 97
44 101
44 106
44 110
44 112
44 113
44 116
44 119
44 120
44 124
44 125
44 129
44 137
44 140
44 142
44 143
44 145
45 2
45 5
45 10
45 12
45 13
45 18
45 20
45 21
45 23
45 29
45 30
45 31
45 36
45 40
45 44
45 47
45 48
45 54
45 56
45 58
45 59
45 60
45 65
45 77
45 82
45 84
45 86
45 88
45 92
45 93
45 98
45 101
45 105
45 107
45 113
45 124
45 128
45 134
45 137
45 140
45 143
45 146
45 148
45 149
46 4
46 7
46 8
46 11
46 16
46 17
46 18
46 19
46 20
46 24
46 26
46 35
46 42
46 44
46 45
46 51
46 52
46 55
46 56
46 60
46 62
46 66
46 70
46 73
46 74
46 77
46 80
46 86
46 89
46 92
46 95
46 96
46 98
46 103
46 104
46 108
46 112
46 113
46 122
46 124
46 127
46 129
46 132
46 137
46 138
46 141
46 142
46 145
47 1
47 2
47 3
47 9
47 11
47 12
47 14
47 16
47 18
47 19
47 21
47 24
47 29
47 30
47 33
47 34
47 46
47 47
47 53
47 60
47 61
47 64
47 66
47 67
47 70
47 82
47 87
47 94
47 95
47 99
47 104
47 112
47 113
47 120
47 121
47 122
47 124
47 125
47 128
47 131
47 133
47 134
47 138
47 140
47 142
47 146
47 148
48 2
48 12
48 16
48 25
48 27
48 28
48 29
48 33
48 36
48 37
48 38
48 43
48 44
48 53
48 54
48 55
48 56
48 61
48 62
48 64
48 71
48 79
48 86
48 90
48 94
48 107
48 113
48 115
48 120
48 124
48 136
48 144
48 149
49 1
49 4
49 7
49 9
49 12
49 13
49 15
49 18
49 20
49 21
49 23
49 25
49 26
49 29
49 32
49 36
49 40
49 42
49 45
49 48
49 55
49 59
49 60
49 64
49 69
49 72
49 73
49 74
49 80
49 82
49 83
49 94
49 95
49 98
49 103
49 106
49 109
49 110
49 116
49 123
49 124
49 125
49 128
49 129
49 134
49 137
49 140
49 143
50 3
50 12
50 17
50 20
50 27
50 29
50 30
50 32
50 33
50 39
50 41
50 42
50 45
50 46
50 47
50 48
50 54
50 55
50 56
50 62
50 65
50 73
50 80
50 83
50 84
50 90
50 91
50 92
50 93
50 94
50 97
50 105
50 109
50 113
50 116
50 119
50 123
50 132
50 138
50 141
50 145
50 149
51 0
51 1
51 3
51 5
51 12
51 22
51 24
51 28
51 30
51 31
51 32
51 34
51 37
51 39
51 42
51 45
51 46
51 48
51 50
51 51
51 56
51 57
51 58
51 59
51 62
51 63
51 73
51 77
51 78
51 81
51 85
51 87
51 88
51 89
51 90
51 94
51 97
51 100
51 102
51 106
51 109
51 110
51 111
51 113
51 117
51 120
51 121
51 125
51 132
51 137
51 138
51 142
51 143
51 144
51 145
51 149
52 3
52 4
52 6
52 8
52 14
52 16
52 17
52 23
52 26
52 28
52 29
52 33
52 35
52 36
52 39
52 47
52 50
52 59
52 60
52 63
52 65
52 66
52 67
52 70
52 71
52 73
52 74
52 78
52 79
52 81
52 87
52 89
52 91
52 99
52 100
52 102
52 105
52 108
52 109
52 118
52 119
52 128
52 129
52 130
52 132
52 141
52 145
52 147
52 148
52 149
53 5
53 6
53 8
53 9
53 11
53 14
53 20
53 23
53 26
53 29
53 30
53 38
53 45
53 46
53 48
53 56
53 61
53 62
53 65
53 74
53 77
53 80
53 86
53 87
53 93
53 109
53 110
53 112
53 114
53 116
53 118
53 135
53 136
53 137
53 138
53 139
53 140
53 144
53 145
53 147
53 148
54 3
54 6
54 15
54 18
54 20
54 22
54 24
54 25
54 27
54 35
54 40
54 41
54 43
54 49
54 52
54 53
54 54
54 59
54 62
54 69
54 71
54 80
54 81
54 82
54 86
54 87
54 91
54 92
54 93
54 97
54 105
54 106
54 108
54 110
54 115
54 120
54 126
54 128
54 139
54 144
54 149
55 0
55 5
55 10
55 13
55 31
55 32
55 36
55 39
55 40
55 41
55 42
55 43
55 44
55 47
55 49
55 54
55 56
55 59
55 60
55 69
55 74
55 75
55 85
55 86
55 87
55 91
55 92
55 96
55 101
55 105
55 106
55 114
55 117
55 119
55 125
55 129
55 130
55 136
55 139
55 140
55 147
56 6
56 8
56 11
56 12
56 14
56 17
56 18
56 19
56 21
56 26
56 32
56 33
56 34
56 35
56 38
56 39
56 44
56 46
56 48
56 49
56 52
56 53
56 54
56 55
56 56
56 58
56 62
56 64
56 65
56 69
56 70
56 71
56 72
56 73
56 75
56 79
56 85
56 86
56 92
56 97
56 98
56 101
56 103
56 105
56 110
56 114
56 122
56 124
56 126
56 138
56 142
57 1
57 2
57 5
57 6
57 10
57 14
57 15
57 16
57 26
57 27
57 28
57 29
57 30
57 34
57 39
57 42
57 46
57 47
57 58
57 63
57 64
57 65
57 70
57 75
57 78
57 80
57 82
57 89
57 94
57 96
57 97
57 98
57 99
57 100
57 101
57 102
57 103
57 109
57 113
57 116
57 121
57 132
57 134
57 135
57 136
57 139
57 144
57 146
57 148
58 2
58 3
58 9
58 10
58 12
58 15
58 16
58 18
58 21
58 22
58 26
58 29
58 30
58 37
58 42
58 46
58 48
58 50
58 56
58 62
58 67
58 68
58 71
58 74
58 79
58 80
58 84
58 85
58 90
58 91
58 98
58 99
58 100
58 109
58 112
58 125
58 133
58 134
59 1
59 5
59 13
59 26
59 28
59 30
59 31
59 38
59 40
59 41
59 42
59 46
59 54
59 56
59 60
59 67
59 74
59 79
59 83
59 87
59 90
59 91
59 95
59 99
59 100
59 104
59 108
59 115
59 117
59 119
59 121
59 130
59 133
59 143
60 4
60 5
60 14
60 16
60 17
60 18
60 19
60 21
60 24
60 26
60 27
60 28
60 32
60 40
60 43
60 47
60 54
60 55
60 56
60 64
60 69
60 74
60 76
60 80
60 82
60 87
60 90
60 92
60 99
60 100
60 105
60 106
60 114
60 116
60 125
60 127
60 129
60 130
60 133
60 135
60 140
60 141
60 142
60 143
60 147
61 3
61 9
61 10
61 12
61 13
61 19
61 20
61 21
61 23
61 26
61 27
61 30
61 34
61 40
61 43
61 46
61 47
61 50
61 55
61 56
61 57
61 60
61 63
61 64
61 65
61 66
61 70
61 72
61 75
61 77
61 81
61 82
61 88
61 95
61 102
61 111
61 119
61 120
61 125
61 126
61 128
61 132
61 137
61 139
61 142
61 145
61 146
61 149
62 0
62 2
62 3
62 4
62 5
62 14
62 18
62 21
62 30
62 34
62 36
62 37
62 40
62 42
62 45
62 47
62 51
62 52
62 54
62 55
62 60
62 62
62 65
62 79
62 95
62 101
62 107
62 113
62 114
62 124
62 125
62 126
62 128
62 130
62 134
62 136
62 139
62 140
62 145
62 148
62 149
63 3
63 5
63 8
63 13
63 14
63 15
63 16
63 26
63 27
63 30
63 31
63 32
63 39
63 41
63 47
63 48
63 52
63 54
63 59
63 64
63 68
63 69
63 74
63 76
63 83
63 84
63 86
63 91
63 94
63 97
63 99
63 101
63 102
63 103
63 107
63 108
63 111
63 114
63 118
63 121
63 124
63 126
63 127
63 132
63 136
63 139
63 141
63 146
63 149
64 0
64 4
64 6
64 8
64 9
64 11
64 17
64 20
64 21
64 24
64 26
64 29
64 31
64 38
64 42
64 45
64 65
64 66
64 67
64 68
64 69
64 71
64 83
64 86
64 90
64 91
64 95
64 96
64 102
64 105
64 107
64 109
64 113
64 121
64 122
64 124
64 127
64 130
64 134
64 135
64 136
64 138
64 139
64 141
65 1
65 3
65 5
65 8
65 9
65 12
65 14
65 16
65 17
65 18
65 21
65 24
65 28
65 31
65 32
65 33
65 44
65 45
65 50
65 51
65 52
65 55
65 58
65 71
65 73
65 80
65 83
65 86
65 93
65 96
65 98
65 101
65 107
65 110
65 112
65 124
65 131
65 135
65 142
65 143
65 147
66 0
66 3
66 4
66 5
66 7
66 11
66 13
66 17
66 21
66 23
66 25
66 27
66 32
66 38
66 41
66 46
66 49
66 52
66 53
66 56
66 57
66 60
66 62
66 64
66 69
66 71
66 73
66 74
66 76
66 78
66 79
66 80
66 81
66 82
66 90
66 91
66 92
66 96
66 98
66 101
66 103
66 104
66 111
66 113
66 120
66 121
66 128
66 129
66 135
66 137
66 143
66 146
66 147
66 149
67 0
67 2
67 7
67 8
67 9
67 12
67 16
67 18
67 19
67 24
67 26
67 27
67 29
67 35
67 36
67 37
67 41
67 42
67 46
67 49
67 51
67 52
67 54
67 55
67 59
67 60
67 63
67 68
67 70
67 71
67 73
67 74
67 78
67 79
67 83
67 85
67 86
67 88
67 89
67 95
67 99
67 100
67 101
67 109
67 110
67 112
67 114
67 115
67 120
67 126
67 127
67 129
67 130
67 134
67 137
67 139
67 147
67 148
67 149
68 2
68 4
68 15
68 20
68 23
68 24
68 29
68 32
68 34
68 37
68 45
68 54
68 56
68 61
68 64
68 69
68 74
68 77
68 80
68 81
68 84
68 86
68 95
68 96
68 98
68 103
68 105
68 107
68 109
68 114
68 116
68 120
68 122
68 128
68 132
68 134
68 135
68 137
68 141
69 1
69 3
69 10
69 13
69 19
69 20
69 22
69 24
69 25
69 31
69 32
69 34
69 35
69 39
69 44
69 45
69 47
69 48
69 50
69 54
69 55
69 57
69 71
69 72
69 74
69 77
69 85
69 100
69 102
69 103
69 111
69 114
69 116
69 117
69 119
69 125
69 128
69 130
69 134
69 137
69 139
69 140
69 141
69 146
69 148
70 0
70 8
70 10
70 12
70 13
70 16
70 19
70 20
70 27
70 29
70 30
70 36
70 37
70 38
70 39
70 45
70 46
70 48
70 51
70 52
70 55
70 59
70 62
70 63
70 66
70 69
70 70
70 71
70 75
70 77
70 80
70 86
70 88
70 89
70 92
70 93
70 94
70 95
70 96
70 98
70 104
70 108
70 109
70 113
70 115
70 118
70 119
70 124
70 126
70 131
70 133
70 139
70 142
71 5
71 8
71 12
71 14
71 16
71 21
71 23
71 26
71 39
71 43
71 46
71 47
71 48
71 50
71 52
71 58
71 59
71 61
71 62
71 65
71 73
71 75
71 81
71 83
71 84
71 88
71 91
71 93
71 97
71 98
71 100
71 106
71 107
71 111
71 113
71 114
71 115
71 119
71 125
71 126
71 127
71 128
71 129
71 138
71 139
71 142
71 143
72 0
72 5
72 10
72 12
72 14
72 22
72 23
72 26
72 28
72 30
72 31
72 32
72 38
72 44
72 48
72 49
72 52
72 55
72 56
72 60
72 61
72 63
72 68
72 69
72 75
72 76
72 80
72 83
72 84
72 85
72 91
72 92
72 96
72 107
72 110
72 112
72 113
72 115
72 116
72 124
72 127
72 135
72 136
72 137
72 138
72 143
73 2
73 5
73 6
73 9
73 11
73 12
73 16
73 18
73 21
73 22
73 25
73 27
73 29
73 31
73 33
73 34
73 45
73 46
73 48
73 49
73 52
73 53
73 56
73 60
73 61
73 63
73 73
73 81
73 93
73 94
73 96
73 98
73 100
73 102
73 103
73 105
73 107
73 110
73 112
73 114
73 116
73 117
73 118
73 120
73 129
73 134
73 135
73 138
74 5
74 8
74 13
74 14
74 18
74 21
74 24
74 25
74 26
74 28
74 30
74 32
74 39
74 43
74 46
74 47
74 48
74 50
74 51
74 53
74 54
74 62
74 65
74 69
74 70
74 73
74 74
74 75
74 78
74 81
74 85
74 86
74 88
74 91
74 92
74 93
74 97
74 100
74 104
74 106
74 107
74 108
74 110
74 112
74 115
74 117
74 125
74 127
74 135
74 138
74 139
74 141
74 142
74 143
75 2
75 6
75 7
75 10
75 13
75 16
75 17
75 22
75 23
75 26
75 27
75 29
75 31
75 34
75 38
75 41
75 44
75 49
75 53
75 56
75 67
75 68
75 70
75 82
75 84
75 86
75 92
75 94
75 96
75 97
75 99
75 100
75 112
75 113
75 115
75 120
75 123
75 124
75 125
75 129
75 136
75 138
75 143
76 4
76 5
76 10
76 14
76 19
76 21
76 22
76 32
76 38
76 53
76 54
76 57
76 61
76 66
76 74
76 77
76 78
76 81
76 85
76 86
76 87
76 89
76 98
76 99
76 100
76 103
76 108
76 113
76 114
76 117
76 119
76 122
76 123
76 130
76 131
76 134
76 136
76 137
76 138
76 139
76 143
76 146
76 147
77 0
77 9
77 12
77 14
77 22
77 23
77 25
77 30
77 32
77 35
77 40
77 45
77 47
77 50
77 51
77 52
77 53
77 55
77 58
77 59
77 62
77 66
77 67
77 68
77 75
77 80
77 82
77 85
77 97
77 101
77 103
77 105
77 106
77 110
77 112
77 114
77 117
77 118
77 123
77 132
77 134
77 142
77 144
78 3
78 4
78 9
78 10
78 13
78 14
78 17
78 21
78 29
78 33
78 34
78 39
78 44
78 46
78 47
78 48
78 51
78 56
78 58
78 65
78 68
78 69
78 73
78 74
78 76
78 78
78 80
78 81
78 82
78 83
78 84
78 85
78 97
78 103
78 107
78 111
78 113
78 119
78 120
78 126
78 128
78 141
78 148
79 2
79 6
79 8
79 16
79 21
79 24
79 27
79 38
79 42
79 44
79 50
79 55
79 59
79 63
79 65
79 66
79 67
79 68
79 69
79 70
79 74
79 78
79 80
79 81
79 87
79 94
79 98
79 104
79 105
79 109
79 117
79 127
79 128
79 131
79 132
79 133
79 138
79 141
79 142
79 145
79 146
79 148
80 7
80 12
80 15
80 18
80 19
80 23
80 25
80 29
80 33
80 39
80 40
80 42
80 44
80 47
80 48
80 49
80 51
80 53
80 62
80 63
80 68
80 79
80 80
80 81
80 84
80 86
80 87
80 96
80 98
80 105
80 106
80 109
80 112
80 114
80 115
80 124
80 125
80 140
80 146
80 147
80 148
81 0
81 3
81 6
81 9
81 14
81 15
81 17
81 24
81 26
81 30
81 32
81 35
81 37
81 40
81 41
81 43
81 45
81 46
81 48
81 50
81 53
81 58
81 60
81 71
81 75
81 80
81 83
81 84
81 86
81 89
81 90
81 91
81 92
81 101
81 102
81 104
81 107
81 108
81 112
81 115
81 118
81 124
81 137
81 145
81 147
81 148
81 149
82 0
82 2
82 4
82 12
82 14
82 16
82 17
82 19
82 23
82 26
82 32
82 33
82 37
82 38
82 40
82 41
82 44
82 50
82 52
82 53
82 55
82 63
82 66
82 68
82 70
82 73
82 76
82 82
82 85
82 86
82 87
82 89
82 92
82 97
82 102
82 105
82 106
82 108
82 113
82 122
82 123
82 124
82 127
82 128
82 134
82 138
82 141
82 142
82 144
83 1
83 4
83 5
83 6
83 7
83 12
83 13
83 15
83 18
83 20
83 21
83 23
83 26
83 27
83 35
83 37
83 40
83 41
83 42
83 47
83 48
83 49
83 55
83 56
83 59
83 60
83 62
83 64
83 65
83 75
83 78
83 80
83 85
83 87
83 90
83 94
83 99
83 100
83 106
83 111
83 114
83 115
83 117
83 120
83 122
83 126
83 127
83 129
83 134
83 136
83 137
83 139
83 140
83 147
83 149
84 1
84 2
84 5
84 9
84 11
84 13
84 15
84 16
84 17
84 22
84 24
84 27
84 31
84 32
84 34
84 36
84 38
84 39
84 44
84 45
84 48
84 51
84 52
84 53
84 56
84 57
84 59
84 60
84 65
84 66
84 68
84 69
84 70
84 71
84 76
84 83
84 84
84 86
84 89
84 100
84 101
84 103
84 110
84 115
84 116
84 117
84 121
84 124
84 127
84 134
84 135
84 136
84 139
84 140
84 141
84 147
84 148
84 149
85 1
85 7
85 11
85 19
85 22
85 23
85 27
85 29
85 31
85 32
85 35
85 36
85 41
85 42
85 44
85 45
85 47
85 51
85 53
85 62
85 65
85 67
85 77
85 80
85 88
85 92
85 95
85 98
85 99
85 101
85 105
85 109
85 110
85 111
85 115
85 116
85 123
85 124
85 126
85 127
85 133
85 134
85 135
85 140
85 142
85 145
85 146
86 0
86 2
86 5
86 8
86 20
86 21
86 26
86 28
86 29
86 30
86 32
86 33
86 38
86 42
86 51
86 53
86 54
86 55
86 56
86 57
86 59
86 60
86 61
86 63
86 65
86 68
86 70
86 72
86 82
86 84
86 85
86 86
86 90
86 92
86 94
86 95
86 97
86 98
86 99
86 103
86 110
86 114
86 119
86 128
86 129
86 130
86 131
86 134
86 136
86 140
86 144
86 146
86 147
86 149
87 0
87 5
87 7
87 8
87 9
87 17
87 19
87 23
87 24
87 26
87 27
87 34
87 37
87 47
87 49
87 50
87 51
87 52
87 53
87 60
87 61
87 62
87 63
87 64
87 66
87 68
87 70
87 78
87 84
87 88
87 92
87 99
87 100
87 102
87 103
87 104
87 108
87 111
87 119
87 121
87 124
87 128
87 129
87 135
87 136
87 138
87 145
87 148
88 5
88 6
88 15
88 19
88 20
88 25
88 28
88 33
88 40
88 41
88 42
88 48
88 50
88 52
88 56
88 60
88 63
88 65
88 71
88 72
88 73
88 75
88 78
88 80
88 85
88 87
88 88
88 89
88 95
88 96
88 97
88 99
88 100
88 105
88 109
88 111
88 114
88 115
88 117
88 118
88 119
88 120
88 122
88 124
88 127
88 128
88 130
88 149
89 2
89 3
89 8
89 16
89 25
89 36
89 40
89 44
89 46
89 52
89 58
89 59
89 64
89 71
89 72
89 75
89 77
89 89
89 90
89 92
89 93
89 94
89 96
89 97
89 100
89 103
89 105
89 112
89 115
89 116
89 117
89 118
89 122
89 126
89 133
89 138
89 139
89 143
89 144
89 149
90 5
90 11
90 12
90 15
90 19
90 29
90 32
90 33
90 37
90 47
90 53
90 54
90 65
90 67
90 68
90 75
90 77
90 79
90 83
90 88
90 91
90 93
90 97
90 98
90 116
90 119
90 123
90 124
90 129
90 134
90 136
90 144
90 145
91 3
91 6
91 10
91 24
91 26
91 30
91 35
91 36
91 38
91 39
91 41
91 42
91 44
91 46
91 49
91 51
91 57
91 60
91 61
91 64
91 70
91 71
91 84
91 86
91 88
91 91
91 92
91 95
91 97
91 100
91 102
91 105
91 115
91 120
91 128
91 133
91 136
91 141
91 142
91 148
91 149
92 5
92 8
92 9
92 15
92 18
92 19
92 26
92 29
92 31
92 32
92 34
92 35
92 37
92 38
92 42
92 43
92 44
92 51
92 53
92 56
92 59
92 63
92 69
92 73
92 74
92 76
92 77
92 86
92 88
92 89
92 93
92 95
92 101
92 102
92 103
92 105
92 109
92 110
92 116
92 123
92 129
92 134
92 139
92 142
92 143
92 144
92 145
92 146
93 0
93 2
93 3
93 7
93 24
93 26
93 27
93 28
93 32
93 39
93 40
93 42
93 45
93 47
93 48
93 51
93 54
93 61
93 73
93 74
93 75
93 84
93 86
93 94
93 99
93 106
93 107
93 115
93 121
93 125
93 126
93 131
93 132
93 134
93 138
93 143
93 147
94 5
94 8
94 9
94 11
94 13
94 15
94 16
94 18
94 20
94 27
94 28
94 32
94 36
94 37
94 38
94 39
94 40
94 43
94 45
94 50
94 52
94 53
94 54
94 57
94 58
94 59
94 60
94 62
94 64
94 66
94 67
94 69
94 70
94 79
94 83
94 86
94 89
94 91
94 93
94 95
94 98
94 99
94 100
94 102
94 104
94 110
94 124
94 129
94 137
94 140
94 149
95 1
95 5
95 10
95 12
95 16
95 23
95 26
95 32
95 34
95 35
95 37
95 43
95 44
95 51
95 58
95 61
95 64
95 68
95 69
95 70
95 73
95 78
95 82
95 87
95 90
95 91
95 92
95 94
95 95
95 96
95 106
95 109
95 111
95 113
95 114
95 116
95 117
95 123
95 125
95 127
95 130
95 134
95 135
95 137
95 138
95 144
95 146
95 147
96 0
96 1
96 5
96 6
96 9
96 10
96 11
96 18
96 20
96 21
96 24
96 34
96 41
96 44
96 47
96 51
96 52
96 57
96 59
96 60
96 61
96 62
96 64
96 69
96 70
96 71
96 73
96 74
96 75
96 76
96 81
96 82
96 86
96 93
96 94
96 95
96 96
96 97
96 98
96 99
96 101
96 105
96 106
96 107
96 108
96 112
96 114
96 117
96 127
96 134
96 138
96 139
96 140
96 142
96 148
97 0
97 2
97 9
97 10
97 11
97 14
97 16
97 18
97 19
97 21
97 23
97 26
97 27
97 29
97 31
97 32
97 34
97 36
97 37
97 41
97 50
97 52
97 55
97 62
97 68
97 69
97 70
97 71
97 73
97 76
97 91
97 92
97 93
97 101
97 102
97 106
97 116
97 118
97 122
97 124
97 128
97 129
97 130
97 143
97 146
98 2
98 5
98 12
98 13
98 15
98 16
98 22
98 23
98 26
98 27
98 30
98 31
98 34
98 35
98 36
98 37
98 45
98 47
98 49
98 52
98 54
98 63
98 72
98 77
98 80
98 81
98 83
98 86
98 88
98 89
98 90
98 95
98 98
98 99
98 104
98 106
98 109
98 110
98 111
98 118
98 121
98 124
98 131
98 132
98 133
98 143
99 1
99 6
99 9
99 10
99 11
99 12
99 13
99 14
99 17
99 20
99 26
99 31
99 37
99 40
99 45
99 51
99 53
99 55
99 57
99 63
99 72
99 81
99 83
99 84
99 87
99 88
99 91
99 97
99 99
99 112
99 113
99 115
99 116
99 117
99 119
99 126
99 129
99 130
99 131
99 134
99 135
99 136
99 137
99 138
99 142
99 145
99 147
100 7
100 13
100 19
100 22
100 23
100 26
100 28
100 33
100 35
100 38
100 40
100 44
100 51
100 55
100 61
100 62
100 63
100 71
100 78
100 80
100 83
100 84
100 89
100 91
100 94
100 96
100 100
100 101
100 103
100 111
100 113
100 119
100 121
100 122
100 123
100 129
100 130
100 138
100 141
100 143
100 144
100 148
100 149
101 0
101 1
101 2
101 8
101 10
101 11
101 18
101 30
101 32
101 34
101 35
101 47
101 49
101 50
101 55
101 58
101 59
101 64
101 67
101 70
101 71
101 73
101 74
101 77
101 79
101 82
101 84
101 90
101 94
101 95
101 96
101 97
101 102
101 104
101 106
101 111
101 116
101 129
101 131
101 133
101 144
101 146
101 147
102 0
102 7
102 8
102 9
102 13
102 14
102 15
102 17
102 18
102 21
102 26
102 28
102 29
102 30
102 32
102 33
102 35
102 39
102 40
102 45
102 46
102 48
102 51
102 54
102 57
102 58
102 62
102 67
102 70
102 71
102 72
102 73
102 74
102 78
102 79
102 85
102 87
102 88
102 93
102 101
102 106
102 110
102 115
102 120
102 123
102 128
102 130
102 132
102 134
102 137
102 139
102 142
102 144
102 148
103 1
103 2
103 4
103 9
103 12
103 22
103 25
103 28
103 29
103 32
103 39
103 42
103 43
103 44
103 45
103 46
103 48
103 50
103 55
103 57
103 64
103 66
103 68
103 72
103 75
103 76
103 77
103 78
103 88
103 94
103 96
103 99
103 102
103 103
103 104
103 107
103 110
103 114
103 115
103 117
103 120
103 121
103 122
103 129
103 131
103 134
103 140
104 0
104 2
104 5
104 14
104 18
104 24
104 25
104 32
104 37
104 42
104 43
104 44
104 46
104 47
104 58
104 62
104 63
104 70
104 72
104 75
104 76
104 77
104 78
104 89
104 93
104 94
104 97
104 98
104 107
104 109
104 111
104 113
104 119
104 125
104 127
104 128
104 130
104 131
104 133
104 134
104 137
104 138
104 142
104 143
104 148
105 0
105 2
105 7
105 9
105 11
105 13
105 17
105 18
105 19
105 20
105 24
105 25
105 32
105 34
105 35
105 45
105 48
105 50
105 52
105 54
105 61
105 67
105 72
105 76
105 78
105 79
105 91
105 94
105 101
105 107
105 117
105 120
105 122
105 124
105 125
105 126
105 130
105 132
105 138
105 139
105 141
105 142
105 143
105 144
106 0
106 1
106 4
106 8
106 9
106 10
106 11
106 15
106 20
106 26
106 34
106 38
106 42
106 45
106 46
106 47
106 55
106 57
106 58
106 73
106 76
106 77
106 80
106 81
106 82
106 88
106 90
106 97
106 101
106 102
106 106
106 112
106 115
106 118
106 120
106 121
106 127
106 132
106 137
106 139
106 140
106 147
106 148
107 1
107 18
107 20
107 28
107 36
107 38
107 41
107 47
107 48
107 50
107 52
107 55
107 65
107 68
107 71
107 72
107 73
107 79
107 80
107 82
107 85
107 90
107 91
107 96
107 100
107 102
107 103
107 104
107 105
107 107
107 109
107 116
107 117
107 118
107 119
107 120
107 127
107 130
107 133
107 139
107 142
107 149
108 0
108 1
108 3
108 5
108 6
108 9
108 13
108 16
108 20
108 22
108 28
108 31
108 38
108 39
108 40
108 41
108 42
108 43
108 47
108 49
108 51
108 54
108 55
108 58
108 60
108 61
108 68
108 71
108 74
108 79
108 80
108 81
108 82
108 83
108 85
108 86
108 89
108 91
108 94
108 98
108 100
108 101
108 109
108 110
108 114
108 118
108 125
108 128
108 132
108 133
108 135
108 137
108 142
108 145
108 146
109 1
109 2
109 8
109 9
109 14
109 20
109 22
109 24
109 30
109 31
109 34
109 37
109 42
109 49
109 50
109 51
109 53
109 55
109 57
109 63
109 66
109 67
109 69
109 74
109 80
109 83
109 84
109 85
109 88
109 89
109 92
109 100
109 101
109 104
109 106
109 108
109 109
109 111
109 114
109 119
109 121
109 122
109 126
109 131
109 135
109 136
109 139
109 145
109 146
110 1
110 8
110 10
110 14
110 15
110 18
110 25
110 29
110 35
110 36
110 40
110 41
110 47
110 50
110 52
110 55
110 58
110 60
110 62
110 71
110 73
110 74
110 75
110 82
110 83
110 86
110 95
110 96
110 99
110 100
110 103
110 106
110 113
110 114
110 119
110 122
110 123
110 130
110 134
110 137
110 138
110 141
110 142
111 1
111 7
111 10
111 12
111 13
111 19
111 20
111 21
111 23
111 25
111 26
111 30
111 33
111 34
111 35
111 37
111 38
111 47
111 51
111 53
111 60
111 65
111 66
111 67
111 69
111 70
111 71
111 73
111 75
111 76
111 77
111 80
111 84
111 85
111 88
111 93
111 94
111 105
111 106
111 112
111 116
111 119
111 120
111 121
111 132
111 134
111 139
111 140
111 142
111 143
112 2
112 8
112 11
112 12
112 13
112 24
112 25
112 28
112 29
112 32
112 36
112 42
112 48
112 52
112 54
112 58
112 62
112 70
112 82
112 87
112 88
112 96
112 101
112 104
112 105
112 106
112 115
112 116
112 118
112 120
112 124
112 125
112 127
112 130
112 133
112 135
112 136
112 137
112 138
112 139
112 140
112 144
113 4
113 5
113 6
113 10
113 11
113 12
113 14
113 20
113 21
113 23
113 24
113 32
113 38
113 40
113 43
113 46
113 49
113 52
113 55
113 60
113 63
113 65
113 67
113 71
113 73
113 77
113 80
113 81
113 86
113 87
113 92
113 93
113 94
113 98
113 100
113 103
113 104
113 112
113 116
113 117
113 121
113 122
113 126
113 129
113 130
113 132
113 133
113 134
113 135
113 137
113 138
113 141
113 142
113 145
113 146
114 7
114 8
114 11
114 15
114 17
114 20
114 34
114 41
114 43
114 50
114 54
114 57
114 62
114 66
114 71
114 76
114 80
114 88
114 89
114 93
114 99
114 100
114 109
114 113
114 114
114 116
114 122
114 123
114 127
114 129
114 132
114 133
114 135
114 137
114 143
114 145
114 146
115 1
115 5
115 10
115 13
115 17
115 24
115 29
115 31
115 34
115 36
115 40
115 41
115 45
115 57
115 61
115 63
115 71
115 86
115 87
115 88
115 93
115 94
115 96
115 102
115 103
115 104
115 108
115 114
115 119
115 127
115 130
115 131
115 133
115 134
115 135
115 141
115 143
115 144
116 3
116 4
116 5
116 7
116 11
116 18
116 20
116 21
116 22
116 24
116 26
116 29
116 35
116 37
116 43
116 49
116 50
116 52
116 62
116 67
116 70
116 71
116 73
116 76
116 78
116 79
116 82
116 89
116 90
116 104
116 107
116 115
116 119
116 126
116 130
116 138
116 141
116 144
116 147
116 148
117 6
117 7
117 11
117 14
117 20
117 25
117 26
117 36
117 49
117 50
117 52
117 54
117 58
117 63
117 65
117 67
117 68
117 79
117 83
117 96
117 98
117 104
117 107
117 113
117 118
117 139
117 140
117 142
117 144
117 146
118 2
118 4
118 6
118 7
118 8
118 9
118 10
118 11
118 13
118 17
118 20
118 24
118 26
118 27
118 29
118 32
118 34
118 35
118 43
118 45
118 47
118 51
118 52
118 72
118 73
118 74
118 75
118 78
118 87
118 89
118 91
118 94
118 97
118 102
118 105
118 106
118 110
118 111
118 126
118 127
118 128
118 129
118 136
118 138
118 139
118 140
118 144
118 147
119 6
119 9
119 12
119 13
119 36
119 37
119 38
119 39
119 40
119 43
119 51
119 53
119 54
119 57
119 59
119 60
119 61
119 64
119 75
119 77
119 83
119 88
119 94
119 97
119 98
119 99
119 101
119 102
119 106
119 107
119 110
119 111
119 112
119 113
119 114
119 117
119 122
119 128
119 130
119 131
119 138
119 140
119 148
120 5
120 6
120 8
120 9
120 16
120 17
120 18
120 21
120 22
120 23
120 25
120 26
120 29
120 30
120 32
120 33
120 34
120 36
120 37
120 39
120 40
120 41
120 46
120 55
120 59
120 60
120 61
120 68
120 80
120 81
120 89
120 97
120 98
120 100
120 104
120 108
120 112
120 119
120 124
120 131
120 132
120 135
120 149
121 0
121 1
121 3
121 6
121 11
121 13
121 14
121 15
121 18
121 26
121 28
121 32
121 33
121 42
121 44
121 46
121 48
121 51
121 53
121 54
121 57
121 65
121 66
121 67
121 71
121 75
121 79
121 80
121 82
121 87
121 88
121 93
121 96
121 103
121 105
121 107
121 114
121 115
121 117
121 118
121 119
121 121
121 123
121 125
121 129
121 133
121 134
121 136
121 142
121 144
121 147
121 148
121 149
122 7
122 10
122 15
122 16
122 17
122 18
122 19
122 20
122 21
122 27
122 29
122 33
122 36
122 39
122 41
122 42
122 47
122 61
122 64
122 67
122 78
122 81
122 84
122 87
122 90
122 93
122 95
122 100
122 102
122 105
122 107
122 109
122 113
122 114
122 117
122 120
122 121
122 123
122 126
122 128
122 131
122 132
122 135
122 137
122 139
122 148
123 3
123 5
123 6
123 12
123 13
123 17
123 22
123 26
123 33
123 38
123 39
123 41
123 42
123 44
123 49
123 51
123 59
123 60
123 69
123 80
123 81
123 85
123 87
123 89
123 90
123 91
123 96
123 97
123 100
123 101
123 104
123 107
123 110
123 120
123 122
123 125
123 128
123 129
123 130
123 135
123 142
123 143
123 144
124 0
124 2
124 3
124 4
124 5
124 13
124 19
124 25
124 26
124 28
124 30
124 31
124 34
124 35
124 36
124 37
124 38
124 42
124 45
124 46
124 47
124 53
124 57
124 66
124 67
124 74
124 90
124 92
124 93
124 94
124 95
124 96
124 97
124 98
124 99
124 104
124 106
124 116
124 125
124 126
124 128
124 129
124 130
124 134
124 142
124 145
124 149
125 2
125 7
125 11
125 15
125 18
125 26
125 27
125 34
125 36
125 38
125 40
125 43
125 48
125 52
125 54
125 59
125 60
125 70
125 72
125 80
125 82
125 83
125 84
125 88
125 90
125 91
125 92
125 95
125 96
125 100
125 104
125 107
125 108
125 110
125 111
125 114
125 117
125 121
125 129
125 134
125 138
125 142
125 144
125 147
125 149
126 0
126 1
126 2
126 6
126 11
126 12
126 22
126 23
126 25
126 26
126 29
126 33
126 35
126 36
126 37
126 39
126 47
126 50
126 51
126 52
126 53
126 59
126 62
126 71
126 73
126 75
126 78
126 83
126 84
126 86
126 88
126 90
126 94
126 96
126 100
126 101
126 104
126 105
126 107
126 115
126 116
126 127
126 130
126 132
126 139
126 141
126 147
127 1
127 3
127 5
127 8
127 10
127 23
127 25
127 27
127 30
127 32
127 35
127 36
127 37
127 38
127 39
127 40
127 43
127 44
127 47
127 50
127 51
127 54
127 57
127 58
127 61
127 62
127 64
127 73
127 79
127 83
127 84
127 85
127 86
127 88
127 89
127 97
127 99
127 100
127 101
127 107
127 115
127 116
127 117
127 120
127 124
127 127
127 131
127 134
127 135
127 142
127 143
127 147
128 3
128 4
128 9
128 11
128 12
128 15
128 18
128 19
128 20
128 21
128 22
128 26
128 27
128 28
128 40
128 42
128 47
128 49
128 50
128 52
128 59
128 61
128 72
128 74
128 80
128 81
128 84
128 86
128 87
128 88
128 91
128 99
128 108
128 109
128 116
128 117
128 121
128 123
128 127
128 130
128 133
128 134
128 141
129 2
129 4
129 6
129 8
129 9
129 12
129 14
129 21
129 23
129 27
129 29
129 31
129 34
129 37
129 43
129 44
129 46
129 52
129 54
129 59
129 72
129 79
129 89
129 92
129 93
129 95
129 109
129 114
129 121
129 127
129 128
129 129
129 130
129 136
129 142
129 144
129 148
130 1
130 2
130 8
130 10
130 22
130 26
130 31
130 35
130 38
130 41
130 44
130 53
130 54
130 57
130 63
130 67
130 72
130 76
130 81
130 84
130 95
130 96
130 100
130 101
130 103
130 104
130 113
130 115
130 118
130 121
130 125
130 131
130 132
130 133
130 136
130 141
131 0
131 1
131 2
131 3
131 4
131 7
131 11
131 17
131 22
131 24
131 28
131 30
131 33
131 37
131 38
131 42
131 45
131 47
131 50
131 53
131 63
131 64
131 68
131 76
131 78
131 80
131 91
131 94
131 95
131 97
131 98
131 99
131 101
131 102
131 106
131 107
131 109
131 110
131 111
131 117
131 122
131 130
131 131
131 139
131 141
131 147
132 1
132 2
132 7
132 8
132 11
132 13
132 18
132 23
132 24
132 34
132 41
132 49
132 53
132 58
132 60
132 62
132 63
132 68
132 69
132 73
132 77
132 78
132 79
132 85
132 86
132 100
132 104
132 110
132 118
132 123
132 131
132 132
132 133
132 148
133 5
133 6
133 7
133 8
133 9
133 11
133 12
133 13
133 14
133 17
133 18
133 19
133 22
133 23
133 25
133 31
133 33
133 37
133 38
133 39
133 48
133 51
133 54
133 56
133 61
133 62
133 63
133 64
133 66
133 67
133 70
133 73
133 75
133 76
133 82
133 88
133 89
133 90
133 93
133 94
133 96
133 98
133 102
133 105
133 106
133 107
133 109
133 118
133 119
133 122
133 125
133 126
133 133
133 135
133 146
134 3
134 8
134 10
134 12
134 17
134 19
134 20
134 23
134 26
134 27
134 29
134 31
134 35
134 37
134 42
134 43
134 51
134 71
134 75
134 80
134 83
134 87
134 90
134 93
134 97
134 105
134 113
134 114
134 115
134 119
134 121
134 129
134 130
134 131
134 134
134 135
134 137
134 138
134 140
134 145
134 147
135 2
135 3
135 6
135 7
135 11
135 14
135 17
135 18
135 19
135 20
135 21
135 27
135 28
135 29
135 33
135 37
135 39
135 42
135 48
135 52
135 61
135 63
135 64
135 65
135 66
135 70
135 72
135 74
135 79
135 82
135 87
135 89
135 96
135 102
135 103
135 104
135 110
135 112
135 120
135 124
135 133
135 135
135 136
135 142
136 0
136 4
136 5
136 14
136 15
136 17
136 18
136 19
136 20
136 23
136 24
136 30
136 31
136 33
136 42
136 44
136 45
136 46
136 49
136 53
136 58
136 60
136 64
136 65
136 66
136 67
136 68
136 70
136 71
136 80
136 85
136 94
136 98
136 105
136 106
136 111
136 115
136 121
136 122
136 123
136 128
136 129
136 130
136 135
137 4
137 11
137 19
137 25
137 29
137 31
137 33
137 38
137 40
137 45
137 46
137 48
137 50
137 54
137 56
137 58
137 63
137 65
137 69
137 70
137 73
137 80
137 85
137 86
137 91
137 100
137 105
137 114
137 119
137 122
137 126
137 132
137 133
137 134
137 135
137 136
137 141
137 144
137 145
138 2
138 12
138 19
138 23
138 24
138 28
138 31
138 33
138 34
138 35
138 40
138 42
138 43
138 44
138 45
138 48
138 50
138 51
138 57
138 60
138 62
138 64
138 65
138 67
138 68
138 69
138 70
138 71
138 74
138 79
138 82
138 85
138 86
138 93
138 94
138 96
138 103
138 108
138 110
138 112
138 114
138 115
138 131
138 135
138 136
138 141
138 146
138 148
139 1
139 8
139 12
139 13
139 23
139 26
139 27
139 32
139 36
139 37
139 39
139 41
139 44
139 45
139 47
139 51
139 57
139 58
139 66
139 67
139 69
139 73
139 76
139 77
139 80
139 83
139 84
139 86
139 95
139 98
139 100
139 101
139 112
139 115
139 127
139 128
139 129
139 135
139 136
139 138
139 140
139 142
139 147
139 149
140 1
140 2
140 4
140 5
140 7
140 9
140 19
140 24
140 25
140 37
140 39
140 44
140 50
140 61
140 63
140 64
140 65
140 68
140 70
140 71
140 72
140 73
140 74
140 76
140 77
140 80
140 81
140 85
140 86
140 89
140 90
140 95
140 97
140 98
140 101
140 102
140 108
140 118
140 122
140 124
140 129
140 130
140 144
140 146
141 1
141 2
141 4
141 6
141 15
141 22
141 23
141 24
141 27
141 28
141 29
141 30
141 31
141 36
141 37
141 40
141 41
141 47
141 50
141 55
141 56
141 61
141 63
141 64
141 66
141 71
141 74
141 84
141 88
141 90
141 93
141 94
141 98
141 102
141 105
141 106
141 107
141 108
141 111
141 114
141 120
141 122
141 124
141 126
141 127
141 130
141 131
141 133
141 136
141 148
142 0
142 3
142 5
142 9
142 10
142 13
142 16
142 22
142 23
142 28
142 32
142 39
142 40
142 42
142 44
142 46
142 47
142 49
142 52
142 55
142 56
142 57
142 59
142 60
142 65
142 66
142 75
142 80
142 84
142 85
142 88
142 89
142 92
142 94
142 95
142 96
142 102
142 106
142 107
142 109
142 114
142 117
142 118
142 123
142 125
142 126
142 128
142 130
142 133
142 139
142 140
142 141
142 146
143 1
143 3
143 4
143 7
143 9
143 15
143 16
143 23
143 24
143 28
143 30
143 31
143 34
143 38
143 39
143 40
143 41
143 44
143 47
143 48
143 49
143 55
143 59
143 66
143 67
143 69
143 74
143 79
143 80
143 92
143 94
143 95
143 99
143 100
143 101
143 107
143 112
143 114
143 116
143 117
143 124
143 127
143 135
143 137
143 139
143 140
143 141
143 143
143 147
143 148
143 149
144 4
144 8
144 14
144 18
144 29
144 34
144 36
144 37
144 38
144 45
144 46
144 51
144 52
144 55
144 57
144 61
144 66
144 67
144 69
144 71
144 75
144 80
144 85
144 86
144 90
144 93
144 101
144 102
144 106
144 114
144 116
144 117
144 119
144 120
144 122
144 125
144 127
144 128
144 135
144 137
144 141
144 143
144 146
145 9
145 10
145 11
145 18
145 24
145 25
145 26
145 30
145 32
145 33
145 36
145 43
145 49
145 51
145 52
145 55
145 56
145 58
145 61
145 79
145 82
145 83
145 85
145 87
145 91
145 93
145 106
145 108
145 111
145 115
145 123
145 125
145 127
145 128
145 134
145 136
145 139
145 140
145 142
145 143
145 147
146 6
146 12
146 13
146 14
146 15
146 20
146 26
146 27
146 29
146 30
146 31
146 37
146 38
146 41
146 42
146 53
146 54
146 55
146 59
146 61
146 63
146 64
146 65
146 70
146 74
146 75
146 78
146 86
146 88
146 91
146 93
146 97
146 98
146 101
146 104
146 105
146 109
146 118
146 120
146 123
146 127
146 128
146 133
146 137
146 138
146 140
146 142
146 144
147 6
147 7
147 8
147 11
147 15
147 18
147 22
147 25
147 29
147 30
147 33
147 38
147 40
147 44
147 45
147 51
147 53
147 56
147 59
147 64
147 66
147 68
147 69
147 70
147 72
147 78
147 84
147 86
147 93
147 94
147 104
147 107
147 111
147 113
147 114
147 115
147 117
147 130
147 137
147 140
147 143
147 145
147 146
147 148
148 4
148 9
148 11
148 12
148 13
148 16
148 17
148 24
148 32
148 38
148 40
148 42
148 47
148 48
148 49
148 59
148 66
148 68
148 69
148 90
148 94
148 95
148 98
148 99
148 108
148 109
148 116
148 121
148 124
148 126
148 127
148 128
148 133
148 134
148 136
148 139
148 142
148 147
148 148
149 1
149 4
149 5
149 9
149 13
149 14
149 22
149 23
149 28
149 43
149 52
149 57
149 59
149 63
149 66
149 70
149 72
149 75
149 81
149 85
149 91
149 96
149 101
149 105
149 110
149 118
149 123
149 127
149 129
149 139
149 140
