150
11250
0 2
0 4
0 5
0 10
0 11
0 13
0 17
0 18
0 19
0 21
0 23
0 25
0 26
0 27
0 28
0 30
0 31
0 33
0 35
0 36
0 40
0 44
0 45
0 46
0 48
0 49
0 52
0 54
0 55
0 56
0 57
0 63
0 65
0 76
0 77
0 78
0 82
0 83
0 87
0 88
0 89
0 90
0 92
0 94
0 95
0 96
0 97
0 99
0 100
0 102
0 104
0 106
0 107
0 108
0 110
0 111
0 112
0 114
0 116
0 117
0 118
0 120
0 122
0 124
0 126
0 127
0 128
0 129
0 137
0 139
0 141
0 142
0 146
0 147
0 148
0 149
1 1
1 2
1 3
1 5
1 6
1 10
1 11
1 15
1 16
1 17
1 20
1 22
1 24
1 25
1 26
1 28
1 29
1 33
1 36
1 42
1 43
1 46
1 50
1 51
1 54
1 55
1 56
1 58
1 59
1 60
1 61
1 63
1 69
1 70
1 71
1 73
1 77
1 80
1 83
1 90
1 94
1 95
1 96
1 97
1 102
1 104
1 105
1 108
1 109
1 110
1 112
1 115
1 117
1 118
1 120
1 121
1 124
1 131
1 135
1 136
1 142
1 144
1 145
1 147
1 148
1 149
2 1
2 2
2 3
2 5
2 8
2 9
2 10
2 12
2 16
2 17
2 19
2 20
2 23
2 26
2 29
2 31
2 32
2 33
2 34
2 41
2 42
2 45
2 46
2 47
2 51
2 53
2 54
2 55
2 56
2 60
2 61
2 62
2 64
2 65
2 70
2 71
2 73
2 74
2 78
2 79
2 80
2 83
2 87
2 91
2 96
2 97
2 100
2 102
2 103
2 104
2 105
2 108
2 111
2 115
2 116
2 117
2 118
2 120
2 121
2 125
2 127
2 131
2 134
2 138
2 139
2 142
2 143
2 144
3 1
3 2
3 3
3 4
3 5
3 10
3 13
3 15
3 16
3 19
3 20
3 21
3 23
3 29
3 31
3 33
3 34
3 36
3 37
3 38
3 40
3 43
3 45
3 47
3 48
3 50
3 54
3 55
3 56
3 60
3 64
3 65
3 69
3 71
3 74
3 81
3 83
3 85
3 86
3 90
3 91
3 92
3 93
3 97
3 104
3 107
3 112
3 113
3 114
3 115
3 116
3 123
3 124
3 125
3 126
3 129
3 136
3 137
3 139
3 141
3 142
3 144
3 145
3 146
3 147
4 1
4 2
4 4
4 5
4 7
4 10
4 11
4 12
4 13
4 14
4 16
4 17
4 18
4 19
4 21
4 22
4 25
4 26
4 29
4 30
4 32
4 35
4 37
4 39
4 42
4 43
4 44
4 45
4 46
4 48
4 55
4 56
4 57
4 59
4 62
4 65
4 66
4 68
4 70
4 71
4 72
4 73
4 74
4 77
4 78
4 80
4 82
4 84
4 85
4 86
4 89
4 92
4 93
4 94
4 95
4 96
4 98
4 99
4 100
4 101
4 102
4 104
4 105
4 106
4 107
4 110
4 113
4 115
4 116
4 117
4 119
4 121
4 122
4 125
4 128
4 129
4 130
4 132
4 134
4 137
4 138
4 140
4 141
4 143
4 144
4 146
4 147
4 149
5 4
5 5
5 7
5 13
5 19
5 21
5 23
5 24
5 26
5 27
5 29
5 31
5 32
5 33
5 36
5 38
5 39
5 42
5 43
5 47
5 49
5 52
5 55
5 56
5 57
5 58
5 63
5 65
5 67
5 69
5 70
5 71
5 73
5 80
5 82
5 83
5 84
5 85
5 88
5 90
5 91
5 92
5 93
5 96
5 98
5 102
5 103
5 104
5 106
5 109
5 111
5 112
5 113
5 115
5 116
5 119
5 120
5 121
5 123
5 125
5 127
5 130
5 132
5 133
5 134
5 135
5 136
5 137
5 139
5 140
5 141
5 143
5 145
5 146
6 0
6 7
6 10
6 12
6 14
6 16
6 18
6 22
6 24
6 26
6 28
6 29
6 32
6 34
6 39
6 41
6 42
6 43
6 44
6 47
6 51
6 52
6 53
6 54
6 56
6 58
6 59
6 60
6 61
6 62
6 63
6 65
6 66
6 67
6 71
6 72
6 74
6 79
6 80
6 81
6 82
6 83
6 90
6 93
6 95
6 97
6 101
6 102
6 105
6 106
6 108
6 109
6 110
6 113
6 115
6 118
6 119
6 120
6 122
6 123
6 124
6 127
6 129
6 131
6 132
6 137
6 138
6 139
6 140
6 145
6 147
6 148
6 149
7 3
7 4
7 5
7 8
7 10
7 11
7 12
7 13
7 15
7 16
7 19
7 20
7 21
7 24
7 25
7 26
7 28
7 29
7 30
7 31
7 32
7 33
7 34
7 35
7 36
7 39
7 40
7 41
7 43
7 45
7 49
7 53
7 55
7 59
7 60
7 66
7 67
7 68
7 71
7 72
7 74
7 75
7 76
7 79
7 82
7 83
7 86
7 87
7 90
7 91
7 93
7 94
7 95
7 96
7 101
7 102
7 105
7 107
7 110
7 112
7 113
7 114
7 115
7 118
7 121
7 122
7 125
7 126
7 131
7 132
7 133
7 134
7 136
7 137
7 138
7 140
7 143
7 144
7 145
7 146
8 0
8 1
8 2
8 3
8 4
8 5
8 7
8 8
8 9
8 10
8 11
8 12
8 14
8 16
8 18
8 19
8 20
8 25
8 28
8 29
8 30
8 33
8 35
8 38
8 39
8 41
8 42
8 46
8 48
8 49
8 51
8 52
8 53
8 55
8 57
8 58
8 61
8 62
8 65
8 68
8 71
8 72
8 75
8 77
8 78
8 79
8 80
8 81
8 82
8 84
8 87
8 89
8 91
8 94
8 96
8 97
8 99
8 101
8 102
8 103
8 107
8 112
8 115
8 116
8 118
8 119
8 120
8 122
8 124
8 126
8 127
8 128
8 131
8 134
8 136
8 137
8 139
8 140
8 141
8 145
8 147
8 148
9 2
9 7
9 8
9 9
9 10
9 12
9 13
9 14
9 15
9 17
9 20
9 23
9 29
9 33
9 34
9 35
9 36
9 38
9 40
9 43
9 44
9 45
9 47
9 48
9 50
9 51
9 53
9 55
9 56
9 60
9 61
9 64
9 65
9 66
9 68
9 69
9 70
9 74
9 76
9 77
9 78
9 79
9 80
9 81
9 82
9 85
9 86
9 88
9 92
9 94
9 96
9 97
9 98
9 99
9 102
9 103
9 104
9 106
9 107
9 109
9 112
9 113
9 114
9 115
9 117
9 120
9 127
9 128
9 131
9 137
9 138
9 139
9 141
9 142
9 143
9 144
9 145
9 147
9 148
10 0
10 1
10 2
10 4
10 11
10 12
10 13
10 14
10 19
10 20
10 21
10 26
10 28
10 30
10 35
10 39
10 42
10 44
10 46
10 47
10 49
10 51
10 52
10 54
10 55
10 57
10 58
10 62
10 65
10 67
10 70
10 74
10 76
10 79
10 80
10 82
10 84
10 86
10 88
10 89
10 90
10 91
10 93
10 99
10 101
10 102
10 103
10 106
10 107
10 108
10 109
10 114
10 115
10 117
10 118
10 119
10 121
10 125
10 127
10 129
10 131
10 134
10 137
10 145
10 147
11 2
11 3
11 5
11 7
11 10
11 11
11 13
11 14
11 16
11 17
11 21
11 23
11 27
11 29
11 30
11 31
11 32
11 33
11 35
11 36
11 37
11 39
11 42
11 44
11 45
11 47
11 49
11 50
11 52
11 53
11 55
11 56
11 57
11 58
11 61
11 63
11 64
11 65
11 67
11 70
11 71
11 72
11 73
11 74
11 75
11 77
11 78
11 81
11 83
11 84
11 86
11 87
11 89
11 90
11 93
11 94
11 96
11 97
11 99
11 100
11 103
11 106
11 107
11 108
11 109
11 110
11 111
11 113
11 118
11 119
11 123
11 124
11 126
11 129
11 130
11 131
11 132
11 133
11 140
11 145
11 147
11 149
12 1
12 4
12 7
12 9
12 10
12 13
12 14
12 16
12 17
12 19
12 20
12 21
12 23
12 25
12 27
12 28
12 32
12 33
12 35
12 37
12 38
12 40
12 42
12 44
12 45
12 47
12 48
12 50
12 51
12 53
12 56
12 58
12 59
12 64
12 70
12 71
12 73
12 75
12 76
12 79
12 81
12 82
12 89
12 90
12 92
12 94
12 95
12 97
12 98
12 99
12 103
12 106
12 107
12 110
12 115
12 116
12 117
12 118
12 120
12 122
12 123
12 124
12 126
12 128
12 129
12 130
12 132
12 133
12 135
12 136
12 138
12 141
12 142
12 143
12 145
12 146
12 149
13 1
13 2
13 3
13 4
13 5
13 6
13 7
13 8
13 15
13 17
13 18
13 20
13 22
13 24
13 25
13 30
13 36
13 37
13 38
13 41
13 42
13 47
13 51
13 54
13 57
13 59
13 62
13 63
13 67
13 69
13 70
13 77
13 79
13 80
13 86
13 87
13 88
13 93
13 95
13 96
13 100
13 101
13 102
13 103
13 105
13 107
13 108
13 109
13 110
13 111
13 112
13 114
13 115
13 116
13 117
13 118
13 119
13 122
13 123
13 125
13 126
13 130
13 132
13 134
13 135
13 136
13 137
13 138
13 139
13 140
13 142
13 144
13 147
14 5
14 8
14 11
14 12
14 18
14 19
14 20
14 22
14 24
14 25
14 29
14 30
14 32
14 33
14 34
14 38
14 41
14 43
14 44
14 46
14 47
14 50
14 53
14 55
14 57
14 58
14 59
14 61
14 64
14 65
14 69
14 72
14 73
14 74
14 75
14 77
14 86
14 87
14 91
14 95
14 97
14 99
14 100
14 102
14 105
14 106
14 108
14 109
14 110
14 113
14 114
14 116
14 117
14 119
14 123
14 125
14 130
14 132
14 133
14 135
14 136
14 140
14 141
14 142
14 143
15 1
15 7
15 13
15 15
15 16
15 18
15 20
15 23
15 25
15 26
15 28
15 29
15 32
15 33
15 35
15 36
15 38
15 39
15 40
15 42
15 44
15 45
15 51
15 54
15 55
15 56
15 57
15 59
15 60
15 61
15 62
15 66
15 69
15 70
15 71
15 72
15 73
15 75
15 76
15 79
15 80
15 81
15 82
15 83
15 85
15 87
15 89
15 90
15 92
15 94
15 97
15 100
15 103
15 104
15 105
15 106
15 107
15 108
15 109
15 111
15 112
15 113
15 114
15 117
15 118
15 119
15 121
15 122
15 123
15 124
15 125
15 126
15 130
15 131
15 132
15 133
15 134
15 135
15 136
15 139
15 142
15 144
15 145
15 149
16 0
16 3
16 5
16 9
16 12
16 13
16 14
16 16
16 17
16 18
16 25
16 26
16 31
16 37
16 39
16 40
16 42
16 43
16 44
16 46
16 51
16 53
16 54
16 55
16 57
16 61
16 62
16 63
16 64
16 65
16 67
16 69
16 70
16 71
16 73
16 75
16 76
16 77
16 78
16 79
16 86
16 87
16 88
16 89
16 90
16 91
16 93
16 94
16 95
16 99
16 100
16 101
16 103
16 106
16 107
16 108
16 111
16 112
16 113
16 114
16 115
16 116
16 117
16 119
16 124
16 126
16 127
16 129
16 134
16 137
16 139
16 141
16 144
16 146
16 147
16 148
17 7
17 8
17 9
17 10
17 12
17 13
17 14
17 16
17 20
17 21
17 23
17 24
17 25
17 26
17 30
17 32
17 35
17 36
17 37
17 40
17 41
17 44
17 50
17 52
17 55
17 56
17 57
17 58
17 61
17 63
17 64
17 65
17 67
17 70
17 71
17 74
17 76
17 77
17 78
17 79
17 82
17 83
17 91
17 92
17 93
17 95
17 96
17 100
17 103
17 106
17 112
17 113
17 114
17 117
17 118
17 121
17 122
17 123
17 125
17 128
17 129
17 131
17 133
17 134
17 136
17 137
17 140
17 141
17 147
17 148
18 0
18 6
18 7
18 10
18 14
18 15
18 16
18 17
18 18
18 23
18 26
18 27
18 28
18 29
18 30
18 32
18 33
18 37
18 38
18 39
18 40
18 49
18 51
18 52
18 55
18 58
18 59
18 60
18 62
18 64
18 69
18 71
18 72
18 77
18 78
18 80
18 82
18 85
18 88
18 89
18 90
18 92
18 93
18 94
18 99
18 100
18 102
18 103
18 107
18 108
18 113
18 114
18 118
18 119
18 120
18 122
18 123
18 125
18 126
18 130
18 131
18 132
18 133
18 136
18 137
18 138
18 139
18 140
18 141
18 142
18 143
18 144
18 146
18 148
18 149
19 0
19 2
19 3
19 4
19 5
19 7
19 9
19 10
19 12
19 14
19 15
19 17
19 20
19 22
19 26
19 29
19 32
19 33
19 34
19 35
19 37
19 40
19 41
19 44
19 47
19 48
19 49
19 51
19 52
19 56
19 57
19 63
19 65
19 66
19 67
19 69
19 70
19 71
19 72
19 74
19 75
19 78
19 79
19 81
19 84
19 86
19 88
19 94
19 95
19 96
19 100
19 101
19 104
19 105
19 106
19 108
19 110
19 113
19 114
19 116
19 120
19 121
19 122
19 123
19 124
19 125
19 129
19 130
19 131
19 135
19 137
19 139
19 141
19 145
19 148
20 4
20 6
20 9
20 10
20 11
20 12
20 13
20 17
20 22
20 23
20 24
20 28
20 29
20 31
20 33
20 37
20 40
20 43
20 45
20 49
20 51
20 54
20 55
20 56
20 58
20 59
20 60
20 62
20 64
20 66
20 69
20 70
20 77
20 78
20 79
20 82
20 83
20 84
20 91
20 93
20 98
20 100
20 103
20 106
20 107
20 108
20 110
20 111
20 112
20 117
20 119
20 122
20 124
20 125
20 126
20 127
20 128
20 130
20 132
20 133
20 136
20 137
20 145
20 149
21 0
21 2
21 4
21 5
21 6
21 7
21 8
21 9
21 10
21 13
21 15
21 16
21 18
21 20
21 22
21 23
21 25
21 26
21 29
21 30
21 33
21 36
21 38
21 40
21 41
21 42
21 43
21 44
21 45
21 49
21 50
21 56
21 58
21 59
21 60
21 61
21 63
21 66
21 68
21 69
21 71
21 72
21 73
21 76
21 79
21 82
21 83
21 86
21 87
21 88
21 90
21 91
21 92
21 93
21 99
21 100
21 102
21 104
21 105
21 107
21 108
21 113
21 114
21 115
21 116
21 117
21 119
21 120
21 123
21 127
21 129
21 130
21 131
21 132
21 133
21 134
21 135
21 137
21 142
21 143
21 146
21 149
22 1
22 5
22 8
22 9
22 10
22 11
22 12
22 13
22 14
22 15
22 16
22 18
22 19
22 23
22 24
22 25
22 27
22 29
22 33
22 35
22 37
22 38
22 39
22 40
22 44
22 46
22 47
22 48
22 52
22 54
22 55
22 59
22 62
22 63
22 64
22 65
22 66
22 68
22 73
22 74
22 76
22 77
22 78
22 80
22 81
22 82
22 85
22 89
22 95
22 96
22 97
22 99
22 102
22 103
22 104
22 105
22 106
22 107
22 108
22 110
22 115
22 116
22 118
22 120
22 121
22 123
22 127
22 128
22 131
22 132
22 133
22 136
22 138
22 139
22 140
22 147
22 148
23 3
23 4
23 5
23 8
23 9
23 10
23 14
23 17
23 19
23 23
23 24
23 25
23 26
23 27
23 28
23 29
23 31
23 33
23 36
23 39
23 40
23 41
23 44
23 45
23 48
23 49
23 50
23 52
23 56
23 59
23 60
23 63
23 64
23 65
23 71
23 72
23 73
23 75
23 79
23 82
23 84
23 86
23 88
23 90
23 92
23 94
23 95
23 96
23 98
23 99
23 102
23 104
23 108
23 113
23 115
23 117
23 119
23 126
23 127
23 129
23 132
23 136
23 137
23 140
23 141
23 142
23 145
23 146
24 2
24 5
24 6
24 7
24 9
24 11
24 12
24 14
24 15
24 17
24 18
24 20
24 21
24 22
24 23
24 24
24 27
24 29
24 31
24 32
24 34
24 35
24 37
24 38
24 39
24 40
24 41
24 42
24 43
24 44
24 46
24 49
24 51
24 53
24 55
24 59
24 60
24 62
24 65
24 67
24 68
24 70
24 71
24 72
24 73
24 75
24 76
24 77
24 79
24 81
24 82
24 85
24 86
24 87
24 90
24 93
24 97
24 103
24 105
24 106
24 108
24 110
24 111
24 114
24 116
24 118
24 120
24 121
24 123
24 124
24 126
24 127
24 128
24 130
24 134
24 135
24 137
24 138
24 141
24 143
24 149
25 0
25 1
25 2
25 4
25 7
25 8
25 9
25 10
25 12
25 13
25 15
25 16
25 17
25 20
25 22
25 23
25 24
25 25
25 29
25 37
25 38
25 39
25 41
25 44
25 46
25 47
25 48
25 50
25 52
25 53
25 54
25 55
25 57
25 60
25 62
25 64
25 65
25 68
25 69
25 70
25 73
25 75
25 76
25 77
25 80
25 83
25 84
25 85
25 87
25 91
25 92
25 93
25 94
25 95
25 98
25 99
25 100
25 101
25 104
25 105
25 106
25 107
25 108
25 112
25 114
25 115
25 116
25 117
25 118
25 123
25 124
25 134
25 136
25 137
25 140
25 142
25 146
25 147
25 149
26 0
26 1
26 6
26 9
26 10
26 11
26 12
26 13
26 15
26 16
26 17
26 18
26 20
26 22
26 24
26 26
26 30
26 32
26 36
26 37
26 38
26 39
26 40
26 41
26 47
26 49
26 52
26 53
26 56
26 64
26 65
26 66
26 68
26 70
26 73
26 74
26 77
26 80
26 81
26 83
26 86
26 87
26 89
26 91
26 92
26 93
26 96
26 99
26 100
26 104
26 105
26 107
26 111
26 113
26 118
26 121
26 123
26 125
26 127
26 128
26 129
26 130
26 131
26 133
26 134
26 135
26 136
26 137
26 141
26 142
26 148
26 149
27 0
27 4
27 6
27 8
27 9
27 10
27 11
27 12
27 13
27 14
27 15
27 16
27 18
27 19
27 20
27 21
27 22
27 23
27 24
27 25
27 28
27 29
27 32
27 33
27 34
27 35
27 37
27 39
27 40
27 41
27 43
27 45
27 49
27 54
27 57
27 58
27 60
27 61
27 63
27 64
27 66
27 67
27 68
27 69
27 74
27 79
27 86
27 87
27 89
27 91
27 92
27 93
27 97
27 101
27 105
27 106
27 107
27 108
27 109
27 111
27 112
27 113
27 114
27 115
27 117
27 118
27 121
27 123
27 124
27 126
27 127
27 129
27 130
27 131
27 133
27 134
27 137
27 139
27 140
28 1
28 2
28 4
28 8
28 15
28 18
28 20
28 22
28 29
28 32
28 34
28 35
28 36
28 37
28 40
28 44
28 49
28 51
28 52
28 53
28 54
28 55
28 56
28 57
28 59
28 60
28 63
28 65
28 66
28 67
28 71
28 72
28 73
28 74
28 75
28 77
28 79
28 80
28 82
28 83
28 84
28 86
28 89
28 91
28 93
28 96
28 98
28 99
28 100
28 101
28 102
28 105
28 110
28 111
28 113
28 114
28 116
28 119
28 120
28 123
28 126
28 127
28 128
28 130
28 135
28 138
28 139
28 141
28 142
28 144
28 145
28 146
28 147
28 149
29 2
29 4
29 6
29 8
29 11
29 13
29 16
29 17
29 18
29 20
29 22
29 26
29 27
29 28
29 29
29 30
29 31
29 32
29 34
29 40
29 42
29 48
29 50
29 53
29 55
29 58
29 59
29 60
29 61
29 63
29 64
29 65
29 66
29 67
29 69
29 70
29 73
29 77
29 78
29 79
29 85
29 89
29 90
29 91
29 92
29 93
29 94
29 97
29 98
29 103
29 106
29 107
29 111
29 113
29 115
29 118
29 128
29 130
29 131
29 133
29 136
29 139
29 141
29 145
29 146
29 148
30 0
30 1
30 2
30 3
30 9
30 11
30 13
30 14
30 16
30 17
30 19
30 20
30 21
30 23
30 27
30 28
30 29
30 30
30 31
30 33
30 35
30 36
30 37
30 42
30 44
30 45
30 47
30 48
30 49
30 50
30 53
30 54
30 55
30 56
30 57
30 59
30 61
30 62
30 63
30 66
30 67
30 68
30 69
30 70
30 72
30 73
30 76
30 77
30 79
30 80
30 81
30 84
30 85
30 90
30 91
30 94
30 96
30 103
30 104
30 107
30 109
30 110
30 111
30 113
30 114
30 120
30 121
30 122
30 123
30 124
30 125
30 127
30 128
30 129
30 131
30 133
30 134
30 135
30 136
30 138
30 139
30 145
30 146
30 148
30 149
31 1
31 2
31 3
31 4
31 6
31 12
31 15
31 16
31 19
31 21
31 25
31 26
31 28
31 29
31 32
31 33
31 34
31 38
31 40
31 42
31 43
31 44
31 46
31 48
31 49
31 50
31 51
31 54
31 55
31 57
31 58
31 59
31 60
31 61
31 63
31 64
31 65
31 66
31 67
31 68
31 70
31 72
31 73
31 75
31 78
31 79
31 82
31 85
31 89
31 90
31 91
31 93
31 94
31 95
31 96
31 97
31 99
31 101
31 102
31 104
31 105
31 106
31 107
31 109
31 111
31 112
31 113
31 114
31 117
31 119
31 120
31 124
31 129
31 130
31 133
31 135
31 136
31 137
31 139
31 142
31 143
31 144
31 145
31 146
31 148
31 149
32 0
32 1
32 3
32 4
32 9
32 10
32 11
32 13
32 14
32 15
32 18
32 19
32 20
32 21
32 23
32 24
32 26
32 27
32 28
32 29
32 31
32 32
32 39
32 41
32 43
32 45
32 48
32 49
32 51
32 55
32 58
32 59
32 61
32 62
32 64
32 65
32 66
32 67
32 68
32 74
32 75
32 76
32 77
32 79
32 81
32 82
32 86
32 87
32 89
32 91
32 92
32 93
32 94
32 98
32 100
32 101
32 105
32 107
32 109
32 114
32 116
32 118
32 120
32 121
32 122
32 123
32 124
32 125
32 126
32 127
32 130
32 131
32 135
32 138
32 139
32 142
32 143
32 146
32 148
32 149
33 2
33 4
33 6
33 10
33 12
33 13
33 14
33 15
33 19
33 22
33 24
33 26
33 29
33 30
33 33
33 36
33 37
33 40
33 46
33 47
33 48
33 49
33 53
33 55
33 56
33 58
33 60
33 62
33 63
33 66
33 67
33 69
33 70
33 73
33 74
33 75
33 76
33 80
33 87
33 90
33 91
33 92
33 93
33 95
33 96
33 104
33 105
33 106
33 107
33 113
33 114
33 116
33 117
33 118
33 120
33 121
33 122
33 132
33 133
33 134
33 135
33 137
33 138
33 139
33 140
33 143
33 144
33 145
33 147
33 149
34 2
34 3
34 4
34 6
34 10
34 11
34 13
34 15
34 16
34 18
34 19
34 21
34 22
34 23
34 24
34 25
34 26
34 28
34 29
34 30
34 33
34 39
34 41
34 42
34 43
34 44
34 46
34 48
34 49
34 50
34 53
34 54
34 55
34 56
34 58
34 60
34 62
34 63
34 67
34 68
34 70
34 72
34 74
34 78
34 82
34 83
34 88
34 89
34 90
34 91
34 93
34 95
34 96
34 97
34 98
34 99
34 100
34 101
34 102
34 103
34 107
34 108
34 111
34 112
34 114
34 118
34 119
34 121
34 122
34 123
34 125
34 126
34 127
34 128
34 131
34 134
34 135
34 137
34 140
34 142
34 146
34 147
35 0
35 3
35 5
35 7
35 9
35 12
35 24
35 25
35 26
35 32
35 33
35 34
35 37
35 38
35 39
35 41
35 42
35 44
35 46
35 47
35 48
35 49
35 50
35 51
35 52
35 53
35 54
35 55
35 56
35 62
35 66
35 68
35 70
35 72
35 73
35 75
35 76
35 78
35 81
35 87
35 88
35 90
35 91
35 92
35 93
35 94
35 95
35 97
35 100
35 103
35 107
35 111
35 112
35 113
35 116
35 117
35 118
35 122
35 124
35 125
35 126
35 127
35 128
35 130
35 135
35 138
35 139
35 140
35 142
35 143
35 145
35 149
36 3
36 7
36 8
36 9
36 12
36 19
36 20
36 22
36 23
36 25
36 26
36 28
36 33
36 36
36 37
36 39
36 41
36 42
36 45
36 47
36 48
36 49
36 52
36 53
36 59
36 61
36 62
36 63
36 64
36 66
36 67
36 70
36 71
36 76
36 77
36 83
36 85
36 86
36 93
36 95
36 96
36 99
36 101
36 103
36 108
36 110
36 111
36 112
36 113
36 114
36 117
36 118
36 120
36 123
36 124
36 127
36 128
36 129
36 134
36 135
36 138
36 139
36 140
36 141
36 143
36 146
36 147
36 148
37 5
37 6
37 7
37 8
37 12
37 14
37 20
37 25
37 29
37 30
37 31
37 32
37 34
37 37
37 38
37 39
37 45
37 50
37 52
37 53
37 58
37 60
37 62
37 64
37 66
37 69
37 70
37 72
37 73
37 74
37 75
37 76
37 78
37 79
37 81
37 86
37 87
37 88
37 90
37 91
37 93
37 95
37 96
37 97
37 100
37 105
37 111
37 113
37 116
37 117
37 120
37 122
37 123
37 124
37 125
37 126
37 128
37 133
37 134
37 136
37 137
37 140
37 142
37 143
37 145
37 147
37 148
37 149
38 0
38 1
38 5
38 8
38 12
38 13
38 18
38 20
38 22
38 23
38 24
38 25
38 26
38 29
38 33
38 34
38 37
38 44
38 46
38 47
38 48
38 49
38 50
38 52
38 55
38 57
38 58
38 59
38 62
38 64
38 65
38 66
38 68
38 70
38 73
38 74
38 77
38 79
38 81
38 82
38 83
38 84
38 85
38 90
38 93
38 94
38 101
38 102
38 104
38 105
38 106
38 108
38 110
38 114
38 115
38 116
38 118
38 120
38 121
38 125
38 126
38 128
38 129
38 130
38 136
38 138
38 139
38 144
38 146
38 147
38 148
38 149
39 1
39 2
39 4
39 5
39 6
39 9
39 12
39 13
39 14
39 18
39 19
39 21
39 22
39 23
39 24
39 26
39 28
39 29
39 31
39 32
39 37
39 39
39 40
39 42
39 43
39 47
39 49
39 56
39 60
39 61
39 64
39 66
39 74
39 76
39 77
39 80
39 82
39 83
39 84
39 85
39 87
39 88
39 90
39 91
39 93
39 94
39 95
39 96
39 102
39 105
39 106
39 108
39 109
39 112
39 114
39 118
39 119
39 123
39 124
39 126
39 127
39 128
39 130
39 131
39 133
39 134
39 135
39 137
39 141
39 142
39 143
39 147
39 149
40 1
40 2
40 5
40 7
40 8
40 9
40 13
40 14
40 15
40 16
40 17
40 25
40 27
40 28
40 29
40 31
40 32
40 34
40 35
40 36
40 39
40 41
40 44
40 45
40 47
40 48
40 49
40 50
40 52
40 54
40 56
40 60
40 61
40 62
40 63
40 64
40 67
40 71
40 72
40 73
40 75
40 76
40 80
40 83
40 87
40 88
40 89
40 91
40 92
40 93
40 95
40 98
40 99
40 104
40 107
40 108
40 109
40 110
40 112
40 115
40 116
40 117
40 119
40 121
40 122
40 123
40 124
40 129
40 133
40 136
40 137
40 139
40 140
40 141
40 142
40 143
40 145
40 146
40 147
40 148
40 149
41 0
41 3
41 5
41 6
41 8
41 16
41 20
41 22
41 30
41 32
41 34
41 35
41 37
41 38
41 42
41 43
41 44
41 47
41 50
41 52
41 53
41 54
41 58
41 59
41 60
41 61
41 63
41 67
41 71
41 72
41 73
41 75
41 78
41 80
41 81
41 82
41 84
41 85
41 86
41 88
41 89
41 90
41 91
41 92
41 94
41 97
41 98
41 99
41 100
41 101
41 102
41 103
41 104
41 106
41 109
41 111
41 112
41 121
41 125
41 126
41 127
41 132
41 133
41 144
41 145
41 147
42 0
42 3
42 6
42 10
42 11
42 13
42 14
42 15
42 16
42 19
42 26
42 27
42 30
42 31
42 33
42 34
42 38
42 39
42 43
42 46
42 47
42 48
42 49
42 50
42 52
42 57
42 64
42 65
42 66
42 67
42 68
42 69
42 70
42 71
42 73
42 74
42 76
42 78
42 80
42 82
42 87
42 88
42 90
42 91
42 94
42 96
42 97
42 98
42 99
42 101
42 102
42 103
42 104
42 106
42 107
42 110
42 112
42 115
42 117
42 120
42 122
42 123
42 124
42 125
42 126
42 128
42 129
42 130
42 131
42 138
42 140
42 145
43 1
43 5
43 7
43 10
43 11
43 15
43 16
43 17
43 18
43 20
43 21
43 23
43 26
43 28
43 30
43 33
43 34
43 35
43 38
43 39
43 43
43 44
43 45
43 46
43 47
43 48
43 50
43 51
43 52
43 53
43 55
43 56
43 57
43 58
43 59
43 61
43 64
43 67
43 70
43 71
43 73
43 74
43 76
43 77
43 80
43 84
43 86
43 88
43 92
43 96
43 98
43 99
43 100
43 103
43 105
43 107
43 110
43 111
43 114
43 117
43 118
43 119
43 120
43 121
43 123
43 126
43 127
43 128
43 129
43 136
43 138
43 139
43 147
43 148
43 149
44 0
44 2
44 5
44 6
44 9
44 11
44 12
44 14
44 17
44 19
44 22
44 23
44 25
44 26
44 27
44 28
44 30
44 31
44 35
44 39
44 43
44 45
44 47
44 49
44 50
44 51
44 53
44 54
44 56
44 57
44 58
44 59
44 60
44 61
44 62
44 63
44 65
44 66
44 67
44 73
44 75
44 76
44 78
44 80
44 86
44 87
44 88
44 90
44 91
44 93
44 96
44 98
44 99
44 101
44 103
44 106
44 107
44 110
44 111
44 112
44 114
44 116
44 117
44 120
44 124
44 125
44 127
44 128
44 130
44 132
44 134
44 138
44 139
44 140
44 141
44 145
44 146
44 147
44 148
45 0
45 3
45 4
45 7
45 14
45 15
45 17
45 21
45 22
45 25
45 27
45 32
45 34
45 35
45 37
45 40
45 44
45 45
45 46
45 47
45 48
45 49
45 50
45 56
45 58
45 59
45 63
45 64
45 65
45 67
45 68
45 69
45 70
45 71
45 73
45 74
45 76
45 77
45 83
45 87
45 88
45 93
45 101
45 102
45 105
45 108
45 109
45 112
45 115
45 116
45 117
45 118
45 122
45 125
45 127
45 132
45 134
45 135
45 136
45 138
45 140
45 142
45 143
45 145
45 146
45 149
46 0
46 7
46 8
46 9
46 13
46 15
46 17
46 21
46 24
46 25
46 26
46 27
46 28
46 30
46 31
46 33
46 34
46 35
46 37
46 39
46 41
46 42
46 46
46 47
46 49
46 50
46 55
46 56
46 57
46 59
46 63
46 64
46 68
46 70
46 71
46 74
46 75
46 78
46 86
46 87
46 90
46 91
46 92
46 94
46 95
46 98
46 99
46 103
46 107
46 109
46 111
46 113
46 116
46 118
46 119
46 121
46 122
46 124
46 129
46 133
46 135
46 140
46 142
46 146
46 148
46 149
47 4
47 8
47 10
47 14
47 15
47 16
47 18
47 19
47 20
47 22
47 24
47 25
47 26
47 27
47 28
47 29
47 31
47 32
47 33
47 35
47 36
47 37
47 38
47 39
47 41
47 42
47 43
47 46
47 47
47 48
47 52
47 53
47 54
47 55
47 57
47 58
47 59
47 61
47 64
47 68
47 69
47 70
47 72
47 74
47 77
47 79
47 80
47 82
47 83
47 85
47 86
47 87
47 88
47 89
47 92
47 93
47 94
47 96
47 97
47 100
47 101
47 103
47 105
47 106
47 108
47 109
47 110
47 114
47 116
47 118
47 120
47 121
47 122
47 124
47 125
47 130
47 133
47 134
47 136
47 140
47 143
47 148
47 149
48 1
48 2
48 3
48 4
48 8
48 9
48 12
48 16
48 19
48 20
48 23
48 24
48 26
48 27
48 29
48 31
48 32
48 38
48 41
48 42
48 43
48 44
48 46
48 58
48 59
48 63
48 66
48 67
48 68
48 72
48 73
48 76
48 78
48 82
48 86
48 87
48 89
48 90
48 92
48 93
48 94
48 96
48 97
48 98
48 99
48 100
48 101
48 102
48 104
48 105
48 106
48 108
48 109
48 113
48 114
48 116
48 119
48 120
48 121
48 125
48 129
48 131
48 133
48 134
48 136
48 138
48 140
48 144
48 146
48 148
48 149
49 0
49 1
49 2
49 3
49 6
49 8
49 9
49 19
49 21
49 23
49 24
49 27
49 28
49 29
49 31
49 32
49 36
49 37
49 42
49 43
49 44
49 47
49 48
49 50
49 51
49 53
49 55
49 57
49 58
49 61
49 62
49 63
49 65
49 68
49 70
49 75
49 76
49 77
49 78
49 79
49 80
49 81
49 85
49 87
49 90
49 92
49 97
49 98
49 99
49 100
49 101
49 102
49 103
49 108
49 110
49 111
49 113
49 114
49 116
49 117
49 118
49 120
49 122
49 125
49 126
49 127
49 129
49 130
49 134
49 135
49 136
49 139
49 140
49 143
49 145
49 149
50 0
50 1
50 4
50 5
50 6
50 10
50 17
50 19
50 20
50 26
50 27
50 29
50 38
50 40
50 41
50 43
50 44
50 48
50 49
50 52
50 54
50 56
50 57
50 58
50 59
50 62
50 67
50 69
50 73
50 78
50 82
50 84
50 86
50 87
50 88
50 89
50 90
50 92
50 93
50 94
50 96
50 97
50 99
50 100
50 105
50 106
50 107
50 108
50 111
50 113
50 114
50 119
50 123
50 126
50 127
50 128
50 129
50 133
50 137
50 139
50 145
50 146
50 148
51 0
51 3
51 5
51 8
51 9
51 15
51 17
51 19
51 20
51 23
51 29
51 30
51 31
51 32
51 33
51 34
51 37
51 40
51 41
51 42
51 43
51 47
51 48
51 50
51 53
51 54
51 55
51 57
51 58
51 60
51 62
51 63
51 65
51 66
51 69
51 74
51 76
51 77
51 78
51 79
51 80
51 82
51 85
51 87
51 90
51 92
51 95
51 96
51 98
51 99
51 104
51 107
51 108
51 109
51 112
51 115
51 117
51 119
51 121
51 122
51 123
51 124
51 125
51 129
51 130
51 131
51 133
51 135
51 141
51 142
51 144
51 145
51 146
51 149
52 3
52 5
52 6
52 7
52 8
52 9
52 11
52 15
52 25
52 28
52 31
52 32
52 34
52 37
52 41
52 44
52 45
52 46
52 47
52 48
52 50
52 51
52 52
52 55
52 57
52 59
52 60
52 61
52 63
52 66
52 70
52 71
52 72
52 74
52 76
52 77
52 79
52 80
52 81
52 82
52 83
52 84
52 85
52 86
52 87
52 88
52 89
52 90
52 92
52 93
52 95
52 96
52 97
52 99
52 100
52 102
52 105
52 106
52 109
52 116
52 120
52 122
52 123
52 126
52 131
52 132
52 133
52 134
52 136
52 137
52 138
52 139
52 141
52 142
52 143
52 144
52 145
52 146
52 148
53 0
53 5
53 6
53 14
53 16
53 18
53 19
53 20
53 21
53 25
53 27
53 30
53 33
53 34
53 37
53 40
53 42
53 43
53 44
53 46
53 47
53 48
53 51
53 52
53 54
53 55
53 56
53 57
53 60
53 61
53 62
53 63
53 64
53 69
53 70
53 71
53 74
53 75
53 77
53 78
53 82
53 83
53 85
53 87
53 90
53 91
53 93
53 94
53 99
53 100
53 102
53 105
53 108
53 111
53 113
53 114
53 115
53 116
53 117
53 118
53 121
53 122
53 123
53 124
53 126
53 127
53 131
53 134
53 137
53 140
53 141
53 144
53 147
53 149
54 0
54 1
54 3
54 4
54 6
54 10
54 13
54 14
54 15
54 17
54 18
54 19
54 20
54 22
54 24
54 25
54 27
54 28
54 29
54 30
54 31
54 32
54 37
54 40
54 41
54 43
54 45
54 46
54 59
54 61
54 62
54 63
54 65
54 71
54 74
54 77
54 78
54 80
54 81
54 82
54 83
54 87
54 88
54 90
54 91
54 92
54 93
54 94
54 97
54 98
54 99
54 102
54 103
54 105
54 106
54 108
54 109
54 111
54 112
54 113
54 114
54 115
54 120
54 121
54 122
54 124
54 125
54 127
54 128
54 130
54 131
54 132
54 134
54 135
54 136
54 140
54 141
54 143
54 146
54 147
54 148
55 0
55 5
55 9
55 12
55 14
55 15
55 20
55 21
55 22
55 23
55 26
55 27
55 32
55 36
55 38
55 39
55 40
55 42
55 46
55 47
55 50
55 51
55 53
55 54
55 55
55 63
55 64
55 65
55 66
55 67
55 69
55 70
55 71
55 73
55 76
55 77
55 80
55 81
55 82
55 83
55 87
55 89
55 91
55 95
55 97
55 99
55 102
55 103
55 110
55 112
55 114
55 117
55 120
55 125
55 132
55 134
55 135
55 136
55 137
55 138
55 142
55 143
55 144
55 145
55 148
56 0
56 9
56 10
56 11
56 15
56 18
56 20
56 21
56 25
56 26
56 31
56 33
56 35
56 37
56 39
56 40
56 42
56 44
56 46
56 47
56 48
56 51
56 53
56 56
56 57
56 59
56 61
56 63
56 64
56 65
56 66
56 67
56 68
56 69
56 72
56 75
56 76
56 80
56 84
56 85
56 87
56 89
56 90
56 94
56 98
56 99
56 101
56 102
56 104
56 105
56 107
56 108
56 115
56 120
56 121
56 122
56 125
56 127
56 128
56 130
56 131
56 132
56 133
56 134
56 136
56 137
56 138
56 139
56 142
56 144
56 149
57 0
57 3
57 5
57 8
57 9
57 10
57 13
57 18
57 20
57 22
57 23
57 26
57 27
57 28
57 29
57 30
57 33
57 35
57 37
57 41
57 45
57 46
57 49
57 52
57 54
57 55
57 56
57 57
57 61
57 62
57 63
57 64
57 65
57 67
57 70
57 71
57 72
57 76
57 77
57 83
57 88
57 90
57 91
57 93
57 94
57 95
57 97
57 101
57 103
57 105
57 106
57 109
57 110
57 114
57 115
57 116
57 119
57 120
57 122
57 123
57 124
57 125
57 126
57 130
57 133
57 134
57 138
57 139
57 140
57 143
57 146
57 148
58 0
58 1
58 5
58 6
58 7
58 8
58 11
58 12
58 14
58 17
58 18
58 19
58 21
58 23
58 26
58 27
58 28
58 29
58 31
58 33
58 36
58 38
58 39
58 40
58 41
58 46
58 47
58 49
58 51
58 53
58 55
58 59
58 60
58 61
58 62
58 63
58 64
58 66
58 70
58 72
58 73
58 74
58 75
58 77
58 78
58 80
58 81
58 82
58 85
58 87
58 89
58 90
58 91
58 94
58 95
58 96
58 97
58 98
58 102
58 103
58 104
58 105
58 108
58 110
58 114
58 116
58 117
58 118
58 119
58 121
58 123
58 124
58 126
58 127
58 128
58 129
58 130
58 131
58 137
58 141
58 142
58 145
58 146
58 147
58 149
59 0
59 4
59 5
59 6
59 7
59 9
59 12
59 14
59 15
59 18
59 19
59 20
59 21
59 22
59 23
59 25
59 26
59 27
59 28
59 29
59 30
59 32
59 33
59 36
59 43
59 45
59 46
59 49
59 53
59 55
59 57
59 59
59 61
59 62
59 64
59 66
59 69
59 70
59 72
59 74
59 76
59 79
59 80
59 81
59 83
59 84
59 87
59 88
59 89
59 91
59 96
59 99
59 100
59 104
59 111
59 113
59 115
59 116
59 123
59 124
59 125
59 127
59 129
59 130
59 131
59 132
59 133
59 135
59 136
59 140
59 141
59 143
59 146
59 147
59 148
59 149
60 0
60 1
60 2
60 3
60 4
60 5
60 6
60 8
60 10
60 12
60 14
60 15
60 16
60 17
60 18
60 22
60 27
60 28
60 30
60 31
60 33
60 34
60 37
60 38
60 39
60 40
60 42
60 43
60 47
60 54
60 56
60 57
60 59
60 62
60 63
60 65
60 67
60 70
60 74
60 76
60 80
60 82
60 83
60 86
60 88
60 89
60 91
60 92
60 97
60 98
60 105
60 106
60 109
60 111
60 112
60 114
60 115
60 116
60 117
60 118
60 121
60 124
60 125
60 128
60 132
60 133
60 134
60 135
60 137
60 138
60 139
60 140
60 141
60 143
60 146
61 0
61 1
61 2
61 7
61 9
61 12
61 13
61 15
61 17
61 18
61 20
61 21
61 26
61 27
61 28
61 30
61 31
61 32
61 34
61 36
61 39
61 41
61 43
61 44
61 47
61 48
61 50
61 52
61 55
61 57
61 58
61 60
61 61
61 62
61 64
61 67
61 70
61 72
61 74
61 77
61 78
61 81
61 82
61 83
61 84
61 85
61 86
61 90
61 92
61 97
61 98
61 103
61 105
61 106
61 108
61 109
61 111
61 112
61 113
61 114
61 115
61 118
61 119
61 123
61 124
61 126
61 128
61 130
61 135
61 136
61 137
61 138
61 139
61 141
61 145
61 149
62 0
62 3
62 9
62 10
62 15
62 17
62 24
62 25
62 27
62 31
62 32
62 33
62 35
62 37
62 39
62 40
62 41
62 44
62 45
62 46
62 47
62 48
62 51
62 53
62 54
62 55
62 56
62 57
62 60
62 61
62 62
62 64
62 67
62 69
62 70
62 71
62 78
62 79
62 82
62 83
62 85
62 87
62 88
62 90
62 91
62 92
62 95
62 96
62 97
62 99
62 100
62 101
62 102
62 103
62 106
62 108
62 110
62 111
62 112
62 114
62 115
62 118
62 121
62 124
62 125
62 126
62 133
62 134
62 136
62 137
62 143
62 145
62 149
63 0
63 2
63 3
63 5
63 6
63 7
63 8
63 11
63 14
63 15
63 18
63 20
63 21
63 27
63 28
63 30
63 33
63 36
63 37
63 41
63 42
63 44
63 45
63 46
63 48
63 52
63 55
63 58
63 60
63 61
63 62
63 63
63 67
63 68
63 70
63 72
63 75
63 79
63 80
63 81
63 82
63 83
63 87
63 88
63 90
63 92
63 93
63 94
63 96
63 99
63 100
63 102
63 107
63 108
63 111
63 112
63 113
63 117
63 120
63 123
63 125
63 128
63 130
63 131
63 132
63 135
63 136
63 137
63 138
63 139
63 140
63 144
63 147
63 148
63 149
64 0
64 1
64 2
64 3
64 7
64 9
64 10
64 11
64 12
64 14
64 17
64 18
64 19
64 20
64 21
64 23
64 24
64 25
64 26
64 27
64 30
64 31
64 36
64 37
64 38
64 39
64 41
64 42
64 43
64 48
64 56
64 59
64 62
64 63
64 65
64 66
64 68
64 69
64 72
64 73
64 74
64 75
64 76
64 78
64 79
64 80
64 81
64 84
64 85
64 87
64 88
64 89
64 91
64 92
64 94
64 95
64 97
64 100
64 102
64 103
64 104
64 106
64 107
64 108
64 109
64 112
64 113
64 116
64 117
64 118
64 119
64 122
64 123
64 124
64 126
64 129
64 131
64 132
64 133
64 134
64 136
64 137
64 139
64 144
64 147
64 148
65 1
65 6
65 8
65 12
65 13
65 19
65 20
65 24
65 28
65 29
65 32
65 33
65 36
65 37
65 38
65 39
65 44
65 45
65 47
65 50
65 51
65 53
65 56
65 57
65 58
65 59
65 60
65 62
65 63
65 66
65 67
65 68
65 73
65 75
65 76
65 77
65 78
65 82
65 84
65 86
65 87
65 91
65 92
65 93
65 94
65 95
65 96
65 97
65 98
65 99
65 103
65 107
65 109
65 111
65 112
65 115
65 116
65 117
65 124
65 125
65 126
65 127
65 128
65 129
65 133
65 134
65 139
65 140
65 141
65 144
65 147
65 149
66 0
66 1
66 2
66 3
66 5
66 9
66 13
66 14
66 15
66 16
66 17
66 21
66 22
66 23
66 25
66 27
66 28
66 33
66 35
66 37
66 40
66 44
66 47
66 48
66 52
66 55
66 56
66 59
66 60
66 64
66 67
66 68
66 69
66 70
66 73
66 76
66 77
66 79
66 80
66 83
66 84
66 85
66 86
66 88
66 89
66 92
66 93
66 99
66 101
66 103
66 104
66 105
66 107
66 109
66 110
66 113
66 119
66 123
66 125
66 126
66 128
66 132
66 133
66 134
66 136
66 137
66 139
66 141
66 142
66 143
66 146
66 147
67 4
67 5
67 6
67 7
67 8
67 9
67 10
67 12
67 13
67 16
67 18
67 20
67 21
67 22
67 26
67 27
67 30
67 32
67 33
67 34
67 35
67 36
67 39
67 40
67 45
67 46
67 48
67 52
67 53
67 59
67 62
67 67
67 68
67 69
67 74
67 78
67 79
67 80
67 81
67 83
67 85
67 88
67 89
67 90
67 93
67 95
67 97
67 99
67 107
67 108
67 110
67 111
67 113
67 114
67 118
67 121
67 127
67 128
67 129
67 131
67 132
67 134
67 136
67 137
67 139
67 143
67 144
67 145
67 148
67 149
68 5
68 6
68 7
68 8
68 10
68 11
68 12
68 18
68 22
68 23
68 24
68 25
68 26
68 27
68 28
68 30
68 34
68 36
68 37
68 41
68 43
68 44
68 45
68 47
68 50
68 51
68 52
68 53
68 54
68 55
68 56
68 59
68 60
68 63
68 66
68 67
68 68
68 70
68 71
68 74
68 76
68 79
68 80
68 82
68 85
68 87
68 90
68 91
68 92
68 95
68 96
68 101
68 102
68 104
68 107
68 108
68 112
68 113
68 115
68 124
68 125
68 126
68 127
68 128
68 129
68 131
68 135
68 139
68 140
68 142
68 143
68 146
68 147
68 149
69 0
69 3
69 5
69 7
69 8
69 10
69 11
69 16
69 17
69 20
69 24
69 25
69 31
69 32
69 33
69 34
69 35
69 36
69 37
69 40
69 43
69 44
69 45
69 46
69 47
69 50
69 52
69 53
69 54
69 56
69 59
69 60
69 61
69 62
69 64
69 65
69 67
69 69
69 70
69 71
69 72
69 75
69 79
69 80
69 82
69 84
69 87
69 88
69 89
69 90
69 93
69 94
69 95
69 98
69 99
69 101
69 102
69 107
69 108
69 110
69 111
69 112
69 114
69 115
69 116
69 117
69 118
69 122
69 123
69 124
69 125
69 126
69 131
69 136
69 137
69 138
69 141
69 143
69 145
69 147
70 0
70 1
70 6
70 8
70 9
70 12
70 13
70 15
70 16
70 19
70 23
70 25
70 26
70 29
70 31
70 35
70 36
70 38
70 43
70 44
70 45
70 47
70 49
70 50
70 51
70 52
70 56
70 57
70 61
70 65
70 66
70 68
70 70
70 71
70 76
70 79
70 81
70 82
70 83
70 84
70 88
70 90
70 91
70 92
70 95
70 97
70 98
70 101
70 103
70 105
70 106
70 108
70 109
70 110
70 111
70 115
70 117
70 119
70 120
70 126
70 127
70 128
70 129
70 131
70 135
70 137
70 138
70 140
70 146
70 148
71 0
71 2
71 5
71 6
71 9
71 11
71 15
71 17
71 18
71 20
71 21
71 23
71 24
71 27
71 29
71 31
71 32
71 37
71 38
71 39
71 41
71 42
71 43
71 45
71 46
71 47
71 49
71 52
71 53
71 55
71 59
71 60
71 62
71 63
71 65
71 66
71 67
71 68
71 69
71 72
71 74
71 76
71 77
71 78
71 80
71 81
71 84
71 85
71 86
71 87
71 96
71 98
71 99
71 100
71 101
71 102
71 103
71 110
71 112
71 114
71 118
71 124
71 126
71 127
71 129
71 131
71 132
71 135
71 136
71 140
71 142
71 143
71 145
71 148
71 149
72 2
72 4
72 5
72 6
72 8
72 13
72 15
72 21
72 23
72 24
72 25
72 27
72 28
72 29
72 30
72 35
72 40
72 45
72 47
72 49
72 54
72 56
72 59
72 62
72 69
72 70
72 71
72 72
72 74
72 76
72 78
72 79
72 80
72 87
72 88
72 91
72 92
72 93
72 98
72 101
72 105
72 111
72 113
72 114
72 115
72 118
72 121
72 123
72 126
72 128
72 129
72 132
72 136
72 137
72 140
72 142
72 143
72 147
72 149
73 0
73 1
73 2
73 3
73 4
73 6
73 8
73 9
73 10
73 13
73 14
73 15
73 17
73 19
73 21
73 23
73 27
73 28
73 29
73 30
73 31
73 32
73 33
73 34
73 40
73 42
73 43
73 45
73 47
73 48
73 51
73 52
73 55
73 57
73 60
73 61
73 64
73 66
73 67
73 68
73 69
73 70
73 72
73 73
73 74
73 77
73 79
73 82
73 84
73 87
73 88
73 89
73 91
73 92
73 95
73 96
73 103
73 104
73 106
73 107
73 111
73 112
73 113
73 114
73 115
73 116
73 119
73 122
73 123
73 126
73 128
73 130
73 131
73 132
73 136
73 137
73 138
73 140
73 144
73 145
73 146
73 148
74 0
74 2
74 3
74 9
74 10
74 13
74 18
74 21
74 23
74 25
74 26
74 27
74 28
74 29
74 33
74 34
74 35
74 37
74 39
74 40
74 41
74 44
74 45
74 48
74 49
74 50
74 51
74 52
74 53
74 55
74 56
74 60
74 61
74 63
74 64
74 66
74 72
74 73
74 74
74 76
74 78
74 81
74 84
74 85
74 88
74 89
74 90
74 95
74 97
74 100
74 102
74 103
74 104
74 105
74 107
74 108
74 109
74 115
74 117
74 120
74 121
74 123
74 125
74 127
74 131
74 132
74 134
74 135
74 139
74 140
74 141
74 142
74 143
74 147
74 148
74 149
75 1
75 10
75 13
75 14
75 16
75 19
75 20
75 21
75 22
75 23
75 26
75 27
75 33
75 34
75 35
75 36
75 37
75 40
75 41
75 42
75 44
75 47
75 50
75 51
75 53
75 54
75 55
75 56
75 57
75 58
75 59
75 61
75 63
75 64
75 72
75 73
75 74
75 75
75 77
75 78
75 79
75 80
75 84
75 86
75 93
75 94
75 96
75 98
75 99
75 100
75 101
75 102
75 104
75 107
75 108
75 111
75 115
75 116
75 120
75 122
75 125
75 126
75 127
75 128
75 129
75 131
75 134
75 135
75 136
75 137
75 138
75 139
75 140
75 141
75 142
75 144
75 145
75 146
75 147
76 0
76 2
76 5
76 7
76 9
76 17
76 18
76 19
76 21
76 22
76 23
76 25
76 30
76 35
76 44
76 45
76 47
76 48
76 49
76 51
76 56
76 59
76 60
76 62
76 64
76 66
76 69
76 71
76 73
76 74
76 75
76 76
76 77
76 78
76 79
76 82
76 85
76 87
76 91
76 92
76 93
76 95
76 96
76 97
76 99
76 102
76 103
76 104
76 105
76 107
76 110
76 111
76 113
76 114
76 121
76 122
76 123
76 130
76 132
76 133
76 135
76 137
76 144
76 146
76 148
77 0
77 2
77 3
77 6
77 7
77 11
77 12
77 16
77 18
77 20
77 22
77 24
77 27
77 28
77 29
77 30
77 31
77 32
77 33
77 35
77 36
77 38
77 40
77 45
77 46
77 47
77 49
77 50
77 51
77 52
77 55
77 57
77 59
77 60
77 61
77 63
77 64
77 65
77 71
77 76
77 77
77 79
77 82
77 85
77 87
77 88
77 89
77 91
77 92
77 93
77 96
77 97
77 98
77 99
77 100
77 101
77 106
77 109
77 110
77 111
77 113
77 116
77 117
77 121
77 124
77 125
77 127
77 128
77 130
77 131
77 132
77 135
77 143
77 144
77 146
77 147
77 148
78 1
78 2
78 3
78 5
78 7
78 8
78 11
78 13
78 14
78 18
78 24
78 28
78 30
78 34
78 36
78 37
78 38
78 40
78 42
78 45
78 48
78 49
78 52
78 53
78 59
78 60
78 63
78 66
78 67
78 69
78 70
78 71
78 73
78 74
78 77
78 78
78 79
78 81
78 82
78 83
78 84
78 85
78 86
78 89
78 90
78 93
78 94
78 97
78 99
78 100
78 101
78 102
78 104
78 106
78 107
78 108
78 109
78 110
78 113
78 114
78 115
78 117
78 122
78 124
78 125
78 127
78 132
78 133
78 136
78 137
78 140
78 143
78 146
78 148
79 1
79 2
79 7
79 9
79 13
79 15
79 19
79 21
79 22
79 23
79 24
79 25
79 28
79 29
79 33
79 34
79 35
79 36
79 37
79 39
79 42
79 45
79 48
79 53
79 54
79 55
79 57
79 59
79 63
79 65
79 66
79 67
79 68
79 69
79 70
79 73
79 74
79 75
79 81
79 82
79 84
79 86
79 87
79 89
79 91
79 94
79 95
79 101
79 103
79 104
79 106
79 107
79 109
79 110
79 111
79 112
79 114
79 115
79 117
79 118
79 120
79 121
79 124
79 125
79 126
79 127
79 128
79 131
79 133
79 134
79 135
79 136
79 138
79 140
79 141
79 142
79 143
79 145
79 146
79 147
79 148
79 149
80 0
80 2
80 6
80 9
80 11
80 13
80 14
80 15
80 17
80 18
80 19
80 20
80 21
80 22
80 23
80 24
80 25
80 29
80 32
80 36
80 37
80 40
80 43
80 52
80 53
80 54
80 55
80 57
80 58
80 59
80 61
80 66
80 67
80 70
80 71
80 72
80 73
80 75
80 76
80 82
80 83
80 84
80 85
80 86
80 90
80 91
80 92
80 93
80 95
80 102
80 103
80 108
80 109
80 110
80 111
80 112
80 113
80 114
80 116
80 117
80 118
80 123
80 124
80 126
80 128
80 129
80 130
80 135
80 137
80 138
80 139
80 140
80 143
80 144
80 146
80 147
81 0
81 2
81 6
81 7
81 9
81 11
81 15
81 16
81 17
81 18
81 22
81 23
81 27
81 36
81 37
81 38
81 40
81 42
81 46
81 48
81 50
81 51
81 52
81 57
81 59
81 61
81 63
81 64
81 65
81 68
81 70
81 72
81 76
81 77
81 78
81 79
81 80
81 81
81 85
81 87
81 88
81 89
81 90
81 91
81 92
81 94
81 95
81 96
81 97
81 98
81 103
81 107
81 109
81 112
81 113
81 117
81 118
81 123
81 124
81 125
81 126
81 127
81 128
81 129
81 130
81 133
81 138
81 139
81 140
81 144
81 146
81 147
82 1
82 2
82 9
82 10
82 11
82 12
82 22
82 23
82 30
82 31
82 32
82 40
82 44
82 46
82 47
82 48
82 54
82 56
82 57
82 59
82 61
82 62
82 63
82 65
82 66
82 67
82 72
82 73
82 74
82 77
82 78
82 80
82 82
82 86
82 88
82 89
82 90
82 91
82 92
82 95
82 97
82 101
82 105
82 106
82 107
82 109
82 113
82 115
82 117
82 118
82 119
82 120
82 121
82 122
82 123
82 124
82 131
82 132
82 133
82 135
82 136
82 138
82 139
82 140
82 142
82 144
82 146
82 148
82 149
83 0
83 2
83 4
83 5
83 7
83 9
83 10
83 11
83 12
83 13
83 14
83 15
83 16
83 17
83 19
83 22
83 23
83 24
83 25
83 26
83 28
83 29
83 34
83 36
83 37
83 41
83 46
83 49
83 51
83 52
83 53
83 57
83 59
83 61
83 62
83 63
83 64
83 66
83 67
83 69
83 71
83 73
83 74
83 78
83 79
83 81
83 84
83 87
83 88
83 89
83 90
83 94
83 95
83 96
83 98
83 101
83 106
83 107
83 111
83 112
83 117
83 119
83 120
83 123
83 124
83 125
83 128
83 131
83 132
83 133
83 134
83 136
83 137
83 138
83 143
83 144
83 146
83 148
84 0
84 4
84 7
84 9
84 10
84 12
84 13
84 15
84 17
84 18
84 19
84 22
84 24
84 27
84 28
84 29
84 30
84 32
84 33
84 36
84 39
84 40
84 41
84 44
84 46
84 47
84 48
84 51
84 52
84 54
84 57
84 58
84 59
84 61
84 64
84 65
84 67
84 69
84 70
84 72
84 73
84 74
84 76
84 82
84 83
84 84
84 86
84 93
84 96
84 97
84 98
84 102
84 103
84 107
84 110
84 112
84 117
84 119
84 120
84 121
84 122
84 125
84 126
84 128
84 131
84 132
84 133
84 136
84 137
84 138
84 140
84 144
84 145
84 149
85 1
85 4
85 5
85 7
85 9
85 12
85 13
85 15
85 16
85 18
85 25
85 27
85 28
85 29
85 32
85 34
85 41
85 45
85 51
85 52
85 55
85 58
85 59
85 61
85 62
85 63
85 68
85 69
85 70
85 72
85 73
85 74
85 75
85 76
85 77
85 79
85 80
85 81
85 82
85 85
85 91
85 92
85 94
85 95
85 98
85 101
85 107
85 108
85 114
85 116
85 117
85 119
85 120
85 123
85 126
85 127
85 129
85 130
85 131
85 132
85 135
85 137
85 138
85 139
85 141
85 142
85 143
85 145
85 147
86 2
86 4
86 6
86 7
86 8
86 10
86 11
86 12
86 16
86 17
86 19
86 26
86 27
86 32
86 34
86 36
86 37
86 39
86 42
86 47
86 52
86 53
86 58
86 59
86 60
86 71
86 72
86 74
86 75
86 79
86 81
86 82
86 83
86 85
86 86
86 87
86 88
86 89
86 90
86 91
86 92
86 95
86 98
86 101
86 104
86 106
86 108
86 113
86 114
86 117
86 119
86 121
86 122
86 125
86 128
86 129
86 132
86 134
86 137
86 138
86 145
86 149
87 0
87 2
87 3
87 4
87 7
87 10
87 11
87 12
87 13
87 15
87 17
87 19
87 23
87 26
87 27
87 28
87 30
87 31
87 32
87 33
87 34
87 36
87 37
87 40
87 42
87 45
87 46
87 47
87 49
87 50
87 51
87 55
87 59
87 61
87 62
87 63
87 65
87 66
87 69
87 71
87 74
87 76
87 77
87 78
87 81
87 82
87 83
87 84
87 87
87 88
87 91
87 93
87 94
87 95
87 96
87 97
87 98
87 100
87 103
87 104
87 107
87 109
87 111
87 112
87 115
87 116
87 118
87 119
87 121
87 122
87 123
87 125
87 126
87 130
87 134
87 136
87 137
87 138
87 139
87 140
87 142
87 143
87 145
87 146
88 2
88 4
88 5
88 7
88 8
88 9
88 10
88 11
88 12
88 13
88 16
88 17
88 18
88 19
88 21
88 23
88 24
88 25
88 28
88 32
88 33
88 35
88 36
88 37
88 38
88 43
88 45
88 46
88 48
88 50
88 51
88 54
88 56
88 57
88 60
88 62
88 65
88 66
88 69
88 70
88 71
88 75
88 76
88 78
88 80
88 82
88 83
88 85
88 88
88 91
88 92
88 93
88 94
88 95
88 99
88 100
88 101
88 103
88 106
88 108
88 109
88 110
88 112
88 113
88 115
88 118
88 119
88 120
88 127
88 132
88 134
88 135
88 136
88 139
88 145
88 146
89 0
89 1
89 4
89 6
89 7
89 9
89 11
89 13
89 14
89 15
89 16
89 17
89 19
89 27
89 29
89 30
89 31
89 33
89 34
89 35
89 39
89 40
89 41
89 42
89 43
89 50
89 51
89 52
89 53
89 54
89 56
89 57
89 58
89 60
89 61
89 62
89 65
89 66
89 67
89 68
89 71
89 75
89 77
89 79
89 80
89 81
89 82
89 83
89 89
89 91
89 94
89 97
89 98
89 101
89 102
89 108
89 110
89 111
89 113
89 114
89 115
89 116
89 117
89 118
89 120
89 122
89 125
89 126
89 127
89 128
89 130
89 131
89 133
89 135
89 138
89 142
89 144
89 145
89 146
89 149
90 2
90 3
90 4
90 6
90 10
90 11
90 12
90 13
90 14
90 16
90 20
90 26
90 27
90 30
90 32
90 33
90 34
90 35
90 37
90 39
90 40
90 43
90 44
90 45
90 46
90 49
90 51
90 52
90 53
90 55
90 56
90 57
90 60
90 65
90 67
90 68
90 69
90 73
90 77
90 81
90 82
90 83
90 84
90 85
90 87
90 90
90 91
90 93
90 94
90 98
90 102
90 104
90 105
90 106
90 108
90 109
90 112
90 113
90 115
90 116
90 118
90 119
90 120
90 121
90 123
90 124
90 131
90 133
90 134
90 135
90 139
90 140
90 141
90 144
90 145
90 146
90 147
90 148
91 0
91 3
91 4
91 7
91 9
91 10
91 12
91 14
91 16
91 18
91 22
91 25
91 27
91 30
91 32
91 34
91 35
91 37
91 39
91 40
91 41
91 42
91 44
91 45
91 51
91 56
91 57
91 61
91 64
91 65
91 67
91 71
91 72
91 74
91 76
91 77
91 78
91 83
91 84
91 85
91 86
91 87
91 90
91 93
91 96
91 98
91 99
91 100
91 105
91 107
91 108
91 110
91 114
91 122
91 125
91 127
91 128
91 129
91 130
91 132
91 133
91 139
91 140
91 144
91 145
91 146
91 147
92 1
92 3
92 4
92 6
92 8
92 10
92 11
92 12
92 15
92 17
92 18
92 19
92 20
92 22
92 23
92 24
92 27
92 28
92 30
92 32
92 35
92 40
92 45
92 46
92 49
92 50
92 52
92 54
92 60
92 61
92 63
92 64
92 66
92 68
92 70
92 73
92 75
92 77
92 81
92 84
92 85
92 88
92 89
92 91
92 92
92 93
92 94
92 95
92 96
92 97
92 98
92 99
92 101
92 102
92 104
92 105
92 108
92 109
92 111
92 114
92 115
92 116
92 119
92 123
92 127
92 128
92 129
92 131
92 134
92 135
92 137
92 138
92 142
92 148
92 149
93 0
93 1
93 3
93 6
93 7
93 9
93 10
93 13
93 18
93 21
93 23
93 25
93 28
93 32
93 35
93 36
93 38
93 39
93 40
93 42
93 45
93 47
93 50
93 53
93 54
93 58
93 59
93 60
93 62
93 63
93 64
93 67
93 69
93 70
93 71
93 73
93 78
93 81
93 82
93 83
93 85
93 86
93 87
93 90
93 91
93 93
93 94
93 95
93 96
93 97
93 99
93 100
93 101
93 102
93 103
93 106
93 107
93 110
93 111
93 113
93 114
93 115
93 116
93 117
93 121
93 123
93 124
93 127
93 129
93 131
93 133
93 134
93 135
93 136
93 138
93 139
93 142
93 143
93 144
93 145
93 148
93 149
94 0
94 1
94 4
94 5
94 6
94 8
94 10
94 13
94 14
94 16
94 18
94 19
94 20
94 24
94 30
94 31
94 32
94 33
94 34
94 35
94 36
94 39
94 40
94 44
94 45
94 46
94 48
94 50
94 51
94 52
94 54
94 55
94 57
94 59
94 62
94 65
94 66
94 68
94 69
94 71
94 74
94 77
94 78
94 81
94 83
94 88
94 92
94 93
94 94
94 95
94 96
94 98
94 99
94 100
94 101
94 105
94 109
94 114
94 117
94 118
94 119
94 121
94 123
94 124
94 126
94 128
94 130
94 136
94 137
94 140
94 145
94 146
94 147
94 149
95 5
95 6
95 8
95 9
95 10
95 13
95 15
95 18
95 21
95 22
95 23
95 29
95 31
95 33
95 34
95 36
95 41
95 42
95 43
95 44
95 45
95 47
95 49
95 51
95 53
95 55
95 57
95 58
95 60
95 61
95 62
95 63
95 69
95 72
95 76
95 78
95 79
95 80
95 81
95 82
95 84
95 85
95 86
95 89
95 92
95 94
95 96
95 99
95 103
95 104
95 105
95 106
95 107
95 108
95 109
95 110
95 111
95 113
95 119
95 122
95 127
95 129
95 130
95 134
95 139
95 144
95 145
95 146
95 148
95 149
96 1
96 2
96 9
96 11
96 13
96 17
96 19
96 21
96 22
96 23
96 24
96 26
96 28
96 29
96 32
96 34
96 36
96 37
96 38
96 42
96 43
96 44
96 45
96 49
96 50
96 51
96 55
96 57
96 59
96 65
96 66
96 70
96 74
96 76
96 77
96 78
96 79
96 86
96 89
96 90
96 93
96 94
96 95
96 96
96 100
96 101
96 102
96 103
96 104
96 105
96 107
96 108
96 110
96 115
96 116
96 119
96 120
96 121
96 124
96 125
96 126
96 129
96 130
96 131
96 132
96 133
96 134
96 135
96 136
96 137
96 139
96 142
96 143
96 148
96 149
97 3
97 5
97 6
97 7
97 9
97 15
97 16
97 18
97 20
97 23
97 27
97 28
97 30
97 31
97 32
97 34
97 35
97 36
97 37
97 38
97 39
97 45
97 46
97 47
97 48
97 49
97 51
97 56
97 58
97 59
97 60
97 61
97 65
97 66
97 71
97 74
97 79
97 80
97 81
97 82
97 84
97 87
97 91
97 92
97 93
97 94
97 96
97 98
97 99
97 100
97 103
97 105
97 106
97 108
97 112
97 113
97 114
97 115
97 116
97 119
97 122
97 124
97 128
97 130
97 131
97 134
97 136
97 137
97 138
97 143
97 144
97 145
98 1
98 2
98 6
98 9
98 12
98 13
98 14
98 16
98 17
98 18
98 21
98 22
98 23
98 24
98 25
98 26
98 28
98 29
98 32
98 34
98 38
98 39
98 44
98 47
98 49
98 51
98 52
98 54
98 56
98 58
98 59
98 60
98 66
98 67
98 68
98 81
98 87
98 89
98 91
98 92
98 101
98 104
98 105
98 106
98 107
98 108
98 109
98 110
98 111
98 112
98 119
98 121
98 124
98 132
98 133
98 135
98 136
98 138
98 139
98 141
98 142
98 148
98 149
99 1
99 2
99 3
99 4
99 6
99 8
99 10
99 12
99 13
99 15
99 17
99 22
99 23
99 26
99 31
99 39
99 40
99 42
99 49
99 50
99 51
99 54
99 55
99 56
99 57
99 59
99 60
99 61
99 62
99 63
99 64
99 65
99 67
99 68
99 70
99 72
99 73
99 74
99 75
99 76
99 77
99 78
99 81
99 82
99 83
99 84
99 87
99 94
99 95
99 96
99 98
99 100
99 101
99 102
99 103
99 105
99 106
99 113
99 114
99 115
99 116
99 117
99 120
99 123
99 126
99 130
99 131
99 133
99 134
99 136
99 145
99 149
100 1
100 2
100 4
100 6
100 7
100 10
100 11
100 14
100 16
100 18
100 19
100 21
100 23
100 25
100 26
100 27
100 29
100 30
100 35
100 36
100 37
100 40
100 43
100 45
100 50
100 51
100 52
100 53
100 55
100 56
100 60
100 62
100 63
100 66
100 67
100 68
100 69
100 71
100 73
100 78
100 81
100 82
100 85
100 86
100 87
100 92
100 94
100 95
100 96
100 97
100 100
100 101
100 102
100 103
100 104
100 105
100 106
100 107
100 110
100 114
100 116
100 117
100 121
100 122
100 123
100 127
100 136
100 139
100 140
100 142
100 145
100 148
101 0
101 2
101 4
101 5
101 6
101 9
101 20
101 22
101 26
101 27
101 28
101 30
101 32
101 33
101 35
101 37
101 40
101 41
101 43
101 47
101 48
101 49
101 52
101 55
101 57
101 58
101 60
101 62
101 63
101 65
101 69
101 70
101 76
101 77
101 78
101 80
101 83
101 85
101 86
101 87
101 88
101 92
101 95
101 96
101 98
101 99
101 100
101 101
101 102
101 104
101 107
101 109
101 110
101 113
101 115
101 116
101 117
101 119
101 120
101 123
101 124
101 125
101 126
101 127
101 130
101 131
101 132
101 133
101 135
101 136
101 137
101 138
101 139
101 143
101 144
101 146
101 147
101 149
102 2
102 5
102 6
102 9
102 12
102 13
102 15
102 16
102 19
102 20
102 26
102 28
102 29
102 30
102 33
102 39
102 42
102 44
102 49
102 52
102 53
102 54
102 55
102 56
102 57
102 59
102 61
102 63
102 68
102 69
102 70
102 73
102 76
102 77
102 78
102 81
102 82
102 87
102 88
102 90
102 91
102 94
102 95
102 99
102 100
102 101
102 102
102 104
102 105
102 106
102 107
102 111
102 116
102 117
102 119
102 120
102 122
102 127
102 129
102 131
102 132
102 133
102 137
102 138
102 140
102 141
102 142
102 143
103 1
103 3
103 6
103 8
103 11
103 14
103 20
103 24
103 25
103 26
103 27
103 28
103 29
103 30
103 31
103 33
103 34
103 36
103 39
103 40
103 41
103 42
103 43
103 44
103 45
103 46
103 47
103 51
103 52
103 53
103 55
103 59
103 60
103 62
103 63
103 67
103 69
103 71
103 75
103 77
103 78
103 83
103 86
103 88
103 90
103 92
103 93
103 96
103 98
103 99
103 101
103 102
103 105
103 107
103 108
103 109
103 110
103 111
103 113
103 114
103 115
103 117
103 121
103 123
103 124
103 125
103 129
103 130
103 131
103 133
103 134
103 136
103 138
103 139
103 140
103 141
103 143
103 145
103 146
103 148
103 149
104 0
104 1
104 3
104 4
104 7
104 12
104 14
104 16
104 18
104 19
104 20
104 22
104 24
104 25
104 27
104 28
104 32
104 36
104 37
104 38
104 39
104 43
104 44
104 45
104 46
104 48
104 49
104 51
104 54
104 57
104 58
104 62
104 66
104 68
104 72
104 73
104 74
104 76
104 80
104 81
104 84
104 89
104 90
104 91
104 92
104 93
104 95
104 96
104 97
104 100
104 102
104 106
104 107
104 108
104 111
104 113
104 114
104 115
104 116
104 117
104 118
104 120
104 121
104 122
104 123
104 125
104 127
104 128
104 129
104 130
104 131
104 132
104 136
104 138
104 143
104 144
104 145
104 146
104 149
105 1
105 4
105 5
105 6
105 7
105 8
105 10
105 11
105 13
105 14
105 16
105 17
105 18
105 19
105 20
105 21
105 22
105 23
105 24
105 25
105 32
105 35
105 36
105 37
105 38
105 40
105 42
105 45
105 46
105 47
105 48
105 50
105 55
105 56
105 57
105 58
105 61
105 62
105 63
105 64
105 65
105 66
105 67
105 78
105 80
105 81
105 82
105 83
105 86
105 89
105 90
105 91
105 96
105 97
105 99
105 101
105 105
105 108
105 110
105 112
105 114
105 118
105 122
105 123
105 125
105 126
105 127
105 129
105 131
105 134
105 136
105 137
105 139
105 140
105 141
105 143
105 145
105 148
106 0
106 1
106 2
106 3
106 6
106 7
106 9
106 10
106 11
106 13
106 19
106 20
106 23
106 25
106 27
106 28
106 29
106 32
106 35
106 36
106 38
106 39
106 40
106 45
106 49
106 51
106 52
106 59
106 60
106 61
106 62
106 63
106 64
106 65
106 66
106 68
106 70
106 73
106 74
106 79
106 80
106 82
106 83
106 88
106 89
106 92
106 93
106 94
106 96
106 97
106 98
106 103
106 106
106 107
106 109
106 111
106 112
106 113
106 114
106 115
106 118
106 122
106 123
106 124
106 125
106 128
106 129
106 130
106 131
106 133
106 135
106 136
106 139
106 143
106 145
106 146
106 147
106 148
106 149
107 4
107 7
107 8
107 9
107 10
107 11
107 12
107 13
107 14
107 15
107 16
107 17
107 22
107 23
107 24
107 26
107 27
107 28
107 29
107 33
107 34
107 35
107 37
107 43
107 44
107 45
107 46
107 47
107 49
107 52
107 53
107 55
107 56
107 57
107 58
107 59
107 60
107 61
107 63
107 66
107 67
107 68
107 69
107 71
107 72
107 75
107 78
107 79
107 80
107 84
107 85
107 87
107 88
107 91
107 93
107 95
107 96
107 98
107 101
107 102
107 107
107 108
107 109
107 111
107 112
107 115
107 119
107 120
107 123
107 124
107 127
107 135
107 137
107 142
107 143
107 144
107 148
108 0
108 1
108 3
108 9
108 10
108 14
108 20
108 21
108 23
108 26
108 27
108 29
108 30
108 31
108 33
108 36
108 37
108 38
108 40
108 42
108 44
108 48
108 52
108 54
108 56
108 57
108 58
108 62
108 63
108 64
108 65
108 66
108 68
108 69
108 70
108 71
108 74
108 75
108 77
108 81
108 84
108 85
108 86
108 88
108 89
108 90
108 92
108 96
108 101
108 102
108 103
108 104
108 107
108 108
108 110
108 112
108 114
108 115
108 118
108 119
108 121
108 123
108 133
108 135
108 138
108 139
108 142
108 143
108 144
108 148
109 2
109 4
109 7
109 9
109 10
109 12
109 13
109 22
109 23
109 24
109 26
109 29
109 31
109 32
109 33
109 36
109 37
109 39
109 42
109 43
109 44
109 45
109 47
109 53
109 55
109 56
109 59
109 60
109 62
109 63
109 64
109 67
109 71
109 72
109 73
109 79
109 80
109 82
109 85
109 93
109 94
109 97
109 99
109 102
109 105
109 106
109 108
109 115
109 116
109 117
109 119
109 120
109 121
109 123
109 124
109 125
109 127
109 128
109 129
109 131
109 134
109 137
109 138
109 139
109 140
109 143
109 144
109 146
110 1
110 2
110 3
110 6
110 7
110 9
110 10
110 15
110 17
110 18
110 19
110 23
110 25
110 27
110 29
110 30
110 33
110 37
110 38
110 40
110 41
110 42
110 43
110 44
110 46
110 47
110 48
110 50
110 52
110 54
110 55
110 56
110 57
110 60
110 63
110 65
110 68
110 69
110 71
110 72
110 73
110 74
110 76
110 77
110 78
110 82
110 83
110 84
110 85
110 94
110 95
110 97
110 100
110 103
110 104
110 105
110 106
110 108
110 109
110 114
110 119
110 120
110 122
110 123
110 125
110 127
110 129
110 132
110 133
110 135
110 136
110 138
110 146
111 1
111 2
111 3
111 5
111 9
111 11
111 13
111 14
111 15
111 17
111 18
111 19
111 20
111 21
111 22
111 23
111 25
111 26
111 28
111 29
111 31
111 32
111 33
111 34
111 35
111 38
111 40
111 41
111 42
111 48
111 49
111 51
111 52
111 53
111 55
111 58
111 60
111 63
111 64
111 65
111 66
111 67
111 71
111 72
111 76
111 80
111 85
111 88
111 89
111 91
111 94
111 97
111 98
111 100
111 101
111 107
111 108
111 113
111 115
111 116
111 118
111 125
111 128
111 131
111 132
111 134
111 135
111 138
111 139
111 141
111 142
111 143
111 144
111 145
111 146
111 147
111 148
112 1
112 5
112 6
112 8
112 11
112 13
112 17
112 18
112 21
112 23
112 24
112 26
112 27
112 28
112 30
112 31
112 32
112 36
112 37
112 39
112 40
112 44
112 45
112 53
112 54
112 57
112 58
112 60
112 61
112 62
112 63
112 64
112 66
112 67
112 68
112 70
112 71
112 75
112 77
112 79
112 81
112 82
112 83
112 84
112 85
112 87
112 88
112 90
112 91
112 93
112 94
112 96
112 98
112 102
112 103
112 105
112 107
112 108
112 109
112 110
112 114
112 115
112 116
112 118
112 121
112 123
112 124
112 126
112 129
112 131
112 133
112 134
112 136
112 137
112 138
112 139
112 144
112 147
113 0
113 3
113 6
113 9
113 12
113 14
113 17
113 18
113 20
113 21
113 23
113 24
113 26
113 29
113 30
113 31
113 32
113 33
113 34
113 35
113 40
113 43
113 44
113 45
113 47
113 48
113 50
113 54
113 55
113 58
113 61
113 62
113 63
113 65
113 66
113 67
113 71
113 72
113 74
113 77
113 78
113 79
113 81
113 83
113 84
113 85
113 86
113 87
113 89
113 92
113 94
113 95
113 97
113 99
113 102
113 105
113 106
113 107
113 110
113 113
113 115
113 116
113 119
113 120
113 123
113 124
113 127
113 128
113 129
113 130
113 132
113 133
113 136
113 137
113 139
113 142
113 143
113 144
113 145
113 147
114 1
114 2
114 3
114 4
114 5
114 6
114 7
114 8
114 10
114 17
114 18
114 19
114 20
114 21
114 22
114 23
114 27
114 29
114 33
114 35
114 36
114 39
114 40
114 41
114 42
114 47
114 49
114 50
114 52
114 53
114 54
114 55
114 56
114 58
114 61
114 62
114 63
114 66
114 68
114 70
114 73
114 74
114 77
114 78
114 79
114 81
114 82
114 83
114 85
114 89
114 90
114 92
114 93
114 94
114 95
114 96
114 100
114 101
114 103
114 104
114 106
114 107
114 109
114 110
114 111
114 113
114 116
114 118
114 119
114 121
114 122
114 123
114 124
114 126
114 127
114 128
114 129
114 130
114 131
114 133
114 134
114 135
114 137
114 143
114 147
114 149
115 0
115 2
115 3
115 4
115 5
115 6
115 7
115 8
115 10
115 12
115 14
115 17
115 19
115 23
115 24
115 27
115 30
115 32
115 36
115 37
115 38
115 39
115 40
115 41
115 42
115 46
115 47
115 52
115 55
115 56
115 61
115 63
115 64
115 66
115 70
115 72
115 78
115 79
115 80
115 83
115 84
115 86
115 87
115 90
115 92
115 95
115 97
115 98
115 100
115 102
115 103
115 104
115 106
115 110
115 111
115 112
115 113
115 114
115 118
115 119
115 120
115 121
115 123
115 124
115 128
115 130
115 135
115 136
115 138
115 139
115 143
115 144
115 146
115 147
115 148
115 149
116 0
116 2
116 4
116 5
116 6
116 7
116 8
116 9
116 10
116 12
116 13
116 14
116 15
116 17
116 18
116 19
116 24
116 25
116 28
116 31
116 33
116 36
116 37
116 38
116 40
116 43
116 45
116 46
116 47
116 48
116 49
116 51
116 53
116 54
116 55
116 58
116 60
116 61
116 64
116 65
116 67
116 68
116 72
116 74
116 75
116 76
116 77
116 78
116 79
116 80
116 82
116 87
116 90
116 92
116 95
116 97
116 99
116 101
116 102
116 103
116 104
116 105
116 106
116 108
116 109
116 111
116 113
116 114
116 117
116 118
116 119
116 121
116 125
116 126
116 128
116 131
116 132
116 134
116 141
116 143
116 145
116 148
117 0
117 1
117 4
117 5
117 6
117 8
117 10
117 13
117 15
117 16
117 18
117 19
117 20
117 21
117 22
117 24
117 27
117 28
117 32
117 38
117 41
117 47
117 49
117 52
117 53
117 55
117 56
117 59
117 60
117 62
117 64
117 65
117 66
117 67
117 68
117 69
117 71
117 72
117 73
117 75
117 76
117 77
117 78
117 79
117 81
117 82
117 85
117 86
117 88
117 91
117 92
117 93
117 94
117 97
117 98
117 99
117 100
117 101
117 105
117 107
117 109
117 112
117 113
117 114
117 118
117 120
117 126
117 129
117 132
117 133
117 134
117 136
117 140
117 142
117 143
117 145
117 148
118 0
118 1
118 3
118 4
118 7
118 9
118 10
118 11
118 12
118 14
118 15
118 16
118 17
118 18
118 19
118 21
118 24
118 25
118 27
118 28
118 29
118 31
118 33
118 35
118 36
118 37
118 38
118 39
118 40
118 42
118 43
118 44
118 45
118 50
118 51
118 53
118 54
118 57
118 59
118 60
118 63
118 68
118 70
118 71
118 72
118 83
118 86
118 90
118 93
118 97
118 99
118 101
118 108
118 114
118 116
118 117
118 119
118 120
118 121
118 122
118 123
118 124
118 125
118 127
118 128
118 130
118 131
118 134
118 136
118 137
118 141
118 145
119 0
119 1
119 3
119 4
119 6
119 12
119 14
119 15
119 16
119 17
119 18
119 23
119 25
119 26
119 27
119 28
119 29
119 31
119 33
119 34
119 36
119 37
119 39
119 40
119 41
119 44
119 45
119 46
119 47
119 49
119 50
119 52
119 53
119 55
119 56
119 57
119 58
119 61
119 62
119 66
119 69
119 71
119 76
119 77
119 78
119 79
119 80
119 83
119 84
119 85
119 86
119 87
119 91
119 93
119 94
119 95
119 96
119 98
119 99
119 100
119 101
119 110
119 111
119 112
119 113
119 117
119 122
119 123
119 125
119 126
119 127
119 128
119 129
119 130
119 131
119 132
119 133
119 134
119 139
119 140
119 142
119 146
119 147
119 149
120 0
120 5
120 9
120 11
120 13
120 14
120 18
120 19
120 20
120 21
120 23
120 24
120 26
120 28
120 29
120 31
120 33
120 34
120 36
120 37
120 38
120 40
120 43
120 52
120 53
120 54
120 56
120 57
120 58
120 60
120 62
120 65
120 66
120 72
120 73
120 74
120 76
120 77
120 78
120 79
120 80
120 86
120 87
120 88
120 89
120 94
120 95
120 96
120 97
120 98
120 100
120 104
120 105
120 106
120 107
120 108
120 111
120 115
120 119
120 120
120 125
120 126
120 131
120 132
120 133
120 135
120 136
120 138
120 139
120 140
120 141
120 143
120 145
120 147
121 0
121 1
121 2
121 3
121 4
121 10
121 11
121 13
121 17
121 18
121 19
121 20
121 22
121 25
121 26
121 27
121 29
121 32
121 33
121 35
121 37
121 38
121 39
121 43
121 44
121 46
121 47
121 49
121 50
121 51
121 54
121 55
121 56
121 57
121 59
121 60
121 64
121 69
121 73
121 74
121 75
121 76
121 78
121 79
121 80
121 82
121 83
121 85
121 86
121 87
121 89
121 91
121 92
121 93
121 95
121 97
121 98
121 99
121 100
121 101
121 105
121 106
121 107
121 109
121 111
121 112
121 113
121 114
121 116
121 121
121 122
121 126
121 129
121 130
121 132
121 133
121 136
121 137
121 139
121 141
121 143
121 146
121 148
122 1
122 2
122 3
122 5
122 7
122 8
122 10
122 11
122 12
122 13
122 16
122 17
122 18
122 20
122 23
122 24
122 25
122 27
122 28
122 29
122 30
122 32
122 34
122 37
122 38
122 39
122 40
122 41
122 42
122 43
122 45
122 46
122 48
122 49
122 50
122 52
122 53
122 56
122 58
122 60
122 61
122 63
122 71
122 72
122 73
122 76
122 77
122 80
122 82
122 83
122 87
122 88
122 91
122 93
122 94
122 96
122 98
122 99
122 101
122 102
122 103
122 104
122 105
122 108
122 111
122 112
122 113
122 114
122 119
122 120
122 121
122 124
122 127
122 128
122 129
122 132
122 133
122 134
122 138
122 140
122 141
122 143
122 145
122 147
123 4
123 5
123 6
123 7
123 9
123 10
123 11
123 15
123 16
123 20
123 22
123 23
123 24
123 27
123 29
123 30
123 33
123 34
123 39
123 42
123 44
123 49
123 50
123 52
123 54
123 58
123 59
123 60
123 61
123 63
123 64
123 65
123 67
123 70
123 72
123 73
123 74
123 76
123 78
123 79
123 83
123 85
123 89
123 90
123 91
123 93
123 95
123 97
123 98
123 99
123 100
123 102
123 103
123 109
123 113
123 114
123 115
123 116
123 118
123 119
123 121
123 122
123 125
123 126
123 127
123 128
123 130
123 131
123 134
123 136
123 137
123 139
123 141
123 144
123 145
123 149
124 1
124 3
124 4
124 6
124 7
124 8
124 9
124 11
124 13
124 14
124 15
124 16
124 17
124 18
124 20
124 21
124 25
124 26
124 27
124 28
124 29
124 33
124 34
124 35
124 36
124 39
124 40
124 42
124 44
124 45
124 46
124 47
124 48
124 49
124 52
124 54
124 55
124 58
124 59
124 69
124 70
124 71
124 72
124 75
124 77
124 81
124 83
124 84
124 88
124 90
124 92
124 93
124 94
124 96
124 100
124 101
124 103
124 107
124 108
124 109
124 114
124 119
124 122
124 127
124 128
124 129
124 130
124 132
124 134
124 135
124 139
124 141
124 142
124 144
124 145
124 146
124 147
124 148
124 149
125 0
125 1
125 8
125 9
125 10
125 11
125 15
125 20
125 22
125 23
125 24
125 25
125 26
125 31
125 32
125 34
125 36
125 37
125 38
125 39
125 40
125 41
125 45
125 49
125 51
125 52
125 54
125 55
125 56
125 57
125 58
125 61
125 62
125 63
125 64
125 72
125 73
125 74
125 75
125 77
125 78
125 79
125 80
125 82
125 83
125 85
125 86
125 89
125 90
125 91
125 92
125 93
125 94
125 96
125 97
125 98
125 100
125 101
125 104
125 109
125 110
125 112
125 114
125 117
125 119
125 120
125 124
125 125
125 128
125 129
125 131
125 132
125 134
125 135
125 136
125 137
125 138
125 140
125 144
125 146
125 147
125 148
125 149
126 0
126 2
126 7
126 8
126 11
126 17
126 27
126 30
126 31
126 32
126 33
126 36
126 37
126 38
126 40
126 41
126 48
126 50
126 52
126 56
126 60
126 61
126 63
126 64
126 65
126 66
126 68
126 71
126 74
126 79
126 83
126 85
126 88
126 89
126 90
126 93
126 94
126 95
126 100
126 103
126 108
126 109
126 111
126 112
126 113
126 115
126 119
126 120
126 121
126 122
126 124
126 127
126 128
126 129
126 130
126 132
126 135
126 137
126 138
126 140
126 141
126 145
127 2
127 3
127 5
127 6
127 13
127 14
127 15
127 16
127 17
127 18
127 19
127 24
127 25
127 26
127 30
127 33
127 35
127 36
127 39
127 40
127 41
127 42
127 44
127 45
127 47
127 48
127 51
127 52
127 53
127 55
127 59
127 61
127 62
127 65
127 68
127 70
127 73
127 74
127 75
127 76
127 79
127 84
127 86
127 88
127 89
127 90
127 96
127 97
127 102
127 103
127 104
127 105
127 108
127 114
127 115
127 119
127 120
127 121
127 125
127 127
127 129
127 130
127 131
127 132
127 134
127 135
127 138
127 139
127 140
127 142
127 144
127 148
127 149
128 0
128 1
128 3
128 4
128 5
128 6
128 7
128 8
128 9
128 14
128 23
128 24
128 26
128 27
128 28
128 31
128 34
128 36
128 37
128 38
128 39
128 40
128 41
128 43
128 46
128 47
128 48
128 50
128 52
128 54
128 55
128 56
128 57
128 59
128 60
128 63
128 67
128 68
128 69
128 70
128 71
128 74
128 75
128 76
128 77
128 81
128 82
128 83
128 84
128 85
128 86
128 87
128 88
128 91
128 95
128 96
128 97
128 100
128 101
128 102
128 107
128 109
128 111
128 112
128 114
128 115
128 116
128 117
128 118
128 119
128 121
128 122
128 127
128 130
128 131
128 136
128 140
128 141
128 143
128 144
128 145
128 147
128 149
129 2
129 4
129 5
129 7
129 13
129 15
129 23
129 24
129 27
129 28
129 31
129 32
129 33
129 34
129 36
129 37
129 38
129 39
129 41
129 44
129 45
129 49
129 50
129 53
129 55
129 58
129 59
129 61
129 63
129 64
129 68
129 70
129 72
129 74
129 76
129 77
129 79
129 80
129 81
129 82
129 84
129 85
129 87
129 88
129 89
129 91
129 92
129 93
129 95
129 99
129 102
129 103
129 104
129 105
129 106
129 108
129 110
129 111
129 113
129 114
129 115
129 117
129 121
129 122
129 123
129 128
129 131
129 133
129 136
129 138
129 139
129 140
129 141
129 144
129 146
129 147
130 0
130 4
130 5
130 7
130 8
130 10
130 11
130 12
130 14
130 15
130 18
130 19
130 23
130 26
130 28
130 31
130 36
130 37
130 39
130 41
130 43
130 45
130 46
130 47
130 48
130 49
130 51
130 55
130 57
130 58
130 61
130 63
130 65
130 69
130 71
130 72
130 74
130 77
130 79
130 80
130 81
130 82
130 83
130 87
130 89
130 91
130 93
130 94
130 99
130 100
130 102
130 103
130 104
130 105
130 106
130 107
130 108
130 111
130 113
130 114
130 117
130 118
130 120
130 123
130 124
130 130
130 132
130 135
130 139
130 140
130 142
130 144
130 145
131 0
131 1
131 3
131 4
131 5
131 9
131 10
131 11
131 12
131 13
131 15
131 16
131 17
131 19
131 21
131 23
131 24
131 25
131 27
131 28
131 29
131 34
131 37
131 38
131 40
131 41
131 42
131 47
131 53
131 54
131 57
131 61
131 63
131 67
131 69
131 71
131 72
131 73
131 76
131 81
131 82
131 84
131 85
131 86
131 87
131 89
131 91
131 92
131 97
131 99
131 101
131 102
131 106
131 107
131 110
131 111
131 115
131 116
131 120
131 121
131 122
131 123
131 125
131 126
131 127
131 129
131 131
131 133
131 137
131 138
131 139
131 140
131 141
131 144
131 145
131 146
131 148
132 0
132 1
132 3
132 5
132 6
132 10
132 11
132 13
132 14
132 15
132 21
132 24
132 25
132 27
132 28
132 32
132 34
132 37
132 38
132 40
132 42
132 43
132 44
132 45
132 49
132 52
132 53
132 54
132 55
132 58
132 59
132 60
132 61
132 65
132 67
132 68
132 69
132 70
132 71
132 72
132 73
132 74
132 75
132 77
132 78
132 79
132 80
132 82
132 86
132 88
132 92
132 93
132 94
132 98
132 101
132 103
132 105
132 107
132 112
132 114
132 115
132 116
132 118
132 119
132 126
132 130
132 131
132 139
132 140
132 141
132 143
132 145
132 146
132 147
132 148
133 0
133 5
133 7
133 9
133 10
133 15
133 18
133 22
133 25
133 27
133 31
133 32
133 39
133 40
133 41
133 42
133 43
133 45
133 46
133 47
133 49
133 53
133 54
133 56
133 59
133 60
133 61
133 62
133 63
133 65
133 70
133 71
133 72
133 73
133 74
133 77
133 78
133 79
133 80
133 81
133 82
133 83
133 86
133 87
133 90
133 91
133 93
133 94
133 97
133 100
133 103
133 106
133 119
133 120
133 122
133 123
133 128
133 130
133 131
133 132
133 133
133 134
133 135
133 141
133 143
133 146
133 147
133 148
133 149
134 1
134 2
134 3
134 4
134 7
134 8
134 9
134 10
134 11
134 12
134 13
134 14
134 15
134 21
134 23
134 25
134 26
134 35
134 38
134 41
134 46
134 49
134 50
134 51
134 57
134 61
134 62
134 63
134 64
134 67
134 69
134 70
134 71
134 72
134 73
134 75
134 76
134 79
134 80
134 81
134 82
134 83
134 85
134 90
134 91
134 92
134 93
134 94
134 95
134 100
134 101
134 102
134 104
134 111
134 116
134 118
134 119
134 120
134 125
134 126
134 128
134 130
134 131
134 132
134 133
134 134
134 135
134 140
134 141
134 143
134 144
134 146
134 147
135 4
135 8
135 10
135 11
135 12
135 13
135 14
135 15
135 20
135 24
135 26
135 27
135 28
135 29
135 30
135 31
135 32
135 35
135 37
135 38
135 39
135 41
135 44
135 46
135 49
135 50
135 51
135 52
135 56
135 59
135 62
135 63
135 64
135 65
135 73
135 75
135 76
135 79
135 80
135 82
135 84
135 87
135 88
135 93
135 96
135 97
135 100
135 106
135 110
135 112
135 114
135 115
135 116
135 117
135 119
135 120
135 126
135 127
135 128
135 129
135 130
135 131
135 133
135 134
135 135
135 139
135 141
135 145
135 146
135 147
135 149
136 2
136 3
136 6
136 7
136 8
136 10
136 13
136 14
136 15
136 17
136 18
136 19
136 20
136 24
136 25
136 26
136 29
136 32
136 35
136 38
136 39
136 40
136 43
136 44
136 48
136 50
136 51
136 52
136 53
136 54
136 57
136 59
136 60
136 62
136 65
136 66
136 67
136 68
136 69
136 72
136 73
136 75
136 76
136 77
136 79
136 80
136 81
136 83
136 86
136 90
136 91
136 92
136 93
136 94
136 99
136 102
136 103
136 104
136 106
136 114
136 116
136 117
136 119
136 120
136 121
136 122
136 123
136 124
136 125
136 126
136 128
136 130
136 131
136 134
136 135
136 137
136 138
136 140
136 141
136 143
136 147
137 3
137 4
137 5
137 6
137 7
137 9
137 11
137 14
137 15
137 17
137 18
137 20
137 21
137 22
137 23
137 28
137 31
137 32
137 33
137 37
137 38
137 39
137 40
137 41
137 42
137 45
137 47
137 50
137 55
137 61
137 62
137 65
137 66
137 75
137 79
137 87
137 88
137 90
137 91
137 95
137 96
137 97
137 99
137 100
137 101
137 104
137 105
137 107
137 109
137 111
137 114
137 116
137 118
137 120
137 121
137 122
137 123
137 125
137 126
137 128
137 129
137 130
137 136
137 138
137 139
137 141
137 142
137 143
137 144
137 149
138 0
138 3
138 4
138 5
138 7
138 8
138 12
138 16
138 17
138 20
138 21
138 23
138 27
138 28
138 29
138 32
138 33
138 36
138 37
138 41
138 43
138 45
138 46
138 47
138 48
138 49
138 51
138 54
138 55
138 57
138 58
138 59
138 60
138 62
138 63
138 64
138 65
138 66
138 67
138 70
138 73
138 74
138 75
138 76
138 78
138 79
138 80
138 83
138 84
138 85
138 86
138 87
138 91
138 92
138 95
138 96
138 98
138 102
138 103
138 106
138 108
138 109
138 111
138 113
138 114
138 116
138 117
138 121
138 123
138 127
138 128
138 129
138 132
138 133
138 134
138 137
138 138
138 139
138 143
138 144
138 145
138 147
138 149
139 0
139 2
139 5
139 6
139 7
139 9
139 10
139 11
139 14
139 15
139 16
139 18
139 19
139 25
139 26
139 27
139 29
139 30
139 32
139 33
139 35
139 37
139 40
139 41
139 50
139 52
139 53
139 57
139 58
139 60
139 61
139 62
139 65
139 67
139 68
139 69
139 70
139 71
139 72
139 74
139 75
139 77
139 79
139 83
139 85
139 92
139 93
139 94
139 97
139 99
139 102
139 103
139 105
139 106
139 108
139 109
139 110
139 111
139 113
139 115
139 119
139 121
139 123
139 124
139 125
139 127
139 128
139 129
139 130
139 131
139 132
139 133
139 136
139 137
139 138
139 139
139 142
139 143
139 145
140 4
140 6
140 8
140 13
140 17
140 18
140 21
140 22
140 24
140 25
140 26
140 29
140 32
140 34
140 38
140 40
140 41
140 42
140 43
140 44
140 51
140 52
140 55
140 57
140 59
140 60
140 61
140 64
140 65
140 67
140 69
140 71
140 72
140 74
140 75
140 77
140 78
140 79
140 80
140 83
140 84
140 86
140 89
140 91
140 92
140 94
140 96
140 97
140 100
140 101
140 103
140 104
140 106
140 107
140 109
140 110
140 111
140 119
140 127
140 129
140 130
140 131
140 133
140 134
140 137
140 138
140 141
140 142
140 143
140 145
140 146
140 147
140 148
140 149
141 2
141 4
141 5
141 13
141 15
141 16
141 17
141 20
141 21
141 23
141 27
141 31
141 37
141 39
141 40
141 41
141 43
141 44
141 45
141 47
141 50
141 51
141 52
141 53
141 56
141 57
141 58
141 59
141 60
141 61
141 64
141 65
141 66
141 67
141 71
141 72
141 74
141 76
141 78
141 80
141 84
141 85
141 86
141 87
141 89
141 93
141 94
141 98
141 99
141 100
141 102
141 103
141 110
141 113
141 114
141 115
141 118
141 120
141 122
141 123
141 128
141 129
141 130
141 131
141 134
141 137
141 139
141 145
141 147
141 148
141 149
142 0
142 3
142 4
142 5
142 8
142 10
142 11
142 13
142 16
142 18
142 21
142 25
142 29
142 35
142 37
142 38
142 39
142 41
142 43
142 48
142 50
142 51
142 53
142 54
142 55
142 59
142 60
142 61
142 63
142 64
142 66
142 67
142 71
142 73
142 74
142 75
142 77
142 79
142 80
142 83
142 84
142 85
142 86
142 90
142 91
142 92
142 95
142 97
142 99
142 100
142 101
142 103
142 104
142 105
142 107
142 109
142 111
142 113
142 115
142 118
142 120
142 122
142 124
142 126
142 127
142 128
142 129
142 130
142 131
142 132
142 133
142 134
142 136
142 137
142 139
142 141
142 144
143 0
143 1
143 2
143 4
143 8
143 9
143 12
143 13
143 14
143 15
143 17
143 18
143 19
143 23
143 24
143 25
143 26
143 27
143 29
143 30
143 31
143 32
143 35
143 38
143 41
143 43
143 46
143 48
143 49
143 50
143 51
143 52
143 56
143 59
143 60
143 62
143 65
143 68
143 71
143 72
143 73
143 75
143 77
143 78
143 79
143 80
143 81
143 82
143 84
143 86
143 90
143 91
143 93
143 97
143 98
143 99
143 100
143 101
143 103
143 107
143 108
143 109
143 111
143 112
143 113
143 114
143 115
143 117
143 118
143 119
143 120
143 121
143 122
143 130
143 131
143 132
143 134
143 135
143 137
143 140
143 141
143 142
143 145
143 148
144 0
144 1
144 5
144 7
144 9
144 10
144 11
144 14
144 19
144 21
144 22
144 23
144 27
144 28
144 29
144 30
144 32
144 34
144 37
144 38
144 39
144 40
144 41
144 42
144 44
144 45
144 46
144 48
144 49
144 50
144 54
144 55
144 56
144 57
144 58
144 62
144 63
144 64
144 67
144 70
144 71
144 73
144 74
144 75
144 78
144 79
144 83
144 85
144 86
144 87
144 89
144 92
144 93
144 99
144 100
144 102
144 103
144 104
144 106
144 107
144 109
144 110
144 112
144 116
144 117
144 119
144 121
144 124
144 125
144 126
144 128
144 130
144 131
144 133
144 135
144 136
144 138
144 139
144 140
144 141
144 148
145 1
145 2
145 5
145 8
145 9
145 11
145 12
145 13
145 18
145 19
145 22
145 23
145 24
145 25
145 27
145 28
145 29
145 30
145 31
145 34
145 35
145 37
145 40
145 43
145 44
145 45
145 51
145 53
145 55
145 57
145 58
145 59
145 61
145 62
145 66
145 67
145 68
145 69
145 71
145 72
145 76
145 77
145 78
145 82
145 84
145 85
145 89
145 90
145 93
145 96
145 98
145 104
145 105
145 107
145 110
145 114
145 115
145 116
145 121
145 122
145 124
145 125
145 126
145 128
145 129
145 130
145 132
145 133
145 135
145 136
145 138
145 142
145 143
145 144
145 145
145 146
145 147
145 148
145 149
146 0
146 3
146 4
146 6
146 8
146 10
146 11
146 12
146 14
146 16
146 17
146 20
146 23
146 24
146 28
146 30
146 33
146 36
146 37
146 38
146 39
146 40
146 42
146 45
146 46
146 47
146 48
146 49
146 50
146 51
146 52
146 54
146 55
146 56
146 57
146 61
146 63
146 73
146 74
146 77
146 78
146 79
146 81
146 84
146 86
146 87
146 90
146 91
146 93
146 95
146 96
146 97
146 98
146 100
146 101
146 104
146 105
146 109
146 112
146 115
146 120
146 123
146 124
146 125
146 126
146 127
146 130
146 132
146 133
146 134
146 140
146 141
146 144
146 146
146 147
146 149
147 1
147 2
147 6
147 7
147 8
147 9
147 10
147 13
147 14
147 15
147 18
147 19
147 27
147 28
147 31
147 35
147 36
147 37
147 38
147 39
147 44
147 45
147 47
147 48
147 49
147 50
147 51
147 53
147 54
147 55
147 57
147 58
147 61
147 62
147 64
147 68
147 71
147 73
147 75
147 77
147 80
147 81
147 82
147 84
147 88
147 89
147 91
147 94
147 96
147 99
147 100
147 102
147 103
147 106
147 111
147 116
147 117
147 118
147 120
147 125
147 128
147 130
147 131
147 134
147 135
147 136
147 137
147 138
147 140
147 141
147 146
147 148
148 0
148 2
148 3
148 5
148 6
148 10
148 12
148 13
148 15
148 17
148 20
148 26
148 28
148 33
148 34
148 36
148 37
148 39
148 41
148 42
148 43
148 44
148 46
148 47
148 49
148 51
148 53
148 58
148 59
148 60
148 61
148 62
148 65
148 66
148 67
148 73
148 77
148 78
148 79
148 81
148 83
148 84
148 85
148 86
148 88
148 89
148 90
148 91
148 93
148 94
148 98
148 100
148 102
148 103
148 104
148 105
148 107
148 108
148 109
148 111
148 112
148 113
148 114
148 116
148 117
148 120
148 125
148 126
148 128
148 129
148 130
148 131
148 132
148 134
148 135
148 136
148 138
148 143
148 144
148 145
148 146
148 148
149 1
149 2
149 5
149 10
149 12
149 13
149 15
149 18
149 21
149 22
149 24
149 25
149 26
149 28
149 29
149 31
149 33
149 34
149 36
149 37
149 41
149 43
149 44
149 45
149 50
149 51
149 54
149 55
149 58
149 59
149 60
149 62
149 63
149 64
149 65
149 69
149 70
149 71
149 74
149 76
149 78
149 80
149 85
149 87
149 88
149 89
149 90
149 92
149 94
149 97
149 100
149 102
149 104
149 108
149 117
149 118
149 119
149 120
149 121
149 123
149 127
149 128
149 131
149 132
149 135
149 138
149 145
149 146
149 147
