150
4500
0 1
0 2
0 3
0 15
0 18
0 19
0 25
0 26
0 41
0 45
0 53
0 69
0 70
0 75
0 76
0 77
0 81
0 83
0 93
0 97
0 99
0 101
0 103
0 105
0 106
0 108
0 109
0 117
0 120
0 125
0 126
0 128
0 133
1 8
1 9
1 23
1 24
1 31
1 34
1 36
1 40
1 41
1 46
1 49
1 50
1 52
1 53
1 56
1 57
1 61
1 62
1 63
1 68
1 77
1 78
1 80
1 85
1 91
1 93
1 96
1 97
1 102
1 104
1 106
1 108
1 111
1 113
1 117
1 121
1 132
1 137
1 138
1 140
1 142
1 147
2 5
2 15
2 16
2 28
2 38
2 41
2 50
2 59
2 62
2 65
2 68
2 78
2 80
2 90
2 94
2 98
2 99
2 110
2 112
2 115
2 118
2 123
2 126
2 133
2 136
2 141
3 1
3 3
3 6
3 9
3 17
3 28
3 34
3 45
3 47
3 50
3 54
3 65
3 69
3 80
3 83
3 92
3 102
3 104
3 107
3 115
3 120
3 122
3 133
3 140
3 141
4 0
4 4
4 5
4 8
4 11
4 25
4 26
4 34
4 40
4 45
4 51
4 58
4 61
4 71
4 72
4 74
4 78
4 80
4 81
4 85
4 87
4 92
4 100
4 109
4 110
4 113
4 129
4 139
4 142
4 145
4 146
4 148
5 1
5 2
5 5
5 7
5 9
5 11
5 17
5 19
5 35
5 42
5 44
5 45
5 47
5 50
5 56
5 62
5 72
5 73
5 74
5 77
5 78
5 93
5 97
5 100
5 101
5 105
5 117
5 119
5 121
5 122
5 128
5 130
5 132
5 135
5 139
5 140
5 145
5 147
5 149
6 3
6 5
6 10
6 12
6 14
6 26
6 27
6 29
6 36
6 43
6 50
6 53
6 61
6 64
6 65
6 67
6 79
6 86
6 90
6 99
6 112
6 114
6 125
6 133
6 134
6 135
6 138
6 143
6 144
6 146
6 147
6 148
7 12
7 15
7 17
7 19
7 21
7 24
7 32
7 37
7 47
7 54
7 58
7 68
7 70
7 72
7 74
7 76
7 80
7 81
7 85
7 88
7 95
7 99
7 108
7 112
7 113
7 118
7 119
7 126
7 130
7 137
7 146
8 2
8 15
8 24
8 25
8 26
8 41
8 42
8 63
8 64
8 66
8 71
8 73
8 74
8 75
8 79
8 81
8 84
8 90
8 92
8 93
8 108
8 111
8 120
8 129
8 130
8 136
8 140
8 144
8 145
8 147
8 148
9 6
9 9
9 10
9 11
9 12
9 30
9 32
9 41
9 43
9 45
9 50
9 54
9 61
9 63
9 81
9 83
9 88
9 89
9 91
9 93
9 105
9 106
9 107
9 108
9 110
9 116
9 123
9 130
9 135
9 137
9 142
9 144
9 147
9 149
10 2
10 3
10 4
10 9
10 13
10 19
10 22
10 23
10 25
10 27
10 32
10 37
10 41
10 44
10 46
10 51
10 73
10 76
10 83
10 89
10 91
10 97
10 103
10 105
10 108
10 110
10 117
10 123
10 125
10 134
10 139
10 140
10 143
11 2
11 8
11 11
11 20
11 23
11 25
11 26
11 29
11 40
11 66
11 71
11 78
11 82
11 88
11 89
11 98
11 100
11 107
11 112
11 114
11 119
11 120
11 121
11 122
11 127
11 132
11 137
11 138
11 140
11 141
11 142
11 144
12 2
12 4
12 7
12 11
12 15
12 21
12 25
12 27
12 28
12 29
12 30
12 31
12 32
12 33
12 37
12 42
12 44
12 54
12 55
12 57
12 66
12 69
12 71
12 74
12 77
12 84
12 88
12 89
12 94
12 100
12 104
12 108
12 112
12 128
12 129
12 134
12 142
12 145
13 6
13 10
13 12
13 16
13 20
13 25
13 28
13 38
13 45
13 49
13 53
13 61
13 62
13 64
13 67
13 83
13 91
13 92
13 93
13 95
13 107
13 110
13 115
13 119
13 126
13 137
13 147
14 1
14 3
14 6
14 14
14 15
14 21
14 23
14 31
14 32
14 39
14 41
14 62
14 64
14 66
14 71
14 72
14 74
14 82
14 87
14 90
14 91
14 96
14 97
14 101
14 109
14 112
14 117
14 131
14 132
14 136
14 144
15 1
15 17
15 19
15 22
15 26
15 32
15 36
15 37
15 53
15 61
15 68
15 71
15 79
15 83
15 86
15 88
15 89
15 90
15 94
15 101
15 104
15 107
15 115
15 116
15 120
15 124
15 129
15 136
15 142
16 4
16 5
16 6
16 8
16 14
16 15
16 16
16 33
16 39
16 40
16 43
16 46
16 50
16 51
16 52
16 53
16 73
16 83
16 91
16 96
16 99
16 104
16 132
16 135
16 141
16 145
16 146
17 3
17 5
17 20
17 22
17 40
17 42
17 43
17 46
17 57
17 65
17 90
17 94
17 95
17 97
17 114
17 115
17 116
17 121
17 137
17 139
18 6
18 13
18 15
18 22
18 42
18 52
18 55
18 58
18 62
18 74
18 78
18 87
18 88
18 89
18 97
18 107
18 112
18 129
18 133
18 135
18 143
18 145
19 1
19 17
19 18
19 28
19 29
19 41
19 44
19 45
19 48
19 51
19 63
19 66
19 68
19 71
19 75
19 84
19 97
19 98
19 103
19 104
19 110
19 123
19 130
19 131
19 136
19 145
19 146
19 147
20 1
20 2
20 3
20 15
20 21
20 27
20 28
20 32
20 36
20 37
20 40
20 41
20 42
20 44
20 47
20 49
20 54
20 56
20 63
20 66
20 70
20 71
20 85
20 88
20 91
20 93
20 100
20 101
20 104
20 112
20 113
20 117
20 127
20 128
20 133
20 134
20 144
20 148
20 149
21 0
21 18
21 24
21 27
21 29
21 34
21 37
21 48
21 67
21 74
21 83
21 84
21 85
21 90
21 96
21 99
21 105
21 119
21 124
21 125
21 129
21 131
21 133
21 135
21 141
22 1
22 4
22 10
22 16
22 17
22 23
22 25
22 27
22 43
22 46
22 51
22 55
22 60
22 65
22 72
22 77
22 81
22 83
22 86
22 97
22 98
22 99
22 106
22 110
22 124
22 131
22 135
23 2
23 3
23 4
23 9
23 13
23 18
23 22
23 27
23 30
23 31
23 32
23 35
23 41
23 47
23 65
23 66
23 68
23 73
23 75
23 80
23 90
23 94
23 98
23 100
23 104
23 107
23 108
23 113
23 122
23 123
23 125
23 127
23 136
23 141
23 145
23 149
24 6
24 7
24 10
24 14
24 16
24 27
24 30
24 32
24 33
24 35
24 36
24 37
24 40
24 46
24 50
24 53
24 56
24 58
24 63
24 69
24 74
24 78
24 80
24 83
24 86
24 89
24 94
24 99
24 100
24 101
24 102
24 119
24 121
24 125
24 138
24 140
24 141
24 145
24 147
25 6
25 12
25 14
25 19
25 21
25 37
25 41
25 42
25 43
25 46
25 57
25 73
25 84
25 98
25 101
25 105
25 109
25 124
25 130
25 137
25 138
26 9
26 16
26 18
26 26
26 28
26 29
26 37
26 38
26 40
26 52
26 54
26 61
26 70
26 72
26 73
26 76
26 85
26 86
26 91
26 94
26 96
26 101
26 119
26 131
26 134
26 143
26 145
26 148
27 7
27 9
27 10
27 18
27 23
27 31
27 37
27 38
27 43
27 47
27 49
27 52
27 59
27 62
27 63
27 64
27 69
27 80
27 85
27 89
27 91
27 94
27 95
27 98
27 103
27 110
27 114
27 117
27 121
27 126
27 128
27 130
27 132
27 137
27 139
27 140
27 142
27 147
28 1
28 4
28 10
28 11
28 12
28 14
28 20
28 21
28 22
28 30
28 32
28 35
28 38
28 43
28 51
28 55
28 59
28 62
28 68
28 79
28 81
28 82
28 84
28 85
28 93
28 95
28 103
28 106
28 107
28 112
28 118
28 121
28 123
28 135
28 139
28 140
28 149
29 2
29 19
29 44
29 45
29 56
29 57
29 59
29 60
29 61
29 68
29 73
29 84
29 87
29 91
29 106
29 116
29 117
29 121
29 128
29 129
29 134
29 139
29 147
29 148
29 149
30 5
30 14
30 17
30 21
30 32
30 33
30 35
30 37
30 40
30 45
30 48
30 49
30 51
30 58
30 59
30 60
30 61
30 64
30 67
30 74
30 77
30 78
30 79
30 84
30 90
30 92
30 96
30 100
30 101
30 103
30 104
30 113
30 114
30 116
30 117
30 118
30 136
30 142
31 0
31 7
31 9
31 15
31 18
31 19
31 26
31 34
31 36
31 38
31 48
31 50
31 52
31 55
31 57
31 61
31 64
31 71
31 78
31 83
31 85
31 88
31 89
31 92
31 100
31 101
31 115
31 127
31 129
31 134
31 145
31 147
32 2
32 3
32 4
32 8
32 9
32 15
32 23
32 31
32 33
32 36
32 47
32 50
32 52
32 56
32 57
32 58
32 59
32 82
32 85
32 89
32 92
32 103
32 104
32 107
32 111
32 124
32 126
32 144
32 146
32 147
33 7
33 14
33 20
33 22
33 26
33 27
33 30
33 32
33 34
33 38
33 50
33 53
33 59
33 75
33 79
33 80
33 84
33 86
33 96
33 100
33 101
33 106
33 116
33 137
33 145
34 4
34 7
34 17
34 19
34 28
34 32
34 37
34 49
34 51
34 53
34 54
34 74
34 95
34 107
34 108
34 109
34 111
34 127
34 131
34 133
34 135
34 137
34 139
34 144
34 147
34 149
35 2
35 9
35 10
35 15
35 19
35 24
35 33
35 40
35 41
35 45
35 46
35 56
35 59
35 71
35 75
35 76
35 78
35 79
35 85
35 99
35 103
35 108
35 114
35 115
35 118
35 127
35 128
35 129
35 135
35 138
36 1
36 3
36 21
36 29
36 34
36 36
36 40
36 53
36 62
36 63
36 64
36 67
36 68
36 69
36 75
36 76
36 80
36 84
36 95
36 98
36 102
36 122
36 123
36 126
36 129
36 137
36 138
36 141
36 146
36 148
37 5
37 15
37 18
37 22
37 26
37 29
37 34
37 40
37 42
37 47
37 57
37 73
37 75
37 78
37 80
37 86
37 89
37 91
37 94
37 108
37 116
37 122
37 135
37 139
37 141
38 1
38 4
38 5
38 6
38 17
38 20
38 21
38 23
38 25
38 28
38 34
38 42
38 47
38 48
38 55
38 62
38 64
38 69
38 72
38 76
38 85
38 87
38 91
38 92
38 97
38 122
38 124
38 131
38 133
38 136
38 146
39 2
39 3
39 8
39 9
39 14
39 15
39 17
39 25
39 26
39 40
39 46
39 50
39 52
39 59
39 69
39 71
39 75
39 79
39 80
39 83
39 96
39 97
39 98
39 99
39 102
39 106
39 114
39 117
39 123
39 125
39 133
39 136
39 149
40 6
40 13
40 22
40 30
40 32
40 40
40 47
40 50
40 58
40 69
40 70
40 76
40 78
40 79
40 80
40 84
40 87
40 97
40 100
40 103
40 106
40 115
40 131
40 134
40 141
40 144
41 2
41 6
41 10
41 15
41 25
41 34
41 36
41 41
41 46
41 47
41 57
41 68
41 69
41 71
41 74
41 77
41 82
41 84
41 88
41 90
41 92
41 97
41 115
41 120
41 121
41 139
41 140
41 141
41 142
41 143
41 146
41 148
42 1
42 5
42 6
42 11
42 17
42 21
42 26
42 37
42 38
42 40
42 41
42 48
42 54
42 58
42 59
42 61
42 66
42 73
42 77
42 78
42 83
42 86
42 88
42 89
42 99
42 102
42 107
42 109
42 117
42 121
42 122
42 134
42 142
43 7
43 8
43 13
43 18
43 21
43 25
43 28
43 32
43 36
43 37
43 41
43 44
43 45
43 52
43 58
43 65
43 67
43 76
43 78
43 80
43 82
43 85
43 90
43 92
43 102
43 111
43 116
43 123
43 127
43 132
43 135
43 145
44 4
44 13
44 19
44 24
44 28
44 35
44 44
44 51
44 55
44 72
44 79
44 82
44 83
44 84
44 87
44 89
44 92
44 97
44 99
44 100
44 105
44 106
44 109
44 118
44 124
44 127
44 140
44 142
44 144
44 145
44 146
45 7
45 8
45 9
45 10
45 14
45 20
45 25
45 27
45 31
45 36
45 38
45 51
45 59
45 62
45 63
45 64
45 68
45 71
45 84
45 93
45 106
45 108
45 110
45 114
45 117
45 127
45 132
45 142
46 0
46 10
46 11
46 19
46 20
46 25
46 29
46 33
46 34
46 39
46 43
46 50
46 54
46 57
46 59
46 63
46 73
46 76
46 80
46 85
46 89
46 90
46 91
46 107
46 119
46 121
46 123
46 125
46 127
46 134
46 139
46 147
46 148
47 0
47 7
47 9
47 15
47 17
47 22
47 24
47 26
47 29
47 34
47 42
47 47
47 56
47 75
47 76
47 77
47 82
47 84
47 89
47 109
47 114
47 115
47 124
47 132
47 133
47 134
47 140
47 148
48 3
48 4
48 5
48 27
48 28
48 29
48 35
48 37
48 40
48 43
48 50
48 56
48 73
48 77
48 79
48 86
48 93
48 94
48 105
48 110
48 111
48 115
48 116
48 117
48 120
48 131
48 133
48 134
48 135
48 138
48 139
48 144
49 3
49 12
49 14
49 15
49 19
49 26
49 29
49 33
49 42
49 44
49 45
49 53
49 57
49 59
49 67
49 75
49 79
49 80
49 81
49 82
49 90
49 92
49 97
49 99
49 101
49 105
49 107
49 111
49 115
49 128
49 129
49 143
49 144
49 148
50 7
50 11
50 12
50 13
50 14
50 31
50 37
50 38
50 45
50 50
50 51
50 55
50 60
50 68
50 71
50 73
50 76
50 85
50 91
50 97
50 98
50 100
50 101
50 108
50 115
50 116
50 124
50 132
50 137
50 143
50 148
51 14
51 17
51 23
51 28
51 34
51 37
51 40
51 43
51 59
51 69
51 74
51 75
51 82
51 93
51 96
51 97
51 101
51 108
51 109
51 115
51 122
51 124
51 125
51 128
51 133
51 135
51 140
51 147
51 148
52 0
52 1
52 6
52 8
52 27
52 28
52 33
52 34
52 37
52 38
52 41
52 45
52 51
52 57
52 61
52 71
52 74
52 89
52 91
52 92
52 93
52 95
52 115
52 117
52 120
52 128
52 134
52 138
52 145
53 21
53 23
53 35
53 36
53 37
53 46
53 48
53 50
53 54
53 55
53 58
53 59
53 60
53 65
53 68
53 71
53 72
53 76
53 81
53 82
53 86
53 99
53 111
53 114
53 125
53 127
53 131
54 6
54 9
54 21
54 24
54 25
54 42
54 54
54 60
54 61
54 85
54 92
54 94
54 96
54 99
54 100
54 101
54 111
54 112
54 113
54 116
54 117
54 119
54 123
54 124
54 132
54 133
54 136
54 139
54 148
55 1
55 6
55 8
55 9
55 13
55 17
55 19
55 28
55 41
55 45
55 46
55 48
55 60
55 65
55 68
55 69
55 71
55 75
55 76
55 79
55 81
55 82
55 84
55 103
55 113
55 114
55 115
55 124
55 127
55 128
55 136
55 137
55 141
55 148
55 149
56 5
56 9
56 13
56 16
56 26
56 32
56 35
56 44
56 45
56 46
56 47
56 57
56 60
56 68
56 70
56 71
56 73
56 78
56 82
56 91
56 102
56 110
56 111
56 117
56 120
56 124
56 126
56 128
56 130
56 132
56 134
56 139
56 144
56 147
57 6
57 11
57 33
57 34
57 35
57 41
57 52
57 54
57 62
57 75
57 76
57 86
57 90
57 94
57 96
57 103
57 104
57 105
57 114
57 116
57 118
57 120
57 124
57 127
57 129
57 131
57 137
57 138
57 141
57 143
57 144
57 146
58 16
58 19
58 27
58 28
58 29
58 41
58 49
58 54
58 60
58 64
58 67
58 71
58 79
58 84
58 90
58 99
58 105
58 107
58 116
58 120
58 123
58 133
58 139
58 143
58 144
58 148
59 2
59 9
59 12
59 15
59 19
59 20
59 21
59 27
59 28
59 32
59 49
59 53
59 56
59 57
59 59
59 61
59 63
59 66
59 67
59 70
59 74
59 76
59 85
59 88
59 90
59 104
59 110
59 111
59 112
59 115
59 117
59 127
59 130
59 137
59 139
59 141
59 142
59 146
60 0
60 3
60 7
60 16
60 22
60 23
60 29
60 31
60 41
60 44
60 59
60 60
60 69
60 72
60 77
60 81
60 90
60 98
60 101
60 107
60 115
60 118
60 122
60 126
60 135
60 142
60 145
61 8
61 9
61 11
61 22
61 27
61 35
61 45
61 48
61 57
61 77
61 80
61 88
61 94
61 98
61 101
61 105
61 106
61 110
61 115
61 125
61 135
61 137
61 146
61 149
62 5
62 8
62 17
62 20
62 30
62 36
62 41
62 42
62 58
62 71
62 73
62 74
62 75
62 87
62 93
62 96
62 106
62 109
62 113
62 115
62 117
62 124
62 126
62 127
62 131
62 138
62 139
62 143
62 144
63 0
63 15
63 20
63 22
63 23
63 31
63 32
63 34
63 38
63 40
63 42
63 53
63 58
63 60
63 63
63 69
63 73
63 74
63 78
63 82
63 86
63 87
63 90
63 94
63 99
63 101
63 103
63 104
63 112
63 113
63 116
63 121
63 132
63 141
63 145
64 17
64 18
64 19
64 21
64 25
64 50
64 55
64 57
64 69
64 70
64 71
64 86
64 92
64 93
64 95
64 104
64 109
64 110
64 118
64 122
64 142
64 145
65 0
65 1
65 2
65 11
65 16
65 32
65 36
65 47
65 53
65 57
65 62
65 73
65 82
65 86
65 89
65 102
65 108
65 126
65 128
65 129
65 132
65 133
65 136
65 140
65 146
66 8
66 11
66 13
66 14
66 18
66 26
66 28
66 34
66 37
66 51
66 54
66 63
66 64
66 68
66 81
66 83
66 88
66 95
66 101
66 114
66 133
66 143
66 144
66 149
67 2
67 16
67 17
67 24
67 26
67 27
67 55
67 57
67 68
67 72
67 79
67 92
67 93
67 96
67 101
67 111
67 115
67 118
67 119
67 134
67 135
67 140
67 143
67 144
67 145
67 146
67 149
68 5
68 8
68 34
68 42
68 43
68 44
68 48
68 52
68 53
68 56
68 60
68 63
68 67
68 68
68 69
68 73
68 75
68 76
68 77
68 93
68 96
68 98
68 100
68 110
68 114
68 117
68 121
68 122
68 126
68 127
68 129
68 133
68 139
68 142
68 143
68 144
68 147
69 4
69 5
69 13
69 17
69 18
69 21
69 23
69 30
69 37
69 45
69 50
69 59
69 61
69 73
69 74
69 94
69 98
69 102
69 111
69 129
69 140
69 141
69 146
70 3
70 6
70 7
70 11
70 12
70 14
70 23
70 27
70 29
70 36
70 46
70 49
70 56
70 60
70 63
70 75
70 79
70 81
70 85
70 87
70 90
70 96
70 97
70 102
70 110
70 111
70 112
70 127
70 130
70 134
70 138
70 149
71 2
71 8
71 15
71 22
71 24
71 26
71 31
71 36
71 37
71 41
71 44
71 48
71 51
71 64
71 70
71 71
71 73
71 75
71 81
71 85
71 93
71 94
71 97
71 98
71 101
71 110
71 117
71 121
71 125
71 133
71 141
71 142
71 145
72 0
72 9
72 26
72 36
72 43
72 47
72 50
72 58
72 59
72 60
72 61
72 62
72 63
72 70
72 75
72 76
72 79
72 80
72 87
72 95
72 98
72 103
72 115
72 123
72 127
72 128
72 129
72 143
72 146
73 0
73 3
73 6
73 7
73 8
73 9
73 12
73 16
73 24
73 30
73 41
73 44
73 49
73 51
73 52
73 57
73 58
73 59
73 60
73 63
73 64
73 68
73 70
73 71
73 73
73 75
73 86
73 87
73 89
73 90
73 96
73 97
73 103
73 107
73 109
73 110
73 111
73 113
73 132
73 135
73 147
73 148
74 9
74 11
74 15
74 16
74 20
74 21
74 23
74 24
74 31
74 47
74 48
74 53
74 59
74 65
74 67
74 68
74 71
74 74
74 75
74 78
74 90
74 92
74 93
74 96
74 100
74 123
74 124
74 134
74 146
75 5
75 13
75 19
75 25
75 26
75 27
75 29
75 33
75 35
75 37
75 43
75 49
75 52
75 54
75 61
75 69
75 72
75 75
75 81
75 83
75 98
75 101
75 104
75 128
75 141
75 143
75 144
76 1
76 2
76 4
76 11
76 12
76 21
76 27
76 37
76 39
76 41
76 52
76 54
76 56
76 58
76 59
76 61
76 63
76 70
76 75
76 79
76 82
76 83
76 84
76 92
76 97
76 123
76 130
76 131
76 141
76 142
77 0
77 1
77 3
77 5
77 9
77 10
77 14
77 15
77 19
77 20
77 21
77 25
77 28
77 30
77 34
77 38
77 39
77 43
77 46
77 53
77 63
77 66
77 67
77 69
77 80
77 84
77 95
77 99
77 102
77 105
77 109
77 123
77 127
77 134
77 141
77 142
77 144
78 4
78 10
78 22
78 24
78 25
78 28
78 34
78 44
78 62
78 67
78 88
78 92
78 107
78 112
78 114
78 117
78 127
78 134
78 139
78 141
78 142
78 143
78 145
79 0
79 9
79 14
79 15
79 16
79 22
79 24
79 40
79 44
79 62
79 65
79 67
79 71
79 72
79 77
79 79
79 84
79 87
79 88
79 91
79 94
79 107
79 111
79 113
79 115
79 120
79 127
79 133
79 134
79 139
79 141
79 143
79 148
80 1
80 6
80 8
80 10
80 36
80 39
80 43
80 58
80 63
80 69
80 72
80 78
80 80
80 82
80 88
80 93
80 94
80 107
80 111
80 112
80 118
80 120
80 123
80 129
80 138
80 139
80 143
80 145
81 11
81 13
81 17
81 19
81 20
81 22
81 23
81 26
81 36
81 38
81 47
81 49
81 61
81 65
81 66
81 72
81 73
81 77
81 79
81 81
81 87
81 99
81 105
81 112
81 113
81 115
81 119
81 126
81 130
81 131
81 135
81 138
81 146
81 147
81 149
82 1
82 5
82 10
82 12
82 13
82 18
82 19
82 24
82 25
82 28
82 39
82 43
82 57
82 64
82 65
82 66
82 83
82 90
82 92
82 93
82 97
82 98
82 100
82 109
82 136
82 141
83 7
83 8
83 17
83 18
83 32
83 39
83 43
83 46
83 47
83 56
83 59
83 79
83 80
83 82
83 84
83 86
83 94
83 97
83 99
83 100
83 104
83 108
83 114
83 126
83 127
83 130
83 133
83 136
83 140
83 145
84 4
84 18
84 19
84 45
84 47
84 50
84 51
84 64
84 66
84 78
84 90
84 92
84 93
84 95
84 104
84 106
84 109
84 111
84 112
84 119
84 121
84 125
84 129
84 130
84 132
84 133
84 144
84 145
85 0
85 3
85 8
85 12
85 14
85 16
85 18
85 20
85 26
85 28
85 30
85 34
85 36
85 42
85 55
85 64
85 67
85 69
85 71
85 74
85 75
85 81
85 87
85 90
85 103
85 104
85 107
85 130
85 133
85 135
85 148
86 6
86 10
86 19
86 22
86 25
86 35
86 40
86 42
86 48
86 55
86 56
86 59
86 61
86 63
86 67
86 76
86 77
86 83
86 90
86 96
86 98
86 105
86 112
86 115
86 121
86 122
86 141
86 143
86 147
87 7
87 8
87 10
87 16
87 24
87 25
87 32
87 40
87 59
87 68
87 69
87 81
87 84
87 86
87 87
87 91
87 103
87 105
87 108
87 112
87 115
87 125
87 139
87 145
87 149
88 4
88 12
88 19
88 24
88 29
88 37
88 50
88 62
88 63
88 90
88 94
88 110
88 111
88 115
88 116
88 119
88 123
88 127
88 129
88 130
88 135
88 140
88 144
88 145
88 149
89 2
89 8
89 16
89 20
89 28
89 33
89 34
89 40
89 41
89 43
89 44
89 46
89 47
89 49
89 66
89 72
89 79
89 80
89 83
89 97
89 98
89 100
89 104
89 106
89 107
89 125
89 126
89 134
90 7
90 9
90 12
90 16
90 34
90 48
90 52
90 60
90 63
90 66
90 75
90 79
90 83
90 101
90 102
90 104
90 107
90 111
90 118
90 132
90 133
90 147
90 148
91 0
91 6
91 13
91 17
91 20
91 21
91 27
91 31
91 32
91 36
91 38
91 46
91 58
91 63
91 65
91 66
91 69
91 78
91 79
91 80
91 84
91 87
91 88
91 89
91 93
91 105
91 107
91 114
91 118
91 121
91 123
91 127
91 128
91 129
91 136
91 144
91 149
92 1
92 14
92 17
92 23
92 33
92 34
92 35
92 36
92 38
92 39
92 46
92 48
92 50
92 51
92 55
92 68
92 81
92 84
92 87
92 98
92 99
92 113
92 132
92 133
92 134
92 140
92 149
93 0
93 1
93 4
93 6
93 12
93 17
93 24
93 26
93 28
93 30
93 31
93 34
93 37
93 47
93 53
93 58
93 67
93 69
93 72
93 75
93 83
93 87
93 91
93 95
93 106
93 108
93 109
93 117
93 120
93 129
93 149
94 4
94 8
94 10
94 14
94 18
94 29
94 32
94 34
94 39
94 43
94 51
94 54
94 62
94 68
94 92
94 96
94 98
94 104
94 107
94 118
94 140
94 141
95 10
95 12
95 17
95 27
95 32
95 33
95 42
95 48
95 54
95 67
95 72
95 77
95 79
95 83
95 103
95 109
95 115
95 116
95 117
95 120
95 122
95 126
95 133
95 140
95 143
96 11
96 22
96 24
96 30
96 34
96 39
96 49
96 51
96 57
96 66
96 68
96 76
96 79
96 88
96 89
96 91
96 92
96 104
96 114
96 130
96 133
96 137
96 138
97 4
97 11
97 19
97 21
97 23
97 33
97 34
97 35
97 41
97 66
97 70
97 72
97 76
97 80
97 85
97 87
97 92
97 101
97 102
97 105
97 109
97 114
97 118
97 141
98 5
98 8
98 10
98 14
98 19
98 21
98 35
98 50
98 52
98 55
98 58
98 59
98 62
98 64
98 68
98 80
98 82
98 84
98 86
98 87
98 91
98 97
98 98
98 103
98 107
98 110
98 112
98 113
98 126
98 127
98 128
98 137
99 3
99 6
99 7
99 24
99 25
99 37
99 43
99 48
99 49
99 54
99 57
99 61
99 63
99 71
99 80
99 86
99 90
99 96
99 98
99 103
99 107
99 109
99 111
99 116
99 118
99 119
99 121
99 131
99 136
99 140
99 141
99 143
99 149
100 1
100 4
100 10
100 14
100 23
100 40
100 53
100 56
100 66
100 75
100 78
100 87
100 88
100 89
100 91
100 94
100 95
100 100
100 101
100 104
100 109
100 110
100 120
100 124
100 136
100 141
100 143
100 148
101 17
101 27
101 29
101 35
101 36
101 37
101 39
101 54
101 56
101 59
101 60
101 62
101 64
101 66
101 70
101 72
101 73
101 74
101 81
101 83
101 84
101 92
101 99
101 104
101 106
101 110
101 126
101 132
101 134
101 143
101 144
101 145
101 147
101 148
102 1
102 3
102 5
102 11
102 15
102 19
102 20
102 29
102 30
102 31
102 36
102 38
102 39
102 42
102 46
102 51
102 53
102 54
102 58
102 59
102 63
102 82
102 83
102 87
102 90
102 92
102 93
102 96
102 102
102 110
102 129
102 131
102 140
102 148
103 4
103 5
103 7
103 9
103 15
103 16
103 17
103 27
103 41
103 54
103 62
103 67
103 69
103 71
103 73
103 74
103 77
103 81
103 83
103 88
103 90
103 92
103 99
103 109
103 115
103 117
103 126
103 142
103 147
104 4
104 28
104 38
104 40
104 56
104 58
104 64
104 66
104 67
104 81
104 82
104 92
104 95
104 97
104 99
104 101
104 110
104 115
104 121
104 126
104 127
104 139
105 1
105 5
105 8
105 10
105 12
105 14
105 22
105 23
105 24
105 27
105 29
105 36
105 37
105 43
105 44
105 50
105 54
105 57
105 62
105 63
105 67
105 68
105 69
105 70
105 71
105 84
105 100
105 101
105 102
105 103
105 117
105 127
105 130
105 135
105 137
105 139
105 145
105 148
106 7
106 12
106 13
106 21
106 23
106 28
106 30
106 33
106 43
106 49
106 50
106 52
106 55
106 58
106 68
106 69
106 73
106 82
106 86
106 103
106 104
106 108
106 111
106 115
106 128
106 131
107 0
107 1
107 2
107 14
107 15
107 16
107 22
107 28
107 32
107 34
107 37
107 43
107 51
107 56
107 58
107 59
107 64
107 66
107 68
107 77
107 82
107 86
107 93
107 103
107 104
107 111
107 116
107 131
107 134
107 135
107 142
107 146
107 149
108 1
108 10
108 15
108 32
108 36
108 38
108 44
108 60
108 69
108 71
108 76
108 84
108 88
108 93
108 103
108 105
108 121
108 123
108 128
108 132
108 133
109 4
109 15
109 19
109 22
109 43
109 44
109 45
109 59
109 65
109 70
109 77
109 81
109 82
109 91
109 107
109 111
109 117
109 119
109 137
109 140
109 149
110 9
110 31
110 33
110 34
110 48
110 54
110 60
110 70
110 74
110 76
110 77
110 85
110 88
110 99
110 102
110 103
110 107
110 118
110 127
110 129
110 136
110 140
110 142
110 143
111 11
111 14
111 16
111 24
111 34
111 46
111 47
111 56
111 57
111 65
111 67
111 74
111 77
111 80
111 83
111 84
111 85
111 110
111 111
111 112
111 118
111 119
111 122
111 127
111 136
111 137
111 144
111 147
111 148
112 2
112 14
112 17
112 23
112 24
112 27
112 30
112 32
112 41
112 43
112 44
112 46
112 56
112 58
112 59
112 62
112 68
112 69
112 70
112 85
112 88
112 91
112 92
112 94
112 96
112 99
112 118
112 131
112 139
112 147
112 149
113 0
113 6
113 7
113 11
113 14
113 15
113 25
113 28
113 31
113 37
113 39
113 47
113 54
113 58
113 62
113 64
113 65
113 67
113 77
113 89
113 90
113 98
113 109
113 110
113 114
113 117
113 120
113 135
113 139
113 144
113 145
113 149
114 11
114 15
114 16
114 18
114 29
114 32
114 38
114 41
114 50
114 60
114 65
114 67
114 73
114 75
114 79
114 83
114 87
114 93
114 94
114 99
114 109
114 113
114 114
114 116
114 122
114 128
114 130
114 140
115 3
115 6
115 13
115 15
115 16
115 22
115 23
115 24
115 27
115 31
115 34
115 49
115 54
115 58
115 59
115 60
115 65
115 71
115 78
115 80
115 82
115 85
115 91
115 92
115 98
115 103
115 106
115 109
115 114
115 119
115 125
115 134
115 135
115 140
115 144
116 8
116 10
116 12
116 19
116 21
116 23
116 27
116 28
116 32
116 34
116 36
116 46
116 49
116 52
116 56
116 58
116 59
116 64
116 66
116 67
116 74
116 80
116 82
116 84
116 85
116 87
116 91
116 96
116 98
116 99
116 101
116 103
116 105
116 109
116 116
116 122
116 137
116 144
116 148
117 4
117 10
117 14
117 15
117 20
117 29
117 31
117 33
117 47
117 53
117 57
117 60
117 79
117 80
117 84
117 90
117 94
117 100
117 106
117 115
117 116
117 121
117 123
117 127
117 132
117 139
117 141
117 149
118 5
118 12
118 14
118 15
118 18
118 19
118 20
118 29
118 32
118 39
118 53
118 62
118 63
118 67
118 68
118 77
118 83
118 84
118 87
118 89
118 98
118 101
118 109
118 114
118 118
118 119
118 122
118 123
118 132
119 0
119 5
119 10
119 14
119 17
119 24
119 41
119 61
119 67
119 75
119 76
119 80
119 85
119 86
119 97
119 105
119 108
119 109
119 116
119 119
119 137
119 138
119 139
119 143
120 1
120 4
120 17
120 29
120 30
120 33
120 36
120 38
120 45
120 59
120 63
120 66
120 68
120 76
120 77
120 79
120 80
120 87
120 90
120 95
120 96
120 104
120 106
120 114
120 125
120 141
121 4
121 5
121 12
121 16
121 19
121 25
121 26
121 27
121 28
121 44
121 46
121 48
121 53
121 56
121 60
121 64
121 71
121 78
121 89
121 94
121 97
121 106
121 126
121 138
121 141
121 142
121 149
122 0
122 1
122 3
122 6
122 13
122 15
122 19
122 21
122 22
122 23
122 31
122 42
122 44
122 46
122 48
122 52
122 54
122 55
122 56
122 59
122 60
122 62
122 77
122 79
122 80
122 81
122 83
122 85
122 89
122 97
122 98
122 102
122 111
122 113
122 117
122 118
122 138
122 140
122 142
122 146
122 147
123 1
123 6
123 9
123 10
123 13
123 20
123 26
123 28
123 42
123 45
123 53
123 56
123 57
123 59
123 63
123 67
123 71
123 80
123 86
123 89
123 90
123 91
123 92
123 93
123 101
123 102
123 113
123 115
123 116
123 119
123 122
123 125
123 127
123 134
123 139
124 2
124 10
124 15
124 16
124 22
124 26
124 40
124 44
124 49
124 56
124 57
124 64
124 67
124 69
124 71
124 82
124 85
124 87
124 94
124 99
124 100
124 103
124 113
124 118
124 119
124 120
124 122
124 123
124 125
124 134
124 141
125 20
125 31
125 36
125 37
125 39
125 49
125 57
125 68
125 69
125 73
125 75
125 81
125 86
125 92
125 98
125 104
125 110
125 130
125 137
125 140
125 144
125 147
125 148
126 1
126 6
126 7
126 9
126 10
126 11
126 13
126 17
126 20
126 22
126 24
126 26
126 29
126 32
126 37
126 45
126 47
126 82
126 85
126 89
126 98
126 99
126 104
126 107
126 109
126 117
126 122
126 126
126 132
126 140
126 145
127 2
127 4
127 8
127 13
127 15
127 19
127 20
127 25
127 29
127 31
127 36
127 38
127 55
127 57
127 61
127 62
127 64
127 66
127 70
127 74
127 75
127 76
127 83
127 84
127 87
127 90
127 91
127 108
127 109
127 120
127 122
127 127
127 129
127 130
127 134
127 135
127 136
127 137
128 0
128 1
128 2
128 6
128 9
128 10
128 17
128 26
128 35
128 37
128 38
128 40
128 41
128 52
128 56
128 57
128 58
128 67
128 72
128 73
128 76
128 85
128 86
128 99
128 105
128 112
128 115
128 116
128 117
128 125
128 128
128 129
128 130
128 131
128 132
128 135
128 142
129 3
129 4
129 17
129 18
129 22
129 28
129 33
129 36
129 37
129 42
129 45
129 54
129 56
129 68
129 78
129 79
129 80
129 86
129 91
129 97
129 104
129 110
129 115
129 117
129 133
129 138
130 0
130 3
130 16
130 17
130 26
130 29
130 36
130 37
130 40
130 48
130 50
130 53
130 67
130 68
130 73
130 99
130 107
130 110
130 113
130 116
130 131
130 134
130 137
130 143
130 147
131 1
131 6
131 8
131 13
131 21
131 35
131 39
131 49
131 52
131 54
131 55
131 63
131 66
131 69
131 71
131 73
131 80
131 85
131 92
131 96
131 101
131 103
131 113
131 118
131 119
131 120
131 124
131 126
131 127
131 128
131 141
131 143
132 5
132 6
132 12
132 14
132 17
132 18
132 25
132 31
132 34
132 36
132 53
132 55
132 57
132 59
132 69
132 76
132 79
132 82
132 91
132 94
132 96
132 97
132 102
132 105
132 107
132 115
132 121
132 124
132 127
132 131
132 132
132 133
132 143
132 144
133 12
133 20
133 21
133 23
133 26
133 27
133 32
133 45
133 46
133 50
133 51
133 54
133 56
133 67
133 68
133 75
133 77
133 79
133 88
133 100
133 102
133 104
133 114
133 129
133 137
133 142
133 145
134 0
134 1
134 5
134 6
134 8
134 13
134 17
134 23
134 24
134 26
134 30
134 31
134 35
134 36
134 43
134 49
134 50
134 57
134 59
134 68
134 76
134 83
134 89
134 99
134 107
134 108
134 116
134 122
134 124
134 144
134 148
135 0
135 6
135 31
135 34
135 41
135 42
135 50
135 53
135 55
135 56
135 58
135 62
135 73
135 74
135 75
135 78
135 82
135 90
135 91
135 99
135 101
135 102
135 108
135 117
135 124
135 128
135 130
135 134
136 1
136 5
136 7
136 8
136 9
136 16
136 17
136 23
136 24
136 27
136 30
136 34
136 39
136 47
136 50
136 51
136 54
136 56
136 71
136 84
136 87
136 88
136 89
136 98
136 102
136 104
136 108
136 110
136 116
136 119
136 120
136 121
136 128
136 132
136 136
136 146
137 1
137 13
137 15
137 16
137 19
137 24
137 34
137 51
137 54
137 63
137 66
137 82
137 85
137 90
137 109
137 123
137 131
137 136
137 140
137 145
137 147
138 0
138 1
138 6
138 10
138 11
138 20
138 37
138 39
138 40
138 43
138 46
138 50
138 56
138 59
138 63
138 71
138 74
138 78
138 84
138 85
138 89
138 91
138 92
138 107
138 114
138 116
138 118
138 122
138 123
138 125
138 129
138 130
138 134
138 139
138 141
139 3
139 5
139 11
139 13
139 16
139 19
139 27
139 51
139 58
139 62
139 64
139 65
139 66
139 69
139 71
139 77
139 78
139 95
139 98
139 100
139 120
139 121
139 124
139 127
139 130
139 134
139 147
140 8
140 11
140 20
140 21
140 27
140 30
140 33
140 34
140 36
140 38
140 39
140 42
140 47
140 49
140 54
140 55
140 58
140 68
140 74
140 79
140 89
140 93
140 95
140 99
140 100
140 104
140 107
140 110
140 117
140 119
140 121
140 122
140 123
140 125
140 131
140 136
140 144
140 148
141 0
141 5
141 6
141 11
141 12
141 14
141 20
141 22
141 30
141 41
141 42
141 50
141 52
141 56
141 57
141 61
141 65
141 70
141 74
141 77
141 85
141 90
141 98
141 101
141 109
141 111
141 118
141 120
141 122
141 126
141 134
141 136
141 142
141 144
142 9
142 10
142 18
142 25
142 31
142 35
142 38
142 44
142 45
142 48
142 61
142 62
142 71
142 84
142 88
142 89
142 90
142 93
142 98
142 100
142 110
142 114
142 117
142 128
142 140
142 142
143 3
143 6
143 14
143 19
143 20
143 29
143 32
143 33
143 34
143 54
143 58
143 59
143 62
143 64
143 67
143 70
143 71
143 72
143 78
143 80
143 82
143 85
143 86
143 88
143 91
143 95
143 104
143 106
143 112
143 116
143 117
143 119
143 120
143 122
143 126
143 134
143 137
143 138
143 139
144 2
144 22
144 37
144 44
144 46
144 51
144 82
144 92
144 93
144 98
144 102
144 103
144 111
144 114
144 120
144 133
144 145
144 147
145 3
145 4
145 7
145 10
145 16
145 25
145 27
145 28
145 30
145 32
145 34
145 36
145 42
145 52
145 55
145 57
145 60
145 62
145 63
145 71
145 73
145 86
145 89
145 94
145 95
145 99
145 103
145 107
145 109
145 125
145 131
145 135
145 142
146 0
146 3
146 5
146 9
146 13
146 15
146 17
146 19
146 20
146 32
146 33
146 35
146 37
146 42
146 48
146 51
146 62
146 64
146 71
146 76
146 81
146 88
146 90
146 112
146 113
146 116
146 119
146 120
146 128
146 136
146 149
147 7
147 25
147 28
147 35
147 39
147 40
147 43
147 46
147 55
147 57
147 60
147 62
147 66
147 69
147 72
147 78
147 79
147 81
147 82
147 85
147 86
147 89
147 90
147 94
147 99
147 106
147 116
147 117
147 118
147 123
147 125
147 128
147 132
147 133
147 136
147 138
147 146
147 148
148 12
148 16
148 21
148 26
148 29
148 38
148 39
148 48
148 56
148 58
148 59
148 60
148 62
148 66
148 67
148 72
148 78
148 80
148 99
148 102
148 103
148 107
148 108
148 110
148 111
148 119
148 122
148 133
148 139
149 1
149 3
149 11
149 15
149 20
149 33
149 37
149 54
149 58
149 59
149 64
149 69
149 72
149 75
149 90
149 96
149 100
149 120
149 121
149 124
149 135
149 136
