150
2250
0 3
0 9
0 28
0 41
0 44
0 45
0 53
0 56
0 57
0 61
0 66
0 80
0 87
0 89
0 92
0 105
0 127
0 139
0 143
0 144
0 146
0 148
1 2
1 3
1 9
1 13
1 17
1 20
1 29
1 41
1 45
1 48
1 50
1 60
1 77
1 78
1 81
1 82
1 83
1 112
2 6
2 12
2 16
2 19
2 24
2 42
2 62
2 101
2 103
2 106
2 117
2 121
2 124
2 136
3 18
3 51
3 54
3 61
3 66
3 79
3 92
3 96
3 105
3 113
3 122
3 123
3 129
3 139
4 1
4 3
4 5
4 17
4 34
4 40
4 42
4 51
4 62
4 64
4 65
4 69
4 73
4 77
4 81
4 111
4 127
5 1
5 22
5 50
5 54
5 56
5 64
5 89
5 103
5 117
5 120
5 125
5 129
5 140
5 143
6 0
6 2
6 18
6 19
6 33
6 52
6 61
6 74
6 78
6 83
6 84
6 96
6 107
6 109
6 112
6 131
7 7
7 13
7 15
7 16
7 22
7 36
7 45
7 54
7 55
7 61
7 67
7 77
7 86
7 92
7 94
7 110
7 116
7 120
7 121
7 129
7 142
7 145
8 8
8 10
8 13
8 20
8 40
8 46
8 50
8 56
8 61
8 82
8 86
8 103
8 106
8 118
8 126
8 136
8 137
8 147
9 10
9 16
9 26
9 29
9 38
9 40
9 49
9 65
9 68
9 100
9 101
9 116
9 117
9 121
9 128
9 145
9 149
10 6
10 19
10 21
10 24
10 41
10 63
10 69
10 76
10 83
10 87
10 99
10 120
10 142
10 149
11 5
11 9
11 12
11 20
11 22
11 26
11 33
11 41
11 42
11 53
11 65
11 68
11 73
11 76
11 78
11 86
11 87
11 102
11 110
11 120
11 121
11 123
11 125
12 12
12 16
12 29
12 36
12 37
12 40
12 43
12 46
12 51
12 78
12 86
12 110
12 142
13 3
13 11
13 29
13 47
13 48
13 57
13 58
13 86
13 121
13 123
13 142
14 9
14 11
14 14
14 17
14 34
14 40
14 50
14 56
14 67
14 79
14 80
14 101
14 122
14 149
15 35
15 61
15 68
15 76
15 111
16 4
16 15
16 26
16 37
16 41
16 43
16 54
16 55
16 74
16 89
16 92
16 108
16 111
16 118
16 125
16 136
16 146
16 147
17 0
17 18
17 37
17 40
17 44
17 48
17 52
17 61
17 78
17 86
17 91
17 94
17 112
17 142
17 148
18 1
18 13
18 24
18 36
18 43
18 56
18 66
18 73
18 77
18 89
18 92
18 94
18 101
18 107
18 115
18 147
18 149
19 0
19 5
19 15
19 43
19 64
19 83
19 97
19 98
19 105
19 112
19 114
19 116
19 123
19 141
19 145
20 2
20 55
20 59
20 81
20 88
20 93
20 97
20 100
20 101
20 128
21 16
21 34
21 35
21 60
21 74
21 93
21 94
21 95
21 100
21 105
21 110
21 126
21 137
21 146
22 3
22 33
22 61
22 73
22 75
22 81
22 91
22 92
22 96
22 97
22 107
22 120
22 123
22 140
22 141
23 24
23 30
23 47
23 48
23 52
23 54
23 56
23 72
23 73
23 84
23 96
23 133
23 143
23 146
24 18
24 61
24 65
24 69
24 79
24 87
24 92
24 95
24 117
24 119
24 123
24 125
24 127
24 136
25 34
25 76
25 96
25 120
25 123
25 135
25 138
26 6
26 12
26 27
26 30
26 31
26 63
26 66
26 70
26 83
26 84
26 85
26 93
26 107
26 113
26 117
26 119
26 120
26 131
26 135
26 145
27 22
27 24
27 25
27 49
27 56
27 79
27 80
27 83
27 100
27 109
27 119
27 137
28 5
28 7
28 10
28 12
28 15
28 17
28 18
28 20
28 25
28 28
28 40
28 44
28 64
28 85
28 98
28 126
28 129
28 131
28 134
28 141
29 1
29 7
29 22
29 24
29 33
29 45
29 53
29 69
29 70
29 72
29 73
29 89
29 93
29 97
29 111
29 116
29 140
29 144
29 146
29 148
30 9
30 25
30 62
30 74
30 77
30 86
30 91
30 100
30 122
30 126
30 129
30 130
30 132
30 138
30 139
31 3
31 11
31 18
31 24
31 41
31 55
31 64
31 91
31 98
31 100
31 101
31 102
31 111
31 114
31 134
32 23
32 32
32 46
32 47
32 80
32 113
32 120
32 131
32 136
32 146
32 148
32 149
33 13
33 16
33 28
33 40
33 48
33 59
33 71
33 77
33 80
33 95
33 99
33 109
33 113
33 116
33 121
33 130
33 134
34 11
34 14
34 17
34 18
34 19
34 43
34 60
34 64
34 66
34 71
34 83
34 98
34 112
34 117
34 126
34 133
34 149
35 7
35 24
35 26
35 30
35 45
35 46
35 53
35 58
35 64
35 71
35 79
35 95
35 108
35 119
35 130
35 131
35 137
35 144
36 2
36 4
36 8
36 26
36 45
36 55
36 56
36 66
36 67
36 91
36 98
36 123
36 140
36 147
37 3
37 24
37 45
37 86
37 89
37 102
37 139
37 145
37 148
38 14
38 34
38 35
38 80
38 100
38 106
38 107
38 118
38 123
38 126
38 129
38 130
38 138
38 141
39 5
39 6
39 9
39 15
39 22
39 23
39 38
39 42
39 48
39 56
39 62
39 63
39 69
39 72
39 83
39 90
39 92
39 93
39 96
39 97
39 118
39 119
39 125
39 130
39 133
39 138
40 3
40 23
40 33
40 47
40 58
40 60
40 68
40 76
40 79
40 95
40 96
40 98
40 109
40 130
40 135
41 7
41 22
41 25
41 28
41 39
41 46
41 78
41 93
41 107
41 129
42 1
42 8
42 32
42 60
42 79
42 101
42 109
42 122
42 125
42 127
42 145
42 147
43 3
43 77
43 85
43 115
43 120
43 126
43 133
43 134
43 141
43 148
44 5
44 12
44 15
44 17
44 29
44 36
44 62
44 71
44 93
44 101
44 107
44 116
44 130
45 9
45 19
45 21
45 23
45 31
45 32
45 44
45 57
45 59
45 66
45 74
45 91
45 120
45 124
45 135
45 140
45 143
45 147
46 23
46 39
46 50
46 66
46 90
46 97
46 138
46 141
46 145
47 18
47 22
47 25
47 34
47 40
47 53
47 70
47 72
47 79
47 88
47 91
47 100
47 104
47 111
47 115
47 140
48 8
48 27
48 29
48 43
48 66
48 83
48 111
48 125
48 129
48 131
48 135
48 137
49 7
49 10
49 67
49 80
49 83
49 86
49 104
49 109
49 117
49 135
49 139
49 145
50 10
50 14
50 15
50 16
50 25
50 28
50 32
50 33
50 49
50 59
50 72
50 75
50 78
50 81
50 85
50 86
50 88
50 102
50 130
50 136
50 144
51 37
51 45
51 67
51 71
51 82
51 100
51 103
51 127
51 137
52 3
52 7
52 12
52 19
52 24
52 33
52 44
52 51
52 70
52 80
52 98
52 104
52 109
52 135
52 137
53 0
53 14
53 22
53 35
53 60
53 62
53 71
53 80
53 100
53 119
53 120
53 128
53 134
53 138
54 18
54 33
54 34
54 47
54 60
54 61
54 69
54 77
54 79
54 82
54 84
54 110
54 127
54 143
54 147
55 0
55 8
55 13
55 32
55 37
55 41
55 42
55 49
55 60
55 76
55 79
55 105
55 117
55 119
55 123
56 6
56 15
56 35
56 46
56 49
56 53
56 59
56 63
56 73
56 78
56 98
56 101
56 121
56 139
56 142
56 144
57 10
57 16
57 19
57 35
57 62
57 73
57 80
57 92
57 96
57 98
57 105
57 111
57 126
57 128
57 135
58 0
58 2
58 5
58 17
58 19
58 27
58 33
58 34
58 45
58 53
58 56
58 59
58 67
58 70
58 79
58 81
58 95
58 108
58 110
58 118
58 136
58 145
59 12
59 32
59 43
59 51
59 59
59 84
59 87
59 94
59 100
59 108
59 111
59 120
59 123
59 140
59 148
60 13
60 18
60 27
60 31
60 59
60 90
60 100
60 105
60 111
60 121
60 129
60 130
60 135
61 3
61 6
61 12
61 33
61 50
61 61
61 65
61 79
61 92
61 117
62 24
62 33
62 36
62 44
62 47
62 51
62 52
62 53
62 66
62 71
62 78
62 79
62 105
62 109
62 110
62 113
62 129
62 139
62 143
63 0
63 36
63 37
63 38
63 51
63 53
63 64
63 79
63 82
63 89
63 96
63 106
63 111
63 117
63 123
63 139
64 0
64 5
64 10
64 15
64 20
64 24
64 26
64 50
64 51
64 55
64 57
64 59
64 60
64 65
64 79
64 90
64 98
64 100
64 109
64 120
64 125
64 128
64 133
64 137
64 140
64 141
65 18
65 25
65 34
65 54
65 61
65 66
65 77
65 80
65 85
65 90
65 98
65 100
65 102
65 117
65 118
66 7
66 19
66 25
66 34
66 37
66 40
66 45
66 54
66 91
66 113
66 128
66 143
66 147
67 3
67 19
67 47
67 55
67 57
67 62
67 64
67 71
67 84
67 85
67 141
67 143
67 145
68 24
68 45
68 51
68 56
68 60
68 73
68 93
68 102
68 142
68 147
69 17
69 27
69 31
69 49
69 51
69 56
69 68
69 92
69 96
69 97
69 100
69 101
70 7
70 15
70 20
70 21
70 29
70 34
70 41
70 43
70 49
70 50
70 52
70 55
70 73
70 81
70 89
70 117
70 128
70 132
70 142
71 10
71 18
71 32
71 33
71 64
71 100
71 101
71 102
71 106
71 110
71 112
71 115
71 120
71 121
71 134
72 8
72 9
72 41
72 42
72 43
72 63
72 65
72 66
72 69
72 74
72 80
72 82
72 92
72 102
72 103
72 128
72 129
72 145
73 2
73 17
73 18
73 24
73 26
73 34
73 37
73 59
73 66
73 83
73 99
73 121
73 144
73 146
73 147
73 149
74 10
74 19
74 48
74 66
74 68
74 69
74 70
74 72
74 76
74 115
74 140
74 144
75 10
75 35
75 46
75 48
75 80
75 103
75 112
75 125
75 126
75 129
75 135
75 138
76 20
76 32
76 34
76 44
76 58
76 60
76 72
76 109
76 116
76 136
76 137
76 139
77 1
77 4
77 12
77 18
77 26
77 35
77 52
77 54
77 69
77 70
77 72
77 75
77 90
77 108
77 111
77 126
77 128
77 141
78 2
78 3
78 9
78 10
78 15
78 31
78 33
78 51
78 52
78 60
78 81
78 90
78 116
78 144
79 10
79 28
79 35
79 39
79 44
79 52
79 61
79 65
79 72
79 73
79 74
79 75
79 92
79 95
79 102
79 104
79 108
79 126
79 130
79 136
80 26
80 38
80 39
80 75
80 105
80 125
81 9
81 16
81 29
81 38
81 49
81 50
81 55
81 60
81 69
81 78
81 126
81 148
82 4
82 11
82 14
82 21
82 33
82 50
82 53
82 65
82 68
82 73
82 97
82 98
82 100
82 118
82 119
82 125
82 127
82 130
82 143
82 144
83 6
83 9
83 16
83 38
83 51
83 52
83 66
83 75
83 91
83 100
83 104
83 113
83 118
83 126
83 128
83 131
83 140
83 143
84 12
84 16
84 17
84 22
84 53
84 64
84 72
84 91
84 99
84 102
84 105
84 109
84 123
85 7
85 12
85 26
85 29
85 31
85 40
85 44
85 52
85 69
85 80
85 86
85 87
85 88
85 92
85 106
85 113
85 116
85 128
86 8
86 20
86 24
86 29
86 37
86 47
86 49
86 66
86 75
86 76
86 79
86 94
86 135
87 11
87 21
87 25
87 31
87 37
87 66
87 97
87 106
87 116
87 119
87 130
88 14
88 28
88 29
88 39
88 42
88 62
88 85
88 87
88 91
88 109
88 123
88 126
88 139
89 28
89 38
89 60
89 70
89 76
89 85
89 90
89 97
89 113
89 115
89 116
89 121
89 129
89 130
89 131
89 141
90 9
90 31
90 33
90 45
90 64
90 73
90 74
90 90
90 98
90 108
90 145
91 1
91 13
91 14
91 22
91 33
91 36
91 63
91 76
91 90
91 95
91 125
91 133
91 138
91 147
92 6
92 18
92 34
92 35
92 40
92 43
92 45
92 64
92 70
92 96
92 119
92 139
92 140
92 142
93 4
93 19
93 25
93 28
93 37
93 44
93 67
93 70
93 76
93 93
93 111
93 121
93 125
93 131
93 142
93 149
94 0
94 1
94 13
94 16
94 38
94 57
94 58
94 64
94 68
94 93
94 107
94 139
95 2
95 10
95 13
95 28
95 31
95 34
95 45
95 54
95 96
95 97
95 119
95 121
95 128
95 140
95 142
96 11
96 34
96 42
96 53
96 54
96 57
96 59
96 72
96 98
96 118
96 126
96 128
96 130
96 133
97 0
97 30
97 33
97 61
97 69
97 80
97 85
97 91
97 93
97 94
97 100
97 113
97 142
97 146
98 12
98 19
98 39
98 64
98 66
98 67
98 68
98 87
98 104
98 108
98 118
98 125
98 133
98 143
98 149
99 19
99 22
99 28
99 31
99 35
99 47
99 49
99 50
99 81
99 89
99 99
99 100
99 103
99 136
99 142
99 149
100 0
100 4
100 10
100 18
100 21
100 33
100 38
100 52
100 66
100 75
100 106
100 108
100 110
100 137
100 140
101 24
101 26
101 28
101 32
101 40
101 53
101 54
101 57
101 77
101 88
101 102
101 112
101 114
101 116
101 118
101 123
102 22
102 32
102 53
102 88
102 102
102 106
102 144
103 16
103 19
103 42
103 44
103 57
103 61
103 75
103 81
103 89
103 103
103 104
103 107
103 122
103 130
103 135
103 136
103 143
103 146
104 1
104 3
104 14
104 19
104 27
104 37
104 42
104 43
104 46
104 64
104 67
104 69
104 83
104 100
104 115
104 124
104 135
104 136
104 144
105 33
105 40
105 63
105 66
105 74
105 77
105 83
105 91
105 95
105 106
105 108
105 116
105 126
105 127
105 134
106 1
106 16
106 18
106 25
106 59
106 63
106 65
106 71
106 81
106 86
106 97
106 133
106 137
107 62
107 66
107 68
107 72
107 79
107 83
107 89
107 92
107 100
107 107
107 112
108 3
108 9
108 10
108 18
108 24
108 54
108 80
108 84
108 85
108 103
108 104
108 117
108 141
108 142
109 3
109 10
109 15
109 21
109 25
109 29
109 30
109 52
109 95
109 118
110 22
110 27
110 30
110 42
110 47
110 49
110 66
110 70
110 90
110 96
110 103
110 119
110 122
110 132
110 135
110 138
110 140
110 142
110 145
110 146
111 6
111 23
111 26
111 30
111 32
111 42
111 51
111 78
111 103
111 106
111 115
111 116
111 142
112 6
112 17
112 38
112 42
112 44
112 61
112 62
112 69
112 90
112 120
112 129
112 133
112 141
113 22
113 33
113 42
113 49
113 54
113 61
113 73
113 87
113 89
113 99
113 101
113 105
113 108
113 121
113 122
113 126
113 136
113 146
113 147
114 4
114 6
114 9
114 10
114 25
114 31
114 40
114 44
114 61
114 83
114 87
114 88
114 95
114 110
114 114
114 134
115 3
115 7
115 17
115 27
115 49
115 54
115 67
115 74
115 86
115 110
115 115
115 116
115 119
115 125
115 136
116 22
116 29
116 38
116 44
116 61
116 71
116 89
116 90
116 109
116 114
116 123
116 124
117 9
117 17
117 27
117 30
117 43
117 63
117 65
117 70
117 86
117 105
117 117
117 121
117 124
117 141
117 143
118 1
118 20
118 26
118 35
118 45
118 66
118 76
118 93
118 94
118 98
118 101
118 103
118 105
118 106
118 108
118 110
118 119
118 140
118 148
119 44
119 55
119 71
119 83
119 95
119 98
119 100
119 131
120 1
120 5
120 7
120 30
120 49
120 57
120 68
120 71
120 81
120 89
120 90
120 92
120 93
120 107
120 112
120 119
120 137
120 146
121 21
121 61
121 73
121 99
121 103
121 115
121 122
122 11
122 20
122 30
122 32
122 37
122 38
122 52
122 54
122 56
122 85
122 88
122 101
122 127
122 129
122 134
122 139
122 147
123 5
123 7
123 22
123 24
123 50
123 58
123 60
123 66
123 68
123 69
123 70
123 84
123 90
123 98
123 100
123 116
123 120
123 139
123 141
124 24
124 35
124 44
124 47
124 57
124 72
124 83
124 94
124 105
124 111
124 125
125 22
125 30
125 34
125 37
125 51
125 53
125 54
125 63
125 64
125 106
125 126
125 128
125 132
125 134
125 142
125 143
125 146
126 9
126 10
126 34
126 36
126 42
126 44
126 49
126 60
126 65
126 69
126 90
126 91
126 101
126 111
126 118
126 125
126 132
126 146
126 147
127 45
127 63
127 70
127 76
127 100
127 101
127 102
127 105
127 112
127 128
127 144
127 146
128 4
128 5
128 23
128 39
128 55
128 57
128 63
128 75
128 80
128 90
128 94
128 109
128 110
128 139
129 8
129 45
129 58
129 64
129 68
129 88
129 91
129 99
129 100
129 102
129 108
129 111
129 115
129 116
129 128
129 132
129 149
130 0
130 36
130 43
130 49
130 50
130 70
130 78
130 130
130 138
131 3
131 8
131 9
131 22
131 38
131 76
131 80
131 85
131 90
131 106
131 117
131 120
131 126
131 131
131 139
131 140
132 4
132 5
132 6
132 9
132 17
132 18
132 20
132 32
132 37
132 67
132 68
132 75
132 76
132 85
132 89
132 101
132 116
132 119
132 124
132 126
132 137
132 144
132 149
133 1
133 5
133 22
133 25
133 27
133 30
133 62
133 70
133 83
133 118
133 126
133 129
133 133
133 137
133 146
134 4
134 7
134 16
134 17
134 21
134 22
134 43
134 49
134 61
134 71
134 74
134 87
134 99
134 103
134 105
134 108
134 136
134 137
134 145
135 1
135 6
135 8
135 26
135 28
135 32
135 46
135 74
135 80
135 86
135 94
135 95
135 97
135 124
136 1
136 6
136 23
136 55
136 71
136 79
136 130
136 142
136 144
137 5
137 7
137 28
137 34
137 39
137 52
137 53
137 58
137 75
137 79
137 82
137 88
137 113
137 117
137 119
137 126
137 131
137 134
137 140
138 1
138 34
138 48
138 57
138 69
138 72
138 74
138 86
138 87
138 89
138 97
138 99
138 115
138 118
138 137
138 147
139 5
139 8
139 15
139 29
139 32
139 34
139 62
139 72
139 86
139 93
139 94
139 138
139 142
140 16
140 19
140 47
140 52
140 70
140 78
140 92
140 109
140 113
140 126
140 144
141 11
141 44
141 58
141 72
141 73
141 79
141 81
141 85
141 89
141 90
141 91
141 100
141 120
141 140
141 141
142 2
142 12
142 23
142 28
142 30
142 32
142 61
142 66
142 81
142 113
142 118
142 131
142 132
142 134
142 136
142 138
142 140
143 15
143 18
143 19
143 32
143 49
143 63
143 65
143 70
143 82
143 92
143 114
143 115
143 117
143 141
144 2
144 26
144 28
144 32
144 33
144 38
144 44
144 51
144 53
144 54
144 56
144 64
144 66
144 88
144 93
144 96
144 102
144 133
144 134
144 143
145 6
145 13
145 33
145 44
145 45
145 47
145 52
145 55
145 72
145 104
145 114
145 137
145 147
146 0
146 11
146 13
146 15
146 31
146 32
146 33
146 37
146 45
146 46
146 53
146 64
146 74
146 79
146 86
146 102
146 117
146 121
146 131
146 140
146 145
147 1
147 28
147 39
147 45
147 54
147 80
147 94
147 102
147 110
147 112
147 117
147 122
147 123
147 126
148 1
148 3
148 5
148 8
148 26
148 29
148 37
148 41
148 46
148 50
148 53
148 61
148 62
148 69
148 90
148 101
148 105
148 106
148 112
148 122
148 124
148 129
148 130
148 140
148 142
148 143
148 144
148 145
148 149
149 50
149 56
149 57
149 58
149 63
149 73
149 83
149 84
149 87
149 99
149 105
149 107
149 115
149 120
149 127
149 128
