150
9000
0 0
0 2
0 5
0 12
0 13
0 18
0 23
0 27
0 28
0 29
0 32
0 35
0 38
0 39
0 40
0 41
0 42
0 47
0 48
0 50
0 53
0 55
0 59
0 60
0 61
0 63
0 64
0 65
0 68
0 69
0 73
0 75
0 81
0 83
0 84
0 86
0 87
0 88
0 90
0 93
0 100
0 101
0 102
0 104
0 105
0 106
0 112
0 113
0 118
0 119
0 122
0 123
0 130
0 135
0 138
0 139
0 140
0 141
0 147
0 148
1 0
1 2
1 4
1 6
1 8
1 15
1 16
1 17
1 18
1 20
1 21
1 26
1 27
1 30
1 35
1 37
1 38
1 40
1 47
1 50
1 53
1 55
1 56
1 63
1 68
1 70
1 71
1 72
1 76
1 77
1 78
1 86
1 87
1 89
1 90
1 91
1 95
1 97
1 99
1 100
1 101
1 102
1 103
1 106
1 107
1 108
1 110
1 112
1 113
1 114
1 118
1 119
1 120
1 121
1 128
1 131
1 132
1 134
1 136
1 137
1 138
1 140
1 146
1 147
1 148
1 149
2 0
2 5
2 6
2 9
2 10
2 11
2 13
2 17
2 18
2 19
2 23
2 24
2 25
2 26
2 27
2 32
2 34
2 35
2 36
2 37
2 39
2 40
2 41
2 44
2 46
2 47
2 51
2 52
2 56
2 59
2 60
2 63
2 65
2 69
2 72
2 75
2 76
2 77
2 81
2 83
2 89
2 91
2 92
2 96
2 97
2 103
2 106
2 108
2 113
2 120
2 123
2 124
2 125
2 128
2 129
2 130
2 131
2 132
2 133
2 134
2 135
2 137
2 139
2 144
2 145
2 146
2 147
3 1
3 5
3 7
3 14
3 17
3 23
3 25
3 27
3 29
3 30
3 31
3 34
3 37
3 42
3 47
3 50
3 53
3 57
3 61
3 62
3 64
3 68
3 69
3 70
3 72
3 74
3 78
3 83
3 85
3 86
3 88
3 90
3 92
3 98
3 99
3 103
3 104
3 105
3 112
3 116
3 117
3 120
3 121
3 129
3 131
3 132
3 136
3 140
3 142
3 143
3 144
3 146
3 147
3 148
4 1
4 3
4 4
4 6
4 9
4 10
4 11
4 17
4 19
4 20
4 21
4 22
4 34
4 39
4 40
4 44
4 45
4 47
4 55
4 56
4 57
4 60
4 61
4 64
4 68
4 70
4 72
4 77
4 79
4 81
4 82
4 89
4 91
4 95
4 96
4 98
4 101
4 102
4 103
4 106
4 108
4 116
4 117
4 122
4 123
4 124
4 126
4 128
4 130
4 132
4 134
4 135
4 136
4 137
4 141
4 142
4 143
4 147
4 148
5 0
5 2
5 3
5 6
5 8
5 10
5 12
5 16
5 19
5 22
5 26
5 29
5 31
5 35
5 39
5 40
5 44
5 50
5 55
5 56
5 59
5 60
5 61
5 62
5 63
5 64
5 65
5 66
5 69
5 70
5 72
5 74
5 76
5 79
5 82
5 84
5 86
5 87
5 88
5 91
5 92
5 97
5 98
5 100
5 101
5 102
5 105
5 106
5 107
5 108
5 113
5 119
5 128
5 129
5 130
5 136
5 137
5 138
5 144
5 145
5 147
5 148
5 149
6 3
6 4
6 5
6 7
6 8
6 11
6 12
6 16
6 21
6 22
6 24
6 25
6 31
6 33
6 36
6 38
6 39
6 43
6 45
6 46
6 48
6 51
6 54
6 55
6 56
6 60
6 61
6 63
6 65
6 66
6 68
6 69
6 70
6 73
6 78
6 83
6 86
6 88
6 90
6 91
6 95
6 98
6 101
6 102
6 104
6 106
6 108
6 109
6 110
6 112
6 114
6 115
6 117
6 118
6 120
6 121
6 123
6 124
6 131
6 133
6 137
6 144
6 146
6 149
7 0
7 1
7 2
7 5
7 9
7 10
7 11
7 14
7 15
7 17
7 19
7 22
7 25
7 26
7 27
7 28
7 30
7 31
7 34
7 35
7 36
7 38
7 40
7 41
7 42
7 43
7 44
7 47
7 51
7 55
7 58
7 63
7 65
7 67
7 68
7 74
7 77
7 78
7 80
7 83
7 85
7 86
7 87
7 88
7 91
7 96
7 97
7 105
7 107
7 108
7 110
7 111
7 112
7 115
7 116
7 118
7 119
7 121
7 125
7 126
7 128
7 136
7 140
7 142
7 147
8 0
8 2
8 3
8 5
8 6
8 7
8 9
8 13
8 18
8 19
8 23
8 28
8 32
8 35
8 37
8 40
8 42
8 47
8 48
8 49
8 54
8 55
8 60
8 61
8 62
8 65
8 66
8 68
8 80
8 82
8 83
8 84
8 85
8 87
8 88
8 89
8 93
8 98
8 99
8 102
8 103
8 104
8 106
8 109
8 112
8 113
8 114
8 115
8 119
8 121
8 122
8 123
8 126
8 130
8 132
8 134
8 135
8 137
8 138
8 142
8 144
8 146
8 149
9 4
9 5
9 8
9 11
9 13
9 16
9 19
9 22
9 26
9 28
9 30
9 33
9 37
9 38
9 40
9 46
9 51
9 52
9 55
9 56
9 61
9 67
9 68
9 69
9 73
9 75
9 80
9 81
9 84
9 85
9 86
9 88
9 93
9 97
9 98
9 99
9 104
9 106
9 107
9 108
9 109
9 111
9 114
9 116
9 118
9 119
9 120
9 121
9 127
9 129
9 131
9 133
9 135
9 140
9 141
9 142
9 145
10 1
10 6
10 7
10 8
10 10
10 12
10 14
10 20
10 22
10 27
10 28
10 30
10 37
10 38
10 40
10 42
10 49
10 50
10 51
10 53
10 54
10 55
10 62
10 66
10 69
10 70
10 73
10 74
10 80
10 85
10 89
10 91
10 93
10 94
10 95
10 98
10 100
10 101
10 103
10 104
10 109
10 112
10 114
10 115
10 117
10 118
10 119
10 120
10 123
10 130
10 131
10 132
10 133
10 134
10 135
10 138
10 140
10 142
10 144
10 146
11 2
11 3
11 6
11 13
11 14
11 18
11 23
11 24
11 32
11 34
11 39
11 43
11 52
11 54
11 56
11 59
11 60
11 61
11 66
11 67
11 68
11 69
11 75
11 76
11 78
11 82
11 85
11 88
11 90
11 93
11 94
11 97
11 99
11 102
11 104
11 108
11 111
11 113
11 114
11 118
11 120
11 121
11 124
11 125
11 130
11 134
11 142
11 143
11 146
11 149
12 1
12 2
12 3
12 4
12 5
12 6
12 8
12 16
12 19
12 25
12 38
12 41
12 42
12 44
12 45
12 51
12 54
12 56
12 58
12 60
12 62
12 64
12 65
12 71
12 73
12 79
12 80
12 81
12 90
12 91
12 92
12 95
12 96
12 102
12 103
12 105
12 106
12 109
12 110
12 111
12 115
12 116
12 117
12 118
12 119
12 123
12 124
12 125
12 130
12 135
12 138
12 139
12 145
12 146
12 149
13 0
13 1
13 5
13 6
13 8
13 10
13 11
13 12
13 15
13 16
13 21
13 23
13 26
13 32
13 34
13 37
13 45
13 47
13 53
13 56
13 57
13 58
13 60
13 61
13 62
13 63
13 66
13 71
13 72
13 73
13 75
13 76
13 84
13 87
13 88
13 91
13 94
13 95
13 96
13 97
13 98
13 99
13 100
13 101
13 104
13 106
13 110
13 114
13 119
13 120
13 122
13 125
13 126
13 127
13 128
13 129
13 130
13 131
13 133
13 138
13 139
13 140
13 141
14 3
14 5
14 6
14 9
14 17
14 20
14 21
14 22
14 27
14 29
14 31
14 34
14 36
14 38
14 40
14 45
14 52
14 55
14 57
14 60
14 62
14 66
14 76
14 77
14 87
14 92
14 93
14 96
14 97
14 100
14 101
14 102
14 106
14 112
14 113
14 117
14 120
14 121
14 124
14 126
14 131
14 132
14 133
14 134
14 136
14 138
14 143
14 144
14 146
14 147
14 148
15 2
15 5
15 14
15 15
15 20
15 24
15 25
15 26
15 28
15 31
15 34
15 37
15 39
15 41
15 42
15 44
15 46
15 48
15 50
15 51
15 55
15 57
15 59
15 61
15 67
15 68
15 69
15 71
15 76
15 77
15 81
15 82
15 86
15 88
15 89
15 90
15 93
15 94
15 95
15 96
15 98
15 99
15 102
15 103
15 105
15 106
15 111
15 114
15 115
15 119
15 120
15 123
15 124
15 126
15 128
15 133
15 134
15 135
15 138
15 141
15 142
15 146
15 148
16 0
16 2
16 5
16 6
16 7
16 9
16 10
16 11
16 13
16 17
16 20
16 22
16 25
16 26
16 28
16 33
16 34
16 35
16 36
16 37
16 41
16 44
16 46
16 52
16 53
16 57
16 62
16 63
16 65
16 66
16 68
16 70
16 73
16 76
16 77
16 78
16 81
16 82
16 84
16 85
16 86
16 87
16 91
16 93
16 94
16 97
16 99
16 101
16 102
16 103
16 105
16 107
16 109
16 110
16 112
16 113
16 117
16 119
16 120
16 122
16 124
16 126
16 128
16 135
16 136
16 138
16 139
16 141
16 145
16 148
17 2
17 3
17 5
17 7
17 8
17 9
17 11
17 15
17 16
17 18
17 20
17 21
17 22
17 23
17 25
17 27
17 28
17 32
17 34
17 35
17 38
17 40
17 47
17 50
17 52
17 55
17 59
17 60
17 65
17 67
17 68
17 69
17 70
17 74
17 75
17 77
17 84
17 85
17 86
17 92
17 96
17 100
17 101
17 102
17 104
17 105
17 107
17 111
17 114
17 115
17 117
17 118
17 120
17 124
17 125
17 129
17 130
17 132
17 135
17 139
17 141
17 142
17 143
17 144
17 145
17 146
17 149
18 0
18 1
18 4
18 5
18 11
18 12
18 14
18 15
18 16
18 18
18 19
18 24
18 29
18 30
18 33
18 34
18 38
18 39
18 40
18 45
18 49
18 56
18 63
18 67
18 69
18 73
18 74
18 76
18 78
18 80
18 85
18 89
18 90
18 91
18 94
18 95
18 97
18 103
18 104
18 105
18 109
18 112
18 113
18 114
18 117
18 119
18 120
18 121
18 123
18 124
18 126
18 135
18 136
18 137
18 141
18 143
18 144
18 145
18 148
18 149
19 2
19 5
19 7
19 9
19 12
19 15
19 22
19 28
19 30
19 31
19 34
19 35
19 42
19 43
19 49
19 54
19 56
19 57
19 64
19 65
19 69
19 70
19 75
19 79
19 80
19 85
19 88
19 91
19 94
19 96
19 98
19 103
19 105
19 106
19 116
19 117
19 124
19 127
19 128
19 129
19 131
19 133
19 135
19 138
19 140
20 0
20 2
20 6
20 8
20 9
20 15
20 16
20 18
20 20
20 22
20 29
20 30
20 33
20 34
20 35
20 36
20 39
20 42
20 44
20 53
20 58
20 59
20 61
20 66
20 67
20 70
20 72
20 73
20 74
20 75
20 77
20 79
20 80
20 84
20 86
20 92
20 94
20 96
20 98
20 100
20 103
20 104
20 106
20 107
20 108
20 110
20 112
20 113
20 116
20 117
20 118
20 119
20 121
20 126
20 127
20 128
20 129
20 130
20 134
20 136
20 139
20 142
20 146
20 147
20 149
21 0
21 1
21 3
21 9
21 10
21 12
21 15
21 21
21 23
21 24
21 27
21 31
21 36
21 38
21 41
21 45
21 48
21 51
21 52
21 54
21 61
21 64
21 66
21 67
21 69
21 72
21 75
21 78
21 81
21 82
21 85
21 96
21 97
21 98
21 99
21 102
21 105
21 106
21 107
21 108
21 109
21 110
21 111
21 113
21 114
21 115
21 117
21 118
21 121
21 122
21 126
21 127
21 128
21 131
21 132
21 134
21 136
21 138
21 140
21 146
21 147
22 1
22 2
22 5
22 6
22 8
22 12
22 14
22 17
22 21
22 22
22 26
22 27
22 31
22 35
22 36
22 38
22 42
22 43
22 49
22 50
22 51
22 55
22 57
22 58
22 60
22 62
22 63
22 64
22 67
22 68
22 70
22 73
22 74
22 77
22 79
22 84
22 85
22 89
22 92
22 93
22 98
22 100
22 104
22 105
22 111
22 113
22 115
22 119
22 121
22 128
22 138
22 139
22 140
22 142
22 144
22 145
23 0
23 1
23 2
23 3
23 4
23 5
23 7
23 8
23 9
23 12
23 13
23 14
23 15
23 18
23 21
23 23
23 28
23 29
23 32
23 34
23 35
23 37
23 39
23 42
23 43
23 44
23 45
23 48
23 49
23 50
23 51
23 53
23 57
23 58
23 59
23 62
23 63
23 65
23 67
23 68
23 72
23 76
23 81
23 83
23 85
23 86
23 88
23 89
23 90
23 91
23 92
23 94
23 95
23 96
23 97
23 102
23 103
23 105
23 107
23 110
23 115
23 117
23 118
23 119
23 120
23 123
23 124
23 125
23 127
23 130
23 135
23 136
23 138
23 139
23 141
23 142
23 143
23 145
23 147
23 148
24 2
24 4
24 6
24 9
24 12
24 17
24 20
24 23
24 24
24 27
24 28
24 30
24 39
24 51
24 53
24 55
24 57
24 58
24 64
24 65
24 68
24 70
24 73
24 76
24 77
24 79
24 85
24 88
24 90
24 95
24 96
24 99
24 101
24 103
24 104
24 105
24 106
24 115
24 117
24 119
24 121
24 130
24 131
24 132
24 134
24 135
24 136
24 137
24 138
24 139
24 140
24 142
24 144
24 147
24 148
24 149
25 1
25 2
25 4
25 8
25 9
25 12
25 13
25 14
25 15
25 17
25 22
25 24
25 25
25 26
25 28
25 30
25 31
25 33
25 34
25 35
25 46
25 47
25 49
25 50
25 57
25 58
25 60
25 61
25 62
25 64
25 74
25 78
25 81
25 86
25 87
25 89
25 91
25 94
25 95
25 98
25 101
25 103
25 104
25 108
25 120
25 122
25 126
25 128
25 129
25 135
25 136
25 137
25 141
26 0
26 5
26 6
26 8
26 9
26 10
26 16
26 21
26 22
26 23
26 24
26 27
26 30
26 31
26 32
26 37
26 41
26 43
26 44
26 45
26 46
26 49
26 50
26 51
26 59
26 60
26 61
26 67
26 71
26 73
26 74
26 76
26 78
26 82
26 83
26 85
26 86
26 91
26 96
26 97
26 101
26 102
26 103
26 105
26 106
26 108
26 110
26 113
26 114
26 116
26 121
26 129
26 132
26 135
26 140
26 145
26 146
26 149
27 0
27 1
27 3
27 5
27 7
27 9
27 11
27 12
27 14
27 16
27 17
27 19
27 20
27 22
27 23
27 26
27 28
27 32
27 33
27 36
27 38
27 41
27 42
27 43
27 45
27 52
27 56
27 57
27 60
27 63
27 66
27 72
27 73
27 76
27 78
27 79
27 83
27 89
27 92
27 95
27 98
27 100
27 105
27 111
27 114
27 117
27 123
27 124
27 125
27 126
27 128
27 129
27 130
27 132
27 134
27 141
27 142
27 143
27 144
27 146
28 4
28 5
28 7
28 10
28 11
28 13
28 19
28 22
28 23
28 28
28 33
28 38
28 43
28 50
28 56
28 57
28 58
28 60
28 61
28 62
28 63
28 65
28 66
28 71
28 73
28 79
28 81
28 85
28 86
28 88
28 89
28 91
28 94
28 95
28 99
28 100
28 101
28 102
28 103
28 108
28 110
28 111
28 114
28 115
28 117
28 118
28 119
28 121
28 123
28 132
28 133
28 134
28 135
28 141
28 142
28 144
28 146
29 1
29 2
29 6
29 11
29 12
29 13
29 15
29 21
29 22
29 26
29 30
29 35
29 36
29 37
29 46
29 49
29 50
29 54
29 55
29 58
29 61
29 67
29 69
29 72
29 74
29 75
29 78
29 79
29 80
29 85
29 88
29 95
29 96
29 98
29 99
29 101
29 105
29 107
29 119
29 122
29 126
29 127
29 129
29 137
29 138
29 139
29 141
29 143
29 147
30 0
30 1
30 4
30 8
30 10
30 12
30 14
30 18
30 24
30 25
30 26
30 28
30 31
30 33
30 34
30 39
30 40
30 42
30 43
30 44
30 45
30 46
30 47
30 50
30 55
30 57
30 59
30 62
30 66
30 68
30 70
30 74
30 76
30 81
30 83
30 84
30 87
30 88
30 89
30 93
30 98
30 99
30 101
30 105
30 108
30 110
30 112
30 116
30 121
30 122
30 124
30 127
30 133
30 135
30 136
30 140
30 147
31 0
31 1
31 3
31 4
31 5
31 6
31 8
31 10
31 11
31 12
31 18
31 19
31 20
31 24
31 25
31 26
31 27
31 31
31 35
31 40
31 42
31 43
31 45
31 46
31 47
31 52
31 53
31 56
31 57
31 59
31 62
31 63
31 64
31 65
31 66
31 68
31 69
31 70
31 72
31 77
31 81
31 82
31 92
31 95
31 96
31 97
31 99
31 103
31 105
31 106
31 107
31 108
31 110
31 118
31 121
31 122
31 126
31 128
31 129
31 130
31 133
31 136
31 139
31 141
31 143
31 144
31 147
31 149
32 0
32 1
32 5
32 7
32 14
32 17
32 18
32 19
32 22
32 23
32 25
32 26
32 30
32 35
32 47
32 50
32 51
32 52
32 53
32 55
32 62
32 64
32 65
32 68
32 70
32 72
32 76
32 81
32 82
32 83
32 84
32 85
32 86
32 87
32 88
32 92
32 94
32 95
32 97
32 99
32 105
32 111
32 112
32 113
32 115
32 117
32 118
32 126
32 127
32 129
32 131
32 133
32 136
32 137
32 138
32 140
32 142
32 144
32 146
32 147
32 148
33 0
33 4
33 9
33 12
33 13
33 14
33 15
33 16
33 17
33 20
33 25
33 26
33 28
33 30
33 36
33 39
33 41
33 42
33 43
33 47
33 49
33 52
33 53
33 57
33 58
33 60
33 62
33 64
33 65
33 66
33 70
33 73
33 74
33 83
33 84
33 88
33 92
33 93
33 94
33 95
33 96
33 97
33 98
33 99
33 104
33 108
33 111
33 114
33 119
33 120
33 121
33 127
33 131
33 133
33 140
33 142
33 145
33 147
34 1
34 4
34 5
34 6
34 8
34 10
34 15
34 21
34 22
34 25
34 33
34 37
34 38
34 39
34 40
34 42
34 45
34 46
34 47
34 53
34 55
34 56
34 58
34 61
34 62
34 63
34 66
34 67
34 73
34 76
34 77
34 78
34 80
34 81
34 82
34 86
34 88
34 89
34 90
34 91
34 92
34 95
34 96
34 97
34 100
34 106
34 107
34 108
34 109
34 111
34 114
34 117
34 119
34 120
34 121
34 122
34 123
34 125
34 128
34 131
34 143
34 145
34 148
34 149
35 2
35 4
35 6
35 7
35 8
35 13
35 14
35 17
35 18
35 19
35 24
35 25
35 27
35 38
35 39
35 40
35 41
35 42
35 44
35 51
35 52
35 53
35 60
35 66
35 67
35 69
35 71
35 79
35 84
35 85
35 86
35 87
35 88
35 89
35 93
35 94
35 97
35 99
35 101
35 103
35 106
35 107
35 111
35 112
35 114
35 120
35 122
35 126
35 127
35 129
35 131
35 136
35 137
35 139
35 140
35 144
35 146
35 149
36 0
36 2
36 4
36 5
36 6
36 9
36 11
36 12
36 13
36 14
36 16
36 23
36 24
36 25
36 26
36 27
36 32
36 39
36 40
36 41
36 42
36 43
36 45
36 51
36 52
36 53
36 54
36 56
36 58
36 60
36 62
36 65
36 66
36 69
36 70
36 71
36 73
36 75
36 76
36 78
36 79
36 85
36 86
36 87
36 88
36 91
36 93
36 97
36 99
36 104
36 105
36 108
36 109
36 114
36 115
36 119
36 120
36 123
36 124
36 125
36 128
36 130
36 131
36 134
36 135
36 137
36 142
36 143
37 1
37 2
37 5
37 10
37 11
37 16
37 18
37 25
37 30
37 31
37 32
37 33
37 35
37 38
37 39
37 43
37 44
37 46
37 48
37 49
37 50
37 51
37 53
37 58
37 62
37 63
37 66
37 67
37 68
37 75
37 76
37 79
37 81
37 82
37 84
37 87
37 89
37 94
37 98
37 101
37 105
37 107
37 110
37 111
37 115
37 117
37 119
37 123
37 124
37 126
37 132
37 133
37 134
37 135
37 136
37 140
37 144
37 145
37 146
38 0
38 1
38 2
38 5
38 7
38 8
38 9
38 10
38 14
38 18
38 19
38 26
38 27
38 28
38 31
38 34
38 38
38 39
38 41
38 48
38 49
38 50
38 52
38 55
38 58
38 61
38 62
38 65
38 66
38 71
38 73
38 77
38 80
38 81
38 85
38 86
38 87
38 88
38 91
38 95
38 99
38 100
38 103
38 106
38 108
38 111
38 114
38 116
38 117
38 119
38 122
38 124
38 129
38 132
38 134
38 135
38 137
38 139
38 143
38 144
38 146
38 149
39 7
39 9
39 10
39 17
39 21
39 22
39 23
39 25
39 27
39 29
39 34
39 35
39 37
39 42
39 44
39 46
39 47
39 49
39 50
39 53
39 60
39 67
39 70
39 72
39 73
39 75
39 76
39 77
39 78
39 83
39 88
39 91
39 92
39 95
39 96
39 97
39 98
39 99
39 107
39 109
39 111
39 114
39 120
39 121
39 122
39 123
39 124
39 129
39 132
39 133
39 140
39 142
39 144
39 146
39 147
40 0
40 1
40 2
40 3
40 6
40 7
40 10
40 13
40 14
40 16
40 17
40 21
40 24
40 25
40 26
40 30
40 32
40 36
40 38
40 40
40 42
40 43
40 45
40 46
40 48
40 51
40 52
40 54
40 58
40 60
40 61
40 68
40 69
40 71
40 72
40 73
40 75
40 82
40 84
40 85
40 86
40 87
40 88
40 91
40 96
40 99
40 103
40 109
40 111
40 126
40 133
40 135
40 140
40 144
40 145
40 149
41 0
41 2
41 3
41 4
41 5
41 6
41 7
41 8
41 10
41 11
41 16
41 20
41 22
41 25
41 27
41 30
41 31
41 32
41 37
41 39
41 40
41 41
41 42
41 44
41 49
41 51
41 53
41 56
41 58
41 62
41 64
41 65
41 66
41 69
41 73
41 74
41 77
41 83
41 84
41 88
41 89
41 90
41 92
41 98
41 101
41 109
41 111
41 112
41 115
41 119
41 120
41 121
41 122
41 123
41 126
41 128
41 129
41 130
41 132
41 134
41 135
41 137
41 138
41 141
41 142
41 145
41 146
41 147
41 149
42 0
42 2
42 3
42 5
42 6
42 8
42 17
42 24
42 26
42 29
42 34
42 35
42 39
42 41
42 42
42 48
42 52
42 54
42 55
42 61
42 63
42 66
42 71
42 75
42 79
42 81
42 84
42 85
42 86
42 89
42 93
42 95
42 100
42 101
42 102
42 103
42 105
42 108
42 110
42 116
42 117
42 121
42 126
42 127
42 131
42 133
42 134
42 136
42 138
42 141
42 143
42 144
43 1
43 2
43 3
43 7
43 13
43 17
43 20
43 23
43 24
43 31
43 32
43 33
43 36
43 37
43 39
43 44
43 46
43 49
43 50
43 52
43 53
43 56
43 58
43 61
43 66
43 67
43 69
43 70
43 76
43 78
43 79
43 81
43 84
43 85
43 92
43 95
43 101
43 105
43 108
43 111
43 112
43 115
43 116
43 118
43 120
43 123
43 124
43 125
43 128
43 131
43 140
43 142
43 144
43 148
44 2
44 12
44 15
44 16
44 17
44 19
44 21
44 24
44 29
44 30
44 31
44 35
44 37
44 38
44 41
44 45
44 47
44 48
44 50
44 51
44 57
44 63
44 66
44 68
44 70
44 71
44 74
44 75
44 77
44 78
44 79
44 80
44 81
44 82
44 84
44 87
44 88
44 89
44 92
44 94
44 96
44 97
44 98
44 103
44 104
44 105
44 106
44 107
44 112
44 113
44 115
44 120
44 122
44 125
44 130
44 131
44 134
44 135
44 136
44 139
44 140
44 141
44 146
44 148
45 5
45 6
45 9
45 11
45 13
45 15
45 23
45 25
45 29
45 31
45 32
45 38
45 41
45 45
45 47
45 50
45 51
45 53
45 55
45 56
45 58
45 59
45 61
45 62
45 63
45 66
45 69
45 70
45 76
45 78
45 79
45 83
45 85
45 86
45 87
45 88
45 92
45 93
45 94
45 95
45 96
45 101
45 104
45 111
45 112
45 113
45 115
45 116
45 124
45 125
45 130
45 134
45 135
45 136
45 137
45 139
45 140
45 143
45 146
45 149
46 1
46 3
46 5
46 11
46 13
46 18
46 19
46 23
46 28
46 30
46 31
46 33
46 41
46 43
46 45
46 46
46 48
46 52
46 56
46 57
46 58
46 61
46 64
46 68
46 69
46 72
46 73
46 75
46 76
46 77
46 79
46 82
46 86
46 90
46 91
46 96
46 97
46 99
46 100
46 107
46 108
46 109
46 111
46 119
46 125
46 128
46 129
46 134
46 135
46 140
46 141
46 143
46 145
46 146
47 0
47 1
47 2
47 4
47 5
47 6
47 8
47 9
47 10
47 21
47 22
47 23
47 25
47 29
47 30
47 31
47 32
47 33
47 37
47 38
47 40
47 42
47 47
47 48
47 53
47 58
47 59
47 64
47 74
47 77
47 80
47 83
47 85
47 90
47 95
47 100
47 101
47 104
47 106
47 107
47 108
47 110
47 111
47 114
47 119
47 122
47 123
47 125
47 129
47 133
47 137
47 139
47 142
47 143
47 147
48 1
48 6
48 11
48 13
48 14
48 15
48 16
48 18
48 19
48 22
48 24
48 28
48 29
48 30
48 33
48 38
48 40
48 41
48 43
48 45
48 46
48 47
48 48
48 49
48 52
48 53
48 54
48 57
48 58
48 59
48 60
48 61
48 63
48 65
48 66
48 72
48 74
48 75
48 85
48 90
48 91
48 92
48 96
48 97
48 101
48 103
48 106
48 107
48 112
48 114
48 115
48 116
48 118
48 122
48 125
48 129
48 131
48 134
48 138
48 142
48 143
48 144
48 145
48 147
49 0
49 1
49 4
49 22
49 24
49 25
49 26
49 27
49 28
49 31
49 33
49 35
49 37
49 38
49 40
49 45
49 46
49 47
49 48
49 53
49 54
49 56
49 57
49 58
49 64
49 66
49 69
49 70
49 72
49 73
49 74
49 76
49 79
49 80
49 82
49 83
49 85
49 87
49 90
49 92
49 99
49 101
49 102
49 103
49 104
49 105
49 107
49 113
49 117
49 122
49 124
49 125
49 131
49 133
49 145
49 147
49 148
50 0
50 1
50 2
50 4
50 20
50 21
50 22
50 23
50 26
50 27
50 28
50 30
50 31
50 39
50 41
50 42
50 43
50 45
50 46
50 50
50 51
50 52
50 53
50 56
50 59
50 60
50 62
50 63
50 64
50 66
50 74
50 76
50 77
50 82
50 84
50 93
50 95
50 99
50 100
50 101
50 103
50 108
50 109
50 110
50 113
50 117
50 118
50 120
50 122
50 123
50 124
50 128
50 129
50 133
50 134
50 136
50 137
50 138
50 140
50 142
50 146
50 147
50 149
51 1
51 5
51 6
51 11
51 14
51 16
51 17
51 20
51 26
51 28
51 35
51 37
51 39
51 40
51 42
51 43
51 45
51 47
51 48
51 50
51 51
51 52
51 55
51 57
51 58
51 61
51 62
51 65
51 67
51 68
51 69
51 73
51 77
51 81
51 83
51 92
51 94
51 111
51 114
51 116
51 117
51 125
51 127
51 128
51 130
51 131
51 132
51 138
51 140
51 143
51 147
51 148
51 149
52 0
52 1
52 2
52 3
52 7
52 9
52 10
52 11
52 13
52 19
52 21
52 22
52 26
52 30
52 32
52 34
52 37
52 40
52 41
52 42
52 43
52 44
52 48
52 50
52 52
52 53
52 63
52 66
52 68
52 69
52 72
52 75
52 76
52 77
52 85
52 86
52 87
52 88
52 91
52 92
52 94
52 95
52 96
52 98
52 103
52 105
52 111
52 113
52 114
52 115
52 117
52 118
52 120
52 121
52 122
52 123
52 127
52 129
52 130
52 132
52 134
52 135
52 139
52 141
52 142
52 143
53 0
53 1
53 3
53 4
53 6
53 7
53 8
53 9
53 13
53 16
53 17
53 19
53 20
53 22
53 29
53 30
53 31
53 35
53 36
53 37
53 38
53 39
53 40
53 44
53 45
53 46
53 47
53 48
53 49
53 53
53 54
53 58
53 59
53 63
53 67
53 68
53 69
53 72
53 73
53 78
53 79
53 82
53 84
53 86
53 88
53 89
53 94
53 97
53 98
53 99
53 100
53 102
53 105
53 107
53 110
53 111
53 113
53 115
53 116
53 117
53 122
53 124
53 129
53 132
53 135
53 136
53 137
53 139
53 149
54 0
54 7
54 8
54 9
54 12
54 17
54 18
54 20
54 22
54 24
54 26
54 29
54 31
54 32
54 34
54 36
54 40
54 41
54 42
54 44
54 47
54 48
54 49
54 51
54 52
54 56
54 57
54 58
54 60
54 61
54 67
54 68
54 69
54 72
54 73
54 76
54 79
54 83
54 85
54 86
54 87
54 90
54 91
54 93
54 94
54 100
54 101
54 102
54 105
54 106
54 108
54 111
54 121
54 122
54 123
54 128
54 131
54 132
54 136
54 137
54 141
54 144
54 149
55 1
55 3
55 7
55 8
55 9
55 11
55 12
55 16
55 19
55 22
55 33
55 35
55 39
55 40
55 45
55 47
55 48
55 53
55 55
55 60
55 65
55 75
55 77
55 78
55 79
55 82
55 87
55 91
55 95
55 96
55 102
55 104
55 110
55 114
55 116
55 117
55 119
55 123
55 124
55 125
55 126
55 128
55 129
55 134
55 138
55 139
55 140
55 141
55 143
55 148
56 0
56 1
56 2
56 5
56 8
56 10
56 13
56 14
56 15
56 17
56 22
56 24
56 25
56 27
56 28
56 30
56 31
56 32
56 34
56 37
56 40
56 45
56 50
56 53
56 56
56 57
56 61
56 64
56 65
56 66
56 70
56 77
56 80
56 82
56 88
56 91
56 92
56 94
56 96
56 100
56 102
56 103
56 105
56 108
56 109
56 114
56 118
56 121
56 122
56 125
56 126
56 130
56 132
56 133
56 135
56 139
56 143
56 145
56 149
57 0
57 3
57 5
57 8
57 14
57 15
57 17
57 23
57 24
57 27
57 29
57 32
57 34
57 35
57 36
57 38
57 42
57 43
57 44
57 45
57 47
57 48
57 52
57 55
57 56
57 60
57 63
57 64
57 65
57 66
57 67
57 69
57 70
57 71
57 73
57 74
57 75
57 76
57 77
57 78
57 79
57 83
57 84
57 85
57 87
57 88
57 89
57 92
57 95
57 98
57 99
57 100
57 103
57 105
57 107
57 111
57 113
57 116
57 120
57 121
57 123
57 124
57 126
57 129
57 132
57 134
57 140
57 141
57 142
57 144
57 145
57 147
57 149
58 3
58 4
58 6
58 7
58 8
58 9
58 11
58 12
58 13
58 14
58 17
58 20
58 25
58 31
58 32
58 33
58 35
58 37
58 39
58 40
58 41
58 43
58 46
58 48
58 49
58 51
58 53
58 54
58 56
58 57
58 59
58 60
58 65
58 69
58 71
58 72
58 75
58 77
58 78
58 79
58 80
58 82
58 83
58 84
58 88
58 89
58 93
58 107
58 109
58 110
58 112
58 115
58 120
58 122
58 123
58 124
58 125
58 128
58 129
58 130
58 132
58 140
58 141
58 142
58 146
58 148
58 149
59 0
59 1
59 5
59 7
59 8
59 9
59 11
59 12
59 13
59 15
59 16
59 18
59 19
59 21
59 27
59 28
59 30
59 31
59 32
59 33
59 36
59 41
59 42
59 43
59 49
59 52
59 58
59 61
59 64
59 65
59 67
59 68
59 71
59 77
59 78
59 80
59 81
59 87
59 88
59 91
59 94
59 96
59 101
59 102
59 103
59 105
59 106
59 108
59 124
59 126
59 127
59 129
59 134
59 136
59 140
59 141
59 144
59 149
60 2
60 5
60 7
60 8
60 9
60 13
60 14
60 15
60 16
60 18
60 20
60 23
60 24
60 26
60 29
60 30
60 39
60 41
60 43
60 45
60 47
60 50
60 51
60 53
60 56
60 60
60 61
60 64
60 65
60 67
60 69
60 72
60 77
60 79
60 84
60 85
60 86
60 90
60 91
60 92
60 93
60 96
60 100
60 101
60 102
60 103
60 104
60 106
60 108
60 112
60 116
60 119
60 121
60 122
60 123
60 125
60 127
60 131
60 141
60 142
60 145
60 146
61 0
61 2
61 3
61 6
61 7
61 9
61 11
61 13
61 14
61 16
61 20
61 26
61 28
61 31
61 34
61 36
61 37
61 40
61 42
61 47
61 48
61 55
61 56
61 57
61 61
61 72
61 85
61 89
61 92
61 97
61 104
61 105
61 108
61 114
61 115
61 119
61 120
61 121
61 122
61 123
61 124
61 125
61 129
61 131
61 135
61 136
61 137
61 138
61 140
61 142
61 143
61 145
61 148
61 149
62 0
62 1
62 2
62 4
62 11
62 14
62 15
62 19
62 20
62 23
62 26
62 28
62 29
62 32
62 36
62 38
62 45
62 48
62 49
62 50
62 51
62 54
62 55
62 56
62 57
62 59
62 61
62 63
62 71
62 74
62 75
62 77
62 82
62 86
62 87
62 89
62 91
62 92
62 93
62 94
62 95
62 96
62 99
62 103
62 105
62 106
62 108
62 114
62 118
62 122
62 123
62 125
62 127
62 131
62 133
62 136
62 137
62 141
62 142
62 143
62 148
62 149
63 0
63 5
63 6
63 10
63 12
63 19
63 20
63 21
63 22
63 24
63 25
63 26
63 27
63 29
63 32
63 35
63 38
63 40
63 42
63 43
63 45
63 48
63 50
63 52
63 53
63 54
63 57
63 58
63 59
63 71
63 72
63 73
63 74
63 76
63 77
63 80
63 81
63 88
63 89
63 94
63 98
63 99
63 100
63 101
63 104
63 110
63 111
63 115
63 116
63 118
63 123
63 128
63 131
63 133
63 134
63 136
63 138
63 139
63 144
63 147
63 148
64 0
64 4
64 5
64 8
64 10
64 11
64 14
64 17
64 19
64 21
64 22
64 23
64 31
64 36
64 37
64 39
64 40
64 41
64 42
64 43
64 44
64 45
64 48
64 49
64 52
64 54
64 56
64 59
64 61
64 62
64 63
64 68
64 69
64 70
64 73
64 75
64 77
64 80
64 81
64 83
64 84
64 86
64 90
64 97
64 98
64 99
64 100
64 102
64 103
64 105
64 106
64 107
64 108
64 111
64 117
64 119
64 127
64 129
64 135
64 137
64 138
64 139
64 140
64 145
65 3
65 4
65 7
65 8
65 10
65 13
65 15
65 16
65 17
65 19
65 25
65 27
65 29
65 33
65 34
65 35
65 36
65 37
65 38
65 41
65 42
65 48
65 49
65 59
65 68
65 74
65 80
65 83
65 88
65 93
65 94
65 103
65 106
65 108
65 109
65 110
65 112
65 113
65 114
65 116
65 117
65 120
65 125
65 127
65 128
65 129
65 130
65 135
65 137
65 138
65 142
65 143
65 145
65 146
65 148
65 149
66 0
66 2
66 5
66 9
66 15
66 19
66 25
66 26
66 29
66 30
66 32
66 33
66 34
66 35
66 36
66 37
66 39
66 42
66 47
66 49
66 50
66 51
66 53
66 56
66 57
66 68
66 69
66 71
66 74
66 75
66 77
66 79
66 83
66 85
66 87
66 88
66 91
66 101
66 103
66 104
66 110
66 111
66 116
66 118
66 121
66 122
66 123
66 124
66 125
66 127
66 130
66 146
66 147
67 3
67 5
67 6
67 7
67 9
67 10
67 11
67 17
67 18
67 21
67 24
67 25
67 30
67 31
67 32
67 35
67 36
67 37
67 38
67 40
67 43
67 54
67 58
67 59
67 60
67 63
67 65
67 70
67 71
67 72
67 73
67 77
67 78
67 81
67 83
67 88
67 91
67 95
67 97
67 99
67 100
67 101
67 102
67 103
67 108
67 112
67 113
67 115
67 116
67 117
67 121
67 122
67 124
67 126
67 132
67 138
67 140
67 143
67 145
67 148
68 0
68 1
68 3
68 5
68 10
68 17
68 19
68 20
68 21
68 24
68 26
68 31
68 34
68 37
68 40
68 43
68 44
68 48
68 52
68 56
68 57
68 59
68 63
68 65
68 71
68 72
68 74
68 75
68 77
68 78
68 80
68 84
68 85
68 91
68 95
68 97
68 99
68 101
68 102
68 104
68 105
68 106
68 107
68 112
68 115
68 117
68 118
68 121
68 127
68 128
68 131
68 135
68 136
68 137
68 139
68 140
68 141
68 142
68 143
68 144
68 147
69 0
69 2
69 4
69 6
69 10
69 13
69 14
69 16
69 17
69 19
69 21
69 22
69 23
69 28
69 33
69 36
69 37
69 40
69 41
69 42
69 46
69 50
69 52
69 53
69 54
69 58
69 61
69 63
69 67
69 69
69 70
69 73
69 74
69 75
69 79
69 82
69 83
69 85
69 89
69 91
69 92
69 93
69 99
69 100
69 104
69 105
69 109
69 110
69 111
69 114
69 115
69 119
69 120
69 124
69 125
69 127
69 130
69 132
69 134
69 137
69 140
69 145
69 146
70 4
70 5
70 7
70 8
70 10
70 14
70 16
70 20
70 21
70 24
70 26
70 29
70 32
70 39
70 40
70 41
70 45
70 46
70 50
70 53
70 55
70 60
70 61
70 63
70 67
70 69
70 73
70 74
70 75
70 76
70 84
70 85
70 87
70 90
70 91
70 92
70 93
70 96
70 98
70 102
70 103
70 106
70 107
70 108
70 109
70 111
70 115
70 119
70 120
70 123
70 125
70 129
70 130
70 131
70 132
70 134
70 135
70 142
70 145
70 146
71 1
71 2
71 4
71 5
71 6
71 9
71 11
71 12
71 14
71 15
71 22
71 26
71 28
71 30
71 31
71 32
71 34
71 39
71 42
71 43
71 46
71 47
71 55
71 57
71 60
71 62
71 63
71 66
71 70
71 71
71 72
71 74
71 78
71 81
71 85
71 86
71 88
71 89
71 91
71 92
71 96
71 97
71 99
71 100
71 104
71 105
71 109
71 112
71 113
71 114
71 116
71 118
71 122
71 123
71 127
71 129
71 135
71 137
71 143
71 148
72 0
72 2
72 6
72 7
72 9
72 15
72 16
72 19
72 20
72 22
72 23
72 25
72 26
72 27
72 28
72 29
72 33
72 36
72 37
72 38
72 39
72 40
72 45
72 46
72 50
72 55
72 58
72 60
72 62
72 66
72 67
72 71
72 72
72 74
72 77
72 79
72 81
72 82
72 83
72 90
72 99
72 103
72 104
72 105
72 108
72 109
72 111
72 112
72 113
72 115
72 116
72 118
72 120
72 121
72 127
72 129
72 130
72 131
72 135
72 137
72 142
72 143
72 145
72 146
72 149
73 0
73 2
73 6
73 8
73 9
73 11
73 12
73 14
73 17
73 19
73 21
73 25
73 27
73 35
73 39
73 40
73 41
73 42
73 43
73 45
73 53
73 56
73 57
73 58
73 60
73 65
73 68
73 71
73 78
73 79
73 80
73 82
73 92
73 93
73 100
73 102
73 105
73 109
73 111
73 118
73 123
73 126
73 127
73 129
73 131
73 133
73 135
73 137
73 140
73 142
73 148
73 149
74 10
74 11
74 13
74 15
74 17
74 21
74 22
74 24
74 30
74 33
74 34
74 35
74 36
74 37
74 38
74 43
74 45
74 47
74 52
74 53
74 57
74 58
74 59
74 60
74 61
74 63
74 66
74 68
74 71
74 73
74 76
74 79
74 82
74 83
74 84
74 86
74 87
74 88
74 91
74 92
74 94
74 96
74 99
74 102
74 107
74 108
74 112
74 117
74 120
74 123
74 127
74 128
74 129
74 131
74 135
74 136
74 138
74 139
74 146
74 147
75 1
75 2
75 3
75 4
75 5
75 6
75 7
75 13
75 16
75 19
75 20
75 21
75 22
75 29
75 32
75 36
75 37
75 40
75 42
75 45
75 52
75 54
75 57
75 60
75 61
75 67
75 72
75 73
75 76
75 77
75 78
75 80
75 83
75 84
75 89
75 93
75 94
75 96
75 98
75 99
75 100
75 101
75 102
75 103
75 104
75 106
75 108
75 110
75 113
75 114
75 115
75 117
75 121
75 124
75 125
75 126
75 129
75 131
75 135
75 137
75 139
75 140
75 143
75 149
76 2
76 3
76 4
76 6
76 7
76 8
76 9
76 10
76 11
76 12
76 13
76 14
76 15
76 16
76 18
76 19
76 23
76 24
76 32
76 33
76 34
76 36
76 40
76 42
76 44
76 45
76 47
76 48
76 50
76 53
76 54
76 57
76 60
76 61
76 62
76 63
76 65
76 73
76 74
76 78
76 80
76 85
76 88
76 89
76 91
76 93
76 95
76 98
76 99
76 100
76 108
76 112
76 113
76 115
76 118
76 119
76 120
76 121
76 124
76 126
76 127
76 129
76 132
76 134
76 137
76 138
76 140
76 142
76 147
76 149
77 0
77 1
77 2
77 4
77 5
77 6
77 7
77 8
77 12
77 18
77 24
77 25
77 30
77 33
77 37
77 44
77 48
77 50
77 52
77 54
77 57
77 58
77 60
77 61
77 62
77 63
77 65
77 69
77 70
77 76
77 78
77 81
77 85
77 89
77 90
77 98
77 102
77 103
77 108
77 119
77 121
77 122
77 123
77 125
77 126
77 128
77 131
77 137
77 138
77 139
77 140
77 141
77 146
77 147
78 1
78 3
78 5
78 10
78 11
78 16
78 18
78 20
78 21
78 23
78 28
78 29
78 30
78 34
78 35
78 37
78 38
78 40
78 43
78 44
78 45
78 49
78 50
78 52
78 53
78 56
78 59
78 61
78 62
78 63
78 64
78 65
78 69
78 71
78 73
78 77
78 79
78 80
78 81
78 82
78 83
78 86
78 95
78 99
78 100
78 103
78 105
78 107
78 111
78 117
78 118
78 119
78 122
78 123
78 125
78 128
78 131
78 132
78 133
78 135
78 136
78 137
78 144
79 0
79 4
79 6
79 7
79 9
79 10
79 11
79 12
79 14
79 19
79 20
79 24
79 25
79 26
79 31
79 32
79 42
79 43
79 45
79 48
79 50
79 53
79 57
79 58
79 65
79 68
79 69
79 70
79 73
79 79
79 82
79 90
79 94
79 98
79 99
79 100
79 104
79 105
79 110
79 112
79 113
79 114
79 115
79 118
79 119
79 120
79 121
79 122
79 123
79 125
79 126
79 130
79 132
79 134
79 139
79 143
79 144
79 145
79 147
79 148
80 10
80 12
80 15
80 16
80 17
80 19
80 20
80 22
80 23
80 24
80 30
80 32
80 34
80 36
80 39
80 47
80 48
80 53
80 57
80 58
80 64
80 67
80 71
80 73
80 76
80 77
80 78
80 81
80 83
80 87
80 89
80 90
80 92
80 93
80 94
80 96
80 98
80 101
80 103
80 105
80 108
80 109
80 111
80 113
80 114
80 115
80 118
80 120
80 125
80 126
80 127
80 128
80 129
80 130
80 133
80 137
80 138
80 142
80 144
80 145
80 149
81 2
81 8
81 9
81 15
81 17
81 18
81 20
81 22
81 25
81 27
81 31
81 33
81 34
81 36
81 37
81 39
81 41
81 48
81 50
81 52
81 54
81 55
81 56
81 60
81 61
81 68
81 70
81 74
81 77
81 78
81 83
81 86
81 88
81 90
81 93
81 94
81 95
81 97
81 98
81 99
81 100
81 107
81 108
81 109
81 110
81 111
81 113
81 115
81 117
81 118
81 120
81 123
81 124
81 126
81 127
81 128
81 132
81 134
81 136
81 137
81 141
81 142
81 147
82 0
82 5
82 6
82 9
82 10
82 12
82 13
82 17
82 18
82 20
82 21
82 22
82 23
82 26
82 27
82 28
82 30
82 40
82 43
82 47
82 48
82 51
82 52
82 54
82 61
82 62
82 63
82 67
82 68
82 70
82 76
82 79
82 80
82 92
82 93
82 96
82 97
82 100
82 101
82 102
82 104
82 106
82 108
82 109
82 110
82 112
82 113
82 117
82 120
82 123
82 124
82 127
82 129
82 131
82 135
82 139
82 146
83 0
83 2
83 6
83 7
83 10
83 14
83 18
83 23
83 25
83 29
83 35
83 36
83 39
83 44
83 45
83 50
83 54
83 58
83 59
83 61
83 64
83 66
83 73
83 77
83 80
83 82
83 89
83 91
83 92
83 93
83 94
83 95
83 98
83 99
83 100
83 101
83 109
83 111
83 114
83 117
83 119
83 120
83 121
83 125
83 126
83 128
83 129
83 132
83 133
83 134
83 136
83 139
83 140
83 147
83 148
84 0
84 1
84 6
84 8
84 12
84 13
84 16
84 17
84 18
84 20
84 22
84 32
84 34
84 37
84 42
84 43
84 46
84 49
84 55
84 58
84 60
84 61
84 62
84 67
84 68
84 70
84 75
84 79
84 81
84 83
84 85
84 87
84 92
84 93
84 97
84 100
84 106
84 109
84 111
84 120
84 121
84 122
84 123
84 125
84 127
84 128
84 130
84 135
84 142
84 144
84 146
84 147
84 148
84 149
85 1
85 3
85 4
85 5
85 13
85 18
85 20
85 21
85 23
85 24
85 25
85 26
85 28
85 29
85 31
85 33
85 36
85 37
85 38
85 40
85 41
85 43
85 44
85 47
85 48
85 50
85 52
85 53
85 54
85 56
85 57
85 59
85 61
85 62
85 72
85 74
85 79
85 82
85 83
85 88
85 91
85 94
85 97
85 98
85 103
85 105
85 106
85 108
85 117
85 118
85 119
85 121
85 122
85 130
85 133
85 135
85 140
85 145
85 146
85 147
86 0
86 1
86 3
86 6
86 7
86 8
86 10
86 13
86 17
86 20
86 23
86 25
86 31
86 32
86 34
86 36
86 37
86 39
86 41
86 42
86 43
86 47
86 48
86 54
86 56
86 58
86 64
86 65
86 66
86 70
86 73
86 75
86 79
86 86
86 87
86 88
86 89
86 94
86 96
86 97
86 100
86 105
86 106
86 108
86 116
86 120
86 121
86 124
86 125
86 126
86 129
86 134
86 135
86 136
86 144
86 146
86 148
86 149
87 1
87 4
87 6
87 7
87 9
87 10
87 13
87 14
87 16
87 26
87 27
87 28
87 29
87 33
87 34
87 38
87 39
87 41
87 42
87 43
87 44
87 45
87 46
87 47
87 53
87 56
87 57
87 58
87 61
87 62
87 64
87 72
87 74
87 80
87 81
87 82
87 86
87 87
87 88
87 89
87 90
87 92
87 93
87 94
87 95
87 96
87 97
87 101
87 102
87 104
87 106
87 108
87 110
87 112
87 116
87 120
87 121
87 125
87 133
87 134
87 136
87 141
87 143
87 144
87 145
88 1
88 4
88 9
88 12
88 14
88 17
88 19
88 20
88 23
88 29
88 31
88 33
88 34
88 36
88 38
88 39
88 40
88 41
88 44
88 48
88 49
88 55
88 56
88 58
88 59
88 63
88 73
88 80
88 84
88 86
88 89
88 91
88 96
88 97
88 100
88 101
88 103
88 105
88 112
88 113
88 114
88 115
88 118
88 119
88 120
88 121
88 122
88 123
88 125
88 126
88 128
88 135
88 141
88 144
88 146
88 149
89 1
89 6
89 9
89 12
89 14
89 16
89 17
89 20
89 25
89 27
89 28
89 31
89 33
89 37
89 39
89 41
89 43
89 45
89 47
89 50
89 53
89 54
89 60
89 63
89 65
89 68
89 69
89 70
89 74
89 75
89 82
89 83
89 86
89 88
89 95
89 97
89 101
89 103
89 104
89 105
89 117
89 125
89 128
89 130
89 132
89 133
89 134
89 135
89 136
89 137
89 138
89 139
89 140
89 144
89 146
89 147
90 7
90 8
90 14
90 15
90 19
90 20
90 21
90 23
90 25
90 32
90 34
90 35
90 38
90 40
90 42
90 43
90 44
90 45
90 48
90 49
90 50
90 53
90 57
90 58
90 61
90 64
90 66
90 67
90 68
90 71
90 74
90 76
90 77
90 79
90 88
90 91
90 101
90 102
90 104
90 105
90 108
90 109
90 112
90 115
90 117
90 121
90 122
90 126
90 128
90 133
90 134
90 136
90 138
90 139
90 141
90 143
90 144
90 145
90 148
90 149
91 1
91 2
91 3
91 5
91 8
91 9
91 11
91 13
91 15
91 17
91 18
91 23
91 26
91 28
91 29
91 32
91 33
91 36
91 38
91 41
91 45
91 46
91 47
91 52
91 54
91 56
91 57
91 58
91 60
91 62
91 64
91 65
91 67
91 69
91 70
91 71
91 73
91 75
91 77
91 80
91 81
91 87
91 93
91 95
91 96
91 100
91 101
91 102
91 103
91 109
91 110
91 111
91 112
91 118
91 121
91 128
91 130
91 131
91 132
91 133
91 142
91 144
91 148
92 1
92 5
92 6
92 7
92 11
92 12
92 13
92 15
92 19
92 23
92 25
92 27
92 34
92 44
92 46
92 47
92 48
92 51
92 52
92 56
92 57
92 61
92 62
92 63
92 64
92 65
92 69
92 70
92 75
92 76
92 77
92 79
92 84
92 86
92 88
92 89
92 93
92 94
92 101
92 102
92 103
92 104
92 105
92 106
92 109
92 112
92 113
92 114
92 115
92 118
92 121
92 122
92 123
92 124
92 125
92 126
92 133
92 134
92 137
92 138
92 139
92 144
92 145
92 149
93 1
93 2
93 6
93 7
93 8
93 10
93 11
93 12
93 18
93 22
93 23
93 25
93 26
93 28
93 29
93 30
93 33
93 35
93 36
93 39
93 48
93 51
93 53
93 54
93 58
93 65
93 68
93 69
93 72
93 74
93 78
93 79
93 81
93 83
93 84
93 93
93 99
93 102
93 105
93 106
93 107
93 113
93 114
93 116
93 117
93 120
93 125
93 127
93 128
93 130
93 133
93 135
93 137
93 139
93 146
93 148
94 1
94 3
94 5
94 6
94 8
94 14
94 17
94 22
94 28
94 30
94 34
94 35
94 45
94 46
94 47
94 50
94 55
94 56
94 62
94 63
94 66
94 67
94 68
94 69
94 71
94 73
94 75
94 76
94 77
94 79
94 80
94 83
94 84
94 87
94 88
94 89
94 90
94 91
94 92
94 95
94 96
94 97
94 103
94 109
94 117
94 119
94 123
94 124
94 134
94 136
94 140
94 141
94 147
94 148
94 149
95 2
95 3
95 4
95 8
95 14
95 16
95 17
95 18
95 21
95 23
95 24
95 25
95 26
95 29
95 33
95 34
95 35
95 39
95 40
95 41
95 43
95 45
95 49
95 52
95 53
95 58
95 59
95 65
95 66
95 67
95 74
95 75
95 76
95 78
95 83
95 89
95 95
95 97
95 99
95 100
95 101
95 102
95 104
95 106
95 117
95 121
95 122
95 123
95 125
95 126
95 129
95 133
95 135
95 136
95 139
95 141
95 144
96 0
96 4
96 7
96 8
96 10
96 11
96 15
96 16
96 17
96 20
96 23
96 24
96 32
96 35
96 36
96 40
96 43
96 44
96 45
96 46
96 51
96 53
96 58
96 59
96 60
96 61
96 63
96 64
96 65
96 67
96 68
96 69
96 73
96 75
96 76
96 82
96 83
96 85
96 88
96 91
96 94
96 96
96 97
96 99
96 100
96 103
96 104
96 108
96 109
96 112
96 114
96 115
96 120
96 121
96 123
96 124
96 126
96 128
96 129
96 133
96 135
96 138
96 139
96 142
96 143
97 0
97 1
97 8
97 9
97 15
97 18
97 23
97 24
97 28
97 29
97 31
97 32
97 36
97 39
97 41
97 44
97 46
97 51
97 60
97 61
97 67
97 70
97 72
97 75
97 76
97 78
97 80
97 81
97 84
97 85
97 87
97 90
97 92
97 94
97 95
97 97
97 109
97 111
97 112
97 114
97 116
97 117
97 118
97 127
97 129
97 130
97 131
97 134
97 135
97 137
97 139
97 140
97 141
97 143
97 145
97 147
97 149
98 0
98 2
98 4
98 5
98 6
98 11
98 13
98 15
98 17
98 24
98 25
98 27
98 29
98 30
98 31
98 34
98 35
98 36
98 42
98 43
98 46
98 49
98 50
98 52
98 56
98 60
98 62
98 64
98 68
98 69
98 71
98 72
98 74
98 76
98 78
98 80
98 82
98 84
98 86
98 88
98 90
98 92
98 94
98 98
98 100
98 102
98 105
98 108
98 113
98 115
98 118
98 119
98 120
98 123
98 130
98 135
98 136
98 137
98 139
98 140
98 141
98 143
98 148
98 149
99 1
99 2
99 4
99 8
99 12
99 13
99 14
99 16
99 17
99 19
99 21
99 25
99 26
99 27
99 29
99 31
99 33
99 36
99 41
99 42
99 43
99 45
99 52
99 53
99 55
99 56
99 58
99 63
99 67
99 68
99 69
99 70
99 71
99 74
99 77
99 78
99 79
99 84
99 89
99 90
99 91
99 93
99 94
99 97
99 100
99 106
99 110
99 111
99 119
99 134
99 135
99 136
99 137
99 140
99 143
99 144
99 146
99 147
100 1
100 3
100 4
100 7
100 8
100 11
100 13
100 18
100 20
100 23
100 24
100 26
100 29
100 31
100 32
100 33
100 36
100 37
100 38
100 39
100 43
100 44
100 49
100 52
100 53
100 54
100 56
100 60
100 62
100 63
100 67
100 68
100 70
100 71
100 76
100 78
100 80
100 85
100 86
100 87
100 90
100 96
100 97
100 99
100 101
100 106
100 108
100 114
100 117
100 118
100 124
100 127
100 131
100 133
100 134
100 137
100 141
100 148
101 0
101 3
101 5
101 6
101 10
101 13
101 14
101 19
101 23
101 28
101 30
101 37
101 40
101 41
101 42
101 46
101 48
101 49
101 50
101 56
101 62
101 65
101 67
101 68
101 70
101 72
101 73
101 74
101 75
101 76
101 79
101 83
101 85
101 87
101 90
101 91
101 93
101 94
101 95
101 98
101 99
101 102
101 106
101 108
101 109
101 111
101 112
101 117
101 120
101 123
101 124
101 128
101 129
101 130
101 132
101 133
101 134
101 137
101 138
101 141
101 143
101 145
101 148
102 0
102 1
102 2
102 3
102 6
102 8
102 11
102 16
102 17
102 18
102 19
102 20
102 22
102 23
102 24
102 27
102 28
102 37
102 38
102 39
102 40
102 42
102 46
102 49
102 50
102 55
102 56
102 61
102 62
102 63
102 64
102 65
102 67
102 69
102 70
102 73
102 74
102 75
102 78
102 84
102 86
102 90
102 94
102 97
102 98
102 99
102 106
102 107
102 108
102 112
102 113
102 114
102 115
102 121
102 123
102 124
102 125
102 127
102 128
102 130
102 136
102 138
102 139
102 140
102 142
102 143
102 144
102 148
102 149
103 0
103 3
103 6
103 7
103 9
103 11
103 12
103 13
103 14
103 17
103 21
103 23
103 24
103 26
103 27
103 28
103 31
103 43
103 45
103 46
103 48
103 55
103 56
103 57
103 60
103 61
103 62
103 64
103 65
103 67
103 68
103 70
103 72
103 75
103 80
103 83
103 84
103 89
103 91
103 96
103 100
103 101
103 102
103 103
103 105
103 108
103 113
103 114
103 115
103 117
103 118
103 119
103 121
103 124
103 125
103 128
103 129
103 130
103 134
103 135
103 137
103 138
103 143
103 144
103 146
103 148
104 1
104 4
104 6
104 7
104 8
104 11
104 13
104 14
104 16
104 17
104 23
104 24
104 28
104 29
104 30
104 35
104 39
104 41
104 43
104 46
104 48
104 52
104 56
104 58
104 62
104 67
104 68
104 69
104 70
104 72
104 73
104 74
104 75
104 76
104 77
104 78
104 81
104 82
104 88
104 89
104 90
104 91
104 92
104 93
104 94
104 96
104 97
104 98
104 100
104 109
104 110
104 111
104 114
104 116
104 118
104 119
104 126
104 127
104 128
104 129
104 131
104 132
104 133
104 139
104 140
104 144
104 145
104 147
104 149
105 0
105 2
105 4
105 7
105 8
105 9
105 14
105 15
105 16
105 22
105 24
105 25
105 26
105 27
105 30
105 31
105 32
105 35
105 36
105 37
105 38
105 43
105 46
105 51
105 54
105 56
105 59
105 60
105 62
105 63
105 65
105 74
105 75
105 83
105 85
105 89
105 90
105 91
105 92
105 93
105 96
105 97
105 98
105 100
105 101
105 103
105 104
105 107
105 108
105 110
105 112
105 116
105 117
105 118
105 122
105 125
105 126
105 127
105 130
105 134
105 138
105 141
105 142
105 145
105 146
105 148
105 149
106 0
106 8
106 11
106 12
106 13
106 16
106 21
106 23
106 32
106 36
106 40
106 44
106 45
106 47
106 49
106 50
106 52
106 56
106 57
106 59
106 61
106 63
106 64
106 65
106 66
106 70
106 73
106 75
106 80
106 81
106 83
106 86
106 87
106 88
106 90
106 93
106 94
106 95
106 96
106 101
106 103
106 105
106 107
106 110
106 113
106 115
106 122
106 126
106 128
106 132
106 135
106 144
107 1
107 2
107 4
107 5
107 10
107 12
107 17
107 20
107 26
107 30
107 31
107 33
107 35
107 36
107 40
107 41
107 42
107 44
107 45
107 48
107 50
107 56
107 57
107 58
107 59
107 60
107 61
107 68
107 72
107 74
107 76
107 79
107 81
107 82
107 88
107 90
107 93
107 94
107 97
107 98
107 99
107 100
107 101
107 102
107 104
107 108
107 109
107 110
107 114
107 116
107 123
107 124
107 129
107 134
107 136
107 141
107 147
107 148
108 0
108 3
108 6
108 9
108 11
108 14
108 15
108 16
108 17
108 22
108 24
108 28
108 29
108 33
108 34
108 36
108 38
108 43
108 47
108 48
108 49
108 51
108 52
108 53
108 55
108 57
108 58
108 59
108 61
108 62
108 68
108 71
108 73
108 74
108 76
108 77
108 78
108 81
108 86
108 87
108 89
108 92
108 95
108 96
108 101
108 104
108 105
108 108
108 112
108 115
108 116
108 120
108 121
108 124
108 126
108 129
108 131
108 134
108 136
108 137
108 138
108 142
109 3
109 9
109 11
109 12
109 14
109 15
109 16
109 17
109 22
109 25
109 26
109 27
109 28
109 30
109 32
109 34
109 36
109 43
109 47
109 49
109 53
109 54
109 56
109 57
109 58
109 63
109 65
109 69
109 72
109 74
109 78
109 82
109 83
109 84
109 86
109 90
109 92
109 99
109 103
109 104
109 105
109 113
109 114
109 116
109 120
109 121
109 123
109 125
109 126
109 127
109 128
109 131
109 132
109 133
109 134
109 137
109 139
109 140
109 144
109 145
109 148
110 0
110 2
110 4
110 5
110 6
110 7
110 8
110 12
110 16
110 17
110 19
110 20
110 21
110 23
110 25
110 26
110 31
110 32
110 36
110 37
110 39
110 40
110 43
110 44
110 46
110 49
110 51
110 52
110 53
110 56
110 57
110 60
110 68
110 70
110 72
110 79
110 80
110 81
110 82
110 83
110 84
110 86
110 87
110 89
110 90
110 93
110 95
110 98
110 104
110 107
110 109
110 112
110 115
110 127
110 132
110 134
110 136
110 138
110 143
110 144
111 2
111 4
111 5
111 6
111 9
111 10
111 12
111 13
111 15
111 18
111 19
111 24
111 25
111 28
111 33
111 34
111 35
111 36
111 37
111 40
111 47
111 49
111 50
111 52
111 53
111 55
111 56
111 61
111 70
111 75
111 77
111 79
111 81
111 82
111 86
111 87
111 88
111 89
111 92
111 95
111 96
111 99
111 100
111 106
111 108
111 111
111 113
111 115
111 116
111 119
111 122
111 123
111 125
111 129
111 135
111 136
111 139
111 140
111 143
111 144
112 0
112 1
112 3
112 4
112 5
112 8
112 12
112 13
112 17
112 18
112 20
112 26
112 30
112 32
112 33
112 41
112 42
112 44
112 47
112 54
112 55
112 56
112 58
112 59
112 60
112 63
112 67
112 68
112 73
112 74
112 77
112 78
112 79
112 82
112 85
112 86
112 87
112 88
112 89
112 91
112 92
112 96
112 97
112 98
112 99
112 103
112 104
112 111
112 114
112 116
112 118
112 119
112 121
112 123
112 124
112 125
112 126
112 127
112 134
112 137
112 140
112 144
112 148
113 0
113 2
113 7
113 8
113 13
113 19
113 20
113 21
113 24
113 27
113 29
113 30
113 31
113 32
113 33
113 34
113 35
113 37
113 38
113 41
113 49
113 50
113 54
113 56
113 57
113 62
113 70
113 72
113 73
113 75
113 76
113 79
113 80
113 81
113 82
113 84
113 85
113 90
113 92
113 95
113 96
113 98
113 99
113 102
113 103
113 104
113 107
113 112
113 114
113 118
113 120
113 123
113 127
113 128
113 134
113 140
113 143
113 145
113 147
113 149
114 1
114 2
114 3
114 5
114 6
114 7
114 8
114 10
114 12
114 13
114 14
114 15
114 18
114 24
114 25
114 26
114 27
114 28
114 31
114 35
114 37
114 43
114 46
114 48
114 50
114 53
114 54
114 57
114 58
114 61
114 62
114 63
114 64
114 65
114 67
114 70
114 71
114 72
114 73
114 74
114 75
114 76
114 79
114 80
114 81
114 87
114 88
114 97
114 99
114 102
114 103
114 105
114 107
114 112
114 113
114 114
114 117
114 122
114 125
114 127
114 129
114 131
114 134
114 138
114 139
114 140
114 142
114 143
114 149
115 4
115 5
115 6
115 7
115 8
115 10
115 11
115 12
115 14
115 16
115 18
115 19
115 20
115 21
115 22
115 26
115 29
115 33
115 41
115 42
115 49
115 55
115 56
115 62
115 63
115 68
115 72
115 74
115 77
115 85
115 87
115 91
115 93
115 94
115 95
115 97
115 100
115 102
115 106
115 107
115 110
115 114
115 115
115 117
115 119
115 120
115 122
115 128
115 129
115 131
115 132
115 133
115 134
115 136
115 142
115 146
115 147
116 0
116 1
116 2
116 3
116 4
116 5
116 8
116 12
116 13
116 14
116 15
116 16
116 18
116 19
116 21
116 24
116 26
116 28
116 30
116 31
116 33
116 37
116 39
116 43
116 44
116 50
116 53
116 56
116 57
116 58
116 59
116 61
116 62
116 63
116 66
116 68
116 69
116 70
116 75
116 82
116 83
116 88
116 89
116 90
116 95
116 100
116 103
116 105
116 106
116 108
116 112
116 114
116 118
116 119
116 125
116 126
116 129
116 130
116 132
116 133
116 134
116 135
116 136
116 137
116 138
116 139
116 140
116 141
116 144
116 145
116 146
116 148
117 4
117 6
117 12
117 15
117 20
117 29
117 31
117 35
117 37
117 39
117 40
117 41
117 42
117 43
117 44
117 45
117 48
117 50
117 52
117 54
117 57
117 61
117 62
117 67
117 69
117 71
117 75
117 78
117 79
117 80
117 83
117 85
117 87
117 89
117 90
117 91
117 93
117 95
117 96
117 97
117 105
117 106
117 108
117 110
117 114
117 115
117 118
117 119
117 125
117 126
117 128
117 131
117 133
117 134
117 135
117 136
117 137
117 145
117 149
118 4
118 5
118 6
118 8
118 11
118 17
118 19
118 22
118 24
118 26
118 28
118 34
118 36
118 41
118 44
118 45
118 51
118 54
118 56
118 58
118 59
118 60
118 61
118 64
118 67
118 68
118 71
118 72
118 73
118 78
118 79
118 82
118 84
118 85
118 87
118 89
118 91
118 92
118 93
118 94
118 96
118 97
118 100
118 103
118 106
118 107
118 108
118 113
118 114
118 119
118 122
118 126
118 130
118 133
118 144
118 148
119 0
119 8
119 11
119 15
119 16
119 19
119 26
119 27
119 28
119 29
119 30
119 32
119 41
119 43
119 45
119 46
119 48
119 50
119 51
119 55
119 59
119 60
119 63
119 75
119 76
119 77
119 79
119 80
119 81
119 85
119 86
119 94
119 95
119 98
119 101
119 102
119 104
119 105
119 109
119 111
119 119
119 120
119 121
119 125
119 126
119 127
119 131
119 133
119 138
119 140
119 141
119 143
119 144
119 147
119 149
120 2
120 6
120 8
120 11
120 12
120 16
120 18
120 19
120 20
120 21
120 23
120 26
120 28
120 29
120 32
120 33
120 34
120 35
120 41
120 43
120 47
120 49
120 50
120 53
120 57
120 60
120 61
120 62
120 63
120 64
120 69
120 70
120 80
120 82
120 85
120 86
120 89
120 96
120 101
120 108
120 113
120 114
120 116
120 121
120 122
120 123
120 124
120 127
120 130
120 131
120 135
120 137
120 140
120 141
120 144
120 146
120 147
120 148
121 0
121 1
121 6
121 8
121 9
121 10
121 12
121 16
121 19
121 23
121 24
121 25
121 26
121 29
121 33
121 35
121 37
121 38
121 41
121 43
121 44
121 46
121 48
121 51
121 54
121 55
121 58
121 59
121 66
121 70
121 71
121 72
121 74
121 75
121 76
121 77
121 81
121 82
121 83
121 85
121 86
121 87
121 89
121 90
121 93
121 94
121 95
121 96
121 101
121 104
121 105
121 107
121 108
121 109
121 111
121 112
121 114
121 115
121 118
121 124
121 128
121 129
121 137
121 141
121 145
121 146
121 147
122 0
122 2
122 4
122 5
122 6
122 9
122 10
122 11
122 12
122 14
122 16
122 18
122 22
122 23
122 24
122 26
122 27
122 29
122 31
122 33
122 38
122 39
122 41
122 49
122 50
122 57
122 58
122 60
122 62
122 64
122 65
122 72
122 76
122 82
122 84
122 85
122 86
122 88
122 89
122 94
122 98
122 101
122 104
122 109
122 111
122 112
122 114
122 116
122 117
122 118
122 119
122 121
122 123
122 131
122 132
122 134
122 136
122 142
122 143
122 144
122 145
122 147
122 148
122 149
123 5
123 7
123 8
123 16
123 18
123 19
123 20
123 21
123 29
123 32
123 33
123 38
123 39
123 40
123 42
123 43
123 46
123 47
123 48
123 50
123 52
123 53
123 56
123 57
123 60
123 61
123 62
123 65
123 66
123 68
123 70
123 72
123 74
123 80
123 87
123 89
123 91
123 92
123 108
123 113
123 115
123 116
123 117
123 120
123 122
123 126
123 130
123 131
123 137
123 139
123 144
123 146
123 148
124 1
124 4
124 9
124 12
124 13
124 14
124 15
124 16
124 17
124 19
124 22
124 24
124 30
124 31
124 32
124 37
124 41
124 49
124 52
124 55
124 57
124 58
124 60
124 63
124 65
124 66
124 69
124 70
124 75
124 76
124 77
124 83
124 85
124 86
124 90
124 95
124 96
124 98
124 100
124 102
124 105
124 107
124 108
124 109
124 110
124 113
124 114
124 115
124 116
124 117
124 118
124 122
124 123
124 128
124 129
124 133
124 135
124 136
124 137
124 143
124 145
124 146
124 147
124 148
125 0
125 3
125 5
125 7
125 10
125 14
125 17
125 18
125 19
125 21
125 24
125 29
125 33
125 36
125 45
125 46
125 51
125 55
125 58
125 59
125 62
125 68
125 69
125 71
125 72
125 74
125 75
125 77
125 82
125 83
125 86
125 88
125 90
125 91
125 93
125 95
125 98
125 102
125 103
125 104
125 106
125 107
125 109
125 112
125 113
125 114
125 117
125 118
125 119
125 121
125 123
125 124
125 128
125 131
125 132
125 133
125 137
125 138
125 141
125 143
125 144
125 145
125 146
126 2
126 3
126 7
126 9
126 14
126 15
126 18
126 22
126 24
126 25
126 37
126 38
126 46
126 48
126 49
126 50
126 53
126 55
126 56
126 57
126 58
126 59
126 61
126 63
126 66
126 67
126 69
126 70
126 74
126 75
126 77
126 79
126 81
126 82
126 88
126 95
126 96
126 101
126 103
126 106
126 107
126 109
126 110
126 114
126 116
126 117
126 120
126 123
126 124
126 125
126 126
126 128
126 129
126 130
126 134
126 137
126 142
126 144
126 145
126 148
127 8
127 17
127 18
127 19
127 20
127 24
127 25
127 27
127 29
127 30
127 35
127 37
127 40
127 41
127 44
127 45
127 46
127 49
127 52
127 54
127 55
127 60
127 61
127 71
127 72
127 73
127 76
127 77
127 79
127 80
127 81
127 84
127 87
127 89
127 90
127 91
127 101
127 104
127 106
127 107
127 111
127 113
127 118
127 124
127 128
127 129
127 130
127 131
127 132
127 134
127 136
127 141
127 143
127 146
127 147
128 0
128 2
128 6
128 7
128 8
128 12
128 13
128 14
128 17
128 18
128 21
128 22
128 27
128 28
128 30
128 31
128 32
128 39
128 40
128 44
128 52
128 53
128 58
128 64
128 68
128 69
128 73
128 74
128 76
128 79
128 84
128 88
128 97
128 101
128 102
128 104
128 109
128 115
128 116
128 118
128 122
128 123
128 125
128 126
128 132
128 133
128 135
128 137
128 138
128 139
128 140
128 143
128 147
129 4
129 6
129 7
129 11
129 13
129 15
129 16
129 23
129 25
129 26
129 27
129 29
129 30
129 33
129 34
129 35
129 36
129 39
129 41
129 43
129 47
129 51
129 53
129 54
129 55
129 58
129 65
129 66
129 67
129 69
129 71
129 73
129 75
129 76
129 78
129 80
129 81
129 83
129 84
129 88
129 97
129 98
129 99
129 102
129 104
129 109
129 111
129 114
129 119
129 125
129 126
129 134
129 136
129 142
129 144
129 147
130 0
130 1
130 2
130 5
130 9
130 11
130 23
130 27
130 30
130 32
130 36
130 41
130 44
130 51
130 53
130 55
130 56
130 57
130 58
130 63
130 70
130 71
130 74
130 78
130 79
130 80
130 81
130 83
130 85
130 87
130 88
130 92
130 93
130 95
130 97
130 100
130 102
130 106
130 107
130 111
130 115
130 116
130 124
130 131
130 138
130 139
130 140
130 141
130 144
130 146
130 147
131 2
131 4
131 7
131 10
131 12
131 16
131 20
131 21
131 26
131 28
131 30
131 31
131 32
131 34
131 35
131 36
131 39
131 44
131 48
131 49
131 50
131 53
131 60
131 61
131 62
131 65
131 66
131 67
131 68
131 70
131 72
131 73
131 74
131 82
131 83
131 85
131 88
131 89
131 91
131 99
131 103
131 107
131 111
131 116
131 122
131 123
131 125
131 127
131 131
131 132
131 133
131 134
131 139
131 140
131 142
132 1
132 3
132 8
132 12
132 13
132 20
132 23
132 24
132 33
132 43
132 44
132 46
132 49
132 56
132 58
132 59
132 60
132 65
132 67
132 72
132 79
132 87
132 89
132 91
132 92
132 97
132 102
132 105
132 109
132 111
132 113
132 127
132 128
132 130
132 131
132 132
132 133
132 136
132 138
132 142
132 143
132 145
132 147
132 149
133 0
133 3
133 12
133 15
133 16
133 17
133 18
133 20
133 22
133 24
133 26
133 28
133 30
133 33
133 34
133 35
133 44
133 50
133 52
133 53
133 55
133 57
133 59
133 62
133 69
133 75
133 79
133 80
133 81
133 82
133 84
133 88
133 94
133 98
133 100
133 102
133 103
133 105
133 106
133 109
133 114
133 116
133 119
133 122
133 123
133 127
133 129
133 132
133 135
133 136
133 137
133 139
133 143
133 144
133 145
133 147
133 148
134 3
134 8
134 9
134 12
134 18
134 20
134 23
134 24
134 27
134 28
134 31
134 32
134 33
134 37
134 38
134 41
134 43
134 45
134 51
134 53
134 56
134 58
134 60
134 62
134 63
134 64
134 65
134 66
134 69
134 73
134 75
134 76
134 79
134 86
134 89
134 90
134 91
134 92
134 95
134 96
134 97
134 98
134 103
134 105
134 106
134 108
134 109
134 121
134 122
134 128
134 132
134 135
134 137
134 140
134 141
134 144
134 147
134 148
134 149
135 0
135 5
135 7
135 10
135 17
135 19
135 20
135 21
135 22
135 24
135 28
135 30
135 31
135 32
135 33
135 40
135 41
135 43
135 45
135 47
135 48
135 50
135 51
135 52
135 55
135 56
135 57
135 59
135 63
135 66
135 67
135 68
135 74
135 75
135 76
135 78
135 80
135 81
135 82
135 84
135 85
135 87
135 92
135 98
135 101
135 102
135 104
135 109
135 115
135 118
135 121
135 125
135 129
135 133
135 134
135 140
135 142
135 144
135 148
135 149
136 3
136 8
136 10
136 17
136 22
136 30
136 33
136 34
136 37
136 40
136 41
136 43
136 44
136 48
136 49
136 53
136 55
136 59
136 60
136 63
136 65
136 70
136 72
136 73
136 74
136 77
136 79
136 80
136 81
136 82
136 84
136 87
136 92
136 97
136 100
136 101
136 107
136 111
136 112
136 114
136 120
136 124
136 129
136 135
136 137
136 138
136 139
136 140
136 144
136 147
136 148
136 149
137 0
137 1
137 2
137 5
137 9
137 10
137 16
137 19
137 23
137 25
137 28
137 32
137 35
137 37
137 46
137 47
137 48
137 51
137 52
137 55
137 61
137 62
137 63
137 64
137 66
137 69
137 73
137 76
137 79
137 81
137 84
137 85
137 86
137 88
137 91
137 92
137 96
137 103
137 106
137 113
137 115
137 116
137 117
137 119
137 120
137 126
137 129
137 130
137 134
137 136
137 137
137 141
137 142
137 146
137 148
137 149
138 0
138 2
138 3
138 4
138 6
138 10
138 12
138 15
138 16
138 17
138 19
138 20
138 23
138 24
138 26
138 31
138 32
138 36
138 37
138 42
138 45
138 49
138 52
138 53
138 54
138 55
138 57
138 60
138 61
138 64
138 67
138 68
138 72
138 74
138 75
138 82
138 87
138 88
138 89
138 90
138 94
138 96
138 97
138 98
138 99
138 102
138 104
138 108
138 110
138 114
138 116
138 123
138 124
138 125
138 127
138 129
138 130
138 134
138 138
138 141
138 143
138 148
138 149
139 0
139 1
139 3
139 4
139 5
139 8
139 9
139 10
139 12
139 16
139 17
139 19
139 20
139 21
139 23
139 24
139 25
139 28
139 33
139 34
139 36
139 38
139 39
139 40
139 44
139 47
139 51
139 53
139 56
139 61
139 62
139 63
139 65
139 68
139 69
139 71
139 75
139 76
139 77
139 81
139 82
139 86
139 89
139 91
139 92
139 93
139 94
139 96
139 100
139 103
139 107
139 110
139 113
139 120
139 121
139 124
139 131
139 132
139 133
139 135
139 136
139 141
140 6
140 12
140 14
140 20
140 22
140 23
140 26
140 37
140 38
140 39
140 41
140 43
140 49
140 52
140 54
140 58
140 60
140 64
140 68
140 76
140 79
140 81
140 90
140 91
140 92
140 93
140 95
140 100
140 102
140 105
140 107
140 108
140 109
140 110
140 113
140 114
140 116
140 118
140 120
140 129
140 133
140 134
140 135
140 136
140 138
140 139
140 142
140 144
140 146
140 147
141 0
141 2
141 3
141 6
141 9
141 12
141 14
141 16
141 19
141 23
141 26
141 27
141 28
141 33
141 37
141 39
141 42
141 43
141 45
141 47
141 48
141 57
141 58
141 65
141 66
141 67
141 69
141 72
141 74
141 76
141 77
141 78
141 79
141 83
141 84
141 89
141 90
141 91
141 93
141 96
141 100
141 103
141 107
141 109
141 110
141 111
141 116
141 117
141 120
141 123
141 128
141 130
141 131
141 134
141 137
141 142
141 146
142 0
142 1
142 2
142 4
142 5
142 6
142 7
142 9
142 10
142 12
142 14
142 15
142 17
142 18
142 28
142 29
142 33
142 36
142 40
142 42
142 43
142 44
142 47
142 51
142 58
142 60
142 64
142 65
142 66
142 69
142 72
142 73
142 75
142 78
142 81
142 82
142 84
142 86
142 89
142 90
142 92
142 99
142 100
142 106
142 110
142 111
142 113
142 114
142 116
142 117
142 119
142 122
142 123
142 124
142 128
142 131
142 132
142 134
142 137
142 140
142 148
143 1
143 6
143 7
143 15
143 22
143 24
143 26
143 27
143 29
143 30
143 32
143 34
143 42
143 47
143 48
143 51
143 53
143 55
143 56
143 62
143 63
143 65
143 67
143 73
143 74
143 75
143 77
143 78
143 79
143 81
143 82
143 85
143 87
143 89
143 90
143 91
143 92
143 93
143 96
143 100
143 104
143 106
143 111
143 115
143 116
143 118
143 119
143 120
143 121
143 123
143 127
143 128
143 131
143 133
143 135
143 138
143 139
143 145
143 146
143 147
143 148
144 2
144 4
144 5
144 6
144 9
144 11
144 12
144 15
144 21
144 23
144 26
144 30
144 31
144 32
144 33
144 34
144 36
144 38
144 42
144 43
144 47
144 48
144 50
144 51
144 57
144 58
144 59
144 61
144 64
144 66
144 69
144 72
144 74
144 76
144 77
144 78
144 79
144 85
144 87
144 88
144 92
144 94
144 95
144 96
144 97
144 98
144 101
144 105
144 108
144 109
144 112
144 114
144 116
144 119
144 122
144 123
144 124
144 125
144 128
144 129
144 135
144 138
144 139
144 140
144 142
144 143
144 147
145 0
145 7
145 13
145 15
145 17
145 24
145 25
145 26
145 27
145 28
145 29
145 31
145 33
145 35
145 40
145 41
145 44
145 47
145 50
145 53
145 54
145 55
145 58
145 60
145 63
145 66
145 68
145 72
145 74
145 77
145 79
145 80
145 81
145 82
145 83
145 86
145 87
145 88
145 90
145 96
145 98
145 100
145 101
145 102
145 107
145 108
145 109
145 111
145 112
145 115
145 116
145 118
145 120
145 122
145 124
145 126
145 128
145 129
145 134
145 135
145 136
145 140
145 141
145 145
145 147
145 148
145 149
146 0
146 1
146 4
146 6
146 8
146 11
146 12
146 14
146 16
146 17
146 18
146 20
146 21
146 24
146 27
146 31
146 35
146 36
146 38
146 40
146 46
146 47
146 50
146 51
146 52
146 53
146 54
146 56
146 58
146 61
146 63
146 67
146 70
146 72
146 74
146 75
146 81
146 82
146 85
146 88
146 93
146 95
146 102
146 103
146 104
146 105
146 106
146 111
146 114
146 117
146 125
146 128
146 134
146 135
146 140
146 142
146 144
146 146
146 147
147 1
147 2
147 6
147 7
147 8
147 10
147 12
147 13
147 14
147 17
147 22
147 24
147 25
147 27
147 29
147 30
147 31
147 34
147 37
147 41
147 43
147 46
147 49
147 50
147 51
147 52
147 53
147 54
147 55
147 57
147 65
147 67
147 70
147 71
147 72
147 74
147 77
147 78
147 80
147 83
147 86
147 87
147 88
147 89
147 90
147 94
147 95
147 96
147 97
147 100
147 101
147 102
147 107
147 115
147 120
147 122
147 126
147 127
147 128
147 130
147 132
147 135
147 138
147 140
147 144
147 146
148 1
148 3
148 5
148 6
148 9
148 11
148 12
148 14
148 16
148 22
148 23
148 31
148 34
148 42
148 44
148 45
148 46
148 50
148 53
148 54
148 56
148 57
148 60
148 62
148 63
148 65
148 71
148 74
148 76
148 77
148 80
148 81
148 82
148 83
148 87
148 88
148 91
148 96
148 98
148 101
148 104
148 107
148 114
148 116
148 119
148 120
148 122
148 125
148 126
148 134
148 137
148 138
148 140
148 142
148 143
148 144
148 148
148 149
149 2
149 4
149 9
149 12
149 13
149 14
149 15
149 17
149 19
149 23
149 25
149 26
149 27
149 29
149 31
149 39
149 41
149 42
149 43
149 46
149 48
149 49
149 50
149 51
149 53
149 56
149 57
149 59
149 60
149 63
149 66
149 70
149 71
149 72
149 74
149 77
149 81
149 83
149 92
149 93
149 96
149 98
149 99
149 100
149 101
149 103
149 104
149 107
149 108
149 111
149 113
149 117
149 118
149 122
149 125
149 130
149 131
149 132
149 134
149 135
149 136
149 139
149 143
149 145
149 149
