150
13500
0 0
0 1
0 2
0 3
0 4
0 5
0 6
0 10
0 11
0 12
0 13
0 14
0 15
0 16
0 17
0 19
0 20
0 21
0 22
0 24
0 25
0 26
0 27
0 29
0 31
0 32
0 33
0 34
0 36
0 37
0 40
0 41
0 42
0 44
0 45
0 46
0 49
0 52
0 53
0 54
0 55
0 56
0 57
0 58
0 59
0 60
0 61
0 63
0 67
0 70
0 71
0 72
0 74
0 75
0 76
0 77
0 78
0 79
0 80
0 81
0 82
0 84
0 85
0 87
0 88
0 89
0 90
0 92
0 93
0 94
0 95
0 96
0 97
0 98
0 99
0 100
0 101
0 102
0 105
0 107
0 110
0 111
0 113
0 117
0 118
0 119
0 120
0 121
0 123
0 124
0 125
0 127
0 128
0 131
0 132
0 134
0 136
0 138
0 140
0 141
0 142
0 145
0 146
0 147
0 148
0 149
1 0
1 1
1 2
1 3
1 4
1 5
1 6
1 7
1 8
1 9
1 11
1 12
1 14
1 18
1 21
1 22
1 27
1 29
1 30
1 31
1 32
1 33
1 35
1 37
1 38
1 40
1 41
1 44
1 45
1 46
1 47
1 48
1 49
1 50
1 51
1 53
1 54
1 55
1 56
1 57
1 60
1 61
1 63
1 65
1 67
1 70
1 71
1 73
1 74
1 75
1 76
1 77
1 78
1 79
1 81
1 82
1 85
1 89
1 90
1 91
1 92
1 94
1 96
1 98
1 99
1 100
1 101
1 102
1 103
1 105
1 107
1 108
1 109
1 110
1 112
1 113
1 114
1 115
1 116
1 117
1 118
1 119
1 120
1 121
1 123
1 124
1 125
1 126
1 127
1 128
1 129
1 131
1 133
1 136
1 139
1 140
1 141
1 142
1 143
1 144
1 146
1 149
2 0
2 2
2 3
2 9
2 10
2 11
2 13
2 15
2 17
2 18
2 19
2 21
2 25
2 26
2 27
2 28
2 29
2 30
2 32
2 34
2 35
2 36
2 38
2 40
2 41
2 42
2 44
2 46
2 47
2 48
2 49
2 51
2 52
2 53
2 55
2 57
2 58
2 60
2 62
2 64
2 66
2 67
2 68
2 70
2 71
2 72
2 73
2 75
2 77
2 78
2 79
2 80
2 82
2 83
2 85
2 88
2 90
2 91
2 92
2 93
2 94
2 95
2 97
2 99
2 101
2 102
2 104
2 106
2 109
2 112
2 113
2 116
2 118
2 122
2 123
2 125
2 126
2 128
2 129
2 136
2 137
2 138
2 139
2 140
2 143
2 144
2 147
2 149
3 2
3 3
3 4
3 5
3 6
3 7
3 8
3 10
3 11
3 13
3 14
3 15
3 16
3 17
3 18
3 19
3 20
3 21
3 24
3 27
3 28
3 29
3 30
3 33
3 34
3 36
3 37
3 38
3 40
3 41
3 42
3 43
3 44
3 47
3 48
3 50
3 51
3 53
3 54
3 56
3 57
3 58
3 59
3 62
3 63
3 64
3 65
3 66
3 70
3 72
3 73
3 74
3 76
3 78
3 80
3 83
3 85
3 87
3 88
3 89
3 90
3 91
3 92
3 94
3 95
3 96
3 98
3 99
3 100
3 101
3 102
3 107
3 109
3 111
3 112
3 114
3 118
3 119
3 120
3 121
3 122
3 123
3 124
3 126
3 127
3 129
3 130
3 132
3 133
3 134
3 135
3 136
3 137
3 138
3 139
3 140
3 141
3 142
3 143
3 144
3 146
4 0
4 3
4 4
4 7
4 8
4 13
4 15
4 18
4 19
4 21
4 23
4 25
4 26
4 29
4 30
4 31
4 33
4 34
4 35
4 38
4 40
4 41
4 42
4 45
4 46
4 47
4 50
4 51
4 53
4 55
4 56
4 58
4 59
4 60
4 61
4 64
4 65
4 66
4 67
4 69
4 71
4 72
4 74
4 75
4 77
4 78
4 79
4 80
4 81
4 83
4 84
4 85
4 86
4 87
4 91
4 92
4 94
4 96
4 97
4 99
4 101
4 102
4 103
4 106
4 107
4 111
4 113
4 114
4 115
4 116
4 117
4 119
4 120
4 122
4 123
4 125
4 126
4 128
4 129
4 130
4 131
4 132
4 137
4 139
4 140
4 141
4 142
4 144
4 145
4 146
4 147
4 149
5 0
5 1
5 2
5 3
5 4
5 5
5 6
5 8
5 12
5 16
5 18
5 19
5 20
5 21
5 22
5 23
5 24
5 26
5 27
5 28
5 34
5 35
5 39
5 40
5 41
5 42
5 44
5 45
5 46
5 47
5 51
5 52
5 53
5 57
5 59
5 61
5 63
5 64
5 65
5 66
5 67
5 68
5 69
5 70
5 73
5 75
5 76
5 79
5 80
5 81
5 83
5 84
5 85
5 86
5 88
5 90
5 91
5 93
5 95
5 96
5 98
5 99
5 100
5 103
5 107
5 110
5 111
5 112
5 113
5 115
5 116
5 118
5 121
5 122
5 123
5 124
5 125
5 126
5 127
5 129
5 130
5 133
5 134
5 137
5 138
5 140
5 142
5 148
6 2
6 3
6 4
6 5
6 6
6 7
6 9
6 10
6 11
6 14
6 15
6 16
6 17
6 20
6 21
6 22
6 23
6 25
6 28
6 29
6 30
6 31
6 32
6 33
6 35
6 36
6 37
6 41
6 44
6 45
6 47
6 51
6 52
6 53
6 55
6 56
6 58
6 60
6 61
6 64
6 65
6 66
6 67
6 68
6 69
6 71
6 73
6 76
6 77
6 79
6 80
6 82
6 83
6 84
6 85
6 86
6 87
6 88
6 89
6 90
6 91
6 95
6 98
6 99
6 100
6 102
6 104
6 105
6 108
6 111
6 113
6 114
6 117
6 119
6 120
6 121
6 123
6 124
6 125
6 127
6 128
6 129
6 130
6 131
6 134
6 135
6 138
6 139
6 140
6 141
6 142
6 143
6 145
6 146
6 149
7 2
7 4
7 5
7 7
7 9
7 10
7 12
7 14
7 16
7 18
7 20
7 21
7 22
7 23
7 24
7 26
7 27
7 28
7 29
7 30
7 31
7 32
7 33
7 35
7 38
7 39
7 40
7 42
7 43
7 44
7 45
7 46
7 48
7 49
7 50
7 52
7 54
7 55
7 56
7 57
7 60
7 62
7 63
7 67
7 69
7 70
7 71
7 76
7 80
7 81
7 82
7 83
7 84
7 85
7 86
7 87
7 88
7 89
7 90
7 91
7 94
7 96
7 97
7 98
7 99
7 100
7 103
7 104
7 105
7 106
7 107
7 114
7 115
7 116
7 117
7 119
7 120
7 121
7 124
7 125
7 128
7 132
7 133
7 134
7 139
7 140
7 142
7 143
7 144
7 149
8 0
8 1
8 3
8 4
8 7
8 8
8 9
8 10
8 11
8 13
8 14
8 16
8 17
8 19
8 21
8 22
8 23
8 25
8 26
8 28
8 29
8 30
8 31
8 34
8 37
8 38
8 39
8 43
8 48
8 49
8 50
8 51
8 52
8 53
8 54
8 55
8 57
8 59
8 60
8 62
8 63
8 65
8 66
8 67
8 71
8 72
8 73
8 74
8 75
8 76
8 77
8 80
8 81
8 82
8 83
8 84
8 86
8 88
8 90
8 91
8 95
8 96
8 97
8 98
8 101
8 102
8 103
8 105
8 109
8 110
8 112
8 113
8 114
8 117
8 118
8 119
8 120
8 121
8 124
8 125
8 127
8 128
8 129
8 130
8 131
8 132
8 135
8 137
8 141
8 142
8 144
8 146
8 149
9 0
9 1
9 2
9 3
9 7
9 12
9 13
9 15
9 16
9 18
9 21
9 22
9 24
9 25
9 26
9 29
9 30
9 31
9 32
9 33
9 34
9 37
9 38
9 39
9 40
9 42
9 44
9 47
9 48
9 50
9 52
9 53
9 55
9 57
9 59
9 60
9 63
9 65
9 66
9 67
9 68
9 70
9 71
9 72
9 73
9 75
9 76
9 77
9 78
9 80
9 82
9 84
9 86
9 87
9 88
9 92
9 95
9 96
9 97
9 98
9 99
9 100
9 102
9 103
9 104
9 107
9 108
9 109
9 111
9 112
9 114
9 120
9 122
9 124
9 125
9 127
9 128
9 130
9 131
9 132
9 134
9 136
9 137
9 138
9 140
9 146
9 147
9 148
10 1
10 2
10 5
10 7
10 8
10 12
10 14
10 16
10 17
10 18
10 24
10 26
10 27
10 28
10 29
10 30
10 34
10 35
10 36
10 39
10 40
10 41
10 42
10 43
10 45
10 46
10 47
10 50
10 51
10 52
10 54
10 58
10 60
10 61
10 64
10 65
10 69
10 71
10 73
10 76
10 77
10 78
10 79
10 80
10 82
10 83
10 84
10 85
10 86
10 87
10 88
10 91
10 92
10 94
10 95
10 99
10 100
10 101
10 102
10 103
10 106
10 107
10 108
10 109
10 110
10 112
10 113
10 114
10 115
10 116
10 119
10 122
10 123
10 124
10 125
10 127
10 130
10 131
10 133
10 134
10 135
10 136
10 137
10 138
10 140
10 142
10 143
10 144
10 147
10 148
10 149
11 0
11 1
11 3
11 4
11 7
11 9
11 10
11 11
11 12
11 13
11 15
11 16
11 18
11 20
11 22
11 24
11 25
11 27
11 29
11 34
11 36
11 37
11 38
11 39
11 40
11 42
11 43
11 44
11 47
11 48
11 49
11 51
11 52
11 54
11 56
11 59
11 61
11 62
11 64
11 65
11 66
11 67
11 68
11 69
11 70
11 71
11 72
11 73
11 74
11 75
11 78
11 80
11 81
11 83
11 84
11 87
11 88
11 89
11 90
11 91
11 92
11 94
11 95
11 96
11 97
11 100
11 102
11 103
11 104
11 105
11 106
11 107
11 109
11 110
11 111
11 112
11 113
11 114
11 115
11 119
11 120
11 121
11 122
11 127
11 130
11 133
11 134
11 135
11 136
11 138
11 141
11 142
11 143
11 144
11 145
11 146
11 147
11 148
12 1
12 3
12 4
12 5
12 7
12 10
12 11
12 12
12 13
12 14
12 15
12 16
12 18
12 19
12 21
12 22
12 25
12 26
12 27
12 28
12 30
12 32
12 34
12 35
12 37
12 38
12 39
12 40
12 41
12 42
12 43
12 44
12 45
12 46
12 47
12 50
12 51
12 52
12 53
12 55
12 57
12 58
12 63
12 64
12 67
12 68
12 76
12 78
12 79
12 80
12 82
12 85
12 86
12 87
12 90
12 91
12 92
12 94
12 98
12 99
12 100
12 102
12 103
12 104
12 107
12 109
12 110
12 113
12 114
12 115
12 116
12 117
12 118
12 122
12 124
12 125
12 126
12 127
12 129
12 130
12 132
12 133
12 134
12 135
12 136
12 137
12 138
12 140
12 141
12 142
12 143
12 145
12 146
12 147
12 148
13 1
13 2
13 3
13 4
13 6
13 8
13 9
13 11
13 12
13 13
13 14
13 15
13 17
13 18
13 19
13 20
13 21
13 25
13 26
13 29
13 31
13 32
13 33
13 35
13 42
13 43
13 44
13 46
13 47
13 49
13 50
13 52
13 58
13 62
13 64
13 68
13 69
13 71
13 72
13 75
13 76
13 77
13 79
13 80
13 82
13 84
13 85
13 86
13 91
13 92
13 93
13 94
13 95
13 99
13 101
13 103
13 105
13 107
13 108
13 111
13 112
13 114
13 116
13 122
13 123
13 124
13 125
13 126
13 127
13 128
13 131
13 137
13 138
13 141
13 142
13 143
13 144
13 146
13 147
13 149
14 0
14 2
14 10
14 13
14 15
14 16
14 18
14 19
14 20
14 21
14 22
14 23
14 24
14 27
14 30
14 31
14 32
14 34
14 35
14 36
14 38
14 40
14 41
14 42
14 43
14 44
14 45
14 48
14 49
14 50
14 51
14 53
14 54
14 55
14 59
14 60
14 63
14 65
14 67
14 68
14 69
14 71
14 73
14 74
14 75
14 76
14 77
14 78
14 79
14 80
14 81
14 82
14 84
14 87
14 88
14 90
14 93
14 94
14 95
14 96
14 97
14 98
14 100
14 101
14 102
14 103
14 104
14 106
14 109
14 110
14 112
14 115
14 118
14 119
14 121
14 123
14 124
14 125
14 126
14 129
14 132
14 134
14 135
14 137
14 138
14 140
14 143
14 144
14 145
14 146
14 147
15 0
15 2
15 6
15 7
15 8
15 11
15 12
15 13
15 16
15 17
15 19
15 25
15 27
15 28
15 30
15 31
15 32
15 36
15 40
15 42
15 43
15 44
15 46
15 47
15 48
15 49
15 50
15 51
15 52
15 57
15 58
15 61
15 62
15 63
15 64
15 66
15 67
15 68
15 69
15 70
15 72
15 74
15 75
15 76
15 77
15 78
15 79
15 82
15 83
15 86
15 89
15 90
15 92
15 93
15 95
15 96
15 98
15 100
15 101
15 103
15 105
15 106
15 107
15 110
15 111
15 113
15 114
15 116
15 117
15 118
15 123
15 125
15 126
15 127
15 128
15 131
15 133
15 134
15 136
15 137
15 140
15 141
15 142
15 145
15 146
15 147
15 148
16 0
16 1
16 3
16 4
16 5
16 6
16 8
16 11
16 14
16 17
16 19
16 20
16 22
16 24
16 28
16 29
16 30
16 32
16 33
16 35
16 38
16 40
16 41
16 43
16 45
16 46
16 48
16 49
16 50
16 52
16 53
16 56
16 57
16 59
16 60
16 65
16 66
16 67
16 68
16 70
16 71
16 74
16 77
16 78
16 79
16 80
16 81
16 82
16 83
16 84
16 85
16 86
16 91
16 92
16 94
16 96
16 99
16 101
16 102
16 103
16 104
16 106
16 108
16 109
16 110
16 111
16 113
16 114
16 115
16 118
16 119
16 120
16 121
16 125
16 127
16 128
16 130
16 135
16 136
16 138
16 140
16 141
16 144
16 146
16 147
17 1
17 6
17 7
17 8
17 9
17 11
17 12
17 13
17 14
17 15
17 18
17 19
17 22
17 23
17 24
17 25
17 26
17 27
17 29
17 31
17 32
17 34
17 35
17 36
17 38
17 39
17 40
17 41
17 42
17 45
17 47
17 50
17 52
17 54
17 56
17 57
17 59
17 60
17 62
17 65
17 66
17 68
17 69
17 72
17 73
17 74
17 75
17 76
17 80
17 82
17 83
17 84
17 85
17 86
17 87
17 88
17 92
17 93
17 98
17 102
17 103
17 104
17 107
17 110
17 111
17 112
17 113
17 117
17 118
17 119
17 120
17 121
17 124
17 125
17 126
17 128
17 129
17 130
17 132
17 133
17 135
17 136
17 139
17 141
17 142
17 143
17 144
17 145
17 147
17 148
18 1
18 2
18 4
18 6
18 9
18 10
18 11
18 12
18 13
18 14
18 17
18 18
18 20
18 21
18 22
18 23
18 25
18 27
18 28
18 29
18 31
18 32
18 35
18 39
18 40
18 41
18 42
18 43
18 45
18 48
18 51
18 55
18 60
18 61
18 62
18 63
18 66
18 67
18 68
18 69
18 70
18 73
18 74
18 75
18 76
18 77
18 79
18 80
18 82
18 84
18 85
18 86
18 87
18 89
18 91
18 92
18 93
18 94
18 98
18 101
18 102
18 107
18 110
18 111
18 112
18 115
18 116
18 120
18 122
18 125
18 126
18 128
18 129
18 131
18 133
18 135
18 138
18 140
18 141
18 142
18 143
18 144
18 145
18 147
18 148
19 1
19 2
19 3
19 4
19 5
19 9
19 13
19 14
19 18
19 20
19 23
19 24
19 27
19 28
19 30
19 31
19 33
19 35
19 36
19 37
19 38
19 40
19 41
19 42
19 44
19 45
19 46
19 47
19 48
19 49
19 50
19 51
19 53
19 54
19 55
19 56
19 57
19 62
19 66
19 68
19 69
19 70
19 71
19 74
19 77
19 81
19 82
19 84
19 87
19 88
19 89
19 90
19 92
19 94
19 95
19 96
19 97
19 98
19 99
19 101
19 102
19 103
19 107
19 108
19 109
19 110
19 114
19 115
19 116
19 118
19 119
19 120
19 121
19 122
19 125
19 126
19 129
19 130
19 131
19 132
19 135
19 137
19 138
19 139
19 143
19 146
19 148
19 149
20 2
20 4
20 5
20 8
20 9
20 10
20 13
20 14
20 16
20 17
20 18
20 19
20 23
20 26
20 27
20 30
20 31
20 32
20 34
20 35
20 36
20 37
20 38
20 40
20 42
20 43
20 46
20 48
20 52
20 54
20 55
20 56
20 57
20 58
20 59
20 60
20 67
20 68
20 69
20 70
20 71
20 73
20 74
20 75
20 76
20 80
20 83
20 85
20 86
20 88
20 89
20 90
20 91
20 92
20 93
20 95
20 97
20 98
20 99
20 101
20 103
20 107
20 108
20 111
20 112
20 114
20 116
20 117
20 118
20 119
20 121
20 125
20 126
20 128
20 130
20 131
20 133
20 134
20 135
20 137
20 139
20 140
20 141
20 143
20 145
20 146
20 147
20 149
21 1
21 2
21 4
21 5
21 6
21 7
21 8
21 9
21 10
21 11
21 13
21 15
21 16
21 19
21 22
21 23
21 24
21 25
21 26
21 28
21 30
21 33
21 34
21 35
21 36
21 38
21 39
21 41
21 43
21 44
21 46
21 48
21 49
21 53
21 55
21 56
21 57
21 58
21 59
21 62
21 63
21 68
21 70
21 72
21 73
21 75
21 78
21 80
21 81
21 82
21 83
21 84
21 85
21 87
21 88
21 90
21 91
21 92
21 93
21 94
21 95
21 96
21 99
21 101
21 102
21 103
21 104
21 105
21 106
21 107
21 112
21 113
21 114
21 115
21 116
21 117
21 118
21 119
21 120
21 121
21 122
21 123
21 124
21 126
21 127
21 129
21 131
21 132
21 133
21 134
21 135
21 137
21 138
21 139
21 140
21 141
21 144
21 145
21 147
21 149
22 0
22 2
22 5
22 6
22 8
22 15
22 16
22 17
22 18
22 20
22 21
22 22
22 24
22 25
22 27
22 29
22 30
22 31
22 32
22 33
22 36
22 37
22 39
22 41
22 42
22 45
22 46
22 50
22 51
22 52
22 53
22 55
22 57
22 58
22 59
22 63
22 65
22 66
22 67
22 75
22 77
22 78
22 82
22 83
22 84
22 85
22 87
22 90
22 92
22 93
22 96
22 97
22 98
22 100
22 102
22 104
22 107
22 109
22 110
22 112
22 113
22 115
22 116
22 118
22 119
22 122
22 123
22 124
22 125
22 126
22 127
22 129
22 131
22 133
22 134
22 136
22 137
22 138
22 140
22 145
22 146
23 1
23 3
23 4
23 7
23 8
23 10
23 11
23 13
23 14
23 16
23 17
23 18
23 21
23 22
23 23
23 24
23 26
23 30
23 32
23 33
23 34
23 36
23 37
23 38
23 39
23 40
23 42
23 43
23 45
23 46
23 49
23 50
23 53
23 54
23 57
23 58
23 60
23 61
23 62
23 64
23 66
23 67
23 68
23 69
23 70
23 71
23 72
23 76
23 80
23 81
23 82
23 84
23 85
23 86
23 87
23 89
23 90
23 93
23 96
23 98
23 102
23 104
23 105
23 106
23 109
23 110
23 111
23 112
23 113
23 114
23 115
23 116
23 117
23 119
23 120
23 122
23 127
23 128
23 130
23 131
23 132
23 136
23 137
23 138
23 139
23 141
23 142
23 143
23 144
23 145
23 146
23 149
24 0
24 3
24 4
24 5
24 7
24 10
24 11
24 13
24 14
24 15
24 16
24 17
24 20
24 21
24 22
24 23
24 24
24 26
24 28
24 29
24 30
24 32
24 37
24 39
24 40
24 41
24 42
24 43
24 44
24 47
24 49
24 50
24 52
24 53
24 55
24 56
24 58
24 59
24 60
24 61
24 62
24 63
24 65
24 66
24 68
24 69
24 70
24 71
24 73
24 74
24 75
24 77
24 78
24 80
24 82
24 84
24 87
24 88
24 89
24 90
24 92
24 93
24 95
24 96
24 97
24 98
24 100
24 103
24 104
24 106
24 108
24 113
24 114
24 115
24 116
24 118
24 119
24 120
24 123
24 124
24 125
24 126
24 128
24 129
24 130
24 133
24 134
24 135
24 137
24 139
24 140
24 142
24 143
24 145
24 146
24 147
24 148
24 149
25 0
25 1
25 2
25 3
25 4
25 7
25 9
25 11
25 12
25 14
25 15
25 17
25 20
25 22
25 23
25 25
25 26
25 27
25 31
25 35
25 36
25 38
25 39
25 43
25 44
25 45
25 47
25 48
25 49
25 53
25 55
25 58
25 60
25 63
25 66
25 67
25 70
25 71
25 72
25 73
25 74
25 77
25 81
25 83
25 85
25 86
25 88
25 91
25 93
25 94
25 95
25 97
25 100
25 102
25 105
25 106
25 108
25 109
25 111
25 112
25 113
25 117
25 118
25 119
25 121
25 123
25 124
25 125
25 126
25 127
25 128
25 132
25 133
25 135
25 136
25 138
25 140
25 141
25 142
25 144
25 145
25 146
25 147
25 148
25 149
26 1
26 3
26 4
26 5
26 8
26 9
26 12
26 13
26 14
26 17
26 18
26 19
26 20
26 22
26 26
26 27
26 29
26 31
26 34
26 35
26 36
26 37
26 39
26 40
26 41
26 43
26 44
26 45
26 47
26 48
26 49
26 51
26 52
26 53
26 54
26 55
26 56
26 57
26 59
26 62
26 63
26 65
26 70
26 71
26 72
26 73
26 74
26 75
26 76
26 79
26 80
26 81
26 82
26 83
26 84
26 90
26 91
26 93
26 96
26 97
26 98
26 100
26 101
26 102
26 106
26 108
26 109
26 110
26 112
26 113
26 116
26 117
26 119
26 120
26 121
26 122
26 126
26 127
26 128
26 130
26 132
26 134
26 136
26 138
26 140
26 141
26 144
26 146
26 148
26 149
27 2
27 4
27 5
27 7
27 8
27 9
27 11
27 14
27 15
27 18
27 19
27 21
27 23
27 26
27 27
27 29
27 30
27 31
27 32
27 33
27 36
27 37
27 40
27 43
27 47
27 48
27 49
27 51
27 52
27 53
27 54
27 56
27 57
27 60
27 61
27 62
27 63
27 65
27 67
27 68
27 69
27 70
27 71
27 72
27 73
27 75
27 76
27 78
27 79
27 80
27 81
27 82
27 83
27 84
27 85
27 86
27 87
27 88
27 90
27 92
27 95
27 97
27 99
27 100
27 101
27 102
27 105
27 108
27 109
27 110
27 111
27 112
27 113
27 116
27 117
27 119
27 120
27 121
27 123
27 124
27 125
27 126
27 127
27 129
27 132
27 133
27 136
27 139
27 144
27 147
27 148
27 149
28 1
28 2
28 7
28 8
28 9
28 10
28 11
28 12
28 17
28 19
28 20
28 21
28 22
28 24
28 25
28 26
28 27
28 28
28 29
28 30
28 31
28 33
28 35
28 37
28 38
28 39
28 40
28 41
28 42
28 44
28 48
28 50
28 52
28 55
28 58
28 60
28 61
28 62
28 64
28 66
28 67
28 74
28 76
28 78
28 79
28 81
28 83
28 85
28 86
28 89
28 90
28 91
28 92
28 93
28 95
28 96
28 98
28 99
28 100
28 103
28 106
28 107
28 109
28 110
28 111
28 112
28 114
28 115
28 117
28 118
28 119
28 120
28 122
28 123
28 125
28 126
28 128
28 130
28 134
28 135
28 136
28 139
28 142
28 143
28 144
28 145
28 147
28 148
29 3
29 4
29 5
29 8
29 9
29 10
29 12
29 13
29 15
29 19
29 21
29 22
29 28
29 34
29 36
29 37
29 38
29 39
29 41
29 42
29 43
29 45
29 48
29 49
29 53
29 55
29 56
29 59
29 61
29 62
29 63
29 64
29 65
29 69
29 70
29 71
29 74
29 76
29 77
29 80
29 81
29 82
29 83
29 84
29 86
29 87
29 88
29 89
29 91
29 92
29 93
29 94
29 95
29 99
29 100
29 101
29 102
29 104
29 108
29 109
29 111
29 113
29 115
29 116
29 117
29 119
29 120
29 121
29 123
29 125
29 126
29 127
29 128
29 130
29 131
29 133
29 137
29 139
29 140
29 141
29 144
29 146
29 148
29 149
30 1
30 3
30 5
30 6
30 7
30 10
30 11
30 13
30 16
30 17
30 18
30 19
30 22
30 25
30 26
30 27
30 28
30 31
30 32
30 34
30 35
30 37
30 38
30 39
30 40
30 43
30 50
30 52
30 53
30 54
30 55
30 56
30 57
30 58
30 60
30 61
30 62
30 63
30 65
30 67
30 71
30 72
30 73
30 74
30 77
30 79
30 81
30 85
30 86
30 87
30 89
30 90
30 91
30 93
30 95
30 96
30 97
30 100
30 102
30 104
30 105
30 106
30 107
30 110
30 111
30 112
30 114
30 117
30 118
30 120
30 121
30 124
30 125
30 128
30 129
30 130
30 133
30 136
30 140
30 142
30 147
31 0
31 1
31 3
31 6
31 9
31 10
31 13
31 15
31 17
31 19
31 20
31 23
31 24
31 25
31 26
31 28
31 29
31 30
31 31
31 33
31 35
31 36
31 37
31 38
31 39
31 40
31 41
31 42
31 43
31 45
31 46
31 47
31 50
31 53
31 55
31 56
31 58
31 60
31 61
31 64
31 66
31 68
31 73
31 77
31 78
31 79
31 82
31 84
31 85
31 87
31 88
31 91
31 94
31 97
31 101
31 102
31 103
31 104
31 105
31 107
31 112
31 115
31 117
31 120
31 122
31 123
31 125
31 126
31 128
31 130
31 132
31 135
31 136
31 137
31 141
31 144
31 145
31 148
32 1
32 3
32 4
32 6
32 7
32 8
32 9
32 12
32 13
32 14
32 15
32 16
32 17
32 18
32 19
32 20
32 21
32 22
32 23
32 24
32 25
32 26
32 29
32 33
32 34
32 36
32 37
32 39
32 40
32 42
32 44
32 45
32 46
32 47
32 48
32 49
32 50
32 51
32 53
32 54
32 55
32 56
32 57
32 58
32 59
32 60
32 61
32 62
32 65
32 67
32 69
32 70
32 71
32 72
32 74
32 78
32 80
32 84
32 85
32 86
32 87
32 89
32 92
32 93
32 94
32 95
32 96
32 99
32 100
32 101
32 102
32 104
32 107
32 108
32 110
32 111
32 112
32 113
32 114
32 115
32 119
32 120
32 121
32 123
32 124
32 126
32 128
32 130
32 132
32 137
32 138
32 143
32 146
32 147
32 148
33 0
33 1
33 3
33 4
33 5
33 6
33 7
33 10
33 11
33 12
33 15
33 18
33 21
33 23
33 25
33 26
33 30
33 32
33 34
33 35
33 36
33 38
33 40
33 42
33 43
33 44
33 46
33 47
33 48
33 50
33 51
33 52
33 53
33 54
33 55
33 58
33 59
33 60
33 63
33 65
33 66
33 72
33 76
33 77
33 78
33 79
33 82
33 83
33 84
33 86
33 88
33 90
33 91
33 92
33 95
33 96
33 97
33 102
33 104
33 105
33 106
33 108
33 109
33 110
33 111
33 112
33 114
33 118
33 119
33 121
33 125
33 126
33 128
33 130
33 131
33 132
33 133
33 136
33 139
33 141
33 142
33 143
33 144
33 147
33 148
33 149
34 2
34 4
34 7
34 10
34 11
34 12
34 13
34 14
34 15
34 16
34 17
34 18
34 20
34 21
34 26
34 27
34 29
34 31
34 34
34 35
34 36
34 37
34 38
34 40
34 45
34 49
34 50
34 51
34 52
34 53
34 54
34 57
34 60
34 61
34 63
34 64
34 65
34 66
34 67
34 68
34 69
34 72
34 74
34 75
34 78
34 79
34 80
34 81
34 83
34 84
34 85
34 87
34 91
34 92
34 93
34 95
34 96
34 97
34 98
34 99
34 100
34 102
34 103
34 106
34 107
34 109
34 111
34 112
34 115
34 116
34 117
34 118
34 120
34 121
34 124
34 125
34 128
34 129
34 130
34 133
34 134
34 137
34 138
34 140
34 141
34 142
34 143
34 144
34 145
34 147
34 148
34 149
35 0
35 1
35 3
35 4
35 5
35 6
35 7
35 13
35 15
35 16
35 17
35 21
35 22
35 23
35 24
35 28
35 29
35 31
35 33
35 34
35 40
35 42
35 45
35 46
35 48
35 49
35 50
35 52
35 54
35 56
35 57
35 58
35 59
35 61
35 63
35 64
35 68
35 70
35 71
35 72
35 73
35 75
35 77
35 79
35 81
35 82
35 83
35 84
35 87
35 88
35 90
35 91
35 92
35 93
35 95
35 99
35 101
35 104
35 105
35 107
35 108
35 109
35 110
35 112
35 113
35 114
35 116
35 117
35 119
35 120
35 121
35 122
35 123
35 124
35 126
35 128
35 129
35 131
35 132
35 133
35 134
35 135
35 137
35 138
35 141
35 143
35 144
35 148
36 0
36 2
36 3
36 5
36 6
36 8
36 9
36 10
36 11
36 12
36 16
36 17
36 18
36 19
36 20
36 21
36 23
36 24
36 25
36 26
36 28
36 29
36 32
36 33
36 34
36 35
36 38
36 41
36 42
36 44
36 47
36 49
36 50
36 51
36 52
36 53
36 57
36 59
36 61
36 63
36 65
36 66
36 67
36 68
36 69
36 72
36 73
36 74
36 75
36 76
36 78
36 79
36 81
36 82
36 84
36 86
36 89
36 91
36 92
36 101
36 103
36 110
36 111
36 112
36 113
36 115
36 120
36 121
36 122
36 124
36 125
36 127
36 128
36 131
36 132
36 133
36 134
36 136
36 137
36 139
36 142
36 148
36 149
37 0
37 2
37 4
37 5
37 6
37 9
37 10
37 12
37 13
37 16
37 17
37 18
37 19
37 20
37 21
37 22
37 23
37 24
37 25
37 28
37 31
37 33
37 34
37 35
37 36
37 38
37 40
37 41
37 42
37 43
37 44
37 45
37 46
37 47
37 49
37 50
37 52
37 56
37 57
37 58
37 62
37 66
37 67
37 68
37 73
37 74
37 77
37 79
37 82
37 85
37 86
37 88
37 91
37 95
37 96
37 97
37 98
37 102
37 103
37 104
37 107
37 109
37 110
37 112
37 113
37 114
37 115
37 117
37 118
37 119
37 121
37 122
37 123
37 124
37 128
37 129
37 130
37 131
37 134
37 136
37 137
37 138
37 140
37 143
37 144
37 145
37 146
37 147
37 148
37 149
38 4
38 5
38 6
38 7
38 12
38 13
38 14
38 17
38 19
38 22
38 24
38 25
38 27
38 29
38 30
38 31
38 32
38 33
38 34
38 35
38 37
38 38
38 39
38 41
38 44
38 47
38 49
38 54
38 56
38 57
38 58
38 59
38 60
38 61
38 62
38 65
38 66
38 68
38 70
38 75
38 78
38 79
38 80
38 82
38 84
38 85
38 86
38 91
38 93
38 94
38 95
38 96
38 98
38 99
38 102
38 103
38 106
38 107
38 108
38 110
38 111
38 113
38 116
38 117
38 118
38 119
38 121
38 122
38 124
38 126
38 128
38 129
38 130
38 131
38 136
38 137
38 138
38 139
38 140
38 145
38 147
38 148
39 0
39 2
39 3
39 5
39 6
39 7
39 8
39 9
39 14
39 15
39 17
39 18
39 21
39 23
39 26
39 27
39 28
39 29
39 31
39 32
39 34
39 35
39 36
39 41
39 42
39 43
39 45
39 46
39 47
39 49
39 50
39 51
39 52
39 54
39 55
39 56
39 57
39 60
39 61
39 62
39 67
39 71
39 73
39 74
39 75
39 78
39 81
39 82
39 83
39 85
39 86
39 88
39 92
39 94
39 95
39 96
39 97
39 99
39 101
39 105
39 108
39 109
39 110
39 111
39 114
39 116
39 122
39 124
39 125
39 130
39 131
39 133
39 134
39 136
39 137
39 138
39 142
39 143
39 144
39 145
39 148
39 149
40 2
40 4
40 5
40 6
40 7
40 8
40 9
40 11
40 13
40 14
40 15
40 17
40 18
40 19
40 21
40 22
40 23
40 24
40 25
40 26
40 28
40 29
40 32
40 33
40 34
40 35
40 37
40 38
40 42
40 43
40 45
40 46
40 49
40 50
40 54
40 55
40 58
40 61
40 65
40 67
40 68
40 71
40 72
40 73
40 74
40 75
40 76
40 80
40 83
40 86
40 87
40 88
40 90
40 92
40 93
40 95
40 96
40 97
40 98
40 100
40 101
40 103
40 105
40 108
40 110
40 112
40 113
40 115
40 116
40 121
40 122
40 123
40 124
40 126
40 127
40 131
40 132
40 133
40 134
40 135
40 136
40 140
40 141
40 143
40 145
40 146
40 147
40 148
41 0
41 2
41 3
41 4
41 7
41 8
41 10
41 11
41 15
41 17
41 18
41 19
41 20
41 22
41 23
41 24
41 26
41 27
41 29
41 30
41 32
41 34
41 35
41 38
41 39
41 41
41 42
41 43
41 45
41 50
41 52
41 55
41 56
41 57
41 58
41 60
41 61
41 63
41 64
41 66
41 68
41 69
41 70
41 71
41 74
41 75
41 78
41 79
41 80
41 81
41 82
41 83
41 84
41 86
41 87
41 88
41 89
41 90
41 91
41 92
41 94
41 95
41 96
41 98
41 99
41 100
41 101
41 102
41 103
41 104
41 105
41 106
41 109
41 111
41 112
41 113
41 114
41 115
41 117
41 118
41 120
41 124
41 125
41 127
41 128
41 130
41 134
41 136
41 137
41 138
41 139
41 140
41 141
41 142
41 143
41 144
41 146
41 147
41 149
42 2
42 3
42 4
42 5
42 6
42 7
42 10
42 11
42 13
42 17
42 20
42 21
42 22
42 23
42 24
42 28
42 30
42 31
42 35
42 36
42 37
42 38
42 39
42 41
42 43
42 44
42 45
42 46
42 47
42 49
42 50
42 51
42 52
42 56
42 57
42 58
42 61
42 62
42 67
42 69
42 70
42 71
42 73
42 74
42 76
42 77
42 79
42 80
42 81
42 84
42 86
42 87
42 89
42 90
42 94
42 95
42 98
42 99
42 100
42 101
42 103
42 104
42 105
42 107
42 108
42 109
42 111
42 112
42 113
42 116
42 117
42 118
42 120
42 122
42 123
42 124
42 126
42 129
42 134
42 136
42 138
42 139
42 140
42 141
42 142
42 143
42 145
42 147
42 149
43 0
43 3
43 4
43 6
43 7
43 9
43 11
43 13
43 14
43 16
43 18
43 19
43 20
43 21
43 22
43 27
43 28
43 30
43 31
43 36
43 37
43 38
43 39
43 41
43 42
43 44
43 47
43 48
43 49
43 52
43 53
43 54
43 55
43 57
43 60
43 61
43 62
43 63
43 65
43 66
43 67
43 68
43 71
43 73
43 74
43 75
43 76
43 78
43 79
43 80
43 81
43 83
43 84
43 86
43 87
43 88
43 90
43 92
43 94
43 95
43 99
43 100
43 101
43 103
43 105
43 106
43 107
43 109
43 110
43 112
43 113
43 114
43 115
43 117
43 120
43 121
43 122
43 124
43 125
43 127
43 128
43 129
43 133
43 136
43 138
43 139
43 140
43 143
43 144
43 145
43 146
43 147
44 1
44 4
44 5
44 6
44 8
44 9
44 11
44 12
44 13
44 14
44 17
44 18
44 21
44 23
44 24
44 27
44 28
44 30
44 31
44 32
44 33
44 34
44 35
44 38
44 39
44 40
44 44
44 48
44 49
44 53
44 54
44 55
44 56
44 57
44 61
44 65
44 68
44 70
44 71
44 72
44 73
44 76
44 82
44 83
44 84
44 87
44 88
44 89
44 90
44 91
44 92
44 95
44 96
44 97
44 100
44 101
44 102
44 103
44 105
44 106
44 107
44 109
44 110
44 111
44 112
44 114
44 115
44 116
44 118
44 120
44 122
44 124
44 128
44 129
44 130
44 131
44 132
44 133
44 134
44 135
44 136
44 138
44 139
44 140
44 142
44 144
44 145
45 0
45 1
45 3
45 4
45 9
45 10
45 11
45 12
45 13
45 15
45 16
45 18
45 19
45 20
45 21
45 23
45 25
45 27
45 28
45 32
45 35
45 36
45 37
45 41
45 42
45 44
45 45
45 46
45 48
45 49
45 50
45 52
45 54
45 55
45 56
45 59
45 61
45 62
45 63
45 66
45 67
45 68
45 69
45 71
45 72
45 73
45 74
45 75
45 78
45 79
45 81
45 83
45 85
45 86
45 87
45 89
45 90
45 91
45 94
45 97
45 99
45 101
45 102
45 103
45 104
45 107
45 109
45 111
45 112
45 114
45 116
45 117
45 118
45 119
45 120
45 121
45 122
45 123
45 124
45 126
45 128
45 129
45 130
45 131
45 134
45 135
45 136
45 137
45 140
45 142
45 144
45 145
45 146
45 148
45 149
46 1
46 2
46 4
46 5
46 6
46 8
46 9
46 11
46 12
46 13
46 14
46 16
46 17
46 18
46 19
46 20
46 22
46 26
46 28
46 29
46 30
46 31
46 32
46 33
46 34
46 36
46 38
46 40
46 43
46 46
46 48
46 49
46 51
46 52
46 56
46 58
46 60
46 61
46 63
46 65
46 66
46 67
46 68
46 72
46 73
46 74
46 77
46 78
46 79
46 80
46 81
46 82
46 83
46 84
46 85
46 87
46 88
46 93
46 95
46 96
46 100
46 101
46 102
46 103
46 104
46 106
46 107
46 108
46 109
46 111
46 115
46 116
46 118
46 119
46 120
46 121
46 122
46 123
46 125
46 126
46 128
46 130
46 131
46 133
46 134
46 135
46 137
46 138
46 139
46 140
46 142
46 143
46 144
46 145
46 147
46 148
46 149
47 0
47 2
47 5
47 6
47 7
47 8
47 11
47 13
47 15
47 16
47 17
47 19
47 21
47 22
47 24
47 25
47 26
47 27
47 28
47 29
47 33
47 34
47 35
47 38
47 39
47 40
47 42
47 45
47 46
47 47
47 48
47 49
47 50
47 51
47 53
47 54
47 57
47 58
47 60
47 61
47 63
47 64
47 65
47 69
47 70
47 74
47 76
47 77
47 79
47 81
47 82
47 83
47 84
47 85
47 86
47 89
47 90
47 92
47 93
47 94
47 95
47 96
47 97
47 102
47 104
47 106
47 107
47 110
47 111
47 112
47 113
47 114
47 115
47 117
47 121
47 122
47 123
47 128
47 130
47 134
47 135
47 137
47 140
47 141
47 143
47 145
47 148
47 149
48 0
48 1
48 2
48 3
48 4
48 8
48 13
48 14
48 15
48 18
48 20
48 23
48 25
48 26
48 27
48 28
48 30
48 32
48 33
48 34
48 35
48 36
48 37
48 38
48 40
48 41
48 42
48 44
48 45
48 46
48 47
48 49
48 52
48 58
48 59
48 60
48 61
48 63
48 64
48 67
48 68
48 74
48 75
48 76
48 78
48 79
48 80
48 81
48 82
48 83
48 84
48 85
48 86
48 87
48 88
48 89
48 91
48 92
48 93
48 94
48 95
48 97
48 98
48 99
48 101
48 102
48 104
48 105
48 106
48 107
48 108
48 109
48 111
48 113
48 114
48 115
48 118
48 119
48 120
48 121
48 123
48 125
48 128
48 130
48 132
48 135
48 137
48 138
48 139
48 141
48 143
48 144
48 146
48 147
48 148
49 2
49 3
49 6
49 8
49 9
49 10
49 15
49 18
49 19
49 20
49 21
49 22
49 24
49 25
49 27
49 29
49 32
49 33
49 34
49 35
49 36
49 37
49 38
49 39
49 41
49 42
49 43
49 45
49 46
49 47
49 48
49 51
49 52
49 53
49 54
49 55
49 57
49 59
49 60
49 61
49 63
49 64
49 65
49 66
49 67
49 68
49 70
49 71
49 72
49 76
49 78
49 80
49 81
49 85
49 86
49 87
49 88
49 89
49 91
49 92
49 93
49 95
49 96
49 98
49 101
49 102
49 103
49 104
49 105
49 106
49 110
49 111
49 112
49 115
49 117
49 118
49 119
49 120
49 124
49 127
49 128
49 131
49 132
49 133
49 135
49 137
49 140
49 141
49 142
49 143
49 144
49 145
49 146
49 147
49 148
49 149
50 0
50 1
50 4
50 5
50 6
50 7
50 10
50 11
50 14
50 15
50 22
50 26
50 27
50 28
50 30
50 32
50 33
50 34
50 35
50 37
50 38
50 39
50 41
50 42
50 43
50 44
50 45
50 46
50 49
50 50
50 51
50 54
50 55
50 57
50 61
50 62
50 67
50 69
50 70
50 71
50 74
50 75
50 77
50 78
50 80
50 81
50 82
50 83
50 84
50 85
50 86
50 88
50 90
50 91
50 94
50 97
50 102
50 103
50 109
50 111
50 112
50 114
50 115
50 117
50 118
50 120
50 121
50 122
50 124
50 125
50 127
50 128
50 134
50 135
50 136
50 137
50 138
50 139
50 145
50 146
50 147
50 149
51 0
51 1
51 2
51 3
51 5
51 9
51 10
51 11
51 12
51 13
51 15
51 16
51 18
51 19
51 22
51 23
51 25
51 26
51 27
51 28
51 29
51 33
51 34
51 35
51 36
51 37
51 38
51 39
51 40
51 42
51 44
51 45
51 48
51 50
51 51
51 53
51 56
51 57
51 59
51 60
51 62
51 63
51 65
51 66
51 67
51 69
51 70
51 72
51 73
51 74
51 75
51 76
51 80
51 81
51 83
51 86
51 87
51 88
51 89
51 90
51 92
51 94
51 95
51 96
51 97
51 98
51 100
51 101
51 102
51 103
51 105
51 106
51 108
51 109
51 110
51 113
51 114
51 115
51 119
51 120
51 122
51 126
51 129
51 132
51 133
51 135
51 136
51 146
51 148
52 0
52 1
52 2
52 3
52 4
52 5
52 8
52 9
52 10
52 15
52 16
52 17
52 18
52 20
52 27
52 28
52 29
52 31
52 33
52 36
52 38
52 41
52 45
52 46
52 47
52 48
52 49
52 51
52 53
52 55
52 56
52 58
52 60
52 63
52 66
52 68
52 69
52 70
52 71
52 72
52 73
52 75
52 81
52 82
52 84
52 86
52 87
52 88
52 90
52 91
52 92
52 93
52 95
52 103
52 104
52 106
52 107
52 108
52 109
52 110
52 111
52 112
52 113
52 114
52 115
52 116
52 117
52 118
52 119
52 120
52 121
52 123
52 124
52 126
52 128
52 129
52 130
52 131
52 132
52 133
52 135
52 137
52 138
52 139
52 140
52 144
52 145
52 147
52 148
52 149
53 0
53 2
53 3
53 5
53 7
53 10
53 11
53 12
53 14
53 16
53 17
53 18
53 22
53 25
53 26
53 30
53 31
53 32
53 33
53 34
53 37
53 40
53 41
53 42
53 44
53 45
53 48
53 49
53 54
53 57
53 59
53 60
53 62
53 63
53 65
53 67
53 68
53 71
53 72
53 73
53 74
53 76
53 77
53 78
53 79
53 80
53 81
53 84
53 85
53 86
53 91
53 92
53 94
53 95
53 97
53 98
53 99
53 103
53 104
53 105
53 106
53 107
53 109
53 110
53 112
53 113
53 114
53 115
53 116
53 120
53 122
53 123
53 125
53 126
53 127
53 128
53 130
53 134
53 139
53 143
53 144
53 146
53 149
54 0
54 1
54 2
54 4
54 7
54 9
54 10
54 11
54 12
54 13
54 15
54 17
54 18
54 19
54 20
54 21
54 22
54 24
54 25
54 26
54 27
54 28
54 29
54 30
54 31
54 34
54 37
54 38
54 39
54 41
54 44
54 45
54 46
54 47
54 52
54 53
54 54
54 58
54 59
54 60
54 61
54 62
54 64
54 65
54 66
54 67
54 68
54 69
54 71
54 73
54 74
54 75
54 76
54 79
54 81
54 82
54 85
54 89
54 90
54 91
54 95
54 98
54 99
54 100
54 102
54 103
54 105
54 106
54 107
54 110
54 115
54 116
54 118
54 120
54 121
54 122
54 123
54 124
54 125
54 126
54 130
54 131
54 135
54 136
54 137
54 138
54 139
54 140
54 142
54 143
54 144
54 145
54 147
54 148
54 149
55 0
55 1
55 3
55 4
55 5
55 6
55 8
55 9
55 10
55 11
55 12
55 13
55 17
55 22
55 23
55 25
55 26
55 27
55 28
55 30
55 32
55 33
55 37
55 38
55 39
55 40
55 41
55 42
55 43
55 45
55 49
55 50
55 51
55 55
55 56
55 58
55 60
55 61
55 65
55 66
55 67
55 72
55 73
55 76
55 77
55 78
55 80
55 83
55 85
55 86
55 87
55 88
55 92
55 93
55 94
55 95
55 99
55 101
55 102
55 103
55 104
55 105
55 107
55 110
55 112
55 113
55 115
55 116
55 117
55 118
55 119
55 122
55 123
55 125
55 126
55 128
55 133
55 134
55 135
55 138
55 141
55 142
55 144
55 145
55 147
56 0
56 1
56 2
56 3
56 5
56 6
56 10
56 11
56 14
56 17
56 19
56 20
56 21
56 22
56 24
56 25
56 27
56 28
56 29
56 30
56 32
56 35
56 36
56 38
56 39
56 40
56 42
56 44
56 45
56 46
56 47
56 49
56 50
56 51
56 52
56 57
56 58
56 59
56 60
56 62
56 64
56 66
56 67
56 69
56 70
56 71
56 73
56 75
56 76
56 77
56 78
56 79
56 80
56 81
56 83
56 85
56 86
56 88
56 89
56 90
56 94
56 95
56 97
56 100
56 102
56 104
56 105
56 106
56 110
56 111
56 112
56 113
56 114
56 115
56 119
56 121
56 122
56 123
56 126
56 127
56 130
56 132
56 133
56 134
56 136
56 140
56 141
56 143
56 144
56 146
56 148
57 1
57 2
57 3
57 5
57 8
57 9
57 15
57 17
57 18
57 19
57 20
57 21
57 22
57 23
57 26
57 27
57 28
57 29
57 30
57 31
57 32
57 34
57 36
57 37
57 39
57 41
57 43
57 44
57 50
57 52
57 56
57 57
57 58
57 60
57 61
57 63
57 66
57 67
57 68
57 71
57 73
57 74
57 76
57 77
57 79
57 80
57 81
57 82
57 84
57 85
57 88
57 90
57 91
57 94
57 95
57 96
57 98
57 100
57 101
57 102
57 103
57 107
57 112
57 114
57 117
57 118
57 119
57 120
57 121
57 122
57 126
57 127
57 128
57 132
57 133
57 135
57 137
57 138
57 139
57 141
57 142
57 143
57 145
57 146
57 147
57 148
58 2
58 3
58 4
58 8
58 9
58 10
58 12
58 15
58 16
58 17
58 19
58 20
58 21
58 23
58 26
58 29
58 30
58 31
58 36
58 38
58 39
58 40
58 41
58 42
58 43
58 44
58 45
58 46
58 47
58 48
58 50
58 52
58 54
58 55
58 56
58 57
58 58
58 59
58 60
58 61
58 62
58 66
58 68
58 70
58 72
58 73
58 74
58 75
58 77
58 78
58 79
58 81
58 84
58 85
58 86
58 89
58 93
58 94
58 95
58 97
58 98
58 104
58 105
58 106
58 107
58 108
58 112
58 113
58 114
58 115
58 116
58 117
58 118
58 119
58 121
58 123
58 124
58 125
58 126
58 127
58 128
58 131
58 133
58 134
58 135
58 136
58 137
58 138
58 139
58 140
58 141
58 142
58 143
58 144
58 145
58 146
58 147
58 148
58 149
59 1
59 2
59 5
59 6
59 7
59 8
59 14
59 15
59 18
59 19
59 20
59 21
59 22
59 24
59 30
59 35
59 36
59 38
59 40
59 42
59 43
59 45
59 47
59 48
59 49
59 50
59 52
59 53
59 54
59 55
59 56
59 58
59 59
59 62
59 66
59 67
59 69
59 71
59 72
59 73
59 75
59 77
59 78
59 79
59 80
59 83
59 86
59 89
59 90
59 91
59 92
59 93
59 94
59 95
59 96
59 97
59 99
59 100
59 101
59 103
59 104
59 106
59 107
59 108
59 109
59 114
59 115
59 116
59 118
59 119
59 121
59 122
59 123
59 125
59 126
59 127
59 129
59 131
59 134
59 136
59 137
59 138
59 139
59 141
59 144
59 146
59 149
60 0
60 3
60 7
60 8
60 9
60 10
60 12
60 13
60 18
60 19
60 20
60 21
60 23
60 24
60 25
60 26
60 27
60 31
60 32
60 33
60 34
60 36
60 38
60 39
60 42
60 43
60 44
60 47
60 48
60 50
60 51
60 52
60 53
60 55
60 56
60 57
60 58
60 59
60 60
60 63
60 64
60 66
60 67
60 68
60 69
60 72
60 73
60 74
60 75
60 80
60 84
60 88
60 89
60 90
60 91
60 92
60 93
60 97
60 98
60 99
60 100
60 101
60 102
60 104
60 105
60 108
60 109
60 112
60 113
60 114
60 115
60 117
60 120
60 121
60 122
60 123
60 124
60 126
60 127
60 128
60 129
60 131
60 133
60 134
60 135
60 136
60 138
60 141
60 142
60 143
60 144
60 145
60 147
60 148
61 0
61 1
61 3
61 6
61 8
61 9
61 12
61 13
61 14
61 15
61 17
61 20
61 24
61 25
61 26
61 27
61 28
61 30
61 32
61 33
61 38
61 39
61 42
61 44
61 49
61 50
61 51
61 53
61 54
61 55
61 56
61 57
61 58
61 59
61 61
61 62
61 63
61 65
61 69
61 70
61 71
61 72
61 74
61 76
61 77
61 78
61 79
61 81
61 82
61 84
61 85
61 89
61 90
61 93
61 96
61 97
61 98
61 100
61 104
61 105
61 106
61 108
61 110
61 114
61 116
61 117
61 118
61 119
61 121
61 122
61 123
61 126
61 129
61 130
61 131
61 133
61 134
61 136
61 138
61 139
61 140
61 142
61 143
61 145
61 149
62 1
62 2
62 3
62 4
62 9
62 10
62 11
62 12
62 13
62 15
62 17
62 23
62 24
62 27
62 28
62 30
62 31
62 32
62 33
62 34
62 35
62 36
62 38
62 39
62 41
62 42
62 43
62 44
62 45
62 47
62 48
62 53
62 54
62 55
62 56
62 59
62 61
62 62
62 63
62 65
62 66
62 67
62 68
62 69
62 70
62 73
62 74
62 76
62 78
62 79
62 80
62 82
62 84
62 85
62 86
62 87
62 88
62 89
62 91
62 92
62 94
62 97
62 98
62 99
62 100
62 101
62 102
62 103
62 105
62 107
62 108
62 109
62 111
62 112
62 116
62 117
62 118
62 121
62 123
62 124
62 127
62 128
62 131
62 132
62 133
62 137
62 138
62 140
62 141
62 146
63 2
63 4
63 5
63 6
63 8
63 9
63 12
63 14
63 16
63 18
63 19
63 21
63 22
63 24
63 25
63 26
63 27
63 28
63 29
63 30
63 33
63 35
63 37
63 39
63 40
63 42
63 44
63 45
63 47
63 50
63 52
63 53
63 55
63 56
63 60
63 62
63 63
63 65
63 66
63 71
63 72
63 73
63 75
63 77
63 78
63 79
63 82
63 83
63 85
63 87
63 90
63 93
63 95
63 97
63 98
63 99
63 101
63 102
63 103
63 104
63 106
63 107
63 108
63 114
63 115
63 116
63 117
63 118
63 119
63 120
63 121
63 122
63 123
63 124
63 127
63 128
63 129
63 131
63 132
63 133
63 135
63 136
63 137
63 138
63 139
63 140
63 144
63 146
63 147
63 148
63 149
64 3
64 4
64 5
64 6
64 10
64 11
64 12
64 14
64 15
64 24
64 28
64 29
64 30
64 32
64 34
64 35
64 36
64 37
64 38
64 40
64 41
64 42
64 43
64 44
64 46
64 47
64 48
64 50
64 51
64 55
64 56
64 58
64 61
64 65
64 67
64 68
64 69
64 70
64 71
64 72
64 73
64 75
64 78
64 79
64 83
64 84
64 85
64 86
64 88
64 89
64 90
64 91
64 92
64 93
64 94
64 98
64 100
64 103
64 105
64 106
64 107
64 111
64 113
64 115
64 116
64 117
64 118
64 119
64 120
64 123
64 125
64 126
64 128
64 130
64 133
64 134
64 136
64 137
64 140
64 142
64 145
64 147
64 148
65 0
65 1
65 2
65 3
65 4
65 5
65 6
65 7
65 9
65 10
65 12
65 15
65 16
65 17
65 18
65 19
65 21
65 22
65 24
65 25
65 28
65 29
65 31
65 32
65 37
65 38
65 40
65 45
65 49
65 50
65 53
65 55
65 57
65 58
65 59
65 61
65 62
65 65
65 67
65 68
65 71
65 72
65 73
65 74
65 75
65 76
65 78
65 79
65 80
65 81
65 82
65 83
65 84
65 85
65 87
65 88
65 91
65 94
65 97
65 99
65 101
65 102
65 104
65 105
65 106
65 108
65 109
65 110
65 112
65 113
65 114
65 116
65 117
65 119
65 120
65 122
65 124
65 127
65 129
65 130
65 134
65 139
65 141
65 143
65 145
65 146
65 147
65 148
65 149
66 0
66 1
66 2
66 3
66 4
66 5
66 7
66 9
66 10
66 11
66 13
66 14
66 15
66 16
66 17
66 18
66 20
66 21
66 22
66 23
66 24
66 25
66 27
66 29
66 32
66 33
66 36
66 38
66 42
66 43
66 44
66 45
66 47
66 48
66 49
66 50
66 51
66 52
66 55
66 56
66 60
66 61
66 62
66 63
66 64
66 66
66 68
66 69
66 70
66 72
66 75
66 80
66 82
66 83
66 86
66 89
66 93
66 95
66 96
66 97
66 99
66 100
66 101
66 102
66 104
66 105
66 108
66 110
66 111
66 114
66 115
66 116
66 118
66 119
66 122
66 123
66 124
66 125
66 126
66 128
66 129
66 130
66 131
66 135
66 136
66 138
66 139
66 140
66 141
66 142
66 143
66 144
66 146
66 147
66 148
67 1
67 3
67 4
67 5
67 6
67 8
67 9
67 10
67 11
67 12
67 13
67 14
67 16
67 17
67 19
67 21
67 22
67 23
67 24
67 26
67 28
67 29
67 31
67 35
67 36
67 38
67 39
67 40
67 44
67 45
67 48
67 49
67 50
67 51
67 53
67 55
67 57
67 58
67 60
67 61
67 62
67 63
67 64
67 65
67 66
67 68
67 70
67 72
67 73
67 76
67 78
67 80
67 82
67 83
67 84
67 85
67 86
67 88
67 89
67 90
67 91
67 95
67 97
67 103
67 104
67 105
67 107
67 108
67 111
67 112
67 114
67 115
67 116
67 117
67 119
67 121
67 122
67 123
67 126
67 128
67 130
67 132
67 134
67 135
67 136
67 137
67 138
67 139
67 141
67 144
67 147
67 149
68 0
68 1
68 3
68 4
68 8
68 12
68 13
68 15
68 16
68 17
68 18
68 19
68 20
68 22
68 23
68 24
68 25
68 29
68 30
68 34
68 37
68 38
68 44
68 45
68 46
68 47
68 48
68 49
68 50
68 51
68 53
68 54
68 56
68 57
68 58
68 62
68 63
68 64
68 65
68 66
68 67
68 68
68 69
68 70
68 72
68 75
68 76
68 77
68 78
68 79
68 80
68 83
68 84
68 86
68 89
68 90
68 91
68 93
68 94
68 95
68 96
68 100
68 103
68 104
68 105
68 107
68 109
68 110
68 113
68 116
68 118
68 119
68 121
68 122
68 123
68 124
68 125
68 126
68 128
68 130
68 132
68 133
68 136
68 137
68 139
68 140
68 142
68 143
68 144
68 145
68 147
68 148
68 149
69 0
69 2
69 4
69 5
69 7
69 8
69 10
69 11
69 14
69 17
69 18
69 20
69 22
69 23
69 24
69 27
69 30
69 31
69 32
69 35
69 36
69 37
69 42
69 44
69 46
69 48
69 49
69 51
69 52
69 53
69 54
69 56
69 57
69 58
69 62
69 63
69 64
69 65
69 66
69 67
69 68
69 72
69 73
69 74
69 76
69 78
69 79
69 80
69 82
69 83
69 84
69 85
69 88
69 89
69 90
69 91
69 92
69 93
69 94
69 95
69 97
69 98
69 99
69 100
69 101
69 102
69 105
69 110
69 111
69 114
69 115
69 116
69 117
69 119
69 120
69 121
69 123
69 126
69 127
69 129
69 130
69 131
69 133
69 134
69 135
69 136
69 137
69 138
69 140
69 141
69 142
69 143
69 144
69 147
69 148
69 149
70 0
70 2
70 3
70 4
70 6
70 8
70 10
70 11
70 14
70 15
70 16
70 18
70 19
70 21
70 22
70 23
70 24
70 27
70 29
70 30
70 31
70 32
70 33
70 36
70 38
70 42
70 43
70 44
70 45
70 46
70 47
70 48
70 49
70 51
70 52
70 56
70 58
70 59
70 64
70 65
70 66
70 67
70 68
70 69
70 72
70 73
70 74
70 78
70 79
70 80
70 82
70 83
70 86
70 87
70 90
70 91
70 94
70 95
70 96
70 98
70 100
70 101
70 103
70 104
70 106
70 107
70 111
70 113
70 114
70 116
70 117
70 118
70 120
70 122
70 123
70 124
70 127
70 128
70 129
70 133
70 134
70 135
70 136
70 139
70 141
70 142
70 143
70 146
71 2
71 3
71 4
71 5
71 8
71 9
71 11
71 12
71 13
71 14
71 15
71 16
71 17
71 18
71 20
71 21
71 23
71 24
71 26
71 27
71 30
71 31
71 33
71 35
71 37
71 38
71 40
71 41
71 42
71 45
71 47
71 48
71 49
71 50
71 51
71 57
71 58
71 59
71 60
71 61
71 62
71 65
71 66
71 67
71 70
71 71
71 78
71 79
71 80
71 81
71 83
71 85
71 86
71 87
71 88
71 89
71 91
71 93
71 95
71 97
71 98
71 99
71 100
71 101
71 107
71 108
71 110
71 111
71 112
71 114
71 115
71 117
71 119
71 122
71 123
71 125
71 127
71 129
71 131
71 132
71 133
71 134
71 136
71 137
71 138
71 141
71 142
71 143
71 145
71 147
71 149
72 0
72 1
72 3
72 4
72 9
72 11
72 13
72 14
72 15
72 16
72 18
72 19
72 20
72 21
72 24
72 25
72 26
72 27
72 30
72 32
72 33
72 42
72 43
72 44
72 45
72 46
72 47
72 48
72 50
72 51
72 55
72 56
72 59
72 60
72 62
72 63
72 65
72 66
72 67
72 68
72 69
72 71
72 72
72 73
72 74
72 78
72 79
72 82
72 84
72 86
72 87
72 88
72 89
72 92
72 94
72 95
72 96
72 99
72 100
72 102
72 103
72 105
72 106
72 109
72 110
72 111
72 113
72 115
72 116
72 117
72 120
72 126
72 128
72 129
72 130
72 132
72 134
72 136
72 140
72 141
72 142
72 143
72 144
72 146
72 147
73 2
73 4
73 6
73 7
73 9
73 12
73 13
73 14
73 16
73 19
73 20
73 22
73 24
73 26
73 28
73 29
73 31
73 32
73 34
73 36
73 40
73 41
73 42
73 43
73 45
73 46
73 48
73 53
73 54
73 55
73 56
73 62
73 63
73 64
73 66
73 67
73 68
73 70
73 73
73 74
73 75
73 76
73 77
73 78
73 80
73 81
73 84
73 85
73 87
73 88
73 91
73 95
73 96
73 101
73 102
73 103
73 104
73 105
73 108
73 110
73 111
73 112
73 113
73 115
73 116
73 117
73 121
73 123
73 124
73 125
73 126
73 127
73 128
73 129
73 130
73 131
73 132
73 133
73 135
73 136
73 138
73 139
73 140
73 141
73 147
73 148
73 149
74 0
74 2
74 3
74 5
74 6
74 8
74 13
74 15
74 16
74 17
74 18
74 21
74 24
74 25
74 27
74 28
74 29
74 33
74 36
74 37
74 38
74 40
74 41
74 42
74 43
74 44
74 46
74 48
74 50
74 51
74 52
74 54
74 55
74 57
74 58
74 61
74 62
74 63
74 64
74 65
74 68
74 71
74 74
74 75
74 76
74 77
74 80
74 82
74 84
74 85
74 86
74 87
74 90
74 92
74 94
74 98
74 102
74 103
74 104
74 105
74 107
74 109
74 113
74 114
74 116
74 117
74 118
74 119
74 121
74 122
74 123
74 124
74 125
74 126
74 127
74 128
74 130
74 136
74 138
74 139
74 140
74 141
74 144
74 145
74 147
75 0
75 1
75 2
75 3
75 4
75 9
75 10
75 12
75 13
75 14
75 16
75 17
75 18
75 19
75 21
75 24
75 25
75 27
75 29
75 31
75 32
75 33
75 37
75 39
75 40
75 41
75 42
75 44
75 47
75 53
75 56
75 57
75 59
75 60
75 64
75 65
75 69
75 70
75 73
75 75
75 76
75 77
75 78
75 80
75 81
75 84
75 88
75 89
75 91
75 92
75 93
75 95
75 96
75 97
75 98
75 100
75 102
75 104
75 105
75 106
75 107
75 108
75 109
75 112
75 113
75 114
75 115
75 117
75 119
75 121
75 123
75 125
75 126
75 127
75 129
75 130
75 131
75 132
75 133
75 134
75 137
75 140
75 141
75 143
75 145
75 148
76 0
76 3
76 4
76 5
76 6
76 7
76 10
76 12
76 13
76 14
76 15
76 17
76 18
76 19
76 21
76 22
76 23
76 24
76 26
76 30
76 32
76 35
76 37
76 38
76 39
76 43
76 47
76 49
76 50
76 51
76 53
76 55
76 58
76 64
76 65
76 67
76 68
76 70
76 71
76 73
76 77
76 78
76 79
76 80
76 82
76 85
76 87
76 88
76 89
76 90
76 94
76 95
76 97
76 99
76 100
76 101
76 102
76 103
76 106
76 108
76 109
76 110
76 112
76 113
76 115
76 116
76 118
76 119
76 120
76 122
76 124
76 127
76 129
76 131
76 132
76 133
76 134
76 135
76 136
76 137
76 140
76 141
76 142
76 143
76 145
76 146
76 148
77 0
77 1
77 2
77 4
77 5
77 9
77 10
77 11
77 12
77 14
77 15
77 17
77 18
77 20
77 21
77 22
77 24
77 25
77 27
77 28
77 29
77 30
77 31
77 32
77 33
77 35
77 36
77 37
77 38
77 41
77 42
77 43
77 45
77 46
77 47
77 48
77 51
77 53
77 54
77 57
77 59
77 61
77 62
77 63
77 64
77 66
77 67
77 68
77 69
77 71
77 73
77 77
77 78
77 79
77 80
77 81
77 83
77 84
77 86
77 87
77 88
77 90
77 91
77 92
77 98
77 99
77 103
77 104
77 107
77 110
77 112
77 114
77 115
77 116
77 117
77 119
77 120
77 124
77 125
77 126
77 127
77 129
77 130
77 132
77 133
77 134
77 135
77 136
77 139
77 140
77 141
77 142
77 143
77 144
77 145
77 146
77 149
78 0
78 1
78 2
78 3
78 4
78 6
78 8
78 9
78 11
78 13
78 14
78 17
78 18
78 23
78 25
78 26
78 28
78 31
78 33
78 34
78 35
78 37
78 38
78 40
78 41
78 43
78 44
78 45
78 46
78 47
78 48
78 50
78 51
78 53
78 57
78 59
78 61
78 62
78 63
78 65
78 66
78 67
78 69
78 70
78 71
78 72
78 75
78 79
78 80
78 81
78 86
78 89
78 90
78 91
78 92
78 94
78 96
78 97
78 98
78 99
78 100
78 101
78 103
78 104
78 105
78 106
78 111
78 112
78 114
78 115
78 117
78 119
78 122
78 123
78 124
78 125
78 126
78 127
78 129
78 133
78 134
78 135
78 136
78 139
78 140
78 145
78 146
79 0
79 1
79 4
79 5
79 6
79 7
79 9
79 10
79 13
79 14
79 15
79 17
79 19
79 22
79 23
79 24
79 27
79 29
79 30
79 31
79 32
79 37
79 38
79 39
79 40
79 43
79 45
79 46
79 47
79 48
79 49
79 50
79 51
79 54
79 56
79 57
79 59
79 60
79 62
79 64
79 66
79 67
79 69
79 72
79 75
79 77
79 78
79 81
79 83
79 85
79 86
79 87
79 88
79 90
79 91
79 94
79 98
79 106
79 107
79 108
79 109
79 110
79 111
79 112
79 113
79 115
79 116
79 117
79 124
79 126
79 127
79 129
79 130
79 131
79 132
79 134
79 138
79 142
79 143
79 144
79 145
79 146
79 147
79 148
80 4
80 5
80 6
80 7
80 8
80 10
80 11
80 15
80 16
80 18
80 19
80 20
80 24
80 25
80 26
80 27
80 28
80 29
80 30
80 31
80 32
80 34
80 36
80 37
80 38
80 39
80 40
80 41
80 43
80 45
80 46
80 50
80 51
80 52
80 53
80 54
80 56
80 58
80 60
80 62
80 63
80 66
80 67
80 75
80 76
80 78
80 80
80 81
80 83
80 84
80 85
80 86
80 87
80 88
80 89
80 93
80 94
80 96
80 97
80 98
80 99
80 100
80 103
80 104
80 105
80 106
80 107
80 108
80 110
80 111
80 112
80 113
80 114
80 115
80 116
80 118
80 119
80 123
80 124
80 125
80 127
80 130
80 131
80 132
80 134
80 135
80 137
80 140
80 143
80 144
80 145
80 146
80 148
81 1
81 4
81 6
81 7
81 8
81 10
81 12
81 13
81 14
81 16
81 18
81 20
81 22
81 25
81 27
81 28
81 32
81 33
81 35
81 37
81 38
81 40
81 43
81 44
81 45
81 46
81 47
81 49
81 50
81 52
81 54
81 56
81 59
81 60
81 62
81 63
81 64
81 65
81 66
81 68
81 69
81 70
81 72
81 74
81 75
81 79
81 80
81 82
81 83
81 85
81 86
81 87
81 88
81 90
81 94
81 95
81 97
81 98
81 100
81 101
81 107
81 109
81 111
81 112
81 114
81 117
81 119
81 121
81 122
81 123
81 127
81 128
81 129
81 130
81 132
81 133
81 134
81 136
81 137
81 138
81 139
81 140
81 141
81 142
81 146
81 147
81 148
81 149
82 1
82 4
82 5
82 7
82 8
82 9
82 11
82 12
82 13
82 14
82 17
82 18
82 21
82 23
82 24
82 25
82 26
82 27
82 29
82 30
82 34
82 35
82 36
82 37
82 38
82 40
82 42
82 43
82 44
82 47
82 48
82 49
82 50
82 51
82 53
82 56
82 57
82 58
82 59
82 61
82 62
82 63
82 64
82 65
82 66
82 67
82 70
82 71
82 72
82 73
82 74
82 78
82 81
82 82
82 84
82 85
82 86
82 92
82 93
82 95
82 97
82 101
82 103
82 105
82 108
82 109
82 110
82 111
82 113
82 115
82 117
82 118
82 119
82 120
82 125
82 128
82 129
82 130
82 132
82 133
82 134
82 135
82 137
82 139
82 140
82 142
82 146
82 148
82 149
83 0
83 1
83 3
83 7
83 11
83 12
83 13
83 14
83 15
83 16
83 17
83 24
83 25
83 27
83 29
83 30
83 31
83 33
83 34
83 36
83 37
83 38
83 41
83 42
83 43
83 44
83 45
83 48
83 49
83 50
83 52
83 53
83 55
83 57
83 58
83 60
83 61
83 63
83 64
83 65
83 66
83 68
83 70
83 74
83 75
83 79
83 81
83 82
83 83
83 89
83 90
83 91
83 93
83 94
83 95
83 96
83 98
83 101
83 102
83 103
83 104
83 106
83 107
83 113
83 114
83 116
83 118
83 119
83 120
83 123
83 125
83 128
83 129
83 132
83 133
83 134
83 135
83 136
83 138
83 142
83 143
83 144
83 146
83 149
84 0
84 4
84 5
84 8
84 9
84 12
84 14
84 15
84 17
84 18
84 22
84 25
84 27
84 31
84 33
84 34
84 35
84 38
84 39
84 40
84 42
84 43
84 44
84 46
84 47
84 48
84 51
84 54
84 56
84 57
84 58
84 60
84 63
84 64
84 65
84 66
84 69
84 70
84 72
84 74
84 75
84 76
84 77
84 78
84 79
84 80
84 82
84 84
84 85
84 87
84 88
84 91
84 93
84 94
84 95
84 97
84 98
84 100
84 101
84 102
84 103
84 104
84 105
84 106
84 108
84 109
84 112
84 114
84 115
84 117
84 119
84 120
84 122
84 124
84 126
84 127
84 130
84 131
84 134
84 135
84 137
84 138
84 139
84 140
84 141
84 145
84 146
84 147
84 149
85 0
85 1
85 2
85 3
85 7
85 8
85 9
85 11
85 12
85 13
85 14
85 15
85 18
85 19
85 20
85 22
85 23
85 28
85 31
85 33
85 34
85 36
85 37
85 38
85 40
85 41
85 43
85 50
85 53
85 55
85 56
85 57
85 59
85 60
85 61
85 63
85 64
85 65
85 66
85 67
85 69
85 72
85 73
85 75
85 78
85 81
85 83
85 84
85 85
85 88
85 90
85 91
85 93
85 94
85 95
85 96
85 97
85 98
85 99
85 100
85 102
85 103
85 104
85 105
85 110
85 113
85 114
85 117
85 119
85 122
85 123
85 126
85 127
85 129
85 132
85 134
85 135
85 137
85 138
85 139
85 142
85 143
85 144
85 145
85 146
85 147
85 149
86 0
86 2
86 5
86 7
86 8
86 10
86 11
86 13
86 15
86 17
86 18
86 22
86 23
86 28
86 29
86 30
86 32
86 36
86 38
86 40
86 42
86 43
86 44
86 46
86 47
86 48
86 49
86 50
86 51
86 53
86 54
86 55
86 56
86 57
86 59
86 60
86 62
86 63
86 64
86 65
86 66
86 67
86 68
86 69
86 71
86 72
86 74
86 75
86 77
86 80
86 81
86 82
86 87
86 88
86 90
86 91
86 93
86 94
86 96
86 101
86 103
86 104
86 107
86 109
86 110
86 111
86 112
86 113
86 114
86 116
86 118
86 121
86 122
86 123
86 128
86 129
86 130
86 136
86 138
86 140
86 141
86 142
86 144
86 145
86 146
86 147
87 0
87 1
87 2
87 8
87 10
87 12
87 14
87 15
87 16
87 18
87 19
87 20
87 22
87 24
87 27
87 28
87 29
87 30
87 31
87 33
87 34
87 35
87 36
87 37
87 38
87 39
87 40
87 41
87 42
87 45
87 46
87 48
87 49
87 51
87 53
87 56
87 58
87 59
87 60
87 61
87 62
87 63
87 64
87 66
87 69
87 70
87 71
87 72
87 74
87 75
87 76
87 77
87 78
87 79
87 82
87 83
87 84
87 86
87 88
87 89
87 90
87 91
87 92
87 94
87 95
87 96
87 97
87 98
87 100
87 101
87 102
87 103
87 105
87 106
87 107
87 110
87 112
87 113
87 114
87 115
87 116
87 117
87 120
87 121
87 123
87 124
87 125
87 128
87 130
87 132
87 133
87 136
87 137
87 138
87 139
87 142
87 143
87 144
87 147
88 0
88 2
88 4
88 6
88 7
88 8
88 11
88 12
88 13
88 14
88 17
88 18
88 21
88 22
88 23
88 24
88 27
88 30
88 32
88 34
88 35
88 36
88 37
88 39
88 40
88 41
88 44
88 47
88 48
88 49
88 50
88 51
88 52
88 53
88 54
88 55
88 56
88 58
88 59
88 62
88 65
88 69
88 70
88 72
88 74
88 75
88 76
88 77
88 79
88 80
88 81
88 82
88 83
88 84
88 86
88 88
88 89
88 92
88 93
88 94
88 95
88 97
88 99
88 100
88 102
88 105
88 106
88 109
88 111
88 112
88 116
88 117
88 120
88 122
88 123
88 124
88 125
88 127
88 129
88 130
88 132
88 133
88 134
88 135
88 136
88 137
88 140
88 143
88 145
88 146
88 149
89 1
89 2
89 4
89 5
89 6
89 8
89 10
89 11
89 12
89 13
89 14
89 16
89 18
89 19
89 21
89 27
89 28
89 29
89 30
89 31
89 33
89 34
89 36
89 42
89 43
89 44
89 45
89 46
89 47
89 48
89 49
89 50
89 52
89 53
89 54
89 57
89 60
89 62
89 64
89 65
89 66
89 67
89 70
89 72
89 73
89 74
89 75
89 76
89 78
89 79
89 82
89 83
89 84
89 86
89 89
89 90
89 91
89 94
89 95
89 96
89 97
89 101
89 104
89 105
89 106
89 108
89 109
89 110
89 111
89 114
89 117
89 119
89 121
89 122
89 123
89 124
89 129
89 130
89 131
89 133
89 136
89 137
89 138
89 139
89 141
89 142
89 143
89 146
89 148
89 149
90 0
90 1
90 2
90 3
90 4
90 5
90 6
90 7
90 8
90 9
90 10
90 13
90 15
90 16
90 17
90 19
90 20
90 21
90 22
90 23
90 24
90 27
90 29
90 30
90 31
90 34
90 37
90 40
90 41
90 45
90 47
90 49
90 50
90 52
90 53
90 54
90 55
90 56
90 57
90 58
90 59
90 61
90 62
90 63
90 64
90 65
90 67
90 68
90 69
90 71
90 73
90 75
90 76
90 77
90 80
90 82
90 83
90 84
90 86
90 90
90 92
90 93
90 94
90 95
90 96
90 98
90 99
90 100
90 102
90 104
90 105
90 106
90 108
90 109
90 112
90 114
90 115
90 117
90 118
90 119
90 120
90 126
90 127
90 128
90 130
90 132
90 133
90 136
90 137
90 138
90 142
90 143
90 144
90 146
90 147
90 148
90 149
91 0
91 1
91 3
91 9
91 10
91 13
91 16
91 18
91 19
91 20
91 22
91 26
91 27
91 28
91 31
91 32
91 33
91 34
91 35
91 36
91 37
91 42
91 43
91 44
91 47
91 50
91 52
91 53
91 54
91 56
91 57
91 59
91 60
91 61
91 62
91 63
91 66
91 67
91 68
91 69
91 70
91 71
91 73
91 75
91 76
91 77
91 78
91 80
91 83
91 84
91 87
91 88
91 89
91 90
91 91
91 95
91 96
91 97
91 99
91 101
91 102
91 104
91 106
91 108
91 110
91 113
91 115
91 118
91 119
91 121
91 122
91 126
91 127
91 129
91 131
91 133
91 134
91 138
91 139
91 143
91 145
91 147
92 1
92 3
92 4
92 5
92 7
92 10
92 11
92 14
92 15
92 18
92 19
92 21
92 23
92 26
92 27
92 28
92 29
92 31
92 33
92 34
92 35
92 36
92 37
92 38
92 39
92 40
92 41
92 42
92 44
92 45
92 46
92 48
92 51
92 54
92 55
92 56
92 57
92 64
92 65
92 66
92 67
92 68
92 69
92 73
92 75
92 77
92 79
92 80
92 82
92 83
92 84
92 85
92 87
92 88
92 89
92 90
92 92
92 93
92 97
92 98
92 102
92 103
92 105
92 110
92 111
92 112
92 114
92 115
92 117
92 119
92 120
92 121
92 125
92 126
92 127
92 129
92 131
92 132
92 134
92 135
92 140
92 142
92 146
92 147
92 148
92 149
93 1
93 2
93 3
93 4
93 6
93 7
93 8
93 9
93 10
93 11
93 14
93 15
93 16
93 18
93 22
93 23
93 25
93 26
93 27
93 28
93 30
93 31
93 35
93 38
93 39
93 40
93 41
93 44
93 47
93 48
93 50
93 52
93 53
93 57
93 60
93 63
93 64
93 65
93 66
93 67
93 68
93 69
93 71
93 72
93 73
93 74
93 77
93 80
93 82
93 83
93 85
93 87
93 88
93 89
93 91
93 93
93 94
93 95
93 96
93 97
93 98
93 100
93 101
93 103
93 104
93 110
93 111
93 112
93 114
93 118
93 122
93 123
93 126
93 127
93 129
93 132
93 135
93 138
93 139
93 140
93 144
93 145
93 146
93 148
93 149
94 0
94 2
94 6
94 9
94 11
94 12
94 13
94 16
94 17
94 18
94 19
94 22
94 24
94 26
94 27
94 28
94 30
94 31
94 34
94 38
94 41
94 42
94 47
94 49
94 52
94 54
94 55
94 56
94 57
94 58
94 59
94 60
94 62
94 63
94 64
94 65
94 66
94 67
94 69
94 70
94 71
94 73
94 77
94 78
94 81
94 82
94 83
94 84
94 85
94 89
94 91
94 94
94 96
94 97
94 98
94 99
94 100
94 102
94 103
94 104
94 109
94 111
94 112
94 113
94 115
94 116
94 118
94 119
94 120
94 122
94 124
94 126
94 127
94 129
94 133
94 134
94 136
94 138
94 139
94 141
94 142
94 144
94 145
94 147
95 0
95 2
95 3
95 5
95 6
95 12
95 13
95 14
95 16
95 17
95 21
95 24
95 25
95 26
95 29
95 30
95 33
95 34
95 35
95 36
95 38
95 39
95 41
95 45
95 46
95 47
95 48
95 49
95 50
95 51
95 54
95 55
95 57
95 58
95 59
95 60
95 61
95 64
95 66
95 68
95 71
95 72
95 73
95 74
95 75
95 76
95 77
95 78
95 79
95 81
95 82
95 84
95 87
95 89
95 90
95 92
95 93
95 94
95 95
95 96
95 97
95 98
95 100
95 101
95 103
95 104
95 105
95 107
95 109
95 110
95 111
95 113
95 115
95 117
95 118
95 121
95 122
95 125
95 126
95 129
95 131
95 133
95 134
95 136
95 137
95 138
95 139
95 141
95 142
95 143
95 144
95 145
95 146
95 148
96 0
96 1
96 2
96 4
96 5
96 6
96 7
96 9
96 10
96 11
96 12
96 13
96 14
96 15
96 18
96 19
96 20
96 22
96 24
96 25
96 27
96 30
96 31
96 32
96 33
96 34
96 35
96 36
96 37
96 38
96 39
96 41
96 42
96 44
96 45
96 46
96 47
96 48
96 49
96 50
96 52
96 53
96 55
96 56
96 57
96 60
96 61
96 62
96 66
96 67
96 71
96 72
96 73
96 74
96 75
96 77
96 82
96 84
96 87
96 89
96 91
96 93
96 94
96 95
96 97
96 98
96 99
96 103
96 104
96 105
96 106
96 107
96 108
96 109
96 111
96 112
96 113
96 115
96 116
96 117
96 118
96 120
96 122
96 123
96 124
96 125
96 128
96 129
96 130
96 131
96 132
96 137
96 138
96 142
96 143
96 144
96 145
96 146
96 147
96 148
97 0
97 1
97 2
97 3
97 6
97 8
97 10
97 11
97 12
97 13
97 14
97 15
97 17
97 24
97 26
97 28
97 30
97 31
97 32
97 33
97 34
97 35
97 36
97 37
97 38
97 40
97 41
97 43
97 44
97 47
97 48
97 49
97 54
97 58
97 60
97 61
97 62
97 65
97 72
97 73
97 75
97 76
97 78
97 79
97 80
97 81
97 83
97 84
97 87
97 89
97 91
97 92
97 94
97 95
97 98
97 103
97 104
97 105
97 106
97 109
97 110
97 111
97 112
97 113
97 114
97 115
97 116
97 119
97 120
97 123
97 124
97 125
97 126
97 127
97 129
97 130
97 131
97 132
97 133
97 134
97 135
97 137
97 138
97 139
97 140
97 141
97 143
97 144
97 145
97 146
97 147
97 149
98 3
98 4
98 5
98 6
98 8
98 9
98 11
98 12
98 13
98 17
98 19
98 20
98 23
98 25
98 26
98 27
98 29
98 30
98 33
98 34
98 37
98 41
98 42
98 47
98 48
98 49
98 50
98 54
98 57
98 60
98 61
98 63
98 65
98 66
98 68
98 70
98 72
98 73
98 74
98 75
98 76
98 77
98 79
98 81
98 82
98 86
98 87
98 92
98 93
98 94
98 95
98 97
98 101
98 102
98 103
98 104
98 105
98 107
98 108
98 109
98 110
98 112
98 113
98 114
98 115
98 116
98 117
98 118
98 120
98 125
98 126
98 127
98 130
98 136
98 137
98 138
98 139
98 140
98 142
98 146
98 148
98 149
99 2
99 3
99 4
99 5
99 6
99 8
99 9
99 10
99 12
99 13
99 15
99 17
99 18
99 20
99 21
99 22
99 23
99 24
99 28
99 30
99 31
99 34
99 36
99 37
99 38
99 40
99 42
99 43
99 44
99 47
99 48
99 51
99 52
99 53
99 54
99 57
99 58
99 59
99 62
99 63
99 64
99 65
99 67
99 69
99 70
99 71
99 72
99 73
99 76
99 77
99 78
99 80
99 81
99 82
99 87
99 88
99 91
99 92
99 96
99 98
99 99
99 101
99 102
99 103
99 104
99 106
99 107
99 109
99 110
99 111
99 112
99 113
99 114
99 115
99 116
99 118
99 120
99 121
99 122
99 124
99 127
99 129
99 130
99 132
99 133
99 134
99 136
99 137
99 139
99 142
99 145
99 147
99 148
100 0
100 2
100 3
100 4
100 6
100 8
100 9
100 13
100 14
100 15
100 17
100 18
100 22
100 24
100 25
100 26
100 29
100 30
100 32
100 33
100 34
100 36
100 40
100 41
100 42
100 47
100 51
100 52
100 53
100 55
100 56
100 58
100 60
100 65
100 66
100 68
100 71
100 72
100 74
100 76
100 77
100 79
100 80
100 81
100 83
100 84
100 85
100 87
100 88
100 89
100 93
100 95
100 96
100 97
100 99
100 100
100 101
100 104
100 106
100 111
100 112
100 114
100 115
100 116
100 117
100 122
100 123
100 125
100 126
100 127
100 128
100 129
100 131
100 132
100 133
100 136
100 138
100 140
100 141
100 145
100 146
100 147
100 148
101 0
101 2
101 3
101 4
101 5
101 6
101 7
101 10
101 13
101 16
101 17
101 18
101 19
101 20
101 22
101 24
101 27
101 28
101 30
101 32
101 33
101 34
101 35
101 37
101 38
101 39
101 41
101 43
101 44
101 47
101 48
101 49
101 51
101 53
101 55
101 58
101 59
101 60
101 62
101 63
101 65
101 71
101 72
101 73
101 76
101 77
101 79
101 80
101 81
101 82
101 83
101 85
101 87
101 89
101 92
101 93
101 95
101 96
101 97
101 98
101 100
101 102
101 103
101 104
101 105
101 107
101 109
101 110
101 112
101 113
101 114
101 115
101 116
101 121
101 122
101 123
101 125
101 126
101 127
101 129
101 130
101 131
101 132
101 134
101 136
101 140
101 144
101 146
101 147
101 148
102 1
102 2
102 3
102 4
102 5
102 7
102 8
102 9
102 10
102 12
102 16
102 19
102 21
102 22
102 25
102 27
102 29
102 30
102 31
102 32
102 34
102 35
102 36
102 37
102 39
102 41
102 43
102 44
102 50
102 52
102 54
102 55
102 56
102 57
102 59
102 60
102 62
102 63
102 69
102 70
102 72
102 75
102 76
102 79
102 81
102 82
102 84
102 88
102 89
102 90
102 91
102 93
102 94
102 96
102 100
102 103
102 105
102 106
102 107
102 108
102 110
102 112
102 115
102 116
102 117
102 118
102 120
102 121
102 122
102 124
102 128
102 130
102 131
102 133
102 134
102 135
102 139
102 142
102 143
102 144
102 145
102 146
102 147
102 148
103 0
103 3
103 4
103 5
103 6
103 7
103 9
103 12
103 13
103 15
103 16
103 19
103 22
103 23
103 26
103 28
103 29
103 31
103 32
103 33
103 34
103 35
103 36
103 37
103 39
103 42
103 44
103 45
103 46
103 49
103 50
103 52
103 56
103 57
103 58
103 60
103 62
103 64
103 69
103 70
103 71
103 72
103 75
103 76
103 77
103 78
103 81
103 82
103 83
103 84
103 85
103 86
103 87
103 89
103 90
103 91
103 93
103 94
103 95
103 96
103 97
103 98
103 99
103 101
103 102
103 104
103 106
103 107
103 110
103 111
103 112
103 113
103 116
103 117
103 120
103 121
103 122
103 125
103 129
103 130
103 131
103 132
103 134
103 135
103 136
103 138
103 140
103 141
103 142
103 143
103 146
103 148
103 149
104 0
104 1
104 2
104 3
104 5
104 6
104 7
104 9
104 10
104 11
104 12
104 13
104 15
104 16
104 17
104 19
104 20
104 22
104 23
104 24
104 25
104 26
104 27
104 28
104 29
104 32
104 38
104 40
104 41
104 44
104 45
104 47
104 48
104 50
104 51
104 52
104 53
104 58
104 60
104 62
104 64
104 66
104 67
104 69
104 70
104 73
104 75
104 78
104 79
104 80
104 81
104 82
104 85
104 89
104 91
104 92
104 93
104 94
104 97
104 98
104 99
104 102
104 103
104 106
104 108
104 111
104 112
104 113
104 117
104 121
104 124
104 125
104 128
104 129
104 130
104 131
104 134
104 138
104 143
104 144
104 145
104 146
104 147
105 1
105 2
105 4
105 5
105 9
105 10
105 11
105 13
105 14
105 15
105 17
105 18
105 19
105 20
105 24
105 25
105 26
105 27
105 28
105 30
105 31
105 32
105 33
105 35
105 36
105 37
105 38
105 39
105 41
105 42
105 47
105 48
105 49
105 52
105 53
105 55
105 56
105 58
105 59
105 60
105 61
105 62
105 63
105 66
105 67
105 68
105 69
105 70
105 72
105 73
105 76
105 79
105 80
105 81
105 82
105 83
105 84
105 85
105 86
105 89
105 90
105 92
105 93
105 94
105 95
105 97
105 98
105 99
105 102
105 103
105 105
105 106
105 107
105 110
105 114
105 115
105 116
105 117
105 118
105 119
105 120
105 122
105 123
105 124
105 129
105 130
105 133
105 134
105 135
105 136
105 137
105 138
105 140
105 142
105 144
105 146
105 148
105 149
106 0
106 3
106 5
106 6
106 7
106 8
106 9
106 12
106 13
106 14
106 15
106 17
106 21
106 24
106 25
106 28
106 29
106 30
106 31
106 32
106 33
106 36
106 37
106 38
106 39
106 40
106 41
106 42
106 43
106 44
106 47
106 48
106 51
106 52
106 54
106 57
106 59
106 60
106 62
106 63
106 65
106 66
106 67
106 70
106 71
106 72
106 74
106 75
106 76
106 77
106 78
106 79
106 81
106 83
106 85
106 89
106 90
106 91
106 93
106 94
106 99
106 101
106 102
106 104
106 105
106 106
106 108
106 109
106 110
106 111
106 114
106 115
106 116
106 122
106 123
106 124
106 125
106 126
106 127
106 128
106 131
106 132
106 133
106 134
106 136
106 137
106 139
106 142
106 144
106 145
106 147
106 148
106 149
107 0
107 1
107 2
107 3
107 4
107 5
107 7
107 8
107 10
107 11
107 12
107 16
107 17
107 18
107 19
107 20
107 23
107 26
107 29
107 31
107 32
107 34
107 35
107 37
107 38
107 39
107 41
107 43
107 45
107 46
107 48
107 49
107 50
107 51
107 54
107 55
107 56
107 57
107 61
107 63
107 64
107 66
107 67
107 68
107 71
107 73
107 74
107 77
107 78
107 80
107 84
107 86
107 87
107 88
107 89
107 92
107 93
107 97
107 98
107 99
107 100
107 101
107 102
107 106
107 107
107 108
107 110
107 111
107 112
107 117
107 119
107 120
107 121
107 123
107 125
107 127
107 128
107 129
107 130
107 131
107 132
107 133
107 134
107 136
107 140
107 141
107 144
107 145
107 146
107 148
108 0
108 1
108 2
108 3
108 5
108 6
108 7
108 8
108 10
108 11
108 12
108 13
108 14
108 16
108 17
108 18
108 21
108 22
108 24
108 26
108 27
108 28
108 32
108 33
108 34
108 36
108 38
108 39
108 40
108 41
108 42
108 44
108 46
108 48
108 51
108 52
108 53
108 54
108 55
108 56
108 59
108 61
108 62
108 64
108 68
108 69
108 70
108 72
108 74
108 75
108 76
108 78
108 80
108 81
108 82
108 84
108 87
108 88
108 89
108 90
108 91
108 92
108 93
108 94
108 95
108 96
108 97
108 98
108 100
108 101
108 102
108 103
108 104
108 105
108 106
108 109
108 111
108 112
108 113
108 115
108 116
108 119
108 120
108 123
108 124
108 125
108 127
108 128
108 129
108 130
108 131
108 132
108 133
108 136
108 137
108 138
108 140
108 144
108 146
108 147
108 149
109 2
109 4
109 5
109 6
109 8
109 17
109 18
109 19
109 20
109 21
109 24
109 26
109 32
109 36
109 37
109 42
109 43
109 44
109 45
109 46
109 47
109 48
109 49
109 50
109 51
109 52
109 54
109 56
109 57
109 58
109 59
109 61
109 62
109 63
109 70
109 71
109 73
109 75
109 79
109 81
109 84
109 86
109 87
109 88
109 89
109 90
109 91
109 92
109 93
109 95
109 96
109 99
109 101
109 103
109 106
109 109
109 111
109 112
109 113
109 114
109 116
109 118
109 119
109 126
109 129
109 130
109 131
109 132
109 135
109 136
109 138
109 139
109 143
109 145
109 148
110 0
110 1
110 2
110 3
110 4
110 5
110 6
110 7
110 9
110 10
110 12
110 13
110 15
110 16
110 17
110 18
110 19
110 20
110 21
110 22
110 24
110 25
110 26
110 27
110 28
110 29
110 31
110 32
110 33
110 34
110 35
110 36
110 37
110 38
110 39
110 41
110 42
110 43
110 53
110 54
110 55
110 57
110 60
110 61
110 62
110 63
110 64
110 66
110 68
110 69
110 74
110 75
110 76
110 78
110 81
110 82
110 83
110 85
110 86
110 87
110 88
110 90
110 92
110 95
110 96
110 97
110 98
110 100
110 101
110 103
110 104
110 105
110 108
110 109
110 111
110 112
110 113
110 115
110 117
110 118
110 121
110 122
110 127
110 128
110 129
110 131
110 133
110 134
110 135
110 138
110 139
110 140
110 141
110 146
110 147
111 0
111 2
111 3
111 4
111 6
111 7
111 8
111 9
111 10
111 11
111 12
111 13
111 14
111 19
111 22
111 23
111 24
111 25
111 26
111 28
111 29
111 32
111 33
111 34
111 35
111 36
111 38
111 39
111 40
111 43
111 44
111 45
111 46
111 48
111 50
111 52
111 55
111 58
111 59
111 60
111 61
111 64
111 66
111 67
111 70
111 71
111 72
111 74
111 76
111 77
111 78
111 81
111 82
111 84
111 85
111 87
111 88
111 89
111 90
111 91
111 92
111 94
111 95
111 97
111 100
111 102
111 103
111 109
111 110
111 111
111 113
111 115
111 121
111 126
111 127
111 128
111 129
111 130
111 132
111 133
111 135
111 136
111 137
111 139
111 140
111 142
111 143
111 144
111 145
111 146
111 147
111 148
111 149
112 0
112 1
112 2
112 8
112 11
112 13
112 14
112 15
112 16
112 17
112 19
112 20
112 21
112 24
112 25
112 26
112 27
112 28
112 30
112 32
112 36
112 39
112 41
112 42
112 43
112 44
112 46
112 47
112 48
112 49
112 50
112 51
112 52
112 53
112 56
112 57
112 59
112 63
112 64
112 65
112 67
112 69
112 71
112 72
112 75
112 76
112 77
112 78
112 79
112 81
112 84
112 85
112 86
112 87
112 88
112 89
112 90
112 92
112 93
112 94
112 96
112 98
112 99
112 100
112 104
112 106
112 107
112 109
112 111
112 116
112 117
112 121
112 124
112 125
112 126
112 127
112 128
112 129
112 131
112 132
112 133
112 134
112 135
112 136
112 139
112 142
112 143
112 145
112 148
113 0
113 1
113 3
113 5
113 8
113 11
113 14
113 15
113 16
113 18
113 19
113 20
113 21
113 22
113 25
113 26
113 27
113 28
113 31
113 32
113 33
113 35
113 36
113 39
113 40
113 41
113 43
113 44
113 45
113 46
113 47
113 48
113 50
113 51
113 52
113 53
113 54
113 55
113 56
113 58
113 60
113 61
113 62
113 65
113 66
113 67
113 71
113 73
113 74
113 77
113 78
113 79
113 80
113 83
113 84
113 85
113 87
113 90
113 91
113 93
113 94
113 96
113 101
113 104
113 105
113 110
113 111
113 113
113 114
113 116
113 117
113 119
113 121
113 122
113 123
113 124
113 125
113 127
113 129
113 131
113 133
113 134
113 135
113 137
113 139
113 140
113 141
113 142
113 144
113 146
113 147
114 1
114 3
114 5
114 6
114 7
114 8
114 9
114 11
114 12
114 15
114 16
114 17
114 18
114 20
114 21
114 22
114 25
114 26
114 27
114 29
114 30
114 31
114 33
114 34
114 35
114 36
114 38
114 39
114 40
114 41
114 43
114 48
114 49
114 50
114 52
114 53
114 55
114 57
114 59
114 60
114 64
114 66
114 67
114 69
114 70
114 71
114 72
114 73
114 74
114 75
114 76
114 79
114 81
114 83
114 85
114 86
114 87
114 89
114 91
114 92
114 94
114 95
114 96
114 97
114 98
114 99
114 100
114 101
114 102
114 103
114 104
114 105
114 108
114 110
114 111
114 113
114 114
114 115
114 116
114 118
114 119
114 120
114 122
114 123
114 124
114 125
114 126
114 129
114 131
114 132
114 135
114 137
114 139
114 141
114 147
114 148
114 149
115 1
115 3
115 4
115 6
115 10
115 11
115 12
115 14
115 15
115 23
115 25
115 26
115 27
115 28
115 29
115 30
115 31
115 33
115 34
115 35
115 39
115 41
115 46
115 48
115 52
115 54
115 56
115 57
115 62
115 63
115 65
115 66
115 68
115 69
115 70
115 72
115 73
115 77
115 78
115 82
115 83
115 84
115 85
115 87
115 89
115 90
115 91
115 92
115 93
115 95
115 96
115 100
115 101
115 103
115 104
115 106
115 107
115 109
115 112
115 113
115 114
115 116
115 119
115 123
115 124
115 125
115 126
115 129
115 130
115 131
115 132
115 137
115 138
115 139
115 141
115 142
115 143
115 144
115 145
115 146
115 147
115 149
116 0
116 1
116 2
116 4
116 7
116 10
116 11
116 12
116 13
116 14
116 15
116 17
116 18
116 19
116 22
116 23
116 24
116 28
116 29
116 30
116 31
116 33
116 34
116 35
116 39
116 41
116 44
116 48
116 49
116 50
116 51
116 53
116 54
116 55
116 57
116 60
116 63
116 64
116 66
116 70
116 71
116 73
116 76
116 77
116 78
116 79
116 85
116 86
116 88
116 93
116 94
116 95
116 97
116 98
116 99
116 101
116 102
116 104
116 106
116 107
116 109
116 110
116 111
116 112
116 113
116 114
116 116
116 118
116 119
116 120
116 121
116 122
116 123
116 125
116 131
116 132
116 133
116 135
116 136
116 138
116 140
116 141
116 143
116 147
116 149
117 4
117 5
117 6
117 9
117 14
117 15
117 16
117 17
117 18
117 19
117 21
117 24
117 25
117 27
117 28
117 30
117 31
117 33
117 34
117 36
117 37
117 38
117 42
117 43
117 45
117 47
117 50
117 51
117 52
117 54
117 55
117 56
117 57
117 58
117 60
117 65
117 66
117 67
117 69
117 70
117 71
117 72
117 73
117 74
117 76
117 77
117 78
117 79
117 83
117 84
117 85
117 86
117 87
117 88
117 90
117 92
117 94
117 96
117 98
117 99
117 100
117 102
117 103
117 104
117 105
117 107
117 110
117 111
117 112
117 114
117 115
117 116
117 117
117 119
117 120
117 121
117 122
117 123
117 124
117 125
117 126
117 130
117 131
117 135
117 138
117 139
117 142
117 144
117 145
117 146
118 1
118 2
118 6
118 7
118 8
118 11
118 12
118 15
118 16
118 17
118 19
118 21
118 22
118 24
118 26
118 27
118 29
118 30
118 31
118 32
118 33
118 34
118 35
118 39
118 40
118 41
118 42
118 44
118 45
118 46
118 48
118 49
118 50
118 51
118 52
118 54
118 55
118 56
118 57
118 59
118 62
118 63
118 65
118 66
118 67
118 68
118 69
118 70
118 71
118 72
118 74
118 75
118 76
118 79
118 80
118 81
118 82
118 83
118 84
118 85
118 86
118 91
118 92
118 95
118 96
118 97
118 98
118 99
118 100
118 101
118 103
118 104
118 105
118 107
118 110
118 111
118 112
118 113
118 115
118 116
118 117
118 119
118 120
118 121
118 126
118 127
118 128
118 129
118 130
118 131
118 135
118 136
118 138
118 139
118 140
118 141
118 142
118 143
118 144
118 145
118 149
119 0
119 1
119 4
119 6
119 8
119 11
119 14
119 15
119 18
119 19
119 20
119 21
119 22
119 24
119 25
119 26
119 27
119 29
119 33
119 35
119 36
119 37
119 40
119 41
119 42
119 44
119 45
119 46
119 47
119 49
119 51
119 52
119 56
119 57
119 59
119 62
119 65
119 66
119 68
119 70
119 71
119 72
119 73
119 74
119 75
119 76
119 77
119 80
119 82
119 83
119 85
119 86
119 87
119 88
119 89
119 91
119 92
119 95
119 96
119 98
119 100
119 101
119 102
119 103
119 109
119 110
119 111
119 113
119 115
119 117
119 120
119 122
119 123
119 126
119 129
119 130
119 131
119 132
119 133
119 135
119 137
119 139
119 140
119 141
119 145
119 148
120 0
120 3
120 4
120 7
120 8
120 10
120 11
120 14
120 17
120 18
120 19
120 20
120 21
120 22
120 23
120 25
120 27
120 28
120 29
120 33
120 34
120 36
120 39
120 41
120 42
120 43
120 44
120 45
120 46
120 47
120 48
120 50
120 51
120 54
120 56
120 59
120 60
120 62
120 64
120 65
120 66
120 67
120 68
120 69
120 70
120 71
120 74
120 76
120 77
120 79
120 80
120 81
120 84
120 85
120 86
120 87
120 88
120 89
120 90
120 91
120 93
120 94
120 96
120 98
120 99
120 100
120 102
120 103
120 105
120 106
120 108
120 110
120 111
120 112
120 114
120 115
120 116
120 117
120 118
120 119
120 120
120 122
120 124
120 125
120 127
120 131
120 132
120 133
120 136
120 138
120 141
120 142
120 143
120 148
120 149
121 0
121 3
121 4
121 6
121 7
121 8
121 9
121 10
121 11
121 13
121 14
121 18
121 19
121 22
121 23
121 24
121 25
121 26
121 29
121 30
121 31
121 32
121 33
121 35
121 38
121 39
121 41
121 42
121 44
121 47
121 51
121 52
121 53
121 55
121 56
121 58
121 60
121 61
121 66
121 67
121 70
121 71
121 72
121 73
121 74
121 75
121 76
121 80
121 81
121 83
121 84
121 86
121 87
121 88
121 89
121 91
121 92
121 93
121 95
121 96
121 97
121 100
121 102
121 103
121 105
121 107
121 109
121 111
121 114
121 116
121 117
121 121
121 123
121 124
121 125
121 127
121 128
121 130
121 131
121 132
121 133
121 135
121 136
121 137
121 138
121 139
121 140
121 141
121 144
121 145
121 146
122 0
122 2
122 3
122 9
122 15
122 17
122 18
122 20
122 22
122 26
122 27
122 28
122 30
122 31
122 33
122 34
122 36
122 37
122 38
122 39
122 42
122 44
122 47
122 48
122 50
122 51
122 54
122 55
122 57
122 59
122 60
122 61
122 62
122 63
122 66
122 67
122 68
122 69
122 71
122 73
122 75
122 77
122 79
122 82
122 84
122 85
122 87
122 88
122 89
122 90
122 91
122 92
122 93
122 95
122 96
122 97
122 100
122 101
122 103
122 104
122 106
122 109
122 111
122 112
122 115
122 116
122 117
122 118
122 119
122 121
122 122
122 123
122 124
122 126
122 128
122 130
122 132
122 134
122 136
122 139
122 140
122 142
122 144
122 147
122 148
122 149
123 0
123 2
123 4
123 5
123 7
123 9
123 10
123 12
123 14
123 16
123 17
123 19
123 20
123 22
123 24
123 25
123 29
123 31
123 32
123 34
123 35
123 37
123 39
123 46
123 47
123 50
123 51
123 52
123 53
123 54
123 55
123 58
123 60
123 61
123 62
123 67
123 71
123 72
123 73
123 74
123 75
123 76
123 77
123 80
123 82
123 83
123 88
123 89
123 90
123 91
123 93
123 94
123 95
123 96
123 97
123 98
123 99
123 100
123 101
123 104
123 105
123 107
123 111
123 114
123 115
123 116
123 117
123 118
123 119
123 120
123 123
123 124
123 126
123 130
123 131
123 132
123 134
123 135
123 137
123 139
123 141
123 143
123 144
123 145
123 146
123 147
123 148
123 149
124 0
124 2
124 3
124 4
124 6
124 7
124 10
124 13
124 14
124 15
124 17
124 18
124 19
124 20
124 21
124 23
124 24
124 26
124 27
124 29
124 31
124 32
124 34
124 35
124 36
124 37
124 38
124 39
124 40
124 41
124 42
124 43
124 44
124 45
124 46
124 47
124 48
124 49
124 50
124 51
124 53
124 55
124 57
124 58
124 60
124 61
124 63
124 64
124 65
124 66
124 68
124 70
124 71
124 72
124 73
124 74
124 75
124 77
124 78
124 80
124 81
124 82
124 83
124 85
124 86
124 92
124 93
124 94
124 95
124 97
124 99
124 104
124 105
124 106
124 108
124 109
124 110
124 111
124 112
124 114
124 115
124 116
124 117
124 118
124 119
124 120
124 121
124 122
124 125
124 126
124 127
124 130
124 132
124 133
124 135
124 136
124 137
124 138
124 139
124 141
124 142
124 143
124 149
125 1
125 2
125 5
125 6
125 8
125 11
125 12
125 14
125 16
125 17
125 20
125 21
125 23
125 24
125 25
125 26
125 27
125 30
125 31
125 33
125 36
125 38
125 40
125 43
125 44
125 47
125 48
125 49
125 52
125 53
125 57
125 62
125 63
125 64
125 65
125 66
125 68
125 69
125 70
125 71
125 72
125 73
125 76
125 77
125 80
125 84
125 86
125 87
125 88
125 89
125 90
125 94
125 95
125 97
125 98
125 99
125 100
125 101
125 104
125 105
125 106
125 113
125 114
125 116
125 117
125 121
125 122
125 123
125 124
125 126
125 127
125 130
125 131
125 133
125 134
125 135
125 136
125 138
125 139
125 143
125 144
125 145
125 146
125 149
126 0
126 1
126 3
126 4
126 7
126 8
126 10
126 11
126 12
126 16
126 17
126 19
126 20
126 22
126 26
126 29
126 30
126 32
126 33
126 34
126 36
126 38
126 39
126 41
126 42
126 44
126 45
126 47
126 48
126 50
126 52
126 53
126 54
126 55
126 56
126 57
126 61
126 62
126 63
126 64
126 66
126 69
126 70
126 71
126 72
126 77
126 80
126 81
126 82
126 84
126 85
126 86
126 89
126 90
126 92
126 96
126 97
126 98
126 99
126 101
126 102
126 104
126 105
126 106
126 109
126 114
126 116
126 117
126 120
126 121
126 122
126 123
126 125
126 126
126 127
126 128
126 129
126 130
126 131
126 132
126 133
126 135
126 136
126 137
126 138
126 139
126 140
126 141
126 142
126 143
126 144
126 146
126 147
127 1
127 3
127 6
127 11
127 13
127 14
127 18
127 19
127 21
127 22
127 25
127 26
127 27
127 28
127 29
127 30
127 32
127 33
127 35
127 36
127 38
127 40
127 42
127 44
127 45
127 46
127 47
127 49
127 52
127 54
127 55
127 59
127 62
127 66
127 68
127 70
127 71
127 72
127 73
127 74
127 77
127 78
127 79
127 84
127 86
127 87
127 88
127 90
127 91
127 92
127 94
127 95
127 96
127 97
127 98
127 99
127 102
127 103
127 105
127 107
127 109
127 111
127 115
127 117
127 118
127 123
127 124
127 126
127 127
127 131
127 133
127 134
127 135
127 136
127 138
127 139
127 142
127 143
127 146
127 148
127 149
128 0
128 2
128 7
128 9
128 10
128 11
128 12
128 14
128 15
128 16
128 18
128 19
128 21
128 25
128 26
128 27
128 28
128 29
128 30
128 31
128 32
128 34
128 35
128 36
128 37
128 40
128 41
128 44
128 47
128 50
128 54
128 55
128 59
128 60
128 62
128 63
128 66
128 67
128 68
128 69
128 70
128 72
128 73
128 75
128 79
128 80
128 81
128 82
128 83
128 84
128 86
128 88
128 91
128 92
128 93
128 94
128 95
128 96
128 97
128 99
128 100
128 101
128 102
128 103
128 107
128 108
128 110
128 111
128 113
128 115
128 116
128 118
128 119
128 122
128 126
128 127
128 128
128 129
128 130
128 131
128 132
128 133
128 138
128 140
128 141
128 142
128 143
128 144
128 145
128 146
128 147
128 148
128 149
129 0
129 1
129 4
129 5
129 6
129 7
129 10
129 14
129 16
129 18
129 19
129 21
129 22
129 23
129 24
129 26
129 27
129 28
129 29
129 32
129 34
129 35
129 36
129 41
129 42
129 43
129 44
129 45
129 48
129 50
129 51
129 52
129 53
129 56
129 57
129 58
129 59
129 61
129 64
129 66
129 69
129 72
129 73
129 75
129 78
129 79
129 80
129 82
129 83
129 84
129 85
129 87
129 89
129 90
129 92
129 93
129 94
129 95
129 96
129 97
129 98
129 99
129 100
129 101
129 102
129 103
129 104
129 105
129 106
129 107
129 108
129 110
129 111
129 112
129 113
129 115
129 116
129 117
129 119
129 121
129 122
129 126
129 127
129 128
129 129
129 130
129 131
129 132
129 133
129 136
129 137
129 138
129 139
129 142
129 144
129 145
129 146
129 149
130 0
130 1
130 3
130 9
130 11
130 12
130 13
130 18
130 20
130 21
130 22
130 23
130 24
130 26
130 27
130 28
130 29
130 35
130 36
130 37
130 38
130 40
130 45
130 51
130 52
130 53
130 57
130 58
130 60
130 62
130 66
130 67
130 69
130 70
130 72
130 73
130 75
130 78
130 79
130 80
130 81
130 85
130 86
130 88
130 92
130 94
130 95
130 96
130 97
130 98
130 99
130 101
130 102
130 104
130 105
130 106
130 110
130 111
130 115
130 116
130 117
130 118
130 120
130 123
130 124
130 125
130 126
130 127
130 129
130 130
130 132
130 134
130 137
130 138
130 139
130 141
130 144
130 146
130 147
130 148
131 0
131 1
131 5
131 6
131 7
131 13
131 14
131 15
131 18
131 19
131 21
131 22
131 25
131 27
131 28
131 29
131 31
131 32
131 33
131 35
131 36
131 37
131 41
131 42
131 43
131 44
131 45
131 50
131 51
131 55
131 56
131 57
131 58
131 59
131 61
131 63
131 64
131 65
131 66
131 68
131 69
131 70
131 71
131 72
131 74
131 75
131 77
131 78
131 79
131 81
131 84
131 85
131 89
131 90
131 92
131 93
131 94
131 95
131 97
131 98
131 100
131 101
131 102
131 103
131 104
131 106
131 107
131 108
131 109
131 111
131 112
131 113
131 115
131 116
131 117
131 118
131 119
131 121
131 122
131 123
131 127
131 128
131 131
131 132
131 136
131 138
131 141
131 142
131 143
131 144
131 146
131 149
132 1
132 2
132 3
132 6
132 7
132 8
132 12
132 13
132 14
132 15
132 17
132 19
132 20
132 21
132 22
132 24
132 27
132 29
132 30
132 32
132 33
132 34
132 36
132 37
132 39
132 40
132 42
132 43
132 44
132 45
132 46
132 47
132 48
132 51
132 52
132 53
132 54
132 55
132 56
132 58
132 59
132 60
132 62
132 67
132 69
132 71
132 75
132 76
132 78
132 79
132 87
132 89
132 90
132 91
132 92
132 96
132 97
132 98
132 99
132 104
132 105
132 106
132 108
132 109
132 112
132 114
132 115
132 117
132 118
132 121
132 124
132 127
132 128
132 130
132 132
132 133
132 137
132 138
132 139
132 143
132 144
132 145
132 148
132 149
133 0
133 1
133 2
133 3
133 4
133 5
133 6
133 7
133 8
133 10
133 11
133 15
133 16
133 17
133 19
133 23
133 25
133 26
133 28
133 29
133 30
133 31
133 32
133 33
133 34
133 35
133 36
133 38
133 39
133 46
133 47
133 51
133 52
133 53
133 54
133 55
133 56
133 58
133 61
133 63
133 64
133 65
133 66
133 67
133 68
133 69
133 71
133 72
133 73
133 75
133 76
133 77
133 79
133 81
133 82
133 83
133 85
133 87
133 88
133 89
133 91
133 92
133 99
133 100
133 101
133 102
133 104
133 105
133 108
133 110
133 111
133 113
133 114
133 115
133 116
133 118
133 119
133 120
133 121
133 122
133 124
133 126
133 127
133 130
133 135
133 136
133 137
133 140
133 141
133 142
133 143
133 144
133 147
133 148
134 1
134 3
134 5
134 6
134 7
134 8
134 10
134 12
134 13
134 15
134 16
134 17
134 18
134 20
134 21
134 22
134 23
134 24
134 27
134 28
134 32
134 33
134 34
134 35
134 39
134 41
134 43
134 45
134 46
134 47
134 48
134 51
134 52
134 53
134 54
134 55
134 56
134 59
134 60
134 63
134 64
134 65
134 66
134 69
134 70
134 71
134 72
134 73
134 74
134 75
134 76
134 77
134 78
134 79
134 80
134 81
134 83
134 84
134 85
134 86
134 89
134 90
134 93
134 94
134 95
134 96
134 97
134 98
134 100
134 101
134 102
134 103
134 106
134 108
134 109
134 110
134 111
134 112
134 113
134 115
134 116
134 117
134 121
134 122
134 123
134 124
134 125
134 127
134 128
134 129
134 131
134 132
134 134
134 135
134 136
134 137
134 139
134 140
134 141
134 142
134 144
134 145
135 2
135 4
135 11
135 12
135 13
135 15
135 16
135 17
135 19
135 21
135 22
135 24
135 25
135 27
135 29
135 30
135 31
135 32
135 33
135 34
135 35
135 36
135 37
135 38
135 40
135 42
135 48
135 50
135 51
135 52
135 54
135 55
135 56
135 57
135 58
135 59
135 62
135 63
135 66
135 68
135 70
135 72
135 73
135 74
135 78
135 80
135 81
135 84
135 86
135 89
135 92
135 94
135 95
135 97
135 98
135 99
135 100
135 101
135 103
135 105
135 106
135 107
135 109
135 111
135 112
135 113
135 115
135 119
135 120
135 122
135 124
135 126
135 131
135 134
135 135
135 138
135 139
135 141
135 142
135 143
135 144
135 145
135 147
136 0
136 1
136 2
136 3
136 4
136 5
136 6
136 9
136 10
136 11
136 12
136 13
136 14
136 15
136 16
136 19
136 20
136 22
136 24
136 29
136 33
136 34
136 35
136 36
136 37
136 38
136 40
136 41
136 42
136 43
136 44
136 46
136 47
136 48
136 49
136 50
136 51
136 54
136 55
136 56
136 57
136 59
136 60
136 61
136 62
136 63
136 67
136 68
136 69
136 70
136 72
136 73
136 74
136 76
136 77
136 78
136 79
136 80
136 83
136 85
136 86
136 87
136 89
136 90
136 91
136 92
136 93
136 95
136 96
136 98
136 99
136 100
136 101
136 102
136 104
136 105
136 106
136 108
136 110
136 111
136 113
136 114
136 116
136 118
136 126
136 127
136 130
136 134
136 138
136 140
136 142
136 143
136 145
136 147
136 148
136 149
137 0
137 1
137 3
137 4
137 6
137 7
137 9
137 11
137 13
137 15
137 16
137 17
137 18
137 19
137 20
137 21
137 22
137 23
137 26
137 27
137 29
137 30
137 32
137 33
137 37
137 39
137 42
137 43
137 44
137 46
137 50
137 51
137 52
137 53
137 54
137 55
137 59
137 60
137 61
137 62
137 64
137 65
137 68
137 69
137 71
137 74
137 76
137 77
137 79
137 80
137 82
137 83
137 86
137 87
137 88
137 89
137 90
137 91
137 92
137 93
137 95
137 97
137 98
137 99
137 100
137 101
137 103
137 104
137 107
137 108
137 111
137 113
137 115
137 116
137 119
137 120
137 121
137 122
137 123
137 124
137 125
137 128
137 130
137 132
137 133
137 135
137 136
137 137
137 138
137 139
137 140
137 142
137 145
137 146
137 147
138 2
138 4
138 5
138 6
138 7
138 8
138 12
138 14
138 16
138 20
138 22
138 23
138 24
138 25
138 26
138 28
138 32
138 33
138 35
138 39
138 40
138 42
138 44
138 45
138 46
138 51
138 52
138 53
138 54
138 56
138 57
138 58
138 60
138 61
138 62
138 64
138 66
138 67
138 68
138 70
138 74
138 75
138 78
138 80
138 81
138 82
138 84
138 88
138 89
138 91
138 92
138 93
138 94
138 97
138 99
138 100
138 102
138 103
138 105
138 106
138 107
138 108
138 110
138 111
138 112
138 114
138 116
138 117
138 118
138 122
138 123
138 124
138 125
138 126
138 128
138 129
138 133
138 136
138 137
138 138
138 142
138 143
138 145
138 146
138 147
138 148
138 149
139 1
139 2
139 3
139 5
139 7
139 8
139 9
139 11
139 12
139 14
139 15
139 19
139 24
139 25
139 26
139 27
139 31
139 32
139 33
139 37
139 38
139 40
139 41
139 42
139 43
139 44
139 45
139 50
139 51
139 54
139 57
139 59
139 60
139 61
139 62
139 63
139 67
139 68
139 69
139 70
139 72
139 73
139 74
139 76
139 77
139 78
139 82
139 83
139 87
139 88
139 89
139 92
139 94
139 95
139 98
139 99
139 100
139 102
139 103
139 104
139 105
139 106
139 107
139 108
139 109
139 110
139 111
139 112
139 114
139 115
139 116
139 117
139 118
139 119
139 120
139 121
139 123
139 124
139 125
139 126
139 131
139 133
139 134
139 135
139 136
139 137
139 138
139 139
139 140
139 141
139 143
139 146
139 148
139 149
140 0
140 1
140 3
140 4
140 5
140 6
140 8
140 10
140 11
140 12
140 13
140 16
140 17
140 19
140 20
140 21
140 25
140 26
140 28
140 29
140 30
140 31
140 32
140 33
140 34
140 35
140 36
140 38
140 39
140 40
140 41
140 43
140 45
140 48
140 53
140 55
140 56
140 57
140 61
140 62
140 63
140 67
140 68
140 69
140 70
140 75
140 78
140 79
140 80
140 81
140 84
140 85
140 87
140 88
140 89
140 90
140 93
140 97
140 98
140 101
140 102
140 103
140 107
140 108
140 112
140 115
140 116
140 117
140 118
140 120
140 122
140 123
140 126
140 127
140 128
140 129
140 132
140 133
140 134
140 135
140 139
140 141
140 142
140 143
140 144
140 146
140 147
140 149
141 4
141 6
141 7
141 9
141 11
141 16
141 18
141 19
141 21
141 22
141 29
141 30
141 31
141 32
141 33
141 35
141 36
141 37
141 38
141 40
141 43
141 44
141 46
141 47
141 48
141 49
141 50
141 52
141 55
141 57
141 59
141 60
141 62
141 63
141 64
141 65
141 67
141 68
141 69
141 71
141 72
141 73
141 74
141 75
141 76
141 77
141 78
141 80
141 81
141 83
141 84
141 86
141 87
141 88
141 91
141 94
141 95
141 97
141 99
141 100
141 101
141 104
141 105
141 106
141 108
141 109
141 111
141 113
141 114
141 115
141 118
141 121
141 122
141 123
141 125
141 126
141 127
141 128
141 129
141 132
141 133
141 138
141 139
141 140
141 143
141 145
141 147
141 148
141 149
142 1
142 2
142 3
142 4
142 5
142 6
142 7
142 8
142 9
142 10
142 11
142 12
142 14
142 16
142 18
142 19
142 20
142 21
142 22
142 23
142 24
142 25
142 26
142 27
142 28
142 29
142 31
142 32
142 33
142 36
142 37
142 38
142 39
142 40
142 41
142 42
142 43
142 44
142 47
142 48
142 49
142 51
142 54
142 55
142 56
142 57
142 59
142 60
142 61
142 62
142 65
142 66
142 67
142 68
142 69
142 71
142 76
142 80
142 81
142 82
142 83
142 84
142 85
142 88
142 89
142 91
142 92
142 93
142 96
142 99
142 100
142 103
142 104
142 106
142 107
142 108
142 109
142 112
142 114
142 115
142 116
142 117
142 118
142 119
142 122
142 123
142 126
142 127
142 129
142 131
142 134
142 135
142 137
142 138
142 143
142 144
142 145
142 146
142 147
142 148
142 149
143 0
143 4
143 6
143 7
143 8
143 10
143 11
143 12
143 13
143 15
143 16
143 20
143 21
143 22
143 24
143 25
143 30
143 31
143 32
143 34
143 35
143 36
143 37
143 39
143 40
143 41
143 42
143 43
143 44
143 45
143 46
143 47
143 48
143 51
143 52
143 54
143 55
143 57
143 58
143 60
143 61
143 62
143 63
143 64
143 66
143 68
143 69
143 71
143 72
143 73
143 74
143 75
143 80
143 81
143 82
143 83
143 84
143 85
143 86
143 89
143 90
143 91
143 92
143 93
143 94
143 96
143 98
143 100
143 101
143 103
143 105
143 106
143 107
143 108
143 110
143 112
143 113
143 114
143 115
143 116
143 118
143 125
143 126
143 129
143 133
143 134
143 135
143 136
143 139
143 140
143 141
143 143
143 144
143 147
143 148
143 149
144 0
144 2
144 3
144 4
144 5
144 6
144 8
144 9
144 10
144 11
144 12
144 13
144 14
144 15
144 17
144 18
144 20
144 21
144 22
144 24
144 25
144 27
144 29
144 30
144 31
144 32
144 33
144 34
144 36
144 38
144 39
144 42
144 43
144 45
144 46
144 47
144 49
144 54
144 55
144 56
144 58
144 61
144 63
144 66
144 67
144 69
144 70
144 72
144 73
144 76
144 77
144 78
144 80
144 81
144 83
144 84
144 85
144 87
144 88
144 89
144 90
144 91
144 92
144 93
144 94
144 95
144 99
144 101
144 103
144 104
144 105
144 107
144 113
144 114
144 115
144 117
144 126
144 128
144 129
144 130
144 131
144 132
144 135
144 136
144 137
144 138
144 139
144 142
144 143
144 144
144 145
144 147
144 148
144 149
145 1
145 3
145 4
145 5
145 8
145 10
145 11
145 13
145 16
145 17
145 18
145 19
145 20
145 21
145 22
145 23
145 25
145 26
145 27
145 28
145 29
145 30
145 31
145 32
145 33
145 34
145 35
145 38
145 39
145 42
145 43
145 44
145 45
145 46
145 49
145 50
145 52
145 53
145 56
145 58
145 59
145 61
145 62
145 63
145 64
145 67
145 68
145 70
145 71
145 72
145 73
145 79
145 82
145 83
145 84
145 85
145 86
145 88
145 89
145 90
145 91
145 92
145 94
145 97
145 100
145 101
145 103
145 105
145 107
145 108
145 109
145 112
145 113
145 117
145 118
145 124
145 127
145 129
145 130
145 131
145 132
145 133
145 134
145 136
145 137
145 138
145 139
145 141
145 143
145 146
145 149
146 1
146 3
146 4
146 5
146 6
146 10
146 12
146 13
146 15
146 16
146 17
146 18
146 19
146 20
146 24
146 25
146 27
146 28
146 33
146 34
146 38
146 40
146 42
146 44
146 45
146 46
146 47
146 48
146 49
146 50
146 51
146 53
146 55
146 56
146 58
146 59
146 60
146 61
146 63
146 69
146 70
146 71
146 72
146 74
146 76
146 78
146 80
146 84
146 85
146 86
146 89
146 90
146 92
146 94
146 96
146 101
146 102
146 103
146 106
146 107
146 108
146 109
146 110
146 111
146 113
146 114
146 115
146 118
146 119
146 121
146 122
146 123
146 126
146 128
146 129
146 131
146 133
146 134
146 136
146 137
146 139
146 140
146 141
146 143
146 144
146 148
147 2
147 3
147 4
147 5
147 10
147 12
147 14
147 15
147 16
147 17
147 18
147 29
147 30
147 32
147 33
147 34
147 35
147 36
147 37
147 38
147 40
147 43
147 45
147 46
147 47
147 49
147 50
147 52
147 54
147 55
147 58
147 61
147 63
147 64
147 65
147 66
147 67
147 68
147 69
147 70
147 71
147 72
147 75
147 77
147 79
147 81
147 85
147 86
147 88
147 89
147 90
147 95
147 96
147 97
147 98
147 99
147 100
147 101
147 102
147 104
147 105
147 106
147 108
147 110
147 111
147 112
147 113
147 115
147 117
147 118
147 119
147 120
147 122
147 123
147 128
147 129
147 131
147 137
147 139
147 145
147 146
147 147
147 148
147 149
148 0
148 2
148 3
148 5
148 8
148 9
148 10
148 11
148 18
148 20
148 23
148 26
148 27
148 28
148 29
148 31
148 32
148 36
148 38
148 42
148 43
148 44
148 45
148 48
148 50
148 52
148 54
148 55
148 56
148 57
148 61
148 62
148 64
148 65
148 67
148 68
148 71
148 72
148 73
148 74
148 77
148 78
148 79
148 80
148 82
148 84
148 86
148 87
148 88
148 89
148 90
148 91
148 94
148 96
148 97
148 99
148 101
148 102
148 103
148 104
148 105
148 106
148 109
148 112
148 114
148 115
148 117
148 118
148 119
148 121
148 123
148 125
148 126
148 127
148 128
148 129
148 130
148 131
148 132
148 136
148 139
148 140
148 142
148 143
148 144
148 145
148 146
148 148
148 149
149 0
149 1
149 3
149 4
149 6
149 7
149 8
149 9
149 10
149 11
149 12
149 13
149 14
149 16
149 17
149 22
149 25
149 26
149 27
149 28
149 31
149 33
149 34
149 35
149 39
149 40
149 41
149 42
149 43
149 44
149 47
149 48
149 50
149 51
149 55
149 56
149 57
149 59
149 61
149 62
149 63
149 65
149 67
149 68
149 69
149 70
149 73
149 74
149 77
149 80
149 81
149 84
149 85
149 87
149 89
149 91
149 93
149 96
149 98
149 102
149 106
149 107
149 109
149 110
149 111
149 114
149 115
149 116
149 117
149 118
149 119
149 120
149 121
149 122
149 123
149 130
149 134
149 137
149 138
149 139
149 141
149 142
149 144
149 146
149 147
149 148
149 149
