170
11560
0 2
0 11
0 17
0 18
0 19
0 20
0 29
0 32
0 35
0 39
0 41
0 43
0 47
0 50
0 51
0 54
0 59
0 62
0 63
0 68
0 70
0 71
0 72
0 77
0 80
0 81
0 83
0 85
0 86
0 88
0 89
0 90
0 97
0 99
0 101
0 102
0 103
0 104
0 106
0 112
0 113
0 114
0 117
0 120
0 121
0 122
0 123
0 124
0 125
0 126
0 127
0 130
0 131
0 136
0 139
0 140
0 141
0 143
0 145
0 147
0 148
0 153
0 156
0 159
0 163
0 168
0 169
1 0
1 1
1 2
1 6
1 8
1 11
1 12
1 13
1 15
1 17
1 18
1 23
1 26
1 31
1 32
1 33
1 36
1 39
1 40
1 41
1 42
1 45
1 48
1 50
1 55
1 56
1 59
1 60
1 62
1 64
1 66
1 70
1 72
1 77
1 78
1 85
1 86
1 87
1 90
1 93
1 99
1 101
1 108
1 109
1 113
1 114
1 119
1 121
1 125
1 130
1 133
1 135
1 139
1 140
1 142
1 144
1 147
1 148
1 151
1 153
1 155
1 156
1 160
1 162
1 163
1 164
1 166
2 2
2 3
2 5
2 6
2 14
2 22
2 25
2 27
2 28
2 30
2 33
2 34
2 38
2 42
2 45
2 48
2 49
2 51
2 52
2 55
2 56
2 57
2 61
2 64
2 66
2 73
2 78
2 79
2 82
2 84
2 86
2 88
2 90
2 91
2 94
2 95
2 96
2 98
2 99
2 101
2 102
2 104
2 106
2 107
2 109
2 110
2 113
2 116
2 118
2 121
2 122
2 124
2 127
2 129
2 140
2 142
2 146
2 148
2 150
2 156
2 157
2 158
2 160
2 161
2 168
2 169
3 1
3 3
3 5
3 6
3 7
3 8
3 11
3 12
3 20
3 21
3 24
3 25
3 26
3 29
3 30
3 32
3 35
3 38
3 39
3 40
3 42
3 43
3 44
3 45
3 46
3 48
3 49
3 52
3 55
3 57
3 60
3 61
3 64
3 65
3 66
3 68
3 71
3 73
3 74
3 76
3 84
3 89
3 92
3 94
3 98
3 104
3 105
3 112
3 115
3 117
3 118
3 125
3 128
3 130
3 131
3 132
3 133
3 136
3 137
3 138
3 140
3 142
3 144
3 145
3 146
3 158
3 160
3 161
3 167
3 168
3 169
4 1
4 4
4 5
4 7
4 11
4 13
4 16
4 22
4 23
4 25
4 26
4 30
4 32
4 33
4 36
4 37
4 38
4 40
4 43
4 48
4 49
4 51
4 52
4 55
4 56
4 57
4 59
4 61
4 62
4 64
4 70
4 72
4 73
4 78
4 85
4 87
4 89
4 91
4 93
4 100
4 102
4 105
4 107
4 108
4 109
4 117
4 119
4 120
4 124
4 128
4 129
4 130
4 133
4 134
4 135
4 136
4 138
4 139
4 140
4 143
4 145
4 146
4 148
4 150
4 151
4 152
4 153
4 156
4 160
4 163
4 164
4 167
5 5
5 11
5 14
5 16
5 17
5 20
5 21
5 25
5 26
5 28
5 31
5 32
5 36
5 37
5 42
5 44
5 52
5 54
5 56
5 59
5 61
5 63
5 65
5 66
5 74
5 75
5 77
5 78
5 79
5 81
5 84
5 86
5 87
5 92
5 93
5 94
5 95
5 96
5 97
5 98
5 101
5 106
5 107
5 108
5 109
5 113
5 117
5 120
5 123
5 127
5 129
5 130
5 131
5 136
5 137
5 138
5 139
5 141
5 148
5 152
5 156
5 158
5 162
5 163
5 168
5 169
6 1
6 2
6 3
6 4
6 6
6 7
6 9
6 10
6 12
6 13
6 14
6 15
6 22
6 25
6 26
6 28
6 30
6 36
6 38
6 39
6 41
6 42
6 43
6 46
6 48
6 50
6 52
6 54
6 57
6 58
6 60
6 63
6 66
6 69
6 72
6 73
6 74
6 76
6 77
6 81
6 89
6 92
6 93
6 95
6 98
6 99
6 100
6 101
6 108
6 109
6 112
6 114
6 116
6 122
6 125
6 126
6 129
6 131
6 132
6 135
6 136
6 139
6 140
6 142
6 143
6 144
6 146
6 147
6 149
6 150
6 153
6 154
6 155
6 156
6 162
6 164
6 169
7 0
7 1
7 8
7 11
7 13
7 14
7 16
7 17
7 18
7 19
7 20
7 28
7 29
7 32
7 33
7 34
7 37
7 42
7 43
7 45
7 50
7 57
7 58
7 60
7 61
7 63
7 70
7 73
7 78
7 80
7 82
7 86
7 89
7 93
7 96
7 97
7 98
7 99
7 101
7 102
7 105
7 107
7 108
7 109
7 113
7 118
7 123
7 125
7 126
7 127
7 129
7 130
7 132
7 133
7 134
7 135
7 136
7 138
7 139
7 142
7 144
7 152
7 154
7 155
7 156
7 159
7 160
7 163
7 166
7 169
8 4
8 5
8 6
8 7
8 8
8 9
8 10
8 11
8 12
8 14
8 21
8 22
8 23
8 25
8 27
8 34
8 35
8 36
8 39
8 44
8 47
8 50
8 51
8 55
8 58
8 65
8 66
8 68
8 70
8 72
8 73
8 74
8 77
8 81
8 85
8 86
8 88
8 91
8 92
8 100
8 105
8 107
8 109
8 110
8 111
8 112
8 115
8 116
8 119
8 126
8 127
8 132
8 135
8 136
8 137
8 139
8 140
8 141
8 143
8 144
8 149
8 150
8 152
8 153
8 155
8 161
9 0
9 3
9 8
9 9
9 12
9 13
9 17
9 22
9 25
9 33
9 34
9 35
9 42
9 43
9 46
9 48
9 50
9 51
9 57
9 59
9 63
9 64
9 65
9 67
9 68
9 71
9 75
9 80
9 81
9 83
9 84
9 85
9 86
9 88
9 89
9 92
9 96
9 100
9 102
9 106
9 107
9 111
9 115
9 116
9 117
9 126
9 130
9 132
9 133
9 135
9 136
9 140
9 143
9 148
9 152
9 154
9 156
9 157
9 158
9 161
9 162
9 163
9 167
9 169
10 0
10 1
10 4
10 5
10 7
10 10
10 12
10 17
10 20
10 21
10 24
10 28
10 32
10 34
10 36
10 38
10 39
10 40
10 41
10 42
10 45
10 46
10 50
10 52
10 56
10 58
10 60
10 61
10 64
10 65
10 66
10 68
10 69
10 70
10 71
10 74
10 75
10 76
10 77
10 79
10 83
10 85
10 86
10 87
10 90
10 91
10 92
10 96
10 97
10 100
10 104
10 106
10 109
10 111
10 112
10 115
10 116
10 119
10 123
10 129
10 130
10 132
10 137
10 139
10 142
10 144
10 147
10 148
10 153
10 154
10 156
10 158
10 160
10 166
10 167
11 0
11 3
11 5
11 9
11 11
11 13
11 14
11 15
11 21
11 26
11 30
11 31
11 38
11 39
11 42
11 44
11 46
11 49
11 52
11 53
11 54
11 55
11 57
11 59
11 62
11 63
11 64
11 67
11 70
11 81
11 82
11 85
11 87
11 90
11 92
11 95
11 96
11 100
11 101
11 103
11 104
11 109
11 113
11 114
11 116
11 117
11 118
11 121
11 122
11 123
11 126
11 127
11 134
11 135
11 139
11 142
11 144
11 147
11 148
11 149
11 153
11 154
11 156
11 157
11 158
11 159
12 2
12 3
12 5
12 11
12 12
12 13
12 17
12 20
12 21
12 25
12 29
12 30
12 33
12 36
12 39
12 41
12 44
12 45
12 46
12 48
12 55
12 57
12 59
12 60
12 61
12 62
12 64
12 66
12 69
12 71
12 73
12 74
12 76
12 78
12 82
12 83
12 84
12 85
12 86
12 87
12 89
12 96
12 100
12 101
12 102
12 103
12 104
12 105
12 106
12 112
12 115
12 117
12 121
12 123
12 125
12 127
12 131
12 134
12 136
12 137
12 141
12 142
12 146
12 149
12 151
12 152
12 153
12 156
12 157
12 159
12 162
12 163
12 164
12 165
12 167
12 169
13 0
13 1
13 2
13 5
13 6
13 7
13 8
13 10
13 12
13 14
13 15
13 18
13 22
13 27
13 28
13 31
13 33
13 36
13 43
13 46
13 47
13 48
13 49
13 56
13 59
13 60
13 67
13 69
13 75
13 77
13 79
13 80
13 82
13 83
13 84
13 88
13 89
13 98
13 99
13 103
13 104
13 106
13 109
13 111
13 115
13 116
13 118
13 122
13 124
13 127
13 133
13 148
13 150
13 153
13 159
13 160
13 162
13 166
13 167
13 169
14 3
14 4
14 7
14 9
14 10
14 18
14 19
14 20
14 21
14 23
14 24
14 28
14 30
14 37
14 42
14 50
14 51
14 57
14 58
14 63
14 65
14 69
14 71
14 73
14 74
14 75
14 77
14 78
14 84
14 87
14 92
14 93
14 96
14 101
14 102
14 108
14 110
14 112
14 113
14 114
14 115
14 116
14 118
14 122
14 125
14 127
14 130
14 132
14 133
14 141
14 142
14 145
14 146
14 147
14 148
14 149
14 151
14 152
14 156
14 161
14 168
14 169
15 2
15 3
15 9
15 11
15 12
15 13
15 15
15 18
15 19
15 25
15 28
15 31
15 33
15 34
15 36
15 41
15 43
15 46
15 47
15 50
15 51
15 53
15 54
15 62
15 66
15 69
15 72
15 76
15 79
15 81
15 83
15 89
15 90
15 91
15 92
15 94
15 95
15 100
15 102
15 104
15 112
15 113
15 115
15 116
15 118
15 121
15 122
15 124
15 126
15 128
15 129
15 131
15 133
15 135
15 136
15 139
15 144
15 146
15 147
15 148
15 151
15 153
15 154
15 155
15 158
15 159
15 162
15 163
15 168
16 1
16 2
16 4
16 5
16 8
16 9
16 10
16 11
16 13
16 26
16 31
16 35
16 36
16 45
16 48
16 49
16 52
16 55
16 56
16 58
16 59
16 62
16 63
16 66
16 67
16 70
16 73
16 77
16 79
16 83
16 91
16 95
16 102
16 103
16 105
16 107
16 110
16 111
16 113
16 121
16 123
16 124
16 125
16 126
16 129
16 132
16 133
16 135
16 137
16 138
16 141
16 142
16 146
16 150
16 151
16 152
16 159
16 162
16 163
16 164
16 167
17 0
17 1
17 2
17 4
17 12
17 13
17 14
17 16
17 17
17 20
17 27
17 33
17 35
17 36
17 40
17 42
17 44
17 47
17 51
17 53
17 54
17 56
17 62
17 63
17 64
17 65
17 69
17 70
17 73
17 74
17 79
17 84
17 86
17 88
17 95
17 99
17 100
17 101
17 102
17 107
17 108
17 109
17 110
17 111
17 113
17 117
17 118
17 119
17 128
17 134
17 136
17 139
17 140
17 142
17 143
17 144
17 145
17 146
17 149
17 152
17 153
17 154
17 155
17 159
17 160
17 161
18 1
18 3
18 6
18 8
18 9
18 11
18 12
18 16
18 22
18 27
18 35
18 40
18 42
18 44
18 45
18 47
18 48
18 52
18 53
18 58
18 61
18 63
18 66
18 69
18 72
18 74
18 78
18 81
18 82
18 83
18 88
18 92
18 93
18 95
18 96
18 98
18 99
18 100
18 102
18 103
18 104
18 107
18 110
18 111
18 112
18 113
18 115
18 116
18 122
18 128
18 129
18 134
18 140
18 141
18 148
18 150
18 152
18 157
18 160
18 164
18 166
19 0
19 2
19 3
19 5
19 7
19 9
19 20
19 23
19 24
19 25
19 26
19 30
19 32
19 34
19 35
19 42
19 44
19 45
19 46
19 50
19 51
19 55
19 61
19 67
19 68
19 70
19 71
19 76
19 79
19 80
19 81
19 82
19 85
19 86
19 89
19 92
19 94
19 97
19 98
19 100
19 102
19 106
19 110
19 112
19 113
19 116
19 119
19 121
19 122
19 124
19 126
19 127
19 130
19 131
19 132
19 133
19 135
19 140
19 142
19 144
19 153
19 156
19 157
19 162
19 163
19 165
19 168
20 6
20 9
20 17
20 20
20 24
20 26
20 27
20 30
20 37
20 39
20 41
20 43
20 45
20 47
20 48
20 52
20 53
20 60
20 64
20 66
20 68
20 75
20 77
20 81
20 83
20 85
20 94
20 96
20 97
20 98
20 99
20 104
20 105
20 107
20 108
20 109
20 110
20 111
20 114
20 116
20 119
20 121
20 122
20 126
20 127
20 129
20 130
20 131
20 135
20 137
20 140
20 143
20 145
20 150
20 151
20 154
20 156
20 157
20 158
20 160
20 161
20 162
20 164
20 166
21 1
21 3
21 4
21 5
21 7
21 10
21 13
21 16
21 18
21 24
21 27
21 28
21 35
21 37
21 40
21 51
21 52
21 53
21 55
21 58
21 61
21 62
21 63
21 64
21 65
21 67
21 69
21 72
21 75
21 76
21 77
21 78
21 79
21 84
21 85
21 88
21 89
21 92
21 93
21 94
21 97
21 99
21 102
21 104
21 107
21 108
21 109
21 110
21 113
21 114
21 115
21 118
21 119
21 120
21 122
21 123
21 125
21 131
21 134
21 135
21 136
21 137
21 139
21 144
21 148
21 154
21 156
21 160
21 163
21 164
21 166
21 169
22 0
22 1
22 3
22 7
22 8
22 10
22 11
22 14
22 17
22 18
22 19
22 20
22 23
22 33
22 35
22 36
22 39
22 41
22 42
22 43
22 46
22 48
22 49
22 52
22 55
22 56
22 58
22 59
22 67
22 70
22 76
22 77
22 78
22 79
22 80
22 89
22 92
22 94
22 96
22 97
22 102
22 104
22 106
22 107
22 109
22 112
22 114
22 117
22 119
22 120
22 121
22 123
22 125
22 134
22 139
22 142
22 145
22 149
22 156
22 158
22 161
22 162
22 163
22 165
22 166
22 167
22 168
22 169
23 1
23 4
23 7
23 9
23 11
23 12
23 14
23 16
23 19
23 24
23 25
23 29
23 32
23 37
23 38
23 39
23 42
23 45
23 46
23 47
23 51
23 53
23 63
23 64
23 67
23 68
23 69
23 70
23 79
23 80
23 85
23 86
23 89
23 91
23 93
23 96
23 98
23 102
23 103
23 107
23 109
23 112
23 115
23 116
23 126
23 129
23 133
23 135
23 138
23 142
23 144
23 146
23 147
23 148
23 149
23 151
23 155
23 156
23 159
23 160
23 161
23 162
23 163
23 165
24 0
24 1
24 3
24 6
24 11
24 13
24 14
24 16
24 18
24 24
24 29
24 31
24 32
24 40
24 41
24 43
24 46
24 56
24 57
24 60
24 61
24 63
24 64
24 65
24 67
24 70
24 72
24 73
24 74
24 76
24 78
24 82
24 85
24 89
24 90
24 91
24 92
24 95
24 96
24 97
24 99
24 100
24 101
24 104
24 106
24 107
24 109
24 110
24 111
24 112
24 113
24 115
24 116
24 117
24 124
24 130
24 134
24 141
24 149
24 154
24 155
24 156
24 157
24 164
24 167
24 169
25 0
25 3
25 4
25 6
25 12
25 13
25 16
25 19
25 20
25 27
25 29
25 31
25 38
25 39
25 40
25 45
25 46
25 50
25 53
25 54
25 55
25 56
25 58
25 59
25 60
25 63
25 64
25 65
25 66
25 67
25 70
25 72
25 73
25 76
25 77
25 80
25 82
25 83
25 84
25 86
25 89
25 92
25 94
25 95
25 98
25 100
25 102
25 103
25 104
25 106
25 107
25 108
25 110
25 111
25 112
25 113
25 115
25 116
25 118
25 127
25 130
25 134
25 135
25 136
25 144
25 147
25 152
25 153
25 154
25 159
25 160
25 161
25 162
25 163
25 169
26 0
26 1
26 4
26 6
26 8
26 11
26 16
26 17
26 19
26 20
26 22
26 25
26 31
26 32
26 37
26 40
26 43
26 46
26 47
26 49
26 50
26 52
26 53
26 58
26 59
26 60
26 61
26 62
26 70
26 71
26 80
26 81
26 82
26 83
26 85
26 87
26 88
26 93
26 94
26 96
26 100
26 103
26 104
26 105
26 107
26 118
26 119
26 122
26 123
26 125
26 130
26 134
26 139
26 141
26 145
26 146
26 150
26 154
26 156
26 159
26 167
27 0
27 1
27 2
27 3
27 7
27 8
27 9
27 19
27 23
27 24
27 28
27 30
27 32
27 33
27 34
27 35
27 37
27 39
27 40
27 41
27 42
27 44
27 45
27 46
27 47
27 49
27 52
27 53
27 57
27 59
27 63
27 64
27 65
27 67
27 68
27 70
27 71
27 75
27 76
27 77
27 79
27 87
27 90
27 91
27 92
27 93
27 94
27 95
27 98
27 100
27 102
27 105
27 106
27 107
27 108
27 112
27 113
27 114
27 117
27 118
27 120
27 121
27 122
27 123
27 124
27 125
27 129
27 131
27 132
27 135
27 136
27 137
27 139
27 140
27 146
27 147
27 149
27 153
27 154
27 160
27 161
27 163
27 164
27 167
27 168
28 3
28 8
28 10
28 11
28 12
28 14
28 16
28 19
28 31
28 35
28 39
28 41
28 42
28 43
28 45
28 47
28 48
28 49
28 50
28 52
28 55
28 56
28 59
28 64
28 65
28 68
28 72
28 76
28 77
28 79
28 80
28 84
28 85
28 86
28 88
28 89
28 92
28 93
28 102
28 103
28 106
28 107
28 109
28 117
28 120
28 121
28 123
28 125
28 126
28 128
28 129
28 131
28 133
28 134
28 135
28 136
28 138
28 140
28 144
28 145
28 147
28 148
28 149
28 154
28 157
28 158
28 160
28 161
28 162
28 164
28 168
29 1
29 2
29 4
29 5
29 10
29 16
29 17
29 19
29 20
29 21
29 23
29 24
29 27
29 29
29 31
29 32
29 33
29 35
29 38
29 39
29 40
29 42
29 44
29 46
29 48
29 52
29 58
29 59
29 61
29 62
29 63
29 68
29 69
29 71
29 72
29 73
29 79
29 80
29 83
29 86
29 89
29 90
29 94
29 95
29 101
29 105
29 106
29 107
29 110
29 115
29 116
29 117
29 118
29 120
29 124
29 126
29 127
29 133
29 137
29 138
29 139
29 143
29 145
29 146
29 148
29 150
29 154
29 155
29 156
29 162
29 164
29 166
30 4
30 6
30 8
30 9
30 19
30 20
30 21
30 22
30 24
30 26
30 27
30 28
30 32
30 34
30 37
30 38
30 42
30 44
30 45
30 46
30 50
30 51
30 53
30 54
30 55
30 56
30 57
30 63
30 68
30 74
30 77
30 78
30 83
30 84
30 85
30 89
30 90
30 95
30 98
30 107
30 110
30 111
30 118
30 119
30 120
30 121
30 122
30 130
30 131
30 137
30 140
30 144
30 148
30 153
30 157
30 158
30 160
30 164
30 167
30 168
30 169
31 5
31 6
31 7
31 9
31 11
31 15
31 18
31 19
31 22
31 32
31 33
31 34
31 38
31 43
31 44
31 45
31 46
31 47
31 49
31 51
31 55
31 56
31 58
31 60
31 61
31 63
31 68
31 70
31 74
31 75
31 76
31 79
31 80
31 81
31 82
31 85
31 90
31 92
31 100
31 105
31 108
31 113
31 119
31 121
31 122
31 124
31 126
31 128
31 131
31 133
31 134
31 135
31 136
31 137
31 138
31 140
31 141
31 147
31 149
31 150
31 151
31 153
31 156
31 161
31 165
31 166
31 168
31 169
32 0
32 2
32 3
32 5
32 15
32 16
32 17
32 21
32 25
32 33
32 37
32 38
32 39
32 40
32 42
32 44
32 45
32 47
32 48
32 54
32 55
32 56
32 57
32 59
32 60
32 62
32 63
32 66
32 67
32 70
32 76
32 77
32 78
32 79
32 86
32 87
32 88
32 89
32 90
32 91
32 92
32 94
32 95
32 96
32 97
32 98
32 105
32 106
32 107
32 108
32 109
32 110
32 111
32 112
32 113
32 114
32 116
32 118
32 120
32 121
32 123
32 126
32 129
32 132
32 142
32 146
32 148
32 150
32 159
32 160
32 165
33 0
33 3
33 4
33 7
33 9
33 12
33 18
33 19
33 20
33 21
33 22
33 24
33 27
33 28
33 29
33 30
33 32
33 35
33 43
33 48
33 51
33 52
33 54
33 57
33 59
33 62
33 65
33 67
33 68
33 71
33 73
33 75
33 78
33 79
33 84
33 85
33 87
33 88
33 93
33 100
33 108
33 113
33 114
33 116
33 117
33 118
33 123
33 133
33 138
33 139
33 144
33 146
33 148
33 153
33 155
33 156
33 161
33 162
33 168
34 1
34 4
34 6
34 9
34 10
34 11
34 12
34 13
34 15
34 16
34 19
34 21
34 22
34 24
34 33
34 37
34 40
34 48
34 50
34 51
34 52
34 57
34 60
34 62
34 63
34 64
34 65
34 66
34 68
34 72
34 73
34 74
34 76
34 77
34 78
34 80
34 81
34 82
34 83
34 86
34 88
34 89
34 91
34 92
34 94
34 98
34 101
34 103
34 104
34 108
34 114
34 116
34 118
34 119
34 122
34 128
34 130
34 133
34 137
34 138
34 140
34 145
34 147
34 151
34 155
34 157
34 158
34 159
34 161
34 166
34 167
34 169
35 1
35 2
35 4
35 7
35 9
35 16
35 22
35 25
35 26
35 30
35 33
35 35
35 37
35 40
35 42
35 48
35 49
35 50
35 55
35 56
35 57
35 60
35 65
35 66
35 69
35 74
35 76
35 79
35 81
35 82
35 84
35 85
35 88
35 90
35 93
35 94
35 96
35 98
35 99
35 102
35 103
35 104
35 106
35 108
35 112
35 115
35 116
35 117
35 119
35 120
35 121
35 122
35 124
35 128
35 130
35 133
35 136
35 141
35 147
35 148
35 150
35 153
35 154
35 155
35 159
35 160
35 161
35 162
35 163
36 2
36 4
36 5
36 6
36 9
36 12
36 13
36 14
36 18
36 22
36 23
36 24
36 29
36 32
36 37
36 38
36 39
36 41
36 42
36 44
36 47
36 48
36 53
36 54
36 57
36 58
36 62
36 64
36 65
36 66
36 67
36 70
36 71
36 72
36 73
36 74
36 75
36 80
36 82
36 85
36 87
36 89
36 92
36 93
36 94
36 95
36 100
36 101
36 104
36 105
36 106
36 108
36 113
36 114
36 115
36 119
36 120
36 122
36 123
36 124
36 125
36 126
36 127
36 128
36 129
36 137
36 138
36 139
36 146
36 148
36 149
36 151
36 152
36 154
36 156
36 160
36 162
36 164
36 167
36 168
37 0
37 1
37 6
37 12
37 15
37 17
37 19
37 21
37 24
37 25
37 26
37 27
37 28
37 29
37 31
37 33
37 37
37 39
37 40
37 42
37 45
37 46
37 47
37 48
37 49
37 54
37 55
37 58
37 59
37 60
37 62
37 63
37 64
37 67
37 68
37 72
37 78
37 79
37 81
37 85
37 89
37 92
37 97
37 99
37 100
37 104
37 105
37 110
37 111
37 114
37 122
37 124
37 125
37 127
37 129
37 134
37 135
37 136
37 138
37 141
37 146
37 147
37 148
37 151
37 152
37 153
37 156
37 161
37 166
38 1
38 2
38 4
38 8
38 9
38 11
38 15
38 20
38 23
38 29
38 35
38 36
38 37
38 39
38 41
38 42
38 43
38 46
38 47
38 48
38 50
38 56
38 57
38 63
38 64
38 65
38 66
38 67
38 68
38 71
38 72
38 74
38 76
38 80
38 81
38 84
38 85
38 88
38 90
38 91
38 92
38 94
38 95
38 97
38 100
38 101
38 104
38 105
38 106
38 112
38 116
38 117
38 118
38 119
38 122
38 123
38 125
38 130
38 132
38 136
38 141
38 142
38 144
38 147
38 150
38 151
38 155
38 157
38 158
38 160
38 163
38 164
38 165
38 166
39 8
39 10
39 12
39 13
39 14
39 16
39 17
39 18
39 19
39 25
39 27
39 28
39 33
39 34
39 37
39 40
39 42
39 43
39 44
39 46
39 49
39 51
39 52
39 53
39 56
39 57
39 58
39 59
39 60
39 64
39 65
39 66
39 71
39 77
39 78
39 80
39 88
39 93
39 95
39 101
39 102
39 106
39 109
39 110
39 112
39 113
39 115
39 116
39 123
39 130
39 132
39 134
39 137
39 149
39 151
39 158
39 159
39 165
40 0
40 2
40 7
40 8
40 11
40 12
40 21
40 22
40 24
40 26
40 28
40 32
40 34
40 35
40 38
40 40
40 46
40 47
40 48
40 51
40 52
40 53
40 54
40 58
40 59
40 62
40 68
40 72
40 73
40 77
40 78
40 79
40 81
40 83
40 84
40 85
40 87
40 88
40 92
40 93
40 95
40 97
40 102
40 108
40 110
40 114
40 116
40 117
40 119
40 122
40 126
40 127
40 132
40 133
40 138
40 139
40 141
40 145
40 147
40 149
40 151
40 154
40 155
40 162
40 167
40 169
41 0
41 1
41 2
41 9
41 11
41 12
41 13
41 17
41 20
41 21
41 23
41 25
41 29
41 33
41 34
41 36
41 37
41 42
41 43
41 46
41 47
41 48
41 49
41 50
41 53
41 54
41 57
41 59
41 61
41 63
41 64
41 65
41 66
41 71
41 72
41 75
41 76
41 79
41 85
41 89
41 92
41 95
41 99
41 102
41 105
41 106
41 109
41 110
41 114
41 116
41 118
41 120
41 122
41 123
41 125
41 128
41 132
41 134
41 135
41 137
41 139
41 141
41 142
41 148
41 149
41 150
41 155
41 157
41 159
41 160
41 162
41 167
42 1
42 3
42 4
42 5
42 6
42 8
42 9
42 10
42 14
42 18
42 21
42 26
42 34
42 35
42 37
42 38
42 40
42 46
42 49
42 50
42 52
42 54
42 56
42 57
42 60
42 61
42 62
42 65
42 66
42 69
42 70
42 77
42 85
42 86
42 89
42 91
42 93
42 94
42 95
42 101
42 103
42 105
42 112
42 114
42 116
42 118
42 119
42 120
42 121
42 125
42 126
42 127
42 128
42 129
42 130
42 132
42 134
42 137
42 138
42 140
42 144
42 146
42 149
42 151
42 152
42 159
42 161
42 163
42 168
43 0
43 1
43 2
43 3
43 5
43 8
43 10
43 13
43 14
43 16
43 17
43 18
43 19
43 20
43 21
43 24
43 25
43 28
43 29
43 30
43 34
43 39
43 40
43 41
43 42
43 43
43 45
43 50
43 56
43 58
43 59
43 62
43 64
43 68
43 72
43 79
43 80
43 81
43 86
43 87
43 88
43 89
43 92
43 94
43 98
43 99
43 103
43 104
43 111
43 116
43 117
43 119
43 123
43 125
43 127
43 129
43 131
43 133
43 136
43 139
43 140
43 142
43 143
43 149
43 159
43 165
43 167
43 168
44 1
44 3
44 8
44 11
44 13
44 14
44 15
44 18
44 20
44 21
44 23
44 25
44 28
44 31
44 38
44 39
44 43
44 45
44 46
44 47
44 51
44 56
44 63
44 64
44 69
44 71
44 72
44 76
44 78
44 79
44 82
44 85
44 90
44 91
44 92
44 97
44 98
44 100
44 102
44 103
44 105
44 107
44 108
44 109
44 111
44 113
44 116
44 117
44 119
44 120
44 127
44 129
44 135
44 138
44 140
44 147
44 148
44 153
44 155
44 160
44 161
44 162
44 163
44 164
44 167
44 169
45 0
45 6
45 8
45 9
45 13
45 19
45 23
45 25
45 27
45 31
45 32
45 34
45 35
45 36
45 37
45 39
45 40
45 42
45 51
45 52
45 54
45 55
45 58
45 61
45 64
45 65
45 66
45 68
45 70
45 71
45 74
45 77
45 78
45 81
45 82
45 84
45 87
45 90
45 94
45 97
45 100
45 101
45 104
45 105
45 108
45 114
45 115
45 116
45 120
45 122
45 127
45 128
45 129
45 134
45 139
45 140
45 143
45 144
45 146
45 147
45 151
45 153
45 155
45 156
45 160
45 168
46 2
46 6
46 7
46 8
46 11
46 13
46 17
46 20
46 21
46 22
46 24
46 25
46 27
46 28
46 29
46 38
46 43
46 44
46 45
46 47
46 49
46 50
46 54
46 55
46 71
46 72
46 76
46 77
46 79
46 82
46 84
46 90
46 92
46 93
46 94
46 99
46 100
46 101
46 107
46 108
46 113
46 114
46 115
46 117
46 119
46 126
46 128
46 129
46 133
46 135
46 136
46 139
46 140
46 143
46 144
46 145
46 148
46 149
46 152
46 154
46 160
46 162
46 163
46 165
46 168
47 0
47 1
47 2
47 4
47 5
47 6
47 8
47 10
47 11
47 15
47 17
47 21
47 23
47 30
47 32
47 35
47 36
47 37
47 39
47 41
47 46
47 47
47 56
47 61
47 62
47 64
47 67
47 69
47 70
47 73
47 74
47 85
47 87
47 91
47 93
47 94
47 96
47 101
47 109
47 119
47 122
47 125
47 126
47 132
47 136
47 137
47 141
47 150
47 152
47 153
47 154
47 155
47 156
47 159
47 160
47 162
47 164
47 168
48 4
48 8
48 9
48 10
48 19
48 21
48 26
48 28
48 30
48 31
48 35
48 37
48 39
48 43
48 46
48 47
48 54
48 55
48 56
48 59
48 60
48 62
48 69
48 70
48 71
48 72
48 73
48 75
48 76
48 77
48 81
48 82
48 84
48 88
48 89
48 90
48 92
48 96
48 101
48 102
48 104
48 105
48 108
48 109
48 110
48 111
48 112
48 114
48 116
48 117
48 118
48 121
48 125
48 128
48 129
48 131
48 136
48 137
48 140
48 142
48 145
48 156
48 165
48 166
49 0
49 4
49 6
49 7
49 9
49 12
49 13
49 15
49 24
49 28
49 30
49 31
49 34
49 35
49 36
49 40
49 42
49 44
49 45
49 46
49 47
49 48
49 53
49 54
49 62
49 68
49 74
49 77
49 82
49 83
49 85
49 86
49 87
49 90
49 91
49 92
49 95
49 96
49 97
49 100
49 103
49 104
49 105
49 114
49 115
49 117
49 119
49 122
49 125
49 126
49 127
49 132
49 137
49 138
49 140
49 142
49 145
49 146
49 149
49 152
49 160
49 165
49 167
49 168
49 169
50 0
50 2
50 3
50 6
50 8
50 10
50 17
50 23
50 25
50 28
50 31
50 32
50 42
50 46
50 48
50 49
50 50
50 51
50 53
50 54
50 55
50 56
50 59
50 62
50 63
50 64
50 73
50 74
50 81
50 83
50 86
50 87
50 88
50 89
50 90
50 91
50 92
50 93
50 100
50 101
50 103
50 110
50 115
50 118
50 119
50 123
50 126
50 127
50 138
50 139
50 141
50 144
50 145
50 148
50 151
50 152
50 155
50 160
50 163
50 164
51 1
51 2
51 7
51 9
51 12
51 13
51 18
51 22
51 23
51 24
51 26
51 27
51 33
51 34
51 38
51 42
51 44
51 46
51 48
51 49
51 54
51 56
51 62
51 63
51 66
51 67
51 70
51 72
51 75
51 79
51 82
51 88
51 91
51 95
51 100
51 109
51 110
51 112
51 113
51 114
51 121
51 122
51 126
51 130
51 132
51 138
51 140
51 141
51 143
51 147
51 148
51 155
51 157
51 158
51 159
51 161
51 166
51 167
51 169
52 1
52 5
52 6
52 12
52 14
52 16
52 18
52 19
52 23
52 26
52 29
52 31
52 36
52 38
52 44
52 49
52 52
52 54
52 56
52 58
52 60
52 67
52 68
52 71
52 72
52 74
52 77
52 80
52 82
52 88
52 89
52 92
52 94
52 95
52 100
52 102
52 105
52 106
52 113
52 114
52 115
52 116
52 122
52 123
52 125
52 126
52 129
52 130
52 131
52 133
52 136
52 138
52 139
52 145
52 146
52 147
52 149
52 154
52 163
52 164
52 166
52 167
52 168
52 169
53 0
53 1
53 3
53 4
53 6
53 8
53 9
53 12
53 13
53 14
53 15
53 19
53 20
53 21
53 22
53 26
53 30
53 31
53 34
53 36
53 37
53 49
53 52
53 56
53 59
53 60
53 62
53 66
53 71
53 72
53 74
53 80
53 83
53 84
53 86
53 88
53 92
53 94
53 95
53 98
53 99
53 106
53 108
53 109
53 113
53 114
53 121
53 122
53 127
53 130
53 131
53 132
53 133
53 135
53 140
53 141
53 143
53 144
53 147
53 148
53 150
53 157
53 158
53 160
53 162
53 166
54 4
54 9
54 10
54 14
54 26
54 28
54 30
54 31
54 34
54 35
54 37
54 39
54 41
54 43
54 44
54 50
54 53
54 54
54 56
54 57
54 59
54 62
54 64
54 66
54 67
54 71
54 73
54 74
54 76
54 78
54 79
54 80
54 83
54 84
54 88
54 89
54 90
54 92
54 94
54 96
54 98
54 99
54 100
54 104
54 105
54 109
54 110
54 111
54 116
54 118
54 119
54 120
54 129
54 133
54 134
54 135
54 136
54 139
54 142
54 150
54 157
54 162
54 163
54 164
54 165
54 166
54 167
54 169
55 1
55 8
55 11
55 15
55 16
55 17
55 18
55 20
55 21
55 22
55 23
55 24
55 31
55 33
55 36
55 40
55 41
55 45
55 47
55 49
55 50
55 54
55 60
55 61
55 66
55 67
55 68
55 75
55 78
55 81
55 82
55 86
55 87
55 88
55 90
55 92
55 93
55 94
55 95
55 96
55 98
55 102
55 104
55 106
55 107
55 109
55 117
55 119
55 122
55 124
55 134
55 139
55 140
55 141
55 142
55 147
55 148
55 152
55 155
55 157
55 158
55 159
55 162
55 163
55 167
55 168
55 169
56 1
56 6
56 7
56 10
56 15
56 18
56 24
56 25
56 27
56 29
56 35
56 37
56 38
56 41
56 46
56 51
56 52
56 53
56 54
56 58
56 59
56 62
56 71
56 74
56 75
56 76
56 78
56 79
56 80
56 86
56 89
56 96
56 100
56 102
56 103
56 106
56 108
56 114
56 117
56 119
56 121
56 122
56 123
56 129
56 130
56 131
56 132
56 135
56 137
56 139
56 140
56 143
56 144
56 148
56 151
56 152
56 156
56 160
56 162
56 168
57 2
57 3
57 5
57 12
57 15
57 17
57 18
57 19
57 22
57 25
57 29
57 30
57 31
57 35
57 36
57 38
57 39
57 40
57 41
57 43
57 46
57 47
57 48
57 49
57 53
57 58
57 62
57 63
57 66
57 69
57 70
57 79
57 83
57 84
57 85
57 90
57 93
57 96
57 97
57 98
57 101
57 105
57 106
57 107
57 109
57 110
57 116
57 117
57 118
57 123
57 126
57 135
57 136
57 147
57 148
57 151
57 155
57 157
57 161
58 0
58 2
58 4
58 5
58 6
58 11
58 17
58 18
58 19
58 20
58 23
58 27
58 28
58 32
58 36
58 37
58 41
58 42
58 45
58 47
58 49
58 50
58 52
58 53
58 54
58 55
58 56
58 59
58 61
58 64
58 65
58 67
58 72
58 73
58 75
58 82
58 83
58 84
58 85
58 86
58 87
58 89
58 94
58 95
58 100
58 102
58 108
58 111
58 112
58 113
58 114
58 117
58 118
58 122
58 123
58 127
58 129
58 132
58 134
58 135
58 137
58 138
58 139
58 140
58 142
58 143
58 145
58 146
58 147
58 151
58 152
58 154
58 155
58 164
59 1
59 5
59 11
59 12
59 14
59 15
59 18
59 19
59 22
59 26
59 31
59 32
59 34
59 38
59 40
59 43
59 45
59 49
59 50
59 55
59 56
59 60
59 61
59 62
59 64
59 69
59 70
59 74
59 77
59 78
59 79
59 80
59 81
59 82
59 83
59 88
59 90
59 91
59 92
59 94
59 95
59 96
59 97
59 102
59 103
59 104
59 106
59 107
59 109
59 110
59 120
59 122
59 123
59 127
59 128
59 132
59 133
59 136
59 138
59 140
59 141
59 142
59 143
59 147
59 148
59 149
59 150
59 151
59 154
59 155
59 158
59 163
59 164
59 168
60 0
60 6
60 9
60 10
60 13
60 14
60 29
60 32
60 37
60 38
60 39
60 40
60 42
60 45
60 47
60 55
60 56
60 61
60 63
60 65
60 67
60 69
60 70
60 72
60 73
60 76
60 81
60 82
60 87
60 88
60 91
60 92
60 94
60 104
60 108
60 110
60 111
60 113
60 114
60 115
60 116
60 120
60 124
60 125
60 133
60 134
60 140
60 141
60 144
60 146
60 147
60 150
60 153
60 155
60 158
60 159
60 160
60 162
60 166
61 0
61 3
61 4
61 7
61 10
61 12
61 15
61 16
61 18
61 21
61 22
61 23
61 25
61 27
61 29
61 31
61 32
61 35
61 37
61 45
61 46
61 49
61 50
61 51
61 53
61 55
61 59
61 60
61 65
61 77
61 82
61 83
61 84
61 88
61 94
61 96
61 98
61 99
61 102
61 103
61 106
61 109
61 111
61 112
61 114
61 125
61 127
61 130
61 131
61 135
61 136
61 137
61 138
61 140
61 144
61 146
61 147
61 149
61 152
61 158
61 160
61 161
61 163
62 8
62 10
62 11
62 15
62 17
62 20
62 23
62 24
62 27
62 29
62 30
62 32
62 35
62 36
62 42
62 43
62 47
62 48
62 49
62 53
62 54
62 55
62 57
62 59
62 62
62 69
62 71
62 72
62 75
62 76
62 81
62 82
62 86
62 87
62 90
62 94
62 100
62 101
62 104
62 105
62 106
62 107
62 112
62 113
62 114
62 115
62 117
62 118
62 120
62 121
62 124
62 126
62 128
62 129
62 137
62 138
62 139
62 140
62 145
62 147
62 149
62 151
62 152
62 155
62 157
62 163
62 164
62 166
62 167
62 168
63 1
63 3
63 5
63 7
63 9
63 10
63 14
63 18
63 22
63 26
63 30
63 33
63 38
63 39
63 41
63 44
63 48
63 49
63 50
63 52
63 53
63 56
63 58
63 59
63 60
63 62
63 68
63 69
63 72
63 76
63 78
63 79
63 80
63 86
63 88
63 89
63 91
63 92
63 93
63 98
63 99
63 100
63 101
63 103
63 104
63 106
63 107
63 108
63 119
63 130
63 132
63 133
63 135
63 138
63 140
63 142
63 145
63 147
63 151
63 154
63 157
63 158
63 160
63 162
63 163
63 166
63 167
63 168
63 169
64 3
64 7
64 8
64 9
64 10
64 15
64 16
64 21
64 24
64 26
64 29
64 30
64 31
64 32
64 34
64 38
64 39
64 40
64 41
64 43
64 44
64 45
64 50
64 54
64 55
64 57
64 58
64 63
64 69
64 74
64 76
64 78
64 83
64 85
64 87
64 88
64 91
64 95
64 105
64 107
64 108
64 109
64 110
64 111
64 114
64 126
64 130
64 131
64 134
64 135
64 138
64 140
64 142
64 146
64 147
64 151
64 153
64 156
64 159
64 161
64 163
64 166
64 168
65 1
65 3
65 4
65 11
65 13
65 14
65 17
65 19
65 20
65 23
65 25
65 29
65 30
65 32
65 37
65 38
65 40
65 54
65 55
65 56
65 57
65 58
65 59
65 64
65 66
65 67
65 68
65 69
65 70
65 75
65 76
65 77
65 87
65 89
65 90
65 92
65 94
65 96
65 98
65 102
65 103
65 105
65 110
65 116
65 117
65 119
65 122
65 125
65 130
65 134
65 135
65 137
65 144
65 148
65 150
65 156
65 158
65 160
65 164
65 166
65 167
65 168
66 5
66 9
66 10
66 11
66 13
66 14
66 15
66 17
66 18
66 19
66 20
66 21
66 22
66 27
66 29
66 30
66 32
66 33
66 35
66 42
66 43
66 47
66 50
66 51
66 53
66 54
66 55
66 56
66 65
66 70
66 71
66 72
66 75
66 81
66 83
66 88
66 91
66 93
66 94
66 98
66 99
66 101
66 106
66 107
66 111
66 114
66 115
66 118
66 120
66 121
66 122
66 123
66 131
66 132
66 135
66 136
66 138
66 142
66 148
66 149
66 150
66 158
66 160
66 161
66 165
67 0
67 3
67 7
67 8
67 10
67 15
67 16
67 25
67 28
67 29
67 30
67 33
67 35
67 38
67 40
67 41
67 45
67 48
67 49
67 51
67 53
67 55
67 59
67 60
67 61
67 67
67 70
67 71
67 80
67 81
67 82
67 84
67 85
67 89
67 90
67 96
67 98
67 106
67 107
67 109
67 110
67 112
67 113
67 119
67 121
67 123
67 125
67 126
67 128
67 131
67 132
67 135
67 137
67 138
67 146
67 147
67 148
67 152
67 154
67 156
67 157
67 158
67 160
67 166
68 1
68 4
68 5
68 7
68 9
68 10
68 12
68 13
68 14
68 17
68 18
68 28
68 29
68 30
68 31
68 34
68 35
68 39
68 40
68 42
68 43
68 44
68 46
68 55
68 57
68 59
68 64
68 67
68 69
68 72
68 73
68 75
68 80
68 82
68 83
68 88
68 89
68 94
68 97
68 98
68 99
68 103
68 107
68 109
68 111
68 112
68 115
68 116
68 117
68 122
68 128
68 132
68 134
68 136
68 137
68 139
68 142
68 152
68 155
68 156
68 157
68 160
68 161
68 165
68 167
68 168
69 1
69 4
69 5
69 6
69 8
69 18
69 19
69 24
69 26
69 28
69 29
69 30
69 31
69 34
69 35
69 36
69 39
69 42
69 46
69 48
69 54
69 58
69 59
69 62
69 66
69 71
69 73
69 78
69 80
69 81
69 83
69 84
69 85
69 86
69 89
69 94
69 95
69 96
69 97
69 98
69 99
69 100
69 101
69 103
69 106
69 108
69 109
69 111
69 115
69 117
69 121
69 125
69 126
69 131
69 132
69 133
69 134
69 136
69 137
69 141
69 142
69 149
69 150
69 153
69 154
69 155
69 158
69 162
69 164
69 166
69 167
69 168
70 0
70 2
70 4
70 5
70 7
70 8
70 10
70 13
70 15
70 16
70 17
70 22
70 24
70 25
70 38
70 39
70 43
70 45
70 50
70 51
70 52
70 54
70 55
70 56
70 57
70 58
70 63
70 69
70 76
70 77
70 79
70 80
70 81
70 83
70 84
70 86
70 87
70 89
70 91
70 92
70 93
70 99
70 100
70 101
70 104
70 108
70 113
70 121
70 125
70 127
70 133
70 135
70 140
70 142
70 147
70 150
70 152
70 153
70 155
70 156
70 161
70 163
70 165
70 166
70 167
70 169
71 2
71 3
71 5
71 7
71 10
71 14
71 19
71 20
71 22
71 23
71 24
71 25
71 27
71 28
71 32
71 34
71 35
71 36
71 37
71 38
71 39
71 43
71 44
71 45
71 46
71 47
71 48
71 49
71 51
71 54
71 56
71 59
71 60
71 62
71 64
71 65
71 66
71 68
71 70
71 71
71 79
71 81
71 82
71 83
71 90
71 91
71 92
71 95
71 98
71 99
71 100
71 107
71 108
71 112
71 114
71 123
71 125
71 130
71 131
71 134
71 135
71 139
71 141
71 142
71 143
71 144
71 152
71 157
71 161
71 165
71 168
71 169
72 0
72 2
72 4
72 5
72 6
72 7
72 8
72 11
72 14
72 16
72 18
72 19
72 22
72 23
72 24
72 25
72 28
72 30
72 32
72 37
72 42
72 44
72 46
72 48
72 49
72 50
72 51
72 53
72 54
72 56
72 58
72 59
72 62
72 64
72 65
72 68
72 69
72 70
72 71
72 76
72 77
72 80
72 81
72 84
72 86
72 92
72 93
72 94
72 96
72 99
72 100
72 102
72 104
72 109
72 110
72 112
72 115
72 116
72 118
72 119
72 121
72 122
72 123
72 124
72 126
72 127
72 128
72 129
72 130
72 132
72 134
72 138
72 139
72 140
72 141
72 142
72 147
72 150
72 154
72 155
72 157
72 159
72 160
72 161
72 164
72 165
72 166
72 168
73 1
73 9
73 11
73 12
73 14
73 18
73 19
73 20
73 22
73 25
73 30
73 31
73 32
73 39
73 41
73 44
73 45
73 47
73 51
73 55
73 56
73 58
73 62
73 64
73 65
73 68
73 70
73 71
73 72
73 78
73 80
73 84
73 85
73 87
73 88
73 89
73 92
73 94
73 95
73 96
73 99
73 101
73 105
73 106
73 110
73 111
73 113
73 114
73 116
73 117
73 119
73 120
73 122
73 123
73 126
73 132
73 137
73 138
73 139
73 140
73 141
73 142
73 144
73 152
73 154
73 157
73 159
73 160
73 162
73 163
73 165
73 166
73 167
73 168
73 169
74 0
74 1
74 2
74 14
74 15
74 16
74 20
74 23
74 29
74 30
74 34
74 35
74 37
74 40
74 42
74 50
74 51
74 52
74 56
74 64
74 65
74 70
74 72
74 73
74 75
74 78
74 82
74 85
74 86
74 87
74 88
74 89
74 97
74 102
74 104
74 106
74 108
74 109
74 111
74 114
74 118
74 119
74 121
74 122
74 123
74 124
74 125
74 126
74 128
74 129
74 131
74 132
74 133
74 134
74 135
74 137
74 140
74 147
74 148
74 150
74 154
74 158
74 161
74 162
74 163
74 165
74 167
74 168
75 4
75 5
75 8
75 9
75 15
75 18
75 20
75 21
75 23
75 24
75 29
75 31
75 35
75 36
75 37
75 38
75 39
75 42
75 43
75 46
75 47
75 49
75 55
75 56
75 61
75 62
75 63
75 65
75 66
75 67
75 71
75 72
75 73
75 76
75 77
75 78
75 80
75 81
75 83
75 85
75 87
75 93
75 94
75 99
75 100
75 101
75 104
75 105
75 106
75 108
75 109
75 112
75 118
75 121
75 122
75 125
75 130
75 131
75 133
75 135
75 141
75 145
75 147
75 153
75 154
75 156
75 157
75 159
75 162
75 164
75 168
76 0
76 1
76 5
76 9
76 10
76 11
76 15
76 17
76 19
76 20
76 24
76 25
76 26
76 29
76 30
76 31
76 38
76 40
76 41
76 43
76 44
76 46
76 49
76 51
76 63
76 65
76 66
76 68
76 70
76 71
76 74
76 75
76 79
76 82
76 83
76 87
76 91
76 94
76 97
76 98
76 100
76 103
76 104
76 105
76 107
76 109
76 119
76 122
76 126
76 128
76 131
76 134
76 135
76 137
76 139
76 141
76 142
76 146
76 148
76 151
76 156
76 159
76 161
76 166
76 168
76 169
77 0
77 1
77 3
77 6
77 9
77 16
77 17
77 19
77 24
77 27
77 28
77 32
77 33
77 35
77 36
77 38
77 39
77 45
77 54
77 55
77 56
77 57
77 59
77 63
77 66
77 67
77 71
77 72
77 74
77 75
77 76
77 77
77 80
77 85
77 87
77 88
77 90
77 91
77 98
77 99
77 110
77 116
77 122
77 123
77 124
77 129
77 132
77 133
77 134
77 135
77 136
77 137
77 139
77 141
77 144
77 145
77 146
77 148
77 150
77 154
77 159
77 164
77 166
77 168
77 169
78 0
78 6
78 7
78 8
78 10
78 11
78 16
78 17
78 18
78 19
78 22
78 25
78 28
78 29
78 32
78 34
78 35
78 36
78 40
78 42
78 44
78 46
78 53
78 54
78 58
78 60
78 65
78 66
78 67
78 68
78 69
78 78
78 79
78 81
78 82
78 83
78 86
78 93
78 96
78 97
78 99
78 106
78 109
78 110
78 112
78 113
78 115
78 116
78 118
78 119
78 120
78 121
78 122
78 126
78 128
78 129
78 131
78 132
78 134
78 136
78 137
78 138
78 146
78 148
78 149
78 152
78 155
78 156
78 161
78 162
78 163
78 166
78 168
79 4
79 5
79 9
79 11
79 13
79 14
79 16
79 21
79 22
79 23
79 25
79 27
79 29
79 32
79 33
79 38
79 39
79 40
79 43
79 44
79 52
79 54
79 55
79 61
79 63
79 64
79 67
79 69
79 70
79 71
79 73
79 81
79 82
79 86
79 90
79 91
79 92
79 93
79 95
79 98
79 101
79 102
79 104
79 106
79 107
79 108
79 109
79 112
79 114
79 115
79 116
79 122
79 125
79 126
79 129
79 133
79 135
79 144
79 146
79 148
79 151
79 156
79 157
79 166
79 168
79 169
80 4
80 5
80 6
80 7
80 8
80 9
80 13
80 14
80 16
80 20
80 22
80 23
80 29
80 33
80 34
80 41
80 46
80 48
80 49
80 50
80 52
80 54
80 58
80 59
80 65
80 67
80 70
80 72
80 81
80 82
80 83
80 86
80 90
80 92
80 95
80 96
80 99
80 110
80 112
80 113
80 115
80 117
80 123
80 127
80 128
80 131
80 132
80 137
80 138
80 141
80 142
80 144
80 145
80 147
80 149
80 151
80 152
80 154
80 156
80 162
80 163
81 2
81 3
81 4
81 5
81 8
81 12
81 15
81 16
81 18
81 26
81 27
81 29
81 30
81 32
81 33
81 36
81 39
81 40
81 44
81 45
81 46
81 53
81 57
81 63
81 64
81 65
81 67
81 74
81 75
81 76
81 77
81 78
81 80
81 81
81 85
81 87
81 91
81 93
81 96
81 97
81 98
81 99
81 103
81 104
81 110
81 115
81 116
81 120
81 123
81 124
81 125
81 133
81 137
81 141
81 147
81 150
81 152
81 153
81 157
81 160
81 161
81 162
81 164
81 165
81 166
81 169
82 3
82 4
82 5
82 11
82 13
82 14
82 15
82 16
82 17
82 20
82 21
82 23
82 24
82 30
82 32
82 35
82 37
82 39
82 41
82 42
82 43
82 45
82 46
82 49
82 51
82 52
82 55
82 57
82 64
82 68
82 70
82 71
82 72
82 74
82 78
82 79
82 81
82 85
82 87
82 89
82 101
82 103
82 105
82 106
82 107
82 108
82 109
82 112
82 115
82 116
82 118
82 120
82 122
82 124
82 129
82 130
82 134
82 145
82 151
82 152
82 155
82 160
82 161
82 165
83 2
83 7
83 9
83 11
83 12
83 14
83 15
83 16
83 18
83 21
83 25
83 26
83 27
83 29
83 32
83 34
83 35
83 37
83 38
83 40
83 41
83 43
83 45
83 47
83 50
83 51
83 59
83 60
83 64
83 65
83 66
83 73
83 75
83 80
83 82
83 83
83 84
83 87
83 88
83 89
83 90
83 92
83 96
83 97
83 98
83 101
83 103
83 106
83 111
83 116
83 119
83 126
83 129
83 131
83 141
83 146
83 147
83 148
83 154
83 156
83 158
83 159
83 164
83 165
83 167
83 168
83 169
84 5
84 6
84 11
84 13
84 14
84 15
84 18
84 19
84 20
84 21
84 22
84 33
84 39
84 42
84 44
84 45
84 46
84 47
84 49
84 54
84 57
84 58
84 62
84 69
84 74
84 76
84 79
84 80
84 81
84 84
84 85
84 86
84 88
84 100
84 101
84 105
84 112
84 114
84 117
84 118
84 119
84 121
84 122
84 123
84 129
84 131
84 132
84 135
84 136
84 137
84 139
84 145
84 147
84 148
84 150
84 151
84 152
84 156
84 159
84 166
85 0
85 3
85 4
85 7
85 9
85 11
85 18
85 24
85 26
85 27
85 28
85 34
85 35
85 38
85 39
85 42
85 43
85 46
85 48
85 49
85 50
85 52
85 53
85 55
85 57
85 60
85 61
85 62
85 64
85 67
85 68
85 71
85 72
85 77
85 81
85 82
85 84
85 94
85 95
85 96
85 98
85 99
85 103
85 104
85 106
85 110
85 111
85 112
85 113
85 115
85 116
85 117
85 120
85 124
85 127
85 131
85 133
85 134
85 136
85 139
85 141
85 142
85 144
85 146
85 147
85 148
85 154
85 156
85 160
85 164
85 168
85 169
86 1
86 3
86 4
86 8
86 10
86 19
86 20
86 23
86 25
86 26
86 27
86 28
86 29
86 31
86 37
86 38
86 43
86 44
86 48
86 49
86 50
86 53
86 59
86 61
86 62
86 63
86 66
86 71
86 73
86 74
86 77
86 82
86 83
86 84
86 87
86 88
86 89
86 94
86 95
86 96
86 98
86 99
86 100
86 102
86 104
86 105
86 108
86 113
86 114
86 116
86 117
86 119
86 120
86 121
86 124
86 130
86 136
86 137
86 139
86 140
86 142
86 143
86 144
86 146
86 149
86 151
86 152
86 153
86 157
86 158
86 159
86 162
86 163
86 165
86 168
87 1
87 3
87 4
87 7
87 9
87 10
87 11
87 12
87 14
87 18
87 19
87 20
87 21
87 22
87 23
87 28
87 29
87 30
87 34
87 37
87 39
87 40
87 42
87 44
87 45
87 47
87 49
87 54
87 55
87 58
87 60
87 61
87 63
87 65
87 76
87 79
87 80
87 81
87 84
87 85
87 86
87 87
87 89
87 93
87 94
87 96
87 99
87 100
87 102
87 103
87 104
87 105
87 110
87 112
87 113
87 117
87 120
87 121
87 125
87 127
87 129
87 134
87 136
87 137
87 139
87 142
87 143
87 144
87 149
87 152
87 154
87 155
87 156
87 160
87 161
87 162
87 164
87 165
87 166
87 169
88 1
88 2
88 8
88 9
88 11
88 16
88 19
88 23
88 24
88 27
88 29
88 30
88 36
88 37
88 38
88 39
88 49
88 52
88 53
88 59
88 61
88 62
88 65
88 67
88 68
88 69
88 73
88 74
88 75
88 76
88 77
88 80
88 84
88 86
88 88
88 91
88 93
88 94
88 96
88 98
88 101
88 102
88 105
88 116
88 121
88 123
88 124
88 125
88 126
88 128
88 138
88 141
88 145
88 147
88 151
88 154
88 157
88 159
88 161
88 167
88 168
89 0
89 1
89 3
89 5
89 7
89 8
89 17
89 18
89 19
89 22
89 23
89 24
89 25
89 31
89 32
89 38
89 39
89 45
89 48
89 54
89 55
89 56
89 61
89 65
89 66
89 69
89 75
89 76
89 78
89 81
89 84
89 86
89 91
89 95
89 96
89 97
89 98
89 110
89 114
89 116
89 117
89 120
89 124
89 125
89 126
89 130
89 135
89 136
89 139
89 144
89 145
89 146
89 148
89 149
89 151
89 154
89 159
89 160
89 162
89 163
89 164
89 165
89 167
90 0
90 1
90 3
90 4
90 7
90 8
90 10
90 15
90 22
90 24
90 27
90 29
90 30
90 32
90 33
90 34
90 36
90 39
90 43
90 44
90 50
90 52
90 53
90 54
90 56
90 59
90 61
90 62
90 67
90 69
90 70
90 73
90 77
90 78
90 84
90 93
90 97
90 98
90 100
90 104
90 111
90 119
90 125
90 127
90 130
90 133
90 134
90 136
90 137
90 139
90 145
90 147
90 149
90 150
90 151
90 152
90 155
90 156
90 161
90 162
90 167
90 169
91 1
91 2
91 5
91 6
91 8
91 13
91 17
91 18
91 21
91 22
91 23
91 26
91 27
91 28
91 30
91 31
91 32
91 34
91 39
91 40
91 42
91 47
91 48
91 50
91 57
91 58
91 59
91 63
91 64
91 65
91 71
91 73
91 74
91 78
91 81
91 83
91 88
91 93
91 95
91 97
91 102
91 104
91 105
91 106
91 109
91 110
91 112
91 113
91 116
91 119
91 124
91 125
91 127
91 128
91 130
91 133
91 137
91 140
91 141
91 143
91 144
91 145
91 147
91 150
91 153
91 154
91 156
91 158
91 159
91 160
91 161
91 165
91 167
91 168
92 0
92 3
92 8
92 9
92 11
92 12
92 13
92 15
92 16
92 17
92 18
92 22
92 24
92 28
92 33
92 34
92 35
92 37
92 38
92 41
92 45
92 46
92 55
92 56
92 59
92 68
92 72
92 73
92 80
92 81
92 84
92 87
92 89
92 96
92 97
92 101
92 103
92 107
92 108
92 112
92 113
92 115
92 116
92 117
92 121
92 122
92 124
92 132
92 133
92 135
92 136
92 139
92 140
92 143
92 144
92 145
92 148
92 150
92 151
92 154
92 155
92 156
92 157
92 161
92 163
92 165
92 167
92 168
93 0
93 5
93 7
93 9
93 10
93 11
93 14
93 15
93 16
93 19
93 20
93 29
93 30
93 33
93 35
93 36
93 37
93 40
93 42
93 43
93 46
93 48
93 50
93 55
93 56
93 61
93 65
93 68
93 69
93 70
93 71
93 72
93 73
93 76
93 83
93 85
93 86
93 88
93 95
93 97
93 98
93 104
93 107
93 108
93 109
93 111
93 114
93 115
93 119
93 121
93 124
93 126
93 127
93 132
93 133
93 134
93 136
93 137
93 138
93 139
93 141
93 142
93 143
93 144
93 145
93 146
93 148
93 149
93 153
93 154
93 155
93 158
93 160
93 161
93 163
93 164
93 168
93 169
94 0
94 1
94 8
94 11
94 12
94 15
94 16
94 17
94 23
94 24
94 26
94 29
94 31
94 32
94 33
94 39
94 41
94 47
94 48
94 58
94 60
94 61
94 62
94 63
94 64
94 66
94 67
94 68
94 69
94 71
94 74
94 75
94 76
94 77
94 79
94 81
94 82
94 83
94 84
94 85
94 88
94 90
94 91
94 92
94 93
94 95
94 97
94 98
94 104
94 107
94 108
94 110
94 114
94 126
94 127
94 128
94 134
94 135
94 136
94 139
94 141
94 142
94 145
94 146
94 153
94 155
94 158
94 160
94 162
94 168
94 169
95 3
95 7
95 12
95 16
95 19
95 22
95 28
95 29
95 30
95 32
95 35
95 37
95 40
95 46
95 49
95 56
95 57
95 58
95 61
95 67
95 69
95 70
95 71
95 75
95 76
95 78
95 79
95 80
95 83
95 84
95 85
95 86
95 87
95 88
95 93
95 94
95 96
95 97
95 98
95 101
95 102
95 103
95 109
95 112
95 114
95 115
95 116
95 118
95 120
95 122
95 123
95 127
95 133
95 136
95 138
95 142
95 148
95 150
95 156
95 162
95 165
95 167
96 3
96 4
96 6
96 7
96 9
96 10
96 11
96 18
96 21
96 25
96 29
96 30
96 32
96 34
96 39
96 40
96 41
96 45
96 48
96 50
96 52
96 54
96 56
96 57
96 58
96 64
96 65
96 66
96 67
96 69
96 70
96 73
96 75
96 76
96 78
96 80
96 82
96 90
96 94
96 97
96 98
96 100
96 103
96 104
96 107
96 109
96 110
96 112
96 115
96 118
96 123
96 124
96 129
96 133
96 134
96 139
96 140
96 141
96 142
96 145
96 154
96 156
96 158
96 161
96 165
96 166
96 168
97 2
97 3
97 4
97 6
97 9
97 13
97 14
97 18
97 19
97 21
97 22
97 23
97 24
97 26
97 27
97 29
97 30
97 32
97 34
97 35
97 36
97 39
97 40
97 41
97 43
97 45
97 47
97 48
97 52
97 53
97 54
97 61
97 63
97 64
97 70
97 71
97 78
97 80
97 82
97 85
97 87
97 88
97 89
97 90
97 91
97 93
97 94
97 98
97 99
97 101
97 108
97 109
97 111
97 112
97 113
97 115
97 116
97 120
97 123
97 124
97 132
97 134
97 135
97 140
97 142
97 145
97 146
97 147
97 148
97 150
97 155
97 159
97 160
97 161
97 163
97 169
98 0
98 4
98 6
98 7
98 9
98 13
98 15
98 17
98 19
98 23
98 24
98 25
98 29
98 30
98 31
98 34
98 36
98 38
98 40
98 41
98 42
98 43
98 44
98 45
98 50
98 56
98 57
98 61
98 62
98 64
98 65
98 67
98 68
98 69
98 71
98 73
98 74
98 76
98 79
98 80
98 85
98 86
98 89
98 101
98 102
98 107
98 108
98 111
98 112
98 117
98 122
98 124
98 125
98 126
98 127
98 128
98 131
98 133
98 134
98 141
98 142
98 145
98 148
98 151
98 154
98 156
98 159
98 161
98 168
99 1
99 2
99 8
99 12
99 15
99 18
99 20
99 23
99 24
99 28
99 31
99 34
99 36
99 37
99 44
99 53
99 57
99 62
99 66
99 68
99 69
99 72
99 75
99 76
99 80
99 84
99 87
99 88
99 91
99 92
99 93
99 95
99 98
99 99
99 100
99 102
99 106
99 108
99 110
99 111
99 113
99 114
99 119
99 120
99 123
99 126
99 128
99 131
99 132
99 133
99 135
99 136
99 145
99 148
99 149
99 151
99 154
99 158
99 162
99 163
99 164
99 167
99 168
100 4
100 7
100 10
100 12
100 15
100 17
100 18
100 20
100 21
100 22
100 23
100 25
100 29
100 37
100 39
100 45
100 48
100 51
100 52
100 53
100 55
100 57
100 62
100 67
100 73
100 76
100 78
100 80
100 83
100 84
100 86
100 88
100 90
100 91
100 94
100 97
100 98
100 103
100 107
100 109
100 111
100 112
100 115
100 117
100 120
100 121
100 122
100 124
100 125
100 128
100 135
100 136
100 139
100 141
100 142
100 144
100 145
100 147
100 151
100 152
100 153
100 154
100 155
100 158
100 163
100 164
100 166
100 169
101 1
101 4
101 7
101 9
101 10
101 13
101 15
101 18
101 19
101 20
101 22
101 24
101 25
101 27
101 28
101 33
101 34
101 40
101 44
101 45
101 46
101 47
101 48
101 50
101 58
101 59
101 63
101 67
101 72
101 75
101 76
101 77
101 79
101 80
101 81
101 86
101 87
101 88
101 93
101 95
101 100
101 101
101 102
101 105
101 111
101 114
101 115
101 118
101 119
101 122
101 123
101 124
101 125
101 131
101 133
101 136
101 137
101 139
101 141
101 142
101 143
101 145
101 147
101 148
101 152
101 158
101 159
101 161
101 162
101 163
101 164
101 165
102 0
102 2
102 4
102 6
102 7
102 10
102 15
102 16
102 18
102 19
102 22
102 23
102 26
102 30
102 40
102 43
102 48
102 49
102 50
102 51
102 52
102 53
102 54
102 55
102 57
102 61
102 62
102 64
102 66
102 70
102 71
102 73
102 74
102 76
102 78
102 79
102 80
102 82
102 83
102 86
102 90
102 92
102 93
102 94
102 95
102 97
102 98
102 99
102 100
102 101
102 102
102 104
102 105
102 107
102 108
102 110
102 111
102 112
102 113
102 115
102 116
102 117
102 118
102 119
102 121
102 122
102 125
102 126
102 128
102 133
102 134
102 137
102 141
102 142
102 143
102 144
102 147
102 157
102 159
102 160
102 161
102 165
102 167
102 168
102 169
103 0
103 2
103 6
103 7
103 8
103 9
103 10
103 18
103 20
103 29
103 30
103 31
103 38
103 43
103 44
103 45
103 47
103 50
103 56
103 57
103 60
103 61
103 65
103 66
103 69
103 71
103 73
103 74
103 75
103 77
103 81
103 88
103 91
103 95
103 96
103 97
103 101
103 102
103 105
103 106
103 114
103 117
103 120
103 122
103 123
103 126
103 129
103 131
103 132
103 134
103 137
103 138
103 140
103 143
103 147
103 151
103 153
103 156
103 159
103 162
103 164
103 165
104 0
104 4
104 5
104 9
104 10
104 13
104 14
104 18
104 19
104 21
104 31
104 32
104 34
104 36
104 38
104 41
104 42
104 44
104 46
104 47
104 48
104 53
104 57
104 59
104 60
104 63
104 68
104 69
104 70
104 75
104 79
104 80
104 84
104 85
104 86
104 87
104 89
104 92
104 96
104 98
104 99
104 100
104 103
104 105
104 106
104 107
104 111
104 112
104 113
104 120
104 121
104 122
104 124
104 127
104 128
104 130
104 131
104 132
104 134
104 135
104 136
104 137
104 138
104 140
104 142
104 144
104 147
104 148
104 151
104 154
104 158
104 162
104 165
104 168
104 169
105 4
105 10
105 11
105 13
105 17
105 20
105 23
105 25
105 27
105 32
105 34
105 35
105 37
105 38
105 39
105 40
105 42
105 49
105 56
105 58
105 59
105 62
105 66
105 69
105 70
105 71
105 75
105 76
105 77
105 78
105 83
105 90
105 92
105 96
105 99
105 100
105 101
105 102
105 104
105 105
105 107
105 111
105 112
105 115
105 116
105 123
105 130
105 133
105 144
105 147
105 150
105 153
105 155
105 160
105 165
105 166
105 167
105 169
106 0
106 2
106 3
106 6
106 7
106 9
106 10
106 11
106 15
106 17
106 18
106 19
106 20
106 22
106 23
106 24
106 25
106 27
106 28
106 29
106 30
106 31
106 32
106 39
106 41
106 44
106 45
106 47
106 49
106 50
106 52
106 55
106 58
106 61
106 62
106 64
106 65
106 66
106 68
106 69
106 70
106 71
106 77
106 79
106 80
106 81
106 83
106 84
106 88
106 91
106 92
106 94
106 96
106 99
106 101
106 102
106 103
106 106
106 110
106 115
106 118
106 119
106 123
106 124
106 125
106 128
106 129
106 132
106 134
106 137
106 138
106 141
106 142
106 144
106 145
106 151
106 153
106 155
106 156
106 159
106 160
106 161
106 162
106 163
106 165
106 168
107 0
107 1
107 2
107 7
107 9
107 13
107 14
107 15
107 16
107 23
107 26
107 27
107 28
107 30
107 31
107 32
107 41
107 42
107 44
107 46
107 48
107 50
107 51
107 53
107 54
107 55
107 57
107 58
107 64
107 65
107 69
107 70
107 72
107 73
107 75
107 79
107 81
107 82
107 85
107 89
107 96
107 100
107 102
107 106
107 107
107 108
107 109
107 113
107 115
107 116
107 119
107 122
107 123
107 128
107 130
107 134
107 135
107 139
107 140
107 145
107 146
107 147
107 149
107 153
107 154
107 156
107 158
107 159
107 160
107 161
107 162
107 163
107 164
107 167
108 2
108 3
108 5
108 6
108 7
108 9
108 14
108 17
108 19
108 21
108 23
108 24
108 25
108 26
108 30
108 31
108 32
108 34
108 35
108 36
108 41
108 43
108 44
108 45
108 48
108 57
108 60
108 61
108 63
108 65
108 66
108 71
108 78
108 79
108 84
108 86
108 89
108 91
108 96
108 97
108 101
108 102
108 104
108 107
108 108
108 116
108 117
108 119
108 120
108 121
108 124
108 125
108 126
108 128
108 133
108 134
108 136
108 143
108 148
108 150
108 153
108 156
108 157
108 161
108 162
108 163
108 164
108 167
108 168
108 169
109 0
109 4
109 5
109 6
109 7
109 10
109 13
109 16
109 18
109 20
109 24
109 26
109 28
109 30
109 33
109 36
109 40
109 42
109 43
109 44
109 45
109 49
109 53
109 58
109 63
109 69
109 70
109 75
109 78
109 79
109 81
109 82
109 84
109 87
109 90
109 92
109 94
109 95
109 98
109 101
109 102
109 104
109 113
109 115
109 116
109 117
109 118
109 122
109 126
109 127
109 128
109 130
109 131
109 133
109 134
109 136
109 138
109 140
109 142
109 146
109 151
109 156
109 162
109 165
109 167
109 168
110 0
110 6
110 7
110 9
110 10
110 13
110 15
110 16
110 17
110 21
110 31
110 35
110 36
110 46
110 47
110 49
110 50
110 51
110 53
110 54
110 58
110 63
110 65
110 70
110 72
110 77
110 79
110 86
110 87
110 88
110 89
110 93
110 94
110 96
110 98
110 100
110 101
110 106
110 109
110 112
110 113
110 115
110 120
110 121
110 122
110 123
110 124
110 125
110 126
110 129
110 134
110 137
110 141
110 143
110 146
110 147
110 148
110 149
110 150
110 151
110 152
110 154
110 155
110 156
110 159
110 160
110 161
110 162
110 164
110 166
110 167
110 168
111 0
111 5
111 6
111 15
111 16
111 20
111 23
111 25
111 27
111 31
111 34
111 45
111 46
111 47
111 48
111 51
111 55
111 57
111 58
111 59
111 61
111 62
111 63
111 64
111 66
111 71
111 77
111 79
111 80
111 81
111 83
111 85
111 89
111 95
111 98
111 99
111 100
111 101
111 102
111 103
111 104
111 105
111 112
111 113
111 117
111 120
111 122
111 126
111 127
111 130
111 133
111 137
111 139
111 141
111 146
111 148
111 149
111 152
111 154
111 155
111 156
111 158
111 161
111 162
111 163
111 165
111 167
111 169
112 0
112 1
112 2
112 9
112 15
112 16
112 22
112 23
112 27
112 31
112 34
112 35
112 37
112 38
112 41
112 42
112 43
112 46
112 50
112 51
112 54
112 56
112 62
112 65
112 66
112 68
112 69
112 71
112 75
112 77
112 79
112 80
112 81
112 82
112 83
112 84
112 86
112 87
112 89
112 92
112 94
112 97
112 102
112 104
112 109
112 111
112 113
112 115
112 116
112 118
112 119
112 121
112 123
112 125
112 126
112 127
112 128
112 130
112 131
112 134
112 135
112 137
112 141
112 142
112 144
112 150
112 151
112 153
112 157
112 162
112 165
112 166
112 167
112 168
113 0
113 1
113 3
113 4
113 5
113 6
113 7
113 9
113 17
113 19
113 34
113 39
113 42
113 45
113 46
113 48
113 51
113 54
113 58
113 64
113 67
113 70
113 71
113 72
113 73
113 75
113 76
113 77
113 79
113 81
113 83
113 87
113 93
113 94
113 95
113 96
113 97
113 99
113 101
113 106
113 108
113 110
113 112
113 117
113 120
113 121
113 122
113 124
113 125
113 130
113 134
113 135
113 137
113 141
113 143
113 145
113 146
113 147
113 150
113 152
113 153
113 154
113 156
113 159
113 163
113 167
114 5
114 10
114 11
114 14
114 15
114 16
114 18
114 19
114 22
114 23
114 24
114 25
114 33
114 35
114 42
114 48
114 56
114 60
114 61
114 65
114 66
114 67
114 71
114 72
114 73
114 74
114 75
114 78
114 80
114 81
114 85
114 86
114 90
114 92
114 95
114 102
114 104
114 115
114 116
114 124
114 133
114 135
114 136
114 137
114 138
114 141
114 143
114 144
114 146
114 147
114 148
114 150
114 152
114 153
114 157
114 162
114 165
114 166
114 169
115 0
115 1
115 7
115 9
115 10
115 11
115 15
115 16
115 20
115 23
115 25
115 26
115 34
115 35
115 36
115 37
115 41
115 46
115 50
115 53
115 56
115 57
115 58
115 64
115 69
115 71
115 74
115 76
115 78
115 79
115 81
115 85
115 90
115 93
115 97
115 103
115 106
115 111
115 113
115 115
115 116
115 117
115 118
115 126
115 128
115 131
115 133
115 135
115 137
115 138
115 142
115 143
115 147
115 148
115 155
115 156
115 157
115 158
115 160
115 164
115 168
116 3
116 4
116 6
116 7
116 10
116 11
116 12
116 13
116 18
116 23
116 26
116 28
116 29
116 30
116 31
116 34
116 35
116 38
116 40
116 42
116 45
116 46
116 50
116 52
116 53
116 61
116 62
116 63
116 65
116 68
116 71
116 74
116 75
116 76
116 77
116 80
116 81
116 83
116 85
116 87
116 89
116 93
116 94
116 101
116 106
116 107
116 113
116 114
116 116
116 117
116 119
116 122
116 123
116 124
116 135
116 136
116 137
116 138
116 139
116 140
116 141
116 144
116 146
116 147
116 148
116 150
116 153
116 159
116 161
116 162
116 163
116 168
116 169
117 1
117 3
117 4
117 5
117 11
117 12
117 14
117 15
117 20
117 22
117 23
117 26
117 31
117 34
117 36
117 37
117 40
117 42
117 43
117 46
117 47
117 50
117 51
117 56
117 59
117 62
117 64
117 66
117 67
117 68
117 69
117 70
117 75
117 77
117 79
117 81
117 87
117 94
117 97
117 98
117 101
117 104
117 106
117 109
117 111
117 112
117 115
117 117
117 118
117 119
117 123
117 129
117 134
117 135
117 136
117 138
117 140
117 143
117 144
117 146
117 148
117 149
117 151
117 152
117 153
117 156
117 157
117 159
117 163
117 165
118 2
118 4
118 7
118 11
118 12
118 15
118 16
118 18
118 19
118 20
118 21
118 22
118 24
118 25
118 27
118 28
118 29
118 33
118 34
118 35
118 36
118 37
118 38
118 40
118 49
118 50
118 52
118 56
118 57
118 59
118 61
118 63
118 67
118 72
118 73
118 74
118 79
118 83
118 85
118 86
118 89
118 98
118 99
118 101
118 105
118 109
118 114
118 115
118 117
118 118
118 119
118 121
118 122
118 124
118 125
118 133
118 135
118 137
118 139
118 140
118 142
118 152
118 154
118 155
118 156
118 157
118 160
118 162
118 164
118 165
118 169
119 1
119 2
119 8
119 10
119 11
119 14
119 18
119 19
119 22
119 25
119 27
119 28
119 30
119 31
119 37
119 39
119 40
119 41
119 42
119 44
119 45
119 47
119 49
119 55
119 57
119 58
119 59
119 61
119 62
119 63
119 64
119 69
119 70
119 71
119 75
119 76
119 77
119 78
119 81
119 82
119 86
119 87
119 89
119 91
119 94
119 99
119 100
119 102
119 103
119 107
119 111
119 112
119 114
119 116
119 119
119 121
119 123
119 125
119 131
119 133
119 134
119 136
119 138
119 139
119 140
119 147
119 148
119 149
119 150
119 151
119 156
119 157
119 163
119 164
119 165
119 166
119 168
119 169
120 0
120 2
120 4
120 7
120 8
120 14
120 15
120 16
120 17
120 25
120 27
120 29
120 32
120 38
120 39
120 40
120 41
120 45
120 52
120 53
120 55
120 56
120 58
120 62
120 64
120 67
120 72
120 73
120 75
120 79
120 83
120 86
120 89
120 93
120 96
120 97
120 106
120 113
120 114
120 116
120 117
120 118
120 119
120 122
120 123
120 124
120 127
120 135
120 138
120 139
120 140
120 142
120 143
120 148
120 153
120 154
120 155
120 157
120 161
120 165
121 4
121 8
121 9
121 15
121 17
121 18
121 20
121 23
121 24
121 25
121 26
121 27
121 28
121 31
121 38
121 39
121 42
121 44
121 47
121 48
121 49
121 52
121 53
121 55
121 57
121 64
121 69
121 70
121 71
121 72
121 74
121 76
121 79
121 82
121 84
121 86
121 87
121 89
121 90
121 93
121 96
121 107
121 109
121 113
121 117
121 120
121 125
121 126
121 127
121 129
121 132
121 136
121 140
121 142
121 145
121 146
121 147
121 156
121 161
121 162
121 166
121 169
122 0
122 2
122 12
122 13
122 18
122 19
122 21
122 23
122 25
122 26
122 28
122 29
122 30
122 40
122 41
122 44
122 47
122 48
122 49
122 50
122 53
122 54
122 55
122 57
122 59
122 60
122 61
122 64
122 66
122 69
122 70
122 71
122 74
122 76
122 81
122 82
122 86
122 87
122 88
122 90
122 93
122 96
122 97
122 100
122 102
122 104
122 107
122 108
122 109
122 110
122 111
122 113
122 115
122 117
122 118
122 119
122 124
122 131
122 134
122 136
122 138
122 151
122 153
122 156
122 157
122 159
122 162
122 163
122 164
122 169
123 0
123 1
123 2
123 3
123 6
123 9
123 13
123 14
123 20
123 24
123 26
123 27
123 28
123 30
123 33
123 35
123 37
123 42
123 46
123 52
123 58
123 59
123 62
123 63
123 64
123 65
123 67
123 73
123 77
123 78
123 79
123 80
123 82
123 84
123 85
123 86
123 89
123 90
123 95
123 111
123 113
123 115
123 118
123 127
123 128
123 133
123 134
123 141
123 142
123 144
123 147
123 148
123 152
123 154
123 157
123 162
123 163
123 164
123 166
123 168
124 2
124 5
124 10
124 16
124 17
124 21
124 22
124 26
124 29
124 30
124 33
124 38
124 47
124 50
124 53
124 54
124 55
124 59
124 60
124 62
124 63
124 64
124 65
124 67
124 73
124 74
124 78
124 79
124 80
124 81
124 85
124 87
124 88
124 89
124 90
124 91
124 92
124 94
124 96
124 98
124 99
124 101
124 102
124 104
124 105
124 108
124 109
124 110
124 111
124 112
124 119
124 121
124 122
124 124
124 125
124 127
124 130
124 139
124 142
124 144
124 145
124 150
124 152
124 157
124 160
124 161
124 162
124 163
124 164
124 165
124 167
124 168
125 2
125 3
125 4
125 8
125 10
125 11
125 12
125 13
125 14
125 15
125 19
125 20
125 25
125 26
125 29
125 30
125 35
125 36
125 39
125 41
125 43
125 45
125 47
125 52
125 54
125 55
125 62
125 63
125 64
125 72
125 75
125 79
125 81
125 82
125 85
125 88
125 93
125 95
125 96
125 99
125 106
125 108
125 113
125 116
125 117
125 118
125 120
125 122
125 123
125 125
125 127
125 130
125 133
125 135
125 137
125 138
125 140
125 144
125 145
125 148
125 150
125 152
125 156
125 159
125 168
125 169
126 1
126 6
126 9
126 10
126 12
126 14
126 15
126 16
126 21
126 24
126 25
126 26
126 27
126 29
126 30
126 32
126 34
126 36
126 39
126 40
126 41
126 43
126 44
126 45
126 46
126 47
126 48
126 49
126 53
126 58
126 63
126 64
126 65
126 67
126 69
126 70
126 72
126 73
126 74
126 76
126 78
126 81
126 84
126 89
126 92
126 93
126 95
126 96
126 97
126 98
126 100
126 107
126 112
126 115
126 117
126 118
126 122
126 124
126 126
126 127
126 128
126 131
126 132
126 134
126 135
126 137
126 138
126 141
126 142
126 144
126 146
126 151
126 153
126 154
126 155
126 157
126 159
126 160
126 166
126 168
126 169
127 1
127 2
127 4
127 5
127 6
127 7
127 12
127 15
127 16
127 17
127 19
127 21
127 26
127 28
127 32
127 38
127 39
127 43
127 46
127 64
127 66
127 67
127 69
127 75
127 78
127 79
127 81
127 83
127 85
127 87
127 91
127 92
127 93
127 99
127 101
127 104
127 105
127 112
127 113
127 116
127 122
127 124
127 125
127 126
127 127
127 129
127 133
127 137
127 140
127 141
127 145
127 147
127 148
127 149
127 153
127 156
127 158
127 165
127 166
127 169
128 1
128 2
128 3
128 4
128 6
128 9
128 13
128 14
128 15
128 16
128 17
128 20
128 21
128 27
128 28
128 32
128 42
128 43
128 45
128 47
128 50
128 53
128 55
128 60
128 61
128 73
128 76
128 77
128 78
128 79
128 80
128 81
128 83
128 84
128 85
128 89
128 90
128 91
128 93
128 94
128 96
128 97
128 98
128 104
128 105
128 106
128 108
128 109
128 110
128 111
128 113
128 118
128 126
128 127
128 129
128 130
128 131
128 133
128 134
128 136
128 137
128 138
128 139
128 143
128 148
128 155
128 156
128 158
128 160
128 167
129 6
129 7
129 9
129 12
129 13
129 15
129 18
129 19
129 20
129 25
129 28
129 29
129 31
129 33
129 34
129 38
129 45
129 53
129 54
129 55
129 57
129 60
129 66
129 69
129 70
129 75
129 78
129 79
129 83
129 84
129 85
129 86
129 87
129 88
129 90
129 92
129 95
129 96
129 97
129 98
129 101
129 102
129 103
129 108
129 110
129 111
129 112
129 113
129 114
129 115
129 118
129 124
129 125
129 129
129 133
129 140
129 142
129 144
129 148
129 149
129 150
129 152
129 156
129 158
129 159
129 161
129 162
129 166
129 169
130 0
130 9
130 15
130 16
130 20
130 24
130 28
130 29
130 31
130 34
130 40
130 49
130 51
130 59
130 62
130 64
130 65
130 70
130 76
130 77
130 84
130 86
130 88
130 90
130 92
130 93
130 95
130 98
130 105
130 106
130 107
130 108
130 109
130 110
130 112
130 113
130 114
130 115
130 116
130 118
130 119
130 122
130 124
130 127
130 131
130 134
130 135
130 140
130 144
130 148
130 149
130 156
130 158
130 161
130 165
130 167
130 168
130 169
131 0
131 1
131 4
131 6
131 12
131 16
131 19
131 21
131 25
131 37
131 38
131 40
131 43
131 44
131 46
131 51
131 54
131 57
131 58
131 62
131 66
131 69
131 71
131 73
131 74
131 75
131 77
131 79
131 80
131 85
131 86
131 89
131 92
131 96
131 98
131 100
131 102
131 104
131 106
131 108
131 110
131 112
131 114
131 116
131 127
131 137
131 141
131 144
131 145
131 148
131 152
131 153
131 154
131 155
131 156
131 159
131 160
131 161
131 163
131 166
131 168
132 3
132 4
132 7
132 8
132 9
132 13
132 14
132 16
132 21
132 26
132 27
132 32
132 34
132 37
132 41
132 48
132 51
132 52
132 53
132 56
132 57
132 60
132 66
132 68
132 69
132 70
132 74
132 75
132 79
132 80
132 84
132 85
132 86
132 88
132 91
132 93
132 96
132 98
132 101
132 104
132 105
132 106
132 107
132 108
132 110
132 116
132 119
132 120
132 121
132 123
132 124
132 125
132 127
132 128
132 129
132 132
132 133
132 135
132 143
132 146
132 147
132 148
132 149
132 151
132 152
132 153
132 163
132 165
132 168
132 169
133 1
133 7
133 8
133 17
133 26
133 27
133 30
133 35
133 36
133 39
133 44
133 45
133 48
133 50
133 53
133 58
133 59
133 61
133 62
133 64
133 68
133 70
133 76
133 78
133 84
133 86
133 87
133 88
133 92
133 93
133 103
133 107
133 108
133 109
133 110
133 111
133 113
133 116
133 117
133 123
133 125
133 126
133 127
133 131
133 132
133 135
133 136
133 139
133 148
133 152
133 153
133 155
133 156
133 165
133 166
133 168
134 1
134 9
134 11
134 13
134 14
134 15
134 16
134 18
134 20
134 22
134 25
134 31
134 35
134 37
134 39
134 40
134 45
134 52
134 53
134 56
134 58
134 59
134 60
134 61
134 62
134 65
134 70
134 72
134 76
134 78
134 81
134 84
134 85
134 86
134 90
134 94
134 96
134 98
134 100
134 101
134 102
134 104
134 114
134 115
134 117
134 120
134 121
134 133
134 134
134 137
134 141
134 144
134 147
134 148
134 151
134 154
134 156
134 160
134 165
134 166
134 169
135 4
135 6
135 7
135 12
135 13
135 14
135 20
135 21
135 24
135 26
135 27
135 28
135 29
135 32
135 33
135 34
135 36
135 38
135 39
135 40
135 44
135 50
135 52
135 54
135 56
135 58
135 60
135 63
135 64
135 68
135 73
135 74
135 80
135 82
135 86
135 90
135 93
135 98
135 100
135 102
135 105
135 106
135 107
135 109
135 110
135 115
135 117
135 118
135 119
135 125
135 126
135 128
135 130
135 132
135 133
135 140
135 144
135 150
135 153
135 156
135 157
135 162
135 163
135 164
135 165
135 166
135 168
135 169
136 0
136 2
136 4
136 8
136 10
136 12
136 14
136 18
136 21
136 23
136 24
136 25
136 27
136 29
136 30
136 33
136 35
136 39
136 40
136 41
136 43
136 46
136 47
136 48
136 50
136 53
136 54
136 56
136 62
136 63
136 64
136 66
136 69
136 70
136 71
136 72
136 75
136 79
136 80
136 82
136 83
136 89
136 90
136 92
136 94
136 95
136 96
136 98
136 106
136 110
136 111
136 112
136 115
136 116
136 117
136 121
136 124
136 125
136 127
136 128
136 129
136 130
136 132
136 135
136 138
136 140
136 142
136 143
136 144
136 145
136 150
136 151
136 153
136 154
136 162
136 163
137 0
137 5
137 6
137 7
137 8
137 11
137 13
137 14
137 15
137 19
137 22
137 29
137 31
137 36
137 40
137 45
137 46
137 54
137 55
137 66
137 67
137 68
137 69
137 70
137 72
137 73
137 75
137 77
137 78
137 79
137 80
137 84
137 85
137 87
137 88
137 91
137 92
137 94
137 95
137 96
137 105
137 107
137 109
137 116
137 117
137 119
137 120
137 121
137 123
137 124
137 125
137 128
137 129
137 132
137 134
137 135
137 136
137 137
137 139
137 144
137 145
137 146
137 147
137 151
137 153
137 162
137 165
138 1
138 3
138 6
138 8
138 9
138 13
138 14
138 15
138 16
138 17
138 18
138 20
138 22
138 23
138 24
138 25
138 29
138 38
138 44
138 45
138 50
138 51
138 53
138 55
138 59
138 61
138 62
138 63
138 65
138 66
138 69
138 73
138 76
138 79
138 80
138 86
138 87
138 88
138 93
138 94
138 95
138 96
138 97
138 103
138 104
138 106
138 107
138 109
138 115
138 121
138 122
138 129
138 130
138 131
138 138
138 139
138 146
138 150
138 151
138 152
138 153
138 156
138 157
138 163
138 164
138 168
138 169
139 0
139 1
139 5
139 6
139 9
139 10
139 11
139 15
139 16
139 17
139 19
139 21
139 22
139 23
139 25
139 26
139 27
139 29
139 33
139 37
139 39
139 45
139 49
139 53
139 57
139 59
139 63
139 66
139 67
139 68
139 74
139 81
139 82
139 85
139 86
139 88
139 89
139 90
139 102
139 105
139 107
139 108
139 112
139 113
139 114
139 115
139 117
139 120
139 122
139 128
139 130
139 131
139 133
139 135
139 140
139 142
139 146
139 149
139 150
139 151
139 154
139 159
139 160
139 163
139 166
139 167
139 168
139 169
140 0
140 7
140 11
140 13
140 17
140 18
140 19
140 21
140 22
140 25
140 32
140 35
140 36
140 37
140 41
140 42
140 48
140 49
140 50
140 51
140 56
140 57
140 59
140 62
140 64
140 65
140 70
140 73
140 76
140 82
140 83
140 84
140 87
140 99
140 103
140 104
140 105
140 109
140 112
140 115
140 117
140 118
140 121
140 124
140 134
140 135
140 139
140 140
140 145
140 147
140 148
140 153
140 158
140 162
140 164
140 169
141 2
141 8
141 16
141 21
141 23
141 25
141 26
141 28
141 29
141 30
141 33
141 34
141 36
141 38
141 39
141 42
141 43
141 45
141 47
141 48
141 49
141 51
141 56
141 58
141 62
141 63
141 70
141 73
141 83
141 86
141 87
141 88
141 89
141 91
141 93
141 94
141 100
141 102
141 105
141 108
141 109
141 114
141 117
141 119
141 120
141 122
141 123
141 128
141 129
141 133
141 136
141 141
141 143
141 146
141 149
141 152
141 153
141 155
141 156
141 157
141 160
141 163
141 165
141 168
142 0
142 10
142 11
142 14
142 16
142 19
142 20
142 21
142 22
142 26
142 28
142 29
142 30
142 31
142 32
142 37
142 38
142 42
142 46
142 50
142 51
142 52
142 55
142 57
142 59
142 61
142 67
142 69
142 71
142 72
142 81
142 82
142 84
142 87
142 88
142 92
142 94
142 95
142 97
142 98
142 99
142 100
142 101
142 102
142 107
142 108
142 110
142 111
142 117
142 118
142 121
142 124
142 125
142 131
142 136
142 142
142 143
142 145
142 149
142 150
142 153
142 155
142 158
142 159
142 160
142 161
142 162
142 167
142 168
142 169
143 0
143 4
143 7
143 11
143 13
143 16
143 17
143 25
143 27
143 28
143 33
143 34
143 41
143 43
143 45
143 47
143 49
143 50
143 51
143 52
143 57
143 58
143 59
143 62
143 65
143 68
143 70
143 78
143 79
143 80
143 82
143 83
143 84
143 87
143 88
143 89
143 90
143 92
143 98
143 102
143 103
143 104
143 105
143 107
143 108
143 109
143 110
143 113
143 114
143 116
143 117
143 118
143 121
143 124
143 127
143 129
143 132
143 133
143 135
143 139
143 140
143 141
143 145
143 146
143 154
143 155
143 157
143 159
143 163
143 165
143 166
144 4
144 8
144 9
144 12
144 14
144 22
144 25
144 26
144 28
144 29
144 33
144 35
144 36
144 38
144 39
144 42
144 46
144 49
144 51
144 52
144 53
144 54
144 57
144 60
144 63
144 66
144 67
144 68
144 70
144 71
144 80
144 87
144 88
144 89
144 90
144 92
144 97
144 100
144 101
144 102
144 104
144 107
144 108
144 110
144 111
144 117
144 120
144 121
144 122
144 126
144 127
144 128
144 129
144 130
144 132
144 138
144 139
144 140
144 141
144 142
144 144
144 148
144 151
144 152
144 155
144 159
144 160
144 161
144 166
145 0
145 2
145 6
145 7
145 9
145 11
145 12
145 15
145 21
145 23
145 24
145 25
145 26
145 28
145 29
145 31
145 34
145 38
145 41
145 44
145 45
145 47
145 48
145 52
145 55
145 57
145 65
145 67
145 68
145 71
145 72
145 76
145 77
145 81
145 83
145 87
145 88
145 91
145 96
145 99
145 101
145 105
145 110
145 111
145 113
145 115
145 117
145 118
145 122
145 129
145 133
145 137
145 142
145 145
145 149
145 153
145 154
145 155
145 157
145 162
145 164
145 165
146 0
146 1
146 2
146 3
146 4
146 5
146 9
146 10
146 15
146 17
146 21
146 23
146 24
146 25
146 26
146 27
146 29
146 30
146 31
146 33
146 36
146 37
146 39
146 40
146 41
146 46
146 47
146 48
146 55
146 58
146 59
146 63
146 64
146 65
146 67
146 75
146 88
146 89
146 90
146 91
146 96
146 97
146 101
146 103
146 106
146 109
146 110
146 111
146 113
146 116
146 118
146 119
146 120
146 125
146 128
146 129
146 130
146 133
146 139
146 142
146 144
146 145
146 148
146 149
146 150
146 151
146 152
146 153
146 154
146 156
146 159
146 160
146 163
146 165
146 166
146 168
147 2
147 3
147 4
147 5
147 6
147 7
147 9
147 11
147 12
147 13
147 15
147 17
147 19
147 27
147 31
147 33
147 34
147 36
147 41
147 42
147 48
147 49
147 51
147 53
147 56
147 63
147 67
147 70
147 72
147 74
147 80
147 81
147 84
147 86
147 87
147 90
147 92
147 93
147 94
147 95
147 101
147 102
147 104
147 110
147 116
147 117
147 121
147 122
147 125
147 129
147 132
147 134
147 135
147 136
147 137
147 139
147 144
147 146
147 147
147 150
147 151
147 152
147 156
147 157
147 160
147 163
147 164
147 165
147 166
147 168
147 169
148 7
148 13
148 14
148 15
148 20
148 21
148 22
148 33
148 34
148 37
148 40
148 44
148 51
148 52
148 53
148 54
148 55
148 56
148 61
148 62
148 63
148 64
148 65
148 68
148 73
148 76
148 80
148 81
148 83
148 85
148 87
148 88
148 90
148 93
148 94
148 98
148 100
148 101
148 103
148 105
148 108
148 110
148 115
148 118
148 121
148 122
148 124
148 127
148 128
148 131
148 133
148 134
148 141
148 142
148 143
148 145
148 149
148 151
148 156
148 158
148 159
148 160
148 163
148 165
148 166
148 168
149 2
149 3
149 4
149 7
149 10
149 12
149 14
149 16
149 19
149 20
149 22
149 24
149 25
149 27
149 28
149 32
149 33
149 38
149 42
149 44
149 45
149 49
149 53
149 54
149 59
149 60
149 68
149 72
149 76
149 79
149 80
149 81
149 83
149 86
149 88
149 91
149 92
149 93
149 96
149 97
149 98
149 101
149 103
149 106
149 110
149 111
149 113
149 114
149 115
149 117
149 119
149 125
149 129
149 133
149 135
149 136
149 137
149 139
149 141
149 142
149 148
149 152
149 153
149 154
149 155
149 157
149 161
149 163
149 164
149 166
149 169
150 0
150 1
150 5
150 11
150 12
150 13
150 18
150 20
150 23
150 25
150 28
150 30
150 33
150 34
150 37
150 38
150 39
150 40
150 44
150 45
150 47
150 48
150 49
150 50
150 51
150 52
150 55
150 56
150 63
150 64
150 65
150 67
150 68
150 70
150 71
150 75
150 76
150 77
150 78
150 79
150 82
150 87
150 88
150 92
150 95
150 97
150 99
150 100
150 102
150 103
150 104
150 105
150 112
150 115
150 116
150 126
150 129
150 130
150 132
150 133
150 135
150 137
150 140
150 141
150 142
150 143
150 144
150 145
150 146
150 147
150 150
150 151
150 152
150 155
150 161
150 162
150 164
150 168
150 169
151 0
151 2
151 3
151 6
151 7
151 9
151 10
151 11
151 12
151 14
151 16
151 19
151 27
151 29
151 30
151 32
151 33
151 36
151 40
151 41
151 46
151 47
151 48
151 52
151 53
151 54
151 61
151 63
151 64
151 65
151 71
151 72
151 73
151 74
151 77
151 78
151 80
151 84
151 86
151 87
151 88
151 89
151 90
151 94
151 101
151 102
151 103
151 108
151 109
151 112
151 114
151 116
151 117
151 118
151 120
151 122
151 130
151 131
151 132
151 133
151 137
151 139
151 140
151 144
151 145
151 148
151 149
151 150
151 152
151 157
151 161
151 162
151 164
151 165
151 166
151 167
151 169
152 3
152 4
152 7
152 9
152 11
152 14
152 17
152 20
152 22
152 23
152 28
152 31
152 34
152 37
152 38
152 41
152 56
152 58
152 61
152 65
152 66
152 67
152 68
152 71
152 72
152 74
152 78
152 83
152 84
152 85
152 89
152 90
152 94
152 95
152 96
152 97
152 99
152 102
152 104
152 106
152 109
152 111
152 114
152 115
152 116
152 118
152 122
152 127
152 130
152 134
152 135
152 140
152 141
152 143
152 145
152 146
152 149
152 150
152 153
152 158
152 163
152 164
152 165
152 166
152 168
153 1
153 2
153 3
153 7
153 8
153 9
153 15
153 16
153 19
153 23
153 29
153 30
153 32
153 34
153 36
153 38
153 41
153 45
153 51
153 55
153 56
153 57
153 58
153 69
153 70
153 71
153 73
153 74
153 75
153 77
153 78
153 81
153 83
153 85
153 86
153 88
153 91
153 92
153 93
153 94
153 95
153 99
153 106
153 109
153 110
153 113
153 116
153 118
153 119
153 124
153 126
153 135
153 136
153 140
153 141
153 144
153 145
153 147
153 149
153 150
153 152
153 156
153 157
153 158
153 165
154 1
154 3
154 4
154 6
154 7
154 9
154 11
154 12
154 13
154 23
154 28
154 32
154 35
154 37
154 39
154 43
154 49
154 63
154 64
154 68
154 70
154 71
154 72
154 73
154 74
154 75
154 79
154 80
154 81
154 83
154 84
154 85
154 86
154 87
154 89
154 91
154 92
154 96
154 99
154 100
154 103
154 105
154 106
154 107
154 114
154 117
154 119
154 123
154 127
154 130
154 132
154 133
154 135
154 137
154 140
154 146
154 147
154 152
154 154
154 155
154 156
154 158
154 159
154 160
154 161
154 166
154 168
155 3
155 4
155 5
155 6
155 9
155 16
155 22
155 24
155 27
155 30
155 31
155 35
155 39
155 44
155 45
155 46
155 59
155 61
155 64
155 65
155 70
155 71
155 75
155 78
155 79
155 80
155 82
155 85
155 86
155 87
155 90
155 93
155 94
155 95
155 98
155 99
155 100
155 101
155 103
155 104
155 106
155 107
155 112
155 117
155 118
155 119
155 120
155 122
155 126
155 127
155 129
155 130
155 133
155 137
155 139
155 141
155 144
155 149
155 152
155 157
155 162
155 163
155 165
155 169
156 1
156 2
156 5
156 10
156 14
156 16
156 18
156 21
156 22
156 25
156 26
156 29
156 30
156 31
156 32
156 41
156 44
156 45
156 46
156 60
156 61
156 66
156 68
156 69
156 70
156 72
156 74
156 75
156 76
156 81
156 82
156 85
156 89
156 90
156 92
156 97
156 100
156 101
156 103
156 104
156 113
156 114
156 115
156 116
156 117
156 118
156 119
156 120
156 122
156 123
156 126
156 127
156 128
156 129
156 131
156 132
156 133
156 134
156 135
156 136
156 137
156 138
156 139
156 140
156 142
156 144
156 145
156 150
156 156
156 157
156 158
156 165
156 166
156 167
156 168
156 169
157 3
157 4
157 6
157 11
157 12
157 13
157 16
157 19
157 23
157 24
157 26
157 28
157 29
157 31
157 33
157 36
157 39
157 41
157 46
157 47
157 48
157 59
157 60
157 66
157 67
157 69
157 70
157 71
157 72
157 74
157 77
157 78
157 79
157 80
157 82
157 83
157 86
157 92
157 93
157 96
157 99
157 100
157 104
157 106
157 107
157 108
157 112
157 114
157 117
157 119
157 125
157 127
157 128
157 135
157 136
157 140
157 144
157 149
157 150
157 156
157 158
157 159
157 160
157 161
157 162
157 164
157 169
158 3
158 4
158 5
158 7
158 8
158 9
158 12
158 13
158 14
158 16
158 17
158 25
158 27
158 28
158 31
158 32
158 33
158 42
158 43
158 44
158 45
158 49
158 51
158 52
158 54
158 56
158 59
158 60
158 62
158 63
158 65
158 68
158 75
158 76
158 77
158 81
158 82
158 83
158 84
158 88
158 89
158 91
158 95
158 96
158 98
158 99
158 100
158 103
158 105
158 108
158 110
158 112
158 113
158 115
158 116
158 120
158 121
158 122
158 123
158 124
158 127
158 128
158 131
158 132
158 134
158 137
158 138
158 140
158 141
158 142
158 145
158 148
158 150
158 151
158 153
158 156
158 157
158 158
158 165
158 167
158 169
159 1
159 2
159 4
159 10
159 11
159 12
159 13
159 14
159 15
159 16
159 17
159 19
159 23
159 26
159 28
159 29
159 32
159 33
159 34
159 36
159 37
159 38
159 41
159 42
159 44
159 48
159 49
159 50
159 53
159 61
159 62
159 63
159 64
159 66
159 67
159 68
159 75
159 78
159 79
159 81
159 83
159 90
159 91
159 93
159 94
159 96
159 97
159 99
159 100
159 102
159 104
159 118
159 119
159 126
159 128
159 129
159 130
159 132
159 133
159 140
159 142
159 146
159 147
159 150
159 152
159 155
159 163
159 167
159 168
159 169
160 1
160 2
160 4
160 5
160 9
160 11
160 13
160 16
160 21
160 27
160 29
160 30
160 34
160 36
160 37
160 39
160 41
160 42
160 43
160 45
160 47
160 48
160 49
160 50
160 52
160 53
160 54
160 56
160 58
160 61
160 62
160 76
160 77
160 80
160 81
160 83
160 87
160 91
160 94
160 97
160 98
160 99
160 100
160 102
160 104
160 105
160 108
160 110
160 111
160 114
160 116
160 117
160 118
160 121
160 122
160 126
160 130
160 135
160 139
160 146
160 148
160 150
160 151
160 152
160 153
160 157
160 159
160 161
160 162
160 163
160 165
160 166
160 167
160 168
161 3
161 4
161 10
161 18
161 23
161 28
161 30
161 31
161 33
161 34
161 35
161 39
161 41
161 42
161 56
161 58
161 61
161 62
161 66
161 67
161 68
161 69
161 70
161 72
161 77
161 82
161 83
161 84
161 88
161 89
161 90
161 93
161 94
161 95
161 97
161 102
161 104
161 107
161 117
161 118
161 123
161 128
161 130
161 131
161 135
161 136
161 143
161 145
161 146
161 149
161 150
161 153
161 156
161 159
161 160
161 161
161 166
161 167
161 168
162 4
162 7
162 8
162 10
162 17
162 18
162 20
162 21
162 22
162 23
162 25
162 26
162 27
162 28
162 30
162 33
162 36
162 37
162 39
162 40
162 41
162 42
162 43
162 48
162 51
162 52
162 53
162 57
162 58
162 60
162 62
162 65
162 66
162 70
162 72
162 81
162 83
162 84
162 86
162 94
162 95
162 97
162 99
162 100
162 101
162 107
162 109
162 110
162 113
162 114
162 118
162 120
162 121
162 125
162 126
162 131
162 135
162 137
162 139
162 140
162 143
162 145
162 147
162 149
162 150
162 151
162 156
162 158
162 160
162 167
162 168
163 0
163 3
163 9
163 16
163 17
163 18
163 20
163 26
163 34
163 35
163 39
163 41
163 44
163 48
163 50
163 54
163 55
163 59
163 61
163 63
163 64
163 65
163 66
163 72
163 73
163 75
163 77
163 83
163 84
163 88
163 89
163 90
163 91
163 94
163 96
163 102
163 105
163 112
163 113
163 114
163 117
163 119
163 123
163 125
163 126
163 127
163 128
163 131
163 136
163 139
163 140
163 142
163 143
163 144
163 145
163 146
163 148
163 149
163 150
163 153
163 155
163 156
163 157
163 159
163 160
164 5
164 6
164 10
164 15
164 18
164 19
164 20
164 21
164 23
164 24
164 25
164 26
164 28
164 29
164 30
164 34
164 36
164 39
164 41
164 44
164 54
164 55
164 62
164 64
164 67
164 70
164 74
164 75
164 80
164 83
164 84
164 87
164 88
164 89
164 92
164 94
164 95
164 97
164 101
164 103
164 110
164 111
164 112
164 114
164 116
164 117
164 118
164 119
164 120
164 121
164 123
164 124
164 127
164 133
164 134
164 141
164 147
164 153
164 159
164 160
165 0
165 1
165 4
165 8
165 9
165 12
165 13
165 14
165 15
165 18
165 19
165 20
165 24
165 26
165 27
165 28
165 30
165 37
165 38
165 40
165 41
165 43
165 44
165 47
165 48
165 52
165 53
165 54
165 55
165 57
165 58
165 63
165 64
165 65
165 67
165 68
165 69
165 75
165 77
165 78
165 81
165 82
165 83
165 87
165 89
165 90
165 91
165 92
165 95
165 97
165 103
165 107
165 108
165 110
165 113
165 116
165 117
165 120
165 127
165 130
165 131
165 132
165 134
165 138
165 139
165 141
165 143
165 146
165 148
165 153
165 154
165 157
165 163
165 166
165 167
165 168
165 169
166 0
166 1
166 2
166 3
166 4
166 7
166 8
166 9
166 11
166 13
166 14
166 16
166 17
166 18
166 20
166 21
166 22
166 25
166 29
166 31
166 32
166 39
166 40
166 41
166 43
166 45
166 48
166 50
166 53
166 56
166 58
166 60
166 64
166 67
166 68
166 69
166 70
166 71
166 74
166 75
166 78
166 79
166 80
166 84
166 87
166 90
166 91
166 93
166 95
166 97
166 101
166 103
166 106
166 107
166 109
166 112
166 113
166 119
166 121
166 122
166 128
166 130
166 134
166 136
166 139
166 141
166 143
166 145
166 149
166 152
166 153
166 156
166 157
166 161
166 162
166 163
166 164
166 166
166 168
167 1
167 3
167 7
167 11
167 12
167 17
167 18
167 24
167 26
167 27
167 28
167 29
167 30
167 35
167 36
167 38
167 40
167 42
167 44
167 45
167 49
167 51
167 54
167 55
167 57
167 63
167 71
167 72
167 74
167 75
167 76
167 79
167 80
167 84
167 87
167 90
167 94
167 96
167 97
167 98
167 102
167 104
167 107
167 110
167 112
167 116
167 118
167 121
167 125
167 127
167 129
167 132
167 137
167 139
167 140
167 141
167 142
167 144
167 148
167 158
167 159
167 163
167 165
167 166
168 1
168 3
168 4
168 7
168 9
168 12
168 15
168 16
168 21
168 22
168 23
168 24
168 25
168 31
168 37
168 41
168 42
168 46
168 49
168 50
168 51
168 55
168 57
168 58
168 60
168 61
168 63
168 64
168 70
168 72
168 73
168 75
168 80
168 81
168 85
168 86
168 87
168 94
168 95
168 98
168 100
168 101
168 103
168 104
168 106
168 107
168 108
168 109
168 111
168 113
168 114
168 115
168 116
168 117
168 118
168 119
168 120
168 121
168 124
168 125
168 127
168 129
168 131
168 132
168 133
168 136
168 140
168 141
168 146
168 148
168 149
168 150
168 155
168 159
168 169
169 0
169 3
169 13
169 15
169 25
169 28
169 30
169 32
169 35
169 36
169 37
169 41
169 42
169 43
169 47
169 49
169 50
169 51
169 52
169 55
169 56
169 58
169 59
169 63
169 64
169 70
169 72
169 73
169 83
169 84
169 88
169 90
169 94
169 96
169 97
169 99
169 103
169 105
169 106
169 109
169 110
169 111
169 112
169 117
169 118
169 126
169 127
169 129
169 134
169 138
169 140
169 144
169 146
169 148
169 149
169 150
169 153
169 163
169 166
