100
4000
0 0
0 2
0 4
0 6
0 7
0 11
0 12
0 21
0 22
0 23
0 25
0 26
0 27
0 32
0 35
0 36
0 39
0 44
0 47
0 48
0 49
0 54
0 55
0 62
0 64
0 68
0 70
0 72
0 77
0 78
0 85
0 89
0 91
0 92
0 93
0 94
0 95
0 99
1 1
1 2
1 3
1 5
1 7
1 9
1 11
1 12
1 14
1 15
1 16
1 18
1 19
1 20
1 21
1 22
1 23
1 24
1 25
1 29
1 30
1 31
1 36
1 39
1 43
1 44
1 49
1 50
1 53
1 56
1 59
1 63
1 68
1 72
1 73
1 74
1 76
1 77
1 79
1 82
1 84
1 85
1 86
1 87
1 89
1 90
1 91
1 92
1 93
1 95
2 0
2 1
2 2
2 3
2 13
2 15
2 16
2 18
2 20
2 22
2 24
2 25
2 26
2 28
2 29
2 32
2 33
2 34
2 37
2 39
2 40
2 42
2 43
2 48
2 54
2 57
2 59
2 61
2 67
2 70
2 77
2 80
2 81
2 84
2 87
2 89
2 93
2 96
2 97
2 99
3 0
3 3
3 8
3 9
3 10
3 12
3 13
3 15
3 17
3 23
3 27
3 28
3 35
3 39
3 40
3 42
3 47
3 48
3 50
3 51
3 54
3 55
3 60
3 69
3 71
3 76
3 79
3 83
3 84
3 85
3 86
3 88
3 89
3 95
3 96
4 1
4 2
4 8
4 14
4 16
4 19
4 20
4 22
4 28
4 30
4 31
4 34
4 36
4 39
4 40
4 47
4 51
4 58
4 59
4 60
4 61
4 63
4 67
4 73
4 76
4 77
4 84
4 85
4 86
4 90
4 92
4 94
4 97
4 99
5 5
5 10
5 12
5 13
5 14
5 15
5 16
5 17
5 18
5 21
5 24
5 27
5 28
5 33
5 34
5 35
5 39
5 40
5 42
5 43
5 44
5 49
5 50
5 51
5 54
5 56
5 57
5 59
5 60
5 64
5 66
5 67
5 70
5 71
5 76
5 78
5 80
5 82
5 90
5 91
5 93
5 94
5 97
5 98
6 2
6 5
6 6
6 7
6 9
6 13
6 17
6 18
6 21
6 23
6 24
6 25
6 30
6 32
6 33
6 37
6 38
6 39
6 41
6 45
6 49
6 50
6 52
6 55
6 63
6 64
6 66
6 67
6 68
6 70
6 74
6 76
6 78
6 79
6 80
6 82
6 83
6 85
6 95
6 96
6 99
7 2
7 5
7 6
7 8
7 9
7 16
7 17
7 20
7 21
7 23
7 24
7 26
7 28
7 36
7 37
7 39
7 42
7 43
7 46
7 48
7 49
7 53
7 57
7 59
7 60
7 63
7 64
7 66
7 71
7 72
7 73
7 74
7 77
7 82
7 83
7 85
7 87
7 90
7 93
7 95
7 97
7 98
8 0
8 2
8 7
8 9
8 10
8 11
8 13
8 14
8 18
8 19
8 20
8 21
8 24
8 29
8 32
8 34
8 36
8 41
8 44
8 50
8 52
8 53
8 54
8 55
8 56
8 57
8 60
8 64
8 65
8 66
8 67
8 68
8 70
8 71
8 72
8 73
8 74
8 76
8 78
8 84
8 89
8 97
9 2
9 6
9 8
9 9
9 10
9 11
9 15
9 16
9 21
9 23
9 26
9 27
9 30
9 31
9 32
9 46
9 57
9 63
9 64
9 65
9 68
9 69
9 72
9 75
9 80
9 81
9 82
9 83
9 85
9 87
9 89
9 91
9 93
9 95
9 99
10 6
10 7
10 8
10 10
10 14
10 17
10 18
10 19
10 20
10 21
10 26
10 29
10 30
10 31
10 32
10 35
10 37
10 40
10 43
10 48
10 49
10 50
10 53
10 55
10 58
10 59
10 63
10 65
10 68
10 73
10 75
10 76
10 79
10 82
10 84
10 86
10 88
10 89
10 91
10 92
10 94
10 96
10 97
11 1
11 4
11 7
11 13
11 14
11 15
11 17
11 19
11 21
11 22
11 27
11 33
11 36
11 40
11 41
11 42
11 44
11 45
11 48
11 49
11 50
11 51
11 52
11 53
11 54
11 55
11 56
11 58
11 63
11 71
11 73
11 77
11 79
11 80
11 83
11 85
11 87
11 88
11 90
11 92
11 96
11 99
12 0
12 1
12 2
12 4
12 5
12 6
12 7
12 10
12 11
12 14
12 20
12 23
12 25
12 29
12 31
12 37
12 39
12 40
12 41
12 42
12 45
12 46
12 47
12 57
12 60
12 61
12 62
12 64
12 66
12 67
12 71
12 72
12 74
12 78
12 79
12 82
12 85
12 89
13 0
13 2
13 6
13 7
13 8
13 9
13 11
13 12
13 20
13 21
13 23
13 24
13 27
13 33
13 35
13 38
13 41
13 42
13 45
13 47
13 48
13 49
13 59
13 60
13 63
13 65
13 67
13 73
13 76
13 78
13 82
13 83
13 88
13 89
13 90
13 92
13 93
13 94
13 95
13 99
14 2
14 5
14 6
14 7
14 9
14 10
14 12
14 13
14 16
14 19
14 25
14 27
14 32
14 33
14 36
14 37
14 39
14 41
14 42
14 46
14 48
14 49
14 50
14 51
14 55
14 57
14 60
14 61
14 62
14 63
14 67
14 76
14 77
14 79
14 81
14 82
14 83
14 86
14 89
14 90
14 91
14 93
14 94
14 97
14 98
15 1
15 2
15 3
15 4
15 5
15 7
15 10
15 11
15 12
15 15
15 16
15 17
15 18
15 19
15 21
15 23
15 25
15 27
15 30
15 33
15 36
15 37
15 39
15 41
15 42
15 44
15 45
15 47
15 48
15 49
15 51
15 54
15 59
15 64
15 67
15 70
15 71
15 72
15 75
15 77
15 79
15 80
15 82
15 83
15 84
15 85
15 87
15 88
15 90
15 91
15 92
15 93
15 95
15 96
16 2
16 5
16 9
16 12
16 13
16 16
16 20
16 21
16 23
16 24
16 25
16 26
16 27
16 30
16 32
16 35
16 38
16 40
16 41
16 42
16 43
16 50
16 53
16 56
16 57
16 58
16 60
16 62
16 65
16 70
16 72
16 73
16 74
16 76
16 78
16 79
16 83
16 84
16 87
16 90
16 91
16 97
17 3
17 7
17 9
17 10
17 12
17 16
17 17
17 18
17 19
17 21
17 22
17 25
17 26
17 27
17 33
17 34
17 36
17 37
17 39
17 44
17 47
17 51
17 52
17 53
17 54
17 55
17 57
17 60
17 61
17 63
17 65
17 66
17 67
17 75
17 76
17 78
17 79
17 81
17 86
17 89
17 92
17 94
17 97
18 0
18 2
18 9
18 10
18 16
18 19
18 20
18 21
18 22
18 25
18 30
18 36
18 37
18 40
18 47
18 50
18 51
18 52
18 55
18 57
18 58
18 60
18 61
18 64
18 68
18 71
18 72
18 74
18 77
18 78
18 88
18 89
18 90
18 94
18 95
18 96
18 97
18 98
19 0
19 4
19 5
19 6
19 7
19 8
19 9
19 11
19 17
19 21
19 23
19 24
19 25
19 29
19 31
19 32
19 36
19 38
19 41
19 42
19 43
19 49
19 50
19 52
19 53
19 54
19 57
19 59
19 62
19 63
19 66
19 71
19 73
19 74
19 75
19 76
19 81
19 83
19 88
19 89
19 95
19 98
20 0
20 4
20 12
20 15
20 16
20 21
20 22
20 23
20 24
20 28
20 31
20 32
20 33
20 34
20 37
20 40
20 42
20 49
20 54
20 55
20 58
20 62
20 64
20 65
20 67
20 72
20 74
20 75
20 76
20 77
20 78
20 82
20 86
20 88
20 95
20 97
20 98
21 0
21 4
21 7
21 9
21 11
21 18
21 19
21 20
21 21
21 23
21 24
21 31
21 32
21 33
21 38
21 39
21 42
21 43
21 52
21 53
21 58
21 64
21 66
21 69
21 70
21 73
21 74
21 85
21 87
21 89
21 91
21 93
21 97
22 1
22 6
22 7
22 8
22 14
22 15
22 19
22 20
22 21
22 26
22 28
22 30
22 32
22 35
22 38
22 40
22 41
22 48
22 51
22 52
22 54
22 59
22 61
22 63
22 64
22 67
22 68
22 69
22 70
22 71
22 75
22 76
22 77
22 80
22 82
22 87
22 88
22 90
22 92
22 96
22 98
23 1
23 4
23 6
23 7
23 8
23 9
23 10
23 11
23 15
23 19
23 23
23 24
23 25
23 26
23 28
23 29
23 31
23 32
23 33
23 34
23 35
23 41
23 47
23 48
23 51
23 52
23 54
23 56
23 57
23 58
23 59
23 64
23 67
23 73
23 75
23 77
23 78
23 79
23 80
23 83
23 84
23 86
23 90
23 98
23 99
24 0
24 6
24 8
24 9
24 11
24 13
24 15
24 17
24 19
24 20
24 23
24 24
24 26
24 33
24 34
24 36
24 40
24 46
24 47
24 48
24 49
24 52
24 53
24 54
24 56
24 59
24 61
24 63
24 68
24 69
24 76
24 77
24 83
24 84
24 87
24 89
24 90
24 92
24 93
24 95
24 96
24 98
25 0
25 1
25 5
25 7
25 11
25 14
25 15
25 16
25 19
25 20
25 24
25 26
25 28
25 30
25 33
25 34
25 36
25 42
25 49
25 52
25 55
25 56
25 57
25 59
25 60
25 61
25 65
25 66
25 68
25 71
25 72
25 78
25 81
25 83
25 85
25 88
25 91
25 95
25 97
26 0
26 3
26 4
26 7
26 8
26 10
26 11
26 12
26 13
26 14
26 20
26 23
26 30
26 31
26 33
26 34
26 36
26 38
26 42
26 53
26 54
26 55
26 56
26 58
26 59
26 60
26 61
26 62
26 64
26 65
26 66
26 73
26 76
26 77
26 78
26 79
26 80
26 81
26 82
26 89
26 91
26 93
26 95
27 1
27 2
27 4
27 5
27 9
27 13
27 15
27 16
27 17
27 19
27 21
27 22
27 24
27 27
27 30
27 31
27 32
27 36
27 37
27 41
27 42
27 43
27 49
27 53
27 57
27 58
27 64
27 65
27 67
27 75
27 79
27 81
27 82
27 84
27 85
27 91
27 94
27 96
27 97
27 98
27 99
28 1
28 6
28 7
28 8
28 9
28 11
28 12
28 17
28 18
28 20
28 26
28 27
28 28
28 29
28 30
28 31
28 33
28 38
28 39
28 40
28 42
28 43
28 46
28 49
28 50
28 53
28 56
28 57
28 59
28 61
28 62
28 65
28 66
28 68
28 71
28 72
28 74
28 76
28 77
28 78
28 83
28 84
28 85
28 86
28 89
28 90
28 93
28 99
29 0
29 2
29 3
29 6
29 9
29 19
29 21
29 22
29 27
29 34
29 35
29 36
29 40
29 43
29 45
29 52
29 54
29 55
29 56
29 60
29 61
29 62
29 63
29 67
29 69
29 72
29 73
29 80
29 85
29 86
29 87
29 89
29 90
29 91
29 92
29 93
29 95
29 99
30 1
30 3
30 5
30 9
30 15
30 17
30 18
30 19
30 21
30 23
30 24
30 25
30 29
30 31
30 35
30 36
30 38
30 39
30 40
30 41
30 46
30 48
30 51
30 53
30 57
30 61
30 62
30 64
30 65
30 68
30 71
30 80
30 82
30 87
30 89
30 92
30 93
30 94
30 96
30 98
30 99
31 1
31 2
31 3
31 8
31 12
31 13
31 16
31 21
31 22
31 25
31 26
31 29
31 30
31 31
31 34
31 38
31 40
31 44
31 50
31 57
31 58
31 59
31 62
31 65
31 66
31 72
31 75
31 76
31 84
31 85
31 86
31 89
31 91
31 92
31 93
31 95
31 96
32 0
32 5
32 8
32 10
32 12
32 16
32 18
32 19
32 20
32 21
32 27
32 33
32 46
32 52
32 53
32 54
32 55
32 62
32 66
32 70
32 72
32 75
32 77
32 79
32 81
32 87
32 89
32 96
32 97
33 1
33 8
33 11
33 12
33 27
33 30
33 31
33 33
33 37
33 38
33 41
33 44
33 46
33 47
33 50
33 54
33 62
33 65
33 66
33 70
33 72
33 76
33 78
33 79
33 80
33 83
33 84
33 87
33 89
33 92
33 93
33 94
33 97
34 2
34 3
34 7
34 9
34 10
34 15
34 19
34 22
34 26
34 28
34 29
34 31
34 32
34 35
34 36
34 37
34 38
34 39
34 40
34 43
34 44
34 49
34 51
34 52
34 53
34 54
34 58
34 59
34 62
34 63
34 64
34 66
34 67
34 68
34 70
34 71
34 73
34 80
34 83
34 85
34 87
34 88
34 89
34 93
34 94
34 95
34 97
34 99
35 0
35 4
35 7
35 8
35 9
35 10
35 12
35 13
35 14
35 15
35 16
35 17
35 35
35 36
35 43
35 46
35 48
35 49
35 50
35 53
35 54
35 55
35 58
35 60
35 63
35 65
35 69
35 70
35 71
35 72
35 73
35 74
35 75
35 77
35 79
35 81
35 82
35 85
35 92
35 97
35 99
36 5
36 6
36 10
36 15
36 18
36 21
36 30
36 32
36 34
36 36
36 37
36 38
36 39
36 51
36 54
36 56
36 60
36 66
36 67
36 69
36 72
36 75
36 77
36 84
36 86
36 87
36 91
36 92
36 93
36 95
36 98
36 99
37 0
37 3
37 4
37 5
37 7
37 9
37 10
37 12
37 13
37 14
37 15
37 19
37 22
37 23
37 24
37 27
37 29
37 35
37 36
37 37
37 42
37 45
37 46
37 48
37 51
37 53
37 56
37 58
37 62
37 64
37 66
37 68
37 73
37 74
37 75
37 76
37 79
37 81
37 82
37 94
37 95
37 97
37 98
37 99
38 2
38 5
38 8
38 13
38 14
38 15
38 18
38 23
38 25
38 26
38 27
38 29
38 30
38 31
38 32
38 33
38 35
38 37
38 38
38 39
38 40
38 43
38 44
38 45
38 47
38 49
38 50
38 53
38 55
38 60
38 62
38 63
38 64
38 66
38 67
38 68
38 69
38 70
38 75
38 76
38 78
38 81
38 84
38 90
38 94
38 98
38 99
39 0
39 1
39 11
39 15
39 18
39 20
39 21
39 26
39 27
39 28
39 30
39 31
39 33
39 35
39 37
39 41
39 45
39 48
39 51
39 53
39 54
39 59
39 64
39 67
39 69
39 70
39 71
39 74
39 75
39 79
39 81
39 87
39 90
39 93
39 95
39 96
39 99
40 1
40 4
40 8
40 12
40 15
40 16
40 17
40 20
40 22
40 23
40 26
40 30
40 33
40 38
40 44
40 46
40 48
40 49
40 51
40 53
40 57
40 58
40 62
40 63
40 67
40 68
40 70
40 72
40 76
40 85
40 92
40 93
40 94
40 95
40 98
40 99
41 1
41 2
41 6
41 7
41 8
41 15
41 19
41 22
41 23
41 24
41 30
41 32
41 33
41 39
41 41
41 44
41 45
41 46
41 49
41 51
41 57
41 63
41 64
41 70
41 78
41 80
41 82
41 83
41 87
41 88
41 89
41 91
41 93
41 94
41 96
42 1
42 5
42 6
42 10
42 11
42 15
42 17
42 18
42 19
42 22
42 28
42 30
42 36
42 37
42 40
42 47
42 48
42 49
42 50
42 52
42 53
42 54
42 57
42 59
42 69
42 70
42 71
42 75
42 76
42 77
42 80
42 83
42 84
42 87
42 89
42 90
42 94
42 95
43 1
43 2
43 5
43 7
43 8
43 10
43 14
43 20
43 22
43 23
43 28
43 29
43 30
43 33
43 35
43 36
43 38
43 39
43 40
43 42
43 45
43 49
43 51
43 52
43 53
43 54
43 57
43 58
43 61
43 64
43 65
43 69
43 71
43 74
43 77
43 78
43 81
43 82
43 86
43 89
43 90
43 92
43 94
43 95
43 96
44 2
44 3
44 6
44 7
44 10
44 12
44 24
44 25
44 28
44 30
44 31
44 32
44 33
44 34
44 36
44 37
44 38
44 39
44 44
44 46
44 49
44 50
44 51
44 52
44 53
44 55
44 60
44 61
44 62
44 63
44 66
44 67
44 68
44 69
44 72
44 73
44 74
44 76
44 86
44 89
44 90
44 91
44 92
44 93
44 95
44 97
45 0
45 5
45 9
45 10
45 12
45 14
45 15
45 18
45 20
45 22
45 23
45 25
45 27
45 28
45 30
45 32
45 33
45 34
45 37
45 38
45 46
45 48
45 49
45 54
45 59
45 63
45 64
45 65
45 69
45 73
45 75
45 78
45 79
45 80
45 81
45 84
45 87
45 90
45 92
45 94
45 96
45 97
46 1
46 3
46 6
46 8
46 16
46 24
46 26
46 29
46 30
46 32
46 34
46 41
46 51
46 53
46 55
46 56
46 57
46 58
46 59
46 61
46 63
46 68
46 72
46 76
46 78
46 79
46 80
46 82
46 83
46 85
46 88
46 91
46 92
46 94
46 97
47 0
47 1
47 2
47 3
47 5
47 7
47 8
47 13
47 16
47 17
47 18
47 22
47 26
47 27
47 29
47 32
47 33
47 37
47 39
47 40
47 42
47 45
47 51
47 52
47 53
47 55
47 56
47 57
47 60
47 62
47 63
47 64
47 68
47 69
47 76
47 77
47 86
47 87
47 89
47 91
47 92
47 94
47 98
48 8
48 9
48 10
48 12
48 14
48 15
48 19
48 20
48 27
48 29
48 33
48 34
48 37
48 38
48 41
48 45
48 48
48 49
48 51
48 57
48 59
48 60
48 63
48 65
48 68
48 73
48 74
48 77
48 79
48 80
48 81
48 85
48 87
48 90
48 93
48 94
48 95
48 96
48 97
48 99
49 1
49 5
49 10
49 15
49 16
49 17
49 20
49 23
49 25
49 30
49 31
49 36
49 44
49 48
49 49
49 57
49 61
49 63
49 65
49 67
49 68
49 69
49 71
49 72
49 73
49 75
49 76
49 77
49 78
49 83
49 86
49 89
49 90
49 91
49 92
49 93
49 94
49 95
50 1
50 3
50 4
50 6
50 10
50 15
50 18
50 20
50 21
50 27
50 29
50 30
50 32
50 37
50 39
50 41
50 42
50 46
50 53
50 56
50 57
50 58
50 60
50 61
50 62
50 63
50 68
50 70
50 71
50 72
50 76
50 78
50 80
50 81
50 83
50 85
50 86
50 91
50 96
50 99
51 6
51 8
51 9
51 12
51 14
51 16
51 21
51 22
51 25
51 37
51 45
51 46
51 48
51 50
51 55
51 59
51 61
51 62
51 65
51 66
51 67
51 68
51 69
51 70
51 73
51 74
51 78
51 81
51 83
51 85
51 93
51 94
51 96
51 97
52 5
52 7
52 8
52 12
52 13
52 14
52 18
52 20
52 21
52 22
52 24
52 25
52 28
52 29
52 30
52 31
52 32
52 33
52 35
52 36
52 37
52 40
52 44
52 48
52 52
52 53
52 54
52 55
52 56
52 57
52 58
52 59
52 61
52 66
52 69
52 71
52 74
52 78
52 84
52 85
52 87
52 90
52 93
52 94
52 97
52 99
53 7
53 8
53 10
53 16
53 17
53 20
53 21
53 22
53 31
53 33
53 37
53 38
53 40
53 41
53 46
53 57
53 60
53 64
53 68
53 69
53 70
53 71
53 75
53 76
53 80
53 83
53 86
53 89
53 90
53 91
53 94
53 97
53 98
53 99
54 0
54 1
54 2
54 7
54 10
54 12
54 13
54 16
54 18
54 19
54 25
54 28
54 29
54 35
54 38
54 39
54 42
54 44
54 47
54 54
54 55
54 58
54 59
54 61
54 63
54 65
54 66
54 69
54 77
54 78
54 79
54 80
54 81
54 83
54 84
54 86
54 87
54 88
54 89
54 92
54 96
54 97
55 1
55 2
55 3
55 4
55 5
55 7
55 8
55 9
55 10
55 12
55 13
55 14
55 15
55 16
55 19
55 20
55 21
55 24
55 25
55 29
55 33
55 34
55 40
55 46
55 52
55 53
55 54
55 58
55 64
55 65
55 66
55 69
55 70
55 71
55 73
55 77
55 79
55 80
55 81
55 82
55 86
55 87
55 94
55 95
55 96
55 97
55 99
56 1
56 2
56 14
56 15
56 17
56 26
56 30
56 31
56 35
56 36
56 37
56 38
56 39
56 40
56 41
56 45
56 48
56 50
56 51
56 52
56 54
56 57
56 58
56 59
56 60
56 63
56 66
56 67
56 73
56 75
56 77
56 78
56 83
56 85
56 86
56 89
56 90
56 93
56 95
57 3
57 9
57 10
57 13
57 14
57 15
57 16
57 18
57 19
57 21
57 23
57 25
57 26
57 27
57 30
57 35
57 36
57 40
57 41
57 50
57 51
57 52
57 53
57 59
57 60
57 61
57 62
57 63
57 65
57 67
57 68
57 70
57 73
57 77
57 78
57 81
57 82
57 83
57 84
57 86
57 87
57 88
57 99
58 0
58 3
58 4
58 5
58 7
58 8
58 9
58 12
58 13
58 14
58 16
58 17
58 19
58 21
58 22
58 24
58 26
58 27
58 29
58 30
58 32
58 36
58 38
58 39
58 44
58 47
58 49
58 50
58 55
58 61
58 64
58 65
58 66
58 71
58 73
58 75
58 79
58 80
58 82
58 83
58 87
58 88
58 89
58 93
58 96
58 98
59 9
59 12
59 19
59 24
59 26
59 27
59 32
59 33
59 35
59 36
59 37
59 38
59 39
59 40
59 41
59 44
59 45
59 46
59 47
59 48
59 50
59 51
59 53
59 56
59 57
59 58
59 59
59 63
59 64
59 67
59 71
59 73
59 74
59 75
59 77
59 85
59 92
59 93
59 94
59 97
59 98
60 0
60 1
60 9
60 13
60 14
60 16
60 24
60 26
60 30
60 31
60 42
60 43
60 45
60 47
60 50
60 51
60 52
60 53
60 55
60 62
60 63
60 65
60 66
60 72
60 74
60 77
60 78
60 88
60 89
60 91
60 92
60 93
60 94
60 98
60 99
61 1
61 5
61 7
61 17
61 19
61 22
61 23
61 27
61 29
61 30
61 33
61 38
61 43
61 44
61 48
61 50
61 51
61 54
61 56
61 57
61 58
61 61
61 62
61 63
61 64
61 65
61 70
61 71
61 72
61 74
61 77
61 78
61 82
61 87
61 88
61 90
61 93
61 99
62 2
62 3
62 4
62 5
62 6
62 11
62 19
62 20
62 23
62 24
62 25
62 28
62 29
62 30
62 31
62 32
62 37
62 38
62 39
62 40
62 41
62 42
62 47
62 48
62 51
62 54
62 55
62 56
62 58
62 60
62 61
62 64
62 67
62 69
62 71
62 74
62 77
62 78
62 79
62 87
62 88
63 0
63 3
63 7
63 10
63 15
63 19
63 20
63 28
63 29
63 30
63 31
63 32
63 33
63 34
63 37
63 39
63 43
63 47
63 49
63 50
63 51
63 53
63 57
63 58
63 59
63 62
63 80
63 82
63 83
63 84
63 88
63 93
63 96
64 0
64 1
64 2
64 5
64 6
64 8
64 9
64 10
64 12
64 14
64 15
64 16
64 23
64 25
64 26
64 29
64 31
64 36
64 37
64 38
64 42
64 52
64 53
64 59
64 62
64 63
64 65
64 66
64 69
64 71
64 72
64 73
64 75
64 76
64 77
64 79
64 80
64 82
64 85
64 91
64 97
64 98
65 3
65 4
65 5
65 6
65 8
65 12
65 14
65 15
65 17
65 18
65 21
65 22
65 24
65 28
65 30
65 33
65 37
65 40
65 41
65 43
65 49
65 50
65 53
65 57
65 59
65 60
65 64
65 67
65 70
65 71
65 72
65 74
65 76
65 77
65 79
65 80
65 91
65 93
65 94
65 95
65 97
65 99
66 0
66 4
66 5
66 6
66 8
66 10
66 12
66 15
66 19
66 22
66 23
66 24
66 30
66 31
66 32
66 33
66 39
66 43
66 44
66 46
66 50
66 55
66 56
66 59
66 61
66 63
66 65
66 71
66 76
66 78
66 84
66 88
66 96
66 99
67 3
67 4
67 5
67 6
67 7
67 10
67 14
67 15
67 19
67 26
67 29
67 32
67 34
67 35
67 36
67 37
67 38
67 44
67 45
67 49
67 50
67 51
67 53
67 55
67 58
67 59
67 65
67 66
67 68
67 69
67 72
67 73
67 74
67 82
67 83
67 84
67 87
67 90
67 94
67 95
67 96
67 97
68 1
68 2
68 3
68 4
68 9
68 11
68 16
68 18
68 25
68 27
68 28
68 31
68 36
68 38
68 39
68 43
68 49
68 53
68 60
68 64
68 66
68 67
68 68
68 69
68 71
68 72
68 73
68 74
68 75
68 76
68 78
68 83
68 86
68 92
68 95
68 96
68 98
69 2
69 3
69 4
69 5
69 7
69 9
69 10
69 12
69 15
69 18
69 20
69 22
69 24
69 28
69 30
69 31
69 34
69 35
69 36
69 37
69 39
69 50
69 51
69 52
69 55
69 56
69 58
69 62
69 65
69 66
69 68
69 72
69 73
69 81
69 82
69 87
69 90
69 91
69 92
69 94
69 96
70 1
70 2
70 6
70 12
70 19
70 22
70 26
70 30
70 38
70 39
70 40
70 43
70 44
70 45
70 47
70 50
70 51
70 52
70 53
70 54
70 55
70 57
70 64
70 66
70 71
70 73
70 75
70 76
70 78
70 81
70 83
70 84
70 89
70 90
70 91
70 92
70 93
70 94
70 97
70 98
71 1
71 4
71 5
71 6
71 8
71 9
71 10
71 11
71 14
71 15
71 17
71 23
71 24
71 27
71 28
71 31
71 33
71 34
71 46
71 51
71 55
71 57
71 58
71 60
71 63
71 65
71 66
71 67
71 69
71 71
71 72
71 73
71 74
71 83
71 88
71 89
71 91
71 93
71 94
71 97
72 0
72 1
72 3
72 5
72 6
72 7
72 14
72 17
72 18
72 20
72 21
72 22
72 32
72 33
72 36
72 37
72 41
72 44
72 46
72 59
72 62
72 64
72 66
72 68
72 70
72 72
72 75
72 79
72 80
72 81
72 84
72 90
72 91
72 94
72 95
72 96
72 98
73 1
73 5
73 6
73 7
73 8
73 9
73 11
73 14
73 18
73 19
73 23
73 25
73 27
73 29
73 32
73 34
73 37
73 38
73 39
73 41
73 42
73 45
73 47
73 53
73 55
73 56
73 57
73 60
73 65
73 66
73 69
73 71
73 72
73 73
73 74
73 75
73 80
73 85
73 92
73 95
73 99
74 4
74 5
74 7
74 8
74 9
74 11
74 13
74 17
74 18
74 19
74 20
74 21
74 22
74 24
74 28
74 33
74 35
74 39
74 41
74 47
74 49
74 50
74 54
74 55
74 59
74 64
74 65
74 66
74 69
74 70
74 74
74 77
74 78
74 81
74 84
74 91
74 92
74 94
74 95
74 98
74 99
75 0
75 1
75 5
75 6
75 10
75 12
75 18
75 20
75 23
75 32
75 41
75 42
75 44
75 45
75 46
75 47
75 48
75 49
75 51
75 53
75 54
75 60
75 62
75 67
75 68
75 70
75 73
75 74
75 75
75 80
75 81
75 84
75 85
75 90
75 91
75 93
75 99
76 1
76 2
76 6
76 7
76 15
76 19
76 21
76 32
76 33
76 35
76 36
76 42
76 44
76 46
76 48
76 53
76 54
76 56
76 57
76 58
76 59
76 67
76 68
76 71
76 73
76 82
76 85
76 87
76 90
76 91
76 93
76 95
76 98
76 99
77 1
77 2
77 6
77 8
77 10
77 11
77 13
77 15
77 18
77 19
77 20
77 25
77 27
77 31
77 38
77 41
77 42
77 44
77 45
77 50
77 56
77 59
77 61
77 71
77 72
77 73
77 74
77 75
77 76
77 87
77 89
77 94
77 97
77 98
77 99
78 0
78 5
78 6
78 9
78 10
78 11
78 14
78 18
78 22
78 24
78 25
78 27
78 28
78 29
78 30
78 32
78 34
78 37
78 40
78 42
78 43
78 45
78 49
78 54
78 57
78 59
78 64
78 71
78 74
78 75
78 76
78 82
78 84
78 86
78 88
78 89
78 91
78 92
78 93
78 97
79 0
79 8
79 10
79 11
79 13
79 14
79 16
79 17
79 18
79 20
79 24
79 25
79 27
79 28
79 29
79 34
79 38
79 40
79 42
79 48
79 49
79 50
79 52
79 53
79 54
79 55
79 56
79 65
79 66
79 70
79 71
79 73
79 74
79 76
79 77
79 81
79 83
79 84
79 87
79 89
79 93
79 94
79 96
80 5
80 6
80 8
80 11
80 13
80 15
80 21
80 23
80 25
80 26
80 29
80 31
80 33
80 35
80 42
80 45
80 49
80 50
80 51
80 57
80 60
80 61
80 64
80 66
80 67
80 70
80 71
80 76
80 78
80 79
80 84
80 87
80 89
80 92
80 93
80 94
80 96
80 98
81 0
81 3
81 5
81 6
81 7
81 9
81 10
81 18
81 20
81 21
81 23
81 25
81 28
81 33
81 34
81 37
81 39
81 40
81 41
81 44
81 49
81 52
81 55
81 57
81 58
81 64
81 65
81 66
81 69
81 72
81 75
81 76
81 77
81 80
81 82
81 85
81 86
81 90
81 91
81 94
81 95
81 96
81 97
81 99
82 0
82 3
82 5
82 6
82 10
82 16
82 18
82 22
82 24
82 25
82 27
82 31
82 32
82 33
82 34
82 35
82 36
82 37
82 39
82 40
82 42
82 44
82 46
82 47
82 48
82 49
82 54
82 56
82 57
82 60
82 61
82 63
82 68
82 70
82 71
82 72
82 73
82 74
82 75
82 80
82 81
82 83
82 86
82 87
82 92
82 94
82 95
82 96
83 0
83 6
83 8
83 10
83 12
83 15
83 16
83 17
83 20
83 21
83 25
83 28
83 29
83 31
83 33
83 34
83 36
83 38
83 41
83 42
83 45
83 47
83 50
83 57
83 59
83 60
83 61
83 65
83 67
83 68
83 71
83 74
83 75
83 77
83 78
83 80
83 87
83 88
83 89
83 94
83 98
83 99
84 7
84 12
84 19
84 20
84 21
84 23
84 24
84 26
84 28
84 29
84 30
84 38
84 39
84 40
84 48
84 51
84 52
84 54
84 58
84 59
84 60
84 63
84 70
84 72
84 73
84 80
84 81
84 83
84 85
84 86
84 87
84 88
84 89
84 93
84 94
84 99
85 4
85 5
85 6
85 8
85 9
85 11
85 12
85 14
85 16
85 18
85 21
85 22
85 24
85 25
85 26
85 27
85 28
85 30
85 34
85 35
85 37
85 41
85 42
85 43
85 48
85 49
85 53
85 57
85 58
85 60
85 61
85 62
85 68
85 70
85 71
85 74
85 76
85 77
85 78
85 81
85 83
85 84
85 85
85 90
85 91
85 96
85 97
86 0
86 1
86 3
86 9
86 12
86 13
86 18
86 19
86 20
86 21
86 24
86 25
86 26
86 27
86 31
86 33
86 35
86 48
86 49
86 50
86 51
86 62
86 68
86 69
86 70
86 72
86 78
86 80
86 81
86 83
86 86
86 87
86 93
87 3
87 9
87 11
87 12
87 15
87 21
87 23
87 25
87 32
87 33
87 43
87 47
87 50
87 52
87 55
87 56
87 57
87 58
87 59
87 61
87 62
87 68
87 71
87 72
87 74
87 79
87 80
87 82
87 83
87 86
87 87
87 88
87 89
87 93
87 95
87 98
88 1
88 3
88 11
88 13
88 15
88 16
88 18
88 19
88 30
88 31
88 33
88 36
88 41
88 42
88 48
88 55
88 56
88 58
88 68
88 69
88 70
88 76
88 82
88 83
88 86
88 88
88 91
88 92
88 94
88 96
88 97
88 99
89 6
89 11
89 14
89 15
89 21
89 37
89 38
89 39
89 44
89 47
89 49
89 53
89 55
89 58
89 59
89 60
89 65
89 67
89 72
89 74
89 75
89 76
89 81
89 83
89 87
89 88
89 89
89 94
89 96
89 97
90 0
90 5
90 6
90 10
90 18
90 19
90 21
90 22
90 23
90 28
90 29
90 33
90 36
90 37
90 39
90 40
90 44
90 46
90 49
90 51
90 53
90 54
90 55
90 58
90 60
90 63
90 64
90 65
90 68
90 70
90 71
90 72
90 73
90 75
90 76
90 79
90 82
90 83
90 84
90 85
90 86
90 87
90 89
90 90
90 91
90 92
90 94
90 96
90 97
91 3
91 8
91 9
91 18
91 20
91 26
91 27
91 31
91 35
91 40
91 42
91 43
91 44
91 45
91 47
91 49
91 50
91 51
91 54
91 56
91 59
91 60
91 65
91 69
91 72
91 74
91 82
91 90
91 94
91 95
91 98
91 99
92 0
92 1
92 3
92 4
92 5
92 15
92 16
92 19
92 22
92 23
92 25
92 26
92 29
92 30
92 31
92 38
92 40
92 41
92 42
92 47
92 48
92 51
92 53
92 55
92 58
92 59
92 61
92 62
92 66
92 68
92 74
92 78
92 80
92 83
92 86
92 89
92 91
92 93
92 95
93 1
93 6
93 7
93 11
93 14
93 15
93 21
93 26
93 28
93 31
93 33
93 36
93 37
93 40
93 41
93 42
93 44
93 47
93 49
93 50
93 51
93 56
93 58
93 61
93 64
93 65
93 66
93 68
93 72
93 73
93 75
93 76
93 78
93 80
93 88
93 90
93 91
93 94
93 97
94 2
94 3
94 4
94 6
94 8
94 9
94 10
94 13
94 14
94 15
94 19
94 22
94 23
94 26
94 27
94 30
94 32
94 42
94 45
94 56
94 60
94 61
94 65
94 68
94 69
94 71
94 72
94 74
94 75
94 76
94 82
94 84
94 89
94 91
94 93
94 96
95 0
95 2
95 4
95 5
95 8
95 9
95 10
95 11
95 14
95 16
95 17
95 18
95 20
95 21
95 23
95 28
95 30
95 32
95 33
95 39
95 41
95 43
95 44
95 45
95 46
95 48
95 49
95 50
95 55
95 57
95 59
95 62
95 64
95 65
95 69
95 71
95 77
95 79
95 83
95 85
95 86
95 87
95 98
96 0
96 1
96 4
96 7
96 8
96 9
96 10
96 14
96 22
96 24
96 25
96 30
96 38
96 39
96 46
96 48
96 49
96 51
96 55
96 56
96 58
96 59
96 62
96 64
96 66
96 68
96 70
96 71
96 72
96 76
96 79
96 81
96 83
96 85
96 86
96 88
96 89
96 91
96 93
96 94
96 96
97 1
97 2
97 7
97 8
97 9
97 11
97 12
97 14
97 15
97 16
97 17
97 18
97 19
97 20
97 21
97 28
97 31
97 40
97 42
97 43
97 47
97 48
97 49
97 50
97 57
97 59
97 60
97 63
97 64
97 67
97 70
97 72
97 73
97 78
97 80
97 81
97 90
97 91
97 95
97 97
97 98
98 1
98 5
98 13
98 17
98 19
98 20
98 25
98 27
98 28
98 29
98 30
98 31
98 32
98 35
98 36
98 37
98 41
98 43
98 44
98 45
98 46
98 49
98 52
98 58
98 62
98 67
98 69
98 70
98 74
98 75
98 76
98 77
98 79
98 83
98 84
98 89
98 90
98 92
98 93
98 96
99 1
99 2
99 4
99 8
99 9
99 11
99 14
99 15
99 17
99 18
99 19
99 20
99 22
99 23
99 24
99 28
99 32
99 33
99 36
99 37
99 39
99 41
99 44
99 46
99 47
99 48
99 52
99 55
99 60
99 61
99 62
99 64
99 65
99 66
99 68
99 71
99 72
99 73
99 75
99 78
99 79
99 80
99 83
99 90
99 93
99 95
99 96
