140
7840
0 2
0 4
0 13
0 14
0 15
0 16
0 20
0 23
0 25
0 28
0 29
0 31
0 33
0 37
0 39
0 43
0 44
0 45
0 47
0 51
0 52
0 53
0 54
0 58
0 59
0 61
0 63
0 68
0 75
0 77
0 80
0 83
0 86
0 88
0 90
0 91
0 92
0 93
0 95
0 97
0 98
0 101
0 108
0 110
0 111
0 112
0 116
0 120
0 123
0 126
0 129
0 130
0 131
0 133
1 2
1 3
1 6
1 7
1 8
1 9
1 11
1 13
1 16
1 17
1 18
1 19
1 23
1 24
1 26
1 29
1 30
1 34
1 43
1 46
1 48
1 49
1 50
1 51
1 52
1 53
1 59
1 61
1 64
1 65
1 66
1 67
1 68
1 69
1 76
1 77
1 78
1 79
1 83
1 85
1 86
1 87
1 88
1 93
1 94
1 96
1 97
1 100
1 101
1 102
1 106
1 113
1 115
1 117
1 120
1 122
1 123
1 124
1 126
1 127
1 128
1 129
1 132
1 134
1 136
1 139
2 2
2 5
2 7
2 10
2 13
2 15
2 19
2 21
2 23
2 26
2 27
2 28
2 29
2 32
2 34
2 35
2 36
2 41
2 50
2 55
2 58
2 59
2 63
2 64
2 67
2 69
2 70
2 71
2 73
2 74
2 78
2 79
2 82
2 86
2 87
2 88
2 89
2 91
2 94
2 95
2 96
2 97
2 102
2 103
2 104
2 105
2 106
2 108
2 111
2 113
2 116
2 117
2 119
2 122
2 123
2 128
2 132
2 138
2 139
3 1
3 3
3 5
3 6
3 7
3 11
3 16
3 20
3 22
3 24
3 27
3 30
3 31
3 32
3 33
3 34
3 35
3 43
3 44
3 46
3 47
3 48
3 50
3 60
3 61
3 66
3 67
3 70
3 72
3 73
3 74
3 75
3 78
3 85
3 86
3 87
3 88
3 90
3 92
3 93
3 94
3 98
3 100
3 102
3 104
3 110
3 111
3 115
3 117
3 119
3 132
3 134
3 135
3 136
3 137
4 0
4 7
4 8
4 9
4 10
4 11
4 14
4 15
4 16
4 22
4 23
4 28
4 30
4 31
4 37
4 38
4 45
4 46
4 48
4 49
4 50
4 53
4 54
4 56
4 57
4 60
4 63
4 67
4 68
4 70
4 75
4 76
4 79
4 80
4 82
4 83
4 84
4 85
4 92
4 93
4 97
4 99
4 101
4 102
4 104
4 109
4 110
4 111
4 115
4 117
4 118
4 126
4 127
4 131
4 133
4 136
4 139
5 4
5 5
5 6
5 7
5 10
5 17
5 19
5 20
5 23
5 25
5 26
5 27
5 30
5 31
5 32
5 33
5 34
5 35
5 36
5 38
5 39
5 40
5 42
5 43
5 44
5 50
5 52
5 54
5 58
5 61
5 62
5 68
5 72
5 74
5 78
5 86
5 88
5 96
5 98
5 100
5 101
5 103
5 104
5 105
5 110
5 111
5 115
5 129
5 133
5 136
5 138
6 0
6 3
6 4
6 8
6 11
6 15
6 17
6 18
6 19
6 20
6 29
6 31
6 32
6 34
6 39
6 40
6 43
6 47
6 48
6 49
6 50
6 51
6 54
6 58
6 66
6 67
6 70
6 71
6 73
6 82
6 88
6 92
6 93
6 96
6 98
6 99
6 101
6 104
6 106
6 109
6 114
6 115
6 116
6 119
6 122
6 123
6 124
6 132
6 133
6 136
6 137
7 0
7 1
7 3
7 9
7 16
7 17
7 21
7 30
7 31
7 34
7 35
7 36
7 37
7 38
7 40
7 43
7 46
7 48
7 49
7 51
7 52
7 55
7 56
7 57
7 59
7 60
7 61
7 67
7 69
7 72
7 75
7 79
7 81
7 82
7 85
7 87
7 88
7 91
7 93
7 94
7 96
7 97
7 99
7 100
7 104
7 105
7 107
7 112
7 117
7 119
7 120
7 121
7 124
7 126
7 129
7 132
7 139
8 0
8 1
8 3
8 4
8 6
8 7
8 8
8 9
8 11
8 13
8 16
8 18
8 21
8 23
8 28
8 30
8 41
8 43
8 44
8 47
8 49
8 53
8 56
8 59
8 60
8 61
8 63
8 66
8 67
8 69
8 73
8 75
8 81
8 82
8 85
8 86
8 87
8 88
8 89
8 93
8 95
8 96
8 97
8 100
8 103
8 108
8 111
8 115
8 122
8 125
8 126
8 130
8 133
8 134
8 136
8 139
9 0
9 5
9 6
9 10
9 11
9 12
9 13
9 15
9 17
9 18
9 20
9 24
9 25
9 31
9 34
9 35
9 39
9 48
9 49
9 50
9 60
9 61
9 64
9 66
9 67
9 71
9 72
9 75
9 78
9 80
9 82
9 85
9 90
9 96
9 98
9 99
9 101
9 107
9 110
9 118
9 120
9 125
9 126
9 127
9 129
9 131
9 135
9 136
9 137
9 138
10 1
10 2
10 7
10 9
10 12
10 14
10 16
10 17
10 22
10 23
10 24
10 30
10 31
10 33
10 34
10 39
10 41
10 43
10 53
10 56
10 57
10 58
10 60
10 61
10 63
10 65
10 66
10 67
10 71
10 72
10 73
10 74
10 75
10 77
10 78
10 81
10 84
10 85
10 87
10 90
10 92
10 94
10 95
10 96
10 98
10 101
10 102
10 103
10 105
10 106
10 108
10 111
10 112
10 113
10 114
10 122
10 124
10 125
10 126
10 130
10 136
10 138
11 4
11 9
11 10
11 12
11 16
11 21
11 22
11 26
11 31
11 35
11 37
11 40
11 42
11 43
11 47
11 49
11 50
11 51
11 54
11 59
11 60
11 65
11 66
11 69
11 72
11 74
11 78
11 79
11 80
11 84
11 86
11 89
11 93
11 94
11 97
11 98
11 101
11 103
11 106
11 107
11 108
11 110
11 111
11 113
11 114
11 116
11 117
11 118
11 123
11 130
11 131
11 136
11 138
12 0
12 3
12 7
12 8
12 10
12 12
12 16
12 18
12 19
12 22
12 24
12 26
12 30
12 31
12 34
12 36
12 39
12 40
12 42
12 43
12 45
12 47
12 49
12 50
12 51
12 54
12 58
12 59
12 61
12 63
12 66
12 68
12 69
12 71
12 73
12 75
12 76
12 78
12 82
12 85
12 88
12 92
12 101
12 103
12 105
12 106
12 108
12 110
12 112
12 113
12 116
12 118
12 121
12 124
12 136
12 138
13 2
13 3
13 10
13 13
13 15
13 16
13 19
13 22
13 25
13 26
13 29
13 36
13 38
13 40
13 41
13 48
13 49
13 51
13 52
13 55
13 57
13 62
13 63
13 64
13 65
13 69
13 71
13 73
13 74
13 76
13 78
13 81
13 82
13 84
13 85
13 87
13 90
13 93
13 94
13 99
13 101
13 102
13 106
13 110
13 111
13 115
13 120
13 125
13 126
13 127
13 129
13 134
13 137
13 138
14 0
14 1
14 2
14 4
14 6
14 7
14 9
14 13
14 16
14 20
14 22
14 23
14 25
14 27
14 28
14 29
14 30
14 31
14 33
14 35
14 37
14 39
14 44
14 46
14 50
14 51
14 53
14 55
14 58
14 60
14 61
14 64
14 66
14 68
14 69
14 70
14 74
14 75
14 78
14 82
14 84
14 85
14 88
14 90
14 92
14 94
14 96
14 98
14 99
14 100
14 104
14 106
14 107
14 109
14 110
14 113
14 116
14 119
14 121
14 126
14 130
14 132
14 133
14 136
15 6
15 11
15 15
15 18
15 19
15 22
15 24
15 28
15 31
15 32
15 35
15 36
15 39
15 47
15 50
15 53
15 55
15 57
15 60
15 63
15 64
15 66
15 70
15 71
15 72
15 75
15 76
15 81
15 82
15 83
15 84
15 87
15 88
15 90
15 91
15 94
15 97
15 98
15 99
15 100
15 101
15 103
15 104
15 107
15 109
15 114
15 117
15 120
15 121
15 127
15 129
15 131
15 132
15 136
15 138
15 139
16 2
16 3
16 7
16 9
16 12
16 14
16 16
16 19
16 20
16 22
16 26
16 29
16 33
16 34
16 35
16 38
16 39
16 41
16 42
16 43
16 46
16 55
16 56
16 58
16 61
16 63
16 66
16 67
16 69
16 70
16 75
16 82
16 85
16 87
16 88
16 91
16 93
16 94
16 98
16 100
16 101
16 102
16 111
16 112
16 113
16 116
16 117
16 118
16 120
16 121
16 126
16 127
16 130
16 136
16 137
17 3
17 7
17 8
17 9
17 10
17 12
17 14
17 17
17 19
17 20
17 21
17 23
17 27
17 34
17 36
17 37
17 38
17 40
17 41
17 42
17 45
17 46
17 48
17 49
17 50
17 53
17 55
17 58
17 59
17 60
17 65
17 72
17 73
17 75
17 77
17 79
17 80
17 83
17 87
17 92
17 93
17 94
17 95
17 96
17 99
17 102
17 103
17 105
17 112
17 113
17 114
17 116
17 117
17 123
17 130
17 131
17 134
17 137
17 138
18 3
18 4
18 6
18 8
18 9
18 10
18 12
18 14
18 18
18 19
18 20
18 22
18 25
18 30
18 32
18 33
18 38
18 41
18 43
18 44
18 45
18 47
18 57
18 59
18 60
18 64
18 67
18 68
18 70
18 71
18 74
18 77
18 79
18 81
18 84
18 85
18 87
18 88
18 90
18 91
18 93
18 96
18 100
18 103
18 104
18 105
18 107
18 110
18 112
18 113
18 114
18 116
18 121
18 123
18 126
18 127
18 130
18 131
18 134
18 136
18 137
18 139
19 1
19 8
19 13
19 14
19 17
19 18
19 20
19 23
19 25
19 27
19 29
19 30
19 31
19 34
19 35
19 36
19 37
19 41
19 43
19 45
19 46
19 54
19 56
19 58
19 61
19 62
19 63
19 65
19 67
19 70
19 74
19 75
19 77
19 79
19 81
19 84
19 85
19 86
19 89
19 90
19 95
19 98
19 99
19 100
19 102
19 103
19 105
19 107
19 110
19 111
19 114
19 116
19 119
19 121
19 126
19 128
19 131
19 136
19 137
19 139
20 1
20 2
20 3
20 4
20 6
20 9
20 14
20 16
20 18
20 19
20 22
20 23
20 29
20 31
20 34
20 35
20 37
20 42
20 44
20 45
20 48
20 49
20 51
20 52
20 56
20 57
20 58
20 60
20 61
20 62
20 64
20 67
20 69
20 73
20 75
20 76
20 78
20 79
20 80
20 82
20 84
20 86
20 89
20 91
20 96
20 98
20 100
20 103
20 105
20 106
20 107
20 109
20 110
20 111
20 114
20 116
20 117
20 118
20 119
20 122
20 125
20 128
20 132
20 134
20 135
20 137
21 0
21 3
21 5
21 6
21 9
21 11
21 14
21 15
21 17
21 18
21 20
21 21
21 23
21 25
21 27
21 29
21 31
21 32
21 36
21 37
21 38
21 40
21 41
21 42
21 44
21 45
21 47
21 49
21 50
21 52
21 53
21 62
21 66
21 67
21 69
21 70
21 74
21 79
21 84
21 87
21 89
21 90
21 97
21 98
21 99
21 104
21 106
21 107
21 108
21 109
21 115
21 118
21 119
21 121
21 123
21 126
21 131
21 132
21 134
21 137
21 138
22 1
22 9
22 10
22 11
22 13
22 16
22 18
22 20
22 22
22 23
22 25
22 26
22 27
22 32
22 35
22 36
22 41
22 42
22 43
22 48
22 51
22 52
22 55
22 56
22 58
22 62
22 64
22 65
22 67
22 71
22 76
22 77
22 79
22 80
22 84
22 85
22 86
22 89
22 90
22 92
22 96
22 99
22 100
22 108
22 110
22 111
22 112
22 119
22 120
22 121
22 127
22 132
22 137
23 1
23 3
23 4
23 5
23 6
23 9
23 12
23 13
23 14
23 19
23 20
23 21
23 23
23 24
23 25
23 26
23 29
23 30
23 31
23 32
23 33
23 35
23 37
23 38
23 41
23 42
23 44
23 45
23 47
23 48
23 50
23 51
23 61
23 62
23 63
23 72
23 74
23 75
23 82
23 83
23 86
23 87
23 88
23 99
23 101
23 109
23 110
23 111
23 112
23 118
23 119
23 123
23 126
23 127
23 129
23 131
23 135
23 139
24 0
24 1
24 3
24 6
24 7
24 8
24 10
24 15
24 19
24 20
24 26
24 27
24 28
24 29
24 32
24 35
24 36
24 37
24 40
24 42
24 44
24 47
24 50
24 52
24 53
24 54
24 59
24 60
24 61
24 62
24 65
24 66
24 68
24 73
24 75
24 85
24 86
24 87
24 92
24 93
24 95
24 97
24 98
24 101
24 102
24 104
24 113
24 116
24 118
24 119
24 120
24 122
24 123
24 124
24 127
24 131
24 135
25 0
25 4
25 7
25 9
25 12
25 16
25 18
25 22
25 23
25 25
25 28
25 30
25 31
25 36
25 43
25 51
25 52
25 58
25 59
25 66
25 67
25 68
25 70
25 73
25 76
25 80
25 81
25 82
25 85
25 87
25 90
25 92
25 94
25 97
25 99
25 100
25 102
25 104
25 109
25 112
25 118
25 119
25 122
25 125
25 128
25 131
25 133
25 134
25 135
25 136
25 137
25 138
25 139
26 3
26 5
26 7
26 13
26 18
26 21
26 25
26 26
26 33
26 34
26 35
26 36
26 38
26 42
26 43
26 44
26 46
26 48
26 49
26 50
26 53
26 56
26 57
26 60
26 64
26 65
26 66
26 69
26 70
26 74
26 77
26 78
26 80
26 81
26 82
26 84
26 86
26 87
26 88
26 89
26 90
26 94
26 95
26 97
26 99
26 102
26 106
26 113
26 117
26 118
26 119
26 120
26 122
26 124
26 126
26 127
26 128
26 129
26 130
26 131
26 134
27 1
27 3
27 5
27 10
27 11
27 12
27 15
27 16
27 17
27 19
27 27
27 28
27 30
27 32
27 35
27 37
27 39
27 40
27 43
27 44
27 45
27 46
27 47
27 48
27 49
27 50
27 51
27 53
27 58
27 59
27 63
27 65
27 67
27 70
27 72
27 76
27 79
27 80
27 87
27 91
27 93
27 94
27 97
27 99
27 101
27 102
27 103
27 106
27 107
27 109
27 110
27 111
27 114
27 116
27 119
27 120
27 121
27 124
27 128
27 132
27 136
27 138
27 139
28 2
28 5
28 6
28 7
28 9
28 11
28 12
28 14
28 15
28 18
28 20
28 21
28 24
28 25
28 28
28 31
28 32
28 33
28 40
28 42
28 43
28 44
28 45
28 52
28 53
28 55
28 62
28 64
28 69
28 74
28 85
28 86
28 90
28 92
28 94
28 95
28 99
28 105
28 106
28 111
28 112
28 113
28 114
28 120
28 124
28 127
28 129
28 134
28 135
28 136
28 137
28 138
29 1
29 2
29 3
29 4
29 8
29 11
29 14
29 15
29 16
29 18
29 20
29 21
29 22
29 24
29 26
29 30
29 32
29 34
29 36
29 37
29 39
29 42
29 45
29 46
29 49
29 50
29 58
29 61
29 62
29 63
29 69
29 72
29 73
29 74
29 77
29 79
29 81
29 82
29 83
29 90
29 92
29 96
29 100
29 101
29 106
29 112
29 116
29 117
29 118
29 119
29 120
29 121
29 122
29 124
29 125
29 128
29 129
29 131
29 132
29 138
30 5
30 9
30 12
30 15
30 17
30 18
30 19
30 21
30 22
30 26
30 28
30 29
30 30
30 32
30 33
30 36
30 39
30 41
30 42
30 44
30 49
30 50
30 51
30 52
30 53
30 56
30 58
30 61
30 62
30 63
30 66
30 72
30 81
30 84
30 89
30 90
30 91
30 95
30 96
30 98
30 99
30 100
30 101
30 103
30 104
30 105
30 107
30 111
30 112
30 113
30 115
30 120
30 123
30 130
30 136
30 138
31 3
31 5
31 7
31 14
31 15
31 16
31 20
31 22
31 23
31 24
31 26
31 27
31 28
31 29
31 30
31 33
31 36
31 39
31 41
31 42
31 44
31 46
31 47
31 49
31 51
31 53
31 54
31 56
31 62
31 65
31 66
31 70
31 77
31 78
31 84
31 90
31 91
31 92
31 94
31 95
31 98
31 100
31 102
31 103
31 105
31 106
31 111
31 114
31 116
31 122
31 123
31 126
31 127
31 129
31 130
31 131
31 136
32 1
32 2
32 6
32 7
32 11
32 12
32 15
32 23
32 24
32 25
32 26
32 28
32 29
32 31
32 32
32 40
32 43
32 45
32 47
32 49
32 50
32 54
32 55
32 56
32 57
32 59
32 60
32 62
32 64
32 69
32 71
32 79
32 82
32 84
32 85
32 86
32 87
32 90
32 91
32 92
32 94
32 95
32 96
32 111
32 113
32 121
32 122
32 123
32 125
32 126
32 127
32 128
32 131
32 137
33 0
33 5
33 7
33 8
33 10
33 12
33 14
33 15
33 17
33 18
33 19
33 26
33 28
33 29
33 30
33 32
33 34
33 35
33 37
33 42
33 45
33 51
33 52
33 55
33 60
33 61
33 62
33 68
33 69
33 78
33 81
33 82
33 84
33 87
33 89
33 90
33 95
33 96
33 100
33 102
33 103
33 111
33 112
33 114
33 115
33 119
33 121
33 124
33 125
33 126
33 128
33 129
33 131
33 132
33 134
33 135
33 136
33 137
33 139
34 0
34 2
34 4
34 5
34 7
34 8
34 9
34 16
34 20
34 23
34 24
34 25
34 27
34 29
34 32
34 35
34 36
34 38
34 40
34 41
34 42
34 45
34 46
34 47
34 49
34 50
34 61
34 64
34 68
34 73
34 74
34 75
34 79
34 82
34 87
34 88
34 90
34 91
34 93
34 94
34 97
34 99
34 100
34 103
34 104
34 105
34 106
34 107
34 112
34 113
34 115
34 116
34 119
34 120
34 121
34 124
34 128
34 129
34 133
34 136
34 138
34 139
35 0
35 2
35 6
35 7
35 9
35 16
35 17
35 19
35 24
35 25
35 30
35 34
35 37
35 43
35 44
35 48
35 52
35 57
35 58
35 62
35 63
35 65
35 67
35 73
35 74
35 75
35 79
35 82
35 84
35 89
35 92
35 93
35 95
35 97
35 99
35 100
35 103
35 105
35 106
35 112
35 117
35 120
35 121
35 122
35 123
35 125
35 126
35 129
35 132
35 134
36 0
36 1
36 5
36 7
36 14
36 16
36 22
36 23
36 28
36 36
36 38
36 39
36 40
36 43
36 45
36 48
36 49
36 51
36 54
36 60
36 66
36 67
36 71
36 72
36 79
36 82
36 86
36 88
36 91
36 93
36 94
36 96
36 99
36 101
36 106
36 112
36 113
36 116
36 122
36 126
36 129
36 133
36 136
36 137
37 1
37 16
37 18
37 19
37 20
37 21
37 28
37 32
37 33
37 34
37 36
37 38
37 39
37 49
37 51
37 52
37 54
37 58
37 62
37 65
37 66
37 67
37 70
37 72
37 83
37 84
37 87
37 88
37 89
37 90
37 92
37 94
37 96
37 99
37 101
37 103
37 104
37 105
37 107
37 112
37 116
37 120
37 121
37 125
37 127
37 128
37 129
37 137
38 1
38 4
38 8
38 9
38 11
38 14
38 15
38 18
38 20
38 22
38 27
38 30
38 31
38 39
38 42
38 44
38 48
38 59
38 61
38 62
38 64
38 66
38 68
38 69
38 73
38 77
38 81
38 82
38 84
38 85
38 86
38 87
38 88
38 89
38 93
38 100
38 103
38 105
38 106
38 108
38 109
38 113
38 117
38 121
38 123
38 124
38 125
38 128
38 130
38 134
38 137
39 0
39 2
39 3
39 7
39 9
39 11
39 13
39 14
39 17
39 18
39 19
39 21
39 22
39 23
39 25
39 28
39 29
39 30
39 33
39 37
39 39
39 41
39 42
39 43
39 50
39 51
39 53
39 55
39 56
39 60
39 63
39 65
39 68
39 71
39 73
39 75
39 76
39 79
39 80
39 83
39 84
39 85
39 88
39 91
39 93
39 94
39 100
39 102
39 103
39 104
39 105
39 109
39 111
39 116
39 120
39 121
39 122
39 123
39 128
39 130
39 134
39 137
40 1
40 3
40 4
40 6
40 8
40 9
40 11
40 12
40 13
40 16
40 21
40 29
40 43
40 45
40 47
40 50
40 53
40 55
40 59
40 61
40 62
40 63
40 64
40 66
40 67
40 68
40 69
40 70
40 73
40 76
40 77
40 81
40 83
40 85
40 86
40 87
40 94
40 97
40 98
40 104
40 106
40 108
40 109
40 110
40 111
40 114
40 117
40 122
40 124
40 125
40 127
40 129
40 139
41 7
41 9
41 14
41 16
41 17
41 22
41 23
41 24
41 25
41 36
41 37
41 40
41 41
41 43
41 45
41 47
41 50
41 63
41 67
41 71
41 75
41 76
41 79
41 80
41 86
41 88
41 91
41 92
41 94
41 96
41 97
41 100
41 108
41 119
41 129
41 130
41 135
41 139
42 2
42 5
42 6
42 8
42 11
42 12
42 15
42 16
42 20
42 21
42 22
42 23
42 26
42 28
42 34
42 38
42 41
42 43
42 45
42 48
42 49
42 51
42 52
42 54
42 55
42 62
42 63
42 65
42 66
42 68
42 69
42 70
42 72
42 73
42 75
42 77
42 79
42 81
42 84
42 86
42 88
42 92
42 96
42 97
42 99
42 100
42 101
42 104
42 109
42 115
42 119
42 121
42 123
42 126
42 127
42 128
42 132
42 133
42 136
42 139
43 0
43 5
43 6
43 7
43 9
43 18
43 20
43 27
43 29
43 31
43 32
43 33
43 39
43 40
43 43
43 44
43 45
43 46
43 48
43 49
43 54
43 60
43 64
43 65
43 67
43 70
43 71
43 73
43 81
43 83
43 84
43 87
43 89
43 90
43 94
43 96
43 97
43 98
43 100
43 102
43 103
43 105
43 109
43 113
43 115
43 116
43 117
43 118
43 119
43 121
43 123
43 124
43 128
43 129
43 130
43 132
43 133
43 136
43 138
44 0
44 1
44 3
44 5
44 8
44 9
44 10
44 16
44 20
44 23
44 25
44 26
44 28
44 29
44 30
44 31
44 33
44 34
44 36
44 37
44 38
44 42
44 43
44 48
44 52
44 53
44 59
44 63
44 66
44 68
44 69
44 71
44 72
44 73
44 75
44 76
44 77
44 79
44 80
44 85
44 86
44 90
44 91
44 94
44 95
44 97
44 100
44 107
44 109
44 111
44 112
44 113
44 115
44 119
44 123
44 124
44 130
44 132
44 133
45 0
45 2
45 3
45 10
45 11
45 12
45 17
45 19
45 21
45 23
45 24
45 25
45 28
45 31
45 32
45 33
45 34
45 35
45 37
45 42
45 43
45 45
45 47
45 48
45 51
45 54
45 55
45 56
45 57
45 59
45 60
45 61
45 62
45 64
45 65
45 66
45 67
45 72
45 74
45 76
45 77
45 81
45 83
45 84
45 88
45 92
45 94
45 95
45 99
45 102
45 104
45 109
45 111
45 112
45 113
45 116
45 117
45 122
45 123
45 126
45 130
45 136
46 1
46 2
46 4
46 5
46 6
46 8
46 13
46 16
46 19
46 21
46 22
46 24
46 26
46 28
46 33
46 34
46 36
46 38
46 41
46 44
46 47
46 49
46 51
46 52
46 55
46 59
46 66
46 71
46 72
46 77
46 78
46 81
46 83
46 84
46 87
46 93
46 95
46 96
46 97
46 98
46 100
46 109
46 110
46 113
46 114
46 116
46 117
46 121
46 123
46 124
46 128
46 130
46 132
46 134
46 137
46 139
47 0
47 5
47 7
47 9
47 10
47 11
47 14
47 17
47 18
47 19
47 21
47 23
47 25
47 26
47 28
47 29
47 35
47 42
47 44
47 46
47 47
47 51
47 53
47 54
47 55
47 56
47 58
47 61
47 62
47 63
47 75
47 76
47 80
47 81
47 85
47 86
47 88
47 89
47 92
47 97
47 99
47 101
47 103
47 105
47 109
47 110
47 112
47 116
47 118
47 128
47 129
47 130
47 132
47 134
47 136
47 138
48 3
48 6
48 9
48 10
48 11
48 16
48 19
48 28
48 30
48 31
48 36
48 38
48 40
48 41
48 42
48 44
48 45
48 46
48 48
48 49
48 53
48 55
48 56
48 57
48 60
48 61
48 62
48 63
48 67
48 69
48 71
48 72
48 74
48 75
48 77
48 81
48 83
48 88
48 89
48 90
48 91
48 95
48 100
48 102
48 103
48 110
48 116
48 118
48 121
48 125
48 126
48 128
48 130
48 131
48 135
48 136
49 2
49 3
49 6
49 8
49 10
49 12
49 13
49 15
49 19
49 20
49 21
49 22
49 23
49 24
49 27
49 28
49 30
49 34
49 36
49 40
49 44
49 49
49 52
49 53
49 55
49 56
49 59
49 61
49 67
49 68
49 72
49 73
49 74
49 78
49 81
49 82
49 88
49 89
49 92
49 93
49 97
49 99
49 108
49 109
49 112
49 120
49 122
49 123
49 126
49 127
49 128
49 130
49 131
49 132
49 133
49 136
49 137
49 138
50 2
50 3
50 4
50 9
50 12
50 14
50 17
50 19
50 20
50 22
50 27
50 28
50 35
50 40
50 42
50 46
50 47
50 49
50 51
50 55
50 58
50 62
50 63
50 64
50 69
50 74
50 75
50 76
50 79
50 80
50 87
50 88
50 90
50 91
50 92
50 95
50 97
50 99
50 112
50 113
50 114
50 118
50 120
50 127
50 129
50 136
50 139
51 3
51 5
51 6
51 9
51 11
51 12
51 20
51 21
51 22
51 24
51 25
51 26
51 32
51 36
51 37
51 42
51 47
51 49
51 50
51 51
51 52
51 56
51 59
51 64
51 66
51 77
51 79
51 81
51 82
51 84
51 85
51 86
51 95
51 96
51 99
51 100
51 103
51 105
51 106
51 107
51 110
51 111
51 114
51 116
51 117
51 120
51 121
51 123
51 125
51 126
51 129
51 133
51 136
51 139
52 0
52 8
52 10
52 13
52 14
52 16
52 18
52 20
52 22
52 24
52 27
52 31
52 34
52 37
52 38
52 41
52 47
52 48
52 50
52 54
52 62
52 66
52 70
52 75
52 77
52 78
52 79
52 81
52 82
52 89
52 94
52 96
52 97
52 98
52 103
52 104
52 105
52 109
52 111
52 115
52 119
52 120
52 122
52 123
52 125
52 128
52 130
52 136
52 137
53 1
53 10
53 11
53 13
53 14
53 15
53 17
53 18
53 21
53 23
53 25
53 26
53 27
53 28
53 30
53 32
53 38
53 40
53 42
53 46
53 47
53 48
53 55
53 58
53 59
53 63
53 64
53 69
53 71
53 75
53 76
53 78
53 85
53 86
53 89
53 96
53 97
53 102
53 104
53 107
53 109
53 111
53 113
53 115
53 116
53 118
53 119
53 121
53 122
53 123
53 124
53 126
53 127
53 128
53 129
53 130
53 131
54 3
54 6
54 12
54 13
54 18
54 20
54 25
54 30
54 33
54 34
54 37
54 39
54 40
54 42
54 43
54 44
54 45
54 47
54 49
54 50
54 52
54 56
54 58
54 60
54 62
54 63
54 65
54 67
54 68
54 69
54 70
54 71
54 74
54 75
54 80
54 83
54 84
54 86
54 87
54 89
54 92
54 97
54 99
54 100
54 101
54 102
54 104
54 108
54 109
54 113
54 116
54 122
54 126
54 127
54 131
54 132
54 133
54 137
54 138
55 1
55 3
55 4
55 5
55 6
55 8
55 10
55 19
55 20
55 21
55 24
55 26
55 28
55 29
55 31
55 32
55 34
55 35
55 39
55 43
55 44
55 46
55 49
55 54
55 60
55 62
55 64
55 65
55 66
55 68
55 69
55 71
55 72
55 73
55 74
55 77
55 81
55 83
55 85
55 86
55 89
55 98
55 101
55 103
55 107
55 116
55 118
55 119
55 120
55 121
55 122
55 123
55 124
55 130
55 131
55 132
55 134
55 135
55 136
55 137
56 2
56 7
56 8
56 14
56 15
56 17
56 19
56 21
56 23
56 30
56 31
56 32
56 34
56 36
56 43
56 47
56 49
56 55
56 63
56 64
56 66
56 67
56 68
56 70
56 72
56 77
56 79
56 82
56 87
56 92
56 96
56 101
56 102
56 103
56 104
56 113
56 129
56 130
56 133
56 134
56 135
56 137
56 138
56 139
57 1
57 3
57 5
57 8
57 9
57 10
57 11
57 15
57 18
57 22
57 36
57 37
57 39
57 40
57 43
57 44
57 52
57 55
57 58
57 59
57 60
57 63
57 67
57 72
57 75
57 76
57 81
57 83
57 85
57 93
57 96
57 105
57 107
57 110
57 111
57 113
57 117
57 120
57 121
57 122
57 124
57 127
57 129
57 130
57 133
57 134
57 136
57 139
58 2
58 3
58 5
58 7
58 10
58 11
58 12
58 16
58 17
58 19
58 22
58 23
58 27
58 28
58 29
58 31
58 36
58 39
58 40
58 41
58 44
58 47
58 52
58 54
58 57
58 59
58 61
58 67
58 69
58 70
58 73
58 74
58 75
58 78
58 88
58 90
58 91
58 92
58 94
58 95
58 99
58 101
58 105
58 108
58 111
58 113
58 117
58 123
58 127
58 128
58 129
58 130
58 132
58 138
59 1
59 3
59 4
59 5
59 6
59 8
59 9
59 11
59 13
59 14
59 15
59 19
59 21
59 30
59 32
59 33
59 38
59 44
59 49
59 54
59 59
59 60
59 61
59 62
59 65
59 66
59 67
59 70
59 75
59 76
59 82
59 84
59 100
59 102
59 105
59 111
59 112
59 115
59 119
59 120
59 121
59 123
59 124
59 125
59 126
59 127
59 128
59 129
59 130
59 132
59 136
59 138
59 139
60 2
60 3
60 4
60 10
60 11
60 12
60 16
60 19
60 22
60 29
60 30
60 31
60 34
60 35
60 37
60 38
60 41
60 45
60 48
60 54
60 55
60 56
60 60
60 63
60 65
60 66
60 69
60 70
60 71
60 72
60 73
60 75
60 76
60 85
60 87
60 89
60 93
60 100
60 104
60 107
60 108
60 109
60 110
60 111
60 114
60 118
60 121
60 122
60 123
60 124
60 125
60 127
60 128
60 130
60 131
61 1
61 6
61 9
61 13
61 16
61 17
61 22
61 23
61 27
61 32
61 33
61 34
61 35
61 38
61 41
61 42
61 44
61 45
61 52
61 57
61 61
61 62
61 63
61 72
61 74
61 79
61 90
61 93
61 95
61 97
61 100
61 102
61 106
61 108
61 118
61 119
61 122
61 124
61 127
61 129
61 135
61 136
61 138
62 1
62 5
62 7
62 8
62 12
62 22
62 23
62 25
62 31
62 33
62 37
62 41
62 42
62 43
62 44
62 47
62 49
62 51
62 53
62 54
62 55
62 56
62 58
62 72
62 73
62 74
62 77
62 79
62 80
62 82
62 84
62 85
62 87
62 89
62 97
62 101
62 107
62 108
62 110
62 113
62 114
62 115
62 117
62 118
62 119
62 121
62 123
62 124
62 125
62 128
62 129
62 130
62 131
62 132
62 134
62 135
62 136
62 139
63 3
63 5
63 8
63 19
63 20
63 21
63 23
63 24
63 32
63 33
63 35
63 37
63 38
63 39
63 41
63 42
63 44
63 47
63 48
63 52
63 54
63 60
63 62
63 63
63 64
63 70
63 73
63 74
63 77
63 78
63 80
63 82
63 87
63 90
63 93
63 95
63 99
63 100
63 105
63 108
63 110
63 114
63 115
63 116
63 119
63 120
63 125
63 136
63 137
63 138
64 5
64 6
64 8
64 9
64 11
64 13
64 19
64 20
64 22
64 23
64 24
64 28
64 29
64 30
64 31
64 32
64 35
64 40
64 42
64 43
64 45
64 48
64 50
64 53
64 54
64 55
64 59
64 66
64 67
64 68
64 69
64 72
64 74
64 77
64 80
64 82
64 83
64 85
64 91
64 92
64 93
64 94
64 101
64 102
64 103
64 104
64 106
64 113
64 121
64 123
64 124
64 127
64 129
64 130
64 131
64 133
65 0
65 1
65 3
65 4
65 6
65 14
65 15
65 17
65 22
65 24
65 27
65 31
65 34
65 38
65 40
65 43
65 44
65 49
65 51
65 52
65 54
65 56
65 61
65 63
65 64
65 72
65 73
65 77
65 79
65 81
65 82
65 87
65 89
65 92
65 96
65 97
65 98
65 100
65 102
65 103
65 105
65 106
65 108
65 116
65 117
65 121
65 129
65 131
65 132
65 138
65 139
66 1
66 3
66 6
66 8
66 9
66 12
66 13
66 18
66 19
66 20
66 26
66 28
66 29
66 30
66 31
66 32
66 37
66 39
66 42
66 43
66 47
66 49
66 52
66 54
66 56
66 57
66 62
66 69
66 75
66 80
66 83
66 84
66 92
66 94
66 96
66 98
66 99
66 102
66 106
66 107
66 109
66 110
66 111
66 114
66 116
66 117
66 120
66 122
66 124
66 131
66 133
66 134
66 135
66 136
66 137
66 138
66 139
67 5
67 7
67 12
67 19
67 21
67 22
67 24
67 26
67 31
67 33
67 34
67 36
67 37
67 38
67 47
67 48
67 50
67 55
67 56
67 57
67 59
67 60
67 62
67 63
67 68
67 72
67 73
67 82
67 83
67 85
67 88
67 92
67 94
67 97
67 100
67 101
67 113
67 114
67 115
67 116
67 117
67 120
67 122
67 125
67 126
67 130
67 131
67 132
67 134
67 136
68 0
68 4
68 5
68 6
68 7
68 8
68 13
68 14
68 16
68 17
68 19
68 20
68 21
68 22
68 24
68 25
68 28
68 29
68 31
68 43
68 44
68 46
68 48
68 49
68 51
68 52
68 54
68 56
68 60
68 63
68 65
68 66
68 69
68 74
68 80
68 81
68 82
68 83
68 84
68 86
68 91
68 92
68 100
68 101
68 103
68 104
68 106
68 107
68 108
68 112
68 113
68 119
68 120
68 121
68 124
68 127
68 129
68 130
68 132
68 133
68 135
68 137
68 138
69 1
69 6
69 7
69 10
69 11
69 12
69 14
69 16
69 18
69 20
69 21
69 22
69 23
69 24
69 26
69 30
69 34
69 35
69 36
69 38
69 39
69 42
69 45
69 47
69 48
69 53
69 55
69 56
69 60
69 61
69 65
69 66
69 67
69 70
69 71
69 73
69 75
69 76
69 77
69 78
69 80
69 81
69 82
69 83
69 84
69 94
69 96
69 100
69 107
69 110
69 114
69 117
69 118
69 121
69 122
69 124
69 128
69 133
69 139
70 0
70 1
70 2
70 5
70 6
70 7
70 8
70 9
70 11
70 12
70 13
70 14
70 21
70 22
70 24
70 26
70 33
70 34
70 37
70 39
70 40
70 42
70 44
70 45
70 46
70 49
70 54
70 58
70 71
70 78
70 79
70 81
70 83
70 84
70 85
70 88
70 90
70 92
70 94
70 96
70 99
70 100
70 101
70 102
70 103
70 104
70 106
70 110
70 111
70 112
70 113
70 114
70 115
70 120
70 121
70 124
70 127
70 128
70 130
70 139
71 1
71 2
71 3
71 5
71 7
71 8
71 9
71 11
71 23
71 26
71 27
71 31
71 33
71 34
71 35
71 45
71 46
71 49
71 54
71 60
71 66
71 68
71 70
71 73
71 75
71 78
71 79
71 81
71 82
71 86
71 88
71 93
71 96
71 103
71 106
71 109
71 110
71 111
71 112
71 114
71 122
71 127
71 131
71 132
71 133
71 134
71 138
72 0
72 3
72 4
72 11
72 13
72 16
72 17
72 18
72 19
72 24
72 25
72 26
72 28
72 31
72 32
72 35
72 38
72 39
72 40
72 46
72 48
72 50
72 51
72 52
72 55
72 56
72 60
72 62
72 69
72 71
72 79
72 82
72 83
72 87
72 89
72 90
72 95
72 98
72 101
72 110
72 111
72 116
72 118
72 119
72 121
72 125
72 128
72 129
72 130
72 133
72 139
73 1
73 3
73 5
73 6
73 11
73 12
73 17
73 18
73 20
73 22
73 24
73 27
73 32
73 33
73 36
73 38
73 39
73 40
73 49
73 50
73 53
73 55
73 58
73 65
73 66
73 67
73 68
73 73
73 74
73 75
73 78
73 79
73 80
73 85
73 88
73 89
73 95
73 96
73 100
73 102
73 103
73 104
73 106
73 107
73 110
73 111
73 116
73 117
73 120
73 122
73 123
73 124
73 125
73 127
73 130
73 133
73 135
73 138
73 139
74 0
74 5
74 6
74 7
74 8
74 9
74 10
74 11
74 15
74 18
74 22
74 23
74 24
74 26
74 27
74 29
74 30
74 36
74 39
74 40
74 42
74 43
74 44
74 45
74 49
74 50
74 53
74 54
74 56
74 58
74 61
74 66
74 67
74 68
74 69
74 70
74 76
74 78
74 79
74 80
74 81
74 84
74 85
74 88
74 90
74 91
74 95
74 98
74 102
74 103
74 107
74 113
74 115
74 117
74 119
74 120
74 121
74 126
74 127
74 133
74 135
74 136
74 137
74 139
75 2
75 6
75 8
75 11
75 12
75 16
75 21
75 23
75 24
75 26
75 27
75 29
75 30
75 32
75 34
75 35
75 36
75 42
75 45
75 47
75 52
75 66
75 71
75 80
75 82
75 83
75 86
75 88
75 89
75 92
75 93
75 96
75 97
75 98
75 100
75 103
75 104
75 108
75 109
75 112
75 113
75 115
75 117
75 122
75 123
75 128
75 130
75 131
75 133
75 138
76 1
76 3
76 4
76 5
76 6
76 7
76 8
76 11
76 12
76 13
76 14
76 17
76 22
76 23
76 24
76 25
76 26
76 28
76 29
76 37
76 39
76 45
76 46
76 48
76 50
76 56
76 57
76 60
76 61
76 66
76 67
76 69
76 71
76 73
76 74
76 77
76 79
76 80
76 81
76 86
76 90
76 92
76 93
76 95
76 96
76 98
76 100
76 101
76 102
76 103
76 104
76 105
76 108
76 112
76 113
76 116
76 121
76 123
76 127
76 128
76 129
76 132
76 133
76 134
76 139
77 2
77 5
77 8
77 9
77 12
77 15
77 17
77 19
77 21
77 22
77 25
77 26
77 27
77 30
77 38
77 42
77 43
77 45
77 49
77 50
77 51
77 58
77 60
77 64
77 65
77 66
77 71
77 73
77 74
77 81
77 82
77 84
77 85
77 88
77 90
77 91
77 92
77 96
77 98
77 99
77 101
77 104
77 106
77 110
77 113
77 114
77 115
77 116
77 117
77 122
77 123
77 125
77 126
77 127
77 128
77 133
77 134
77 135
77 138
77 139
78 0
78 4
78 5
78 9
78 14
78 15
78 16
78 17
78 18
78 19
78 25
78 28
78 30
78 33
78 35
78 36
78 41
78 44
78 45
78 53
78 54
78 56
78 58
78 59
78 62
78 63
78 72
78 74
78 76
78 77
78 78
78 79
78 81
78 83
78 86
78 88
78 89
78 91
78 94
78 97
78 99
78 101
78 103
78 106
78 107
78 111
78 114
78 118
78 130
78 131
78 132
78 138
78 139
79 0
79 1
79 3
79 4
79 5
79 7
79 9
79 10
79 11
79 12
79 16
79 19
79 23
79 24
79 27
79 28
79 30
79 35
79 39
79 41
79 45
79 46
79 49
79 51
79 54
79 55
79 56
79 57
79 65
79 66
79 68
79 70
79 71
79 73
79 74
79 76
79 77
79 78
79 81
79 86
79 87
79 88
79 89
79 94
79 97
79 100
79 101
79 105
79 106
79 109
79 110
79 115
79 118
79 119
79 124
79 127
79 128
79 132
79 134
79 135
79 136
79 137
80 1
80 2
80 4
80 6
80 8
80 9
80 10
80 11
80 14
80 17
80 20
80 21
80 27
80 28
80 29
80 31
80 33
80 36
80 37
80 39
80 40
80 45
80 48
80 50
80 52
80 55
80 57
80 58
80 60
80 62
80 64
80 69
80 72
80 75
80 77
80 79
80 80
80 83
80 84
80 85
80 87
80 91
80 94
80 97
80 104
80 105
80 109
80 112
80 119
80 120
80 124
80 125
80 126
80 133
80 135
80 137
80 139
81 3
81 5
81 6
81 11
81 12
81 19
81 20
81 21
81 24
81 26
81 31
81 32
81 38
81 43
81 49
81 50
81 53
81 54
81 56
81 58
81 60
81 62
81 64
81 65
81 66
81 67
81 68
81 70
81 72
81 75
81 76
81 80
81 81
81 82
81 84
81 85
81 86
81 88
81 97
81 98
81 101
81 104
81 105
81 118
81 123
81 126
81 127
81 129
81 132
81 135
81 137
81 138
81 139
82 0
82 2
82 4
82 6
82 9
82 10
82 12
82 13
82 17
82 18
82 20
82 23
82 27
82 28
82 30
82 32
82 34
82 46
82 47
82 48
82 53
82 55
82 56
82 57
82 59
82 63
82 64
82 66
82 67
82 68
82 72
82 73
82 76
82 77
82 78
82 79
82 84
82 85
82 88
82 89
82 90
82 92
82 94
82 95
82 99
82 102
82 111
82 113
82 114
82 115
82 120
82 122
82 124
82 125
82 127
82 129
82 132
82 133
82 134
82 135
82 136
82 137
83 0
83 2
83 5
83 8
83 9
83 10
83 11
83 14
83 15
83 16
83 17
83 18
83 21
83 25
83 27
83 30
83 36
83 45
83 48
83 49
83 52
83 53
83 56
83 57
83 58
83 62
83 63
83 66
83 70
83 71
83 76
83 77
83 81
83 86
83 89
83 90
83 94
83 108
83 113
83 118
83 126
83 127
83 128
83 131
83 132
84 0
84 1
84 2
84 7
84 11
84 13
84 14
84 16
84 22
84 25
84 26
84 29
84 30
84 33
84 38
84 40
84 43
84 46
84 51
84 53
84 56
84 57
84 64
84 66
84 68
84 69
84 74
84 76
84 81
84 83
84 88
84 90
84 93
84 94
84 95
84 103
84 111
84 112
84 116
84 117
84 118
84 121
84 122
84 123
84 125
84 130
84 134
84 135
84 138
84 139
85 0
85 1
85 2
85 3
85 8
85 9
85 15
85 17
85 18
85 19
85 21
85 22
85 25
85 27
85 39
85 58
85 59
85 69
85 72
85 74
85 77
85 80
85 81
85 82
85 83
85 85
85 88
85 89
85 90
85 94
85 96
85 97
85 98
85 99
85 100
85 103
85 106
85 108
85 112
85 117
85 119
85 120
85 122
85 123
85 124
85 125
85 126
85 129
85 130
85 132
85 133
85 134
85 135
86 0
86 1
86 4
86 5
86 7
86 9
86 11
86 12
86 13
86 15
86 16
86 17
86 19
86 20
86 21
86 22
86 25
86 32
86 33
86 34
86 38
86 39
86 40
86 46
86 47
86 48
86 50
86 51
86 55
86 56
86 57
86 58
86 59
86 60
86 61
86 63
86 68
86 73
86 76
86 79
86 85
86 86
86 87
86 88
86 91
86 93
86 95
86 99
86 105
86 113
86 117
86 120
86 122
86 124
86 125
86 126
86 128
86 131
86 132
86 133
86 135
86 136
87 8
87 15
87 21
87 23
87 24
87 25
87 27
87 32
87 34
87 37
87 39
87 41
87 42
87 44
87 45
87 49
87 52
87 56
87 58
87 61
87 62
87 64
87 65
87 66
87 68
87 72
87 75
87 80
87 83
87 91
87 96
87 100
87 103
87 105
87 108
87 111
87 116
87 117
87 119
87 122
87 126
87 131
87 132
87 134
87 139
88 1
88 8
88 13
88 14
88 15
88 23
88 25
88 28
88 30
88 34
88 35
88 36
88 41
88 43
88 44
88 45
88 47
88 48
88 50
88 52
88 53
88 57
88 58
88 65
88 66
88 69
88 70
88 74
88 77
88 83
88 84
88 85
88 92
88 94
88 97
88 98
88 101
88 104
88 105
88 106
88 107
88 108
88 109
88 110
88 111
88 112
88 113
88 114
88 119
88 123
88 124
88 128
88 130
88 134
88 135
88 136
88 139
89 3
89 4
89 7
89 9
89 10
89 11
89 12
89 14
89 15
89 16
89 17
89 19
89 20
89 22
89 23
89 26
89 27
89 28
89 30
89 31
89 35
89 36
89 50
89 53
89 60
89 62
89 63
89 66
89 67
89 69
89 71
89 72
89 74
89 77
89 78
89 80
89 81
89 84
89 89
89 91
89 97
89 99
89 101
89 104
89 111
89 115
89 117
89 119
89 120
89 122
89 124
89 125
89 126
89 127
90 1
90 7
90 9
90 13
90 16
90 18
90 19
90 20
90 21
90 24
90 27
90 32
90 33
90 38
90 39
90 42
90 48
90 52
90 58
90 61
90 64
90 66
90 71
90 73
90 76
90 77
90 79
90 81
90 82
90 83
90 88
90 90
90 92
90 93
90 95
90 96
90 97
90 99
90 100
90 102
90 103
90 104
90 107
90 110
90 111
90 113
90 115
90 121
90 123
90 124
90 128
90 130
90 132
90 134
90 137
91 1
91 5
91 6
91 7
91 8
91 9
91 11
91 21
91 22
91 23
91 26
91 30
91 40
91 43
91 44
91 46
91 47
91 49
91 51
91 52
91 53
91 54
91 56
91 57
91 65
91 66
91 69
91 72
91 73
91 76
91 79
91 81
91 82
91 85
91 87
91 90
91 91
91 93
91 98
91 102
91 104
91 107
91 111
91 112
91 113
91 114
91 115
91 125
91 126
91 128
91 131
91 135
92 1
92 2
92 5
92 9
92 12
92 13
92 15
92 19
92 21
92 39
92 40
92 41
92 42
92 48
92 49
92 51
92 54
92 56
92 57
92 64
92 66
92 67
92 72
92 77
92 79
92 82
92 83
92 87
92 89
92 93
92 98
92 100
92 111
92 112
92 114
92 122
92 123
92 125
92 130
92 133
92 134
92 136
92 137
92 138
93 0
93 1
93 3
93 4
93 5
93 6
93 20
93 21
93 26
93 33
93 34
93 37
93 41
93 44
93 46
93 48
93 52
93 53
93 54
93 57
93 61
93 62
93 63
93 66
93 71
93 77
93 78
93 80
93 81
93 82
93 83
93 85
93 87
93 88
93 89
93 90
93 92
93 93
93 94
93 97
93 101
93 103
93 109
93 111
93 112
93 113
93 114
93 116
93 117
93 120
93 122
93 124
93 131
93 135
93 136
93 137
94 0
94 1
94 2
94 3
94 4
94 5
94 6
94 9
94 16
94 17
94 20
94 23
94 27
94 28
94 29
94 30
94 31
94 34
94 35
94 38
94 39
94 41
94 45
94 47
94 48
94 49
94 57
94 60
94 70
94 72
94 75
94 77
94 78
94 87
94 88
94 92
94 93
94 95
94 101
94 103
94 104
94 105
94 110
94 115
94 116
94 117
94 118
94 119
94 121
94 122
94 123
94 129
94 131
94 136
94 138
94 139
95 0
95 2
95 7
95 11
95 12
95 13
95 14
95 15
95 17
95 18
95 19
95 20
95 24
95 27
95 32
95 34
95 35
95 36
95 39
95 42
95 44
95 47
95 51
95 53
95 56
95 57
95 59
95 61
95 62
95 64
95 65
95 72
95 74
95 77
95 78
95 80
95 81
95 82
95 83
95 86
95 87
95 96
95 98
95 99
95 102
95 112
95 114
95 115
95 116
95 117
95 122
95 123
95 124
95 125
95 126
95 127
95 128
95 129
95 134
95 135
95 138
95 139
96 0
96 2
96 4
96 9
96 11
96 17
96 18
96 19
96 22
96 23
96 25
96 28
96 29
96 31
96 34
96 35
96 38
96 41
96 42
96 44
96 45
96 47
96 49
96 52
96 53
96 56
96 61
96 62
96 64
96 68
96 71
96 73
96 81
96 84
96 87
96 88
96 92
96 94
96 96
96 99
96 106
96 107
96 109
96 110
96 113
96 117
96 118
96 122
96 126
96 128
96 131
96 132
96 134
96 137
96 138
96 139
97 0
97 2
97 4
97 5
97 6
97 9
97 14
97 18
97 21
97 26
97 30
97 32
97 35
97 37
97 41
97 43
97 44
97 45
97 49
97 50
97 51
97 53
97 55
97 56
97 57
97 61
97 66
97 75
97 76
97 79
97 83
97 87
97 96
97 97
97 100
97 103
97 104
97 108
97 112
97 113
97 114
97 115
97 117
97 119
97 120
97 121
97 125
97 126
97 129
97 136
97 137
97 139
98 0
98 5
98 7
98 10
98 11
98 13
98 14
98 16
98 17
98 22
98 23
98 24
98 26
98 27
98 28
98 30
98 31
98 32
98 36
98 42
98 43
98 44
98 45
98 47
98 50
98 52
98 57
98 58
98 63
98 65
98 66
98 67
98 68
98 72
98 73
98 74
98 75
98 76
98 77
98 79
98 85
98 89
98 91
98 99
98 102
98 103
98 105
98 110
98 114
98 115
98 118
98 121
98 122
98 124
98 125
98 129
98 132
98 135
98 136
99 1
99 4
99 7
99 9
99 12
99 17
99 18
99 20
99 21
99 23
99 25
99 26
99 31
99 32
99 34
99 36
99 37
99 39
99 42
99 43
99 45
99 50
99 56
99 57
99 58
99 59
99 61
99 63
99 64
99 66
99 67
99 69
99 73
99 75
99 77
99 80
99 81
99 84
99 85
99 86
99 91
99 92
99 93
99 95
99 104
99 105
99 106
99 109
99 110
99 111
99 112
99 113
99 115
99 116
99 118
99 120
99 122
99 124
99 126
99 129
99 132
99 135
99 136
99 138
100 0
100 3
100 7
100 9
100 11
100 15
100 16
100 20
100 23
100 26
100 27
100 28
100 31
100 34
100 37
100 42
100 44
100 51
100 53
100 55
100 57
100 60
100 61
100 62
100 63
100 67
100 69
100 71
100 73
100 76
100 78
100 79
100 82
100 85
100 87
100 89
100 93
100 94
100 95
100 96
100 98
100 101
100 102
100 104
100 109
100 111
100 112
100 113
100 114
100 116
100 118
100 120
100 121
100 125
100 127
100 128
100 135
100 136
100 138
100 139
101 2
101 3
101 6
101 8
101 9
101 14
101 23
101 24
101 25
101 27
101 31
101 33
101 38
101 41
101 43
101 44
101 45
101 49
101 53
101 54
101 59
101 61
101 62
101 63
101 65
101 66
101 67
101 69
101 70
101 73
101 75
101 76
101 78
101 80
101 93
101 94
101 100
101 101
101 102
101 103
101 106
101 112
101 114
101 116
101 120
101 123
101 129
101 131
101 133
101 139
102 1
102 2
102 3
102 8
102 10
102 12
102 16
102 17
102 19
102 25
102 27
102 30
102 31
102 35
102 36
102 37
102 38
102 40
102 41
102 44
102 48
102 49
102 50
102 51
102 52
102 53
102 56
102 59
102 60
102 63
102 73
102 75
102 78
102 79
102 81
102 82
102 84
102 86
102 87
102 105
102 108
102 112
102 114
102 117
102 119
102 127
102 132
102 133
102 136
102 137
102 138
103 0
103 2
103 3
103 8
103 9
103 11
103 15
103 17
103 22
103 23
103 24
103 29
103 33
103 34
103 39
103 40
103 46
103 48
103 51
103 52
103 53
103 55
103 62
103 64
103 65
103 67
103 69
103 70
103 72
103 74
103 75
103 76
103 77
103 78
103 79
103 81
103 83
103 86
103 87
103 90
103 93
103 94
103 104
103 115
103 120
103 121
103 122
103 124
103 128
103 130
103 133
103 135
103 136
103 137
103 139
104 6
104 8
104 9
104 10
104 14
104 17
104 18
104 19
104 20
104 28
104 29
104 31
104 37
104 38
104 40
104 42
104 45
104 46
104 52
104 56
104 57
104 61
104 65
104 67
104 69
104 73
104 74
104 75
104 76
104 82
104 83
104 86
104 87
104 88
104 96
104 97
104 102
104 104
104 105
104 106
104 108
104 109
104 113
104 114
104 115
104 117
104 122
104 123
104 124
104 125
104 128
104 131
104 133
104 134
104 136
104 137
105 4
105 8
105 14
105 15
105 16
105 19
105 20
105 22
105 27
105 30
105 34
105 35
105 36
105 37
105 39
105 43
105 44
105 45
105 47
105 48
105 51
105 52
105 53
105 56
105 57
105 58
105 62
105 70
105 71
105 75
105 76
105 77
105 81
105 85
105 86
105 87
105 91
105 92
105 93
105 94
105 95
105 96
105 104
105 106
105 109
105 110
105 111
105 112
105 114
105 115
105 120
105 121
105 122
105 124
105 126
105 131
105 134
105 135
106 2
106 3
106 5
106 7
106 8
106 9
106 13
106 14
106 22
106 24
106 25
106 26
106 27
106 28
106 32
106 35
106 36
106 37
106 38
106 40
106 41
106 42
106 46
106 47
106 48
106 51
106 52
106 53
106 57
106 59
106 62
106 66
106 67
106 69
106 77
106 83
106 84
106 85
106 91
106 92
106 93
106 94
106 95
106 96
106 97
106 98
106 100
106 104
106 106
106 108
106 114
106 115
106 117
106 118
106 119
106 120
106 121
106 123
106 124
106 126
106 129
106 130
106 132
106 133
106 136
106 138
106 139
107 3
107 4
107 8
107 12
107 13
107 14
107 16
107 17
107 19
107 20
107 23
107 28
107 30
107 32
107 34
107 35
107 36
107 37
107 38
107 39
107 40
107 42
107 44
107 46
107 51
107 53
107 54
107 59
107 64
107 65
107 66
107 68
107 71
107 72
107 75
107 86
107 90
107 91
107 92
107 99
107 100
107 103
107 105
107 107
107 108
107 109
107 110
107 118
107 120
107 121
107 124
107 132
107 134
107 135
107 137
107 138
107 139
108 5
108 7
108 10
108 11
108 14
108 15
108 16
108 17
108 19
108 20
108 21
108 22
108 23
108 25
108 39
108 42
108 43
108 44
108 47
108 49
108 52
108 54
108 56
108 58
108 59
108 61
108 64
108 70
108 73
108 78
108 80
108 81
108 87
108 88
108 89
108 91
108 93
108 97
108 99
108 100
108 104
108 111
108 115
108 117
108 119
108 122
108 123
108 125
108 126
108 130
108 135
108 136
108 137
109 2
109 4
109 5
109 7
109 10
109 12
109 14
109 20
109 25
109 26
109 27
109 29
109 30
109 34
109 36
109 38
109 39
109 40
109 42
109 47
109 48
109 49
109 50
109 52
109 56
109 58
109 61
109 63
109 65
109 67
109 68
109 72
109 75
109 80
109 83
109 86
109 88
109 90
109 91
109 95
109 97
109 98
109 99
109 101
109 102
109 104
109 105
109 106
109 108
109 110
109 111
109 114
109 123
109 124
109 125
109 129
109 131
109 132
109 134
109 135
109 136
109 138
110 1
110 3
110 4
110 5
110 10
110 11
110 12
110 14
110 15
110 16
110 18
110 19
110 22
110 25
110 30
110 36
110 41
110 44
110 45
110 46
110 48
110 49
110 50
110 52
110 53
110 56
110 58
110 60
110 64
110 65
110 67
110 72
110 75
110 76
110 77
110 78
110 81
110 82
110 83
110 88
110 91
110 92
110 93
110 100
110 107
110 110
110 111
110 113
110 122
110 126
110 127
110 128
110 130
110 133
110 135
110 138
110 139
111 0
111 1
111 2
111 4
111 6
111 9
111 11
111 12
111 16
111 17
111 20
111 22
111 23
111 25
111 28
111 33
111 34
111 47
111 49
111 53
111 54
111 58
111 60
111 63
111 64
111 66
111 72
111 73
111 79
111 81
111 89
111 92
111 95
111 96
111 97
111 100
111 101
111 103
111 104
111 109
111 111
111 113
111 115
111 121
111 123
111 126
111 127
111 128
111 129
111 131
111 133
111 135
111 136
111 137
111 139
112 0
112 2
112 3
112 4
112 6
112 7
112 8
112 18
112 27
112 29
112 31
112 32
112 33
112 36
112 38
112 39
112 40
112 41
112 44
112 47
112 51
112 53
112 56
112 57
112 62
112 63
112 64
112 65
112 66
112 70
112 71
112 74
112 75
112 79
112 81
112 82
112 83
112 86
112 87
112 88
112 91
112 96
112 98
112 100
112 104
112 106
112 113
112 114
112 117
112 118
112 119
112 120
112 125
112 128
112 129
112 130
112 131
112 134
112 136
112 138
112 139
113 1
113 2
113 3
113 5
113 7
113 8
113 12
113 14
113 20
113 21
113 22
113 23
113 24
113 28
113 33
113 37
113 40
113 42
113 43
113 44
113 45
113 47
113 48
113 50
113 51
113 52
113 54
113 56
113 61
113 64
113 66
113 69
113 70
113 71
113 72
113 75
113 77
113 78
113 80
113 82
113 85
113 87
113 88
113 93
113 94
113 95
113 97
113 98
113 101
113 103
113 107
113 109
113 110
113 111
113 114
113 117
113 118
113 119
113 120
113 121
113 123
113 127
113 132
113 136
114 0
114 1
114 4
114 9
114 12
114 14
114 15
114 16
114 17
114 18
114 19
114 20
114 21
114 23
114 24
114 26
114 30
114 32
114 33
114 40
114 42
114 43
114 44
114 47
114 49
114 50
114 52
114 53
114 58
114 60
114 62
114 65
114 67
114 68
114 73
114 75
114 76
114 77
114 78
114 79
114 81
114 83
114 87
114 88
114 89
114 92
114 94
114 95
114 96
114 98
114 99
114 103
114 108
114 109
114 115
114 116
114 117
114 122
114 127
114 129
114 130
114 131
114 132
114 133
114 135
114 136
114 138
115 0
115 2
115 3
115 6
115 8
115 9
115 10
115 18
115 19
115 22
115 23
115 25
115 33
115 37
115 40
115 49
115 53
115 55
115 56
115 62
115 68
115 70
115 74
115 78
115 85
115 88
115 89
115 93
115 95
115 98
115 102
115 108
115 113
115 114
115 116
115 117
115 122
115 126
115 133
115 136
115 137
115 139
116 0
116 1
116 5
116 7
116 9
116 11
116 12
116 13
116 16
116 18
116 20
116 22
116 23
116 26
116 31
116 32
116 33
116 38
116 40
116 44
116 45
116 47
116 49
116 50
116 51
116 53
116 54
116 56
116 60
116 66
116 68
116 74
116 81
116 84
116 85
116 86
116 89
116 90
116 92
116 93
116 95
116 97
116 104
116 105
116 108
116 109
116 110
116 112
116 115
116 118
116 119
116 121
116 122
116 124
116 125
116 127
116 128
116 130
116 134
116 139
117 2
117 3
117 6
117 8
117 12
117 14
117 15
117 16
117 18
117 20
117 23
117 26
117 28
117 29
117 32
117 33
117 35
117 36
117 38
117 40
117 43
117 45
117 50
117 51
117 59
117 60
117 63
117 66
117 68
117 71
117 74
117 77
117 78
117 79
117 80
117 86
117 89
117 90
117 98
117 100
117 102
117 105
117 106
117 107
117 108
117 109
117 111
117 112
117 113
117 114
117 115
117 121
117 122
117 125
117 126
117 129
117 130
117 132
117 137
117 139
118 1
118 5
118 9
118 10
118 12
118 14
118 18
118 19
118 21
118 24
118 26
118 28
118 30
118 32
118 35
118 36
118 37
118 38
118 39
118 40
118 42
118 50
118 52
118 57
118 61
118 62
118 65
118 66
118 67
118 69
118 70
118 71
118 80
118 81
118 82
118 87
118 88
118 89
118 97
118 100
118 101
118 102
118 107
118 109
118 110
118 113
118 119
118 120
118 121
118 124
118 125
118 126
118 127
118 128
118 130
118 132
118 133
118 134
118 137
118 139
119 12
119 15
119 18
119 19
119 23
119 24
119 25
119 27
119 31
119 33
119 34
119 35
119 37
119 38
119 39
119 43
119 49
119 50
119 52
119 53
119 54
119 55
119 56
119 58
119 59
119 62
119 63
119 64
119 66
119 67
119 73
119 74
119 76
119 79
119 81
119 82
119 88
119 89
119 92
119 94
119 97
119 101
119 102
119 103
119 105
119 106
119 107
119 111
119 114
119 115
119 116
119 118
119 120
119 126
119 128
119 134
119 135
119 137
119 138
119 139
120 1
120 2
120 3
120 4
120 5
120 6
120 8
120 10
120 15
120 19
120 20
120 21
120 24
120 25
120 26
120 38
120 39
120 40
120 41
120 43
120 44
120 45
120 46
120 49
120 51
120 53
120 55
120 56
120 57
120 58
120 63
120 65
120 68
120 69
120 72
120 73
120 74
120 78
120 79
120 81
120 82
120 83
120 85
120 88
120 90
120 95
120 97
120 98
120 100
120 102
120 108
120 109
120 110
120 112
120 113
120 115
120 116
120 117
120 118
120 119
120 122
120 123
120 129
120 131
120 134
120 139
121 1
121 5
121 7
121 8
121 11
121 15
121 17
121 21
121 24
121 26
121 28
121 30
121 31
121 34
121 36
121 37
121 44
121 48
121 51
121 57
121 58
121 59
121 60
121 64
121 65
121 67
121 69
121 75
121 79
121 80
121 81
121 82
121 87
121 88
121 89
121 90
121 91
121 92
121 94
121 100
121 101
121 105
121 107
121 111
121 112
121 113
121 114
121 115
121 117
121 118
121 123
121 125
121 126
121 127
121 130
121 131
121 132
121 134
122 0
122 1
122 2
122 3
122 5
122 8
122 9
122 10
122 11
122 12
122 14
122 15
122 16
122 23
122 26
122 27
122 29
122 31
122 32
122 33
122 34
122 35
122 36
122 37
122 38
122 39
122 41
122 43
122 45
122 48
122 49
122 51
122 53
122 54
122 55
122 56
122 57
122 59
122 61
122 62
122 68
122 69
122 70
122 73
122 74
122 75
122 76
122 78
122 81
122 84
122 88
122 93
122 103
122 106
122 112
122 115
122 116
122 120
122 122
122 124
122 128
122 131
122 132
122 133
122 136
122 137
122 138
123 0
123 1
123 3
123 5
123 8
123 9
123 14
123 15
123 17
123 19
123 21
123 23
123 32
123 33
123 36
123 40
123 42
123 49
123 52
123 53
123 58
123 60
123 61
123 62
123 63
123 67
123 72
123 77
123 82
123 83
123 85
123 86
123 91
123 93
123 96
123 98
123 103
123 106
123 109
123 110
123 114
123 116
123 117
123 118
123 119
123 122
123 123
123 124
123 125
123 127
123 129
123 132
123 133
123 139
124 1
124 3
124 5
124 6
124 8
124 9
124 12
124 14
124 15
124 16
124 17
124 21
124 22
124 25
124 27
124 28
124 29
124 31
124 33
124 35
124 36
124 39
124 40
124 44
124 45
124 47
124 49
124 50
124 59
124 61
124 63
124 64
124 66
124 72
124 73
124 77
124 80
124 81
124 85
124 86
124 87
124 89
124 92
124 97
124 101
124 103
124 104
124 105
124 106
124 109
124 112
124 113
124 116
124 121
124 123
124 125
124 126
124 127
124 128
124 131
124 133
124 135
124 137
124 138
124 139
125 0
125 6
125 11
125 14
125 16
125 17
125 18
125 20
125 23
125 24
125 26
125 29
125 31
125 34
125 36
125 42
125 45
125 46
125 47
125 49
125 53
125 55
125 56
125 59
125 60
125 62
125 64
125 65
125 66
125 70
125 71
125 72
125 76
125 77
125 80
125 82
125 85
125 86
125 89
125 90
125 94
125 96
125 98
125 99
125 108
125 109
125 113
125 118
125 121
125 122
125 126
125 128
125 129
125 132
125 134
125 136
125 138
126 0
126 2
126 11
126 24
126 25
126 26
126 28
126 29
126 31
126 35
126 39
126 40
126 44
126 47
126 51
126 53
126 57
126 58
126 60
126 63
126 65
126 66
126 70
126 71
126 72
126 74
126 77
126 79
126 84
126 90
126 91
126 93
126 96
126 99
126 102
126 104
126 108
126 111
126 112
126 113
126 114
126 117
126 129
126 133
126 138
127 1
127 2
127 5
127 9
127 12
127 19
127 20
127 21
127 23
127 25
127 27
127 30
127 33
127 46
127 47
127 50
127 51
127 52
127 53
127 54
127 55
127 57
127 59
127 62
127 64
127 65
127 66
127 67
127 69
127 72
127 73
127 74
127 76
127 85
127 86
127 87
127 91
127 92
127 94
127 95
127 97
127 101
127 105
127 106
127 109
127 110
127 111
127 116
127 123
127 124
127 125
127 127
127 130
127 131
127 133
127 135
127 136
127 137
128 0
128 1
128 10
128 11
128 15
128 16
128 19
128 22
128 28
128 33
128 38
128 49
128 50
128 51
128 54
128 60
128 64
128 72
128 73
128 74
128 75
128 77
128 78
128 81
128 84
128 89
128 94
128 98
128 101
128 103
128 107
128 109
128 110
128 113
128 114
128 115
128 116
128 118
128 119
128 120
128 121
128 122
128 124
128 126
128 127
128 131
128 133
128 137
129 0
129 7
129 14
129 15
129 16
129 17
129 19
129 23
129 28
129 32
129 33
129 35
129 37
129 38
129 39
129 43
129 46
129 47
129 48
129 49
129 50
129 52
129 53
129 56
129 59
129 60
129 68
129 69
129 70
129 72
129 75
129 76
129 79
129 82
129 86
129 89
129 95
129 96
129 97
129 98
129 101
129 103
129 104
129 106
129 107
129 113
129 114
129 115
129 119
129 120
129 121
129 127
129 128
129 129
129 131
129 136
129 138
130 1
130 2
130 4
130 9
130 10
130 14
130 15
130 16
130 25
130 28
130 31
130 32
130 36
130 38
130 45
130 49
130 50
130 53
130 54
130 59
130 63
130 64
130 65
130 67
130 68
130 70
130 71
130 73
130 74
130 76
130 77
130 79
130 87
130 89
130 93
130 95
130 98
130 101
130 102
130 103
130 104
130 105
130 107
130 109
130 110
130 113
130 118
130 119
130 121
130 122
130 123
130 125
130 126
130 133
130 138
130 139
131 0
131 3
131 4
131 5
131 6
131 9
131 10
131 11
131 17
131 19
131 20
131 30
131 33
131 34
131 35
131 36
131 37
131 40
131 43
131 47
131 59
131 61
131 63
131 65
131 67
131 68
131 71
131 72
131 73
131 75
131 77
131 78
131 80
131 82
131 84
131 85
131 86
131 90
131 93
131 94
131 95
131 98
131 99
131 104
131 111
131 112
131 113
131 114
131 115
131 116
131 117
131 118
131 119
131 121
131 122
131 123
131 131
131 135
131 136
131 139
132 1
132 2
132 4
132 10
132 11
132 16
132 23
132 26
132 27
132 28
132 30
132 31
132 34
132 38
132 40
132 41
132 42
132 47
132 48
132 49
132 50
132 51
132 52
132 53
132 60
132 61
132 64
132 65
132 66
132 67
132 71
132 76
132 77
132 78
132 80
132 82
132 84
132 85
132 87
132 89
132 91
132 98
132 99
132 102
132 103
132 104
132 106
132 108
132 112
132 114
132 117
132 118
132 119
132 121
132 122
132 126
132 135
132 137
133 0
133 2
133 5
133 8
133 9
133 14
133 15
133 20
133 21
133 24
133 29
133 37
133 39
133 40
133 44
133 48
133 50
133 52
133 61
133 63
133 64
133 65
133 66
133 67
133 69
133 72
133 73
133 76
133 79
133 80
133 84
133 85
133 88
133 91
133 92
133 94
133 95
133 96
133 98
133 105
133 107
133 109
133 113
133 115
133 118
133 119
133 124
133 125
133 126
133 127
133 130
133 131
133 134
133 135
133 137
134 8
134 11
134 12
134 14
134 16
134 17
134 18
134 22
134 24
134 26
134 27
134 28
134 30
134 31
134 32
134 36
134 38
134 39
134 41
134 42
134 43
134 45
134 48
134 53
134 60
134 62
134 66
134 67
134 71
134 80
134 82
134 83
134 86
134 89
134 90
134 92
134 95
134 98
134 101
134 103
134 107
134 116
134 117
134 120
134 122
134 123
134 126
134 127
134 130
134 132
134 133
134 138
135 0
135 1
135 3
135 4
135 7
135 8
135 9
135 11
135 12
135 14
135 15
135 18
135 19
135 21
135 22
135 23
135 25
135 28
135 29
135 31
135 32
135 38
135 40
135 41
135 44
135 48
135 50
135 52
135 54
135 56
135 57
135 58
135 62
135 63
135 64
135 68
135 71
135 73
135 77
135 78
135 79
135 80
135 81
135 82
135 83
135 85
135 88
135 92
135 93
135 98
135 101
135 105
135 110
135 112
135 114
135 115
135 118
135 119
135 120
135 123
135 134
135 136
136 2
136 3
136 5
136 6
136 8
136 12
136 14
136 17
136 19
136 25
136 32
136 34
136 35
136 36
136 38
136 42
136 43
136 46
136 48
136 49
136 53
136 54
136 59
136 61
136 62
136 64
136 69
136 73
136 74
136 76
136 77
136 79
136 80
136 81
136 86
136 87
136 90
136 92
136 95
136 99
136 102
136 103
136 105
136 109
136 110
136 111
136 113
136 117
136 119
136 120
136 122
136 125
136 128
136 129
136 131
136 135
137 1
137 4
137 8
137 10
137 14
137 17
137 18
137 31
137 32
137 33
137 37
137 46
137 49
137 53
137 55
137 57
137 62
137 63
137 65
137 68
137 76
137 77
137 79
137 83
137 85
137 88
137 91
137 93
137 94
137 96
137 97
137 100
137 101
137 104
137 105
137 109
137 110
137 112
137 119
137 125
137 127
137 129
137 131
137 133
137 139
138 0
138 1
138 3
138 6
138 8
138 10
138 11
138 17
138 18
138 22
138 25
138 30
138 32
138 33
138 34
138 35
138 38
138 39
138 40
138 50
138 51
138 54
138 57
138 58
138 59
138 60
138 61
138 63
138 65
138 66
138 67
138 74
138 76
138 77
138 81
138 86
138 88
138 92
138 93
138 94
138 97
138 100
138 101
138 105
138 110
138 112
138 114
138 117
138 120
138 121
138 123
138 124
138 127
138 128
138 134
138 136
138 138
139 0
139 1
139 4
139 8
139 10
139 14
139 15
139 16
139 21
139 23
139 26
139 32
139 35
139 37
139 38
139 40
139 46
139 47
139 48
139 50
139 57
139 60
139 62
139 63
139 66
139 69
139 70
139 73
139 74
139 75
139 81
139 82
139 86
139 88
139 93
139 95
139 96
139 97
139 99
139 101
139 104
139 105
139 108
139 109
139 110
139 112
139 113
139 116
139 117
139 119
139 124
139 133
139 134
139 135
139 136
139 139
