40
640
0 0
0 1
0 3
0 5
0 6
0 14
0 15
0 17
0 20
0 21
0 22
0 23
0 26
0 27
0 29
0 34
0 35
0 36
0 38
0 39
1 1
1 2
1 3
1 6
1 7
1 8
1 9
1 14
1 16
1 23
1 24
1 25
1 28
1 31
1 32
1 33
1 35
1 38
2 0
2 2
2 3
2 6
2 8
2 9
2 10
2 15
2 19
2 20
2 24
2 27
2 28
2 29
2 31
2 32
2 35
2 37
3 4
3 9
3 10
3 11
3 12
3 18
3 24
3 29
3 32
4 4
4 5
4 8
4 10
4 14
4 15
4 21
4 24
4 26
4 28
4 31
4 33
4 35
4 38
4 39
5 0
5 1
5 2
5 3
5 6
5 13
5 14
5 18
5 20
5 21
5 26
5 28
5 31
5 33
5 38
6 1
6 2
6 7
6 8
6 9
6 10
6 11
6 13
6 15
6 17
6 18
6 19
6 22
6 23
6 27
6 31
6 32
6 33
6 35
6 37
7 1
7 2
7 7
7 12
7 14
7 15
7 16
7 17
7 18
7 19
7 21
7 24
7 26
7 29
7 31
7 33
7 35
7 37
8 6
8 7
8 8
8 16
8 19
8 20
8 24
8 25
8 27
8 30
8 31
8 32
8 38
9 2
9 4
9 7
9 13
9 15
9 16
9 18
9 19
9 21
9 22
9 23
9 27
9 30
9 31
9 34
10 0
10 3
10 5
10 6
10 7
10 9
10 11
10 13
10 18
10 21
10 23
10 24
10 28
10 29
10 30
10 34
10 37
10 38
11 0
11 1
11 2
11 3
11 6
11 8
11 9
11 10
11 11
11 12
11 14
11 15
11 16
11 17
11 19
11 23
11 24
11 25
11 28
11 30
11 31
11 32
12 0
12 1
12 5
12 7
12 13
12 14
12 15
12 23
12 24
12 29
12 30
12 31
12 32
12 33
12 39
13 0
13 4
13 6
13 11
13 13
13 15
13 16
13 21
13 24
13 27
13 28
13 31
13 32
13 33
13 35
13 39
14 1
14 3
14 8
14 11
14 12
14 15
14 16
14 18
14 20
14 22
14 27
14 29
14 30
14 39
15 1
15 2
15 3
15 6
15 7
15 8
15 9
15 10
15 15
15 16
15 23
15 25
15 27
15 29
15 31
15 35
15 36
15 38
15 39
16 1
16 4
16 6
16 8
16 9
16 11
16 12
16 14
16 15
16 17
16 18
16 21
16 22
16 23
16 28
16 32
16 33
16 34
17 0
17 2
17 5
17 10
17 11
17 12
17 18
17 22
17 26
17 27
17 29
17 31
17 37
18 3
18 7
18 10
18 12
18 13
18 14
18 21
18 25
18 26
18 31
18 33
18 34
18 35
19 1
19 3
19 4
19 6
19 10
19 12
19 15
19 19
19 20
19 21
19 22
19 25
19 27
19 28
19 29
19 33
19 34
19 35
20 5
20 8
20 11
20 13
20 14
20 16
20 17
20 24
20 25
20 26
20 27
20 29
20 32
20 34
20 37
20 39
21 0
21 1
21 4
21 7
21 13
21 15
21 17
21 19
21 20
21 22
21 23
21 24
21 25
21 32
21 35
21 37
21 38
22 2
22 3
22 7
22 12
22 13
22 16
22 18
22 19
22 20
22 21
22 26
22 29
22 33
22 35
23 11
23 12
23 13
23 15
23 17
23 19
23 20
23 21
23 23
23 25
23 28
23 33
23 34
23 39
24 3
24 5
24 7
24 8
24 11
24 12
24 15
24 21
24 25
24 26
24 28
24 30
24 31
24 32
24 38
24 39
25 3
25 5
25 8
25 9
25 10
25 11
25 13
25 14
25 15
25 19
25 22
25 25
25 28
25 32
25 38
26 0
26 1
26 2
26 9
26 12
26 15
26 18
26 21
26 24
26 33
26 36
26 37
26 38
26 39
27 1
27 3
27 4
27 5
27 7
27 9
27 10
27 11
27 14
27 15
27 16
27 17
27 18
27 19
27 21
27 22
27 23
27 24
27 27
27 35
27 36
28 2
28 4
28 5
28 10
28 11
28 13
28 14
28 19
28 21
28 22
28 25
28 28
28 30
28 32
28 34
28 35
28 37
29 1
29 3
29 7
29 11
29 18
29 20
29 23
29 24
29 25
29 30
29 33
29 36
29 37
30 3
30 9
30 10
30 12
30 13
30 17
30 18
30 21
30 22
30 23
30 24
30 30
30 31
30 36
30 38
31 0
31 1
31 4
31 6
31 7
31 10
31 13
31 15
31 19
31 22
31 23
31 25
31 26
31 28
31 32
31 35
31 36
31 37
32 1
32 2
32 4
32 5
32 7
32 8
32 10
32 12
32 14
32 16
32 17
32 18
32 20
32 27
32 29
32 30
32 32
32 33
32 35
32 37
32 38
33 0
33 3
33 5
33 7
33 9
33 15
33 16
33 17
33 21
33 24
33 27
33 34
33 35
34 0
34 1
34 3
34 4
34 6
34 11
34 15
34 16
34 18
34 19
34 20
34 21
34 28
34 29
34 30
34 31
34 33
34 34
34 36
35 1
35 5
35 10
35 13
35 20
35 29
35 33
35 37
36 1
36 3
36 5
36 6
36 8
36 10
36 12
36 15
36 18
36 20
36 22
36 24
36 25
36 36
36 38
37 0
37 3
37 6
37 9
37 10
37 11
37 14
37 16
37 19
37 22
37 23
37 24
37 25
37 29
37 30
37 32
37 34
37 39
38 3
38 9
38 10
38 15
38 16
38 17
38 19
38 20
38 22
38 23
38 24
38 26
38 30
38 33
38 34
38 35
39 3
39 10
39 14
39 15
39 16
39 17
39 19
39 22
39 24
39 25
39 34
39 36
39 39
