120
5760
0 1
0 2
0 8
0 12
0 13
0 20
0 22
0 25
0 26
0 28
0 31
0 32
0 36
0 37
0 38
0 39
0 40
0 45
0 47
0 48
0 51
0 54
0 55
0 57
0 64
0 68
0 70
0 73
0 74
0 75
0 77
0 79
0 80
0 81
0 87
0 93
0 94
0 100
0 105
0 108
0 111
0 112
0 114
0 115
1 1
1 2
1 9
1 12
1 13
1 14
1 20
1 22
1 23
1 24
1 25
1 26
1 27
1 30
1 31
1 32
1 34
1 35
1 40
1 42
1 43
1 46
1 53
1 58
1 64
1 76
1 77
1 80
1 82
1 83
1 88
1 89
1 92
1 93
1 97
1 99
1 105
1 106
1 111
1 117
1 119
2 2
2 3
2 6
2 7
2 9
2 13
2 15
2 16
2 17
2 23
2 28
2 29
2 31
2 33
2 47
2 50
2 51
2 52
2 54
2 57
2 59
2 61
2 62
2 64
2 69
2 72
2 76
2 77
2 82
2 83
2 86
2 88
2 89
2 91
2 93
2 94
2 99
2 101
2 106
2 108
2 111
2 112
2 114
2 116
2 119
3 7
3 12
3 14
3 15
3 17
3 20
3 21
3 22
3 23
3 25
3 26
3 28
3 32
3 33
3 36
3 48
3 51
3 52
3 57
3 60
3 61
3 63
3 65
3 68
3 69
3 72
3 73
3 74
3 78
3 83
3 87
3 88
3 94
3 96
3 98
3 108
3 109
3 115
3 118
4 1
4 5
4 7
4 9
4 10
4 14
4 15
4 18
4 19
4 20
4 22
4 24
4 26
4 30
4 31
4 36
4 39
4 43
4 44
4 47
4 48
4 49
4 55
4 56
4 58
4 59
4 60
4 65
4 66
4 70
4 71
4 75
4 76
4 79
4 81
4 82
4 87
4 91
4 92
4 93
4 97
4 98
4 102
4 108
4 110
4 113
4 114
5 0
5 1
5 2
5 5
5 6
5 8
5 9
5 10
5 14
5 16
5 19
5 20
5 23
5 28
5 30
5 32
5 33
5 35
5 36
5 39
5 41
5 43
5 44
5 45
5 46
5 47
5 50
5 52
5 53
5 54
5 55
5 56
5 59
5 60
5 61
5 64
5 68
5 73
5 74
5 75
5 76
5 77
5 78
5 79
5 80
5 90
5 92
5 94
5 98
5 100
5 104
5 105
5 108
5 117
5 118
6 1
6 3
6 6
6 7
6 8
6 9
6 10
6 11
6 12
6 15
6 18
6 24
6 25
6 33
6 38
6 39
6 43
6 44
6 48
6 52
6 53
6 54
6 56
6 57
6 59
6 64
6 65
6 66
6 67
6 69
6 71
6 72
6 73
6 77
6 78
6 79
6 80
6 81
6 82
6 86
6 90
6 91
6 92
6 93
6 99
6 101
6 102
6 103
6 104
6 105
6 107
6 110
6 114
6 115
6 116
6 117
6 119
7 0
7 3
7 5
7 7
7 8
7 9
7 21
7 23
7 26
7 27
7 30
7 31
7 33
7 34
7 41
7 44
7 46
7 52
7 56
7 59
7 60
7 63
7 64
7 65
7 66
7 70
7 71
7 72
7 77
7 78
7 81
7 83
7 87
7 88
7 89
7 91
7 93
7 97
7 102
7 107
7 110
7 114
7 117
7 118
8 0
8 2
8 6
8 14
8 20
8 21
8 22
8 23
8 24
8 30
8 31
8 37
8 38
8 41
8 43
8 44
8 46
8 52
8 57
8 58
8 59
8 61
8 66
8 68
8 71
8 72
8 75
8 79
8 84
8 85
8 93
8 95
8 100
8 104
8 105
8 107
8 108
8 109
8 115
8 116
8 119
9 3
9 5
9 6
9 7
9 8
9 9
9 12
9 13
9 19
9 21
9 24
9 25
9 27
9 30
9 33
9 35
9 38
9 39
9 40
9 41
9 42
9 43
9 44
9 51
9 52
9 53
9 54
9 55
9 62
9 67
9 69
9 75
9 80
9 82
9 87
9 89
9 92
9 97
9 100
9 104
9 106
9 107
9 109
9 110
9 111
9 114
9 115
9 119
10 2
10 3
10 5
10 10
10 13
10 14
10 21
10 25
10 28
10 29
10 30
10 32
10 33
10 35
10 39
10 42
10 44
10 45
10 52
10 56
10 58
10 62
10 64
10 65
10 68
10 72
10 74
10 78
10 79
10 82
10 84
10 91
10 96
10 99
10 101
10 103
10 111
10 112
10 115
10 117
10 118
10 119
11 1
11 3
11 6
11 7
11 10
11 15
11 17
11 25
11 28
11 29
11 33
11 34
11 37
11 44
11 46
11 48
11 49
11 50
11 55
11 59
11 64
11 70
11 75
11 79
11 80
11 81
11 85
11 86
11 87
11 88
11 89
11 92
11 95
11 97
11 101
11 103
11 106
11 109
11 110
11 111
11 115
11 117
12 2
12 9
12 11
12 14
12 16
12 21
12 22
12 23
12 32
12 35
12 42
12 43
12 44
12 46
12 47
12 49
12 50
12 52
12 54
12 55
12 56
12 57
12 59
12 60
12 61
12 63
12 66
12 68
12 69
12 70
12 71
12 72
12 73
12 75
12 77
12 78
12 81
12 82
12 89
12 90
12 91
12 94
12 98
12 102
12 103
12 104
12 106
12 107
12 109
12 110
12 111
12 113
12 114
12 115
12 117
12 118
13 0
13 1
13 3
13 4
13 9
13 10
13 13
13 15
13 17
13 18
13 20
13 23
13 24
13 28
13 29
13 31
13 33
13 35
13 40
13 42
13 46
13 47
13 50
13 57
13 60
13 61
13 62
13 63
13 67
13 72
13 75
13 79
13 83
13 84
13 90
13 93
13 100
13 101
13 102
13 103
13 104
13 105
13 115
13 118
14 2
14 3
14 5
14 11
14 12
14 15
14 22
14 24
14 28
14 30
14 33
14 35
14 43
14 45
14 46
14 47
14 48
14 49
14 54
14 56
14 59
14 61
14 62
14 64
14 66
14 68
14 70
14 71
14 75
14 80
14 81
14 82
14 83
14 84
14 85
14 90
14 92
14 96
14 101
14 107
14 108
14 111
14 113
14 118
15 2
15 8
15 10
15 11
15 14
15 16
15 19
15 23
15 24
15 25
15 26
15 27
15 28
15 31
15 35
15 36
15 39
15 40
15 42
15 47
15 50
15 51
15 52
15 57
15 58
15 59
15 61
15 62
15 63
15 65
15 67
15 68
15 69
15 73
15 74
15 84
15 86
15 87
15 88
15 92
15 93
15 97
15 99
15 100
15 101
15 102
15 111
15 112
15 114
15 116
15 117
15 119
16 2
16 4
16 6
16 7
16 8
16 9
16 10
16 16
16 19
16 27
16 32
16 34
16 35
16 37
16 39
16 40
16 41
16 42
16 46
16 49
16 50
16 51
16 52
16 54
16 58
16 60
16 61
16 62
16 63
16 64
16 65
16 67
16 68
16 70
16 73
16 76
16 78
16 79
16 80
16 86
16 87
16 88
16 93
16 94
16 98
16 101
16 102
16 105
16 108
16 110
16 112
16 113
16 116
16 119
17 1
17 5
17 8
17 13
17 15
17 16
17 18
17 21
17 22
17 23
17 29
17 30
17 33
17 36
17 38
17 39
17 41
17 42
17 44
17 48
17 50
17 51
17 52
17 56
17 60
17 67
17 69
17 70
17 73
17 81
17 83
17 84
17 86
17 87
17 89
17 90
17 91
17 93
17 94
17 97
17 100
17 101
17 103
17 104
17 105
17 106
17 109
17 112
17 113
17 119
18 0
18 2
18 3
18 5
18 9
18 11
18 12
18 13
18 20
18 23
18 25
18 26
18 27
18 29
18 30
18 31
18 32
18 34
18 40
18 41
18 43
18 45
18 50
18 57
18 58
18 61
18 63
18 64
18 66
18 67
18 69
18 70
18 78
18 80
18 84
18 85
18 86
18 89
18 92
18 95
18 96
18 97
18 98
18 99
18 101
18 102
18 104
18 105
18 106
18 111
18 112
18 113
18 116
18 118
18 119
19 2
19 5
19 7
19 10
19 12
19 19
19 20
19 23
19 24
19 25
19 26
19 31
19 32
19 33
19 36
19 41
19 42
19 46
19 48
19 49
19 50
19 59
19 63
19 64
19 70
19 74
19 77
19 78
19 81
19 82
19 85
19 89
19 91
19 97
19 100
19 102
19 108
19 110
19 114
19 118
20 0
20 4
20 5
20 6
20 9
20 11
20 16
20 17
20 18
20 20
20 22
20 23
20 24
20 26
20 27
20 28
20 32
20 38
20 40
20 41
20 43
20 45
20 53
20 54
20 55
20 56
20 57
20 65
20 67
20 75
20 78
20 80
20 81
20 82
20 83
20 86
20 87
20 89
20 90
20 97
20 99
20 101
20 103
20 105
20 107
20 108
20 110
20 111
20 113
20 115
20 117
20 118
21 2
21 4
21 6
21 7
21 11
21 12
21 14
21 16
21 18
21 20
21 21
21 24
21 25
21 29
21 34
21 37
21 38
21 40
21 42
21 45
21 51
21 54
21 56
21 61
21 62
21 63
21 68
21 69
21 70
21 71
21 73
21 74
21 75
21 76
21 77
21 78
21 79
21 85
21 86
21 89
21 93
21 94
21 96
21 98
21 101
21 102
21 107
21 112
21 113
21 115
21 116
21 117
22 0
22 2
22 7
22 8
22 10
22 21
22 22
22 23
22 25
22 26
22 27
22 29
22 31
22 34
22 35
22 36
22 40
22 41
22 43
22 46
22 48
22 49
22 51
22 59
22 60
22 62
22 64
22 65
22 69
22 70
22 71
22 72
22 73
22 74
22 76
22 77
22 83
22 90
22 91
22 92
22 96
22 98
22 102
22 104
22 106
22 108
22 111
22 113
22 114
22 116
23 2
23 3
23 6
23 11
23 12
23 14
23 19
23 22
23 24
23 27
23 31
23 34
23 35
23 38
23 42
23 44
23 45
23 46
23 48
23 50
23 51
23 53
23 54
23 55
23 57
23 60
23 64
23 66
23 67
23 68
23 70
23 74
23 77
23 80
23 81
23 85
23 91
23 92
23 93
23 94
23 97
23 100
23 101
23 102
23 103
23 106
23 107
23 108
23 110
23 112
23 113
23 116
23 119
24 0
24 4
24 6
24 7
24 8
24 10
24 13
24 17
24 19
24 21
24 22
24 26
24 33
24 36
24 37
24 39
24 42
24 44
24 45
24 54
24 57
24 60
24 62
24 63
24 64
24 66
24 67
24 68
24 69
24 70
24 73
24 75
24 76
24 78
24 79
24 85
24 86
24 90
24 92
24 93
24 97
24 99
24 104
24 106
24 115
24 118
24 119
25 1
25 3
25 7
25 8
25 10
25 19
25 20
25 22
25 23
25 25
25 29
25 39
25 40
25 42
25 45
25 46
25 47
25 50
25 54
25 56
25 65
25 67
25 68
25 69
25 73
25 75
25 76
25 83
25 85
25 89
25 90
25 92
25 95
25 96
25 101
25 104
25 114
25 116
25 118
26 3
26 4
26 8
26 9
26 11
26 12
26 13
26 17
26 24
26 25
26 26
26 29
26 32
26 36
26 39
26 42
26 43
26 44
26 46
26 47
26 52
26 54
26 55
26 58
26 60
26 65
26 66
26 71
26 73
26 74
26 77
26 78
26 84
26 85
26 86
26 89
26 90
26 93
26 99
26 101
26 106
26 108
26 109
26 110
26 111
27 6
27 7
27 8
27 9
27 11
27 15
27 17
27 22
27 23
27 27
27 29
27 32
27 33
27 41
27 42
27 45
27 48
27 50
27 53
27 55
27 56
27 58
27 60
27 61
27 63
27 65
27 66
27 68
27 69
27 75
27 76
27 77
27 80
27 81
27 82
27 86
27 89
27 92
27 94
27 95
27 101
27 105
27 112
27 114
27 115
27 116
28 0
28 2
28 5
28 6
28 9
28 10
28 14
28 15
28 18
28 20
28 23
28 24
28 26
28 33
28 39
28 42
28 43
28 44
28 46
28 47
28 51
28 52
28 54
28 57
28 58
28 59
28 62
28 63
28 72
28 74
28 78
28 80
28 83
28 85
28 88
28 89
28 94
28 96
28 98
28 101
28 102
28 104
28 106
28 110
28 111
28 112
28 114
28 116
28 117
28 118
29 1
29 8
29 10
29 12
29 14
29 17
29 19
29 21
29 25
29 31
29 32
29 34
29 36
29 40
29 42
29 43
29 47
29 49
29 52
29 55
29 61
29 62
29 64
29 65
29 66
29 67
29 70
29 72
29 74
29 77
29 81
29 82
29 84
29 85
29 87
29 88
29 90
29 91
29 92
29 94
29 98
29 100
29 101
29 106
29 110
29 111
29 113
29 117
29 119
30 0
30 4
30 8
30 15
30 17
30 29
30 30
30 33
30 36
30 38
30 42
30 45
30 46
30 47
30 50
30 51
30 52
30 56
30 57
30 58
30 59
30 66
30 69
30 70
30 71
30 76
30 77
30 78
30 79
30 80
30 82
30 83
30 87
30 91
30 93
30 95
30 97
30 102
30 104
30 108
30 109
30 110
30 112
30 113
30 114
30 118
30 119
31 1
31 2
31 3
31 4
31 5
31 10
31 12
31 14
31 16
31 18
31 20
31 21
31 24
31 28
31 29
31 30
31 31
31 33
31 35
31 38
31 39
31 41
31 42
31 43
31 56
31 60
31 63
31 64
31 65
31 66
31 72
31 77
31 79
31 81
31 83
31 85
31 86
31 87
31 95
31 98
31 99
31 102
31 103
31 104
31 106
31 107
31 108
31 109
31 110
31 112
31 113
31 116
32 3
32 9
32 19
32 22
32 24
32 26
32 27
32 29
32 36
32 38
32 41
32 43
32 46
32 47
32 48
32 49
32 52
32 54
32 56
32 62
32 63
32 64
32 65
32 66
32 67
32 70
32 74
32 76
32 77
32 80
32 81
32 83
32 84
32 85
32 88
32 89
32 91
32 94
32 96
32 97
32 103
32 105
32 106
32 109
32 110
32 112
32 115
32 116
32 119
33 2
33 3
33 5
33 6
33 8
33 9
33 10
33 12
33 13
33 14
33 15
33 17
33 19
33 20
33 25
33 26
33 29
33 31
33 37
33 42
33 45
33 46
33 49
33 50
33 51
33 52
33 55
33 57
33 58
33 60
33 61
33 64
33 65
33 67
33 72
33 76
33 82
33 84
33 86
33 95
33 99
33 100
33 101
33 104
33 105
33 106
33 111
33 114
33 119
34 2
34 3
34 5
34 7
34 14
34 20
34 21
34 23
34 25
34 27
34 32
34 35
34 36
34 42
34 47
34 53
34 54
34 56
34 57
34 58
34 62
34 66
34 68
34 72
34 75
34 78
34 80
34 81
34 83
34 85
34 88
34 90
34 93
34 97
34 100
34 108
34 109
34 110
34 116
34 118
35 0
35 5
35 8
35 12
35 13
35 18
35 20
35 26
35 29
35 30
35 32
35 38
35 40
35 41
35 44
35 49
35 51
35 62
35 63
35 70
35 77
35 82
35 87
35 89
35 96
35 100
35 101
35 107
35 115
35 116
35 117
36 0
36 5
36 7
36 10
36 12
36 13
36 14
36 16
36 18
36 20
36 23
36 24
36 26
36 30
36 45
36 47
36 52
36 55
36 58
36 67
36 71
36 72
36 73
36 75
36 76
36 79
36 80
36 83
36 89
36 90
36 94
36 96
36 97
36 98
36 100
36 102
36 103
36 108
36 110
36 112
36 113
36 114
37 1
37 3
37 5
37 6
37 7
37 10
37 13
37 14
37 20
37 23
37 26
37 30
37 32
37 37
37 42
37 45
37 46
37 47
37 48
37 51
37 57
37 60
37 62
37 63
37 64
37 67
37 70
37 71
37 79
37 84
37 85
37 86
37 89
37 90
37 92
37 94
37 97
37 100
37 102
37 103
37 104
37 105
37 108
37 115
37 118
38 0
38 1
38 2
38 4
38 11
38 12
38 16
38 17
38 20
38 21
38 23
38 24
38 25
38 26
38 29
38 31
38 34
38 35
38 39
38 41
38 43
38 44
38 50
38 51
38 54
38 58
38 59
38 81
38 83
38 86
38 88
38 89
38 90
38 94
38 97
38 99
38 100
38 101
38 104
38 115
38 118
38 119
39 2
39 3
39 4
39 8
39 14
39 15
39 16
39 19
39 21
39 25
39 29
39 30
39 31
39 32
39 35
39 36
39 41
39 44
39 51
39 52
39 53
39 54
39 55
39 57
39 58
39 61
39 62
39 64
39 65
39 68
39 70
39 73
39 80
39 81
39 82
39 87
39 88
39 89
39 90
39 92
39 96
39 97
39 100
39 102
39 103
39 104
39 105
39 106
39 107
39 108
39 113
39 114
39 115
39 118
39 119
40 0
40 2
40 4
40 5
40 7
40 11
40 12
40 18
40 19
40 23
40 24
40 29
40 30
40 35
40 38
40 39
40 40
40 42
40 45
40 51
40 53
40 57
40 63
40 66
40 67
40 71
40 72
40 73
40 76
40 78
40 79
40 80
40 81
40 82
40 85
40 89
40 93
40 94
40 98
40 100
40 104
40 105
40 109
40 110
40 111
40 113
40 114
40 115
40 118
41 2
41 4
41 5
41 7
41 11
41 19
41 21
41 22
41 23
41 25
41 27
41 31
41 34
41 37
41 39
41 40
41 42
41 45
41 50
41 52
41 54
41 56
41 58
41 62
41 63
41 64
41 69
41 70
41 73
41 74
41 75
41 77
41 80
41 81
41 82
41 87
41 88
41 90
41 91
41 92
41 93
41 94
41 97
41 98
41 101
41 107
41 112
41 113
41 115
41 116
41 119
42 1
42 3
42 6
42 7
42 9
42 12
42 13
42 19
42 21
42 22
42 26
42 28
42 30
42 41
42 42
42 46
42 50
42 53
42 57
42 58
42 59
42 60
42 61
42 62
42 68
42 69
42 70
42 73
42 76
42 78
42 79
42 80
42 81
42 84
42 85
42 86
42 88
42 91
42 92
42 93
42 94
42 95
42 97
42 98
42 102
42 103
42 107
42 111
42 112
42 113
42 114
42 116
43 0
43 6
43 8
43 16
43 18
43 19
43 20
43 25
43 27
43 29
43 31
43 37
43 38
43 39
43 40
43 41
43 42
43 43
43 46
43 47
43 49
43 50
43 51
43 54
43 57
43 59
43 63
43 65
43 69
43 70
43 71
43 75
43 78
43 80
43 81
43 82
43 83
43 86
43 87
43 89
43 93
43 95
43 96
43 97
43 98
43 100
43 102
43 104
43 108
43 110
43 112
43 116
44 1
44 3
44 7
44 8
44 15
44 17
44 25
44 26
44 30
44 36
44 42
44 46
44 48
44 49
44 50
44 53
44 55
44 56
44 58
44 59
44 61
44 62
44 63
44 67
44 68
44 71
44 78
44 83
44 87
44 90
44 92
44 102
44 104
44 106
44 107
44 110
44 111
44 112
44 114
44 115
44 118
45 2
45 3
45 5
45 6
45 7
45 9
45 15
45 17
45 20
45 29
45 31
45 34
45 37
45 38
45 40
45 44
45 47
45 49
45 50
45 57
45 61
45 66
45 67
45 71
45 74
45 75
45 77
45 78
45 79
45 80
45 81
45 82
45 84
45 88
45 89
45 92
45 93
45 102
45 105
45 106
45 108
45 109
45 110
45 111
45 112
45 115
45 116
45 119
46 2
46 3
46 6
46 8
46 10
46 11
46 12
46 13
46 14
46 15
46 17
46 19
46 20
46 22
46 23
46 27
46 29
46 30
46 34
46 35
46 39
46 40
46 41
46 42
46 49
46 51
46 52
46 53
46 56
46 58
46 59
46 60
46 61
46 70
46 71
46 73
46 75
46 83
46 87
46 88
46 95
46 96
46 97
46 99
46 105
46 106
46 109
46 114
47 0
47 1
47 6
47 8
47 10
47 14
47 15
47 17
47 19
47 21
47 22
47 24
47 26
47 29
47 30
47 32
47 33
47 35
47 37
47 38
47 39
47 43
47 44
47 49
47 56
47 57
47 58
47 61
47 62
47 65
47 74
47 75
47 79
47 82
47 83
47 84
47 87
47 91
47 92
47 93
47 96
47 97
47 98
47 99
47 101
47 104
47 108
47 116
47 117
48 2
48 3
48 5
48 6
48 7
48 11
48 13
48 14
48 18
48 21
48 24
48 27
48 31
48 35
48 36
48 37
48 39
48 41
48 45
48 46
48 47
48 52
48 56
48 58
48 59
48 60
48 62
48 64
48 66
48 68
48 69
48 74
48 75
48 78
48 80
48 81
48 83
48 84
48 87
48 91
48 96
48 97
48 101
48 103
48 105
48 107
48 109
48 110
48 111
48 117
48 118
49 4
49 5
49 10
49 13
49 17
49 18
49 19
49 22
49 27
49 32
49 33
49 34
49 35
49 36
49 37
49 39
49 40
49 42
49 47
49 48
49 49
49 50
49 53
49 54
49 55
49 56
49 62
49 66
49 68
49 72
49 73
49 76
49 80
49 81
49 83
49 85
49 86
49 89
49 93
49 95
49 97
49 98
49 99
49 101
49 103
49 104
49 106
49 108
49 114
49 117
50 2
50 5
50 6
50 7
50 9
50 10
50 14
50 15
50 18
50 19
50 20
50 24
50 25
50 29
50 30
50 32
50 33
50 39
50 42
50 44
50 47
50 49
50 51
50 54
50 55
50 59
50 61
50 62
50 64
50 66
50 71
50 73
50 75
50 78
50 83
50 85
50 86
50 87
50 88
50 99
50 100
50 103
50 105
50 109
50 110
50 111
50 113
50 114
50 116
50 119
51 0
51 2
51 5
51 7
51 8
51 9
51 10
51 11
51 13
51 16
51 17
51 18
51 21
51 23
51 30
51 31
51 34
51 36
51 43
51 44
51 47
51 48
51 51
51 53
51 54
51 56
51 57
51 59
51 61
51 63
51 66
51 69
51 70
51 72
51 78
51 79
51 81
51 86
51 87
51 88
51 90
51 96
51 99
51 100
51 102
51 104
51 106
51 115
51 119
52 1
52 2
52 3
52 5
52 6
52 7
52 9
52 15
52 16
52 21
52 22
52 27
52 29
52 33
52 36
52 37
52 38
52 40
52 42
52 43
52 45
52 47
52 49
52 56
52 67
52 69
52 71
52 73
52 76
52 79
52 83
52 86
52 87
52 89
52 92
52 98
52 101
52 104
52 107
52 112
52 116
52 117
53 4
53 9
53 11
53 12
53 13
53 14
53 18
53 20
53 22
53 23
53 25
53 26
53 28
53 29
53 33
53 35
53 40
53 42
53 43
53 46
53 53
53 54
53 55
53 56
53 57
53 58
53 62
53 63
53 65
53 69
53 70
53 74
53 79
53 82
53 83
53 84
53 85
53 87
53 88
53 92
53 93
53 95
53 96
53 98
53 111
53 112
53 116
54 0
54 1
54 2
54 5
54 15
54 18
54 19
54 24
54 25
54 26
54 27
54 28
54 29
54 32
54 33
54 35
54 38
54 39
54 41
54 42
54 43
54 44
54 46
54 50
54 51
54 53
54 54
54 58
54 59
54 61
54 63
54 64
54 66
54 68
54 73
54 74
54 76
54 81
54 82
54 83
54 84
54 86
54 88
54 89
54 90
54 92
54 94
54 96
54 98
54 102
54 112
54 115
54 117
54 118
55 2
55 5
55 7
55 8
55 10
55 12
55 14
55 15
55 18
55 20
55 21
55 26
55 27
55 29
55 33
55 38
55 46
55 47
55 49
55 51
55 56
55 59
55 61
55 63
55 69
55 70
55 71
55 72
55 74
55 75
55 77
55 78
55 84
55 85
55 86
55 88
55 89
55 91
55 93
55 94
55 96
55 98
55 99
55 102
55 108
55 109
55 110
55 112
55 113
55 114
55 116
55 117
55 119
56 0
56 2
56 3
56 4
56 12
56 14
56 18
56 22
56 26
56 29
56 32
56 34
56 37
56 41
56 42
56 44
56 48
56 51
56 53
56 55
56 57
56 58
56 60
56 62
56 63
56 69
56 76
56 78
56 82
56 86
56 90
56 91
56 92
56 95
56 97
56 98
56 101
56 104
56 108
56 112
56 113
56 114
56 116
56 117
56 119
57 4
57 5
57 7
57 8
57 10
57 11
57 16
57 21
57 26
57 27
57 28
57 29
57 30
57 33
57 35
57 37
57 40
57 43
57 46
57 47
57 48
57 52
57 53
57 56
57 58
57 63
57 70
57 74
57 75
57 76
57 78
57 79
57 80
57 83
57 84
57 89
57 90
57 91
57 92
57 93
57 94
57 97
57 99
57 100
57 105
57 106
57 108
57 111
57 112
57 116
57 119
58 1
58 6
58 7
58 13
58 14
58 16
58 17
58 22
58 26
58 28
58 30
58 31
58 34
58 35
58 36
58 37
58 39
58 40
58 42
58 43
58 49
58 50
58 51
58 52
58 56
58 57
58 58
58 61
58 62
58 64
58 69
58 73
58 74
58 75
58 79
58 82
58 87
58 88
58 89
58 102
58 104
58 107
58 110
58 113
58 118
59 2
59 3
59 5
59 8
59 12
59 24
59 26
59 28
59 33
59 34
59 35
59 37
59 39
59 44
59 56
59 57
59 60
59 62
59 63
59 70
59 72
59 74
59 78
59 79
59 82
59 83
59 87
59 90
59 92
59 93
59 95
59 96
59 98
59 100
59 103
59 104
59 106
59 109
59 111
59 112
59 114
59 116
59 117
59 118
59 119
60 0
60 8
60 9
60 12
60 13
60 16
60 17
60 19
60 26
60 28
60 29
60 32
60 37
60 38
60 39
60 40
60 43
60 44
60 46
60 47
60 48
60 51
60 56
60 60
60 61
60 62
60 63
60 64
60 67
60 68
60 72
60 73
60 74
60 77
60 78
60 81
60 83
60 89
60 91
60 95
60 96
60 101
60 105
60 108
60 113
60 114
60 115
60 118
61 1
61 4
61 7
61 11
61 13
61 14
61 16
61 17
61 18
61 23
61 24
61 25
61 27
61 32
61 33
61 34
61 35
61 37
61 39
61 43
61 46
61 47
61 48
61 54
61 57
61 58
61 59
61 60
61 61
61 63
61 64
61 67
61 68
61 69
61 72
61 73
61 75
61 76
61 77
61 78
61 79
61 84
61 86
61 87
61 88
61 89
61 91
61 96
61 98
61 99
61 102
61 106
61 109
61 110
61 112
61 113
61 114
61 115
61 117
61 119
62 5
62 7
62 8
62 12
62 13
62 14
62 16
62 18
62 20
62 21
62 25
62 26
62 27
62 31
62 34
62 35
62 37
62 39
62 40
62 42
62 43
62 44
62 45
62 53
62 56
62 57
62 59
62 60
62 63
62 66
62 67
62 68
62 70
62 79
62 81
62 84
62 85
62 86
62 90
62 96
62 98
62 99
62 101
62 102
62 107
62 110
62 113
62 114
62 119
63 0
63 2
63 3
63 7
63 13
63 14
63 15
63 16
63 18
63 21
63 28
63 29
63 35
63 36
63 37
63 38
63 39
63 41
63 42
63 43
63 44
63 50
63 51
63 52
63 56
63 58
63 62
63 63
63 64
63 66
63 70
63 71
63 73
63 74
63 75
63 81
63 82
63 84
63 85
63 86
63 89
63 91
63 94
63 95
63 97
63 98
63 99
63 100
63 101
63 102
63 105
63 106
63 109
63 111
63 113
63 114
63 116
63 117
63 118
63 119
64 0
64 2
64 4
64 6
64 8
64 9
64 10
64 12
64 17
64 19
64 22
64 25
64 30
64 31
64 32
64 37
64 38
64 39
64 41
64 43
64 45
64 51
64 57
64 61
64 62
64 63
64 64
64 65
64 67
64 68
64 70
64 74
64 76
64 78
64 79
64 82
64 83
64 85
64 87
64 94
64 95
64 96
64 97
64 98
64 101
64 103
64 104
64 105
64 109
64 111
64 115
64 116
64 117
65 1
65 2
65 3
65 8
65 10
65 13
65 15
65 20
65 22
65 26
65 27
65 28
65 29
65 33
65 34
65 36
65 38
65 39
65 43
65 46
65 47
65 50
65 51
65 54
65 73
65 75
65 77
65 79
65 81
65 88
65 93
65 94
65 97
65 99
65 103
65 105
65 107
65 109
65 112
65 113
65 119
66 2
66 3
66 5
66 6
66 7
66 11
66 14
66 15
66 18
66 21
66 22
66 23
66 27
66 31
66 35
66 37
66 40
66 44
66 50
66 52
66 54
66 55
66 56
66 59
66 61
66 63
66 64
66 69
66 71
66 72
66 73
66 74
66 75
66 76
66 77
66 83
66 84
66 85
66 90
66 93
66 94
66 98
66 101
66 103
66 104
66 108
66 116
67 2
67 4
67 6
67 8
67 9
67 15
67 18
67 19
67 20
67 21
67 22
67 23
67 24
67 25
67 27
67 32
67 34
67 37
67 40
67 48
67 49
67 51
67 53
67 55
67 57
67 60
67 61
67 62
67 63
67 68
67 73
67 74
67 82
67 85
67 86
67 87
67 91
67 95
67 97
67 99
67 101
67 103
67 104
67 105
67 111
67 113
67 115
68 5
68 6
68 7
68 9
68 10
68 11
68 12
68 13
68 14
68 18
68 19
68 20
68 21
68 23
68 26
68 27
68 28
68 30
68 32
68 34
68 36
68 37
68 38
68 39
68 40
68 45
68 46
68 47
68 48
68 49
68 56
68 57
68 58
68 65
68 69
68 71
68 74
68 77
68 78
68 79
68 83
68 84
68 85
68 88
68 89
68 96
68 99
68 101
68 105
68 107
68 109
68 113
68 114
68 115
69 0
69 1
69 3
69 7
69 10
69 13
69 14
69 17
69 19
69 21
69 23
69 30
69 31
69 35
69 37
69 38
69 41
69 42
69 43
69 44
69 49
69 55
69 57
69 60
69 61
69 63
69 64
69 65
69 67
69 73
69 76
69 80
69 81
69 86
69 87
69 88
69 89
69 91
69 92
69 93
69 95
69 96
69 99
69 100
69 103
69 104
69 107
69 110
69 111
70 2
70 3
70 5
70 8
70 9
70 12
70 13
70 14
70 16
70 18
70 25
70 29
70 32
70 33
70 35
70 37
70 39
70 43
70 45
70 49
70 54
70 55
70 61
70 64
70 65
70 67
70 70
70 73
70 75
70 76
70 77
70 78
70 79
70 81
70 82
70 83
70 88
70 89
70 91
70 93
70 98
70 103
70 105
70 107
70 110
70 111
70 112
70 113
70 114
70 117
71 0
71 2
71 7
71 8
71 10
71 13
71 14
71 16
71 17
71 18
71 20
71 26
71 27
71 28
71 30
71 33
71 34
71 38
71 39
71 44
71 48
71 49
71 50
71 53
71 54
71 55
71 59
71 61
71 62
71 65
71 69
71 73
71 74
71 76
71 77
71 83
71 84
71 85
71 86
71 88
71 90
71 92
71 94
71 97
71 98
71 103
71 105
71 108
71 109
71 115
71 119
72 2
72 5
72 7
72 9
72 11
72 13
72 16
72 17
72 18
72 20
72 24
72 29
72 31
72 34
72 35
72 37
72 38
72 39
72 47
72 48
72 50
72 51
72 54
72 55
72 56
72 60
72 62
72 66
72 74
72 79
72 82
72 85
72 87
72 88
72 89
72 90
72 92
72 96
72 98
72 101
72 103
72 104
72 106
72 109
72 110
72 115
72 118
73 3
73 9
73 10
73 12
73 14
73 20
73 21
73 24
73 26
73 27
73 29
73 30
73 34
73 40
73 47
73 48
73 51
73 56
73 59
73 60
73 63
73 64
73 69
73 70
73 72
73 73
73 75
73 76
73 78
73 79
73 80
73 81
73 85
73 90
73 97
73 98
73 99
73 102
73 103
73 105
73 106
73 108
73 109
73 114
74 0
74 1
74 4
74 8
74 11
74 22
74 24
74 28
74 31
74 34
74 35
74 38
74 39
74 41
74 43
74 45
74 47
74 48
74 50
74 51
74 52
74 53
74 54
74 63
74 65
74 67
74 70
74 71
74 72
74 74
74 76
74 77
74 79
74 80
74 81
74 82
74 84
74 86
74 89
74 93
74 94
74 96
74 98
74 108
74 109
74 111
74 115
74 117
74 119
75 1
75 6
75 10
75 11
75 12
75 13
75 14
75 16
75 20
75 21
75 23
75 24
75 31
75 33
75 41
75 42
75 44
75 49
75 51
75 54
75 56
75 58
75 59
75 60
75 61
75 63
75 68
75 69
75 73
75 74
75 76
75 80
75 81
75 82
75 83
75 84
75 86
75 92
75 98
75 100
75 102
75 104
75 108
75 109
75 113
75 116
75 119
76 2
76 3
76 5
76 8
76 11
76 15
76 17
76 20
76 22
76 25
76 35
76 36
76 40
76 41
76 43
76 44
76 45
76 47
76 49
76 51
76 52
76 55
76 56
76 57
76 58
76 61
76 62
76 63
76 66
76 67
76 70
76 71
76 72
76 75
76 76
76 77
76 79
76 81
76 82
76 83
76 86
76 93
76 94
76 95
76 97
76 98
76 100
76 101
76 106
76 107
76 109
76 113
76 118
77 0
77 2
77 3
77 5
77 8
77 11
77 13
77 18
77 20
77 22
77 31
77 35
77 36
77 37
77 41
77 42
77 43
77 46
77 47
77 48
77 50
77 51
77 52
77 54
77 58
77 63
77 68
77 69
77 72
77 73
77 76
77 83
77 87
77 90
77 92
77 93
77 102
77 103
77 107
77 112
77 113
77 115
77 116
77 117
77 119
78 2
78 3
78 4
78 5
78 6
78 7
78 14
78 15
78 17
78 19
78 33
78 39
78 40
78 41
78 46
78 47
78 50
78 53
78 57
78 58
78 62
78 65
78 69
78 71
78 75
78 76
78 77
78 79
78 83
78 84
78 86
78 87
78 89
78 91
78 93
78 97
78 101
78 102
78 107
78 115
79 0
79 4
79 5
79 8
79 10
79 13
79 14
79 16
79 17
79 18
79 21
79 27
79 31
79 35
79 41
79 43
79 44
79 45
79 46
79 53
79 54
79 55
79 57
79 62
79 66
79 68
79 71
79 73
79 74
79 75
79 76
79 77
79 80
79 81
79 83
79 84
79 87
79 89
79 92
79 93
79 94
79 96
79 97
79 99
79 100
79 101
79 103
79 104
79 107
79 109
79 110
79 111
79 114
79 115
79 119
80 1
80 3
80 7
80 8
80 11
80 13
80 16
80 17
80 19
80 21
80 25
80 26
80 27
80 40
80 43
80 45
80 48
80 50
80 55
80 59
80 60
80 63
80 64
80 68
80 70
80 71
80 74
80 76
80 77
80 78
80 79
80 81
80 82
80 88
80 90
80 93
80 94
80 96
80 98
80 100
80 102
80 103
80 104
80 105
80 107
80 109
80 111
80 112
80 117
80 119
81 1
81 2
81 4
81 6
81 8
81 11
81 13
81 17
81 18
81 20
81 23
81 33
81 38
81 40
81 41
81 44
81 48
81 49
81 50
81 54
81 55
81 59
81 60
81 63
81 64
81 67
81 71
81 75
81 77
81 80
81 83
81 84
81 85
81 86
81 89
81 92
81 101
81 102
81 104
81 105
81 107
81 108
81 110
81 112
81 114
81 118
82 1
82 2
82 4
82 7
82 11
82 12
82 15
82 18
82 19
82 20
82 21
82 24
82 27
82 29
82 30
82 31
82 32
82 33
82 34
82 36
82 38
82 44
82 47
82 48
82 53
82 59
82 61
82 63
82 70
82 73
82 76
82 81
82 89
82 91
82 92
82 93
82 97
82 100
82 102
82 103
82 104
82 108
82 116
82 117
83 0
83 1
83 3
83 6
83 7
83 11
83 12
83 17
83 25
83 28
83 33
83 35
83 36
83 40
83 42
83 43
83 44
83 45
83 46
83 47
83 51
83 53
83 58
83 62
83 64
83 67
83 69
83 70
83 73
83 75
83 77
83 78
83 80
83 83
83 85
83 86
83 87
83 90
83 93
83 96
83 97
83 100
83 101
83 102
83 105
83 109
83 110
83 111
83 119
84 2
84 4
84 5
84 6
84 15
84 16
84 17
84 21
84 23
84 24
84 28
84 32
84 36
84 38
84 41
84 42
84 51
84 54
84 55
84 56
84 57
84 58
84 59
84 61
84 63
84 64
84 68
84 71
84 75
84 81
84 85
84 86
84 88
84 90
84 91
84 94
84 96
84 97
84 98
84 99
84 100
84 101
84 106
84 110
84 112
84 114
84 116
84 119
85 1
85 2
85 3
85 5
85 8
85 10
85 12
85 16
85 19
85 20
85 21
85 23
85 24
85 25
85 27
85 33
85 34
85 38
85 41
85 43
85 49
85 51
85 54
85 55
85 56
85 57
85 61
85 62
85 65
85 67
85 72
85 75
85 82
85 83
85 85
85 86
85 88
85 89
85 90
85 93
85 102
85 104
85 105
85 111
85 112
85 115
85 119
86 1
86 2
86 3
86 4
86 6
86 9
86 15
86 16
86 18
86 19
86 22
86 24
86 29
86 32
86 37
86 39
86 40
86 43
86 46
86 51
86 55
86 62
86 64
86 72
86 75
86 78
86 81
86 84
86 94
86 95
86 102
86 103
86 105
86 108
86 109
86 115
86 116
86 118
87 2
87 11
87 12
87 15
87 16
87 20
87 22
87 24
87 27
87 28
87 31
87 33
87 35
87 36
87 38
87 42
87 44
87 46
87 48
87 49
87 51
87 52
87 53
87 55
87 57
87 62
87 64
87 68
87 70
87 71
87 72
87 73
87 74
87 75
87 77
87 80
87 83
87 84
87 85
87 86
87 87
87 88
87 99
87 102
87 103
87 104
87 109
87 114
87 115
87 116
87 117
87 118
88 4
88 5
88 6
88 7
88 12
88 16
88 18
88 19
88 20
88 21
88 23
88 24
88 29
88 30
88 32
88 34
88 35
88 37
88 43
88 49
88 53
88 57
88 64
88 67
88 69
88 72
88 77
88 79
88 80
88 86
88 87
88 89
88 90
88 96
88 97
88 98
88 104
88 105
88 109
88 111
88 116
88 117
88 118
88 119
89 0
89 5
89 7
89 11
89 13
89 15
89 17
89 20
89 22
89 24
89 28
89 29
89 30
89 32
89 35
89 40
89 41
89 42
89 46
89 48
89 49
89 50
89 54
89 55
89 57
89 59
89 61
89 66
89 68
89 71
89 76
89 77
89 78
89 81
89 82
89 90
89 93
89 98
89 103
89 104
89 105
89 110
89 112
89 114
89 117
90 2
90 6
90 11
90 12
90 14
90 15
90 18
90 20
90 22
90 24
90 26
90 27
90 31
90 37
90 39
90 41
90 42
90 45
90 49
90 50
90 59
90 67
90 69
90 71
90 75
90 76
90 81
90 84
90 87
90 94
90 97
90 101
90 103
90 106
90 108
90 109
90 112
90 113
90 115
90 118
91 0
91 2
91 3
91 4
91 5
91 6
91 7
91 9
91 11
91 12
91 16
91 19
91 20
91 21
91 23
91 24
91 26
91 31
91 33
91 34
91 39
91 44
91 45
91 46
91 47
91 48
91 51
91 55
91 59
91 60
91 64
91 70
91 72
91 73
91 74
91 76
91 79
91 81
91 83
91 84
91 93
91 97
91 98
91 99
91 102
91 103
91 105
91 106
91 107
91 109
91 111
91 114
91 115
91 117
92 0
92 1
92 2
92 4
92 5
92 7
92 8
92 9
92 10
92 11
92 15
92 16
92 18
92 20
92 23
92 26
92 28
92 31
92 37
92 38
92 39
92 42
92 44
92 46
92 47
92 49
92 53
92 54
92 58
92 65
92 68
92 70
92 73
92 75
92 78
92 80
92 81
92 82
92 83
92 85
92 86
92 88
92 94
92 99
92 101
92 103
92 105
92 106
92 107
92 110
92 116
92 118
93 0
93 1
93 2
93 3
93 5
93 7
93 8
93 9
93 10
93 11
93 15
93 16
93 17
93 19
93 22
93 23
93 26
93 28
93 30
93 31
93 33
93 38
93 39
93 41
93 42
93 44
93 45
93 47
93 52
93 53
93 55
93 57
93 61
93 64
93 65
93 68
93 70
93 74
93 75
93 84
93 89
93 95
93 99
93 100
93 103
93 104
93 107
93 108
93 109
93 110
93 111
93 113
93 115
93 118
93 119
94 0
94 2
94 3
94 4
94 6
94 7
94 11
94 14
94 15
94 16
94 23
94 26
94 30
94 31
94 32
94 34
94 35
94 36
94 39
94 40
94 43
94 45
94 47
94 51
94 52
94 53
94 56
94 60
94 62
94 68
94 73
94 76
94 77
94 81
94 85
94 87
94 91
94 92
94 94
94 95
94 100
94 106
94 110
94 112
94 116
94 119
95 1
95 4
95 7
95 12
95 13
95 16
95 19
95 21
95 22
95 23
95 27
95 33
95 36
95 37
95 39
95 40
95 43
95 44
95 46
95 47
95 50
95 51
95 56
95 57
95 59
95 61
95 66
95 67
95 70
95 74
95 79
95 83
95 84
95 85
95 88
95 89
95 90
95 92
95 93
95 98
95 99
95 110
95 111
95 113
95 116
95 117
95 118
96 1
96 5
96 6
96 10
96 14
96 17
96 19
96 20
96 24
96 26
96 29
96 30
96 37
96 38
96 40
96 41
96 42
96 43
96 44
96 45
96 46
96 49
96 54
96 55
96 60
96 62
96 65
96 66
96 68
96 69
96 70
96 71
96 73
96 76
96 77
96 82
96 85
96 86
96 91
96 96
96 102
96 106
96 107
96 110
96 113
96 114
96 117
96 118
97 1
97 3
97 4
97 7
97 10
97 14
97 21
97 22
97 32
97 33
97 34
97 37
97 38
97 41
97 43
97 44
97 49
97 50
97 54
97 55
97 56
97 59
97 60
97 65
97 72
97 74
97 75
97 78
97 80
97 87
97 88
97 89
97 91
97 94
97 95
97 96
97 98
97 100
97 103
97 105
97 111
97 115
98 3
98 4
98 8
98 11
98 18
98 20
98 22
98 25
98 27
98 28
98 31
98 33
98 35
98 37
98 40
98 41
98 44
98 47
98 54
98 55
98 65
98 69
98 74
98 76
98 77
98 78
98 79
98 85
98 87
98 88
98 89
98 90
98 92
98 94
98 103
98 108
98 110
98 115
98 117
98 118
99 0
99 2
99 3
99 9
99 11
99 14
99 16
99 17
99 20
99 21
99 24
99 29
99 30
99 34
99 35
99 45
99 49
99 50
99 53
99 58
99 63
99 64
99 65
99 66
99 67
99 69
99 70
99 74
99 78
99 80
99 81
99 84
99 85
99 92
99 95
99 96
99 98
99 101
99 108
99 111
99 113
99 115
99 118
100 1
100 10
100 11
100 12
100 15
100 17
100 18
100 21
100 22
100 24
100 25
100 28
100 29
100 33
100 38
100 40
100 41
100 42
100 45
100 47
100 48
100 55
100 56
100 62
100 63
100 64
100 66
100 67
100 69
100 76
100 77
100 83
100 84
100 86
100 92
100 93
100 94
100 95
100 96
100 97
100 99
100 101
100 107
100 112
100 117
100 118
101 0
101 5
101 6
101 9
101 10
101 11
101 14
101 18
101 20
101 23
101 27
101 34
101 35
101 38
101 39
101 45
101 47
101 48
101 51
101 57
101 58
101 60
101 62
101 64
101 67
101 68
101 71
101 73
101 74
101 76
101 78
101 91
101 93
101 96
101 97
101 98
101 99
101 101
101 102
101 103
101 108
101 111
101 112
101 115
101 116
101 117
101 119
102 3
102 5
102 6
102 10
102 14
102 17
102 19
102 20
102 24
102 27
102 29
102 32
102 35
102 38
102 39
102 42
102 43
102 45
102 47
102 48
102 49
102 50
102 51
102 53
102 54
102 59
102 70
102 71
102 72
102 80
102 81
102 82
102 89
102 92
102 94
102 95
102 98
102 99
102 100
102 102
102 104
102 107
102 110
102 113
102 117
103 2
103 3
103 5
103 6
103 11
103 12
103 13
103 14
103 16
103 17
103 18
103 21
103 22
103 23
103 25
103 30
103 32
103 33
103 34
103 38
103 40
103 43
103 45
103 46
103 55
103 56
103 61
103 66
103 72
103 73
103 74
103 75
103 76
103 78
103 79
103 80
103 83
103 85
103 88
103 89
103 90
103 96
103 102
103 105
103 110
103 111
103 112
103 113
103 114
103 115
103 116
103 117
103 119
104 0
104 1
104 3
104 4
104 7
104 11
104 12
104 14
104 16
104 22
104 24
104 25
104 26
104 29
104 36
104 40
104 42
104 43
104 45
104 46
104 51
104 52
104 58
104 61
104 63
104 65
104 68
104 69
104 72
104 73
104 75
104 76
104 79
104 82
104 83
104 91
104 92
104 93
104 94
104 97
104 101
104 105
104 106
104 108
104 112
104 113
104 116
105 0
105 1
105 3
105 4
105 5
105 6
105 10
105 11
105 12
105 13
105 15
105 16
105 19
105 21
105 23
105 24
105 28
105 31
105 38
105 39
105 41
105 43
105 45
105 47
105 50
105 52
105 54
105 59
105 60
105 61
105 62
105 64
105 65
105 68
105 70
105 72
105 74
105 79
105 87
105 88
105 89
105 91
105 94
105 96
105 98
105 99
105 103
105 108
105 110
105 113
105 114
105 117
105 118
106 1
106 3
106 8
106 10
106 13
106 16
106 17
106 18
106 20
106 23
106 26
106 28
106 30
106 32
106 33
106 36
106 37
106 38
106 39
106 40
106 42
106 43
106 44
106 47
106 49
106 50
106 51
106 57
106 59
106 61
106 62
106 63
106 65
106 71
106 78
106 81
106 82
106 89
106 90
106 96
106 102
106 105
106 107
106 109
106 114
106 116
106 118
107 1
107 2
107 3
107 10
107 14
107 16
107 18
107 20
107 22
107 26
107 28
107 30
107 38
107 41
107 43
107 44
107 45
107 48
107 52
107 53
107 57
107 60
107 62
107 63
107 66
107 70
107 75
107 80
107 81
107 83
107 84
107 86
107 87
107 90
107 91
107 92
107 95
107 97
107 99
107 100
107 103
107 104
107 111
107 116
108 0
108 2
108 4
108 5
108 7
108 9
108 11
108 14
108 15
108 18
108 21
108 24
108 27
108 28
108 30
108 31
108 35
108 36
108 44
108 45
108 47
108 49
108 52
108 56
108 57
108 61
108 62
108 66
108 71
108 73
108 76
108 77
108 79
108 80
108 82
108 83
108 84
108 88
108 89
108 92
108 95
108 101
108 102
108 106
108 107
108 109
108 110
108 112
108 117
108 119
109 1
109 4
109 5
109 6
109 8
109 13
109 14
109 15
109 16
109 25
109 26
109 27
109 29
109 30
109 32
109 41
109 43
109 44
109 45
109 46
109 52
109 67
109 70
109 71
109 73
109 78
109 80
109 81
109 84
109 85
109 87
109 88
109 89
109 90
109 92
109 94
109 96
109 102
109 103
109 104
109 106
109 111
109 112
109 115
110 3
110 5
110 6
110 7
110 10
110 13
110 14
110 18
110 19
110 20
110 24
110 26
110 27
110 28
110 30
110 32
110 33
110 35
110 36
110 38
110 44
110 46
110 48
110 50
110 52
110 53
110 61
110 62
110 65
110 66
110 67
110 69
110 71
110 72
110 75
110 78
110 83
110 84
110 93
110 94
110 97
110 102
110 104
110 106
110 109
110 111
110 112
110 113
110 116
110 119
111 0
111 1
111 3
111 4
111 6
111 7
111 8
111 10
111 12
111 16
111 19
111 20
111 23
111 25
111 32
111 34
111 35
111 40
111 42
111 44
111 47
111 52
111 54
111 55
111 56
111 59
111 60
111 62
111 63
111 65
111 66
111 68
111 71
111 72
111 74
111 75
111 77
111 79
111 82
111 83
111 87
111 89
111 93
111 95
111 97
111 100
111 101
111 106
111 108
111 111
111 113
111 117
111 118
112 0
112 3
112 12
112 16
112 17
112 21
112 23
112 24
112 25
112 26
112 27
112 29
112 31
112 35
112 36
112 40
112 41
112 43
112 44
112 45
112 50
112 51
112 52
112 53
112 55
112 59
112 61
112 62
112 64
112 66
112 69
112 70
112 71
112 72
112 74
112 75
112 76
112 83
112 84
112 88
112 90
112 91
112 92
112 94
112 95
112 98
112 99
112 100
112 103
112 104
112 106
112 107
112 108
112 113
112 115
112 116
112 117
113 4
113 8
113 10
113 12
113 13
113 16
113 17
113 20
113 21
113 23
113 25
113 26
113 27
113 29
113 33
113 34
113 35
113 36
113 37
113 40
113 41
113 42
113 45
113 47
113 48
113 50
113 52
113 54
113 56
113 57
113 59
113 64
113 69
113 72
113 77
113 80
113 82
113 87
113 88
113 89
113 90
113 92
113 96
113 99
113 101
113 102
113 104
113 106
113 108
113 109
113 113
113 114
113 117
113 118
113 119
114 2
114 5
114 6
114 7
114 8
114 20
114 21
114 29
114 36
114 38
114 40
114 41
114 42
114 47
114 50
114 53
114 54
114 58
114 60
114 61
114 62
114 64
114 67
114 72
114 76
114 79
114 82
114 84
114 86
114 87
114 89
114 90
114 93
114 94
114 98
114 104
114 108
114 111
114 114
114 118
115 0
115 2
115 5
115 8
115 10
115 11
115 12
115 15
115 20
115 22
115 25
115 28
115 29
115 30
115 31
115 32
115 34
115 36
115 37
115 38
115 40
115 42
115 43
115 49
115 50
115 51
115 53
115 55
115 58
115 59
115 60
115 62
115 63
115 64
115 66
115 76
115 80
115 84
115 89
115 91
115 92
115 93
115 94
115 96
115 100
115 107
115 112
115 113
115 117
115 118
115 119
116 1
116 2
116 9
116 10
116 11
116 12
116 13
116 21
116 22
116 26
116 27
116 30
116 37
116 39
116 44
116 45
116 47
116 48
116 55
116 56
116 58
116 60
116 63
116 64
116 67
116 70
116 77
116 80
116 82
116 83
116 84
116 85
116 93
116 94
116 96
116 101
116 104
116 105
116 106
116 111
116 118
117 0
117 1
117 2
117 3
117 5
117 6
117 7
117 8
117 9
117 11
117 22
117 24
117 27
117 28
117 29
117 30
117 34
117 37
117 38
117 39
117 43
117 45
117 46
117 47
117 51
117 53
117 54
117 55
117 59
117 61
117 64
117 65
117 68
117 71
117 72
117 74
117 80
117 81
117 84
117 85
117 86
117 87
117 93
117 94
117 95
117 96
117 97
117 98
117 99
117 100
117 102
117 103
117 105
117 107
117 108
117 111
117 113
117 116
117 118
117 119
118 0
118 1
118 2
118 3
118 5
118 6
118 9
118 11
118 12
118 13
118 14
118 15
118 16
118 19
118 21
118 25
118 26
118 28
118 29
118 31
118 34
118 35
118 41
118 43
118 48
118 49
118 56
118 58
118 59
118 61
118 62
118 64
118 66
118 69
118 73
118 85
118 86
118 87
118 90
118 91
118 94
118 96
118 99
118 100
118 101
118 102
118 103
118 106
118 107
118 109
118 112
118 113
118 116
118 117
119 4
119 5
119 6
119 8
119 12
119 13
119 16
119 17
119 18
119 24
119 25
119 26
119 29
119 30
119 33
119 34
119 35
119 36
119 37
119 39
119 40
119 41
119 42
119 45
119 51
119 52
119 55
119 56
119 58
119 60
119 61
119 64
119 66
119 67
119 69
119 72
119 75
119 80
119 85
119 86
119 87
119 91
119 95
119 99
119 100
119 101
119 102
119 105
119 108
119 109
119 110
119 111
119 112
119 113
119 116
119 118
119 119
