150
9000
0 7
0 13
0 15
0 16
0 20
0 21
0 25
0 26
0 30
0 33
0 36
0 38
0 39
0 44
0 45
0 48
0 50
0 53
0 55
0 56
0 57
0 62
0 63
0 65
0 69
0 70
0 72
0 78
0 79
0 81
0 85
0 89
0 92
0 95
0 113
0 116
0 121
0 123
0 125
0 128
0 130
0 131
0 139
0 143
1 3
1 4
1 7
1 10
1 13
1 14
1 15
1 20
1 22
1 32
1 33
1 34
1 36
1 38
1 41
1 42
1 46
1 48
1 49
1 51
1 53
1 55
1 56
1 57
1 59
1 63
1 65
1 66
1 69
1 72
1 77
1 81
1 82
1 84
1 85
1 87
1 88
1 90
1 92
1 94
1 97
1 100
1 104
1 106
1 107
1 109
1 114
1 115
1 118
1 119
1 120
1 121
1 122
1 124
1 127
1 128
1 129
1 131
1 133
1 135
1 136
1 137
1 144
1 145
1 146
1 147
1 148
1 149
2 0
2 4
2 5
2 13
2 14
2 15
2 16
2 17
2 18
2 21
2 23
2 24
2 26
2 27
2 30
2 32
2 34
2 38
2 41
2 42
2 47
2 48
2 49
2 50
2 53
2 56
2 58
2 59
2 62
2 65
2 67
2 70
2 71
2 74
2 80
2 82
2 83
2 84
2 85
2 87
2 88
2 89
2 91
2 92
2 93
2 97
2 100
2 102
2 105
2 107
2 110
2 114
2 116
2 118
2 119
2 121
2 125
2 126
2 127
2 128
2 131
2 132
2 135
2 136
2 137
2 143
2 145
2 148
3 0
3 1
3 3
3 4
3 7
3 8
3 9
3 10
3 12
3 13
3 14
3 15
3 17
3 19
3 22
3 25
3 26
3 27
3 28
3 30
3 32
3 33
3 34
3 36
3 38
3 40
3 41
3 42
3 43
3 48
3 50
3 53
3 55
3 58
3 59
3 60
3 64
3 67
3 70
3 75
3 77
3 78
3 81
3 86
3 89
3 91
3 92
3 93
3 96
3 97
3 103
3 106
3 114
3 116
3 119
3 120
3 125
3 127
3 128
3 130
3 137
3 138
3 139
3 140
3 141
3 144
3 145
3 148
4 1
4 8
4 10
4 11
4 14
4 21
4 22
4 23
4 25
4 27
4 28
4 30
4 35
4 37
4 39
4 42
4 43
4 48
4 50
4 57
4 61
4 62
4 63
4 65
4 67
4 70
4 71
4 72
4 74
4 76
4 77
4 78
4 81
4 82
4 88
4 89
4 90
4 96
4 98
4 99
4 100
4 104
4 107
4 108
4 109
4 114
4 115
4 117
4 119
4 120
4 122
4 123
4 125
4 126
4 127
4 128
4 132
4 135
4 136
4 137
4 138
4 142
4 146
4 147
5 0
5 5
5 6
5 9
5 12
5 13
5 14
5 15
5 19
5 21
5 22
5 23
5 25
5 28
5 30
5 31
5 32
5 36
5 38
5 40
5 41
5 46
5 48
5 49
5 54
5 56
5 58
5 61
5 64
5 68
5 69
5 70
5 71
5 74
5 75
5 76
5 78
5 79
5 84
5 87
5 88
5 89
5 90
5 92
5 94
5 96
5 97
5 99
5 100
5 101
5 105
5 107
5 118
5 121
5 122
5 125
5 126
5 131
5 132
5 133
5 134
5 139
5 140
5 141
5 142
5 145
5 147
5 148
6 4
6 16
6 17
6 19
6 21
6 22
6 23
6 26
6 30
6 31
6 40
6 41
6 42
6 43
6 44
6 45
6 47
6 48
6 49
6 50
6 54
6 59
6 60
6 61
6 65
6 67
6 68
6 71
6 74
6 77
6 79
6 84
6 85
6 89
6 91
6 94
6 95
6 96
6 108
6 116
6 117
6 118
6 119
6 121
6 125
6 131
6 134
6 135
6 140
6 141
6 145
6 146
6 147
6 148
7 0
7 2
7 3
7 7
7 8
7 11
7 13
7 15
7 19
7 28
7 30
7 31
7 32
7 40
7 42
7 43
7 44
7 46
7 47
7 48
7 49
7 51
7 53
7 55
7 56
7 59
7 65
7 66
7 69
7 72
7 75
7 77
7 79
7 81
7 83
7 85
7 86
7 89
7 91
7 93
7 94
7 99
7 100
7 102
7 109
7 110
7 111
7 115
7 116
7 122
7 123
7 124
7 126
7 128
7 129
7 130
7 132
7 133
7 135
7 136
7 139
7 143
7 144
7 146
7 148
7 149
8 0
8 4
8 6
8 11
8 13
8 14
8 15
8 19
8 20
8 23
8 24
8 25
8 27
8 32
8 35
8 40
8 44
8 48
8 50
8 51
8 55
8 57
8 60
8 64
8 67
8 71
8 73
8 75
8 80
8 83
8 88
8 91
8 92
8 97
8 99
8 105
8 114
8 116
8 117
8 118
8 120
8 121
8 122
8 123
8 125
8 127
8 129
8 130
8 132
8 133
8 134
8 137
8 139
8 142
8 144
8 148
9 3
9 7
9 8
9 11
9 12
9 17
9 18
9 21
9 32
9 36
9 37
9 42
9 49
9 52
9 54
9 57
9 58
9 59
9 60
9 63
9 65
9 68
9 69
9 74
9 76
9 79
9 82
9 88
9 90
9 97
9 101
9 102
9 103
9 104
9 106
9 107
9 110
9 115
9 116
9 118
9 121
9 122
9 126
9 130
9 133
9 136
9 137
9 139
9 140
9 142
9 145
9 149
10 0
10 4
10 6
10 7
10 8
10 12
10 13
10 16
10 17
10 19
10 22
10 23
10 24
10 26
10 31
10 32
10 35
10 38
10 40
10 44
10 45
10 47
10 49
10 60
10 63
10 70
10 71
10 72
10 74
10 75
10 76
10 79
10 80
10 84
10 85
10 89
10 91
10 97
10 100
10 103
10 107
10 109
10 111
10 112
10 122
10 123
10 126
10 127
10 139
10 141
10 145
10 146
10 147
10 148
11 0
11 4
11 5
11 6
11 11
11 15
11 19
11 23
11 24
11 27
11 32
11 33
11 34
11 35
11 38
11 39
11 41
11 42
11 43
11 45
11 48
11 50
11 51
11 52
11 55
11 56
11 60
11 61
11 62
11 67
11 76
11 83
11 87
11 89
11 95
11 96
11 97
11 99
11 102
11 104
11 106
11 107
11 109
11 112
11 113
11 122
11 126
11 129
11 132
11 133
11 134
11 137
11 140
11 141
11 146
11 149
12 3
12 10
12 12
12 14
12 15
12 17
12 18
12 21
12 23
12 24
12 26
12 29
12 30
12 33
12 34
12 36
12 41
12 45
12 49
12 51
12 53
12 56
12 58
12 59
12 60
12 62
12 64
12 71
12 76
12 77
12 85
12 88
12 89
12 90
12 92
12 94
12 99
12 103
12 105
12 111
12 114
12 120
12 122
12 123
12 126
12 131
12 134
12 136
12 139
12 140
12 141
12 145
13 0
13 1
13 2
13 3
13 6
13 7
13 9
13 10
13 14
13 17
13 20
13 21
13 23
13 24
13 25
13 27
13 28
13 29
13 30
13 31
13 32
13 33
13 34
13 35
13 39
13 42
13 43
13 45
13 47
13 48
13 57
13 60
13 63
13 65
13 66
13 68
13 69
13 70
13 72
13 76
13 79
13 84
13 90
13 92
13 93
13 96
13 98
13 102
13 105
13 107
13 111
13 112
13 114
13 120
13 121
13 125
13 126
13 133
13 134
13 138
13 141
13 142
13 143
13 145
13 148
14 0
14 1
14 2
14 3
14 4
14 5
14 6
14 8
14 13
14 15
14 20
14 24
14 26
14 27
14 28
14 31
14 32
14 34
14 35
14 36
14 38
14 42
14 46
14 47
14 52
14 55
14 57
14 61
14 64
14 68
14 71
14 74
14 76
14 79
14 81
14 82
14 89
14 90
14 91
14 94
14 96
14 97
14 98
14 100
14 102
14 104
14 106
14 109
14 113
14 115
14 117
14 119
14 120
14 122
14 125
14 128
14 132
14 133
14 136
14 139
14 143
14 147
15 3
15 5
15 7
15 9
15 15
15 19
15 23
15 26
15 29
15 33
15 34
15 37
15 38
15 40
15 45
15 47
15 50
15 54
15 55
15 57
15 58
15 61
15 62
15 65
15 68
15 70
15 71
15 72
15 75
15 79
15 81
15 85
15 86
15 87
15 91
15 92
15 95
15 103
15 105
15 114
15 117
15 120
15 121
15 123
15 124
15 125
15 126
15 127
15 129
15 131
15 132
15 133
15 135
15 139
15 141
15 142
15 143
15 144
15 145
15 146
15 148
16 0
16 1
16 2
16 5
16 8
16 9
16 12
16 15
16 16
16 20
16 22
16 24
16 26
16 29
16 33
16 36
16 37
16 38
16 39
16 41
16 46
16 47
16 48
16 49
16 50
16 52
16 54
16 55
16 56
16 60
16 61
16 65
16 66
16 68
16 69
16 72
16 75
16 78
16 81
16 84
16 95
16 99
16 100
16 102
16 103
16 104
16 108
16 110
16 114
16 115
16 117
16 119
16 120
16 123
16 124
16 128
16 130
16 131
16 135
16 143
16 144
16 146
16 149
17 1
17 5
17 6
17 7
17 8
17 9
17 11
17 13
17 14
17 19
17 21
17 23
17 26
17 27
17 28
17 31
17 34
17 38
17 41
17 43
17 44
17 47
17 48
17 56
17 59
17 67
17 68
17 70
17 74
17 77
17 79
17 81
17 82
17 85
17 86
17 88
17 89
17 91
17 92
17 94
17 95
17 96
17 99
17 104
17 106
17 107
17 109
17 110
17 111
17 115
17 116
17 117
17 123
17 125
17 126
17 127
17 130
17 131
17 132
17 133
17 138
17 139
17 144
17 145
17 148
17 149
18 1
18 5
18 11
18 15
18 17
18 19
18 21
18 23
18 25
18 30
18 33
18 34
18 35
18 40
18 43
18 48
18 52
18 57
18 58
18 62
18 66
18 68
18 71
18 72
18 73
18 74
18 75
18 80
18 81
18 82
18 83
18 87
18 88
18 92
18 93
18 95
18 96
18 97
18 99
18 107
18 108
18 109
18 113
18 114
18 116
18 120
18 122
18 123
18 125
18 127
18 128
18 131
18 135
18 136
18 141
18 142
18 143
18 147
18 149
19 0
19 4
19 5
19 6
19 8
19 9
19 10
19 12
19 13
19 15
19 18
19 19
19 23
19 24
19 26
19 30
19 36
19 38
19 39
19 40
19 45
19 46
19 48
19 54
19 58
19 60
19 61
19 62
19 64
19 65
19 66
19 69
19 70
19 71
19 73
19 76
19 77
19 80
19 82
19 83
19 92
19 93
19 96
19 97
19 101
19 102
19 104
19 106
19 107
19 110
19 111
19 115
19 116
19 118
19 124
19 131
19 134
19 140
19 142
19 144
19 147
20 2
20 4
20 6
20 7
20 8
20 10
20 12
20 14
20 17
20 18
20 19
20 20
20 24
20 28
20 34
20 35
20 36
20 42
20 49
20 54
20 62
20 65
20 67
20 71
20 72
20 75
20 76
20 78
20 80
20 81
20 82
20 85
20 90
20 93
20 95
20 98
20 100
20 101
20 102
20 104
20 108
20 111
20 113
20 116
20 119
20 121
20 127
20 131
20 135
20 139
20 140
20 141
20 144
20 145
20 146
20 147
21 0
21 4
21 7
21 8
21 9
21 11
21 13
21 14
21 15
21 16
21 18
21 22
21 23
21 26
21 27
21 28
21 34
21 36
21 44
21 48
21 50
21 53
21 54
21 58
21 61
21 63
21 64
21 66
21 68
21 69
21 71
21 75
21 76
21 77
21 82
21 83
21 85
21 86
21 89
21 90
21 91
21 98
21 99
21 102
21 103
21 105
21 108
21 111
21 112
21 115
21 116
21 118
21 123
21 124
21 126
21 128
21 132
21 133
21 134
21 144
21 147
21 149
22 2
22 8
22 14
22 16
22 20
22 21
22 28
22 30
22 31
22 33
22 35
22 37
22 38
22 40
22 41
22 42
22 49
22 52
22 53
22 56
22 60
22 62
22 63
22 66
22 72
22 73
22 77
22 78
22 80
22 82
22 83
22 84
22 86
22 88
22 91
22 94
22 95
22 98
22 109
22 111
22 115
22 116
22 117
22 118
22 119
22 120
22 121
22 126
22 127
22 128
22 130
22 132
22 141
22 142
22 147
23 1
23 3
23 4
23 5
23 7
23 11
23 12
23 15
23 16
23 17
23 20
23 26
23 27
23 29
23 32
23 34
23 35
23 42
23 43
23 47
23 50
23 51
23 52
23 56
23 58
23 60
23 62
23 67
23 68
23 69
23 70
23 73
23 75
23 76
23 77
23 78
23 79
23 80
23 81
23 83
23 89
23 92
23 94
23 96
23 97
23 99
23 100
23 101
23 105
23 106
23 107
23 112
23 115
23 119
23 120
23 125
23 126
23 127
23 129
23 133
23 134
23 136
23 137
23 138
23 139
23 140
23 141
23 142
23 147
23 148
23 149
24 3
24 4
24 5
24 6
24 11
24 12
24 18
24 19
24 20
24 21
24 22
24 25
24 28
24 29
24 30
24 32
24 35
24 37
24 42
24 43
24 44
24 45
24 47
24 49
24 50
24 55
24 56
24 59
24 61
24 65
24 66
24 70
24 71
24 77
24 81
24 83
24 87
24 88
24 89
24 93
24 94
24 95
24 100
24 102
24 104
24 109
24 111
24 114
24 115
24 116
24 117
24 120
24 121
24 122
24 123
24 125
24 126
24 130
24 132
24 133
24 136
24 138
24 139
24 147
25 2
25 4
25 5
25 7
25 9
25 13
25 17
25 31
25 34
25 37
25 40
25 41
25 43
25 44
25 45
25 48
25 51
25 54
25 55
25 56
25 58
25 67
25 68
25 69
25 72
25 74
25 75
25 76
25 78
25 79
25 82
25 87
25 89
25 90
25 93
25 97
25 98
25 99
25 101
25 102
25 103
25 104
25 105
25 106
25 109
25 111
25 114
25 116
25 117
25 119
25 121
25 122
25 124
25 126
25 127
25 130
25 131
25 134
25 135
25 140
25 141
25 143
25 145
25 149
26 1
26 4
26 6
26 8
26 9
26 15
26 24
26 33
26 35
26 37
26 39
26 41
26 43
26 44
26 46
26 48
26 49
26 50
26 53
26 56
26 60
26 61
26 64
26 66
26 68
26 70
26 72
26 73
26 74
26 78
26 79
26 83
26 86
26 93
26 94
26 95
26 96
26 97
26 99
26 109
26 111
26 112
26 114
26 115
26 116
26 118
26 120
26 128
26 131
26 132
26 133
26 135
26 136
26 137
26 138
26 142
26 143
26 145
26 147
26 148
27 0
27 1
27 3
27 9
27 10
27 12
27 14
27 15
27 16
27 18
27 19
27 27
27 28
27 30
27 35
27 37
27 42
27 45
27 46
27 50
27 53
27 54
27 55
27 56
27 60
27 62
27 64
27 67
27 69
27 70
27 71
27 74
27 75
27 77
27 78
27 79
27 80
27 81
27 84
27 86
27 89
27 94
27 102
27 106
27 114
27 115
27 116
27 119
27 122
27 123
27 125
27 126
27 127
27 132
27 134
27 135
27 137
27 141
27 143
27 144
27 146
28 0
28 1
28 5
28 8
28 9
28 12
28 21
28 23
28 26
28 29
28 30
28 34
28 35
28 40
28 45
28 48
28 53
28 63
28 64
28 67
28 71
28 72
28 77
28 82
28 83
28 85
28 86
28 87
28 92
28 94
28 97
28 98
28 100
28 102
28 104
28 109
28 111
28 112
28 113
28 114
28 115
28 116
28 118
28 119
28 124
28 129
28 131
28 138
28 144
28 145
28 146
29 1
29 4
29 5
29 6
29 13
29 14
29 15
29 16
29 18
29 21
29 27
29 30
29 33
29 34
29 38
29 39
29 40
29 44
29 47
29 52
29 57
29 63
29 65
29 68
29 69
29 71
29 73
29 75
29 76
29 77
29 80
29 83
29 85
29 86
29 87
29 92
29 93
29 94
29 95
29 96
29 97
29 98
29 99
29 101
29 105
29 107
29 108
29 110
29 114
29 116
29 119
29 124
29 125
29 130
29 134
29 136
29 138
29 139
29 141
29 147
30 0
30 2
30 10
30 11
30 12
30 20
30 22
30 24
30 26
30 27
30 30
30 33
30 34
30 35
30 36
30 39
30 41
30 42
30 45
30 47
30 48
30 50
30 54
30 55
30 59
30 60
30 61
30 62
30 64
30 67
30 68
30 70
30 72
30 76
30 82
30 85
30 87
30 89
30 97
30 98
30 100
30 106
30 108
30 112
30 116
30 117
30 120
30 125
30 130
30 132
30 136
30 137
30 138
30 144
31 2
31 5
31 6
31 11
31 16
31 19
31 20
31 21
31 22
31 27
31 29
31 32
31 37
31 39
31 40
31 46
31 49
31 55
31 59
31 63
31 66
31 69
31 70
31 71
31 74
31 76
31 78
31 79
31 84
31 86
31 87
31 91
31 92
31 95
31 96
31 101
31 104
31 106
31 107
31 111
31 113
31 120
31 123
31 125
31 126
31 127
31 131
31 132
31 134
31 136
31 140
31 141
31 142
31 145
31 147
32 1
32 4
32 7
32 10
32 12
32 17
32 19
32 22
32 23
32 25
32 26
32 30
32 31
32 32
32 33
32 34
32 37
32 38
32 40
32 42
32 43
32 44
32 45
32 51
32 53
32 57
32 58
32 59
32 60
32 62
32 65
32 66
32 68
32 73
32 74
32 78
32 79
32 81
32 82
32 83
32 85
32 86
32 90
32 91
32 92
32 94
32 96
32 98
32 107
32 109
32 110
32 112
32 113
32 115
32 116
32 117
32 120
32 121
32 124
32 128
32 137
32 138
32 139
32 142
32 144
32 145
32 146
32 147
33 0
33 1
33 3
33 4
33 5
33 7
33 9
33 11
33 12
33 14
33 15
33 16
33 20
33 21
33 22
33 24
33 25
33 27
33 29
33 30
33 31
33 37
33 44
33 46
33 51
33 55
33 58
33 62
33 63
33 64
33 67
33 69
33 70
33 79
33 80
33 82
33 87
33 95
33 103
33 105
33 107
33 109
33 114
33 115
33 116
33 118
33 120
33 121
33 122
33 127
33 129
33 132
33 133
33 138
33 141
33 142
33 145
33 146
33 149
34 1
34 7
34 8
34 9
34 14
34 19
34 20
34 23
34 24
34 25
34 27
34 33
34 34
34 37
34 39
34 42
34 43
34 44
34 45
34 47
34 49
34 53
34 55
34 59
34 60
34 66
34 67
34 70
34 79
34 80
34 81
34 82
34 86
34 88
34 92
34 93
34 98
34 99
34 107
34 108
34 112
34 113
34 114
34 117
34 122
34 126
34 127
34 132
34 134
34 137
34 138
34 140
34 141
34 142
34 144
34 148
35 3
35 7
35 8
35 9
35 10
35 12
35 13
35 18
35 20
35 22
35 23
35 24
35 27
35 28
35 30
35 35
35 36
35 40
35 42
35 43
35 44
35 47
35 48
35 49
35 51
35 53
35 54
35 55
35 56
35 57
35 59
35 60
35 61
35 63
35 64
35 65
35 71
35 74
35 77
35 78
35 85
35 88
35 89
35 91
35 92
35 96
35 98
35 99
35 101
35 107
35 110
35 111
35 112
35 116
35 117
35 122
35 127
35 131
35 133
35 141
35 142
35 143
35 147
35 148
36 5
36 6
36 8
36 12
36 13
36 16
36 17
36 20
36 21
36 22
36 26
36 27
36 32
36 34
36 42
36 45
36 47
36 53
36 55
36 57
36 60
36 62
36 63
36 64
36 68
36 69
36 76
36 78
36 79
36 85
36 89
36 96
36 97
36 100
36 102
36 107
36 115
36 121
36 126
36 127
36 129
36 131
36 134
36 141
36 143
36 145
36 146
36 147
36 149
37 10
37 13
37 14
37 15
37 16
37 17
37 18
37 21
37 22
37 24
37 25
37 26
37 28
37 32
37 33
37 34
37 35
37 38
37 42
37 51
37 52
37 53
37 54
37 55
37 57
37 58
37 59
37 61
37 63
37 64
37 65
37 66
37 67
37 69
37 71
37 72
37 74
37 75
37 82
37 85
37 89
37 93
37 95
37 97
37 100
37 101
37 103
37 104
37 105
37 106
37 107
37 109
37 117
37 119
37 120
37 123
37 124
37 126
37 128
37 130
37 131
37 139
37 141
37 144
37 147
37 148
37 149
38 0
38 2
38 4
38 6
38 7
38 9
38 16
38 17
38 18
38 19
38 21
38 24
38 31
38 32
38 35
38 36
38 37
38 42
38 45
38 46
38 48
38 53
38 56
38 57
38 58
38 59
38 60
38 61
38 62
38 67
38 68
38 70
38 71
38 72
38 73
38 74
38 78
38 79
38 82
38 83
38 84
38 87
38 90
38 92
38 99
38 101
38 103
38 107
38 108
38 112
38 114
38 118
38 121
38 123
38 126
38 128
38 132
38 134
38 135
38 137
38 138
38 139
38 140
38 141
38 146
38 147
39 1
39 3
39 5
39 9
39 10
39 11
39 13
39 14
39 15
39 21
39 23
39 26
39 27
39 32
39 36
39 43
39 44
39 49
39 51
39 55
39 56
39 60
39 64
39 71
39 72
39 73
39 74
39 80
39 84
39 87
39 88
39 93
39 95
39 96
39 104
39 106
39 108
39 111
39 113
39 115
39 118
39 123
39 127
39 128
39 130
39 132
39 133
39 134
39 135
39 139
39 142
39 143
39 145
40 1
40 5
40 12
40 13
40 18
40 20
40 21
40 23
40 24
40 30
40 32
40 33
40 35
40 36
40 40
40 46
40 49
40 50
40 52
40 56
40 60
40 63
40 64
40 66
40 73
40 74
40 75
40 76
40 83
40 84
40 86
40 87
40 89
40 92
40 94
40 95
40 96
40 97
40 98
40 99
40 102
40 105
40 106
40 108
40 117
40 124
40 127
40 131
40 135
40 138
40 142
40 146
40 147
40 148
40 149
41 3
41 4
41 5
41 6
41 7
41 9
41 12
41 14
41 15
41 16
41 19
41 20
41 22
41 23
41 24
41 25
41 27
41 28
41 30
41 32
41 35
41 45
41 48
41 52
41 54
41 56
41 68
41 69
41 72
41 74
41 75
41 76
41 78
41 81
41 84
41 86
41 92
41 94
41 96
41 97
41 98
41 102
41 103
41 105
41 106
41 107
41 108
41 109
41 111
41 114
41 115
41 117
41 118
41 119
41 121
41 123
41 128
41 129
41 134
41 137
41 146
41 147
41 148
41 149
42 0
42 3
42 5
42 6
42 7
42 14
42 19
42 23
42 28
42 31
42 32
42 34
42 37
42 41
42 44
42 47
42 48
42 49
42 55
42 59
42 61
42 63
42 64
42 66
42 68
42 69
42 70
42 73
42 74
42 76
42 77
42 81
42 84
42 93
42 94
42 97
42 100
42 103
42 106
42 107
42 108
42 109
42 111
42 112
42 113
42 117
42 119
42 121
42 124
42 128
42 132
42 133
42 134
42 135
42 137
42 139
42 145
43 0
43 1
43 4
43 5
43 7
43 9
43 11
43 12
43 13
43 15
43 17
43 20
43 21
43 22
43 28
43 30
43 31
43 34
43 35
43 42
43 45
43 46
43 50
43 56
43 57
43 58
43 59
43 62
43 65
43 67
43 75
43 81
43 87
43 89
43 90
43 91
43 92
43 95
43 96
43 97
43 99
43 100
43 102
43 104
43 107
43 108
43 109
43 115
43 116
43 118
43 123
43 126
43 132
43 133
43 134
43 136
43 139
43 140
43 143
43 145
43 146
44 1
44 3
44 11
44 14
44 15
44 16
44 17
44 19
44 20
44 21
44 23
44 26
44 28
44 31
44 32
44 33
44 38
44 41
44 43
44 44
44 45
44 46
44 48
44 55
44 56
44 57
44 60
44 62
44 63
44 64
44 68
44 69
44 70
44 72
44 76
44 79
44 84
44 87
44 92
44 96
44 97
44 98
44 103
44 108
44 111
44 112
44 114
44 118
44 119
44 120
44 122
44 124
44 125
44 130
44 131
44 133
44 138
44 142
44 145
44 147
44 149
45 4
45 12
45 13
45 15
45 17
45 26
45 27
45 28
45 29
45 31
45 32
45 34
45 37
45 40
45 42
45 43
45 48
45 52
45 54
45 56
45 60
45 62
45 63
45 64
45 70
45 71
45 72
45 73
45 75
45 79
45 85
45 86
45 89
45 94
45 97
45 101
45 104
45 105
45 108
45 110
45 111
45 119
45 121
45 124
45 127
45 137
45 138
45 139
45 145
46 1
46 4
46 8
46 9
46 10
46 11
46 13
46 15
46 23
46 24
46 25
46 26
46 29
46 30
46 33
46 38
46 41
46 42
46 46
46 47
46 49
46 50
46 51
46 52
46 53
46 54
46 55
46 58
46 60
46 62
46 67
46 68
46 69
46 70
46 71
46 72
46 73
46 75
46 76
46 79
46 83
46 84
46 85
46 86
46 89
46 93
46 94
46 96
46 102
46 105
46 111
46 112
46 113
46 114
46 116
46 118
46 119
46 121
46 122
46 124
46 125
46 126
46 129
46 132
46 135
46 137
46 138
46 140
46 141
46 149
47 1
47 3
47 10
47 12
47 14
47 15
47 16
47 18
47 22
47 23
47 24
47 25
47 27
47 29
47 31
47 35
47 36
47 38
47 41
47 42
47 43
47 44
47 48
47 49
47 51
47 53
47 54
47 55
47 56
47 58
47 59
47 68
47 69
47 70
47 71
47 72
47 75
47 77
47 83
47 84
47 85
47 88
47 89
47 90
47 92
47 94
47 97
47 101
47 103
47 107
47 111
47 112
47 114
47 117
47 118
47 120
47 124
47 125
47 127
47 128
47 129
47 130
47 132
47 136
47 143
48 1
48 3
48 4
48 17
48 18
48 20
48 22
48 24
48 25
48 27
48 29
48 30
48 32
48 44
48 45
48 46
48 48
48 55
48 56
48 57
48 58
48 59
48 60
48 61
48 63
48 65
48 66
48 67
48 71
48 73
48 76
48 78
48 82
48 85
48 87
48 90
48 96
48 101
48 104
48 108
48 109
48 111
48 114
48 115
48 116
48 117
48 118
48 119
48 120
48 123
48 127
48 128
48 129
48 130
48 131
48 134
48 136
48 138
48 139
48 140
48 142
48 148
48 149
49 5
49 6
49 9
49 10
49 12
49 13
49 15
49 16
49 19
49 20
49 21
49 24
49 30
49 31
49 32
49 33
49 37
49 38
49 41
49 42
49 44
49 45
49 47
49 48
49 50
49 52
49 59
49 61
49 64
49 71
49 73
49 80
49 83
49 84
49 86
49 92
49 93
49 95
49 99
49 101
49 102
49 103
49 104
49 105
49 108
49 113
49 115
49 116
49 124
49 127
49 129
49 130
49 139
49 143
49 144
49 145
49 148
49 149
50 2
50 11
50 13
50 15
50 25
50 28
50 31
50 33
50 34
50 35
50 37
50 44
50 45
50 47
50 48
50 50
50 51
50 52
50 54
50 55
50 59
50 60
50 64
50 65
50 67
50 69
50 73
50 76
50 78
50 80
50 86
50 87
50 90
50 91
50 93
50 94
50 96
50 97
50 100
50 104
50 105
50 106
50 107
50 108
50 111
50 115
50 116
50 118
50 125
50 133
50 135
50 136
50 137
50 138
50 139
50 140
50 141
50 143
50 149
51 1
51 3
51 4
51 5
51 9
51 11
51 15
51 18
51 19
51 20
51 22
51 26
51 34
51 36
51 37
51 39
51 43
51 44
51 45
51 52
51 56
51 60
51 63
51 70
51 72
51 74
51 75
51 77
51 78
51 79
51 81
51 82
51 83
51 85
51 86
51 90
51 91
51 92
51 95
51 96
51 102
51 103
51 104
51 106
51 109
51 110
51 112
51 115
51 124
51 126
51 128
51 132
51 133
51 134
51 135
51 136
51 137
51 141
51 142
51 145
51 146
51 149
52 1
52 3
52 5
52 8
52 14
52 17
52 18
52 21
52 22
52 24
52 25
52 35
52 36
52 38
52 42
52 45
52 49
52 50
52 52
52 53
52 54
52 59
52 60
52 63
52 64
52 65
52 67
52 72
52 76
52 82
52 84
52 89
52 93
52 98
52 101
52 104
52 105
52 106
52 107
52 108
52 109
52 110
52 111
52 114
52 115
52 116
52 118
52 123
52 126
52 128
52 130
52 132
52 133
52 135
52 136
52 139
52 141
52 146
52 148
52 149
53 0
53 4
53 5
53 6
53 7
53 8
53 10
53 12
53 19
53 20
53 22
53 26
53 28
53 29
53 33
53 40
53 42
53 43
53 48
53 50
53 53
53 55
53 58
53 62
53 63
53 64
53 65
53 72
53 73
53 77
53 79
53 84
53 85
53 88
53 89
53 91
53 93
53 96
53 98
53 100
53 102
53 114
53 117
53 118
53 132
53 135
53 139
53 140
53 144
53 147
54 3
54 6
54 7
54 8
54 11
54 12
54 17
54 23
54 24
54 29
54 32
54 33
54 35
54 40
54 41
54 42
54 43
54 45
54 47
54 50
54 51
54 52
54 53
54 54
54 63
54 64
54 66
54 68
54 70
54 73
54 77
54 78
54 79
54 91
54 93
54 96
54 105
54 110
54 119
54 120
54 122
54 125
54 127
54 131
54 132
54 134
54 142
54 143
54 144
54 145
54 147
54 149
55 2
55 6
55 7
55 9
55 10
55 11
55 14
55 15
55 16
55 17
55 18
55 23
55 24
55 25
55 29
55 34
55 35
55 36
55 39
55 41
55 46
55 52
55 53
55 54
55 63
55 65
55 69
55 70
55 72
55 75
55 78
55 79
55 80
55 81
55 83
55 84
55 86
55 88
55 89
55 90
55 91
55 95
55 97
55 102
55 104
55 106
55 109
55 110
55 114
55 118
55 121
55 122
55 123
55 127
55 131
55 132
55 135
55 138
55 142
55 143
55 145
55 147
55 149
56 1
56 3
56 4
56 9
56 11
56 13
56 15
56 20
56 26
56 27
56 28
56 30
56 34
56 40
56 41
56 45
56 47
56 48
56 49
56 50
56 51
56 53
56 55
56 58
56 63
56 71
56 72
56 73
56 74
56 76
56 77
56 81
56 82
56 84
56 85
56 88
56 92
56 93
56 95
56 99
56 100
56 103
56 104
56 105
56 106
56 108
56 109
56 112
56 113
56 114
56 123
56 124
56 125
56 126
56 127
56 129
56 130
56 132
56 133
56 135
56 137
56 140
56 141
56 143
56 145
56 148
56 149
57 0
57 4
57 6
57 7
57 13
57 14
57 19
57 20
57 23
57 27
57 30
57 37
57 38
57 39
57 40
57 42
57 44
57 53
57 58
57 59
57 61
57 62
57 63
57 65
57 66
57 67
57 69
57 70
57 71
57 73
57 75
57 76
57 87
57 88
57 90
57 91
57 92
57 93
57 96
57 100
57 101
57 104
57 105
57 107
57 109
57 115
57 116
57 120
57 123
57 124
57 125
57 127
57 129
57 130
57 131
57 133
57 134
57 135
57 139
57 140
57 143
57 144
57 146
57 147
57 148
58 3
58 4
58 7
58 10
58 12
58 16
58 21
58 22
58 26
58 32
58 34
58 35
58 38
58 44
58 49
58 50
58 52
58 57
58 58
58 59
58 60
58 63
58 64
58 66
58 69
58 70
58 71
58 72
58 73
58 74
58 76
58 79
58 83
58 89
58 91
58 92
58 93
58 99
58 101
58 102
58 104
58 114
58 116
58 118
58 120
58 121
58 128
58 129
58 130
58 133
58 135
58 138
58 139
58 140
58 142
58 144
58 146
58 148
59 0
59 4
59 10
59 13
59 17
59 20
59 26
59 31
59 32
59 34
59 37
59 38
59 43
59 45
59 49
59 51
59 52
59 55
59 56
59 59
59 65
59 68
59 69
59 73
59 75
59 76
59 78
59 79
59 80
59 81
59 83
59 86
59 87
59 90
59 91
59 92
59 94
59 95
59 96
59 98
59 106
59 110
59 111
59 112
59 115
59 116
59 124
59 125
59 133
59 134
59 135
59 142
59 145
59 149
60 2
60 3
60 4
60 5
60 6
60 10
60 15
60 18
60 20
60 22
60 27
60 31
60 32
60 34
60 39
60 41
60 43
60 44
60 45
60 48
60 50
60 51
60 54
60 57
60 59
60 65
60 68
60 70
60 71
60 76
60 77
60 78
60 79
60 80
60 82
60 84
60 87
60 88
60 91
60 92
60 93
60 94
60 95
60 100
60 105
60 106
60 111
60 112
60 116
60 118
60 123
60 127
60 129
60 131
60 132
60 134
60 136
60 140
60 142
60 145
60 147
61 0
61 2
61 3
61 10
61 12
61 15
61 17
61 18
61 22
61 23
61 27
61 29
61 33
61 38
61 39
61 47
61 52
61 53
61 54
61 57
61 61
61 66
61 73
61 77
61 81
61 83
61 85
61 86
61 88
61 89
61 90
61 91
61 94
61 95
61 96
61 102
61 107
61 111
61 113
61 115
61 117
61 120
61 123
61 125
61 131
61 132
61 135
61 136
61 138
61 140
61 141
61 142
62 0
62 1
62 6
62 9
62 10
62 11
62 12
62 13
62 14
62 16
62 25
62 26
62 27
62 30
62 31
62 32
62 35
62 38
62 40
62 43
62 44
62 48
62 54
62 55
62 56
62 57
62 59
62 60
62 61
62 64
62 66
62 72
62 74
62 75
62 78
62 79
62 80
62 82
62 85
62 88
62 89
62 93
62 94
62 95
62 101
62 102
62 104
62 107
62 108
62 111
62 115
62 120
62 121
62 124
62 126
62 127
62 128
62 131
62 134
62 138
62 139
62 145
62 148
62 149
63 1
63 4
63 6
63 7
63 10
63 13
63 16
63 25
63 29
63 30
63 32
63 33
63 37
63 39
63 43
63 44
63 45
63 46
63 48
63 50
63 53
63 55
63 56
63 59
63 61
63 62
63 63
63 66
63 72
63 76
63 77
63 78
63 79
63 80
63 83
63 86
63 88
63 90
63 92
63 93
63 95
63 99
63 105
63 106
63 107
63 109
63 110
63 111
63 113
63 114
63 117
63 118
63 119
63 122
63 125
63 129
63 131
63 135
63 138
63 139
63 146
64 1
64 2
64 4
64 5
64 8
64 9
64 14
64 15
64 16
64 18
64 19
64 22
64 23
64 30
64 35
64 37
64 38
64 39
64 40
64 42
64 45
64 46
64 47
64 49
64 51
64 52
64 57
64 60
64 62
64 63
64 65
64 66
64 67
64 68
64 71
64 72
64 77
64 80
64 81
64 82
64 83
64 84
64 87
64 93
64 95
64 96
64 103
64 104
64 105
64 110
64 111
64 112
64 118
64 121
64 122
64 125
64 126
64 127
64 134
64 135
64 136
64 137
64 138
64 139
64 140
64 141
64 142
64 143
65 0
65 6
65 16
65 17
65 26
65 27
65 31
65 33
65 34
65 37
65 38
65 41
65 42
65 43
65 49
65 50
65 52
65 54
65 56
65 57
65 58
65 63
65 65
65 66
65 68
65 71
65 73
65 75
65 78
65 79
65 80
65 81
65 82
65 83
65 84
65 85
65 88
65 93
65 96
65 97
65 100
65 101
65 103
65 105
65 109
65 111
65 114
65 116
65 117
65 119
65 120
65 121
65 122
65 124
65 125
65 126
65 127
65 128
65 130
65 133
65 135
65 136
65 137
65 138
65 139
65 142
65 143
65 144
65 145
65 148
66 0
66 2
66 3
66 5
66 7
66 8
66 9
66 10
66 14
66 15
66 16
66 18
66 19
66 20
66 23
66 24
66 25
66 28
66 33
66 43
66 48
66 49
66 51
66 52
66 54
66 56
66 58
66 59
66 60
66 61
66 62
66 63
66 70
66 71
66 76
66 77
66 79
66 82
66 86
66 88
66 89
66 90
66 93
66 95
66 97
66 98
66 99
66 101
66 104
66 107
66 111
66 113
66 114
66 116
66 117
66 118
66 119
66 121
66 132
66 138
66 140
66 142
66 148
66 149
67 0
67 1
67 6
67 13
67 14
67 21
67 22
67 25
67 26
67 30
67 34
67 35
67 37
67 39
67 46
67 47
67 48
67 50
67 58
67 64
67 66
67 69
67 70
67 71
67 72
67 76
67 78
67 79
67 80
67 81
67 82
67 84
67 85
67 86
67 93
67 95
67 97
67 98
67 99
67 100
67 102
67 104
67 106
67 108
67 110
67 114
67 115
67 118
67 120
67 121
67 125
67 127
67 129
67 136
67 142
67 144
67 145
67 146
67 147
67 148
68 0
68 3
68 4
68 5
68 8
68 9
68 13
68 15
68 17
68 18
68 22
68 23
68 25
68 30
68 31
68 33
68 35
68 36
68 41
68 45
68 46
68 51
68 53
68 57
68 58
68 59
68 60
68 61
68 63
68 65
68 66
68 67
68 69
68 72
68 76
68 79
68 80
68 81
68 82
68 83
68 86
68 87
68 88
68 89
68 91
68 93
68 95
68 96
68 98
68 99
68 100
68 102
68 106
68 108
68 110
68 115
68 117
68 118
68 120
68 122
68 126
68 130
68 132
68 134
68 135
68 136
68 137
68 140
68 144
68 145
68 146
68 147
68 149
69 2
69 3
69 7
69 9
69 10
69 12
69 14
69 24
69 25
69 26
69 29
69 30
69 31
69 32
69 38
69 39
69 40
69 41
69 42
69 43
69 44
69 48
69 54
69 56
69 57
69 58
69 63
69 67
69 72
69 73
69 78
69 79
69 80
69 81
69 89
69 91
69 92
69 94
69 95
69 96
69 100
69 107
69 108
69 110
69 113
69 115
69 122
69 125
69 126
69 127
69 129
69 130
69 131
69 134
69 136
69 137
69 138
69 144
69 145
69 146
69 147
69 149
70 0
70 1
70 4
70 6
70 18
70 28
70 33
70 35
70 36
70 37
70 38
70 41
70 45
70 46
70 50
70 52
70 56
70 57
70 58
70 59
70 61
70 62
70 64
70 65
70 66
70 67
70 69
70 71
70 77
70 80
70 82
70 84
70 86
70 89
70 90
70 91
70 97
70 102
70 103
70 105
70 109
70 110
70 113
70 120
70 122
70 123
70 126
70 127
70 129
70 133
70 135
70 137
70 141
70 145
71 2
71 7
71 9
71 10
71 11
71 13
71 16
71 20
71 22
71 23
71 24
71 26
71 27
71 29
71 31
71 36
71 38
71 42
71 43
71 44
71 45
71 49
71 50
71 51
71 53
71 55
71 56
71 57
71 61
71 64
71 70
71 72
71 76
71 79
71 84
71 85
71 88
71 89
71 91
71 94
71 95
71 98
71 101
71 103
71 104
71 105
71 109
71 110
71 114
71 116
71 117
71 121
71 122
71 124
71 126
71 131
71 135
71 137
71 139
71 142
71 143
71 145
71 147
71 148
72 1
72 3
72 4
72 6
72 12
72 16
72 17
72 20
72 21
72 23
72 24
72 25
72 26
72 30
72 33
72 34
72 39
72 41
72 44
72 47
72 49
72 50
72 60
72 61
72 69
72 73
72 77
72 80
72 81
72 83
72 84
72 90
72 94
72 95
72 96
72 98
72 106
72 109
72 113
72 122
72 123
72 126
72 129
72 131
72 132
72 133
72 140
72 143
72 144
72 149
73 1
73 7
73 8
73 10
73 12
73 13
73 14
73 16
73 21
73 22
73 24
73 26
73 27
73 28
73 29
73 34
73 36
73 39
73 40
73 41
73 42
73 43
73 45
73 47
73 48
73 49
73 52
73 53
73 57
73 59
73 63
73 64
73 65
73 71
73 73
73 74
73 77
73 80
73 81
73 82
73 83
73 85
73 91
73 93
73 98
73 101
73 103
73 107
73 108
73 110
73 112
73 119
73 120
73 133
73 136
73 140
73 145
73 147
73 148
74 0
74 3
74 4
74 9
74 10
74 11
74 12
74 15
74 19
74 20
74 21
74 27
74 28
74 31
74 34
74 35
74 38
74 47
74 49
74 52
74 57
74 58
74 59
74 61
74 66
74 67
74 69
74 70
74 73
74 74
74 75
74 76
74 77
74 78
74 79
74 81
74 85
74 86
74 97
74 99
74 100
74 103
74 104
74 108
74 110
74 111
74 115
74 116
74 117
74 121
74 123
74 126
74 127
74 128
74 131
74 133
74 139
74 142
74 147
74 148
75 2
75 6
75 7
75 9
75 12
75 13
75 14
75 18
75 24
75 26
75 27
75 28
75 33
75 38
75 39
75 41
75 42
75 43
75 44
75 46
75 47
75 61
75 63
75 66
75 67
75 68
75 69
75 72
75 74
75 75
75 77
75 80
75 81
75 82
75 87
75 88
75 95
75 96
75 98
75 100
75 102
75 104
75 108
75 110
75 112
75 118
75 124
75 125
75 127
75 129
75 131
75 134
75 140
75 141
75 142
75 144
75 145
75 146
76 3
76 4
76 13
76 15
76 16
76 17
76 19
76 23
76 24
76 25
76 26
76 28
76 30
76 31
76 34
76 36
76 39
76 42
76 45
76 50
76 51
76 52
76 55
76 56
76 58
76 60
76 63
76 64
76 67
76 68
76 69
76 70
76 73
76 76
76 78
76 82
76 83
76 86
76 87
76 89
76 90
76 91
76 98
76 99
76 100
76 101
76 103
76 105
76 108
76 109
76 113
76 114
76 115
76 117
76 119
76 120
76 126
76 132
76 136
76 139
76 141
76 143
76 146
76 149
77 3
77 5
77 9
77 15
77 17
77 18
77 20
77 24
77 25
77 26
77 27
77 28
77 30
77 34
77 36
77 37
77 41
77 45
77 51
77 55
77 58
77 59
77 61
77 63
77 64
77 65
77 67
77 70
77 71
77 83
77 84
77 86
77 87
77 88
77 92
77 93
77 95
77 97
77 100
77 101
77 104
77 105
77 108
77 109
77 113
77 115
77 117
77 121
77 123
77 124
77 125
77 127
77 138
77 140
77 144
77 147
78 0
78 2
78 3
78 6
78 11
78 14
78 15
78 16
78 17
78 19
78 20
78 23
78 25
78 27
78 30
78 34
78 35
78 36
78 38
78 39
78 45
78 48
78 49
78 50
78 52
78 57
78 63
78 65
78 67
78 68
78 69
78 72
78 73
78 75
78 76
78 78
78 80
78 81
78 83
78 84
78 85
78 87
78 93
78 96
78 97
78 98
78 100
78 101
78 102
78 106
78 107
78 109
78 111
78 114
78 118
78 120
78 121
78 122
78 123
78 126
78 127
78 128
78 132
78 134
78 135
78 139
78 140
78 143
78 144
78 145
78 149
79 1
79 2
79 3
79 8
79 10
79 13
79 16
79 17
79 24
79 25
79 39
79 41
79 46
79 52
79 54
79 56
79 59
79 60
79 61
79 63
79 68
79 71
79 72
79 75
79 76
79 84
79 85
79 88
79 93
79 95
79 97
79 98
79 99
79 101
79 102
79 105
79 109
79 111
79 112
79 114
79 117
79 121
79 125
79 131
79 134
79 140
79 141
79 144
79 145
79 146
79 149
80 0
80 2
80 7
80 11
80 13
80 21
80 24
80 25
80 27
80 28
80 38
80 39
80 45
80 49
80 51
80 52
80 53
80 55
80 56
80 59
80 62
80 64
80 70
80 77
80 79
80 80
80 84
80 85
80 90
80 92
80 97
80 100
80 101
80 105
80 107
80 108
80 109
80 112
80 113
80 114
80 116
80 117
80 119
80 120
80 122
80 124
80 128
80 135
80 136
80 137
80 139
80 140
80 141
80 148
81 0
81 1
81 2
81 5
81 6
81 7
81 11
81 13
81 15
81 16
81 17
81 21
81 23
81 24
81 27
81 32
81 38
81 41
81 42
81 44
81 48
81 49
81 50
81 51
81 54
81 55
81 56
81 57
81 58
81 63
81 64
81 66
81 67
81 70
81 74
81 80
81 81
81 86
81 88
81 90
81 101
81 102
81 109
81 113
81 118
81 120
81 121
81 124
81 127
81 128
81 129
81 131
81 132
81 134
81 135
81 138
81 140
81 142
81 144
81 146
81 147
82 3
82 4
82 5
82 12
82 15
82 17
82 18
82 19
82 20
82 22
82 24
82 26
82 28
82 29
82 35
82 36
82 42
82 43
82 45
82 47
82 48
82 49
82 50
82 52
82 53
82 55
82 56
82 59
82 60
82 63
82 65
82 67
82 70
82 74
82 76
82 77
82 79
82 80
82 82
82 83
82 84
82 86
82 88
82 89
82 91
82 93
82 94
82 95
82 99
82 100
82 104
82 105
82 108
82 109
82 111
82 115
82 117
82 119
82 120
82 123
82 124
82 129
82 134
82 136
82 143
82 145
82 147
82 148
83 2
83 4
83 6
83 8
83 9
83 10
83 11
83 13
83 14
83 16
83 18
83 20
83 23
83 24
83 27
83 32
83 33
83 34
83 36
83 40
83 41
83 45
83 46
83 47
83 51
83 56
83 60
83 62
83 64
83 66
83 68
83 72
83 75
83 80
83 81
83 82
83 85
83 87
83 90
83 94
83 98
83 99
83 102
83 103
83 111
83 112
83 114
83 117
83 118
83 120
83 121
83 124
83 131
83 137
83 138
83 142
83 148
84 0
84 2
84 4
84 5
84 8
84 11
84 14
84 16
84 17
84 20
84 21
84 25
84 26
84 27
84 30
84 36
84 37
84 38
84 39
84 41
84 42
84 45
84 50
84 53
84 54
84 56
84 57
84 59
84 60
84 61
84 62
84 64
84 68
84 69
84 70
84 74
84 79
84 82
84 83
84 85
84 86
84 92
84 96
84 97
84 98
84 100
84 102
84 103
84 106
84 109
84 113
84 114
84 115
84 117
84 118
84 120
84 121
84 122
84 125
84 126
84 128
84 129
84 130
84 131
84 132
84 135
84 138
84 140
84 143
84 148
85 2
85 7
85 13
85 15
85 17
85 19
85 21
85 23
85 26
85 27
85 28
85 29
85 37
85 43
85 46
85 47
85 49
85 55
85 58
85 60
85 63
85 67
85 73
85 74
85 80
85 83
85 85
85 86
85 87
85 88
85 90
85 92
85 97
85 98
85 99
85 101
85 104
85 108
85 109
85 112
85 113
85 114
85 118
85 126
85 129
85 131
85 134
85 140
85 141
85 142
85 143
85 147
85 149
86 2
86 3
86 5
86 7
86 16
86 19
86 22
86 28
86 31
86 35
86 40
86 41
86 42
86 43
86 46
86 50
86 53
86 56
86 57
86 59
86 61
86 64
86 65
86 67
86 68
86 69
86 72
86 73
86 74
86 80
86 81
86 82
86 86
86 87
86 88
86 89
86 90
86 91
86 94
86 97
86 105
86 106
86 112
86 113
86 114
86 117
86 121
86 125
86 130
86 133
86 135
86 141
86 143
86 145
87 1
87 3
87 5
87 9
87 16
87 18
87 19
87 20
87 23
87 24
87 30
87 33
87 43
87 44
87 45
87 46
87 47
87 49
87 50
87 51
87 55
87 56
87 59
87 60
87 61
87 62
87 63
87 65
87 72
87 76
87 77
87 80
87 81
87 83
87 88
87 89
87 94
87 98
87 99
87 100
87 101
87 102
87 104
87 105
87 106
87 114
87 115
87 117
87 118
87 119
87 120
87 121
87 122
87 124
87 126
87 133
87 134
87 135
87 136
87 137
87 138
87 139
87 140
87 142
87 144
87 146
88 4
88 6
88 10
88 11
88 14
88 16
88 17
88 18
88 23
88 25
88 29
88 32
88 36
88 37
88 38
88 40
88 41
88 42
88 43
88 47
88 50
88 52
88 54
88 56
88 57
88 59
88 60
88 63
88 65
88 66
88 69
88 76
88 78
88 79
88 82
88 83
88 84
88 85
88 86
88 89
88 90
88 94
88 97
88 101
88 104
88 106
88 111
88 112
88 115
88 118
88 121
88 124
88 126
88 129
88 131
88 132
88 136
88 137
88 138
88 142
88 144
88 145
88 148
89 1
89 4
89 9
89 12
89 14
89 16
89 25
89 27
89 28
89 29
89 31
89 32
89 33
89 36
89 46
89 49
89 52
89 53
89 55
89 58
89 59
89 60
89 62
89 64
89 65
89 67
89 68
89 69
89 71
89 74
89 78
89 79
89 83
89 84
89 85
89 89
89 94
89 98
89 101
89 103
89 104
89 105
89 106
89 107
89 108
89 109
89 110
89 111
89 117
89 118
89 119
89 124
89 127
89 129
89 130
89 133
89 135
89 136
89 145
89 148
89 149
90 0
90 1
90 4
90 5
90 11
90 12
90 13
90 15
90 16
90 21
90 22
90 24
90 26
90 28
90 30
90 33
90 34
90 37
90 44
90 48
90 49
90 50
90 51
90 52
90 53
90 54
90 55
90 57
90 62
90 65
90 66
90 71
90 72
90 74
90 75
90 76
90 77
90 82
90 83
90 91
90 92
90 98
90 99
90 100
90 101
90 102
90 103
90 106
90 109
90 111
90 114
90 116
90 117
90 126
90 127
90 129
90 131
90 133
90 136
90 137
90 138
90 139
90 141
90 144
91 0
91 1
91 2
91 3
91 4
91 6
91 7
91 8
91 12
91 13
91 18
91 27
91 34
91 37
91 38
91 39
91 40
91 44
91 46
91 47
91 48
91 52
91 55
91 56
91 63
91 65
91 66
91 67
91 69
91 71
91 73
91 74
91 76
91 78
91 79
91 80
91 82
91 83
91 84
91 87
91 89
91 92
91 93
91 94
91 97
91 102
91 103
91 104
91 111
91 114
91 116
91 122
91 123
91 124
91 125
91 128
91 132
91 133
91 136
91 137
91 139
91 144
91 146
92 7
92 8
92 10
92 13
92 17
92 23
92 24
92 25
92 29
92 32
92 33
92 35
92 36
92 37
92 39
92 40
92 43
92 44
92 47
92 49
92 52
92 54
92 55
92 58
92 59
92 62
92 64
92 65
92 67
92 68
92 69
92 70
92 71
92 73
92 76
92 77
92 80
92 81
92 82
92 87
92 90
92 91
92 93
92 97
92 98
92 103
92 104
92 105
92 110
92 113
92 117
92 118
92 121
92 124
92 130
92 135
92 139
92 143
92 147
92 148
92 149
93 2
93 3
93 6
93 11
93 12
93 13
93 18
93 22
93 25
93 28
93 29
93 30
93 32
93 33
93 34
93 36
93 40
93 41
93 44
93 46
93 47
93 50
93 53
93 55
93 56
93 57
93 58
93 63
93 64
93 66
93 69
93 71
93 72
93 74
93 76
93 78
93 80
93 81
93 82
93 92
93 93
93 96
93 97
93 99
93 100
93 106
93 107
93 109
93 111
93 112
93 116
93 121
93 124
93 125
93 126
93 127
93 129
93 130
93 134
93 135
93 137
93 139
93 140
93 143
93 144
93 146
94 0
94 4
94 5
94 6
94 7
94 8
94 15
94 16
94 21
94 24
94 28
94 29
94 30
94 32
94 34
94 35
94 36
94 37
94 40
94 41
94 44
94 46
94 47
94 51
94 52
94 53
94 54
94 56
94 58
94 59
94 61
94 63
94 67
94 68
94 72
94 73
94 74
94 80
94 86
94 88
94 93
94 98
94 100
94 101
94 102
94 103
94 105
94 109
94 110
94 111
94 112
94 113
94 121
94 128
94 131
94 132
94 133
94 134
94 136
94 138
94 144
94 147
94 148
95 0
95 3
95 8
95 16
95 20
95 23
95 24
95 25
95 26
95 29
95 30
95 32
95 34
95 35
95 40
95 43
95 46
95 49
95 50
95 56
95 58
95 64
95 71
95 72
95 75
95 78
95 81
95 84
95 88
95 90
95 92
95 93
95 96
95 99
95 100
95 101
95 117
95 124
95 125
95 126
95 130
95 131
95 133
95 134
95 135
95 136
95 137
95 138
95 140
95 142
95 143
95 144
95 145
95 146
95 148
96 2
96 3
96 5
96 6
96 9
96 11
96 12
96 13
96 19
96 20
96 26
96 28
96 31
96 32
96 33
96 36
96 37
96 38
96 39
96 43
96 46
96 49
96 50
96 51
96 52
96 53
96 56
96 62
96 63
96 64
96 66
96 68
96 69
96 72
96 80
96 81
96 84
96 88
96 90
96 91
96 93
96 94
96 96
96 97
96 100
96 101
96 102
96 104
96 105
96 108
96 112
96 114
96 116
96 118
96 126
96 136
96 137
96 138
96 139
96 142
96 143
96 148
97 0
97 2
97 3
97 7
97 14
97 20
97 21
97 23
97 29
97 31
97 33
97 34
97 35
97 37
97 38
97 39
97 53
97 57
97 60
97 64
97 67
97 70
97 72
97 75
97 80
97 81
97 83
97 88
97 91
97 92
97 94
97 97
97 98
97 99
97 101
97 108
97 110
97 111
97 114
97 117
97 120
97 123
97 129
97 130
97 140
97 149
98 0
98 1
98 5
98 12
98 14
98 15
98 16
98 17
98 21
98 22
98 23
98 33
98 34
98 36
98 37
98 38
98 39
98 55
98 57
98 58
98 59
98 62
98 64
98 65
98 66
98 67
98 69
98 70
98 73
98 76
98 83
98 85
98 86
98 88
98 89
98 93
98 98
98 99
98 102
98 103
98 105
98 107
98 108
98 109
98 110
98 111
98 116
98 118
98 119
98 122
98 123
98 126
98 129
98 131
98 132
98 136
98 139
98 140
98 147
99 6
99 7
99 8
99 13
99 15
99 16
99 20
99 24
99 25
99 26
99 27
99 29
99 30
99 31
99 32
99 33
99 35
99 38
99 44
99 47
99 48
99 49
99 50
99 52
99 61
99 65
99 67
99 71
99 72
99 74
99 78
99 80
99 81
99 91
99 92
99 96
99 100
99 105
99 111
99 115
99 117
99 118
99 119
99 123
99 126
99 131
99 132
99 137
99 138
99 140
99 145
99 148
100 1
100 2
100 3
100 4
100 6
100 7
100 9
100 10
100 11
100 16
100 18
100 23
100 24
100 25
100 26
100 28
100 29
100 33
100 34
100 39
100 40
100 41
100 44
100 49
100 51
100 52
100 55
100 58
100 59
100 60
100 61
100 62
100 69
100 71
100 74
100 75
100 77
100 81
100 82
100 83
100 88
100 89
100 90
100 95
100 98
100 99
100 100
100 108
100 109
100 115
100 117
100 121
100 127
100 130
100 132
100 133
100 135
100 137
100 141
100 143
100 144
100 145
101 1
101 5
101 7
101 8
101 10
101 11
101 12
101 18
101 19
101 21
101 23
101 32
101 34
101 36
101 38
101 41
101 43
101 44
101 46
101 48
101 50
101 51
101 55
101 57
101 60
101 62
101 65
101 67
101 69
101 73
101 75
101 76
101 80
101 81
101 82
101 87
101 90
101 94
101 98
101 104
101 106
101 107
101 112
101 114
101 116
101 122
101 123
101 124
101 125
101 130
101 131
101 133
101 149
102 0
102 4
102 5
102 6
102 7
102 10
102 11
102 13
102 14
102 18
102 19
102 20
102 24
102 25
102 32
102 33
102 34
102 35
102 36
102 37
102 39
102 40
102 41
102 42
102 44
102 54
102 56
102 58
102 60
102 61
102 62
102 65
102 66
102 69
102 73
102 75
102 79
102 80
102 83
102 85
102 87
102 88
102 89
102 90
102 91
102 92
102 93
102 97
102 99
102 101
102 102
102 103
102 105
102 108
102 110
102 113
102 114
102 115
102 116
102 117
102 119
102 121
102 122
102 128
102 132
102 133
102 134
102 135
102 136
102 139
102 141
102 142
102 144
102 147
102 148
103 0
103 5
103 6
103 8
103 12
103 14
103 15
103 16
103 18
103 20
103 21
103 23
103 24
103 27
103 30
103 31
103 33
103 34
103 37
103 43
103 45
103 50
103 51
103 55
103 59
103 64
103 70
103 71
103 72
103 74
103 76
103 77
103 78
103 82
103 85
103 88
103 89
103 93
103 96
103 99
103 100
103 101
103 103
103 105
103 106
103 107
103 108
103 111
103 112
103 114
103 121
103 122
103 126
103 128
103 129
103 131
103 133
103 134
103 135
103 137
103 138
103 139
103 141
103 142
103 146
104 0
104 1
104 2
104 3
104 5
104 13
104 19
104 20
104 24
104 26
104 29
104 31
104 32
104 33
104 37
104 41
104 42
104 43
104 44
104 46
104 47
104 49
104 51
104 53
104 57
104 60
104 63
104 64
104 71
104 74
104 75
104 76
104 79
104 80
104 81
104 84
104 86
104 89
104 90
104 93
104 98
104 102
104 104
104 105
104 106
104 107
104 109
104 110
104 114
104 118
104 119
104 120
104 121
104 123
104 126
104 129
104 130
104 131
104 132
104 133
104 138
104 139
104 140
104 141
104 143
104 147
104 148
105 0
105 2
105 9
105 11
105 12
105 19
105 21
105 26
105 27
105 28
105 30
105 32
105 34
105 38
105 39
105 40
105 41
105 45
105 48
105 49
105 54
105 55
105 63
105 66
105 68
105 69
105 70
105 71
105 73
105 77
105 82
105 86
105 87
105 90
105 92
105 93
105 96
105 98
105 101
105 104
105 108
105 110
105 119
105 120
105 121
105 125
105 129
105 130
105 134
105 138
105 139
105 140
105 141
105 142
105 144
105 146
105 148
106 2
106 3
106 6
106 7
106 10
106 14
106 16
106 19
106 24
106 25
106 31
106 34
106 36
106 37
106 38
106 39
106 42
106 43
106 48
106 52
106 54
106 59
106 61
106 66
106 67
106 71
106 73
106 76
106 78
106 79
106 81
106 82
106 83
106 84
106 86
106 88
106 89
106 90
106 91
106 95
106 97
106 101
106 105
106 106
106 111
106 113
106 119
106 120
106 127
106 128
106 131
106 132
106 133
106 137
106 139
106 143
106 147
106 149
107 1
107 3
107 5
107 11
107 16
107 19
107 22
107 24
107 25
107 33
107 34
107 35
107 36
107 37
107 38
107 39
107 40
107 42
107 44
107 46
107 47
107 48
107 49
107 52
107 56
107 58
107 59
107 60
107 64
107 66
107 67
107 71
107 75
107 76
107 81
107 84
107 90
107 93
107 94
107 96
107 97
107 102
107 105
107 106
107 108
107 110
107 111
107 112
107 113
107 114
107 115
107 119
107 123
107 124
107 128
107 129
107 135
107 138
107 139
107 140
107 144
107 148
108 2
108 6
108 9
108 14
108 17
108 18
108 19
108 22
108 23
108 24
108 28
108 30
108 31
108 34
108 36
108 38
108 43
108 44
108 45
108 48
108 52
108 54
108 56
108 57
108 59
108 61
108 66
108 67
108 68
108 72
108 75
108 77
108 81
108 82
108 88
108 90
108 91
108 92
108 94
108 99
108 100
108 102
108 104
108 109
108 114
108 115
108 118
108 119
108 124
108 126
108 132
108 136
108 142
108 143
108 144
109 1
109 2
109 3
109 4
109 8
109 10
109 11
109 13
109 14
109 18
109 22
109 26
109 27
109 29
109 31
109 36
109 38
109 40
109 41
109 44
109 52
109 53
109 54
109 55
109 56
109 63
109 67
109 69
109 70
109 71
109 79
109 82
109 91
109 94
109 96
109 97
109 100
109 101
109 103
109 104
109 107
109 110
109 112
109 117
109 119
109 120
109 122
109 123
109 125
109 126
109 128
109 129
109 131
109 136
109 137
109 138
109 139
109 144
109 146
109 147
110 1
110 2
110 3
110 4
110 11
110 15
110 19
110 22
110 25
110 26
110 27
110 28
110 31
110 37
110 55
110 58
110 59
110 60
110 65
110 68
110 69
110 73
110 79
110 84
110 86
110 92
110 97
110 99
110 104
110 107
110 108
110 111
110 113
110 117
110 118
110 119
110 120
110 121
110 124
110 125
110 126
110 127
110 132
110 133
110 135
110 138
110 139
110 141
110 143
110 144
110 148
110 149
111 0
111 1
111 7
111 9
111 11
111 12
111 13
111 14
111 15
111 21
111 22
111 23
111 24
111 26
111 28
111 29
111 35
111 38
111 41
111 47
111 48
111 49
111 50
111 53
111 58
111 59
111 61
111 63
111 65
111 66
111 68
111 71
111 73
111 75
111 77
111 78
111 79
111 88
111 101
111 106
111 107
111 109
111 110
111 111
111 114
111 116
111 122
111 126
111 134
111 135
111 140
111 141
111 143
111 145
111 146
111 148
112 0
112 4
112 5
112 6
112 7
112 14
112 21
112 22
112 23
112 24
112 25
112 26
112 27
112 36
112 39
112 40
112 42
112 44
112 47
112 50
112 54
112 60
112 64
112 72
112 74
112 75
112 77
112 83
112 88
112 89
112 91
112 94
112 95
112 100
112 101
112 102
112 104
112 106
112 107
112 110
112 111
112 112
112 114
112 116
112 122
112 123
112 126
112 127
112 130
112 132
112 133
112 135
112 137
112 140
112 141
112 145
113 0
113 4
113 5
113 6
113 8
113 13
113 16
113 17
113 18
113 22
113 24
113 29
113 33
113 38
113 41
113 47
113 48
113 50
113 54
113 55
113 56
113 58
113 62
113 66
113 67
113 69
113 71
113 74
113 75
113 76
113 77
113 89
113 90
113 91
113 92
113 97
113 99
113 102
113 104
113 105
113 113
113 114
113 116
113 119
113 122
113 124
113 126
113 130
113 132
113 135
113 141
113 142
113 144
113 148
113 149
114 1
114 4
114 8
114 10
114 12
114 16
114 21
114 22
114 24
114 25
114 26
114 30
114 31
114 32
114 33
114 34
114 40
114 43
114 45
114 46
114 52
114 55
114 58
114 63
114 67
114 69
114 75
114 79
114 81
114 86
114 90
114 98
114 100
114 104
114 110
114 112
114 113
114 116
114 120
114 121
114 122
114 123
114 124
114 129
114 131
114 133
114 134
114 141
114 146
114 149
115 0
115 7
115 8
115 9
115 10
115 14
115 17
115 18
115 20
115 21
115 26
115 28
115 29
115 31
115 38
115 41
115 44
115 47
115 49
115 51
115 53
115 54
115 56
115 57
115 59
115 62
115 63
115 64
115 65
115 74
115 75
115 77
115 78
115 82
115 84
115 85
115 86
115 89
115 90
115 95
115 97
115 99
115 100
115 103
115 104
115 108
115 109
115 111
115 116
115 118
115 119
115 122
115 123
115 124
115 130
115 131
115 132
115 133
115 135
115 136
115 137
115 138
115 142
115 146
115 149
116 1
116 4
116 9
116 10
116 13
116 14
116 18
116 24
116 25
116 33
116 35
116 36
116 37
116 42
116 44
116 46
116 50
116 51
116 53
116 56
116 59
116 60
116 61
116 64
116 66
116 70
116 74
116 79
116 80
116 84
116 85
116 86
116 87
116 90
116 97
116 98
116 100
116 102
116 103
116 106
116 110
116 111
116 115
116 116
116 117
116 119
116 121
116 122
116 125
116 126
116 128
116 134
116 135
116 138
116 140
116 142
116 146
116 148
117 2
117 3
117 4
117 5
117 6
117 8
117 9
117 10
117 12
117 14
117 16
117 18
117 19
117 20
117 29
117 32
117 39
117 51
117 53
117 58
117 59
117 60
117 63
117 64
117 66
117 68
117 69
117 70
117 71
117 76
117 78
117 79
117 80
117 83
117 84
117 86
117 87
117 89
117 96
117 97
117 101
117 106
117 107
117 109
117 113
117 114
117 117
117 119
117 122
117 126
117 127
117 128
117 129
117 131
117 133
117 134
117 139
117 142
117 145
117 146
118 3
118 4
118 5
118 6
118 8
118 10
118 11
118 13
118 14
118 15
118 21
118 23
118 25
118 29
118 31
118 38
118 40
118 46
118 47
118 55
118 58
118 62
118 65
118 67
118 68
118 71
118 72
118 73
118 76
118 84
118 85
118 88
118 90
118 94
118 99
118 105
118 106
118 107
118 108
118 110
118 111
118 115
118 116
118 119
118 124
118 125
118 127
118 128
118 129
118 130
118 134
118 135
118 136
118 140
118 141
118 142
118 143
118 146
119 0
119 2
119 6
119 8
119 9
119 10
119 14
119 15
119 17
119 20
119 30
119 31
119 32
119 33
119 36
119 38
119 40
119 41
119 42
119 52
119 54
119 56
119 58
119 61
119 62
119 64
119 70
119 71
119 72
119 78
119 79
119 81
119 84
119 88
119 90
119 91
119 94
119 95
119 97
119 99
119 101
119 105
119 107
119 108
119 109
119 110
119 111
119 115
119 119
119 122
119 123
119 125
119 127
119 129
119 131
119 134
119 135
119 136
119 137
119 138
119 141
119 142
119 146
119 147
120 0
120 1
120 3
120 6
120 10
120 16
120 17
120 26
120 36
120 37
120 38
120 41
120 44
120 47
120 49
120 53
120 54
120 56
120 57
120 58
120 60
120 63
120 69
120 72
120 74
120 76
120 78
120 81
120 83
120 87
120 88
120 96
120 97
120 108
120 110
120 112
120 113
120 115
120 116
120 118
120 122
120 123
120 125
120 128
120 129
120 134
120 136
120 137
120 138
120 141
120 143
120 146
120 147
120 148
120 149
121 0
121 1
121 5
121 6
121 8
121 9
121 20
121 22
121 24
121 28
121 33
121 34
121 38
121 39
121 41
121 43
121 44
121 47
121 50
121 51
121 53
121 56
121 59
121 63
121 65
121 69
121 70
121 74
121 77
121 79
121 86
121 87
121 88
121 89
121 90
121 93
121 98
121 104
121 105
121 106
121 107
121 114
121 115
121 117
121 120
121 133
121 134
121 136
121 139
121 144
121 148
122 0
122 2
122 9
122 16
122 18
122 19
122 23
122 25
122 27
122 28
122 33
122 39
122 40
122 44
122 46
122 48
122 49
122 51
122 54
122 57
122 58
122 64
122 65
122 68
122 69
122 76
122 78
122 79
122 82
122 86
122 87
122 90
122 91
122 92
122 93
122 98
122 100
122 105
122 108
122 109
122 111
122 115
122 116
122 117
122 119
122 126
122 127
122 129
122 133
122 140
122 141
122 142
122 143
122 149
123 0
123 3
123 10
123 11
123 14
123 15
123 17
123 19
123 22
123 23
123 24
123 25
123 28
123 33
123 34
123 42
123 43
123 44
123 46
123 50
123 52
123 53
123 54
123 55
123 59
123 60
123 61
123 62
123 63
123 66
123 67
123 68
123 69
123 71
123 74
123 76
123 80
123 81
123 88
123 91
123 93
123 94
123 100
123 101
123 106
123 110
123 111
123 113
123 115
123 126
123 127
123 131
123 132
123 134
123 135
123 138
123 139
123 141
123 145
123 146
123 149
124 1
124 4
124 6
124 7
124 12
124 16
124 17
124 20
124 23
124 26
124 31
124 33
124 34
124 35
124 36
124 37
124 42
124 43
124 44
124 48
124 52
124 54
124 55
124 58
124 61
124 64
124 67
124 70
124 71
124 73
124 75
124 76
124 77
124 78
124 80
124 81
124 82
124 86
124 87
124 90
124 91
124 92
124 97
124 103
124 106
124 107
124 110
124 111
124 113
124 115
124 116
124 117
124 119
124 120
124 121
124 122
124 126
124 130
124 133
124 134
124 135
124 139
124 141
124 145
124 148
124 149
125 1
125 2
125 4
125 8
125 9
125 10
125 12
125 14
125 18
125 22
125 23
125 25
125 28
125 29
125 30
125 31
125 32
125 37
125 39
125 40
125 45
125 46
125 47
125 48
125 49
125 51
125 54
125 56
125 58
125 62
125 67
125 68
125 70
125 71
125 74
125 75
125 78
125 80
125 83
125 90
125 91
125 94
125 96
125 100
125 101
125 105
125 108
125 111
125 112
125 120
125 121
125 128
125 132
125 133
125 135
125 137
125 142
125 143
125 145
126 5
126 6
126 9
126 13
126 15
126 17
126 20
126 21
126 25
126 32
126 33
126 41
126 42
126 43
126 47
126 48
126 51
126 52
126 53
126 56
126 59
126 62
126 63
126 66
126 67
126 68
126 70
126 71
126 76
126 78
126 79
126 82
126 84
126 86
126 95
126 97
126 100
126 103
126 106
126 110
126 112
126 114
126 116
126 117
126 118
126 121
126 122
126 125
126 126
126 127
126 129
126 132
126 136
126 138
126 144
126 146
127 0
127 1
127 4
127 5
127 6
127 13
127 14
127 16
127 19
127 22
127 26
127 28
127 35
127 36
127 43
127 49
127 52
127 53
127 54
127 59
127 62
127 65
127 66
127 72
127 74
127 76
127 81
127 82
127 85
127 86
127 87
127 88
127 89
127 91
127 93
127 94
127 96
127 97
127 98
127 99
127 105
127 107
127 108
127 115
127 119
127 120
127 123
127 124
127 126
127 130
127 132
127 133
127 135
127 141
127 143
127 144
127 145
127 148
128 0
128 5
128 7
128 8
128 9
128 10
128 13
128 14
128 15
128 16
128 19
128 20
128 21
128 23
128 24
128 25
128 27
128 29
128 30
128 35
128 42
128 52
128 54
128 62
128 63
128 71
128 73
128 75
128 76
128 78
128 79
128 82
128 86
128 89
128 92
128 93
128 94
128 95
128 96
128 103
128 109
128 117
128 121
128 123
128 124
128 127
128 128
128 133
128 136
128 137
128 141
128 143
128 144
128 147
128 149
129 2
129 4
129 6
129 7
129 10
129 14
129 18
129 21
129 28
129 30
129 33
129 37
129 42
129 49
129 50
129 53
129 54
129 55
129 56
129 57
129 58
129 60
129 65
129 66
129 70
129 75
129 77
129 78
129 81
129 82
129 83
129 88
129 89
129 92
129 94
129 95
129 99
129 101
129 103
129 106
129 112
129 113
129 114
129 118
129 120
129 125
129 126
129 134
129 136
129 138
129 140
129 142
129 144
129 148
129 149
130 0
130 1
130 8
130 9
130 11
130 12
130 15
130 19
130 20
130 21
130 22
130 26
130 29
130 30
130 32
130 35
130 38
130 40
130 45
130 49
130 50
130 53
130 60
130 63
130 64
130 66
130 67
130 68
130 71
130 72
130 73
130 75
130 76
130 77
130 80
130 83
130 86
130 88
130 89
130 92
130 93
130 96
130 98
130 102
130 103
130 109
130 111
130 113
130 114
130 116
130 117
130 118
130 119
130 123
130 124
130 125
130 129
130 131
130 132
130 133
130 134
130 136
130 143
130 146
131 0
131 2
131 4
131 5
131 7
131 9
131 10
131 14
131 15
131 16
131 23
131 24
131 25
131 28
131 31
131 33
131 35
131 37
131 42
131 43
131 44
131 46
131 48
131 51
131 56
131 61
131 62
131 63
131 64
131 67
131 68
131 69
131 72
131 73
131 77
131 78
131 79
131 80
131 81
131 82
131 83
131 84
131 85
131 86
131 87
131 91
131 94
131 96
131 97
131 98
131 100
131 101
131 104
131 105
131 107
131 108
131 109
131 116
131 118
131 119
131 124
131 127
131 128
131 132
131 133
131 141
131 144
131 145
131 147
131 149
132 11
132 13
132 14
132 15
132 21
132 22
132 23
132 24
132 26
132 30
132 31
132 37
132 46
132 49
132 53
132 55
132 59
132 60
132 65
132 66
132 68
132 72
132 73
132 75
132 77
132 80
132 81
132 84
132 85
132 87
132 89
132 91
132 92
132 99
132 104
132 107
132 109
132 112
132 113
132 115
132 116
132 117
132 118
132 119
132 121
132 124
132 126
132 129
132 131
132 132
132 134
132 135
132 137
132 140
132 146
132 149
133 0
133 2
133 3
133 5
133 8
133 10
133 11
133 12
133 14
133 15
133 16
133 18
133 19
133 23
133 24
133 26
133 28
133 30
133 33
133 36
133 42
133 44
133 47
133 48
133 50
133 55
133 56
133 58
133 59
133 61
133 63
133 64
133 65
133 68
133 70
133 72
133 75
133 76
133 78
133 79
133 80
133 81
133 82
133 89
133 90
133 91
133 93
133 95
133 97
133 98
133 102
133 104
133 105
133 107
133 109
133 110
133 114
133 116
133 119
133 123
133 125
133 128
133 129
133 132
133 136
133 137
133 142
133 143
133 144
134 2
134 5
134 6
134 12
134 14
134 18
134 19
134 21
134 22
134 24
134 30
134 32
134 34
134 35
134 37
134 38
134 40
134 41
134 42
134 44
134 47
134 49
134 55
134 56
134 61
134 62
134 63
134 64
134 65
134 68
134 74
134 77
134 79
134 80
134 84
134 87
134 88
134 90
134 91
134 93
134 94
134 98
134 99
134 100
134 101
134 102
134 105
134 108
134 109
134 110
134 116
134 129
134 133
134 134
134 135
134 136
134 146
134 149
135 0
135 2
135 3
135 7
135 8
135 10
135 13
135 17
135 19
135 24
135 25
135 27
135 32
135 35
135 36
135 37
135 42
135 47
135 48
135 49
135 51
135 57
135 59
135 61
135 63
135 64
135 66
135 67
135 68
135 72
135 80
135 83
135 84
135 86
135 88
135 90
135 92
135 93
135 94
135 96
135 103
135 108
135 109
135 111
135 115
135 119
135 120
135 125
135 130
135 132
135 134
135 141
135 142
135 143
135 146
135 148
135 149
136 1
136 12
136 14
136 15
136 18
136 20
136 22
136 28
136 31
136 32
136 34
136 36
136 37
136 40
136 47
136 50
136 56
136 57
136 58
136 61
136 62
136 63
136 64
136 65
136 67
136 75
136 76
136 82
136 83
136 88
136 91
136 94
136 96
136 100
136 103
136 107
136 108
136 113
136 115
136 116
136 119
136 120
136 122
136 123
136 127
136 134
136 137
136 138
136 139
136 140
136 142
136 143
136 144
136 146
136 147
136 148
136 149
137 2
137 7
137 9
137 11
137 12
137 17
137 18
137 20
137 22
137 23
137 24
137 26
137 29
137 32
137 33
137 35
137 36
137 39
137 44
137 46
137 49
137 50
137 52
137 55
137 57
137 61
137 62
137 63
137 64
137 66
137 67
137 69
137 70
137 71
137 73
137 77
137 79
137 80
137 83
137 85
137 87
137 88
137 89
137 91
137 92
137 93
137 94
137 96
137 98
137 100
137 101
137 102
137 104
137 110
137 114
137 121
137 122
137 125
137 126
137 128
137 129
137 131
137 133
137 134
137 135
137 136
137 139
137 142
137 144
137 145
137 147
137 149
138 0
138 2
138 4
138 6
138 7
138 8
138 10
138 15
138 16
138 20
138 21
138 26
138 27
138 28
138 29
138 32
138 33
138 37
138 45
138 48
138 49
138 50
138 53
138 56
138 57
138 59
138 62
138 64
138 65
138 67
138 68
138 69
138 78
138 85
138 86
138 88
138 91
138 95
138 96
138 98
138 102
138 103
138 107
138 111
138 112
138 113
138 115
138 116
138 117
138 119
138 124
138 127
138 128
138 129
138 132
138 134
138 135
138 136
138 139
138 144
138 146
139 0
139 1
139 6
139 9
139 10
139 11
139 12
139 15
139 17
139 18
139 19
139 22
139 23
139 33
139 39
139 41
139 44
139 46
139 48
139 49
139 50
139 59
139 60
139 61
139 62
139 63
139 64
139 66
139 67
139 71
139 77
139 81
139 83
139 87
139 90
139 93
139 94
139 99
139 101
139 104
139 107
139 114
139 115
139 119
139 120
139 121
139 124
139 125
139 128
139 131
139 134
139 135
139 136
139 138
139 140
139 142
139 144
139 145
139 149
140 1
140 2
140 4
140 8
140 13
140 16
140 17
140 19
140 30
140 32
140 33
140 35
140 37
140 39
140 41
140 43
140 46
140 48
140 54
140 55
140 56
140 57
140 60
140 62
140 63
140 65
140 68
140 69
140 74
140 75
140 78
140 81
140 82
140 86
140 88
140 91
140 92
140 93
140 94
140 97
140 99
140 102
140 106
140 113
140 114
140 115
140 117
140 121
140 123
140 125
140 126
140 127
140 128
140 129
140 132
140 133
140 139
140 140
140 146
141 1
141 7
141 10
141 13
141 14
141 18
141 20
141 21
141 25
141 26
141 27
141 29
141 35
141 36
141 37
141 41
141 45
141 46
141 47
141 48
141 49
141 50
141 52
141 55
141 57
141 60
141 61
141 65
141 71
141 72
141 73
141 77
141 78
141 81
141 82
141 84
141 89
141 95
141 96
141 99
141 100
141 106
141 109
141 113
141 122
141 123
141 126
141 130
141 131
141 132
141 134
141 138
141 140
141 142
141 143
141 144
142 0
142 2
142 11
142 12
142 16
142 19
142 23
142 24
142 29
142 30
142 31
142 40
142 42
142 45
142 50
142 52
142 53
142 54
142 56
142 62
142 63
142 65
142 67
142 68
142 69
142 70
142 73
142 76
142 77
142 78
142 79
142 80
142 85
142 90
142 91
142 95
142 98
142 102
142 108
142 109
142 114
142 115
142 119
142 124
142 127
142 130
142 131
142 132
142 142
142 143
142 144
142 146
142 147
143 1
143 2
143 5
143 8
143 9
143 13
143 15
143 17
143 21
143 23
143 24
143 26
143 32
143 34
143 45
143 51
143 53
143 59
143 61
143 62
143 63
143 64
143 66
143 71
143 74
143 76
143 77
143 81
143 83
143 84
143 86
143 91
143 95
143 100
143 101
143 107
143 109
143 114
143 116
143 117
143 119
143 120
143 121
143 122
143 129
143 136
143 137
143 141
143 142
143 143
143 144
143 145
143 146
143 149
144 0
144 2
144 6
144 8
144 9
144 11
144 12
144 13
144 14
144 16
144 18
144 19
144 20
144 22
144 23
144 24
144 25
144 26
144 28
144 35
144 37
144 39
144 42
144 44
144 45
144 47
144 51
144 53
144 56
144 57
144 59
144 60
144 67
144 68
144 70
144 75
144 78
144 93
144 95
144 96
144 100
144 104
144 105
144 108
144 111
144 114
144 116
144 117
144 124
144 127
144 128
144 133
144 134
144 135
144 136
144 137
144 138
144 141
144 145
144 148
144 149
145 1
145 3
145 5
145 10
145 13
145 14
145 19
145 20
145 21
145 22
145 23
145 24
145 27
145 29
145 31
145 35
145 38
145 40
145 41
145 47
145 48
145 51
145 52
145 53
145 60
145 61
145 63
145 64
145 65
145 66
145 67
145 70
145 77
145 78
145 79
145 81
145 82
145 83
145 84
145 90
145 91
145 92
145 95
145 96
145 97
145 98
145 99
145 110
145 111
145 117
145 118
145 123
145 127
145 129
145 130
145 132
145 137
145 139
145 140
145 143
145 144
145 145
145 146
145 147
146 0
146 2
146 10
146 12
146 14
146 15
146 23
146 24
146 25
146 32
146 33
146 35
146 38
146 39
146 41
146 42
146 43
146 44
146 50
146 52
146 56
146 58
146 59
146 60
146 62
146 63
146 67
146 69
146 70
146 71
146 72
146 73
146 74
146 78
146 80
146 86
146 87
146 90
146 93
146 95
146 101
146 102
146 105
146 107
146 110
146 111
146 120
146 121
146 123
146 124
146 126
146 127
146 128
146 131
146 132
146 133
146 135
146 137
146 138
146 140
146 142
146 144
146 146
146 147
146 148
146 149
147 1
147 2
147 3
147 4
147 9
147 10
147 11
147 13
147 14
147 16
147 17
147 20
147 21
147 23
147 29
147 36
147 41
147 45
147 46
147 47
147 52
147 53
147 54
147 57
147 59
147 65
147 67
147 70
147 76
147 78
147 79
147 81
147 83
147 84
147 85
147 90
147 92
147 93
147 94
147 95
147 97
147 101
147 102
147 110
147 112
147 114
147 117
147 118
147 124
147 126
147 128
147 129
147 131
147 132
147 135
147 136
147 137
147 139
147 140
147 142
147 143
147 145
148 0
148 6
148 7
148 10
148 14
148 15
148 17
148 18
148 19
148 23
148 24
148 25
148 26
148 27
148 32
148 33
148 34
148 35
148 36
148 39
148 42
148 43
148 44
148 47
148 49
148 51
148 54
148 56
148 57
148 59
148 71
148 72
148 74
148 75
148 78
148 80
148 83
148 87
148 88
148 89
148 91
148 95
148 97
148 98
148 99
148 102
148 104
148 105
148 106
148 107
148 108
148 109
148 110
148 112
148 115
148 116
148 118
148 121
148 124
148 125
148 126
148 127
148 131
148 134
148 137
148 140
148 143
148 149
149 1
149 3
149 6
149 10
149 11
149 13
149 16
149 17
149 19
149 22
149 23
149 25
149 26
149 27
149 28
149 29
149 30
149 33
149 37
149 38
149 47
149 50
149 55
149 56
149 59
149 62
149 63
149 65
149 66
149 67
149 68
149 69
149 72
149 73
149 77
149 78
149 81
149 82
149 87
149 90
149 92
149 98
149 102
149 104
149 105
149 109
149 112
149 117
149 118
149 119
149 123
149 127
149 129
149 131
149 134
149 135
149 139
149 143
149 145
149 146
149 149
