50
1000
0 5
0 6
0 7
0 8
0 11
0 18
0 28
0 33
0 34
0 37
0 38
0 41
0 42
0 46
0 48
0 49
1 0
1 3
1 6
1 7
1 9
1 17
1 19
1 23
1 29
1 32
1 35
1 36
1 40
1 42
1 45
1 46
1 48
2 0
2 3
2 9
2 13
2 18
2 19
2 22
2 23
2 25
2 28
2 30
2 34
2 35
2 44
2 45
2 47
2 48
3 0
3 3
3 4
3 5
3 6
3 11
3 16
3 19
3 20
3 22
3 28
3 32
3 33
3 36
3 37
3 42
3 43
3 49
4 3
4 5
4 6
4 9
4 11
4 13
4 16
4 17
4 22
4 26
4 28
4 29
4 30
4 31
4 32
4 38
4 40
4 44
4 45
4 48
4 49
5 0
5 1
5 3
5 4
5 12
5 13
5 14
5 15
5 16
5 22
5 23
5 26
5 27
5 29
5 32
5 36
5 39
5 40
5 41
5 43
5 44
5 46
6 1
6 7
6 8
6 9
6 10
6 11
6 12
6 15
6 16
6 20
6 24
6 26
6 33
6 37
6 38
7 2
7 3
7 4
7 8
7 11
7 12
7 15
7 16
7 22
7 25
7 26
7 27
7 29
7 36
7 37
7 42
7 43
7 44
7 46
7 47
7 49
8 0
8 1
8 5
8 7
8 10
8 12
8 19
8 27
8 32
8 35
8 36
8 37
8 38
8 39
8 41
8 45
8 48
9 0
9 1
9 4
9 5
9 6
9 7
9 9
9 11
9 12
9 13
9 14
9 15
9 17
9 19
9 21
9 23
9 27
9 30
9 33
9 34
9 35
9 37
9 38
9 39
9 40
9 42
9 49
10 0
10 2
10 4
10 7
10 8
10 10
10 14
10 17
10 18
10 20
10 21
10 26
10 27
10 28
10 31
10 32
10 33
10 37
10 38
10 40
10 46
10 47
10 48
11 1
11 4
11 5
11 9
11 11
11 12
11 13
11 14
11 15
11 16
11 18
11 19
11 21
11 24
11 26
11 28
11 29
11 31
11 33
11 35
11 36
11 38
11 44
11 45
11 46
11 49
12 0
12 5
12 6
12 9
12 13
12 14
12 16
12 19
12 21
12 23
12 27
12 30
12 33
12 34
12 36
12 41
12 43
12 45
12 46
13 7
13 8
13 9
13 10
13 11
13 12
13 13
13 17
13 18
13 19
13 20
13 21
13 22
13 23
13 24
13 25
13 26
13 29
13 31
13 38
13 39
13 43
13 45
13 48
14 1
14 3
14 5
14 7
14 9
14 12
14 13
14 17
14 19
14 20
14 24
14 27
14 31
14 34
14 35
14 36
14 37
14 40
14 44
14 46
15 0
15 2
15 3
15 5
15 8
15 10
15 13
15 14
15 15
15 17
15 19
15 25
15 26
15 30
15 36
15 46
16 4
16 10
16 11
16 14
16 16
16 18
16 20
16 21
16 22
16 30
16 33
16 34
16 35
16 39
16 40
16 41
16 47
16 49
17 4
17 5
17 6
17 8
17 9
17 12
17 14
17 16
17 17
17 18
17 26
17 27
17 30
17 31
17 35
17 36
17 37
17 38
17 40
17 42
17 44
17 49
18 1
18 4
18 7
18 8
18 9
18 11
18 16
18 18
18 19
18 22
18 23
18 24
18 27
18 29
18 32
18 33
18 34
18 35
18 36
18 37
18 44
18 46
18 49
19 1
19 4
19 5
19 6
19 8
19 18
19 25
19 26
19 28
19 30
19 31
19 33
19 39
19 44
19 48
19 49
20 0
20 4
20 8
20 12
20 14
20 15
20 16
20 20
20 21
20 22
20 26
20 28
20 29
20 30
20 31
20 33
20 34
20 35
20 36
20 38
20 39
20 42
20 44
20 46
20 47
20 49
21 0
21 3
21 7
21 10
21 15
21 17
21 21
21 22
21 23
21 25
21 26
21 27
21 30
21 32
21 34
21 38
21 46
22 1
22 4
22 5
22 6
22 8
22 10
22 13
22 14
22 16
22 17
22 23
22 24
22 33
22 34
22 35
22 36
22 37
22 38
22 41
22 48
23 1
23 2
23 3
23 18
23 19
23 21
23 24
23 25
23 26
23 27
23 44
23 49
24 0
24 2
24 3
24 5
24 9
24 10
24 13
24 14
24 16
24 22
24 23
24 29
24 32
24 33
24 34
24 38
24 42
24 45
25 0
25 3
25 6
25 7
25 11
25 13
25 14
25 15
25 18
25 19
25 20
25 21
25 23
25 26
25 29
25 31
25 32
25 40
25 43
25 45
25 49
26 0
26 8
26 11
26 14
26 19
26 20
26 22
26 23
26 28
26 29
26 30
26 32
26 33
26 41
26 44
26 45
26 47
26 48
27 0
27 1
27 6
27 8
27 11
27 13
27 15
27 19
27 22
27 27
27 28
27 29
27 36
27 37
27 42
27 43
27 45
27 46
27 47
27 49
28 0
28 2
28 4
28 7
28 10
28 13
28 15
28 16
28 18
28 19
28 21
28 22
28 24
28 25
28 26
28 27
28 28
28 30
28 31
28 32
28 36
28 38
28 40
28 45
28 46
28 48
28 49
29 0
29 1
29 3
29 7
29 9
29 13
29 14
29 16
29 18
29 21
29 25
29 26
29 27
29 28
29 30
29 36
29 37
29 40
29 43
29 44
29 45
29 47
30 3
30 10
30 16
30 18
30 19
30 22
30 24
30 27
30 36
30 38
30 40
30 44
30 46
30 47
30 48
31 0
31 2
31 4
31 5
31 9
31 10
31 12
31 14
31 16
31 18
31 19
31 22
31 23
31 24
31 27
31 28
31 31
31 32
31 34
31 36
31 38
31 41
31 42
31 46
31 49
32 0
32 5
32 10
32 17
32 21
32 22
32 24
32 25
32 32
32 34
32 37
32 42
32 46
32 47
32 49
33 1
33 6
33 7
33 9
33 10
33 15
33 16
33 20
33 22
33 23
33 27
33 29
33 31
33 33
33 38
33 42
33 43
33 44
33 46
34 3
34 4
34 5
34 13
34 19
34 22
34 23
34 25
34 28
34 29
34 30
34 32
34 36
34 38
34 41
34 45
34 48
35 3
35 5
35 6
35 7
35 11
35 12
35 14
35 17
35 18
35 19
35 20
35 22
35 23
35 24
35 25
35 26
35 31
35 33
35 34
35 39
35 40
35 45
35 47
35 49
36 6
36 10
36 12
36 13
36 15
36 16
36 17
36 19
36 20
36 21
36 30
36 32
36 33
36 34
36 38
36 39
36 40
36 42
36 47
37 1
37 2
37 5
37 8
37 10
37 11
37 13
37 17
37 20
37 25
37 26
37 28
37 31
37 32
37 33
37 34
37 35
37 37
37 40
37 43
37 46
38 5
38 8
38 9
38 12
38 15
38 17
38 23
38 24
38 27
38 30
38 31
38 34
38 36
38 40
38 41
38 45
38 46
39 1
39 2
39 4
39 6
39 11
39 16
39 17
39 19
39 20
39 22
39 23
39 27
39 31
39 34
39 36
39 38
39 42
39 45
39 46
39 48
39 49
40 1
40 6
40 12
40 15
40 23
40 24
40 31
40 32
40 34
40 36
40 38
40 39
40 40
40 44
40 45
40 49
41 1
41 2
41 5
41 8
41 9
41 12
41 16
41 18
41 22
41 23
41 24
41 26
41 27
41 28
41 31
41 32
41 35
41 36
41 41
41 42
41 44
41 46
41 47
41 48
42 0
42 3
42 5
42 6
42 7
42 8
42 10
42 11
42 12
42 13
42 14
42 16
42 20
42 22
42 24
42 31
42 36
42 37
42 44
42 45
42 47
43 2
43 5
43 7
43 12
43 13
43 21
43 22
43 23
43 24
43 29
43 31
43 39
43 40
43 42
43 48
43 49
44 0
44 1
44 4
44 5
44 7
44 10
44 11
44 13
44 15
44 19
44 20
44 21
44 26
44 28
44 31
44 32
44 33
44 34
44 36
44 39
44 40
44 43
44 46
45 2
45 5
45 6
45 7
45 8
45 10
45 13
45 14
45 19
45 20
45 21
45 26
45 27
45 29
45 32
45 35
45 36
45 38
45 42
45 43
45 45
45 48
45 49
46 0
46 2
46 4
46 6
46 8
46 9
46 15
46 16
46 17
46 21
46 22
46 25
46 28
46 29
46 30
46 33
46 34
46 35
46 36
46 38
46 39
46 41
46 42
46 43
46 45
46 47
46 48
46 49
47 0
47 4
47 5
47 9
47 11
47 13
47 14
47 15
47 17
47 19
47 21
47 22
47 24
47 26
47 40
47 43
47 45
47 47
48 3
48 9
48 10
48 11
48 12
48 13
48 15
48 20
48 21
48 26
48 29
48 31
48 33
48 34
48 36
48 39
48 42
48 44
48 45
48 47
48 49
49 0
49 1
49 5
49 6
49 8
49 12
49 14
49 19
49 21
49 24
49 26
49 31
49 33
49 34
49 35
49 38
49 39
49 49
