130
6760
0 0
0 2
0 3
0 4
0 10
0 11
0 15
0 16
0 18
0 22
0 31
0 32
0 36
0 42
0 44
0 45
0 46
0 49
0 50
0 52
0 53
0 54
0 59
0 60
0 61
0 64
0 65
0 69
0 71
0 72
0 74
0 75
0 76
0 78
0 82
0 85
0 87
0 91
0 92
0 95
0 97
0 99
0 108
0 109
0 112
0 113
0 114
0 119
0 123
0 124
0 126
0 127
1 0
1 3
1 8
1 9
1 10
1 14
1 17
1 18
1 22
1 24
1 27
1 30
1 33
1 35
1 38
1 40
1 41
1 43
1 46
1 49
1 54
1 56
1 59
1 61
1 63
1 64
1 66
1 68
1 70
1 76
1 77
1 78
1 81
1 82
1 84
1 86
1 90
1 93
1 101
1 102
1 104
1 107
1 108
1 115
1 120
1 121
1 128
1 129
2 1
2 2
2 4
2 5
2 7
2 14
2 16
2 20
2 21
2 22
2 23
2 24
2 27
2 30
2 31
2 33
2 34
2 37
2 38
2 41
2 50
2 51
2 53
2 57
2 58
2 61
2 65
2 66
2 68
2 69
2 70
2 73
2 74
2 78
2 79
2 80
2 81
2 83
2 85
2 86
2 89
2 90
2 93
2 94
2 95
2 96
2 97
2 99
2 101
2 103
2 105
2 108
2 111
2 115
2 125
2 127
3 1
3 2
3 3
3 5
3 7
3 10
3 12
3 18
3 19
3 21
3 23
3 24
3 25
3 29
3 34
3 36
3 38
3 39
3 41
3 42
3 50
3 54
3 55
3 56
3 57
3 60
3 61
3 65
3 66
3 70
3 72
3 81
3 83
3 85
3 88
3 89
3 90
3 92
3 93
3 95
3 96
3 98
3 99
3 101
3 103
3 106
3 113
3 116
3 117
3 120
3 121
3 125
3 126
3 128
4 1
4 2
4 4
4 5
4 9
4 10
4 13
4 14
4 16
4 17
4 21
4 22
4 23
4 24
4 25
4 26
4 27
4 31
4 32
4 34
4 35
4 40
4 41
4 44
4 46
4 56
4 57
4 59
4 61
4 63
4 65
4 70
4 72
4 73
4 76
4 79
4 80
4 82
4 86
4 89
4 90
4 92
4 95
4 96
4 98
4 99
4 105
4 106
4 109
4 110
4 111
4 119
4 120
4 122
4 126
4 127
4 128
4 129
5 1
5 3
5 7
5 9
5 10
5 17
5 18
5 21
5 23
5 26
5 34
5 36
5 37
5 38
5 39
5 40
5 42
5 44
5 45
5 47
5 50
5 51
5 53
5 54
5 56
5 57
5 58
5 62
5 63
5 65
5 70
5 74
5 75
5 76
5 78
5 82
5 83
5 87
5 88
5 91
5 94
5 95
5 100
5 101
5 104
5 105
5 107
5 110
5 111
5 115
5 117
5 119
5 121
5 124
5 126
5 129
6 0
6 8
6 9
6 12
6 14
6 16
6 19
6 20
6 21
6 28
6 29
6 30
6 31
6 33
6 38
6 39
6 41
6 46
6 47
6 50
6 53
6 55
6 56
6 57
6 66
6 67
6 76
6 78
6 82
6 84
6 86
6 90
6 93
6 94
6 95
6 98
6 99
6 102
6 103
6 104
6 106
6 108
6 110
6 112
6 116
6 117
6 122
6 124
6 125
6 129
7 3
7 5
7 6
7 8
7 17
7 18
7 20
7 23
7 24
7 26
7 27
7 29
7 30
7 33
7 35
7 36
7 41
7 43
7 44
7 47
7 48
7 53
7 55
7 56
7 61
7 62
7 66
7 67
7 71
7 76
7 79
7 80
7 81
7 82
7 83
7 84
7 85
7 89
7 90
7 92
7 94
7 95
7 96
7 102
7 103
7 105
7 106
7 107
7 108
7 110
7 112
7 114
7 118
7 119
7 120
7 121
7 122
7 123
7 124
7 126
8 1
8 2
8 3
8 4
8 6
8 10
8 12
8 17
8 19
8 20
8 21
8 22
8 23
8 29
8 30
8 31
8 32
8 35
8 40
8 41
8 43
8 47
8 48
8 51
8 53
8 54
8 55
8 56
8 58
8 60
8 61
8 67
8 69
8 70
8 72
8 73
8 76
8 78
8 81
8 84
8 85
8 86
8 89
8 91
8 94
8 95
8 96
8 97
8 99
8 104
8 106
8 109
8 112
8 115
8 118
8 120
8 121
8 126
8 128
9 3
9 4
9 11
9 12
9 13
9 14
9 17
9 20
9 21
9 34
9 37
9 40
9 41
9 42
9 45
9 47
9 50
9 51
9 52
9 56
9 57
9 63
9 66
9 67
9 70
9 72
9 73
9 76
9 77
9 78
9 79
9 80
9 88
9 92
9 96
9 97
9 98
9 100
9 102
9 103
9 104
9 105
9 107
9 109
9 112
9 113
9 114
9 118
9 122
9 123
9 126
9 127
9 129
10 3
10 4
10 8
10 9
10 11
10 14
10 17
10 18
10 19
10 24
10 27
10 29
10 30
10 33
10 37
10 38
10 39
10 40
10 41
10 43
10 44
10 47
10 48
10 50
10 53
10 55
10 57
10 61
10 62
10 65
10 67
10 76
10 78
10 86
10 87
10 92
10 93
10 94
10 98
10 99
10 100
10 111
10 112
10 114
10 118
10 119
10 122
10 124
11 0
11 1
11 3
11 7
11 9
11 11
11 12
11 16
11 21
11 22
11 23
11 28
11 29
11 30
11 32
11 34
11 35
11 39
11 42
11 44
11 46
11 52
11 53
11 55
11 57
11 62
11 69
11 72
11 75
11 80
11 85
11 86
11 88
11 89
11 91
11 92
11 96
11 98
11 100
11 101
11 103
11 106
11 109
11 110
11 112
11 124
11 125
11 127
11 129
12 0
12 1
12 3
12 4
12 5
12 6
12 7
12 10
12 13
12 14
12 16
12 17
12 23
12 26
12 28
12 31
12 32
12 33
12 36
12 37
12 45
12 50
12 64
12 66
12 67
12 72
12 73
12 76
12 78
12 80
12 83
12 86
12 90
12 96
12 99
12 100
12 101
12 102
12 104
12 109
12 112
12 113
12 114
12 119
12 121
12 122
12 123
12 128
13 5
13 6
13 8
13 15
13 17
13 18
13 22
13 23
13 24
13 25
13 26
13 36
13 38
13 40
13 41
13 42
13 46
13 54
13 58
13 59
13 60
13 61
13 66
13 67
13 69
13 76
13 83
13 85
13 86
13 87
13 90
13 91
13 97
13 98
13 100
13 102
13 104
13 105
13 107
13 109
13 111
13 112
13 113
13 115
13 119
13 120
13 122
13 126
14 2
14 7
14 8
14 14
14 15
14 16
14 17
14 18
14 22
14 23
14 25
14 29
14 30
14 32
14 34
14 35
14 37
14 38
14 41
14 43
14 44
14 45
14 47
14 50
14 52
14 55
14 65
14 68
14 71
14 72
14 78
14 81
14 82
14 84
14 85
14 87
14 89
14 90
14 92
14 93
14 94
14 95
14 98
14 99
14 100
14 102
14 103
14 107
14 109
14 113
14 114
14 115
14 122
14 125
14 126
15 3
15 7
15 9
15 10
15 14
15 18
15 21
15 23
15 24
15 25
15 26
15 28
15 31
15 32
15 33
15 34
15 36
15 38
15 39
15 40
15 43
15 48
15 60
15 64
15 67
15 69
15 72
15 73
15 76
15 78
15 81
15 82
15 84
15 87
15 89
15 92
15 102
15 105
15 108
15 110
15 111
15 113
15 114
15 115
15 117
15 119
15 122
15 123
15 126
15 129
16 0
16 5
16 10
16 11
16 15
16 19
16 21
16 22
16 26
16 27
16 30
16 31
16 33
16 35
16 36
16 38
16 42
16 43
16 46
16 50
16 54
16 55
16 58
16 59
16 62
16 63
16 69
16 70
16 71
16 75
16 79
16 83
16 85
16 86
16 87
16 89
16 90
16 96
16 98
16 101
16 102
16 103
16 106
16 113
16 118
16 120
16 121
16 122
16 123
16 126
16 127
16 128
16 129
17 0
17 3
17 5
17 6
17 7
17 10
17 11
17 17
17 19
17 20
17 21
17 23
17 24
17 26
17 27
17 29
17 31
17 32
17 34
17 37
17 38
17 39
17 40
17 42
17 44
17 47
17 50
17 53
17 54
17 55
17 57
17 61
17 62
17 64
17 66
17 67
17 71
17 72
17 77
17 78
17 79
17 80
17 82
17 83
17 84
17 86
17 88
17 90
17 93
17 96
17 98
17 99
17 100
17 102
17 105
17 106
17 107
17 108
17 109
17 110
17 112
17 113
17 114
17 115
17 117
17 118
17 123
17 126
17 127
17 128
18 0
18 2
18 4
18 7
18 11
18 12
18 13
18 16
18 19
18 20
18 21
18 24
18 28
18 31
18 33
18 34
18 36
18 37
18 38
18 41
18 42
18 49
18 50
18 52
18 54
18 65
18 69
18 70
18 73
18 75
18 76
18 79
18 81
18 82
18 83
18 84
18 86
18 87
18 88
18 89
18 92
18 94
18 98
18 99
18 100
18 101
18 102
18 103
18 105
18 108
18 110
18 111
18 113
18 116
18 117
18 120
18 121
18 122
18 127
18 129
19 3
19 8
19 11
19 12
19 13
19 17
19 23
19 28
19 30
19 33
19 34
19 35
19 36
19 38
19 43
19 44
19 49
19 50
19 53
19 55
19 60
19 61
19 63
19 66
19 70
19 72
19 73
19 75
19 79
19 80
19 90
19 91
19 92
19 94
19 100
19 106
19 107
19 109
19 111
19 116
19 118
19 119
19 120
19 121
19 124
19 125
19 127
19 128
20 0
20 4
20 8
20 10
20 13
20 14
20 15
20 17
20 18
20 20
20 21
20 24
20 26
20 33
20 35
20 36
20 39
20 42
20 43
20 45
20 47
20 50
20 53
20 55
20 56
20 57
20 60
20 64
20 65
20 67
20 70
20 73
20 77
20 80
20 81
20 82
20 84
20 88
20 89
20 90
20 91
20 93
20 96
20 98
20 104
20 107
20 111
20 112
20 114
20 116
20 119
20 120
20 122
20 128
20 129
21 1
21 2
21 4
21 10
21 18
21 20
21 21
21 22
21 25
21 31
21 35
21 38
21 39
21 41
21 44
21 48
21 49
21 52
21 54
21 55
21 57
21 59
21 60
21 61
21 63
21 67
21 68
21 69
21 70
21 71
21 74
21 79
21 83
21 85
21 87
21 88
21 89
21 90
21 91
21 92
21 93
21 97
21 98
21 100
21 101
21 105
21 108
21 109
21 112
21 117
21 118
21 120
21 123
21 126
21 127
21 128
22 6
22 7
22 8
22 10
22 17
22 21
22 23
22 28
22 31
22 35
22 36
22 37
22 41
22 42
22 43
22 46
22 47
22 51
22 52
22 55
22 58
22 61
22 62
22 68
22 72
22 73
22 79
22 80
22 81
22 84
22 85
22 86
22 87
22 95
22 98
22 99
22 100
22 101
22 108
22 110
22 111
22 112
22 114
22 115
22 118
22 119
22 120
22 121
22 126
23 1
23 3
23 4
23 6
23 10
23 14
23 15
23 16
23 18
23 23
23 26
23 28
23 35
23 37
23 38
23 42
23 46
23 52
23 54
23 56
23 57
23 63
23 67
23 68
23 69
23 70
23 72
23 73
23 76
23 77
23 78
23 81
23 83
23 91
23 93
23 94
23 96
23 101
23 102
23 103
23 104
23 105
23 106
23 107
23 108
23 110
23 113
23 115
23 119
23 122
23 128
24 1
24 3
24 4
24 9
24 11
24 12
24 14
24 16
24 20
24 22
24 24
24 26
24 27
24 28
24 29
24 35
24 38
24 39
24 41
24 42
24 43
24 44
24 56
24 57
24 59
24 60
24 62
24 65
24 67
24 69
24 75
24 77
24 78
24 80
24 81
24 82
24 84
24 88
24 92
24 93
24 95
24 96
24 101
24 102
24 103
24 107
24 111
24 113
24 117
24 121
24 122
24 126
24 129
25 0
25 1
25 2
25 3
25 4
25 5
25 7
25 9
25 11
25 12
25 13
25 17
25 20
25 23
25 24
25 25
25 26
25 35
25 36
25 37
25 39
25 40
25 45
25 47
25 48
25 49
25 54
25 62
25 63
25 64
25 74
25 76
25 79
25 81
25 83
25 87
25 89
25 90
25 92
25 93
25 96
25 97
25 104
25 106
25 108
25 113
25 116
25 117
25 120
25 123
25 124
25 126
25 128
25 129
26 4
26 5
26 8
26 13
26 14
26 16
26 17
26 19
26 21
26 27
26 31
26 32
26 33
26 36
26 37
26 38
26 40
26 46
26 47
26 48
26 49
26 53
26 57
26 58
26 61
26 62
26 63
26 66
26 67
26 69
26 70
26 74
26 75
26 76
26 79
26 80
26 82
26 83
26 87
26 89
26 92
26 94
26 95
26 99
26 100
26 101
26 104
26 105
26 107
26 108
26 109
26 111
26 112
26 126
26 127
26 128
27 1
27 10
27 12
27 13
27 14
27 16
27 18
27 20
27 21
27 23
27 25
27 35
27 36
27 37
27 39
27 40
27 41
27 43
27 45
27 50
27 56
27 57
27 61
27 64
27 65
27 67
27 71
27 72
27 75
27 78
27 79
27 83
27 87
27 91
27 92
27 96
27 101
27 103
27 105
27 107
27 109
27 110
27 114
27 115
27 119
27 124
27 125
27 126
27 127
28 0
28 3
28 7
28 11
28 12
28 17
28 19
28 22
28 23
28 24
28 25
28 27
28 29
28 31
28 32
28 34
28 35
28 37
28 39
28 45
28 46
28 51
28 52
28 53
28 56
28 59
28 64
28 66
28 67
28 68
28 69
28 71
28 72
28 74
28 75
28 77
28 87
28 99
28 101
28 102
28 103
28 104
28 107
28 112
28 114
28 115
28 121
28 123
28 126
28 127
28 128
28 129
29 0
29 1
29 3
29 5
29 6
29 9
29 13
29 14
29 15
29 18
29 22
29 27
29 31
29 32
29 34
29 35
29 38
29 39
29 41
29 44
29 46
29 50
29 53
29 55
29 58
29 59
29 60
29 63
29 65
29 68
29 69
29 71
29 76
29 79
29 83
29 88
29 90
29 92
29 94
29 97
29 98
29 104
29 105
29 113
29 116
29 118
29 123
29 124
29 129
30 0
30 2
30 4
30 7
30 8
30 9
30 10
30 11
30 12
30 13
30 15
30 18
30 22
30 23
30 24
30 26
30 27
30 32
30 36
30 41
30 42
30 45
30 47
30 49
30 51
30 52
30 53
30 56
30 58
30 62
30 69
30 71
30 72
30 73
30 76
30 77
30 78
30 89
30 91
30 93
30 97
30 101
30 102
30 103
30 104
30 105
30 107
30 109
30 114
30 118
30 127
30 128
31 2
31 7
31 15
31 18
31 19
31 20
31 26
31 27
31 28
31 30
31 31
31 33
31 34
31 38
31 39
31 43
31 44
31 49
31 50
31 51
31 52
31 53
31 56
31 59
31 61
31 63
31 64
31 70
31 72
31 73
31 74
31 76
31 79
31 80
31 87
31 88
31 89
31 90
31 94
31 95
31 96
31 97
31 100
31 105
31 106
31 112
31 113
31 114
31 115
31 116
31 119
31 121
31 123
31 125
31 128
32 0
32 1
32 5
32 6
32 7
32 8
32 13
32 14
32 15
32 16
32 24
32 26
32 27
32 30
32 33
32 34
32 36
32 38
32 39
32 40
32 42
32 43
32 44
32 46
32 51
32 52
32 55
32 56
32 57
32 61
32 65
32 68
32 69
32 71
32 74
32 77
32 80
32 83
32 84
32 97
32 104
32 106
32 107
32 111
32 113
32 114
32 115
32 117
32 122
32 123
32 125
33 2
33 3
33 6
33 7
33 11
33 12
33 17
33 18
33 20
33 23
33 24
33 25
33 26
33 28
33 31
33 36
33 41
33 44
33 46
33 51
33 57
33 60
33 65
33 67
33 69
33 72
33 75
33 80
33 84
33 99
33 100
33 103
33 104
33 106
33 109
33 112
33 114
33 117
33 118
33 120
33 123
33 125
33 126
33 127
33 129
34 2
34 5
34 7
34 11
34 18
34 22
34 28
34 31
34 35
34 37
34 42
34 46
34 52
34 53
34 54
34 55
34 60
34 64
34 66
34 67
34 68
34 70
34 71
34 77
34 79
34 81
34 83
34 85
34 95
34 96
34 97
34 102
34 103
34 106
34 110
34 111
34 112
34 117
34 118
34 119
34 122
34 123
34 124
34 125
34 128
35 1
35 2
35 3
35 7
35 8
35 9
35 10
35 11
35 13
35 14
35 16
35 18
35 19
35 20
35 21
35 24
35 25
35 26
35 27
35 29
35 31
35 32
35 34
35 35
35 38
35 41
35 45
35 51
35 52
35 54
35 57
35 64
35 74
35 76
35 77
35 81
35 83
35 84
35 88
35 92
35 93
35 96
35 99
35 100
35 102
35 105
35 106
35 107
35 111
35 115
35 117
35 121
35 122
35 127
36 7
36 9
36 12
36 16
36 19
36 23
36 28
36 30
36 31
36 33
36 35
36 37
36 40
36 43
36 45
36 46
36 49
36 55
36 59
36 62
36 63
36 66
36 69
36 70
36 71
36 72
36 73
36 74
36 76
36 78
36 81
36 84
36 85
36 92
36 96
36 97
36 100
36 105
36 107
36 108
36 109
36 114
36 118
36 122
36 127
36 128
37 2
37 5
37 8
37 10
37 14
37 15
37 16
37 19
37 20
37 22
37 25
37 26
37 28
37 31
37 33
37 36
37 38
37 43
37 45
37 48
37 50
37 53
37 57
37 60
37 64
37 66
37 70
37 71
37 72
37 74
37 75
37 76
37 80
37 84
37 86
37 88
37 91
37 96
37 99
37 100
37 101
37 103
37 105
37 110
37 111
37 112
37 114
37 120
37 121
37 122
37 123
37 126
37 128
38 6
38 7
38 8
38 9
38 12
38 17
38 19
38 24
38 25
38 27
38 30
38 31
38 32
38 34
38 37
38 38
38 39
38 40
38 42
38 43
38 45
38 53
38 54
38 56
38 58
38 61
38 63
38 65
38 69
38 70
38 85
38 88
38 92
38 95
38 97
38 99
38 100
38 104
38 105
38 108
38 110
38 111
38 113
38 118
38 119
38 121
38 124
38 125
39 0
39 1
39 4
39 6
39 9
39 11
39 17
39 19
39 21
39 24
39 27
39 29
39 30
39 31
39 32
39 34
39 37
39 39
39 42
39 43
39 45
39 48
39 49
39 50
39 59
39 62
39 64
39 66
39 70
39 74
39 76
39 80
39 84
39 87
39 89
39 92
39 93
39 96
39 97
39 100
39 102
39 103
39 104
39 108
39 109
39 112
39 113
39 116
39 117
39 121
39 124
39 125
39 126
40 0
40 2
40 3
40 11
40 13
40 18
40 19
40 21
40 24
40 28
40 29
40 30
40 33
40 40
40 45
40 49
40 52
40 54
40 59
40 60
40 61
40 64
40 66
40 67
40 70
40 72
40 75
40 77
40 80
40 85
40 93
40 94
40 95
40 97
40 101
40 106
40 110
40 121
41 0
41 2
41 3
41 4
41 5
41 6
41 10
41 15
41 18
41 19
41 20
41 25
41 27
41 29
41 32
41 36
41 38
41 41
41 44
41 45
41 48
41 52
41 55
41 58
41 64
41 67
41 69
41 73
41 78
41 79
41 81
41 82
41 83
41 85
41 89
41 96
41 99
41 104
41 105
41 107
41 115
41 117
41 122
41 124
41 125
41 126
41 129
42 0
42 5
42 10
42 11
42 13
42 14
42 17
42 18
42 25
42 27
42 28
42 29
42 32
42 33
42 35
42 38
42 39
42 41
42 43
42 46
42 48
42 50
42 52
42 53
42 55
42 59
42 61
42 62
42 63
42 65
42 69
42 73
42 74
42 80
42 81
42 87
42 94
42 97
42 98
42 101
42 103
42 104
42 105
42 106
42 112
42 117
42 119
42 121
42 125
42 126
43 0
43 2
43 3
43 5
43 6
43 7
43 13
43 17
43 19
43 21
43 23
43 25
43 26
43 27
43 31
43 32
43 33
43 36
43 38
43 42
43 48
43 51
43 52
43 53
43 56
43 58
43 60
43 65
43 66
43 69
43 70
43 72
43 74
43 75
43 78
43 79
43 81
43 84
43 86
43 88
43 92
43 93
43 96
43 98
43 99
43 107
43 108
43 109
43 110
43 118
43 119
43 125
43 127
43 128
44 0
44 2
44 3
44 5
44 12
44 16
44 17
44 20
44 21
44 22
44 23
44 25
44 26
44 28
44 32
44 40
44 41
44 44
44 48
44 52
44 53
44 55
44 57
44 61
44 69
44 70
44 71
44 74
44 78
44 79
44 82
44 83
44 85
44 91
44 93
44 94
44 95
44 97
44 100
44 101
44 103
44 104
44 105
44 109
44 113
44 117
44 119
44 120
44 122
44 123
44 124
44 126
44 127
44 129
45 1
45 3
45 4
45 5
45 8
45 13
45 16
45 25
45 26
45 30
45 32
45 35
45 37
45 45
45 47
45 48
45 56
45 61
45 65
45 66
45 68
45 70
45 74
45 75
45 76
45 80
45 82
45 84
45 87
45 90
45 91
45 95
45 100
45 101
45 103
45 108
45 110
45 116
45 119
45 121
45 122
45 124
45 125
45 127
45 128
46 4
46 7
46 8
46 9
46 14
46 16
46 18
46 22
46 23
46 26
46 29
46 32
46 34
46 36
46 37
46 38
46 41
46 46
46 49
46 54
46 56
46 60
46 62
46 63
46 64
46 66
46 68
46 70
46 74
46 75
46 77
46 78
46 85
46 86
46 91
46 93
46 94
46 97
46 99
46 100
46 102
46 106
46 110
46 111
46 118
46 119
46 126
46 128
46 129
47 3
47 10
47 11
47 14
47 15
47 21
47 25
47 29
47 34
47 35
47 36
47 37
47 42
47 43
47 48
47 51
47 52
47 53
47 54
47 57
47 62
47 63
47 67
47 71
47 76
47 77
47 79
47 81
47 83
47 85
47 86
47 90
47 91
47 92
47 93
47 96
47 99
47 100
47 103
47 104
47 105
47 106
47 107
47 109
47 110
47 111
47 117
47 118
47 121
47 123
48 4
48 8
48 10
48 11
48 12
48 16
48 21
48 23
48 24
48 25
48 26
48 27
48 29
48 30
48 34
48 35
48 39
48 40
48 44
48 46
48 48
48 50
48 52
48 54
48 56
48 57
48 60
48 61
48 65
48 68
48 70
48 74
48 75
48 76
48 77
48 79
48 82
48 83
48 85
48 86
48 88
48 89
48 92
48 95
48 103
48 104
48 109
48 112
48 124
48 126
48 127
49 5
49 9
49 11
49 13
49 15
49 19
49 20
49 23
49 26
49 28
49 32
49 33
49 35
49 37
49 38
49 39
49 40
49 50
49 52
49 54
49 61
49 63
49 64
49 65
49 67
49 71
49 72
49 74
49 82
49 83
49 84
49 85
49 87
49 88
49 97
49 100
49 101
49 102
49 104
49 105
49 107
49 112
49 116
49 119
49 120
49 123
49 125
49 127
50 2
50 4
50 5
50 6
50 7
50 11
50 17
50 21
50 23
50 24
50 26
50 29
50 30
50 31
50 43
50 45
50 46
50 47
50 49
50 50
50 55
50 56
50 57
50 61
50 65
50 66
50 71
50 75
50 76
50 78
50 80
50 82
50 88
50 91
50 92
50 99
50 100
50 102
50 105
50 109
50 110
50 113
50 118
50 122
50 127
50 128
51 0
51 5
51 7
51 8
51 11
51 12
51 23
51 24
51 25
51 27
51 28
51 32
51 33
51 34
51 36
51 38
51 41
51 52
51 53
51 55
51 56
51 59
51 62
51 63
51 64
51 66
51 68
51 69
51 70
51 72
51 74
51 77
51 80
51 83
51 85
51 88
51 89
51 91
51 92
51 93
51 96
51 100
51 101
51 105
51 108
51 112
51 113
51 115
51 123
51 127
51 128
52 0
52 7
52 9
52 12
52 15
52 17
52 19
52 20
52 21
52 22
52 24
52 26
52 27
52 29
52 30
52 31
52 34
52 35
52 36
52 38
52 40
52 41
52 44
52 51
52 53
52 58
52 62
52 63
52 65
52 67
52 70
52 72
52 73
52 74
52 75
52 76
52 78
52 79
52 81
52 83
52 85
52 87
52 94
52 95
52 96
52 98
52 100
52 102
52 104
52 105
52 106
52 108
52 109
52 111
52 113
52 115
52 118
52 119
52 120
52 125
52 127
53 4
53 5
53 8
53 11
53 17
53 18
53 20
53 21
53 23
53 28
53 29
53 31
53 33
53 37
53 39
53 42
53 47
53 48
53 49
53 50
53 52
53 53
53 55
53 56
53 59
53 60
53 61
53 63
53 64
53 65
53 67
53 72
53 73
53 75
53 76
53 77
53 78
53 81
53 83
53 86
53 88
53 89
53 94
53 95
53 97
53 100
53 101
53 107
53 108
53 111
53 113
53 117
53 121
53 125
53 126
53 129
54 6
54 12
54 13
54 16
54 20
54 25
54 27
54 29
54 32
54 33
54 34
54 36
54 41
54 42
54 43
54 46
54 47
54 51
54 52
54 56
54 58
54 59
54 62
54 63
54 65
54 72
54 73
54 74
54 75
54 77
54 78
54 79
54 81
54 82
54 83
54 87
54 88
54 89
54 91
54 94
54 95
54 98
54 100
54 105
54 106
54 108
54 109
54 112
54 114
54 116
54 122
54 125
54 126
54 128
54 129
55 0
55 6
55 9
55 10
55 11
55 12
55 15
55 17
55 22
55 26
55 28
55 29
55 31
55 32
55 33
55 34
55 37
55 38
55 43
55 44
55 46
55 60
55 63
55 67
55 71
55 72
55 73
55 74
55 75
55 77
55 78
55 79
55 80
55 83
55 84
55 85
55 87
55 90
55 91
55 93
55 94
55 95
55 96
55 98
55 101
55 102
55 106
55 107
55 109
55 113
55 119
55 126
55 127
55 128
56 0
56 4
56 9
56 13
56 16
56 19
56 21
56 26
56 27
56 28
56 29
56 31
56 33
56 38
56 39
56 41
56 42
56 43
56 45
56 46
56 47
56 54
56 56
56 60
56 66
56 69
56 73
56 74
56 78
56 81
56 82
56 84
56 88
56 89
56 90
56 91
56 97
56 106
56 107
56 109
56 110
56 119
56 121
56 122
56 123
56 124
56 127
57 1
57 5
57 8
57 10
57 13
57 15
57 16
57 17
57 18
57 19
57 21
57 27
57 28
57 30
57 33
57 35
57 36
57 37
57 43
57 48
57 53
57 55
57 57
57 58
57 61
57 62
57 63
57 70
57 77
57 81
57 82
57 85
57 86
57 93
57 95
57 96
57 103
57 107
57 108
57 117
57 118
57 127
58 0
58 6
58 8
58 9
58 16
58 20
58 21
58 25
58 26
58 27
58 29
58 35
58 38
58 39
58 41
58 45
58 46
58 47
58 48
58 49
58 51
58 58
58 62
58 63
58 64
58 66
58 68
58 70
58 73
58 74
58 75
58 76
58 77
58 82
58 90
58 93
58 94
58 97
58 99
58 100
58 101
58 102
58 103
58 104
58 106
58 107
58 115
58 118
58 121
58 123
58 124
59 5
59 6
59 7
59 12
59 13
59 14
59 16
59 17
59 22
59 23
59 24
59 25
59 26
59 36
59 39
59 41
59 42
59 43
59 44
59 46
59 47
59 48
59 49
59 51
59 53
59 55
59 62
59 70
59 78
59 79
59 81
59 82
59 86
59 87
59 88
59 89
59 93
59 94
59 96
59 98
59 101
59 106
59 107
59 110
59 111
59 112
59 113
59 120
59 121
59 122
59 123
59 126
59 127
60 1
60 2
60 3
60 7
60 10
60 18
60 19
60 20
60 23
60 25
60 26
60 31
60 33
60 35
60 36
60 37
60 38
60 40
60 42
60 43
60 44
60 45
60 49
60 55
60 59
60 60
60 62
60 63
60 64
60 65
60 70
60 71
60 74
60 77
60 81
60 82
60 84
60 93
60 96
60 105
60 106
60 107
60 108
60 112
60 113
60 114
60 116
60 120
60 121
60 123
60 124
60 127
60 129
61 3
61 5
61 7
61 9
61 10
61 11
61 12
61 13
61 14
61 16
61 18
61 19
61 21
61 22
61 23
61 26
61 27
61 31
61 37
61 41
61 42
61 45
61 47
61 49
61 56
61 57
61 61
61 69
61 70
61 71
61 73
61 76
61 81
61 86
61 89
61 90
61 92
61 93
61 96
61 98
61 99
61 102
61 104
61 107
61 110
61 111
61 114
61 119
61 120
61 122
61 123
61 125
61 126
61 127
61 128
62 2
62 4
62 5
62 6
62 12
62 15
62 16
62 17
62 18
62 27
62 29
62 30
62 35
62 42
62 47
62 49
62 50
62 51
62 52
62 54
62 55
62 58
62 59
62 61
62 65
62 66
62 69
62 72
62 73
62 78
62 81
62 83
62 84
62 85
62 86
62 88
62 93
62 94
62 95
62 98
62 102
62 104
62 105
62 111
62 113
62 115
62 116
62 118
62 120
62 121
62 123
62 124
63 1
63 7
63 10
63 13
63 16
63 17
63 18
63 19
63 24
63 26
63 27
63 28
63 30
63 31
63 33
63 36
63 37
63 38
63 41
63 44
63 46
63 48
63 50
63 51
63 52
63 54
63 58
63 61
63 62
63 63
63 64
63 69
63 70
63 73
63 75
63 76
63 80
63 88
63 89
63 92
63 93
63 94
63 95
63 96
63 100
63 102
63 104
63 108
63 114
63 115
63 117
63 118
63 119
63 121
63 123
63 125
64 2
64 3
64 4
64 5
64 7
64 10
64 15
64 16
64 18
64 19
64 20
64 23
64 24
64 26
64 30
64 35
64 36
64 37
64 40
64 41
64 45
64 46
64 47
64 56
64 57
64 59
64 67
64 70
64 72
64 73
64 74
64 75
64 76
64 77
64 81
64 84
64 85
64 86
64 89
64 90
64 91
64 95
64 97
64 103
64 105
64 109
64 115
64 116
64 117
64 118
64 121
64 122
64 125
64 126
65 2
65 9
65 10
65 11
65 14
65 15
65 16
65 18
65 20
65 21
65 22
65 23
65 24
65 27
65 29
65 31
65 32
65 34
65 35
65 36
65 39
65 40
65 46
65 47
65 48
65 52
65 53
65 55
65 56
65 57
65 60
65 62
65 67
65 68
65 71
65 72
65 73
65 78
65 80
65 83
65 88
65 91
65 92
65 93
65 94
65 95
65 96
65 97
65 102
65 105
65 107
65 108
65 110
65 115
65 116
65 117
65 119
65 120
65 121
65 123
65 127
65 128
66 3
66 4
66 5
66 6
66 8
66 9
66 12
66 16
66 17
66 25
66 27
66 30
66 36
66 42
66 43
66 44
66 45
66 47
66 50
66 54
66 55
66 56
66 58
66 61
66 62
66 63
66 65
66 66
66 71
66 75
66 77
66 80
66 82
66 86
66 90
66 92
66 93
66 94
66 97
66 99
66 102
66 104
66 105
66 106
66 107
66 111
66 112
66 113
66 114
66 115
66 116
66 117
66 121
66 122
66 123
66 124
66 127
67 3
67 4
67 5
67 10
67 11
67 13
67 21
67 22
67 27
67 28
67 32
67 33
67 34
67 36
67 37
67 42
67 46
67 47
67 50
67 52
67 63
67 65
67 67
67 68
67 71
67 72
67 73
67 75
67 76
67 80
67 81
67 82
67 90
67 91
67 103
67 104
67 105
67 106
67 108
67 111
67 113
67 116
67 118
67 120
67 126
67 129
68 3
68 6
68 7
68 10
68 11
68 13
68 14
68 16
68 20
68 22
68 23
68 24
68 26
68 31
68 32
68 33
68 35
68 36
68 43
68 46
68 48
68 53
68 54
68 59
68 61
68 62
68 65
68 66
68 74
68 77
68 84
68 85
68 86
68 87
68 88
68 89
68 90
68 92
68 93
68 94
68 95
68 96
68 99
68 101
68 102
68 106
68 107
68 108
68 112
68 113
68 115
68 118
68 122
68 129
69 0
69 1
69 2
69 11
69 13
69 15
69 21
69 23
69 28
69 29
69 31
69 39
69 40
69 43
69 48
69 50
69 51
69 57
69 59
69 60
69 61
69 62
69 63
69 66
69 70
69 74
69 76
69 77
69 84
69 86
69 87
69 90
69 92
69 97
69 100
69 101
69 106
69 107
69 111
69 112
69 113
69 116
69 118
69 122
69 125
69 126
69 127
69 128
70 1
70 2
70 6
70 8
70 10
70 16
70 18
70 19
70 20
70 25
70 30
70 32
70 33
70 34
70 39
70 40
70 41
70 43
70 45
70 48
70 51
70 53
70 54
70 57
70 58
70 62
70 65
70 66
70 68
70 69
70 70
70 71
70 74
70 76
70 84
70 85
70 89
70 90
70 93
70 94
70 105
70 106
70 111
70 112
70 113
70 116
70 117
70 121
70 126
71 1
71 2
71 3
71 4
71 6
71 7
71 8
71 12
71 13
71 14
71 19
71 21
71 23
71 27
71 29
71 37
71 39
71 40
71 41
71 43
71 46
71 48
71 49
71 50
71 53
71 55
71 56
71 57
71 58
71 60
71 62
71 66
71 67
71 70
71 71
71 72
71 75
71 76
71 78
71 79
71 81
71 84
71 86
71 87
71 88
71 93
71 94
71 97
71 98
71 101
71 105
71 107
71 110
71 112
71 113
71 114
71 119
71 122
71 123
71 128
72 1
72 2
72 3
72 6
72 7
72 8
72 13
72 15
72 18
72 20
72 21
72 22
72 23
72 24
72 26
72 32
72 33
72 34
72 36
72 37
72 40
72 44
72 45
72 47
72 50
72 52
72 56
72 59
72 65
72 66
72 67
72 71
72 73
72 77
72 80
72 81
72 83
72 85
72 87
72 89
72 91
72 98
72 102
72 113
72 118
72 120
72 123
72 127
73 3
73 5
73 12
73 16
73 20
73 21
73 22
73 23
73 24
73 25
73 27
73 28
73 33
73 36
73 38
73 39
73 40
73 41
73 42
73 44
73 46
73 51
73 52
73 53
73 54
73 57
73 58
73 60
73 63
73 64
73 67
73 69
73 70
73 72
73 75
73 81
73 82
73 83
73 86
73 89
73 90
73 92
73 94
73 95
73 96
73 97
73 98
73 103
73 104
73 109
73 111
73 112
73 113
73 118
73 119
73 126
74 2
74 6
74 9
74 11
74 12
74 15
74 17
74 19
74 20
74 21
74 26
74 32
74 33
74 41
74 45
74 48
74 49
74 50
74 52
74 53
74 55
74 61
74 62
74 63
74 64
74 66
74 68
74 69
74 71
74 72
74 73
74 74
74 75
74 81
74 84
74 90
74 93
74 101
74 105
74 106
74 109
74 110
74 111
74 112
74 115
74 119
74 122
74 123
74 124
74 126
74 129
75 0
75 1
75 2
75 7
75 8
75 9
75 12
75 16
75 21
75 23
75 27
75 30
75 31
75 33
75 36
75 37
75 40
75 43
75 44
75 46
75 48
75 50
75 52
75 62
75 63
75 67
75 75
75 77
75 80
75 82
75 83
75 85
75 86
75 87
75 88
75 89
75 91
75 93
75 104
75 108
75 111
75 113
75 114
75 116
75 121
75 122
75 124
75 126
75 127
75 128
75 129
76 1
76 7
76 10
76 14
76 16
76 19
76 20
76 21
76 25
76 27
76 31
76 35
76 36
76 37
76 38
76 40
76 43
76 44
76 46
76 49
76 50
76 51
76 52
76 54
76 55
76 56
76 57
76 58
76 61
76 62
76 64
76 67
76 68
76 74
76 75
76 77
76 80
76 81
76 82
76 83
76 91
76 93
76 95
76 99
76 100
76 102
76 104
76 105
76 109
76 113
76 114
76 117
76 118
76 119
76 123
76 128
76 129
77 3
77 4
77 5
77 7
77 8
77 10
77 11
77 12
77 13
77 20
77 21
77 22
77 24
77 26
77 29
77 34
77 39
77 41
77 43
77 44
77 49
77 50
77 51
77 52
77 54
77 59
77 62
77 63
77 68
77 69
77 70
77 75
77 76
77 77
77 80
77 84
77 88
77 91
77 93
77 95
77 96
77 98
77 104
77 108
77 111
77 113
77 116
77 119
77 121
77 122
77 123
77 125
78 7
78 9
78 10
78 12
78 13
78 14
78 18
78 28
78 29
78 30
78 32
78 33
78 34
78 38
78 40
78 44
78 47
78 54
78 55
78 56
78 61
78 62
78 65
78 66
78 69
78 70
78 71
78 72
78 75
78 79
78 80
78 84
78 92
78 93
78 94
78 97
78 99
78 106
78 108
78 112
78 113
78 114
78 115
78 120
78 122
78 124
78 125
78 129
79 0
79 3
79 4
79 6
79 11
79 12
79 16
79 19
79 23
79 24
79 25
79 26
79 34
79 35
79 40
79 41
79 42
79 46
79 47
79 48
79 53
79 57
79 64
79 65
79 67
79 68
79 76
79 77
79 79
79 80
79 91
79 94
79 97
79 101
79 102
79 109
79 112
79 113
79 115
79 116
79 119
79 120
79 122
79 125
79 126
79 128
80 1
80 2
80 8
80 9
80 10
80 11
80 12
80 13
80 17
80 20
80 21
80 23
80 24
80 32
80 38
80 40
80 49
80 50
80 54
80 55
80 63
80 66
80 67
80 69
80 73
80 77
80 78
80 80
80 82
80 85
80 87
80 88
80 90
80 91
80 94
80 95
80 97
80 99
80 106
80 107
80 108
80 110
80 113
80 116
80 117
80 120
80 122
80 123
80 124
80 126
80 129
81 0
81 1
81 4
81 7
81 8
81 14
81 15
81 17
81 19
81 20
81 23
81 24
81 25
81 26
81 29
81 39
81 40
81 43
81 44
81 45
81 47
81 49
81 51
81 55
81 57
81 59
81 61
81 64
81 65
81 66
81 67
81 68
81 69
81 73
81 76
81 79
81 81
81 84
81 86
81 87
81 89
81 92
81 93
81 95
81 102
81 103
81 104
81 105
81 106
81 113
81 116
81 117
81 118
81 122
81 123
81 124
81 127
81 128
82 0
82 2
82 3
82 6
82 12
82 13
82 14
82 15
82 16
82 20
82 21
82 22
82 23
82 24
82 25
82 26
82 29
82 30
82 33
82 34
82 36
82 40
82 41
82 42
82 47
82 48
82 52
82 53
82 61
82 64
82 67
82 70
82 74
82 76
82 78
82 80
82 81
82 88
82 91
82 94
82 97
82 99
82 106
82 108
82 111
82 112
82 113
82 118
82 119
82 120
82 121
82 122
82 124
82 127
82 128
83 1
83 6
83 9
83 10
83 13
83 14
83 17
83 22
83 23
83 32
83 34
83 36
83 42
83 43
83 44
83 45
83 47
83 48
83 49
83 50
83 55
83 60
83 61
83 63
83 64
83 65
83 69
83 72
83 74
83 75
83 77
83 81
83 82
83 84
83 86
83 87
83 88
83 89
83 90
83 93
83 94
83 99
83 101
83 106
83 113
83 115
83 116
83 118
83 122
83 125
84 1
84 3
84 7
84 9
84 10
84 19
84 21
84 23
84 24
84 32
84 36
84 37
84 46
84 49
84 52
84 53
84 54
84 60
84 62
84 63
84 64
84 65
84 66
84 69
84 72
84 75
84 78
84 80
84 81
84 84
84 86
84 87
84 89
84 90
84 92
84 93
84 94
84 96
84 97
84 99
84 101
84 106
84 110
84 115
84 116
84 119
84 121
84 122
84 124
84 126
84 127
84 128
85 0
85 1
85 3
85 12
85 15
85 16
85 18
85 21
85 24
85 40
85 42
85 44
85 45
85 47
85 48
85 49
85 54
85 55
85 59
85 60
85 62
85 64
85 65
85 66
85 68
85 71
85 72
85 75
85 76
85 77
85 79
85 83
85 85
85 86
85 89
85 90
85 95
85 97
85 98
85 99
85 101
85 102
85 105
85 110
85 114
85 115
85 116
85 117
85 119
85 120
85 121
85 123
85 125
85 128
86 0
86 4
86 8
86 11
86 14
86 15
86 16
86 17
86 18
86 20
86 27
86 32
86 33
86 36
86 38
86 40
86 41
86 43
86 45
86 46
86 49
86 50
86 53
86 56
86 62
86 64
86 67
86 71
86 72
86 76
86 78
86 79
86 84
86 85
86 86
86 87
86 88
86 91
86 96
86 97
86 98
86 101
86 104
86 105
86 108
86 110
86 115
86 116
86 119
86 121
86 125
86 128
87 0
87 1
87 3
87 5
87 7
87 14
87 15
87 16
87 20
87 24
87 27
87 28
87 34
87 36
87 38
87 39
87 40
87 41
87 42
87 45
87 46
87 54
87 62
87 66
87 68
87 70
87 71
87 76
87 81
87 82
87 83
87 84
87 85
87 88
87 89
87 91
87 92
87 95
87 96
87 98
87 103
87 104
87 107
87 109
87 112
87 113
87 116
87 117
87 118
87 119
87 120
87 122
87 123
87 126
87 127
88 0
88 1
88 2
88 10
88 13
88 14
88 15
88 16
88 17
88 18
88 22
88 24
88 33
88 37
88 38
88 40
88 41
88 44
88 46
88 54
88 57
88 58
88 61
88 63
88 80
88 82
88 85
88 87
88 92
88 97
88 99
88 100
88 102
88 104
88 106
88 107
88 109
88 110
88 113
88 119
88 120
88 126
88 127
88 128
89 3
89 5
89 7
89 10
89 11
89 14
89 15
89 19
89 23
89 30
89 31
89 35
89 36
89 41
89 42
89 43
89 44
89 45
89 48
89 50
89 51
89 56
89 59
89 60
89 61
89 64
89 70
89 71
89 72
89 74
89 75
89 76
89 77
89 80
89 81
89 82
89 83
89 85
89 88
89 90
89 93
89 97
89 99
89 103
89 106
89 108
89 109
89 110
89 112
89 117
89 118
89 120
89 121
89 122
89 124
89 129
90 0
90 1
90 3
90 4
90 5
90 6
90 10
90 15
90 16
90 17
90 18
90 19
90 20
90 22
90 24
90 28
90 29
90 30
90 34
90 36
90 37
90 43
90 44
90 46
90 49
90 52
90 57
90 58
90 60
90 61
90 62
90 63
90 65
90 69
90 70
90 71
90 74
90 77
90 78
90 80
90 81
90 83
90 84
90 86
90 91
90 93
90 97
90 99
90 100
90 101
90 105
90 109
90 112
90 115
90 116
90 121
90 122
90 125
91 8
91 10
91 11
91 12
91 13
91 17
91 19
91 22
91 24
91 26
91 27
91 28
91 31
91 32
91 33
91 36
91 40
91 42
91 45
91 46
91 59
91 64
91 67
91 69
91 70
91 77
91 79
91 81
91 82
91 83
91 86
91 88
91 90
91 93
91 94
91 98
91 104
91 106
91 113
91 115
91 119
91 121
91 123
91 124
91 125
91 129
92 0
92 5
92 9
92 12
92 14
92 17
92 18
92 20
92 23
92 24
92 26
92 29
92 30
92 34
92 39
92 40
92 41
92 42
92 43
92 45
92 46
92 47
92 48
92 52
92 54
92 55
92 56
92 58
92 59
92 60
92 62
92 63
92 64
92 65
92 67
92 68
92 82
92 83
92 88
92 89
92 91
92 96
92 97
92 98
92 99
92 106
92 111
92 112
92 114
92 121
92 125
92 126
92 128
93 3
93 8
93 9
93 14
93 22
93 25
93 26
93 30
93 34
93 36
93 37
93 39
93 45
93 50
93 51
93 52
93 56
93 57
93 60
93 61
93 64
93 66
93 69
93 71
93 72
93 73
93 74
93 75
93 78
93 80
93 81
93 82
93 84
93 85
93 86
93 88
93 96
93 101
93 102
93 105
93 109
93 112
93 113
93 114
93 119
93 127
93 128
93 129
94 1
94 4
94 5
94 6
94 7
94 8
94 9
94 11
94 13
94 14
94 16
94 17
94 18
94 24
94 25
94 26
94 31
94 37
94 41
94 43
94 45
94 50
94 51
94 53
94 55
94 58
94 67
94 68
94 75
94 76
94 80
94 83
94 86
94 88
94 92
94 97
94 98
94 104
94 105
94 109
94 111
94 112
94 118
94 119
94 123
94 126
95 0
95 2
95 11
95 12
95 13
95 16
95 21
95 22
95 25
95 27
95 33
95 35
95 38
95 39
95 40
95 41
95 43
95 45
95 52
95 55
95 59
95 60
95 61
95 64
95 65
95 69
95 71
95 73
95 75
95 76
95 77
95 79
95 80
95 81
95 82
95 84
95 86
95 88
95 92
95 95
95 96
95 100
95 101
95 103
95 110
95 112
95 113
95 114
95 118
95 121
95 123
95 126
95 127
95 128
95 129
96 2
96 6
96 15
96 16
96 17
96 18
96 21
96 23
96 25
96 26
96 27
96 30
96 34
96 40
96 42
96 44
96 47
96 53
96 56
96 60
96 62
96 64
96 67
96 76
96 80
96 84
96 86
96 88
96 95
96 96
96 97
96 98
96 103
96 104
96 105
96 108
96 111
96 112
96 115
96 117
96 119
96 126
96 127
96 129
97 2
97 8
97 12
97 17
97 18
97 21
97 22
97 25
97 26
97 29
97 34
97 37
97 38
97 40
97 44
97 45
97 46
97 47
97 52
97 54
97 56
97 57
97 58
97 59
97 63
97 65
97 67
97 68
97 70
97 71
97 72
97 73
97 74
97 75
97 79
97 82
97 84
97 85
97 91
97 93
97 95
97 96
97 100
97 101
97 103
97 108
97 109
97 111
97 112
97 114
97 120
97 121
97 123
97 128
98 2
98 5
98 7
98 8
98 10
98 13
98 18
98 19
98 20
98 23
98 24
98 25
98 32
98 33
98 34
98 35
98 37
98 41
98 57
98 59
98 65
98 67
98 71
98 73
98 77
98 78
98 87
98 88
98 89
98 91
98 95
98 96
98 97
98 102
98 105
98 106
98 110
98 112
98 114
98 117
98 120
98 121
98 122
98 123
98 124
98 125
98 129
99 0
99 3
99 4
99 9
99 11
99 13
99 16
99 18
99 24
99 26
99 28
99 30
99 31
99 33
99 39
99 42
99 45
99 46
99 51
99 53
99 59
99 60
99 61
99 63
99 71
99 73
99 74
99 75
99 78
99 80
99 81
99 82
99 84
99 91
99 94
99 97
99 99
99 103
99 107
99 108
99 110
99 111
99 112
99 118
99 124
99 126
99 127
99 128
99 129
100 7
100 8
100 9
100 10
100 13
100 16
100 20
100 28
100 31
100 33
100 35
100 50
100 52
100 53
100 57
100 60
100 62
100 66
100 73
100 74
100 78
100 79
100 80
100 82
100 89
100 90
100 92
100 93
100 100
100 101
100 104
100 105
100 106
100 107
100 110
100 116
100 118
100 121
100 122
100 127
101 0
101 1
101 5
101 6
101 7
101 10
101 13
101 15
101 16
101 17
101 19
101 20
101 22
101 23
101 25
101 29
101 39
101 45
101 48
101 49
101 52
101 53
101 54
101 55
101 56
101 59
101 62
101 63
101 66
101 70
101 71
101 74
101 78
101 80
101 84
101 90
101 98
101 99
101 100
101 101
101 103
101 105
101 108
101 109
101 112
101 115
101 116
101 121
101 122
101 123
101 124
101 126
102 1
102 7
102 8
102 12
102 15
102 19
102 28
102 30
102 35
102 36
102 37
102 39
102 40
102 42
102 45
102 48
102 49
102 51
102 52
102 53
102 55
102 56
102 57
102 64
102 69
102 70
102 73
102 79
102 80
102 83
102 87
102 88
102 93
102 94
102 99
102 103
102 104
102 105
102 109
102 111
102 116
102 118
102 120
102 121
102 123
102 125
102 126
103 1
103 2
103 4
103 12
103 14
103 16
103 19
103 20
103 21
103 24
103 25
103 26
103 27
103 28
103 30
103 35
103 39
103 44
103 47
103 49
103 56
103 57
103 60
103 63
103 66
103 67
103 70
103 71
103 72
103 75
103 81
103 86
103 88
103 90
103 93
103 95
103 100
103 101
103 102
103 106
103 107
103 109
103 110
103 111
103 112
103 114
103 115
103 116
103 118
103 120
104 4
104 7
104 9
104 13
104 14
104 16
104 29
104 31
104 33
104 34
104 36
104 38
104 39
104 41
104 44
104 45
104 46
104 50
104 54
104 55
104 58
104 61
104 62
104 65
104 68
104 69
104 70
104 71
104 73
104 75
104 76
104 78
104 79
104 83
104 85
104 90
104 91
104 92
104 93
104 94
104 95
104 98
104 99
104 100
104 103
104 104
104 105
104 107
104 108
104 109
104 114
104 123
104 124
104 126
104 128
105 2
105 7
105 8
105 9
105 10
105 11
105 12
105 13
105 16
105 17
105 21
105 22
105 24
105 25
105 28
105 33
105 36
105 37
105 39
105 40
105 41
105 42
105 43
105 46
105 47
105 48
105 51
105 52
105 54
105 55
105 59
105 60
105 65
105 68
105 69
105 70
105 75
105 84
105 87
105 88
105 92
105 95
105 96
105 99
105 103
105 105
105 107
105 109
105 110
105 111
105 112
105 114
105 119
105 122
105 124
105 125
105 128
106 2
106 4
106 6
106 10
106 11
106 12
106 13
106 14
106 16
106 20
106 21
106 23
106 30
106 31
106 34
106 35
106 38
106 39
106 45
106 48
106 50
106 52
106 53
106 56
106 57
106 58
106 62
106 63
106 67
106 70
106 71
106 82
106 84
106 87
106 88
106 89
106 90
106 91
106 94
106 100
106 101
106 109
106 116
106 118
106 119
106 120
106 122
106 123
106 127
106 129
107 2
107 7
107 8
107 9
107 15
107 16
107 19
107 20
107 24
107 25
107 28
107 29
107 31
107 33
107 34
107 35
107 39
107 40
107 42
107 45
107 46
107 48
107 50
107 54
107 56
107 57
107 59
107 62
107 63
107 64
107 67
107 69
107 70
107 71
107 76
107 77
107 79
107 81
107 83
107 85
107 86
107 87
107 88
107 92
107 97
107 100
107 104
107 105
107 109
107 110
107 113
107 114
107 116
107 120
107 122
107 124
107 125
107 126
108 0
108 2
108 6
108 8
108 10
108 16
108 22
108 23
108 24
108 26
108 28
108 29
108 31
108 33
108 35
108 36
108 37
108 38
108 41
108 43
108 44
108 45
108 46
108 48
108 49
108 51
108 53
108 54
108 56
108 57
108 61
108 62
108 64
108 65
108 72
108 74
108 75
108 86
108 89
108 92
108 95
108 97
108 99
108 100
108 103
108 104
108 105
108 106
108 109
108 112
108 113
108 115
108 116
108 122
108 125
108 127
108 129
109 1
109 3
109 5
109 7
109 11
109 15
109 19
109 20
109 22
109 27
109 28
109 29
109 32
109 33
109 35
109 39
109 40
109 41
109 45
109 56
109 58
109 60
109 63
109 64
109 65
109 66
109 67
109 68
109 74
109 75
109 76
109 79
109 80
109 81
109 87
109 88
109 89
109 90
109 93
109 94
109 95
109 99
109 101
109 103
109 105
109 111
109 115
109 122
109 123
109 126
109 127
110 0
110 1
110 5
110 6
110 8
110 9
110 11
110 13
110 14
110 19
110 20
110 22
110 26
110 34
110 35
110 37
110 38
110 39
110 45
110 47
110 48
110 49
110 53
110 54
110 56
110 57
110 58
110 59
110 64
110 65
110 68
110 69
110 71
110 72
110 74
110 75
110 80
110 85
110 88
110 91
110 97
110 102
110 108
110 109
110 115
110 118
110 120
110 121
110 123
110 124
110 125
110 127
111 1
111 3
111 6
111 11
111 20
111 22
111 23
111 26
111 28
111 32
111 33
111 35
111 39
111 40
111 42
111 44
111 45
111 48
111 51
111 52
111 57
111 61
111 66
111 67
111 68
111 70
111 72
111 74
111 78
111 80
111 81
111 82
111 84
111 87
111 92
111 93
111 99
111 100
111 102
111 106
111 108
111 111
111 112
111 113
111 115
111 116
111 118
111 119
111 121
111 122
111 125
111 126
111 128
111 129
112 1
112 3
112 4
112 6
112 7
112 11
112 14
112 17
112 21
112 26
112 30
112 31
112 33
112 34
112 35
112 38
112 39
112 41
112 43
112 44
112 47
112 49
112 50
112 51
112 54
112 58
112 65
112 66
112 67
112 71
112 75
112 76
112 80
112 82
112 84
112 85
112 86
112 88
112 90
112 93
112 94
112 95
112 96
112 97
112 98
112 99
112 101
112 102
112 104
112 107
112 109
112 114
112 117
112 118
112 119
112 120
112 123
112 124
112 129
113 1
113 8
113 10
113 11
113 14
113 17
113 18
113 21
113 22
113 29
113 33
113 34
113 36
113 38
113 40
113 42
113 46
113 51
113 55
113 56
113 57
113 61
113 66
113 70
113 71
113 73
113 79
113 80
113 82
113 87
113 89
113 95
113 96
113 100
113 101
113 103
113 106
113 107
113 110
113 111
113 115
113 116
113 121
113 124
113 126
113 128
114 3
114 4
114 10
114 11
114 13
114 14
114 15
114 18
114 19
114 20
114 22
114 24
114 25
114 26
114 29
114 31
114 34
114 35
114 41
114 42
114 44
114 47
114 50
114 51
114 56
114 57
114 58
114 61
114 62
114 63
114 64
114 68
114 69
114 71
114 73
114 76
114 78
114 81
114 85
114 86
114 87
114 88
114 90
114 91
114 92
114 99
114 102
114 103
114 104
114 106
114 109
114 111
114 114
114 115
114 116
114 119
114 121
114 122
114 127
115 0
115 1
115 7
115 9
115 10
115 12
115 16
115 18
115 20
115 22
115 24
115 26
115 27
115 28
115 31
115 32
115 33
115 35
115 38
115 40
115 46
115 47
115 48
115 50
115 54
115 56
115 58
115 59
115 60
115 66
115 68
115 76
115 78
115 79
115 81
115 86
115 87
115 109
115 111
115 112
115 115
115 117
115 121
115 122
115 129
116 2
116 6
116 8
116 9
116 11
116 16
116 17
116 20
116 22
116 23
116 25
116 27
116 29
116 30
116 33
116 35
116 38
116 41
116 45
116 46
116 48
116 49
116 52
116 53
116 55
116 61
116 64
116 65
116 66
116 67
116 71
116 74
116 76
116 78
116 80
116 84
116 85
116 89
116 90
116 91
116 94
116 96
116 100
116 104
116 105
116 106
116 107
116 112
116 113
116 114
116 116
116 117
116 119
116 120
116 121
116 124
116 126
117 5
117 11
117 12
117 13
117 16
117 18
117 21
117 22
117 25
117 28
117 33
117 35
117 37
117 38
117 39
117 41
117 45
117 46
117 47
117 49
117 50
117 52
117 53
117 57
117 58
117 60
117 63
117 65
117 66
117 71
117 73
117 74
117 76
117 82
117 84
117 86
117 87
117 91
117 93
117 94
117 95
117 96
117 97
117 98
117 101
117 106
117 109
117 114
117 122
117 125
117 126
117 128
117 129
118 2
118 3
118 6
118 9
118 10
118 12
118 13
118 18
118 20
118 22
118 25
118 28
118 41
118 46
118 47
118 48
118 49
118 53
118 54
118 56
118 58
118 60
118 66
118 67
118 69
118 70
118 71
118 73
118 74
118 75
118 76
118 82
118 83
118 92
118 95
118 96
118 98
118 99
118 100
118 101
118 103
118 105
118 107
118 108
118 110
118 112
118 113
118 114
118 117
118 120
118 122
118 123
118 125
118 126
118 128
118 129
119 0
119 1
119 3
119 4
119 5
119 7
119 8
119 9
119 14
119 15
119 16
119 17
119 26
119 29
119 32
119 33
119 35
119 36
119 37
119 38
119 39
119 44
119 45
119 46
119 47
119 49
119 50
119 53
119 54
119 55
119 56
119 59
119 60
119 64
119 65
119 66
119 67
119 68
119 69
119 70
119 71
119 72
119 76
119 77
119 85
119 86
119 90
119 95
119 96
119 98
119 100
119 102
119 105
119 107
119 113
119 114
119 115
119 119
119 123
119 124
119 126
119 128
119 129
120 0
120 1
120 2
120 3
120 5
120 7
120 8
120 9
120 13
120 16
120 18
120 19
120 21
120 23
120 24
120 25
120 27
120 28
120 29
120 32
120 35
120 36
120 38
120 39
120 40
120 41
120 43
120 46
120 49
120 51
120 53
120 55
120 56
120 57
120 59
120 60
120 65
120 68
120 69
120 72
120 74
120 78
120 80
120 81
120 83
120 85
120 86
120 87
120 89
120 91
120 93
120 94
120 99
120 101
120 105
120 109
120 110
120 111
120 116
120 124
120 126
120 127
120 128
120 129
121 0
121 1
121 2
121 4
121 6
121 7
121 8
121 9
121 13
121 15
121 18
121 19
121 26
121 27
121 28
121 37
121 43
121 44
121 45
121 46
121 47
121 48
121 49
121 51
121 54
121 56
121 58
121 60
121 61
121 64
121 65
121 79
121 80
121 81
121 85
121 93
121 94
121 96
121 97
121 98
121 102
121 104
121 108
121 110
121 111
121 121
121 122
121 124
121 125
121 126
121 128
121 129
122 0
122 1
122 5
122 8
122 13
122 17
122 20
122 21
122 23
122 30
122 31
122 34
122 38
122 40
122 42
122 43
122 48
122 50
122 51
122 56
122 57
122 58
122 61
122 62
122 65
122 66
122 70
122 72
122 74
122 75
122 76
122 77
122 84
122 85
122 88
122 89
122 93
122 96
122 97
122 103
122 106
122 107
122 108
122 109
122 113
122 114
122 115
122 117
122 119
122 120
122 121
122 122
122 123
122 125
123 2
123 4
123 6
123 7
123 8
123 10
123 11
123 14
123 16
123 20
123 23
123 24
123 29
123 30
123 31
123 34
123 37
123 39
123 45
123 47
123 48
123 51
123 54
123 55
123 57
123 60
123 65
123 66
123 67
123 71
123 72
123 73
123 74
123 79
123 80
123 86
123 90
123 96
123 98
123 102
123 103
123 107
123 110
123 111
123 117
123 118
123 120
123 122
123 123
123 124
123 125
123 127
123 128
124 2
124 4
124 6
124 8
124 12
124 14
124 16
124 20
124 21
124 22
124 23
124 31
124 32
124 33
124 34
124 37
124 38
124 39
124 42
124 44
124 49
124 51
124 54
124 56
124 59
124 60
124 61
124 63
124 64
124 69
124 74
124 82
124 83
124 85
124 89
124 93
124 95
124 98
124 103
124 106
124 108
124 115
124 116
124 117
124 118
124 122
124 123
125 4
125 7
125 11
125 15
125 17
125 18
125 20
125 21
125 22
125 23
125 25
125 27
125 30
125 32
125 33
125 34
125 36
125 37
125 38
125 39
125 44
125 48
125 49
125 50
125 51
125 53
125 55
125 59
125 61
125 62
125 72
125 74
125 75
125 76
125 79
125 80
125 85
125 86
125 95
125 97
125 100
125 104
125 107
125 108
125 115
125 118
125 119
125 121
126 2
126 4
126 5
126 16
126 17
126 18
126 20
126 21
126 22
126 23
126 24
126 25
126 29
126 34
126 39
126 42
126 49
126 51
126 52
126 54
126 58
126 60
126 63
126 67
126 68
126 70
126 74
126 77
126 78
126 79
126 80
126 87
126 88
126 91
126 92
126 93
126 97
126 105
126 109
126 110
126 112
126 115
126 116
126 119
126 123
126 129
127 0
127 1
127 2
127 8
127 11
127 13
127 14
127 15
127 19
127 21
127 27
127 28
127 35
127 36
127 42
127 45
127 46
127 47
127 48
127 49
127 53
127 54
127 57
127 59
127 63
127 65
127 66
127 70
127 75
127 81
127 82
127 85
127 87
127 90
127 94
127 95
127 97
127 100
127 102
127 103
127 105
127 107
127 108
127 109
127 114
127 115
127 119
127 120
127 124
127 126
128 2
128 3
128 5
128 6
128 14
128 17
128 18
128 22
128 23
128 24
128 25
128 26
128 32
128 39
128 42
128 45
128 47
128 56
128 63
128 65
128 79
128 80
128 81
128 82
128 85
128 86
128 87
128 90
128 91
128 92
128 95
128 97
128 99
128 105
128 107
128 108
128 113
128 123
128 126
128 129
129 0
129 1
129 2
129 3
129 4
129 10
129 13
129 15
129 16
129 17
129 18
129 21
129 22
129 23
129 29
129 31
129 35
129 39
129 40
129 41
129 42
129 43
129 45
129 46
129 50
129 56
129 57
129 59
129 60
129 61
129 63
129 65
129 66
129 70
129 73
129 75
129 80
129 81
129 83
129 84
129 88
129 90
129 91
129 93
129 96
129 97
129 98
129 101
129 104
129 105
129 110
129 112
129 115
129 116
129 117
129 118
129 120
129 122
129 123
129 125
