30
360
0 0
0 1
0 2
0 4
0 7
0 14
0 16
0 19
0 21
0 26
1 2
1 5
1 6
1 7
1 10
1 12
1 15
1 17
1 18
1 20
1 21
1 22
1 23
1 25
1 26
1 29
2 0
2 5
2 6
2 7
2 8
2 9
2 10
2 11
2 14
2 18
2 20
2 22
2 24
2 25
2 28
2 29
3 1
3 2
3 3
3 4
3 6
3 8
3 10
3 13
3 15
3 20
3 24
3 28
4 0
4 5
4 10
4 12
4 13
4 14
4 22
4 24
4 25
5 1
5 9
5 11
5 18
5 23
5 24
5 26
6 0
6 2
6 6
6 7
6 8
6 10
6 12
6 13
6 17
6 19
6 20
6 25
6 27
6 28
7 1
7 3
7 5
7 11
7 12
7 13
7 14
7 15
7 18
7 23
7 28
8 0
8 1
8 2
8 3
8 5
8 7
8 9
8 10
8 11
8 12
8 14
8 15
8 16
8 17
8 24
8 27
8 29
9 4
9 5
9 6
9 12
9 14
9 17
9 18
9 19
9 20
9 26
9 28
10 0
10 1
10 4
10 9
10 13
10 16
10 17
10 18
10 21
10 23
10 26
10 28
11 5
11 7
11 8
11 9
11 15
11 17
11 22
11 23
11 24
11 28
11 29
12 1
12 2
12 5
12 8
12 10
12 13
12 16
12 17
12 22
12 23
12 25
12 28
12 29
13 0
13 1
13 5
13 6
13 7
13 8
13 9
13 10
13 12
13 13
13 15
13 16
13 18
13 25
13 26
14 0
14 2
14 6
14 7
14 9
14 11
14 19
14 20
14 22
14 23
14 26
14 28
15 0
15 1
15 6
15 7
15 10
15 11
15 15
15 17
15 20
15 21
15 22
15 24
15 26
15 27
15 28
16 0
16 2
16 5
16 8
16 13
16 20
16 21
16 27
16 28
17 0
17 1
17 6
17 7
17 12
17 15
17 18
17 19
17 20
17 22
17 24
17 27
18 1
18 2
18 4
18 7
18 9
18 10
18 11
18 13
18 14
18 17
18 18
18 19
18 21
18 24
18 29
19 0
19 2
19 12
19 15
19 18
19 19
19 22
19 24
19 25
19 27
20 0
20 1
20 8
20 10
20 11
20 12
20 13
20 14
20 16
20 20
20 21
20 24
20 27
21 1
21 2
21 4
21 7
21 9
21 10
21 15
21 16
21 22
21 26
21 28
21 29
22 0
22 5
22 8
22 9
22 10
22 11
22 16
22 17
22 20
22 25
22 27
22 28
22 29
23 0
23 1
23 6
23 8
23 10
23 11
23 13
23 14
23 15
23 19
23 24
23 25
23 28
24 0
24 7
24 10
24 12
24 14
24 15
24 17
24 19
24 20
24 23
24 24
24 25
24 26
24 28
25 1
25 9
25 10
25 12
25 20
25 27
25 29
26 0
26 6
26 8
26 9
26 10
26 22
26 23
27 0
27 1
27 2
27 6
27 7
27 17
27 23
27 28
28 0
28 1
28 2
28 5
28 6
28 9
28 13
28 14
28 16
28 18
28 22
28 25
28 27
28 28
29 0
29 6
29 7
29 8
29 14
29 16
29 19
29 20
29 23
29 24
29 25
29 28
