70
1960
0 3
0 8
0 9
0 13
0 14
0 19
0 21
0 22
0 23
0 24
0 25
0 27
0 28
0 30
0 35
0 39
0 41
0 42
0 45
0 52
0 57
0 61
0 62
1 0
1 1
1 7
1 8
1 12
1 13
1 16
1 17
1 18
1 20
1 26
1 31
1 35
1 37
1 42
1 44
1 45
1 48
1 49
1 50
1 53
1 57
1 58
1 63
1 64
1 66
2 0
2 1
2 4
2 5
2 7
2 8
2 10
2 11
2 12
2 14
2 16
2 20
2 21
2 23
2 24
2 27
2 28
2 31
2 36
2 37
2 40
2 44
2 46
2 49
2 52
2 54
2 55
2 58
2 60
2 64
2 65
2 67
2 69
3 0
3 1
3 3
3 5
3 9
3 10
3 14
3 20
3 21
3 22
3 30
3 38
3 41
3 44
3 47
3 53
3 54
3 57
3 60
3 62
3 63
3 65
4 1
4 4
4 6
4 10
4 12
4 13
4 16
4 17
4 19
4 21
4 28
4 30
4 31
4 32
4 36
4 43
4 46
4 47
4 49
4 52
4 56
4 57
4 61
4 62
4 63
4 66
5 3
5 5
5 6
5 7
5 13
5 15
5 21
5 22
5 28
5 29
5 32
5 35
5 37
5 38
5 39
5 43
5 46
5 47
5 50
5 51
5 54
5 55
5 57
5 58
5 59
5 60
5 61
5 64
5 65
5 67
6 1
6 7
6 10
6 11
6 12
6 13
6 14
6 17
6 19
6 20
6 26
6 27
6 29
6 32
6 33
6 35
6 36
6 40
6 42
6 44
6 50
6 54
6 55
6 56
6 57
6 64
6 68
7 1
7 5
7 6
7 9
7 12
7 13
7 15
7 17
7 19
7 21
7 24
7 27
7 28
7 29
7 34
7 36
7 37
7 38
7 41
7 42
7 44
7 46
7 49
7 51
7 58
7 59
7 63
7 64
7 67
7 69
8 0
8 1
8 3
8 7
8 9
8 10
8 11
8 12
8 13
8 14
8 18
8 24
8 28
8 29
8 31
8 34
8 35
8 36
8 37
8 38
8 42
8 45
8 46
8 48
8 50
8 52
8 53
8 54
8 59
8 66
8 68
9 3
9 4
9 9
9 13
9 15
9 16
9 20
9 25
9 27
9 29
9 31
9 33
9 34
9 38
9 39
9 43
9 45
9 46
9 49
9 50
9 53
9 59
9 62
10 0
10 6
10 7
10 9
10 10
10 12
10 13
10 14
10 19
10 20
10 22
10 24
10 25
10 27
10 29
10 31
10 32
10 34
10 45
10 46
10 47
10 48
10 51
10 55
10 56
10 57
10 62
10 64
10 67
11 2
11 6
11 7
11 8
11 12
11 17
11 18
11 22
11 23
11 24
11 29
11 34
11 36
11 37
11 38
11 39
11 41
11 42
11 45
11 50
11 51
11 54
11 56
11 57
11 59
11 60
11 61
11 66
11 67
11 68
12 0
12 1
12 5
12 12
12 13
12 18
12 21
12 23
12 25
12 26
12 27
12 28
12 30
12 33
12 35
12 38
12 43
12 44
12 46
12 49
12 50
12 52
12 58
12 61
12 64
12 69
13 1
13 6
13 9
13 10
13 11
13 20
13 23
13 25
13 26
13 27
13 28
13 29
13 30
13 32
13 34
13 38
13 40
13 42
13 45
13 48
13 51
13 54
13 61
13 64
14 0
14 4
14 8
14 12
14 14
14 16
14 17
14 18
14 19
14 25
14 27
14 28
14 34
14 37
14 38
14 41
14 42
14 45
14 47
14 48
14 52
14 55
14 56
14 57
14 62
14 64
14 67
14 68
14 69
15 5
15 8
15 11
15 12
15 16
15 18
15 22
15 23
15 24
15 31
15 32
15 33
15 34
15 37
15 40
15 41
15 43
15 44
15 46
15 50
15 51
15 56
15 58
15 61
15 63
15 65
15 67
16 0
16 10
16 11
16 12
16 13
16 17
16 20
16 22
16 26
16 27
16 28
16 29
16 30
16 32
16 33
16 34
16 44
16 45
16 47
16 49
16 51
16 54
16 58
16 61
16 63
16 64
16 65
16 67
16 68
17 1
17 4
17 9
17 10
17 11
17 12
17 15
17 19
17 20
17 21
17 22
17 28
17 33
17 35
17 36
17 37
17 39
17 40
17 42
17 43
17 49
17 50
17 51
17 53
17 54
17 56
17 58
17 60
17 62
17 64
17 69
18 0
18 1
18 2
18 3
18 5
18 6
18 16
18 19
18 22
18 24
18 30
18 38
18 40
18 45
18 46
18 51
18 52
18 53
18 54
18 55
18 56
18 57
18 58
18 59
18 60
18 61
18 63
18 64
18 66
18 68
19 1
19 4
19 6
19 8
19 9
19 11
19 14
19 16
19 18
19 20
19 25
19 26
19 28
19 29
19 30
19 33
19 34
19 35
19 36
19 38
19 48
19 52
19 53
19 54
19 55
19 60
19 62
19 63
19 65
19 69
20 2
20 3
20 5
20 7
20 8
20 9
20 11
20 12
20 16
20 17
20 23
20 25
20 26
20 30
20 33
20 40
20 42
20 47
20 48
20 52
20 54
20 55
20 63
20 64
20 67
20 68
21 0
21 2
21 3
21 4
21 12
21 16
21 18
21 19
21 20
21 24
21 25
21 26
21 27
21 34
21 35
21 36
21 37
21 38
21 45
21 50
21 51
21 54
21 56
21 60
21 61
22 2
22 3
22 4
22 5
22 8
22 11
22 12
22 13
22 22
22 28
22 29
22 33
22 36
22 37
22 45
22 52
22 54
22 58
22 60
22 61
22 62
22 64
22 66
23 0
23 1
23 2
23 3
23 4
23 6
23 8
23 9
23 10
23 11
23 21
23 27
23 28
23 34
23 35
23 38
23 41
23 42
23 43
23 51
23 52
23 54
23 58
23 59
23 61
23 64
23 67
24 2
24 3
24 4
24 5
24 10
24 13
24 14
24 15
24 16
24 25
24 29
24 30
24 31
24 32
24 35
24 38
24 39
24 44
24 46
24 49
24 50
24 51
24 52
24 53
24 55
24 59
24 60
24 61
24 62
24 63
24 65
24 66
24 67
24 68
25 1
25 3
25 4
25 5
25 6
25 13
25 14
25 20
25 21
25 24
25 27
25 28
25 30
25 32
25 33
25 35
25 37
25 39
25 40
25 42
25 44
25 46
25 49
25 52
25 57
25 59
25 62
25 63
25 67
25 68
26 3
26 4
26 6
26 9
26 10
26 14
26 15
26 16
26 17
26 20
26 23
26 24
26 26
26 27
26 28
26 29
26 31
26 32
26 36
26 40
26 43
26 47
26 49
26 50
26 53
26 54
26 56
26 57
26 61
26 62
26 67
26 68
26 69
27 1
27 3
27 5
27 7
27 10
27 11
27 16
27 17
27 19
27 22
27 24
27 26
27 27
27 31
27 37
27 42
27 43
27 44
27 45
27 46
27 51
27 54
27 56
27 60
27 64
27 65
27 66
27 67
27 69
28 1
28 7
28 8
28 10
28 13
28 14
28 15
28 16
28 17
28 18
28 19
28 22
28 28
28 29
28 32
28 36
28 39
28 40
28 45
28 46
28 52
28 53
28 54
28 57
28 60
28 61
28 63
28 64
28 65
29 1
29 3
29 4
29 7
29 10
29 15
29 17
29 18
29 22
29 23
29 25
29 26
29 29
29 30
29 31
29 33
29 36
29 38
29 40
29 42
29 45
29 47
29 50
29 52
29 53
29 55
29 56
29 59
29 67
30 4
30 8
30 9
30 10
30 11
30 13
30 18
30 22
30 23
30 30
30 35
30 38
30 41
30 43
30 44
30 45
30 49
30 51
30 52
30 53
30 56
30 57
30 58
30 59
30 61
30 62
30 64
30 65
30 67
31 1
31 3
31 5
31 7
31 8
31 10
31 13
31 14
31 15
31 17
31 18
31 25
31 29
31 31
31 33
31 34
31 35
31 37
31 38
31 41
31 44
31 48
31 54
31 56
31 57
31 60
31 62
31 64
31 65
32 1
32 4
32 5
32 6
32 7
32 8
32 9
32 10
32 11
32 12
32 13
32 16
32 19
32 21
32 24
32 25
32 33
32 36
32 38
32 39
32 41
32 42
32 44
32 45
32 46
32 51
32 53
32 54
32 56
32 57
32 63
32 64
32 66
32 68
32 69
33 0
33 1
33 3
33 9
33 11
33 12
33 14
33 16
33 23
33 26
33 28
33 34
33 35
33 37
33 45
33 46
33 51
33 55
33 57
33 58
33 68
34 1
34 2
34 6
34 8
34 10
34 11
34 13
34 14
34 17
34 19
34 24
34 25
34 26
34 27
34 28
34 30
34 31
34 32
34 33
34 36
34 38
34 39
34 46
34 47
34 48
34 51
34 52
34 53
34 54
34 62
35 2
35 5
35 6
35 7
35 9
35 15
35 16
35 21
35 22
35 25
35 26
35 28
35 30
35 31
35 40
35 41
35 45
35 46
35 47
35 48
35 50
35 51
35 53
35 56
35 60
35 61
35 62
35 64
35 68
35 69
36 0
36 2
36 4
36 5
36 6
36 9
36 10
36 11
36 14
36 15
36 16
36 22
36 24
36 26
36 29
36 32
36 33
36 34
36 35
36 36
36 37
36 41
36 45
36 48
36 53
36 54
36 56
36 58
36 60
36 64
36 69
37 0
37 1
37 6
37 7
37 13
37 14
37 15
37 17
37 18
37 21
37 23
37 27
37 29
37 31
37 39
37 40
37 41
37 47
37 51
37 54
37 56
37 58
37 59
37 62
38 5
38 6
38 11
38 13
38 14
38 16
38 17
38 18
38 20
38 21
38 23
38 24
38 25
38 26
38 28
38 31
38 33
38 34
38 37
38 43
38 48
38 50
38 51
38 53
38 55
38 56
38 66
39 1
39 2
39 4
39 6
39 7
39 11
39 16
39 17
39 19
39 22
39 23
39 27
39 29
39 30
39 32
39 34
39 36
39 38
39 40
39 42
39 47
39 49
39 50
39 54
39 56
39 59
39 62
39 63
39 64
39 66
39 67
39 69
40 5
40 10
40 13
40 15
40 18
40 19
40 20
40 23
40 24
40 25
40 26
40 29
40 31
40 32
40 35
40 38
40 44
40 48
40 49
40 57
40 59
40 61
40 63
40 64
40 69
41 0
41 1
41 4
41 5
41 10
41 11
41 12
41 13
41 14
41 15
41 17
41 20
41 25
41 26
41 27
41 28
41 35
41 36
41 39
41 41
41 44
41 45
41 47
41 48
41 49
41 50
41 54
41 55
41 56
41 58
41 61
41 64
41 67
42 1
42 2
42 4
42 7
42 8
42 10
42 15
42 22
42 26
42 27
42 29
42 30
42 33
42 35
42 37
42 40
42 41
42 44
42 45
42 47
42 49
42 50
42 51
42 53
42 57
42 64
42 69
43 1
43 2
43 4
43 10
43 12
43 23
43 26
43 30
43 33
43 34
43 35
43 36
43 44
43 45
43 46
43 48
43 49
43 56
43 57
43 60
43 63
43 65
43 66
43 67
43 68
43 69
44 0
44 1
44 7
44 8
44 11
44 12
44 15
44 18
44 19
44 23
44 24
44 25
44 28
44 35
44 37
44 49
44 50
44 52
44 53
44 54
44 55
44 59
44 63
44 65
44 66
44 69
45 0
45 3
45 8
45 10
45 15
45 17
45 19
45 24
45 26
45 28
45 30
45 31
45 40
45 42
45 44
45 47
45 49
45 50
45 53
45 57
45 59
45 64
45 66
45 67
45 69
46 0
46 9
46 11
46 12
46 17
46 18
46 23
46 24
46 25
46 33
46 34
46 35
46 36
46 38
46 41
46 42
46 46
46 47
46 49
46 50
46 51
46 55
46 57
46 60
46 64
46 66
46 69
47 4
47 5
47 8
47 9
47 10
47 12
47 13
47 14
47 20
47 21
47 25
47 27
47 29
47 30
47 32
47 37
47 39
47 40
47 41
47 42
47 46
47 47
47 50
47 52
47 55
47 56
47 61
47 62
47 67
48 3
48 5
48 7
48 8
48 12
48 22
48 23
48 26
48 28
48 29
48 30
48 31
48 32
48 34
48 35
48 41
48 42
48 43
48 44
48 47
48 50
48 53
48 54
48 57
48 60
48 61
48 66
48 68
48 69
49 3
49 4
49 6
49 7
49 8
49 11
49 12
49 19
49 21
49 25
49 29
49 37
49 38
49 40
49 42
49 44
49 45
49 47
49 49
49 51
49 53
49 56
49 57
49 59
49 60
49 61
49 65
50 3
50 6
50 10
50 11
50 12
50 14
50 17
50 19
50 20
50 21
50 25
50 30
50 31
50 35
50 38
50 39
50 41
50 42
50 46
50 48
50 49
50 51
50 52
50 56
50 57
50 60
50 63
51 0
51 1
51 4
51 10
51 12
51 16
51 26
51 32
51 34
51 39
51 41
51 43
51 46
51 49
51 50
51 52
51 53
51 56
51 58
51 59
51 62
51 64
51 65
52 0
52 2
52 11
52 13
52 14
52 15
52 18
52 21
52 23
52 26
52 27
52 38
52 39
52 44
52 56
52 57
52 58
52 61
52 64
52 68
53 0
53 1
53 2
53 9
53 10
53 11
53 19
53 20
53 28
53 30
53 31
53 32
53 34
53 38
53 43
53 44
53 46
53 49
53 51
53 52
53 53
53 60
53 63
53 64
53 67
53 68
54 0
54 5
54 6
54 7
54 8
54 9
54 10
54 12
54 15
54 17
54 22
54 25
54 27
54 31
54 33
54 34
54 36
54 37
54 42
54 44
54 45
54 46
54 47
54 48
54 50
54 52
54 54
54 55
54 61
54 62
54 65
54 66
54 68
55 0
55 4
55 6
55 7
55 9
55 11
55 13
55 16
55 17
55 18
55 20
55 21
55 23
55 26
55 31
55 33
55 34
55 35
55 37
55 40
55 42
55 44
55 50
55 53
55 55
55 57
55 59
55 68
56 4
56 5
56 11
56 13
56 18
56 23
56 26
56 28
56 30
56 33
56 38
56 39
56 40
56 46
56 51
56 55
56 57
56 59
56 60
56 61
56 66
56 67
56 68
57 0
57 3
57 6
57 8
57 10
57 12
57 15
57 26
57 27
57 32
57 34
57 36
57 38
57 41
57 42
57 44
57 46
57 51
57 53
57 54
57 55
57 62
57 63
58 0
58 1
58 2
58 8
58 11
58 12
58 15
58 17
58 18
58 19
58 20
58 22
58 24
58 26
58 28
58 29
58 30
58 31
58 32
58 35
58 37
58 39
58 44
58 48
58 51
58 52
58 53
58 55
58 57
58 59
58 60
58 63
58 64
58 65
58 67
59 3
59 5
59 6
59 9
59 15
59 17
59 18
59 19
59 20
59 21
59 24
59 28
59 29
59 32
59 33
59 34
59 35
59 36
59 37
59 40
59 41
59 42
59 47
59 51
59 56
59 57
59 69
60 2
60 4
60 11
60 14
60 17
60 18
60 19
60 20
60 23
60 27
60 32
60 33
60 36
60 38
60 44
60 46
60 49
60 53
60 54
60 57
60 60
60 61
60 68
61 0
61 1
61 6
61 8
61 11
61 15
61 17
61 19
61 21
61 25
61 29
61 30
61 31
61 34
61 37
61 39
61 40
61 43
61 47
61 49
61 50
61 56
61 59
61 61
61 64
61 66
61 67
61 68
62 2
62 3
62 8
62 9
62 10
62 12
62 16
62 17
62 19
62 22
62 23
62 27
62 33
62 34
62 39
62 43
62 46
62 49
62 50
62 51
62 54
62 60
62 65
62 66
62 69
63 1
63 5
63 9
63 12
63 13
63 14
63 17
63 19
63 21
63 22
63 24
63 25
63 27
63 29
63 30
63 32
63 34
63 35
63 39
63 41
63 43
63 44
63 47
63 48
63 49
63 51
63 52
63 56
63 61
63 62
63 64
63 65
63 66
63 67
64 7
64 10
64 12
64 16
64 17
64 18
64 19
64 31
64 33
64 39
64 40
64 42
64 45
64 46
64 47
64 50
64 51
64 53
64 57
64 59
64 63
64 68
64 69
65 2
65 8
65 9
65 10
65 12
65 14
65 20
65 22
65 24
65 27
65 29
65 34
65 35
65 37
65 40
65 43
65 46
65 51
65 52
65 54
65 56
65 57
65 61
66 0
66 1
66 5
66 6
66 8
66 9
66 10
66 12
66 15
66 16
66 17
66 18
66 20
66 21
66 22
66 23
66 27
66 28
66 30
66 33
66 34
66 36
66 40
66 41
66 43
66 50
66 51
66 60
66 63
66 66
66 67
67 5
67 6
67 9
67 11
67 13
67 17
67 18
67 19
67 21
67 22
67 23
67 24
67 27
67 28
67 30
67 31
67 32
67 34
67 35
67 37
67 39
67 42
67 43
67 44
67 45
67 47
67 48
67 49
67 54
67 55
67 56
67 58
67 59
67 60
67 63
67 66
67 67
67 68
68 0
68 1
68 2
68 4
68 6
68 7
68 11
68 12
68 17
68 21
68 22
68 24
68 25
68 27
68 28
68 31
68 36
68 37
68 41
68 42
68 45
68 46
68 48
68 49
68 50
68 52
68 54
68 59
68 61
68 62
68 63
68 66
68 68
68 69
69 3
69 8
69 11
69 12
69 13
69 15
69 16
69 18
69 20
69 22
69 28
69 29
69 32
69 34
69 35
69 36
69 40
69 41
69 42
69 43
69 44
69 45
69 46
69 47
69 48
69 51
69 52
69 54
69 56
69 58
69 59
69 62
69 69
