180
12960
0 7
0 11
0 12
0 16
0 17
0 18
0 19
0 20
0 21
0 23
0 25
0 28
0 30
0 31
0 40
0 41
0 44
0 47
0 48
0 49
0 54
0 55
0 56
0 58
0 60
0 61
0 64
0 65
0 69
0 71
0 73
0 74
0 77
0 89
0 90
0 91
0 92
0 96
0 98
0 99
0 103
0 104
0 106
0 107
0 109
0 111
0 114
0 118
0 126
0 128
0 132
0 134
0 135
0 140
0 141
0 144
0 147
0 148
0 151
0 154
0 155
0 159
0 161
0 168
0 171
0 174
0 175
0 177
1 0
1 5
1 7
1 11
1 12
1 14
1 17
1 18
1 20
1 26
1 27
1 28
1 29
1 31
1 36
1 46
1 48
1 50
1 55
1 56
1 58
1 61
1 68
1 71
1 75
1 76
1 79
1 86
1 89
1 98
1 99
1 106
1 108
1 112
1 113
1 117
1 119
1 121
1 123
1 125
1 127
1 130
1 131
1 132
1 133
1 134
1 135
1 143
1 147
1 148
1 151
1 152
1 157
1 165
1 168
1 170
1 171
1 172
1 174
1 178
1 179
2 1
2 3
2 4
2 5
2 6
2 11
2 12
2 13
2 18
2 19
2 20
2 21
2 22
2 25
2 29
2 32
2 36
2 38
2 39
2 44
2 45
2 50
2 55
2 58
2 63
2 67
2 69
2 71
2 73
2 75
2 79
2 81
2 82
2 83
2 84
2 85
2 86
2 87
2 92
2 93
2 94
2 103
2 104
2 107
2 108
2 112
2 113
2 114
2 117
2 120
2 126
2 128
2 130
2 133
2 136
2 137
2 140
2 142
2 144
2 145
2 148
2 149
2 156
2 158
2 160
2 161
2 165
2 169
2 171
2 172
2 173
2 175
2 179
3 1
3 3
3 4
3 6
3 7
3 8
3 11
3 12
3 13
3 18
3 19
3 20
3 21
3 22
3 30
3 31
3 34
3 39
3 41
3 42
3 44
3 45
3 46
3 50
3 52
3 54
3 57
3 60
3 62
3 75
3 76
3 82
3 83
3 85
3 87
3 88
3 89
3 92
3 93
3 96
3 100
3 101
3 102
3 105
3 108
3 109
3 117
3 118
3 119
3 120
3 122
3 125
3 130
3 131
3 132
3 134
3 135
3 137
3 139
3 141
3 144
3 148
3 149
3 150
3 156
3 161
3 166
3 167
3 168
3 170
3 173
3 174
4 0
4 1
4 5
4 6
4 12
4 13
4 14
4 20
4 21
4 22
4 23
4 24
4 26
4 33
4 36
4 38
4 39
4 41
4 46
4 47
4 49
4 51
4 52
4 53
4 60
4 61
4 62
4 63
4 66
4 68
4 74
4 75
4 77
4 80
4 81
4 82
4 87
4 93
4 94
4 96
4 99
4 107
4 110
4 111
4 112
4 117
4 120
4 122
4 123
4 125
4 127
4 128
4 129
4 130
4 132
4 134
4 139
4 144
4 145
4 147
4 148
4 159
4 161
4 162
4 165
4 166
4 167
4 168
4 169
4 171
4 174
4 175
4 177
4 178
4 179
5 0
5 2
5 3
5 5
5 7
5 9
5 10
5 13
5 15
5 19
5 20
5 22
5 23
5 25
5 26
5 28
5 33
5 36
5 40
5 43
5 44
5 48
5 52
5 53
5 55
5 56
5 57
5 59
5 60
5 61
5 62
5 63
5 64
5 67
5 75
5 78
5 82
5 84
5 88
5 89
5 91
5 93
5 94
5 95
5 96
5 98
5 104
5 105
5 107
5 111
5 114
5 115
5 116
5 117
5 118
5 122
5 124
5 125
5 127
5 129
5 131
5 135
5 137
5 141
5 149
5 154
5 157
5 161
5 162
5 164
5 166
5 167
5 168
5 170
5 173
5 177
6 0
6 2
6 3
6 13
6 14
6 15
6 17
6 18
6 23
6 26
6 28
6 32
6 34
6 37
6 39
6 54
6 62
6 69
6 72
6 74
6 75
6 76
6 77
6 79
6 82
6 89
6 94
6 95
6 100
6 101
6 102
6 103
6 104
6 105
6 107
6 109
6 110
6 111
6 112
6 115
6 116
6 117
6 118
6 119
6 124
6 127
6 128
6 129
6 131
6 132
6 134
6 140
6 141
6 144
6 145
6 146
6 147
6 149
6 150
6 152
6 153
6 154
6 158
6 159
6 162
6 163
6 164
6 165
6 168
6 170
6 172
6 177
7 4
7 5
7 7
7 8
7 11
7 15
7 16
7 17
7 21
7 26
7 30
7 42
7 47
7 49
7 58
7 60
7 61
7 62
7 63
7 66
7 68
7 69
7 70
7 71
7 74
7 79
7 87
7 88
7 92
7 93
7 96
7 97
7 99
7 100
7 101
7 110
7 111
7 115
7 116
7 117
7 120
7 123
7 125
7 129
7 131
7 134
7 140
7 143
7 145
7 147
7 148
7 156
7 159
7 167
7 168
7 174
7 178
8 1
8 3
8 7
8 8
8 9
8 10
8 12
8 14
8 19
8 21
8 23
8 24
8 28
8 31
8 35
8 37
8 39
8 44
8 46
8 50
8 54
8 58
8 59
8 67
8 71
8 73
8 74
8 76
8 77
8 78
8 81
8 86
8 87
8 91
8 92
8 93
8 94
8 95
8 97
8 100
8 101
8 102
8 106
8 107
8 110
8 113
8 120
8 121
8 122
8 129
8 132
8 136
8 139
8 142
8 143
8 144
8 145
8 146
8 147
8 149
8 154
8 155
8 157
8 162
8 163
8 164
8 165
8 170
8 171
8 176
9 0
9 4
9 6
9 7
9 8
9 9
9 16
9 20
9 27
9 31
9 32
9 34
9 35
9 38
9 41
9 44
9 47
9 50
9 57
9 59
9 60
9 61
9 65
9 66
9 68
9 69
9 72
9 74
9 78
9 82
9 83
9 86
9 88
9 91
9 94
9 96
9 98
9 100
9 101
9 106
9 111
9 117
9 118
9 119
9 121
9 122
9 123
9 127
9 130
9 131
9 133
9 135
9 136
9 138
9 139
9 140
9 143
9 148
9 159
9 160
9 162
9 169
9 170
9 171
9 172
9 177
9 178
10 3
10 4
10 14
10 18
10 20
10 22
10 23
10 28
10 29
10 30
10 33
10 34
10 35
10 36
10 37
10 39
10 44
10 45
10 56
10 58
10 59
10 62
10 63
10 67
10 68
10 75
10 79
10 80
10 87
10 90
10 95
10 98
10 103
10 112
10 113
10 115
10 124
10 126
10 127
10 132
10 133
10 136
10 152
10 154
10 157
10 161
10 162
10 164
10 165
10 172
10 175
10 176
10 178
10 179
11 0
11 1
11 2
11 3
11 4
11 8
11 10
11 11
11 12
11 13
11 14
11 15
11 16
11 18
11 20
11 22
11 24
11 25
11 30
11 34
11 37
11 40
11 42
11 45
11 46
11 50
11 53
11 54
11 55
11 56
11 57
11 59
11 61
11 63
11 67
11 70
11 73
11 80
11 81
11 85
11 87
11 88
11 91
11 92
11 95
11 98
11 100
11 105
11 107
11 110
11 111
11 114
11 115
11 124
11 125
11 128
11 131
11 132
11 133
11 138
11 143
11 146
11 150
11 152
11 153
11 154
11 157
11 160
11 162
11 163
11 167
11 168
11 169
11 170
11 171
11 175
11 179
12 2
12 4
12 5
12 6
12 8
12 9
12 10
12 11
12 13
12 16
12 18
12 20
12 22
12 27
12 30
12 31
12 32
12 33
12 34
12 35
12 36
12 42
12 43
12 46
12 48
12 49
12 53
12 54
12 56
12 58
12 60
12 62
12 64
12 65
12 66
12 70
12 72
12 75
12 78
12 79
12 81
12 82
12 89
12 95
12 96
12 98
12 99
12 101
12 103
12 106
12 109
12 117
12 123
12 127
12 130
12 134
12 145
12 146
12 147
12 148
12 149
12 150
12 154
12 159
12 160
12 163
12 165
12 166
12 167
12 169
12 178
12 179
13 8
13 9
13 11
13 13
13 15
13 17
13 19
13 23
13 24
13 26
13 31
13 35
13 36
13 37
13 41
13 44
13 46
13 47
13 48
13 49
13 51
13 54
13 59
13 62
13 65
13 68
13 70
13 71
13 72
13 83
13 84
13 86
13 87
13 92
13 93
13 95
13 100
13 103
13 106
13 108
13 111
13 113
13 114
13 117
13 118
13 121
13 122
13 123
13 124
13 125
13 126
13 127
13 128
13 129
13 130
13 138
13 140
13 142
13 145
13 147
13 148
13 150
13 151
13 154
13 155
13 157
13 161
13 162
13 163
13 164
13 166
13 167
13 168
13 174
13 175
13 177
13 178
14 3
14 4
14 5
14 8
14 9
14 11
14 12
14 19
14 21
14 23
14 26
14 28
14 30
14 31
14 33
14 36
14 39
14 40
14 42
14 45
14 46
14 47
14 52
14 58
14 60
14 61
14 63
14 64
14 65
14 70
14 71
14 74
14 75
14 77
14 81
14 86
14 91
14 92
14 95
14 97
14 102
14 103
14 108
14 110
14 114
14 115
14 116
14 117
14 118
14 119
14 121
14 122
14 124
14 126
14 130
14 131
14 141
14 144
14 147
14 149
14 150
14 151
14 154
14 156
14 161
14 163
14 166
14 169
14 172
14 176
14 178
15 1
15 4
15 6
15 8
15 9
15 14
15 15
15 16
15 18
15 19
15 20
15 21
15 22
15 27
15 28
15 31
15 35
15 36
15 37
15 39
15 40
15 41
15 42
15 43
15 45
15 47
15 48
15 52
15 55
15 56
15 57
15 59
15 60
15 61
15 63
15 65
15 67
15 71
15 72
15 73
15 76
15 78
15 80
15 81
15 86
15 87
15 100
15 108
15 112
15 113
15 118
15 124
15 128
15 129
15 132
15 134
15 136
15 137
15 139
15 142
15 143
15 147
15 148
15 150
15 151
15 152
15 157
15 158
15 165
15 168
15 170
15 172
15 173
15 174
15 178
15 179
16 2
16 4
16 5
16 8
16 9
16 10
16 11
16 12
16 14
16 15
16 16
16 19
16 20
16 21
16 23
16 24
16 26
16 27
16 28
16 29
16 30
16 33
16 38
16 41
16 43
16 49
16 51
16 54
16 56
16 59
16 62
16 68
16 73
16 76
16 80
16 83
16 84
16 86
16 88
16 91
16 92
16 93
16 95
16 98
16 101
16 107
16 108
16 111
16 114
16 118
16 123
16 124
16 126
16 130
16 132
16 134
16 138
16 140
16 143
16 144
16 145
16 149
16 150
16 152
16 153
16 155
16 161
16 166
16 167
16 168
16 171
16 172
16 173
16 174
16 177
16 178
17 4
17 5
17 6
17 7
17 8
17 9
17 10
17 11
17 12
17 14
17 20
17 21
17 24
17 25
17 27
17 33
17 34
17 38
17 39
17 40
17 42
17 46
17 48
17 53
17 60
17 67
17 71
17 74
17 78
17 79
17 80
17 81
17 82
17 83
17 89
17 91
17 92
17 93
17 95
17 100
17 107
17 109
17 110
17 111
17 119
17 120
17 122
17 123
17 126
17 127
17 130
17 131
17 132
17 133
17 136
17 137
17 139
17 140
17 143
17 148
17 150
17 151
17 153
17 154
17 155
17 158
17 160
17 161
17 166
17 168
17 170
17 173
17 178
18 2
18 4
18 5
18 8
18 12
18 13
18 18
18 19
18 20
18 25
18 27
18 32
18 36
18 37
18 39
18 43
18 46
18 51
18 54
18 55
18 56
18 57
18 62
18 63
18 64
18 66
18 68
18 69
18 71
18 75
18 76
18 77
18 81
18 85
18 87
18 88
18 92
18 98
18 100
18 103
18 105
18 106
18 108
18 111
18 116
18 117
18 118
18 119
18 122
18 126
18 129
18 136
18 138
18 142
18 143
18 146
18 148
18 149
18 161
18 165
18 166
18 167
18 173
18 174
18 175
18 178
18 179
19 2
19 3
19 4
19 9
19 13
19 15
19 18
19 22
19 23
19 24
19 25
19 30
19 34
19 35
19 36
19 38
19 40
19 42
19 43
19 45
19 46
19 48
19 51
19 53
19 56
19 57
19 58
19 59
19 62
19 64
19 67
19 68
19 70
19 74
19 75
19 77
19 79
19 80
19 81
19 82
19 83
19 84
19 86
19 87
19 90
19 92
19 98
19 99
19 100
19 103
19 106
19 108
19 113
19 114
19 118
19 119
19 125
19 131
19 135
19 143
19 144
19 147
19 148
19 149
19 152
19 154
19 157
19 161
19 163
19 165
19 166
19 167
19 168
20 1
20 3
20 5
20 13
20 17
20 18
20 21
20 23
20 26
20 27
20 29
20 33
20 35
20 37
20 38
20 44
20 46
20 47
20 48
20 52
20 55
20 56
20 57
20 60
20 61
20 71
20 74
20 75
20 77
20 87
20 88
20 91
20 100
20 102
20 107
20 108
20 112
20 117
20 118
20 119
20 126
20 129
20 130
20 134
20 136
20 145
20 146
20 147
20 149
20 151
20 152
20 158
20 160
20 169
20 171
20 172
20 173
20 175
20 176
20 177
20 178
20 179
21 0
21 2
21 5
21 10
21 12
21 15
21 17
21 22
21 25
21 27
21 29
21 30
21 31
21 34
21 41
21 46
21 47
21 49
21 52
21 57
21 59
21 62
21 66
21 67
21 68
21 70
21 71
21 77
21 85
21 86
21 90
21 92
21 96
21 98
21 101
21 104
21 111
21 113
21 114
21 115
21 116
21 122
21 124
21 128
21 130
21 131
21 132
21 136
21 137
21 138
21 139
21 140
21 143
21 151
21 152
21 156
21 158
21 160
21 162
21 164
21 166
21 168
21 171
21 176
21 177
21 178
22 5
22 7
22 14
22 17
22 18
22 19
22 20
22 21
22 23
22 29
22 46
22 47
22 49
22 50
22 51
22 52
22 53
22 55
22 56
22 58
22 59
22 62
22 63
22 65
22 66
22 69
22 76
22 77
22 78
22 80
22 84
22 86
22 96
22 97
22 101
22 111
22 113
22 114
22 118
22 119
22 122
22 123
22 129
22 130
22 131
22 133
22 135
22 140
22 144
22 145
22 146
22 148
22 152
22 157
22 158
22 159
22 163
22 165
22 168
22 169
22 172
22 174
22 175
22 179
23 1
23 3
23 4
23 5
23 7
23 8
23 14
23 16
23 21
23 22
23 24
23 26
23 29
23 30
23 32
23 33
23 35
23 36
23 38
23 40
23 44
23 45
23 47
23 52
23 53
23 56
23 58
23 59
23 61
23 63
23 67
23 68
23 74
23 75
23 78
23 83
23 84
23 85
23 89
23 90
23 91
23 93
23 97
23 98
23 104
23 108
23 111
23 113
23 115
23 117
23 119
23 121
23 122
23 123
23 124
23 126
23 128
23 129
23 132
23 134
23 135
23 139
23 144
23 145
23 150
23 157
23 161
23 170
23 172
23 177
23 178
24 0
24 8
24 9
24 15
24 18
24 20
24 22
24 23
24 24
24 25
24 26
24 30
24 36
24 39
24 45
24 48
24 52
24 59
24 64
24 70
24 72
24 75
24 77
24 78
24 85
24 86
24 87
24 88
24 89
24 94
24 95
24 96
24 97
24 98
24 99
24 101
24 102
24 103
24 105
24 109
24 110
24 112
24 118
24 120
24 121
24 122
24 123
24 126
24 129
24 130
24 133
24 135
24 139
24 141
24 142
24 145
24 146
24 147
24 148
24 150
24 151
24 154
24 155
24 165
24 170
24 171
24 172
24 174
24 175
24 176
24 177
24 178
24 179
25 0
25 3
25 4
25 7
25 16
25 21
25 22
25 24
25 28
25 29
25 31
25 33
25 34
25 37
25 39
25 46
25 47
25 48
25 53
25 56
25 59
25 62
25 63
25 64
25 65
25 66
25 67
25 68
25 73
25 74
25 75
25 81
25 82
25 83
25 84
25 85
25 86
25 89
25 90
25 91
25 94
25 98
25 99
25 101
25 103
25 111
25 112
25 116
25 117
25 118
25 122
25 123
25 126
25 130
25 132
25 133
25 137
25 141
25 146
25 147
25 148
25 150
25 151
25 153
25 155
25 158
25 161
25 166
25 173
25 174
25 177
25 179
26 3
26 5
26 6
26 8
26 9
26 12
26 13
26 15
26 18
26 26
26 30
26 38
26 42
26 45
26 54
26 56
26 60
26 61
26 64
26 66
26 67
26 75
26 77
26 79
26 80
26 81
26 88
26 90
26 91
26 95
26 97
26 104
26 105
26 106
26 110
26 111
26 113
26 115
26 117
26 119
26 124
26 127
26 129
26 132
26 133
26 134
26 135
26 137
26 139
26 140
26 141
26 144
26 148
26 151
26 152
26 155
26 165
26 169
26 170
26 177
26 178
27 1
27 3
27 5
27 6
27 7
27 9
27 13
27 15
27 17
27 18
27 20
27 21
27 22
27 23
27 24
27 25
27 30
27 32
27 35
27 40
27 41
27 42
27 45
27 49
27 50
27 52
27 53
27 56
27 58
27 59
27 60
27 69
27 72
27 74
27 75
27 77
27 78
27 80
27 81
27 82
27 83
27 84
27 87
27 89
27 92
27 93
27 94
27 95
27 99
27 101
27 103
27 104
27 105
27 106
27 108
27 115
27 116
27 118
27 119
27 120
27 121
27 122
27 123
27 125
27 127
27 129
27 130
27 132
27 134
27 135
27 138
27 143
27 144
27 145
27 147
27 151
27 153
27 162
27 163
27 164
27 165
27 168
27 171
27 173
27 175
27 177
27 178
28 6
28 7
28 9
28 10
28 11
28 12
28 13
28 15
28 17
28 18
28 19
28 20
28 24
28 29
28 33
28 35
28 38
28 39
28 41
28 43
28 46
28 48
28 49
28 50
28 52
28 53
28 55
28 58
28 62
28 63
28 64
28 65
28 66
28 68
28 70
28 71
28 72
28 74
28 82
28 83
28 85
28 86
28 87
28 89
28 90
28 91
28 92
28 94
28 95
28 96
28 99
28 100
28 103
28 104
28 105
28 106
28 110
28 125
28 127
28 128
28 129
28 131
28 132
28 133
28 135
28 137
28 140
28 141
28 144
28 145
28 147
28 148
28 150
28 151
28 154
28 155
28 163
28 166
28 173
28 178
29 0
29 2
29 5
29 9
29 11
29 13
29 14
29 15
29 16
29 17
29 19
29 21
29 22
29 24
29 29
29 32
29 33
29 37
29 38
29 41
29 44
29 48
29 51
29 52
29 56
29 58
29 60
29 61
29 64
29 68
29 69
29 70
29 76
29 80
29 82
29 83
29 85
29 86
29 87
29 89
29 91
29 94
29 95
29 99
29 102
29 103
29 105
29 106
29 107
29 108
29 109
29 111
29 112
29 114
29 115
29 121
29 123
29 125
29 128
29 129
29 135
29 136
29 139
29 144
29 146
29 148
29 152
29 153
29 156
29 157
29 160
29 164
29 166
29 169
29 170
29 172
29 177
29 178
29 179
30 7
30 9
30 10
30 15
30 17
30 18
30 23
30 30
30 31
30 32
30 41
30 42
30 43
30 49
30 50
30 51
30 53
30 57
30 58
30 59
30 62
30 63
30 66
30 68
30 69
30 72
30 76
30 77
30 79
30 81
30 84
30 89
30 90
30 93
30 94
30 97
30 98
30 101
30 104
30 110
30 113
30 115
30 116
30 119
30 121
30 124
30 126
30 128
30 131
30 134
30 135
30 137
30 138
30 140
30 141
30 142
30 145
30 147
30 150
30 152
30 154
30 155
30 163
30 164
30 167
30 168
30 171
30 173
30 178
30 179
31 0
31 2
31 3
31 4
31 5
31 8
31 11
31 15
31 16
31 18
31 19
31 23
31 25
31 26
31 27
31 28
31 29
31 31
31 32
31 33
31 35
31 37
31 38
31 39
31 41
31 44
31 46
31 49
31 51
31 52
31 53
31 56
31 66
31 68
31 69
31 71
31 72
31 74
31 75
31 82
31 83
31 84
31 86
31 87
31 89
31 90
31 91
31 97
31 100
31 103
31 105
31 107
31 111
31 114
31 116
31 117
31 124
31 128
31 129
31 136
31 137
31 138
31 140
31 143
31 146
31 154
31 156
31 158
31 165
31 168
31 169
31 171
31 173
31 179
32 4
32 6
32 8
32 11
32 15
32 16
32 17
32 18
32 21
32 22
32 23
32 25
32 27
32 38
32 39
32 41
32 42
32 46
32 48
32 49
32 54
32 56
32 61
32 64
32 65
32 68
32 69
32 70
32 74
32 80
32 82
32 86
32 92
32 93
32 98
32 99
32 100
32 101
32 103
32 107
32 115
32 119
32 121
32 123
32 124
32 125
32 129
32 133
32 134
32 135
32 136
32 137
32 139
32 141
32 142
32 143
32 147
32 152
32 153
32 154
32 158
32 160
32 161
32 162
32 164
32 169
32 171
32 172
32 173
32 174
32 175
32 176
32 178
32 179
33 1
33 4
33 6
33 9
33 11
33 12
33 14
33 15
33 16
33 20
33 21
33 22
33 27
33 32
33 33
33 34
33 35
33 36
33 37
33 38
33 41
33 45
33 60
33 61
33 62
33 66
33 69
33 72
33 73
33 76
33 81
33 83
33 84
33 87
33 89
33 94
33 95
33 97
33 102
33 103
33 104
33 106
33 107
33 108
33 109
33 110
33 111
33 116
33 118
33 124
33 125
33 130
33 132
33 133
33 137
33 138
33 139
33 141
33 146
33 148
33 149
33 154
33 156
33 158
33 166
33 167
33 170
33 175
33 177
33 178
33 179
34 1
34 2
34 9
34 12
34 24
34 28
34 30
34 31
34 36
34 37
34 39
34 40
34 43
34 45
34 47
34 51
34 53
34 56
34 60
34 61
34 65
34 70
34 72
34 74
34 75
34 81
34 88
34 90
34 93
34 94
34 104
34 105
34 110
34 111
34 114
34 115
34 117
34 119
34 120
34 122
34 123
34 124
34 128
34 129
34 130
34 131
34 132
34 134
34 135
34 138
34 140
34 141
34 144
34 145
34 148
34 153
34 155
34 164
34 165
34 171
34 172
34 175
34 179
35 0
35 3
35 8
35 13
35 14
35 18
35 24
35 28
35 29
35 30
35 32
35 33
35 36
35 37
35 38
35 40
35 41
35 44
35 45
35 47
35 48
35 49
35 52
35 54
35 55
35 59
35 60
35 61
35 62
35 63
35 71
35 74
35 75
35 77
35 81
35 82
35 85
35 87
35 89
35 90
35 94
35 98
35 103
35 105
35 107
35 113
35 115
35 117
35 119
35 124
35 125
35 126
35 127
35 128
35 131
35 132
35 133
35 134
35 138
35 140
35 141
35 144
35 146
35 147
35 149
35 151
35 153
35 157
35 159
35 160
35 168
35 173
35 174
35 176
35 178
36 3
36 4
36 5
36 7
36 14
36 19
36 20
36 25
36 28
36 29
36 30
36 31
36 32
36 40
36 42
36 43
36 45
36 46
36 49
36 50
36 52
36 57
36 59
36 62
36 64
36 68
36 69
36 74
36 78
36 83
36 88
36 91
36 101
36 103
36 106
36 108
36 111
36 119
36 120
36 121
36 123
36 132
36 133
36 137
36 139
36 140
36 141
36 142
36 143
36 144
36 156
36 157
36 162
36 169
36 171
36 177
36 178
37 1
37 4
37 7
37 10
37 12
37 18
37 23
37 27
37 28
37 30
37 37
37 38
37 42
37 48
37 54
37 56
37 63
37 64
37 68
37 70
37 71
37 75
37 78
37 81
37 82
37 84
37 86
37 92
37 102
37 105
37 106
37 107
37 109
37 112
37 113
37 114
37 117
37 119
37 122
37 123
37 124
37 125
37 127
37 132
37 133
37 134
37 140
37 142
37 144
37 145
37 146
37 148
37 149
37 151
37 154
37 155
37 156
37 158
37 159
37 160
37 161
37 164
37 167
37 170
37 173
37 174
37 175
37 177
37 179
38 0
38 4
38 6
38 7
38 9
38 12
38 13
38 15
38 19
38 21
38 24
38 25
38 26
38 27
38 32
38 33
38 34
38 37
38 38
38 39
38 41
38 42
38 48
38 50
38 59
38 61
38 62
38 64
38 67
38 68
38 71
38 74
38 75
38 76
38 78
38 82
38 85
38 90
38 91
38 92
38 98
38 99
38 101
38 104
38 106
38 107
38 116
38 119
38 121
38 122
38 123
38 125
38 127
38 130
38 131
38 135
38 136
38 137
38 138
38 139
38 140
38 141
38 146
38 147
38 152
38 154
38 155
38 156
38 161
38 164
38 165
38 167
38 168
38 169
38 170
38 173
38 174
38 177
38 178
38 179
39 1
39 3
39 7
39 9
39 13
39 14
39 16
39 18
39 19
39 21
39 22
39 25
39 29
39 30
39 31
39 36
39 38
39 39
39 47
39 48
39 50
39 51
39 52
39 53
39 63
39 65
39 67
39 70
39 71
39 72
39 73
39 75
39 76
39 84
39 86
39 87
39 90
39 93
39 95
39 99
39 100
39 103
39 104
39 107
39 108
39 111
39 114
39 115
39 116
39 118
39 119
39 120
39 121
39 123
39 124
39 125
39 128
39 129
39 132
39 135
39 136
39 138
39 140
39 144
39 146
39 149
39 152
39 154
39 155
39 157
39 160
39 161
39 163
39 167
39 168
39 171
39 174
39 175
39 176
39 178
40 0
40 1
40 4
40 5
40 7
40 9
40 11
40 14
40 17
40 18
40 23
40 24
40 25
40 28
40 29
40 34
40 35
40 36
40 39
40 40
40 41
40 42
40 43
40 45
40 46
40 48
40 50
40 52
40 53
40 55
40 56
40 57
40 60
40 63
40 65
40 69
40 71
40 72
40 74
40 76
40 80
40 82
40 86
40 87
40 90
40 91
40 92
40 93
40 96
40 98
40 99
40 100
40 102
40 103
40 104
40 108
40 110
40 111
40 112
40 114
40 120
40 121
40 124
40 131
40 136
40 138
40 139
40 141
40 142
40 145
40 147
40 149
40 152
40 158
40 159
40 162
40 165
40 166
40 167
40 169
40 170
40 171
40 176
40 178
41 0
41 2
41 5
41 10
41 11
41 12
41 19
41 21
41 22
41 26
41 27
41 28
41 32
41 35
41 39
41 43
41 45
41 46
41 47
41 48
41 49
41 52
41 53
41 55
41 56
41 57
41 61
41 63
41 68
41 71
41 74
41 75
41 77
41 78
41 82
41 85
41 86
41 91
41 94
41 95
41 97
41 99
41 100
41 102
41 104
41 106
41 108
41 110
41 111
41 114
41 117
41 119
41 120
41 123
41 124
41 127
41 128
41 129
41 133
41 134
41 138
41 141
41 154
41 159
41 161
41 165
41 167
41 170
41 173
41 175
41 176
41 179
42 0
42 3
42 4
42 5
42 6
42 7
42 9
42 11
42 12
42 14
42 15
42 17
42 19
42 20
42 21
42 22
42 26
42 27
42 28
42 29
42 30
42 38
42 42
42 43
42 44
42 45
42 48
42 54
42 56
42 67
42 68
42 72
42 73
42 77
42 80
42 85
42 86
42 88
42 91
42 102
42 103
42 104
42 105
42 106
42 108
42 109
42 110
42 111
42 112
42 113
42 114
42 116
42 117
42 120
42 124
42 130
42 131
42 133
42 134
42 137
42 138
42 144
42 145
42 146
42 150
42 156
42 163
42 165
42 168
42 170
42 172
42 173
42 174
42 175
42 177
42 178
43 0
43 1
43 2
43 3
43 7
43 10
43 11
43 13
43 15
43 16
43 17
43 24
43 25
43 29
43 31
43 32
43 34
43 37
43 42
43 44
43 46
43 47
43 48
43 51
43 53
43 56
43 57
43 58
43 60
43 61
43 62
43 73
43 79
43 82
43 85
43 88
43 89
43 90
43 91
43 93
43 94
43 95
43 96
43 97
43 98
43 99
43 104
43 106
43 107
43 110
43 111
43 113
43 114
43 117
43 118
43 124
43 126
43 128
43 129
43 132
43 133
43 135
43 136
43 137
43 139
43 143
43 144
43 149
43 150
43 153
43 154
43 157
43 158
43 160
43 162
43 165
43 168
43 169
43 170
43 172
43 176
44 1
44 3
44 6
44 7
44 8
44 10
44 17
44 18
44 19
44 20
44 24
44 29
44 30
44 35
44 41
44 44
44 46
44 48
44 49
44 51
44 56
44 60
44 61
44 62
44 63
44 65
44 66
44 69
44 70
44 71
44 72
44 76
44 78
44 79
44 85
44 86
44 87
44 88
44 90
44 93
44 96
44 97
44 99
44 100
44 101
44 102
44 104
44 105
44 106
44 109
44 113
44 114
44 118
44 119
44 124
44 126
44 127
44 129
44 132
44 133
44 145
44 148
44 149
44 150
44 151
44 157
44 159
44 162
44 163
44 164
44 165
44 168
44 172
44 173
44 179
45 0
45 2
45 6
45 8
45 9
45 12
45 14
45 15
45 17
45 19
45 20
45 21
45 24
45 25
45 35
45 36
45 39
45 42
45 43
45 50
45 51
45 52
45 55
45 56
45 58
45 61
45 62
45 63
45 64
45 67
45 68
45 71
45 73
45 75
45 78
45 79
45 81
45 83
45 86
45 88
45 89
45 93
45 95
45 96
45 97
45 98
45 100
45 104
45 105
45 106
45 107
45 109
45 115
45 117
45 119
45 120
45 124
45 128
45 133
45 137
45 139
45 143
45 146
45 147
45 148
45 150
45 152
45 153
45 156
45 158
45 167
45 169
45 170
45 172
45 177
46 0
46 1
46 3
46 5
46 7
46 10
46 12
46 17
46 19
46 22
46 25
46 36
46 38
46 43
46 45
46 50
46 51
46 52
46 58
46 59
46 62
46 64
46 65
46 68
46 69
46 71
46 72
46 74
46 80
46 81
46 82
46 83
46 84
46 86
46 88
46 89
46 94
46 95
46 96
46 97
46 101
46 103
46 105
46 108
46 110
46 113
46 116
46 117
46 118
46 121
46 122
46 124
46 125
46 128
46 136
46 140
46 142
46 147
46 148
46 150
46 153
46 159
46 160
46 161
46 168
46 169
46 170
46 175
46 176
46 179
47 1
47 4
47 5
47 8
47 11
47 12
47 13
47 17
47 20
47 24
47 26
47 27
47 31
47 32
47 33
47 36
47 38
47 40
47 44
47 46
47 49
47 50
47 55
47 57
47 58
47 62
47 69
47 71
47 79
47 85
47 87
47 89
47 90
47 93
47 96
47 98
47 101
47 104
47 109
47 110
47 111
47 120
47 123
47 125
47 127
47 128
47 129
47 132
47 136
47 139
47 140
47 147
47 150
47 153
47 154
47 156
47 157
47 158
47 159
47 162
47 164
47 165
47 166
47 167
47 170
47 172
47 179
48 1
48 2
48 6
48 8
48 10
48 11
48 12
48 15
48 22
48 24
48 25
48 29
48 30
48 33
48 34
48 35
48 42
48 43
48 46
48 47
48 48
48 49
48 51
48 53
48 56
48 59
48 60
48 63
48 64
48 66
48 67
48 73
48 75
48 78
48 85
48 87
48 88
48 89
48 91
48 94
48 96
48 97
48 99
48 101
48 106
48 108
48 113
48 114
48 115
48 116
48 118
48 120
48 123
48 124
48 132
48 134
48 135
48 138
48 139
48 141
48 143
48 147
48 151
48 153
48 157
48 160
48 161
48 162
48 163
48 165
48 166
48 170
48 171
48 174
48 176
48 177
48 179
49 1
49 2
49 6
49 14
49 22
49 23
49 25
49 26
49 27
49 28
49 32
49 34
49 35
49 37
49 39
49 40
49 41
49 43
49 45
49 46
49 47
49 48
49 49
49 53
49 55
49 56
49 60
49 61
49 62
49 66
49 68
49 71
49 73
49 78
49 79
49 80
49 81
49 82
49 85
49 86
49 88
49 97
49 99
49 100
49 107
49 108
49 109
49 110
49 120
49 123
49 124
49 130
49 133
49 135
49 136
49 137
49 142
49 145
49 146
49 147
49 148
49 149
49 151
49 163
49 165
49 171
49 172
49 174
49 177
49 178
49 179
50 0
50 2
50 4
50 5
50 7
50 13
50 14
50 17
50 21
50 23
50 28
50 30
50 34
50 38
50 39
50 44
50 49
50 50
50 51
50 53
50 54
50 55
50 56
50 59
50 64
50 65
50 74
50 79
50 81
50 82
50 83
50 86
50 90
50 91
50 92
50 94
50 96
50 99
50 100
50 102
50 103
50 104
50 105
50 107
50 110
50 112
50 113
50 114
50 121
50 122
50 123
50 124
50 127
50 128
50 130
50 131
50 135
50 137
50 141
50 143
50 144
50 145
50 146
50 147
50 148
50 149
50 150
50 153
50 156
50 159
50 160
50 162
50 167
50 176
50 179
51 0
51 1
51 3
51 5
51 6
51 7
51 8
51 10
51 12
51 13
51 15
51 16
51 22
51 23
51 25
51 29
51 33
51 35
51 36
51 38
51 39
51 45
51 47
51 50
51 53
51 54
51 56
51 58
51 63
51 65
51 66
51 67
51 68
51 69
51 71
51 76
51 77
51 78
51 81
51 84
51 86
51 90
51 96
51 97
51 98
51 100
51 101
51 104
51 105
51 106
51 113
51 114
51 116
51 117
51 123
51 125
51 127
51 128
51 130
51 131
51 132
51 139
51 140
51 143
51 144
51 150
51 153
51 154
51 155
51 156
51 158
51 162
51 164
51 165
51 167
51 168
51 173
51 175
51 176
51 177
51 178
52 0
52 6
52 9
52 10
52 13
52 17
52 18
52 20
52 21
52 24
52 27
52 28
52 30
52 33
52 39
52 42
52 43
52 49
52 50
52 59
52 60
52 64
52 69
52 73
52 74
52 75
52 78
52 80
52 81
52 83
52 88
52 93
52 97
52 100
52 101
52 103
52 105
52 113
52 116
52 117
52 118
52 126
52 127
52 128
52 130
52 131
52 132
52 133
52 137
52 139
52 141
52 146
52 147
52 148
52 149
52 150
52 152
52 153
52 154
52 155
52 156
52 162
52 167
52 172
52 174
52 176
53 0
53 2
53 4
53 8
53 10
53 14
53 15
53 18
53 21
53 22
53 26
53 27
53 28
53 30
53 31
53 34
53 37
53 40
53 41
53 42
53 44
53 45
53 47
53 49
53 51
53 53
53 56
53 58
53 59
53 62
53 67
53 68
53 73
53 77
53 78
53 82
53 85
53 90
53 91
53 92
53 93
53 94
53 96
53 98
53 99
53 100
53 101
53 106
53 107
53 110
53 112
53 115
53 116
53 117
53 122
53 126
53 129
53 133
53 137
53 141
53 142
53 143
53 144
53 145
53 148
53 152
53 153
53 154
53 156
53 160
53 165
53 169
53 172
53 174
53 175
53 176
53 177
54 1
54 2
54 3
54 5
54 6
54 8
54 9
54 11
54 14
54 15
54 23
54 26
54 30
54 33
54 36
54 39
54 40
54 41
54 48
54 49
54 50
54 51
54 54
54 55
54 56
54 60
54 62
54 63
54 68
54 69
54 73
54 74
54 75
54 76
54 79
54 81
54 83
54 85
54 87
54 88
54 90
54 94
54 101
54 102
54 103
54 104
54 108
54 112
54 114
54 124
54 126
54 128
54 129
54 136
54 137
54 138
54 139
54 140
54 142
54 143
54 145
54 146
54 147
54 149
54 150
54 152
54 156
54 158
54 160
54 161
54 162
54 164
54 165
54 166
54 167
54 168
54 169
54 170
54 177
55 0
55 1
55 2
55 3
55 4
55 6
55 9
55 10
55 11
55 12
55 14
55 19
55 21
55 22
55 23
55 29
55 30
55 32
55 35
55 39
55 40
55 47
55 48
55 53
55 54
55 60
55 65
55 66
55 73
55 74
55 75
55 77
55 79
55 82
55 83
55 84
55 86
55 88
55 91
55 93
55 97
55 98
55 100
55 102
55 105
55 108
55 109
55 110
55 115
55 117
55 120
55 121
55 122
55 125
55 126
55 132
55 133
55 137
55 138
55 139
55 142
55 147
55 149
55 150
55 154
55 156
55 157
55 163
55 164
55 165
55 166
55 167
55 169
55 171
55 173
55 174
55 175
55 176
55 178
55 179
56 2
56 3
56 7
56 13
56 14
56 16
56 18
56 19
56 23
56 24
56 25
56 26
56 34
56 35
56 36
56 43
56 47
56 50
56 51
56 53
56 54
56 55
56 56
56 58
56 59
56 61
56 62
56 68
56 74
56 81
56 82
56 89
56 96
56 97
56 99
56 105
56 107
56 112
56 114
56 115
56 118
56 120
56 124
56 126
56 128
56 132
56 133
56 142
56 151
56 155
56 159
56 167
56 170
56 171
56 174
56 176
56 177
56 179
57 1
57 2
57 3
57 6
57 8
57 9
57 10
57 14
57 15
57 16
57 19
57 20
57 21
57 22
57 26
57 28
57 29
57 31
57 33
57 40
57 43
57 44
57 45
57 48
57 49
57 50
57 54
57 56
57 57
57 59
57 62
57 77
57 79
57 80
57 83
57 84
57 85
57 86
57 87
57 88
57 90
57 92
57 95
57 98
57 100
57 102
57 105
57 108
57 111
57 114
57 116
57 120
57 125
57 129
57 134
57 137
57 141
57 144
57 145
57 148
57 149
57 151
57 157
57 158
57 163
57 164
57 167
57 169
57 171
57 172
57 175
58 1
58 2
58 4
58 5
58 6
58 7
58 15
58 17
58 19
58 20
58 21
58 22
58 25
58 26
58 28
58 31
58 32
58 33
58 35
58 38
58 40
58 45
58 46
58 51
58 53
58 57
58 59
58 65
58 66
58 67
58 72
58 73
58 74
58 75
58 76
58 79
58 84
58 86
58 88
58 89
58 91
58 94
58 97
58 98
58 101
58 102
58 103
58 104
58 109
58 111
58 112
58 116
58 117
58 119
58 120
58 126
58 129
58 130
58 133
58 134
58 137
58 138
58 140
58 141
58 143
58 148
58 149
58 155
58 160
58 163
58 164
58 165
58 167
58 168
58 171
58 174
58 178
59 1
59 2
59 7
59 8
59 9
59 11
59 27
59 29
59 31
59 36
59 37
59 40
59 43
59 44
59 51
59 54
59 56
59 63
59 64
59 65
59 70
59 75
59 76
59 82
59 87
59 91
59 93
59 94
59 97
59 100
59 101
59 102
59 104
59 105
59 107
59 110
59 111
59 116
59 123
59 124
59 126
59 130
59 132
59 133
59 134
59 135
59 137
59 141
59 146
59 149
59 151
59 159
59 162
59 169
59 174
59 177
59 178
60 2
60 4
60 6
60 8
60 12
60 15
60 19
60 20
60 26
60 28
60 39
60 43
60 45
60 51
60 52
60 53
60 55
60 59
60 61
60 63
60 64
60 65
60 66
60 67
60 69
60 70
60 75
60 77
60 83
60 84
60 89
60 91
60 92
60 93
60 95
60 99
60 100
60 105
60 106
60 107
60 109
60 110
60 114
60 120
60 125
60 127
60 133
60 134
60 135
60 137
60 139
60 140
60 141
60 144
60 147
60 148
60 149
60 150
60 151
60 153
60 156
60 158
60 159
60 160
60 162
60 164
60 165
60 166
60 170
60 176
60 178
61 0
61 1
61 3
61 5
61 6
61 7
61 9
61 10
61 12
61 14
61 15
61 16
61 17
61 18
61 20
61 22
61 23
61 26
61 29
61 32
61 38
61 39
61 40
61 41
61 44
61 45
61 49
61 50
61 52
61 55
61 56
61 60
61 61
61 62
61 63
61 64
61 66
61 72
61 74
61 78
61 80
61 81
61 84
61 85
61 86
61 89
61 91
61 101
61 102
61 103
61 104
61 107
61 108
61 109
61 112
61 113
61 115
61 116
61 118
61 119
61 121
61 131
61 135
61 136
61 137
61 138
61 141
61 145
61 147
61 151
61 152
61 164
61 165
61 166
61 169
61 172
61 174
61 175
61 176
62 1
62 3
62 4
62 5
62 9
62 10
62 12
62 14
62 15
62 16
62 19
62 23
62 24
62 25
62 28
62 32
62 33
62 36
62 37
62 40
62 41
62 42
62 43
62 45
62 46
62 49
62 50
62 51
62 56
62 57
62 58
62 61
62 68
62 70
62 74
62 75
62 76
62 77
62 80
62 81
62 82
62 83
62 86
62 94
62 95
62 96
62 99
62 108
62 110
62 113
62 114
62 117
62 122
62 123
62 125
62 129
62 135
62 136
62 137
62 138
62 140
62 142
62 150
62 152
62 154
62 155
62 163
62 165
62 173
62 176
62 177
62 179
63 1
63 6
63 10
63 11
63 15
63 18
63 20
63 22
63 23
63 27
63 28
63 29
63 30
63 34
63 40
63 41
63 48
63 50
63 53
63 56
63 57
63 61
63 62
63 65
63 67
63 72
63 76
63 78
63 79
63 80
63 83
63 87
63 88
63 92
63 93
63 96
63 104
63 106
63 107
63 108
63 109
63 124
63 127
63 132
63 133
63 138
63 139
63 144
63 146
63 147
63 148
63 149
63 150
63 151
63 153
63 155
63 156
63 157
63 158
63 166
63 169
63 170
63 171
63 172
63 174
64 2
64 6
64 8
64 13
64 15
64 18
64 20
64 25
64 26
64 27
64 33
64 36
64 37
64 39
64 43
64 46
64 50
64 51
64 56
64 68
64 70
64 71
64 72
64 78
64 79
64 85
64 92
64 95
64 97
64 98
64 101
64 103
64 104
64 110
64 112
64 114
64 115
64 117
64 118
64 123
64 124
64 125
64 131
64 132
64 134
64 135
64 136
64 137
64 141
64 143
64 145
64 147
64 150
64 152
64 154
64 155
64 156
64 159
64 161
64 162
64 164
64 172
64 173
64 175
64 176
64 178
64 179
65 1
65 5
65 9
65 10
65 14
65 16
65 17
65 18
65 19
65 21
65 30
65 37
65 39
65 40
65 42
65 45
65 54
65 55
65 59
65 60
65 66
65 67
65 70
65 74
65 75
65 77
65 79
65 80
65 82
65 83
65 84
65 87
65 88
65 89
65 90
65 92
65 94
65 95
65 96
65 97
65 98
65 99
65 105
65 106
65 108
65 109
65 110
65 111
65 113
65 116
65 118
65 119
65 121
65 122
65 124
65 129
65 130
65 131
65 136
65 141
65 148
65 151
65 152
65 153
65 154
65 156
65 158
65 161
65 163
65 164
65 165
65 168
65 171
65 172
65 173
65 177
65 179
66 2
66 5
66 6
66 10
66 11
66 12
66 13
66 15
66 16
66 17
66 18
66 20
66 27
66 31
66 33
66 34
66 35
66 37
66 39
66 42
66 43
66 46
66 47
66 48
66 50
66 51
66 53
66 54
66 56
66 58
66 60
66 63
66 65
66 70
66 79
66 81
66 82
66 83
66 85
66 86
66 87
66 92
66 93
66 94
66 98
66 99
66 102
66 104
66 112
66 115
66 121
66 123
66 126
66 127
66 129
66 132
66 133
66 134
66 137
66 138
66 144
66 147
66 151
66 152
66 154
66 162
66 165
66 168
66 169
66 172
66 178
66 179
67 1
67 2
67 5
67 8
67 10
67 12
67 13
67 15
67 16
67 17
67 18
67 20
67 21
67 24
67 26
67 27
67 32
67 33
67 35
67 36
67 37
67 40
67 42
67 44
67 47
67 48
67 49
67 50
67 51
67 52
67 56
67 58
67 59
67 60
67 61
67 64
67 68
67 69
67 71
67 73
67 77
67 78
67 80
67 86
67 87
67 89
67 90
67 94
67 100
67 106
67 107
67 108
67 112
67 113
67 116
67 117
67 119
67 124
67 127
67 128
67 130
67 133
67 134
67 141
67 144
67 148
67 151
67 153
67 154
67 155
67 157
67 161
67 167
67 169
67 177
67 179
68 0
68 2
68 6
68 7
68 9
68 11
68 12
68 13
68 14
68 16
68 18
68 26
68 27
68 28
68 30
68 32
68 33
68 34
68 35
68 38
68 43
68 47
68 48
68 54
68 58
68 60
68 64
68 65
68 68
68 70
68 71
68 72
68 80
68 84
68 87
68 88
68 90
68 94
68 95
68 96
68 100
68 102
68 103
68 107
68 108
68 111
68 112
68 118
68 121
68 122
68 126
68 128
68 129
68 130
68 133
68 134
68 137
68 139
68 142
68 149
68 150
68 153
68 154
68 156
68 157
68 161
68 162
68 168
68 174
68 176
68 177
68 178
69 2
69 3
69 4
69 6
69 11
69 12
69 13
69 14
69 17
69 19
69 21
69 22
69 24
69 28
69 32
69 37
69 39
69 43
69 44
69 48
69 54
69 55
69 58
69 60
69 61
69 63
69 72
69 74
69 76
69 77
69 80
69 81
69 82
69 85
69 86
69 90
69 93
69 94
69 98
69 101
69 105
69 106
69 109
69 113
69 114
69 118
69 123
69 124
69 127
69 128
69 130
69 137
69 138
69 140
69 142
69 143
69 145
69 152
69 153
69 154
69 155
69 157
69 160
69 161
69 164
69 166
69 168
69 170
69 174
69 175
69 176
70 1
70 2
70 3
70 9
70 17
70 18
70 20
70 21
70 24
70 26
70 27
70 31
70 33
70 34
70 36
70 38
70 39
70 42
70 43
70 44
70 47
70 48
70 52
70 54
70 59
70 65
70 67
70 70
70 72
70 74
70 76
70 77
70 79
70 80
70 84
70 88
70 90
70 92
70 93
70 94
70 95
70 96
70 102
70 105
70 106
70 107
70 113
70 118
70 119
70 121
70 125
70 127
70 130
70 131
70 132
70 137
70 138
70 139
70 144
70 145
70 150
70 151
70 152
70 154
70 156
70 161
70 162
70 163
70 164
70 165
70 166
70 167
70 171
70 173
70 175
70 177
70 179
71 0
71 2
71 3
71 5
71 7
71 8
71 10
71 11
71 13
71 14
71 16
71 21
71 22
71 23
71 24
71 25
71 28
71 29
71 33
71 46
71 51
71 52
71 55
71 57
71 58
71 65
71 67
71 68
71 70
71 72
71 74
71 75
71 76
71 81
71 82
71 87
71 89
71 91
71 93
71 94
71 97
71 98
71 99
71 101
71 105
71 108
71 109
71 111
71 112
71 116
71 117
71 121
71 123
71 125
71 126
71 127
71 131
71 133
71 139
71 146
71 148
71 153
71 154
71 157
71 166
71 172
71 173
71 175
71 177
71 179
72 0
72 1
72 2
72 3
72 7
72 12
72 14
72 15
72 18
72 21
72 23
72 26
72 29
72 31
72 34
72 37
72 39
72 40
72 41
72 43
72 44
72 45
72 48
72 50
72 52
72 56
72 58
72 60
72 62
72 64
72 70
72 75
72 77
72 80
72 81
72 92
72 101
72 102
72 104
72 108
72 109
72 115
72 116
72 118
72 120
72 123
72 125
72 126
72 128
72 131
72 134
72 137
72 138
72 142
72 143
72 145
72 153
72 154
72 156
72 159
72 165
72 168
72 169
72 176
72 178
72 179
73 4
73 5
73 8
73 12
73 20
73 22
73 23
73 25
73 26
73 27
73 31
73 34
73 37
73 38
73 40
73 44
73 45
73 46
73 48
73 54
73 55
73 56
73 57
73 64
73 68
73 69
73 72
73 74
73 75
73 77
73 79
73 82
73 86
73 87
73 88
73 89
73 92
73 94
73 97
73 98
73 101
73 105
73 106
73 109
73 113
73 115
73 117
73 119
73 120
73 126
73 132
73 134
73 135
73 139
73 140
73 141
73 144
73 147
73 149
73 152
73 154
73 161
73 162
73 163
73 165
73 170
73 174
73 177
74 2
74 3
74 5
74 6
74 7
74 8
74 10
74 13
74 16
74 18
74 19
74 20
74 21
74 22
74 28
74 29
74 30
74 33
74 38
74 39
74 40
74 42
74 43
74 44
74 45
74 46
74 47
74 51
74 54
74 59
74 62
74 63
74 69
74 71
74 73
74 75
74 79
74 83
74 84
74 88
74 89
74 90
74 91
74 92
74 93
74 95
74 96
74 100
74 101
74 103
74 104
74 105
74 106
74 117
74 118
74 120
74 121
74 122
74 124
74 125
74 126
74 128
74 131
74 136
74 138
74 139
74 141
74 143
74 144
74 145
74 148
74 149
74 152
74 153
74 156
74 159
74 163
74 164
74 165
74 166
74 171
74 173
74 175
74 176
74 177
75 1
75 6
75 9
75 12
75 15
75 17
75 24
75 27
75 28
75 30
75 31
75 32
75 33
75 36
75 37
75 38
75 39
75 41
75 45
75 47
75 48
75 53
75 54
75 55
75 57
75 60
75 61
75 62
75 63
75 64
75 69
75 70
75 73
75 76
75 77
75 80
75 82
75 88
75 90
75 97
75 102
75 104
75 106
75 107
75 114
75 117
75 120
75 121
75 122
75 123
75 125
75 127
75 128
75 129
75 130
75 131
75 133
75 135
75 136
75 138
75 146
75 147
75 149
75 150
75 153
75 154
75 156
75 157
75 158
75 162
75 167
75 169
75 171
76 1
76 6
76 10
76 12
76 14
76 17
76 20
76 22
76 28
76 29
76 34
76 38
76 39
76 44
76 47
76 50
76 52
76 55
76 56
76 58
76 60
76 63
76 64
76 65
76 68
76 69
76 71
76 73
76 74
76 75
76 82
76 83
76 84
76 87
76 91
76 93
76 94
76 95
76 96
76 101
76 103
76 110
76 111
76 117
76 124
76 126
76 128
76 129
76 134
76 141
76 144
76 146
76 147
76 151
76 152
76 153
76 154
76 158
76 162
76 165
76 167
76 168
76 169
76 172
76 173
76 174
76 177
77 1
77 3
77 4
77 13
77 14
77 15
77 16
77 18
77 21
77 22
77 23
77 24
77 25
77 26
77 28
77 34
77 35
77 38
77 48
77 51
77 55
77 59
77 61
77 64
77 69
77 74
77 75
77 78
77 83
77 84
77 87
77 88
77 93
77 94
77 96
77 98
77 99
77 101
77 102
77 106
77 108
77 109
77 111
77 113
77 122
77 125
77 127
77 135
77 136
77 138
77 139
77 140
77 141
77 143
77 147
77 148
77 150
77 151
77 154
77 155
77 156
77 160
77 163
77 164
77 166
77 167
77 168
77 173
77 176
77 177
77 178
78 0
78 1
78 4
78 5
78 6
78 9
78 12
78 19
78 23
78 25
78 30
78 32
78 33
78 34
78 36
78 37
78 45
78 46
78 48
78 49
78 50
78 51
78 54
78 55
78 57
78 60
78 61
78 62
78 66
78 69
78 71
78 74
78 76
78 77
78 78
78 80
78 91
78 94
78 95
78 97
78 98
78 99
78 101
78 103
78 104
78 110
78 111
78 113
78 114
78 115
78 116
78 117
78 118
78 124
78 125
78 129
78 131
78 135
78 138
78 140
78 141
78 142
78 144
78 145
78 146
78 148
78 154
78 160
78 161
78 163
78 167
78 171
78 175
78 176
78 178
79 2
79 3
79 4
79 5
79 7
79 8
79 10
79 12
79 16
79 18
79 21
79 22
79 26
79 27
79 28
79 30
79 31
79 32
79 37
79 39
79 44
79 49
79 50
79 57
79 58
79 59
79 60
79 63
79 64
79 65
79 66
79 67
79 69
79 70
79 76
79 77
79 79
79 82
79 88
79 90
79 98
79 102
79 110
79 112
79 117
79 118
79 119
79 121
79 123
79 127
79 134
79 135
79 136
79 138
79 139
79 141
79 142
79 144
79 150
79 151
79 153
79 154
79 161
79 164
79 165
79 168
79 170
79 172
79 173
79 174
79 177
80 3
80 5
80 6
80 8
80 9
80 10
80 11
80 13
80 22
80 23
80 26
80 28
80 31
80 32
80 34
80 35
80 39
80 40
80 42
80 43
80 48
80 50
80 52
80 55
80 56
80 57
80 61
80 62
80 64
80 65
80 67
80 68
80 69
80 70
80 74
80 78
80 80
80 84
80 85
80 87
80 91
80 95
80 96
80 97
80 99
80 101
80 102
80 103
80 107
80 114
80 115
80 116
80 117
80 119
80 120
80 121
80 122
80 124
80 126
80 127
80 128
80 131
80 134
80 137
80 143
80 145
80 148
80 149
80 151
80 152
80 154
80 156
80 157
80 165
80 166
80 167
80 172
80 176
80 177
80 179
81 0
81 1
81 10
81 11
81 12
81 13
81 14
81 15
81 21
81 23
81 30
81 35
81 36
81 37
81 41
81 43
81 45
81 53
81 58
81 60
81 64
81 65
81 66
81 67
81 69
81 70
81 72
81 73
81 81
81 82
81 86
81 89
81 93
81 96
81 97
81 99
81 100
81 102
81 104
81 111
81 112
81 114
81 116
81 117
81 118
81 119
81 120
81 127
81 130
81 132
81 136
81 138
81 141
81 142
81 143
81 144
81 146
81 150
81 152
81 154
81 155
81 156
81 157
81 159
81 160
81 163
81 164
81 172
81 173
81 175
81 176
81 177
82 3
82 4
82 5
82 10
82 12
82 15
82 16
82 17
82 20
82 21
82 24
82 28
82 29
82 30
82 32
82 37
82 41
82 42
82 43
82 45
82 47
82 48
82 50
82 52
82 53
82 55
82 59
82 60
82 61
82 65
82 66
82 70
82 71
82 74
82 76
82 84
82 85
82 86
82 87
82 89
82 91
82 94
82 96
82 99
82 101
82 102
82 105
82 108
82 109
82 110
82 113
82 114
82 115
82 116
82 120
82 127
82 129
82 132
82 135
82 136
82 137
82 138
82 141
82 144
82 149
82 152
82 154
82 155
82 160
82 161
82 169
82 174
82 176
82 178
83 1
83 4
83 5
83 7
83 8
83 11
83 14
83 15
83 17
83 23
83 24
83 26
83 29
83 32
83 33
83 35
83 36
83 37
83 41
83 44
83 46
83 49
83 51
83 57
83 58
83 60
83 63
83 68
83 73
83 74
83 75
83 76
83 77
83 78
83 79
83 81
83 82
83 83
83 85
83 89
83 90
83 95
83 97
83 98
83 101
83 105
83 108
83 112
83 113
83 114
83 117
83 120
83 121
83 124
83 127
83 135
83 137
83 140
83 141
83 143
83 145
83 148
83 150
83 155
83 156
83 160
83 161
83 164
83 166
83 168
83 169
83 170
83 172
83 175
83 177
83 179
84 1
84 4
84 5
84 9
84 10
84 12
84 14
84 16
84 18
84 20
84 21
84 24
84 27
84 28
84 29
84 31
84 32
84 37
84 45
84 50
84 52
84 55
84 57
84 58
84 59
84 60
84 63
84 64
84 68
84 69
84 71
84 72
84 75
84 77
84 79
84 81
84 82
84 83
84 88
84 98
84 99
84 100
84 102
84 104
84 105
84 106
84 107
84 108
84 111
84 113
84 114
84 122
84 125
84 126
84 128
84 131
84 132
84 133
84 139
84 144
84 145
84 147
84 150
84 151
84 155
84 157
84 164
84 165
84 169
84 172
84 176
84 178
85 0
85 1
85 5
85 6
85 9
85 12
85 14
85 16
85 19
85 28
85 32
85 33
85 34
85 36
85 38
85 39
85 45
85 47
85 49
85 51
85 52
85 53
85 54
85 55
85 56
85 57
85 59
85 62
85 63
85 64
85 66
85 67
85 70
85 72
85 75
85 76
85 80
85 81
85 84
85 86
85 88
85 91
85 93
85 98
85 101
85 102
85 103
85 107
85 108
85 109
85 111
85 116
85 120
85 122
85 123
85 124
85 125
85 126
85 127
85 131
85 133
85 136
85 137
85 138
85 139
85 141
85 143
85 146
85 149
85 150
85 151
85 154
85 155
85 156
85 162
85 163
85 166
85 170
85 172
85 174
85 178
85 179
86 0
86 6
86 7
86 9
86 12
86 19
86 22
86 25
86 26
86 28
86 31
86 32
86 36
86 37
86 41
86 44
86 46
86 47
86 50
86 53
86 54
86 55
86 57
86 59
86 61
86 65
86 68
86 72
86 75
86 80
86 82
86 86
86 90
86 91
86 92
86 94
86 99
86 102
86 109
86 111
86 115
86 118
86 120
86 121
86 122
86 123
86 127
86 131
86 132
86 133
86 137
86 138
86 139
86 143
86 145
86 146
86 148
86 150
86 154
86 156
86 157
86 160
86 165
86 173
86 177
86 178
86 179
87 0
87 2
87 4
87 6
87 7
87 8
87 10
87 13
87 19
87 21
87 23
87 25
87 26
87 28
87 30
87 34
87 36
87 38
87 39
87 40
87 41
87 43
87 47
87 48
87 49
87 51
87 52
87 53
87 56
87 58
87 60
87 61
87 65
87 68
87 69
87 72
87 74
87 79
87 81
87 83
87 84
87 86
87 88
87 89
87 92
87 93
87 94
87 95
87 96
87 97
87 98
87 100
87 103
87 106
87 107
87 108
87 111
87 113
87 114
87 116
87 119
87 120
87 123
87 129
87 131
87 132
87 135
87 137
87 138
87 146
87 147
87 151
87 154
87 157
87 159
87 160
87 166
87 167
87 168
87 169
88 4
88 7
88 12
88 16
88 19
88 21
88 23
88 24
88 25
88 26
88 28
88 30
88 31
88 34
88 36
88 39
88 43
88 47
88 49
88 50
88 51
88 52
88 54
88 56
88 57
88 59
88 63
88 64
88 65
88 67
88 70
88 71
88 72
88 73
88 74
88 77
88 78
88 84
88 85
88 86
88 87
88 89
88 94
88 95
88 97
88 102
88 103
88 105
88 106
88 107
88 109
88 111
88 112
88 113
88 114
88 123
88 124
88 125
88 132
88 133
88 137
88 152
88 153
88 155
88 157
88 158
88 159
88 161
88 167
88 169
88 171
88 173
88 174
88 176
88 178
89 3
89 5
89 6
89 8
89 9
89 17
89 18
89 21
89 22
89 25
89 27
89 28
89 29
89 30
89 33
89 35
89 38
89 39
89 40
89 42
89 46
89 47
89 48
89 49
89 57
89 59
89 61
89 62
89 64
89 65
89 69
89 73
89 74
89 76
89 77
89 78
89 79
89 81
89 87
89 89
89 90
89 91
89 94
89 95
89 96
89 97
89 99
89 103
89 104
89 105
89 106
89 109
89 114
89 116
89 117
89 120
89 124
89 126
89 127
89 128
89 129
89 131
89 132
89 137
89 143
89 145
89 146
89 147
89 148
89 153
89 157
89 158
89 164
89 174
89 177
90 5
90 6
90 11
90 13
90 16
90 21
90 23
90 29
90 30
90 32
90 36
90 38
90 43
90 49
90 55
90 57
90 58
90 60
90 62
90 64
90 65
90 67
90 68
90 69
90 72
90 74
90 78
90 83
90 87
90 97
90 98
90 101
90 103
90 104
90 108
90 109
90 110
90 112
90 113
90 119
90 123
90 124
90 127
90 128
90 133
90 134
90 135
90 137
90 145
90 147
90 149
90 150
90 151
90 160
90 162
90 164
90 165
90 167
90 171
90 172
90 173
90 176
90 178
90 179
91 0
91 2
91 5
91 8
91 9
91 20
91 21
91 22
91 23
91 25
91 26
91 29
91 30
91 31
91 32
91 34
91 41
91 42
91 44
91 45
91 46
91 49
91 53
91 54
91 58
91 59
91 60
91 68
91 71
91 73
91 75
91 76
91 77
91 80
91 84
91 85
91 95
91 98
91 100
91 101
91 103
91 107
91 108
91 109
91 111
91 112
91 113
91 115
91 117
91 118
91 120
91 121
91 124
91 126
91 129
91 130
91 132
91 133
91 137
91 140
91 149
91 150
91 153
91 156
91 157
91 158
91 162
91 164
91 165
91 166
91 169
91 170
91 171
91 172
91 174
92 0
92 1
92 2
92 3
92 6
92 13
92 14
92 16
92 18
92 20
92 23
92 28
92 32
92 33
92 34
92 40
92 42
92 45
92 46
92 47
92 51
92 54
92 55
92 57
92 58
92 59
92 62
92 63
92 64
92 65
92 68
92 71
92 72
92 73
92 74
92 75
92 77
92 80
92 81
92 82
92 84
92 85
92 86
92 87
92 88
92 94
92 102
92 104
92 107
92 108
92 109
92 110
92 113
92 114
92 117
92 118
92 119
92 120
92 122
92 125
92 128
92 129
92 132
92 136
92 138
92 141
92 143
92 146
92 147
92 148
92 151
92 152
92 153
92 157
92 158
92 161
92 162
92 167
92 175
93 0
93 2
93 3
93 4
93 5
93 10
93 14
93 19
93 23
93 25
93 27
93 30
93 31
93 38
93 39
93 40
93 43
93 46
93 47
93 49
93 50
93 51
93 52
93 53
93 56
93 61
93 62
93 70
93 75
93 79
93 80
93 85
93 86
93 95
93 100
93 102
93 103
93 104
93 105
93 106
93 108
93 111
93 112
93 114
93 116
93 117
93 120
93 123
93 129
93 130
93 132
93 135
93 139
93 141
93 142
93 151
93 152
93 155
93 157
93 158
93 161
93 164
93 168
93 170
93 172
93 174
93 177
94 1
94 2
94 5
94 11
94 12
94 14
94 15
94 16
94 20
94 21
94 22
94 24
94 27
94 28
94 29
94 30
94 31
94 33
94 35
94 38
94 42
94 44
94 48
94 50
94 52
94 53
94 54
94 57
94 58
94 59
94 60
94 61
94 62
94 63
94 64
94 68
94 73
94 75
94 76
94 78
94 81
94 82
94 85
94 86
94 91
94 95
94 98
94 102
94 106
94 107
94 112
94 113
94 117
94 125
94 126
94 128
94 129
94 130
94 131
94 138
94 146
94 148
94 149
94 150
94 152
94 153
94 157
94 159
94 164
94 168
94 172
94 173
94 177
95 0
95 1
95 6
95 7
95 8
95 9
95 22
95 23
95 24
95 26
95 30
95 31
95 36
95 40
95 41
95 43
95 44
95 45
95 48
95 49
95 51
95 53
95 61
95 65
95 68
95 71
95 74
95 81
95 82
95 83
95 87
95 92
95 93
95 95
95 98
95 103
95 113
95 117
95 118
95 120
95 121
95 125
95 128
95 130
95 133
95 135
95 136
95 137
95 138
95 140
95 142
95 144
95 148
95 150
95 153
95 159
95 162
95 164
95 165
95 166
95 167
95 168
95 169
95 170
95 171
95 172
95 173
95 174
95 176
95 177
96 5
96 6
96 8
96 11
96 13
96 16
96 18
96 21
96 22
96 26
96 28
96 29
96 31
96 32
96 34
96 37
96 42
96 44
96 45
96 47
96 50
96 54
96 55
96 61
96 63
96 65
96 67
96 68
96 72
96 74
96 75
96 77
96 79
96 83
96 84
96 85
96 87
96 94
96 95
96 98
96 104
96 109
96 112
96 113
96 116
96 117
96 118
96 128
96 129
96 130
96 133
96 134
96 139
96 146
96 147
96 149
96 151
96 156
96 157
96 158
96 159
96 160
96 161
96 162
96 166
96 170
96 171
96 174
96 175
96 176
97 0
97 1
97 2
97 4
97 6
97 15
97 17
97 21
97 22
97 31
97 35
97 38
97 39
97 40
97 42
97 45
97 47
97 49
97 50
97 52
97 54
97 56
97 58
97 59
97 61
97 62
97 66
97 67
97 75
97 78
97 79
97 82
97 88
97 89
97 94
97 97
97 98
97 104
97 105
97 106
97 111
97 114
97 115
97 116
97 121
97 122
97 123
97 128
97 130
97 131
97 132
97 133
97 135
97 137
97 138
97 139
97 142
97 146
97 149
97 151
97 152
97 154
97 155
97 161
97 164
97 166
97 170
97 171
97 174
97 176
97 179
98 0
98 4
98 7
98 8
98 12
98 14
98 15
98 24
98 25
98 26
98 27
98 28
98 33
98 34
98 38
98 39
98 40
98 43
98 44
98 46
98 53
98 56
98 59
98 60
98 63
98 68
98 72
98 73
98 77
98 86
98 95
98 97
98 102
98 106
98 108
98 112
98 113
98 117
98 120
98 125
98 126
98 128
98 131
98 132
98 141
98 143
98 144
98 147
98 148
98 155
98 156
98 161
98 162
98 167
98 168
98 169
98 173
98 174
99 0
99 1
99 7
99 9
99 10
99 11
99 13
99 14
99 21
99 24
99 26
99 28
99 30
99 35
99 37
99 39
99 40
99 42
99 44
99 45
99 48
99 49
99 51
99 52
99 54
99 56
99 57
99 61
99 63
99 73
99 76
99 79
99 80
99 82
99 83
99 86
99 89
99 90
99 98
99 99
99 103
99 109
99 114
99 115
99 117
99 121
99 123
99 124
99 126
99 127
99 129
99 130
99 131
99 133
99 134
99 135
99 136
99 141
99 142
99 145
99 147
99 149
99 152
99 153
99 154
99 155
99 157
99 163
99 167
99 169
99 170
99 171
99 176
100 0
100 1
100 2
100 3
100 4
100 6
100 8
100 10
100 13
100 14
100 15
100 16
100 17
100 19
100 20
100 24
100 33
100 38
100 39
100 43
100 46
100 47
100 51
100 53
100 54
100 57
100 58
100 59
100 66
100 68
100 71
100 73
100 75
100 77
100 78
100 80
100 82
100 85
100 87
100 89
100 91
100 92
100 93
100 98
100 99
100 101
100 102
100 103
100 104
100 105
100 106
100 111
100 112
100 113
100 114
100 116
100 117
100 118
100 121
100 124
100 127
100 134
100 137
100 139
100 143
100 145
100 146
100 147
100 148
100 150
100 155
100 156
100 159
100 162
100 168
100 171
100 172
100 175
100 177
100 178
101 3
101 4
101 10
101 11
101 16
101 22
101 23
101 24
101 31
101 33
101 41
101 43
101 44
101 45
101 50
101 52
101 55
101 60
101 62
101 65
101 67
101 68
101 69
101 70
101 73
101 75
101 76
101 84
101 86
101 89
101 90
101 95
101 97
101 98
101 99
101 100
101 101
101 102
101 104
101 105
101 107
101 108
101 113
101 116
101 119
101 121
101 122
101 124
101 128
101 130
101 131
101 132
101 133
101 138
101 139
101 143
101 145
101 147
101 151
101 152
101 153
101 156
101 157
101 161
101 162
101 164
101 165
101 171
101 173
101 179
102 2
102 6
102 10
102 12
102 15
102 16
102 17
102 20
102 22
102 26
102 27
102 28
102 29
102 32
102 33
102 34
102 35
102 36
102 42
102 45
102 47
102 51
102 52
102 54
102 56
102 57
102 60
102 62
102 65
102 66
102 69
102 71
102 74
102 76
102 78
102 80
102 83
102 87
102 88
102 90
102 91
102 92
102 93
102 97
102 99
102 102
102 103
102 104
102 105
102 106
102 110
102 112
102 120
102 121
102 122
102 124
102 127
102 132
102 134
102 138
102 141
102 142
102 143
102 144
102 146
102 149
102 151
102 155
102 161
102 162
102 165
102 166
102 168
102 170
102 171
102 173
102 178
103 0
103 5
103 7
103 9
103 12
103 13
103 14
103 15
103 18
103 20
103 22
103 24
103 26
103 27
103 28
103 29
103 30
103 41
103 47
103 48
103 53
103 54
103 55
103 56
103 57
103 58
103 59
103 62
103 66
103 67
103 72
103 73
103 74
103 76
103 82
103 83
103 84
103 86
103 87
103 88
103 91
103 95
103 102
103 107
103 108
103 110
103 111
103 112
103 113
103 117
103 120
103 125
103 127
103 128
103 134
103 135
103 137
103 138
103 140
103 146
103 149
103 153
103 157
103 159
103 164
103 174
103 175
103 176
103 179
104 0
104 2
104 7
104 9
104 10
104 14
104 19
104 20
104 22
104 26
104 28
104 30
104 32
104 33
104 39
104 41
104 42
104 44
104 45
104 46
104 50
104 51
104 52
104 55
104 56
104 57
104 58
104 59
104 60
104 67
104 68
104 70
104 71
104 72
104 76
104 77
104 81
104 84
104 85
104 87
104 89
104 90
104 91
104 95
104 98
104 100
104 101
104 103
104 107
104 108
104 111
104 113
104 114
104 116
104 117
104 121
104 123
104 124
104 125
104 128
104 131
104 135
104 137
104 140
104 144
104 146
104 147
104 149
104 150
104 153
104 156
104 159
104 160
104 162
104 166
104 169
104 175
104 176
105 3
105 4
105 7
105 9
105 11
105 14
105 15
105 16
105 20
105 21
105 23
105 24
105 28
105 30
105 32
105 38
105 44
105 46
105 49
105 52
105 53
105 55
105 56
105 57
105 58
105 66
105 67
105 70
105 75
105 76
105 81
105 82
105 83
105 84
105 85
105 86
105 88
105 96
105 99
105 100
105 101
105 102
105 103
105 105
105 108
105 109
105 112
105 113
105 118
105 123
105 126
105 130
105 132
105 136
105 137
105 139
105 143
105 144
105 145
105 147
105 148
105 156
105 157
105 159
105 167
105 170
105 178
106 1
106 2
106 4
106 6
106 7
106 8
106 11
106 16
106 18
106 25
106 28
106 29
106 31
106 39
106 43
106 45
106 49
106 53
106 54
106 56
106 57
106 58
106 60
106 61
106 66
106 68
106 69
106 72
106 76
106 81
106 82
106 83
106 85
106 86
106 89
106 91
106 96
106 97
106 100
106 101
106 102
106 106
106 109
106 110
106 117
106 118
106 119
106 129
106 132
106 135
106 136
106 142
106 143
106 144
106 145
106 153
106 156
106 157
106 158
106 160
106 161
106 165
106 167
106 168
106 169
106 170
106 173
106 175
106 178
107 6
107 11
107 18
107 25
107 26
107 27
107 29
107 30
107 32
107 33
107 38
107 41
107 42
107 45
107 46
107 47
107 52
107 53
107 57
107 59
107 61
107 68
107 71
107 73
107 76
107 78
107 79
107 83
107 84
107 87
107 88
107 89
107 90
107 96
107 97
107 106
107 110
107 111
107 112
107 113
107 115
107 116
107 121
107 123
107 124
107 125
107 127
107 129
107 130
107 131
107 136
107 137
107 141
107 142
107 143
107 147
107 150
107 151
107 156
107 159
107 162
107 166
107 168
107 169
107 170
107 171
107 173
107 176
108 0
108 10
108 18
108 21
108 22
108 27
108 29
108 30
108 32
108 35
108 37
108 41
108 43
108 45
108 46
108 48
108 50
108 51
108 58
108 59
108 60
108 64
108 67
108 68
108 69
108 72
108 73
108 80
108 84
108 85
108 87
108 95
108 97
108 102
108 105
108 108
108 114
108 115
108 116
108 117
108 118
108 119
108 121
108 122
108 125
108 128
108 129
108 135
108 137
108 138
108 139
108 140
108 145
108 146
108 148
108 150
108 152
108 153
108 157
108 161
108 162
108 165
108 166
108 167
108 173
108 174
108 177
108 179
109 0
109 3
109 6
109 8
109 9
109 16
109 17
109 20
109 21
109 23
109 25
109 28
109 29
109 43
109 45
109 46
109 52
109 53
109 57
109 59
109 60
109 62
109 64
109 66
109 67
109 70
109 74
109 75
109 81
109 84
109 88
109 89
109 90
109 91
109 92
109 93
109 95
109 99
109 101
109 103
109 105
109 110
109 112
109 120
109 121
109 122
109 128
109 129
109 133
109 141
109 142
109 148
109 150
109 152
109 154
109 155
109 156
109 157
109 160
109 161
109 164
109 165
109 167
109 176
109 177
110 1
110 3
110 4
110 8
110 9
110 11
110 15
110 18
110 20
110 22
110 23
110 25
110 26
110 28
110 29
110 32
110 33
110 35
110 36
110 38
110 41
110 44
110 45
110 47
110 48
110 50
110 52
110 54
110 57
110 59
110 66
110 70
110 72
110 76
110 77
110 78
110 79
110 83
110 84
110 85
110 86
110 87
110 89
110 92
110 94
110 97
110 99
110 100
110 101
110 102
110 104
110 108
110 109
110 110
110 111
110 115
110 118
110 120
110 121
110 123
110 124
110 126
110 133
110 136
110 138
110 139
110 140
110 146
110 147
110 148
110 150
110 152
110 154
110 155
110 156
110 157
110 161
110 164
110 165
110 173
110 174
110 176
110 177
110 179
111 1
111 3
111 6
111 8
111 16
111 18
111 19
111 20
111 23
111 32
111 37
111 38
111 40
111 41
111 47
111 50
111 51
111 55
111 58
111 60
111 63
111 65
111 66
111 68
111 70
111 71
111 74
111 77
111 78
111 81
111 84
111 86
111 87
111 90
111 91
111 93
111 94
111 95
111 96
111 100
111 102
111 103
111 105
111 106
111 109
111 110
111 113
111 114
111 115
111 116
111 118
111 120
111 121
111 123
111 125
111 126
111 127
111 145
111 149
111 150
111 153
111 155
111 157
111 159
111 160
111 162
111 163
111 164
111 166
111 167
111 168
111 171
111 175
111 176
111 178
112 1
112 2
112 3
112 6
112 7
112 8
112 9
112 11
112 13
112 14
112 16
112 18
112 22
112 23
112 25
112 27
112 28
112 29
112 31
112 34
112 39
112 41
112 44
112 45
112 46
112 48
112 50
112 51
112 53
112 56
112 58
112 60
112 62
112 64
112 68
112 69
112 71
112 73
112 75
112 80
112 81
112 82
112 83
112 85
112 91
112 94
112 95
112 100
112 103
112 106
112 109
112 110
112 112
112 116
112 117
112 118
112 119
112 122
112 126
112 129
112 130
112 131
112 134
112 135
112 138
112 140
112 141
112 143
112 144
112 145
112 151
112 152
112 153
112 156
112 159
112 161
112 162
112 164
112 165
112 167
112 169
112 170
112 175
112 176
113 0
113 2
113 3
113 5
113 8
113 12
113 14
113 15
113 18
113 22
113 27
113 28
113 35
113 37
113 39
113 40
113 42
113 43
113 45
113 48
113 49
113 50
113 51
113 53
113 55
113 59
113 61
113 62
113 63
113 64
113 68
113 70
113 71
113 74
113 76
113 77
113 80
113 83
113 84
113 92
113 96
113 97
113 101
113 107
113 110
113 112
113 113
113 116
113 121
113 122
113 123
113 124
113 127
113 130
113 131
113 134
113 139
113 140
113 152
113 153
113 154
113 157
113 160
113 163
113 169
113 170
113 173
113 174
113 175
113 177
113 179
114 5
114 6
114 9
114 14
114 16
114 19
114 20
114 21
114 24
114 25
114 26
114 27
114 29
114 30
114 31
114 32
114 35
114 36
114 37
114 38
114 39
114 45
114 46
114 49
114 51
114 52
114 53
114 57
114 60
114 61
114 62
114 63
114 64
114 65
114 67
114 68
114 71
114 72
114 73
114 75
114 77
114 78
114 79
114 81
114 85
114 87
114 89
114 90
114 92
114 94
114 96
114 97
114 101
114 104
114 105
114 107
114 110
114 111
114 112
114 115
114 121
114 122
114 123
114 124
114 125
114 126
114 127
114 138
114 145
114 150
114 153
114 156
114 157
114 163
114 164
114 165
114 167
114 169
114 172
114 173
114 176
114 177
114 179
115 1
115 2
115 6
115 9
115 11
115 12
115 19
115 21
115 24
115 25
115 26
115 31
115 32
115 35
115 37
115 38
115 50
115 51
115 52
115 54
115 56
115 58
115 60
115 62
115 65
115 66
115 68
115 69
115 71
115 73
115 76
115 78
115 85
115 87
115 88
115 94
115 96
115 97
115 98
115 99
115 102
115 105
115 108
115 109
115 110
115 112
115 114
115 115
115 116
115 117
115 119
115 121
115 130
115 135
115 138
115 143
115 146
115 149
115 151
115 152
115 154
115 156
115 158
115 160
115 161
115 164
115 169
115 170
115 172
115 175
115 176
115 178
116 2
116 3
116 6
116 8
116 10
116 13
116 15
116 16
116 19
116 22
116 23
116 28
116 29
116 30
116 34
116 38
116 39
116 40
116 43
116 48
116 51
116 53
116 54
116 57
116 58
116 65
116 68
116 75
116 77
116 78
116 79
116 82
116 83
116 84
116 86
116 87
116 88
116 92
116 97
116 98
116 99
116 100
116 102
116 103
116 104
116 106
116 107
116 108
116 110
116 111
116 113
116 115
116 118
116 120
116 124
116 125
116 126
116 128
116 129
116 133
116 134
116 135
116 137
116 138
116 140
116 142
116 149
116 150
116 151
116 152
116 153
116 155
116 158
116 159
116 161
116 162
116 163
116 164
116 165
116 168
116 169
116 170
116 178
116 179
117 1
117 2
117 4
117 5
117 6
117 8
117 9
117 12
117 14
117 17
117 18
117 21
117 23
117 26
117 29
117 30
117 34
117 37
117 40
117 41
117 42
117 46
117 47
117 48
117 50
117 51
117 52
117 53
117 55
117 57
117 64
117 66
117 69
117 80
117 81
117 87
117 88
117 90
117 92
117 93
117 94
117 103
117 104
117 105
117 110
117 111
117 112
117 120
117 124
117 125
117 128
117 132
117 139
117 146
117 147
117 148
117 151
117 157
117 158
117 161
117 162
117 166
117 167
117 174
117 178
118 3
118 4
118 5
118 9
118 12
118 13
118 14
118 16
118 18
118 19
118 20
118 22
118 24
118 26
118 29
118 30
118 31
118 32
118 35
118 36
118 40
118 50
118 51
118 52
118 53
118 54
118 56
118 58
118 59
118 62
118 66
118 69
118 70
118 71
118 72
118 73
118 78
118 80
118 81
118 84
118 91
118 92
118 94
118 100
118 104
118 105
118 107
118 108
118 111
118 115
118 121
118 122
118 123
118 124
118 125
118 126
118 127
118 130
118 131
118 134
118 135
118 138
118 139
118 141
118 145
118 148
118 152
118 153
118 155
118 156
118 158
118 160
118 162
118 163
118 167
118 169
118 175
118 176
118 177
119 3
119 7
119 8
119 11
119 12
119 13
119 15
119 19
119 22
119 25
119 28
119 31
119 32
119 36
119 37
119 39
119 45
119 46
119 48
119 50
119 51
119 52
119 56
119 60
119 62
119 64
119 65
119 66
119 71
119 72
119 80
119 82
119 85
119 86
119 87
119 88
119 92
119 98
119 99
119 105
119 107
119 109
119 110
119 111
119 112
119 113
119 114
119 115
119 116
119 118
119 120
119 122
119 123
119 124
119 128
119 129
119 138
119 140
119 142
119 143
119 155
119 160
119 161
119 165
119 166
119 170
119 172
119 178
120 1
120 2
120 3
120 4
120 5
120 9
120 11
120 12
120 16
120 20
120 23
120 24
120 25
120 26
120 28
120 29
120 38
120 39
120 40
120 41
120 44
120 46
120 47
120 50
120 51
120 52
120 57
120 60
120 62
120 67
120 69
120 71
120 72
120 73
120 74
120 75
120 76
120 77
120 79
120 81
120 82
120 84
120 89
120 91
120 93
120 96
120 98
120 103
120 104
120 105
120 108
120 116
120 117
120 118
120 119
120 120
120 121
120 122
120 123
120 125
120 128
120 130
120 131
120 132
120 134
120 138
120 142
120 144
120 149
120 151
120 155
120 157
120 158
120 159
120 162
120 163
120 167
120 169
120 170
120 178
120 179
121 1
121 2
121 7
121 9
121 10
121 20
121 24
121 26
121 32
121 34
121 43
121 44
121 46
121 47
121 51
121 54
121 57
121 62
121 64
121 68
121 72
121 75
121 77
121 83
121 87
121 89
121 90
121 93
121 95
121 99
121 101
121 102
121 105
121 107
121 109
121 114
121 115
121 116
121 118
121 122
121 125
121 127
121 129
121 130
121 131
121 132
121 133
121 135
121 136
121 137
121 138
121 139
121 143
121 147
121 153
121 154
121 156
121 159
121 160
121 163
121 164
121 166
121 171
121 172
121 179
122 2
122 3
122 4
122 10
122 12
122 13
122 14
122 15
122 16
122 18
122 21
122 28
122 29
122 30
122 35
122 38
122 39
122 43
122 44
122 45
122 46
122 47
122 51
122 52
122 67
122 68
122 69
122 72
122 75
122 78
122 87
122 89
122 93
122 95
122 100
122 102
122 104
122 106
122 115
122 117
122 123
122 124
122 125
122 126
122 127
122 131
122 132
122 133
122 137
122 138
122 140
122 143
122 157
122 165
122 168
122 173
122 175
122 176
122 178
122 179
123 1
123 2
123 4
123 12
123 13
123 14
123 16
123 17
123 19
123 20
123 23
123 26
123 31
123 40
123 41
123 43
123 44
123 45
123 48
123 50
123 51
123 52
123 56
123 60
123 70
123 73
123 77
123 81
123 83
123 85
123 87
123 88
123 89
123 90
123 95
123 96
123 101
123 103
123 106
123 107
123 110
123 111
123 113
123 120
123 121
123 122
123 125
123 127
123 129
123 130
123 132
123 138
123 139
123 140
123 141
123 142
123 149
123 151
123 153
123 154
123 156
123 157
123 160
123 162
123 164
123 165
123 166
123 171
123 176
123 177
124 1
124 3
124 5
124 8
124 9
124 16
124 17
124 18
124 19
124 25
124 26
124 28
124 33
124 37
124 42
124 44
124 45
124 46
124 48
124 49
124 50
124 51
124 52
124 55
124 56
124 57
124 58
124 62
124 63
124 66
124 67
124 70
124 75
124 76
124 78
124 80
124 82
124 87
124 89
124 90
124 92
124 93
124 95
124 97
124 103
124 104
124 105
124 108
124 109
124 114
124 117
124 120
124 121
124 122
124 123
124 125
124 130
124 131
124 135
124 136
124 139
124 140
124 142
124 145
124 148
124 149
124 151
124 153
124 154
124 157
124 158
124 164
124 169
124 171
124 173
124 174
124 176
125 0
125 1
125 2
125 9
125 12
125 16
125 17
125 19
125 22
125 23
125 24
125 26
125 27
125 35
125 36
125 38
125 42
125 44
125 46
125 48
125 49
125 52
125 54
125 57
125 58
125 61
125 62
125 64
125 65
125 66
125 69
125 70
125 78
125 81
125 88
125 95
125 98
125 100
125 102
125 103
125 104
125 105
125 106
125 110
125 111
125 113
125 114
125 116
125 118
125 120
125 122
125 124
125 125
125 127
125 128
125 131
125 134
125 135
125 137
125 139
125 143
125 144
125 145
125 148
125 151
125 152
125 154
125 161
125 162
125 172
125 174
125 176
125 177
126 2
126 3
126 4
126 5
126 6
126 7
126 11
126 12
126 14
126 15
126 19
126 20
126 22
126 25
126 29
126 32
126 33
126 37
126 39
126 45
126 48
126 54
126 55
126 60
126 61
126 62
126 63
126 69
126 74
126 75
126 76
126 78
126 83
126 85
126 86
126 87
126 88
126 89
126 91
126 92
126 93
126 97
126 99
126 105
126 106
126 110
126 111
126 112
126 118
126 119
126 126
126 130
126 139
126 140
126 144
126 149
126 150
126 153
126 155
126 157
126 159
126 160
126 166
126 170
126 171
126 174
126 175
126 177
126 178
127 0
127 4
127 9
127 17
127 18
127 20
127 22
127 23
127 25
127 27
127 29
127 30
127 31
127 32
127 33
127 34
127 35
127 38
127 39
127 43
127 50
127 52
127 53
127 54
127 55
127 69
127 71
127 72
127 77
127 78
127 79
127 80
127 85
127 88
127 89
127 90
127 94
127 98
127 100
127 103
127 110
127 112
127 114
127 120
127 121
127 122
127 123
127 124
127 126
127 127
127 131
127 134
127 138
127 143
127 144
127 145
127 147
127 148
127 150
127 152
127 153
127 154
127 161
127 164
127 165
127 167
127 169
127 171
127 174
127 176
127 179
128 2
128 3
128 5
128 7
128 10
128 11
128 13
128 15
128 16
128 19
128 23
128 27
128 28
128 31
128 36
128 39
128 42
128 43
128 44
128 47
128 51
128 54
128 61
128 63
128 70
128 72
128 73
128 74
128 75
128 77
128 78
128 79
128 82
128 83
128 84
128 86
128 97
128 100
128 101
128 104
128 105
128 108
128 110
128 113
128 117
128 118
128 125
128 127
128 142
128 143
128 144
128 148
128 151
128 153
128 155
128 157
128 159
128 163
128 169
128 171
128 173
128 174
128 176
128 179
129 0
129 1
129 2
129 5
129 6
129 7
129 8
129 9
129 11
129 16
129 17
129 19
129 21
129 25
129 27
129 31
129 35
129 39
129 42
129 43
129 47
129 49
129 58
129 63
129 67
129 70
129 74
129 77
129 81
129 83
129 84
129 85
129 90
129 93
129 95
129 99
129 101
129 102
129 104
129 106
129 108
129 115
129 116
129 117
129 121
129 122
129 128
129 131
129 135
129 136
129 138
129 139
129 140
129 141
129 142
129 145
129 146
129 149
129 153
129 154
129 156
129 157
129 160
129 162
129 164
129 165
129 167
129 168
129 170
129 171
129 173
129 174
129 176
130 5
130 14
130 15
130 16
130 19
130 23
130 24
130 26
130 28
130 31
130 34
130 39
130 40
130 44
130 45
130 48
130 49
130 50
130 52
130 60
130 62
130 64
130 66
130 72
130 73
130 74
130 76
130 77
130 80
130 82
130 83
130 85
130 86
130 89
130 98
130 100
130 101
130 102
130 109
130 110
130 115
130 117
130 121
130 122
130 126
130 132
130 134
130 137
130 139
130 141
130 142
130 143
130 144
130 145
130 146
130 147
130 149
130 152
130 153
130 156
130 157
130 158
130 159
130 161
130 163
130 164
130 165
130 168
130 174
130 177
130 179
131 0
131 3
131 4
131 5
131 6
131 9
131 10
131 12
131 13
131 15
131 18
131 19
131 20
131 23
131 25
131 28
131 35
131 37
131 41
131 44
131 46
131 49
131 51
131 54
131 55
131 56
131 57
131 59
131 60
131 62
131 65
131 66
131 70
131 71
131 74
131 76
131 77
131 88
131 89
131 95
131 96
131 97
131 98
131 100
131 103
131 104
131 113
131 120
131 126
131 129
131 130
131 132
131 133
131 135
131 138
131 139
131 141
131 144
131 146
131 148
131 149
131 156
131 157
131 158
131 161
131 162
131 164
131 167
131 171
131 172
131 176
131 177
131 178
132 3
132 4
132 5
132 6
132 7
132 8
132 10
132 12
132 14
132 15
132 19
132 27
132 29
132 30
132 34
132 39
132 40
132 41
132 42
132 44
132 45
132 46
132 47
132 49
132 50
132 51
132 53
132 56
132 57
132 58
132 61
132 66
132 70
132 72
132 82
132 83
132 88
132 89
132 91
132 92
132 93
132 95
132 96
132 97
132 99
132 101
132 104
132 107
132 109
132 112
132 114
132 118
132 119
132 120
132 122
132 124
132 130
132 132
132 133
132 141
132 142
132 144
132 148
132 149
132 154
132 161
132 165
132 168
132 169
132 173
132 177
132 178
132 179
133 1
133 2
133 10
133 11
133 15
133 16
133 17
133 19
133 22
133 23
133 24
133 26
133 27
133 31
133 34
133 36
133 47
133 52
133 53
133 56
133 57
133 58
133 59
133 61
133 69
133 70
133 72
133 73
133 75
133 79
133 80
133 81
133 83
133 85
133 86
133 88
133 97
133 98
133 99
133 102
133 109
133 110
133 115
133 117
133 119
133 121
133 122
133 124
133 127
133 134
133 138
133 140
133 141
133 146
133 153
133 155
133 157
133 159
133 162
133 164
133 165
133 166
133 169
133 173
133 175
133 176
134 5
134 6
134 7
134 9
134 12
134 13
134 14
134 15
134 16
134 17
134 20
134 23
134 24
134 27
134 28
134 29
134 31
134 32
134 34
134 36
134 37
134 38
134 40
134 45
134 46
134 48
134 50
134 51
134 52
134 55
134 57
134 59
134 60
134 61
134 63
134 66
134 69
134 70
134 71
134 75
134 81
134 82
134 85
134 86
134 88
134 94
134 100
134 103
134 104
134 109
134 111
134 112
134 113
134 114
134 115
134 120
134 121
134 123
134 127
134 129
134 131
134 134
134 138
134 139
134 143
134 144
134 145
134 148
134 149
134 152
134 156
134 158
134 159
134 164
134 168
134 170
134 171
134 172
134 174
134 175
134 179
135 1
135 9
135 13
135 15
135 19
135 23
135 24
135 27
135 28
135 31
135 32
135 33
135 34
135 35
135 36
135 37
135 41
135 43
135 47
135 48
135 51
135 58
135 66
135 67
135 73
135 74
135 77
135 78
135 81
135 82
135 87
135 88
135 90
135 94
135 96
135 98
135 102
135 104
135 105
135 106
135 112
135 113
135 116
135 117
135 119
135 121
135 123
135 126
135 127
135 129
135 130
135 133
135 137
135 142
135 143
135 150
135 152
135 153
135 157
135 158
135 159
135 160
135 161
135 162
135 164
135 165
135 166
135 167
135 173
135 175
135 176
135 179
136 0
136 2
136 5
136 10
136 11
136 12
136 13
136 14
136 15
136 16
136 17
136 18
136 21
136 24
136 27
136 29
136 31
136 32
136 33
136 35
136 40
136 41
136 42
136 49
136 51
136 52
136 61
136 66
136 69
136 74
136 75
136 77
136 80
136 81
136 82
136 83
136 89
136 94
136 95
136 97
136 98
136 100
136 101
136 103
136 104
136 105
136 106
136 107
136 110
136 113
136 115
136 116
136 117
136 119
136 124
136 130
136 131
136 132
136 137
136 138
136 139
136 144
136 145
136 147
136 149
136 150
136 151
136 155
136 156
136 160
136 161
136 162
136 165
136 167
136 170
136 171
136 176
136 177
136 179
137 0
137 5
137 6
137 8
137 12
137 14
137 16
137 18
137 20
137 21
137 22
137 25
137 26
137 31
137 32
137 33
137 34
137 36
137 39
137 40
137 41
137 44
137 45
137 46
137 50
137 53
137 55
137 57
137 59
137 61
137 66
137 67
137 68
137 70
137 72
137 75
137 78
137 79
137 80
137 81
137 85
137 89
137 90
137 91
137 93
137 94
137 95
137 96
137 98
137 101
137 102
137 104
137 106
137 107
137 110
137 112
137 114
137 115
137 122
137 124
137 125
137 126
137 129
137 133
137 136
137 138
137 146
137 147
137 148
137 150
137 152
137 156
137 158
137 159
137 160
137 161
137 164
137 165
137 167
137 168
137 171
137 176
138 9
138 13
138 15
138 17
138 19
138 23
138 24
138 26
138 30
138 31
138 34
138 41
138 44
138 53
138 57
138 58
138 60
138 62
138 66
138 68
138 75
138 76
138 77
138 79
138 80
138 82
138 83
138 86
138 88
138 89
138 93
138 94
138 99
138 102
138 104
138 106
138 107
138 108
138 109
138 110
138 111
138 115
138 116
138 117
138 118
138 123
138 124
138 126
138 127
138 130
138 133
138 134
138 135
138 136
138 139
138 140
138 141
138 142
138 144
138 145
138 147
138 148
138 151
138 152
138 154
138 156
138 157
138 159
138 160
138 161
138 162
138 165
138 170
138 171
138 173
138 174
138 175
138 177
139 0
139 1
139 2
139 10
139 12
139 14
139 15
139 16
139 18
139 19
139 20
139 23
139 25
139 27
139 31
139 32
139 38
139 39
139 42
139 44
139 49
139 52
139 54
139 55
139 56
139 58
139 59
139 61
139 65
139 66
139 69
139 71
139 72
139 73
139 75
139 78
139 79
139 80
139 81
139 82
139 83
139 93
139 98
139 104
139 106
139 107
139 108
139 110
139 111
139 114
139 118
139 119
139 120
139 121
139 122
139 123
139 143
139 144
139 145
139 148
139 151
139 153
139 154
139 156
139 158
139 159
139 160
139 161
139 163
139 164
139 166
139 168
139 172
139 173
139 177
140 1
140 6
140 7
140 8
140 16
140 17
140 19
140 28
140 29
140 32
140 35
140 39
140 40
140 43
140 44
140 46
140 50
140 51
140 59
140 66
140 68
140 70
140 74
140 77
140 78
140 79
140 81
140 82
140 84
140 86
140 87
140 88
140 93
140 94
140 95
140 97
140 99
140 105
140 106
140 108
140 111
140 113
140 115
140 116
140 118
140 119
140 121
140 123
140 132
140 134
140 136
140 137
140 141
140 142
140 143
140 144
140 146
140 148
140 150
140 152
140 156
140 161
140 162
140 163
140 166
140 168
140 169
140 171
140 173
140 177
140 178
141 0
141 6
141 7
141 8
141 12
141 13
141 17
141 19
141 20
141 22
141 24
141 26
141 30
141 37
141 38
141 40
141 42
141 44
141 46
141 48
141 49
141 51
141 52
141 54
141 59
141 65
141 66
141 68
141 69
141 70
141 73
141 75
141 77
141 79
141 81
141 82
141 91
141 92
141 93
141 94
141 96
141 97
141 100
141 102
141 106
141 109
141 110
141 113
141 114
141 116
141 118
141 120
141 123
141 125
141 127
141 128
141 133
141 135
141 137
141 140
141 149
141 150
141 155
141 156
141 162
141 163
141 165
141 167
141 168
141 172
141 174
142 2
142 3
142 4
142 5
142 8
142 11
142 12
142 13
142 15
142 17
142 21
142 23
142 26
142 31
142 32
142 34
142 40
142 44
142 49
142 53
142 58
142 60
142 61
142 63
142 64
142 66
142 67
142 69
142 71
142 72
142 74
142 77
142 80
142 87
142 93
142 94
142 95
142 98
142 102
142 103
142 104
142 109
142 113
142 114
142 117
142 118
142 120
142 121
142 123
142 129
142 130
142 136
142 144
142 145
142 147
142 157
142 158
142 160
142 163
142 164
142 166
142 167
142 174
142 175
142 177
142 179
143 0
143 1
143 2
143 5
143 8
143 10
143 13
143 14
143 15
143 21
143 23
143 28
143 31
143 34
143 38
143 42
143 47
143 49
143 50
143 51
143 52
143 53
143 57
143 60
143 62
143 64
143 68
143 71
143 73
143 74
143 75
143 76
143 85
143 88
143 89
143 90
143 91
143 93
143 102
143 104
143 109
143 111
143 112
143 116
143 118
143 123
143 124
143 127
143 128
143 129
143 130
143 135
143 136
143 137
143 138
143 141
143 142
143 146
143 147
143 148
143 149
143 150
143 151
143 155
143 158
143 159
143 162
143 168
143 174
143 175
143 177
144 0
144 8
144 12
144 13
144 14
144 16
144 17
144 20
144 21
144 23
144 24
144 25
144 27
144 28
144 30
144 31
144 35
144 36
144 39
144 42
144 44
144 48
144 49
144 50
144 54
144 57
144 72
144 74
144 75
144 78
144 79
144 81
144 82
144 83
144 86
144 89
144 91
144 92
144 95
144 98
144 99
144 101
144 109
144 110
144 116
144 119
144 120
144 122
144 123
144 126
144 128
144 132
144 134
144 136
144 137
144 141
144 149
144 151
144 153
144 155
144 156
144 159
144 160
144 161
144 162
144 164
144 165
144 166
144 169
144 175
144 176
145 1
145 4
145 5
145 9
145 13
145 16
145 17
145 22
145 24
145 28
145 30
145 37
145 38
145 40
145 41
145 42
145 43
145 49
145 51
145 52
145 53
145 54
145 55
145 56
145 57
145 58
145 61
145 65
145 66
145 68
145 71
145 74
145 83
145 85
145 89
145 90
145 94
145 97
145 99
145 102
145 103
145 104
145 111
145 112
145 113
145 114
145 116
145 118
145 121
145 124
145 132
145 134
145 135
145 136
145 148
145 152
145 159
145 162
145 163
145 169
145 172
145 173
145 174
145 179
146 0
146 1
146 2
146 3
146 4
146 5
146 9
146 11
146 13
146 14
146 15
146 22
146 23
146 29
146 31
146 34
146 37
146 46
146 50
146 51
146 57
146 60
146 62
146 63
146 65
146 69
146 72
146 73
146 78
146 79
146 82
146 83
146 84
146 85
146 88
146 90
146 92
146 93
146 94
146 96
146 99
146 101
146 102
146 104
146 109
146 114
146 124
146 125
146 128
146 130
146 131
146 136
146 142
146 143
146 145
146 146
146 147
146 154
146 161
146 163
146 164
146 167
146 170
146 173
146 174
146 175
146 176
146 178
147 2
147 5
147 6
147 9
147 10
147 18
147 19
147 20
147 21
147 22
147 23
147 24
147 29
147 30
147 31
147 32
147 34
147 38
147 40
147 43
147 44
147 45
147 47
147 50
147 54
147 56
147 57
147 58
147 59
147 61
147 65
147 66
147 71
147 73
147 81
147 84
147 86
147 87
147 91
147 93
147 94
147 97
147 98
147 99
147 101
147 102
147 104
147 107
147 109
147 110
147 115
147 117
147 123
147 125
147 126
147 128
147 129
147 131
147 132
147 134
147 135
147 137
147 141
147 142
147 144
147 146
147 151
147 154
147 158
147 160
147 162
147 173
147 174
147 177
147 178
148 1
148 4
148 16
148 18
148 20
148 26
148 27
148 28
148 29
148 32
148 38
148 39
148 40
148 41
148 42
148 43
148 44
148 45
148 47
148 48
148 50
148 52
148 53
148 56
148 58
148 61
148 62
148 66
148 67
148 73
148 75
148 77
148 78
148 80
148 81
148 83
148 84
148 89
148 91
148 92
148 96
148 100
148 103
148 105
148 107
148 108
148 122
148 124
148 125
148 126
148 130
148 131
148 134
148 139
148 140
148 144
148 147
148 149
148 150
148 151
148 153
148 154
148 155
148 156
148 159
148 164
148 167
148 168
148 169
148 172
148 173
149 2
149 4
149 6
149 7
149 8
149 9
149 12
149 13
149 19
149 20
149 24
149 27
149 30
149 33
149 34
149 36
149 37
149 38
149 39
149 41
149 45
149 48
149 49
149 54
149 57
149 60
149 62
149 63
149 67
149 69
149 76
149 82
149 83
149 86
149 89
149 95
149 96
149 97
149 99
149 100
149 104
149 105
149 107
149 109
149 111
149 114
149 115
149 118
149 120
149 123
149 124
149 125
149 126
149 128
149 129
149 136
149 143
149 144
149 147
149 148
149 151
149 154
149 155
149 157
149 159
149 162
149 165
149 166
149 167
149 173
149 174
150 2
150 5
150 8
150 9
150 11
150 15
150 17
150 21
150 24
150 25
150 28
150 30
150 31
150 32
150 33
150 35
150 37
150 40
150 42
150 43
150 45
150 55
150 57
150 58
150 61
150 62
150 64
150 65
150 66
150 67
150 69
150 70
150 80
150 81
150 83
150 89
150 90
150 92
150 93
150 94
150 96
150 99
150 103
150 108
150 113
150 114
150 116
150 117
150 121
150 122
150 129
150 134
150 135
150 136
150 137
150 138
150 140
150 141
150 148
150 149
150 150
150 151
150 156
150 163
150 167
150 169
150 170
150 172
150 173
150 177
150 178
151 7
151 9
151 13
151 15
151 16
151 17
151 20
151 21
151 22
151 28
151 29
151 30
151 31
151 35
151 43
151 44
151 45
151 46
151 48
151 51
151 57
151 60
151 61
151 62
151 65
151 67
151 71
151 72
151 78
151 81
151 83
151 86
151 89
151 91
151 92
151 94
151 95
151 98
151 105
151 106
151 109
151 110
151 112
151 114
151 115
151 117
151 118
151 122
151 123
151 124
151 131
151 133
151 135
151 136
151 137
151 139
151 141
151 142
151 146
151 148
151 149
151 150
151 157
151 159
151 162
151 164
151 165
151 167
151 169
151 170
151 172
151 174
151 178
151 179
152 1
152 4
152 5
152 7
152 10
152 14
152 17
152 19
152 20
152 22
152 28
152 29
152 30
152 32
152 34
152 44
152 45
152 46
152 48
152 53
152 54
152 56
152 60
152 61
152 66
152 72
152 73
152 76
152 77
152 78
152 79
152 87
152 95
152 97
152 98
152 107
152 108
152 114
152 115
152 117
152 120
152 121
152 122
152 124
152 125
152 126
152 128
152 134
152 137
152 138
152 139
152 141
152 147
152 149
152 151
152 154
152 155
152 157
152 159
152 160
152 162
152 166
152 167
152 169
152 171
152 175
152 176
152 178
153 5
153 7
153 10
153 13
153 14
153 23
153 27
153 29
153 30
153 31
153 34
153 37
153 38
153 39
153 40
153 44
153 47
153 52
153 53
153 54
153 55
153 57
153 58
153 59
153 62
153 69
153 70
153 73
153 74
153 75
153 76
153 77
153 80
153 81
153 83
153 84
153 92
153 93
153 94
153 99
153 102
153 105
153 109
153 112
153 113
153 117
153 118
153 120
153 123
153 125
153 127
153 131
153 132
153 136
153 137
153 138
153 141
153 142
153 143
153 148
153 153
153 156
153 158
153 159
153 160
153 163
153 166
153 174
153 176
153 177
153 179
154 3
154 4
154 8
154 13
154 15
154 20
154 24
154 25
154 27
154 31
154 36
154 40
154 43
154 44
154 45
154 46
154 47
154 48
154 54
154 58
154 59
154 68
154 69
154 70
154 72
154 76
154 77
154 78
154 79
154 82
154 86
154 89
154 93
154 94
154 96
154 97
154 98
154 104
154 105
154 108
154 112
154 113
154 114
154 115
154 117
154 118
154 122
154 124
154 126
154 127
154 128
154 130
154 132
154 133
154 136
154 139
154 141
154 142
154 145
154 148
154 149
154 153
154 154
154 155
154 159
154 163
154 165
154 167
154 169
154 170
154 172
154 175
154 176
154 177
154 178
154 179
155 0
155 1
155 6
155 9
155 12
155 20
155 23
155 25
155 29
155 33
155 37
155 39
155 42
155 44
155 45
155 46
155 49
155 50
155 52
155 53
155 57
155 63
155 66
155 68
155 72
155 73
155 74
155 78
155 80
155 82
155 84
155 85
155 88
155 90
155 91
155 94
155 95
155 97
155 99
155 100
155 103
155 107
155 108
155 112
155 113
155 114
155 118
155 119
155 120
155 122
155 125
155 126
155 128
155 129
155 130
155 132
155 135
155 144
155 149
155 157
155 159
155 160
155 162
155 167
155 169
155 171
155 173
155 176
156 6
156 8
156 10
156 12
156 13
156 17
156 19
156 26
156 27
156 29
156 34
156 37
156 43
156 45
156 46
156 50
156 55
156 58
156 59
156 61
156 62
156 64
156 67
156 69
156 70
156 71
156 78
156 79
156 80
156 82
156 89
156 92
156 96
156 97
156 98
156 99
156 100
156 102
156 103
156 104
156 105
156 107
156 108
156 109
156 111
156 112
156 113
156 114
156 115
156 116
156 118
156 121
156 127
156 133
156 135
156 138
156 140
156 143
156 144
156 148
156 149
156 151
156 154
156 155
156 159
156 164
156 165
156 169
156 170
156 172
156 175
156 176
156 179
157 1
157 2
157 6
157 9
157 18
157 21
157 29
157 30
157 32
157 34
157 37
157 41
157 42
157 46
157 54
157 56
157 59
157 63
157 65
157 69
157 71
157 72
157 73
157 74
157 77
157 81
157 86
157 87
157 89
157 90
157 92
157 94
157 95
157 99
157 100
157 101
157 102
157 103
157 105
157 106
157 109
157 111
157 113
157 114
157 115
157 117
157 118
157 120
157 121
157 124
157 125
157 129
157 131
157 132
157 134
157 139
157 148
157 152
157 157
157 158
157 159
157 161
157 163
157 167
157 173
157 177
157 179
158 1
158 3
158 4
158 5
158 6
158 7
158 9
158 11
158 13
158 14
158 15
158 16
158 19
158 23
158 27
158 30
158 36
158 38
158 39
158 40
158 43
158 44
158 47
158 49
158 50
158 52
158 53
158 54
158 55
158 56
158 59
158 60
158 62
158 63
158 64
158 65
158 68
158 69
158 70
158 71
158 73
158 75
158 76
158 77
158 81
158 82
158 87
158 89
158 97
158 98
158 99
158 100
158 102
158 104
158 107
158 109
158 113
158 115
158 117
158 119
158 120
158 123
158 128
158 129
158 132
158 136
158 138
158 141
158 143
158 144
158 145
158 151
158 154
158 159
158 160
158 161
158 162
158 164
158 168
158 169
158 171
158 174
158 175
158 176
158 179
159 5
159 7
159 14
159 15
159 18
159 25
159 27
159 29
159 33
159 34
159 41
159 42
159 45
159 51
159 57
159 61
159 63
159 68
159 71
159 73
159 75
159 78
159 80
159 81
159 82
159 84
159 86
159 88
159 89
159 94
159 95
159 96
159 98
159 99
159 100
159 101
159 102
159 104
159 106
159 107
159 113
159 114
159 116
159 119
159 123
159 127
159 129
159 130
159 131
159 135
159 136
159 138
159 144
159 145
159 152
159 153
159 154
159 156
159 157
159 158
159 160
159 164
159 165
159 171
159 179
160 2
160 4
160 9
160 15
160 16
160 17
160 19
160 20
160 21
160 22
160 28
160 31
160 35
160 38
160 40
160 42
160 43
160 45
160 46
160 49
160 52
160 55
160 56
160 60
160 71
160 75
160 76
160 79
160 87
160 88
160 89
160 90
160 92
160 95
160 96
160 98
160 99
160 100
160 101
160 102
160 103
160 105
160 108
160 115
160 119
160 120
160 123
160 126
160 128
160 129
160 132
160 139
160 143
160 146
160 152
160 153
160 154
160 155
160 159
160 161
160 166
160 167
160 170
160 175
160 176
160 177
160 178
160 179
161 0
161 1
161 2
161 5
161 8
161 9
161 10
161 14
161 15
161 20
161 21
161 22
161 26
161 29
161 30
161 32
161 33
161 38
161 46
161 47
161 49
161 50
161 51
161 55
161 66
161 73
161 78
161 80
161 82
161 84
161 87
161 92
161 94
161 96
161 99
161 100
161 101
161 103
161 107
161 108
161 121
161 122
161 123
161 128
161 130
161 132
161 134
161 141
161 144
161 146
161 149
161 154
161 158
161 161
161 162
161 165
161 168
161 171
161 172
161 175
161 177
162 0
162 1
162 2
162 4
162 5
162 7
162 9
162 11
162 13
162 17
162 18
162 22
162 26
162 27
162 34
162 38
162 39
162 43
162 49
162 54
162 55
162 57
162 60
162 67
162 70
162 71
162 74
162 75
162 77
162 78
162 80
162 83
162 85
162 91
162 93
162 94
162 95
162 98
162 105
162 108
162 111
162 112
162 114
162 116
162 119
162 122
162 123
162 126
162 131
162 134
162 135
162 136
162 137
162 138
162 139
162 140
162 141
162 143
162 145
162 146
162 153
162 158
162 170
162 173
162 175
162 176
162 178
163 6
163 9
163 10
163 14
163 15
163 19
163 20
163 21
163 23
163 25
163 27
163 30
163 31
163 33
163 36
163 48
163 49
163 50
163 51
163 52
163 54
163 57
163 59
163 60
163 67
163 68
163 69
163 70
163 75
163 77
163 78
163 79
163 80
163 84
163 85
163 88
163 90
163 92
163 93
163 94
163 96
163 97
163 99
163 100
163 105
163 106
163 107
163 114
163 115
163 116
163 120
163 121
163 127
163 129
163 130
163 131
163 140
163 141
163 145
163 147
163 150
163 151
163 152
163 154
163 156
163 158
163 160
163 161
163 163
163 165
163 168
163 170
163 175
164 2
164 3
164 4
164 10
164 11
164 16
164 17
164 23
164 24
164 29
164 31
164 33
164 35
164 36
164 37
164 41
164 42
164 43
164 46
164 48
164 50
164 52
164 54
164 60
164 64
164 65
164 66
164 67
164 68
164 69
164 73
164 78
164 79
164 82
164 86
164 88
164 97
164 99
164 100
164 103
164 106
164 108
164 109
164 113
164 114
164 115
164 116
164 118
164 119
164 120
164 121
164 123
164 124
164 125
164 126
164 127
164 128
164 133
164 134
164 139
164 142
164 144
164 148
164 152
164 157
164 162
164 164
164 166
164 170
164 172
164 173
164 175
165 0
165 4
165 5
165 6
165 8
165 9
165 10
165 14
165 16
165 21
165 23
165 26
165 27
165 32
165 33
165 35
165 42
165 44
165 45
165 47
165 48
165 49
165 53
165 59
165 60
165 61
165 62
165 64
165 67
165 74
165 75
165 80
165 82
165 87
165 89
165 94
165 95
165 99
165 103
165 106
165 117
165 118
165 120
165 121
165 122
165 123
165 126
165 127
165 128
165 129
165 132
165 133
165 134
165 135
165 136
165 139
165 140
165 151
165 155
165 160
165 161
165 163
165 165
165 176
165 179
166 3
166 6
166 8
166 10
166 12
166 13
166 15
166 17
166 18
166 19
166 20
166 21
166 22
166 24
166 25
166 27
166 28
166 33
166 34
166 41
166 45
166 47
166 49
166 51
166 60
166 65
166 69
166 70
166 71
166 72
166 73
166 76
166 77
166 78
166 80
166 81
166 82
166 84
166 86
166 88
166 95
166 99
166 102
166 103
166 104
166 106
166 108
166 109
166 110
166 112
166 115
166 117
166 122
166 123
166 124
166 125
166 126
166 133
166 137
166 138
166 146
166 148
166 151
166 158
166 160
166 161
166 165
166 167
166 169
166 176
166 179
167 1
167 2
167 16
167 19
167 22
167 23
167 27
167 30
167 34
167 36
167 37
167 38
167 40
167 46
167 47
167 48
167 49
167 50
167 51
167 53
167 56
167 57
167 59
167 66
167 68
167 69
167 70
167 76
167 78
167 80
167 81
167 82
167 83
167 85
167 86
167 87
167 89
167 90
167 96
167 97
167 98
167 100
167 101
167 106
167 109
167 113
167 116
167 119
167 125
167 126
167 127
167 128
167 129
167 130
167 135
167 137
167 138
167 147
167 154
167 156
167 158
167 161
167 162
167 168
167 169
167 176
168 5
168 7
168 9
168 11
168 12
168 14
168 15
168 16
168 20
168 21
168 23
168 28
168 29
168 31
168 32
168 35
168 36
168 37
168 38
168 43
168 44
168 45
168 46
168 48
168 49
168 54
168 55
168 58
168 59
168 61
168 62
168 64
168 65
168 66
168 70
168 75
168 77
168 78
168 79
168 80
168 82
168 84
168 86
168 87
168 88
168 94
168 96
168 97
168 98
168 103
168 106
168 111
168 113
168 115
168 116
168 125
168 127
168 129
168 130
168 136
168 137
168 138
168 141
168 142
168 145
168 147
168 150
168 151
168 152
168 156
168 162
168 163
168 164
168 165
168 170
168 178
169 0
169 1
169 4
169 6
169 7
169 9
169 11
169 15
169 16
169 20
169 21
169 22
169 25
169 26
169 31
169 32
169 34
169 35
169 37
169 42
169 45
169 46
169 50
169 63
169 65
169 67
169 68
169 69
169 76
169 77
169 79
169 80
169 82
169 83
169 84
169 86
169 87
169 89
169 90
169 92
169 93
169 96
169 97
169 98
169 99
169 101
169 105
169 107
169 110
169 111
169 113
169 115
169 118
169 123
169 127
169 128
169 129
169 134
169 136
169 141
169 145
169 146
169 147
169 148
169 152
169 154
169 155
169 158
169 159
169 160
169 164
169 165
169 166
169 171
169 172
169 174
170 4
170 6
170 10
170 14
170 15
170 16
170 18
170 21
170 24
170 25
170 28
170 29
170 31
170 32
170 41
170 45
170 48
170 51
170 52
170 53
170 60
170 61
170 65
170 71
170 73
170 77
170 78
170 79
170 80
170 82
170 84
170 86
170 87
170 88
170 89
170 102
170 104
170 107
170 109
170 111
170 113
170 114
170 120
170 125
170 127
170 128
170 129
170 134
170 135
170 137
170 142
170 143
170 144
170 146
170 147
170 149
170 150
170 154
170 158
170 160
170 165
170 167
170 169
170 171
170 172
170 177
171 3
171 4
171 8
171 9
171 10
171 16
171 17
171 20
171 21
171 23
171 24
171 26
171 29
171 34
171 36
171 38
171 39
171 45
171 46
171 47
171 51
171 54
171 55
171 56
171 58
171 61
171 67
171 69
171 72
171 73
171 77
171 78
171 80
171 81
171 83
171 88
171 99
171 100
171 101
171 102
171 106
171 107
171 108
171 109
171 111
171 116
171 117
171 118
171 119
171 120
171 124
171 125
171 133
171 139
171 140
171 143
171 147
171 148
171 149
171 150
171 151
171 154
171 159
171 160
171 162
171 163
171 164
171 166
171 170
171 173
171 175
171 176
171 178
172 4
172 6
172 15
172 16
172 21
172 23
172 24
172 25
172 27
172 29
172 30
172 33
172 40
172 53
172 56
172 57
172 60
172 61
172 66
172 69
172 77
172 78
172 79
172 81
172 83
172 84
172 87
172 88
172 90
172 91
172 92
172 93
172 98
172 103
172 108
172 109
172 110
172 113
172 114
172 115
172 118
172 119
172 121
172 122
172 126
172 128
172 131
172 137
172 138
172 141
172 147
172 150
172 151
172 153
172 158
172 159
172 164
172 165
172 168
172 170
172 171
172 173
172 175
172 176
172 179
173 0
173 1
173 4
173 5
173 7
173 9
173 10
173 11
173 12
173 13
173 18
173 19
173 21
173 22
173 26
173 31
173 32
173 34
173 42
173 46
173 51
173 52
173 53
173 57
173 59
173 60
173 63
173 68
173 71
173 74
173 75
173 79
173 81
173 83
173 84
173 86
173 89
173 92
173 93
173 98
173 99
173 100
173 101
173 103
173 104
173 108
173 109
173 110
173 112
173 116
173 119
173 120
173 121
173 125
173 127
173 131
173 132
173 135
173 143
173 144
173 147
173 148
173 154
173 155
173 158
173 160
173 167
173 168
173 173
173 174
173 176
174 3
174 4
174 5
174 6
174 12
174 16
174 17
174 19
174 20
174 23
174 26
174 27
174 29
174 32
174 34
174 40
174 42
174 44
174 45
174 46
174 48
174 49
174 50
174 53
174 54
174 55
174 56
174 57
174 58
174 59
174 62
174 64
174 65
174 68
174 69
174 73
174 74
174 77
174 80
174 86
174 87
174 88
174 95
174 96
174 101
174 104
174 106
174 108
174 109
174 113
174 114
174 115
174 117
174 119
174 121
174 123
174 127
174 128
174 133
174 134
174 140
174 141
174 142
174 143
174 146
174 147
174 149
174 150
174 151
174 155
174 156
174 157
174 158
174 159
174 160
174 162
174 170
174 173
174 174
174 178
175 0
175 5
175 12
175 14
175 15
175 19
175 26
175 27
175 29
175 32
175 34
175 36
175 38
175 39
175 43
175 44
175 45
175 46
175 48
175 49
175 52
175 57
175 59
175 60
175 61
175 62
175 65
175 66
175 69
175 71
175 73
175 87
175 91
175 94
175 100
175 102
175 103
175 105
175 108
175 112
175 114
175 115
175 116
175 117
175 119
175 126
175 133
175 134
175 139
175 141
175 144
175 145
175 148
175 151
175 152
175 153
175 155
175 158
175 160
175 161
175 170
175 171
175 172
175 174
175 176
175 177
175 178
175 179
176 1
176 2
176 3
176 11
176 16
176 18
176 20
176 24
176 25
176 29
176 34
176 38
176 40
176 42
176 43
176 44
176 45
176 47
176 49
176 52
176 53
176 54
176 55
176 56
176 67
176 68
176 69
176 70
176 72
176 73
176 76
176 83
176 85
176 87
176 88
176 89
176 90
176 103
176 110
176 114
176 115
176 119
176 121
176 123
176 126
176 132
176 133
176 134
176 135
176 137
176 138
176 139
176 140
176 143
176 146
176 151
176 155
176 156
176 158
176 161
176 162
176 164
176 166
176 167
176 168
176 170
176 171
176 177
176 178
176 179
177 1
177 2
177 4
177 5
177 9
177 10
177 14
177 15
177 16
177 24
177 33
177 36
177 40
177 41
177 42
177 43
177 49
177 54
177 55
177 56
177 57
177 58
177 61
177 64
177 72
177 73
177 77
177 78
177 82
177 83
177 84
177 85
177 87
177 88
177 89
177 94
177 96
177 99
177 100
177 101
177 103
177 104
177 107
177 108
177 113
177 116
177 117
177 118
177 120
177 125
177 126
177 127
177 129
177 130
177 132
177 137
177 142
177 143
177 144
177 145
177 149
177 152
177 153
177 154
177 156
177 157
177 158
177 160
177 162
177 164
177 166
177 167
177 168
177 169
177 174
177 175
177 176
177 178
178 1
178 3
178 4
178 5
178 12
178 17
178 20
178 29
178 31
178 35
178 37
178 38
178 39
178 40
178 42
178 44
178 46
178 50
178 54
178 57
178 58
178 59
178 63
178 64
178 66
178 69
178 70
178 71
178 72
178 73
178 74
178 75
178 78
178 84
178 85
178 87
178 91
178 92
178 93
178 94
178 97
178 100
178 101
178 108
178 109
178 110
178 115
178 118
178 119
178 120
178 121
178 124
178 125
178 126
178 127
178 131
178 135
178 148
178 151
178 152
178 154
178 155
178 156
178 159
178 161
178 168
178 172
178 173
178 176
178 177
178 179
179 2
179 4
179 5
179 6
179 7
179 8
179 11
179 12
179 15
179 16
179 17
179 25
179 28
179 32
179 33
179 35
179 45
179 46
179 48
179 55
179 58
179 59
179 61
179 63
179 64
179 68
179 69
179 71
179 76
179 79
179 81
179 83
179 90
179 91
179 93
179 96
179 97
179 98
179 99
179 101
179 104
179 105
179 106
179 107
179 111
179 114
179 116
179 124
179 126
179 127
179 128
179 129
179 130
179 133
179 137
179 141
179 143
179 144
179 146
179 148
179 149
179 151
179 153
179 156
179 157
179 159
179 161
179 167
179 169
179 172
179 173
179 175
179 176
179 177
179 179
