110
4840
0 9
0 13
0 18
0 19
0 20
0 21
0 28
0 31
0 32
0 33
0 38
0 40
0 41
0 42
0 43
0 47
0 50
0 51
0 55
0 56
0 59
0 61
0 62
0 63
0 64
0 68
0 72
0 75
0 77
0 79
0 80
0 82
0 83
0 85
0 86
0 87
0 89
0 93
1 2
1 4
1 5
1 8
1 9
1 10
1 13
1 15
1 16
1 17
1 23
1 32
1 34
1 39
1 41
1 51
1 55
1 57
1 59
1 60
1 64
1 66
1 67
1 72
1 73
1 75
1 79
1 81
1 83
1 86
1 88
1 89
1 92
1 93
1 98
1 99
1 100
1 101
1 103
1 105
1 108
1 109
2 7
2 8
2 9
2 10
2 17
2 18
2 21
2 22
2 29
2 31
2 32
2 39
2 40
2 46
2 50
2 51
2 57
2 60
2 62
2 63
2 67
2 68
2 77
2 81
2 82
2 83
2 84
2 85
2 89
2 94
2 95
2 96
2 100
2 106
2 109
3 1
3 2
3 4
3 7
3 9
3 12
3 13
3 14
3 20
3 24
3 25
3 26
3 34
3 36
3 38
3 39
3 42
3 46
3 49
3 50
3 52
3 53
3 56
3 63
3 66
3 67
3 73
3 74
3 80
3 83
3 84
3 89
3 90
3 92
3 97
3 100
3 101
3 102
3 104
3 106
3 107
3 109
4 1
4 4
4 10
4 12
4 17
4 18
4 19
4 21
4 22
4 25
4 27
4 29
4 30
4 34
4 35
4 40
4 43
4 45
4 50
4 51
4 52
4 54
4 56
4 57
4 61
4 62
4 68
4 73
4 75
4 78
4 79
4 80
4 91
4 97
4 100
4 104
4 106
4 109
5 0
5 1
5 4
5 5
5 7
5 9
5 11
5 12
5 14
5 19
5 24
5 30
5 34
5 37
5 38
5 39
5 47
5 50
5 51
5 52
5 53
5 54
5 56
5 63
5 64
5 66
5 68
5 70
5 75
5 76
5 77
5 79
5 87
5 90
5 91
5 93
5 96
5 97
5 98
5 99
5 100
5 102
5 103
5 106
5 107
6 0
6 2
6 3
6 5
6 6
6 9
6 10
6 11
6 13
6 14
6 16
6 17
6 18
6 20
6 21
6 22
6 26
6 27
6 32
6 34
6 39
6 41
6 42
6 44
6 45
6 46
6 48
6 51
6 52
6 53
6 55
6 58
6 61
6 63
6 67
6 74
6 76
6 78
6 83
6 84
6 85
6 87
6 89
6 90
6 91
6 92
6 95
6 98
6 102
6 105
6 106
7 6
7 9
7 12
7 15
7 16
7 17
7 21
7 25
7 26
7 33
7 35
7 39
7 42
7 43
7 44
7 46
7 47
7 48
7 51
7 54
7 56
7 59
7 60
7 62
7 63
7 64
7 67
7 69
7 71
7 72
7 73
7 75
7 78
7 79
7 82
7 84
7 85
7 87
7 89
7 92
7 95
7 98
7 99
7 100
7 102
7 105
7 107
7 109
8 0
8 3
8 9
8 11
8 14
8 15
8 20
8 21
8 25
8 27
8 29
8 30
8 37
8 38
8 40
8 43
8 46
8 48
8 53
8 54
8 55
8 59
8 60
8 61
8 68
8 73
8 74
8 75
8 78
8 81
8 82
8 83
8 85
8 86
8 89
8 93
8 94
8 95
8 96
8 101
8 102
8 104
9 2
9 3
9 4
9 5
9 7
9 8
9 11
9 13
9 16
9 19
9 20
9 25
9 40
9 41
9 44
9 47
9 51
9 52
9 54
9 55
9 58
9 59
9 60
9 61
9 62
9 69
9 71
9 74
9 76
9 77
9 78
9 79
9 80
9 81
9 86
9 92
9 94
9 95
9 98
9 100
9 107
9 109
10 0
10 4
10 9
10 13
10 14
10 15
10 16
10 20
10 25
10 26
10 31
10 35
10 36
10 40
10 42
10 51
10 52
10 53
10 59
10 63
10 67
10 68
10 72
10 75
10 79
10 80
10 82
10 83
10 84
10 87
10 88
10 90
10 91
10 93
10 96
10 97
10 99
10 101
10 102
10 105
10 107
10 108
10 109
11 0
11 1
11 6
11 7
11 9
11 23
11 25
11 27
11 30
11 31
11 33
11 42
11 46
11 50
11 51
11 53
11 54
11 57
11 58
11 65
11 68
11 70
11 75
11 78
11 81
11 82
11 89
11 90
11 95
11 97
11 103
11 105
11 107
11 109
12 0
12 1
12 2
12 5
12 11
12 12
12 19
12 20
12 21
12 22
12 23
12 25
12 29
12 31
12 32
12 33
12 37
12 38
12 48
12 51
12 54
12 57
12 58
12 61
12 62
12 66
12 69
12 70
12 73
12 75
12 80
12 81
12 83
12 91
12 93
12 94
12 99
12 100
12 101
12 102
12 106
12 108
13 1
13 5
13 6
13 11
13 14
13 18
13 20
13 22
13 23
13 24
13 25
13 28
13 29
13 31
13 34
13 45
13 47
13 50
13 51
13 55
13 59
13 60
13 62
13 64
13 69
13 72
13 73
13 77
13 82
13 83
13 84
13 85
13 90
13 91
13 92
13 95
13 101
13 106
13 108
13 109
14 2
14 3
14 4
14 5
14 8
14 12
14 17
14 19
14 21
14 24
14 25
14 27
14 32
14 37
14 38
14 39
14 40
14 46
14 47
14 48
14 50
14 51
14 55
14 56
14 57
14 63
14 67
14 71
14 72
14 79
14 80
14 81
14 89
14 92
14 94
14 96
14 97
14 99
14 101
14 102
14 104
14 106
14 108
14 109
15 0
15 1
15 3
15 9
15 14
15 16
15 21
15 26
15 29
15 30
15 31
15 34
15 39
15 41
15 42
15 46
15 47
15 48
15 49
15 53
15 55
15 57
15 60
15 61
15 65
15 66
15 68
15 70
15 72
15 74
15 75
15 79
15 85
15 86
15 90
15 91
15 92
15 93
15 95
15 97
15 101
15 103
15 107
15 108
16 2
16 3
16 5
16 7
16 8
16 9
16 10
16 14
16 16
16 20
16 22
16 24
16 26
16 27
16 28
16 29
16 33
16 35
16 37
16 38
16 40
16 41
16 46
16 47
16 48
16 53
16 54
16 55
16 56
16 59
16 60
16 63
16 68
16 74
16 76
16 77
16 82
16 83
16 86
16 87
16 90
16 96
16 97
16 100
16 101
16 102
16 106
17 1
17 4
17 6
17 7
17 8
17 9
17 11
17 13
17 16
17 19
17 21
17 25
17 27
17 31
17 36
17 38
17 39
17 47
17 49
17 52
17 54
17 55
17 58
17 62
17 63
17 68
17 73
17 77
17 78
17 84
17 89
17 91
17 93
17 94
17 96
17 97
17 98
17 103
17 105
18 0
18 2
18 5
18 13
18 18
18 19
18 22
18 24
18 28
18 29
18 30
18 43
18 46
18 47
18 54
18 56
18 57
18 58
18 60
18 61
18 64
18 65
18 68
18 71
18 72
18 75
18 80
18 81
18 84
18 87
18 88
18 91
18 93
18 96
18 97
18 99
19 0
19 1
19 14
19 17
19 19
19 20
19 24
19 26
19 27
19 30
19 33
19 35
19 38
19 39
19 42
19 43
19 51
19 52
19 55
19 56
19 57
19 64
19 66
19 67
19 71
19 73
19 77
19 79
19 80
19 83
19 84
19 89
19 92
19 93
19 95
19 97
19 101
19 103
19 109
20 5
20 6
20 12
20 18
20 19
20 26
20 28
20 35
20 36
20 39
20 48
20 50
20 51
20 52
20 53
20 54
20 55
20 60
20 61
20 62
20 63
20 64
20 67
20 69
20 74
20 75
20 77
20 86
20 87
20 88
20 92
20 93
20 98
20 99
20 102
20 105
20 107
20 108
20 109
21 1
21 3
21 6
21 7
21 15
21 20
21 21
21 23
21 28
21 29
21 31
21 34
21 35
21 36
21 38
21 39
21 40
21 41
21 44
21 45
21 46
21 47
21 48
21 52
21 53
21 57
21 59
21 61
21 66
21 69
21 70
21 73
21 76
21 84
21 86
21 87
21 89
21 90
21 91
21 94
21 98
21 101
21 102
21 103
21 104
21 105
21 106
22 0
22 1
22 3
22 4
22 5
22 6
22 9
22 11
22 14
22 15
22 16
22 20
22 22
22 24
22 25
22 27
22 31
22 33
22 43
22 44
22 49
22 50
22 51
22 55
22 57
22 59
22 60
22 62
22 67
22 72
22 75
22 77
22 78
22 81
22 82
22 83
22 85
22 87
22 88
22 90
22 91
22 94
22 95
22 98
22 99
22 102
22 104
22 106
23 0
23 3
23 5
23 12
23 14
23 18
23 21
23 24
23 25
23 26
23 27
23 28
23 31
23 34
23 37
23 40
23 42
23 45
23 48
23 52
23 54
23 55
23 56
23 58
23 59
23 64
23 68
23 69
23 71
23 73
23 74
23 76
23 77
23 78
23 79
23 87
23 91
23 94
23 95
23 96
23 98
23 99
23 100
23 103
23 104
23 107
23 108
23 109
24 3
24 4
24 6
24 7
24 8
24 9
24 10
24 12
24 14
24 15
24 16
24 18
24 23
24 24
24 25
24 26
24 30
24 32
24 35
24 39
24 42
24 43
24 44
24 45
24 46
24 47
24 49
24 53
24 57
24 58
24 59
24 60
24 61
24 62
24 65
24 74
24 76
24 77
24 81
24 83
24 86
24 88
24 89
24 90
24 91
24 92
24 95
24 96
24 97
24 98
24 101
24 103
24 104
24 108
25 0
25 1
25 5
25 6
25 7
25 10
25 12
25 15
25 16
25 18
25 19
25 20
25 28
25 29
25 32
25 34
25 37
25 41
25 43
25 44
25 49
25 50
25 52
25 54
25 55
25 60
25 61
25 63
25 64
25 66
25 67
25 68
25 69
25 71
25 79
25 80
25 81
25 82
25 83
25 85
25 92
25 95
25 98
25 101
25 103
25 104
25 105
25 106
25 107
25 108
26 4
26 8
26 9
26 10
26 12
26 17
26 18
26 21
26 22
26 23
26 25
26 32
26 37
26 41
26 46
26 51
26 60
26 61
26 65
26 66
26 68
26 71
26 72
26 79
26 85
26 89
26 90
26 92
26 94
26 97
26 101
26 103
26 104
26 105
26 109
27 0
27 2
27 3
27 4
27 11
27 13
27 14
27 16
27 18
27 24
27 27
27 29
27 35
27 40
27 44
27 46
27 49
27 51
27 52
27 56
27 57
27 60
27 64
27 66
27 68
27 69
27 70
27 73
27 75
27 76
27 77
27 78
27 80
27 82
27 84
27 87
27 88
27 90
27 91
27 93
27 94
27 97
27 101
27 108
28 0
28 2
28 3
28 4
28 6
28 8
28 13
28 15
28 17
28 18
28 19
28 20
28 21
28 22
28 23
28 24
28 25
28 26
28 29
28 31
28 37
28 39
28 40
28 41
28 42
28 43
28 44
28 46
28 48
28 50
28 52
28 53
28 54
28 61
28 68
28 71
28 72
28 73
28 76
28 81
28 83
28 84
28 85
28 87
28 89
28 91
28 92
28 100
28 104
28 106
28 107
29 0
29 2
29 4
29 6
29 11
29 12
29 13
29 15
29 18
29 19
29 20
29 25
29 26
29 30
29 32
29 33
29 35
29 37
29 38
29 42
29 43
29 44
29 45
29 49
29 52
29 54
29 59
29 60
29 62
29 63
29 66
29 68
29 70
29 78
29 80
29 83
29 85
29 86
29 89
29 90
29 92
29 94
29 97
29 99
29 100
29 103
29 105
29 109
30 0
30 1
30 2
30 3
30 5
30 7
30 12
30 13
30 14
30 18
30 19
30 23
30 30
30 34
30 38
30 42
30 43
30 44
30 45
30 46
30 47
30 59
30 61
30 66
30 74
30 80
30 85
30 88
30 89
30 91
30 96
30 97
30 104
30 106
30 107
30 109
31 4
31 5
31 7
31 9
31 11
31 16
31 17
31 19
31 20
31 23
31 24
31 27
31 28
31 35
31 36
31 38
31 39
31 42
31 44
31 45
31 48
31 49
31 50
31 56
31 57
31 66
31 70
31 73
31 76
31 78
31 79
31 80
31 81
31 85
31 93
31 94
31 96
31 107
32 1
32 2
32 7
32 8
32 12
32 15
32 18
32 26
32 29
32 34
32 35
32 37
32 38
32 45
32 53
32 54
32 58
32 60
32 61
32 63
32 64
32 65
32 66
32 67
32 70
32 76
32 77
32 78
32 80
32 81
32 84
32 85
32 86
32 91
32 92
32 97
32 104
32 108
33 8
33 11
33 13
33 16
33 18
33 19
33 20
33 21
33 23
33 27
33 29
33 33
33 35
33 38
33 39
33 40
33 46
33 50
33 51
33 52
33 53
33 55
33 60
33 61
33 64
33 69
33 70
33 77
33 80
33 82
33 86
33 88
33 91
33 92
33 93
33 98
33 99
33 100
33 101
33 104
33 105
33 107
33 109
34 0
34 2
34 3
34 4
34 6
34 9
34 12
34 14
34 16
34 17
34 19
34 31
34 34
34 35
34 41
34 46
34 48
34 51
34 53
34 55
34 57
34 58
34 60
34 61
34 62
34 63
34 65
34 67
34 68
34 71
34 72
34 78
34 82
34 85
34 88
34 89
34 91
34 94
34 95
34 99
34 101
34 102
34 103
34 104
34 107
34 109
35 0
35 1
35 2
35 4
35 9
35 10
35 16
35 20
35 21
35 26
35 28
35 30
35 34
35 35
35 41
35 42
35 44
35 46
35 49
35 50
35 52
35 53
35 54
35 56
35 57
35 58
35 59
35 60
35 61
35 62
35 63
35 64
35 65
35 67
35 72
35 76
35 77
35 79
35 80
35 81
35 82
35 85
35 87
35 91
35 94
35 95
35 98
35 101
35 103
35 109
36 0
36 1
36 3
36 5
36 7
36 8
36 9
36 10
36 11
36 13
36 18
36 23
36 24
36 26
36 32
36 36
36 37
36 41
36 43
36 44
36 45
36 48
36 51
36 53
36 54
36 55
36 56
36 57
36 58
36 59
36 60
36 61
36 65
36 67
36 72
36 76
36 77
36 78
36 79
36 86
36 89
36 90
36 96
36 101
36 103
36 104
36 107
36 109
37 2
37 4
37 5
37 11
37 12
37 14
37 15
37 25
37 27
37 30
37 33
37 34
37 37
37 40
37 45
37 46
37 50
37 52
37 54
37 56
37 57
37 60
37 63
37 65
37 68
37 69
37 71
37 73
37 74
37 76
37 77
37 79
37 82
37 84
37 85
37 86
37 87
37 89
37 93
37 94
37 95
37 97
37 99
37 100
37 102
37 104
37 105
37 107
37 109
38 1
38 4
38 7
38 8
38 11
38 13
38 16
38 19
38 20
38 22
38 23
38 24
38 26
38 27
38 28
38 29
38 31
38 32
38 33
38 34
38 36
38 38
38 39
38 42
38 43
38 44
38 45
38 46
38 47
38 52
38 53
38 54
38 55
38 56
38 61
38 63
38 67
38 72
38 75
38 76
38 80
38 83
38 88
38 91
38 92
38 94
38 95
38 100
38 102
38 103
38 104
38 107
38 108
38 109
39 3
39 4
39 11
39 13
39 14
39 27
39 32
39 35
39 38
39 40
39 42
39 45
39 47
39 51
39 54
39 57
39 59
39 60
39 61
39 63
39 64
39 68
39 71
39 74
39 75
39 80
39 82
39 84
39 88
39 92
39 93
39 94
39 95
39 102
39 103
39 105
39 107
39 109
40 6
40 7
40 10
40 13
40 15
40 16
40 17
40 20
40 22
40 23
40 24
40 25
40 33
40 36
40 37
40 40
40 43
40 47
40 55
40 56
40 57
40 60
40 63
40 65
40 76
40 78
40 81
40 83
40 84
40 85
40 86
40 87
40 91
40 93
40 96
40 97
40 101
40 102
40 105
40 106
40 108
41 1
41 5
41 7
41 9
41 10
41 15
41 18
41 21
41 22
41 24
41 25
41 29
41 30
41 31
41 32
41 35
41 38
41 43
41 45
41 46
41 47
41 51
41 56
41 59
41 60
41 61
41 64
41 66
41 71
41 75
41 76
41 77
41 78
41 84
41 87
41 89
41 90
41 97
41 101
41 105
41 106
42 0
42 3
42 9
42 10
42 11
42 12
42 14
42 17
42 19
42 23
42 25
42 28
42 32
42 34
42 36
42 37
42 38
42 39
42 44
42 46
42 50
42 51
42 52
42 53
42 58
42 61
42 62
42 63
42 65
42 66
42 67
42 68
42 69
42 70
42 73
42 78
42 80
42 81
42 82
42 85
42 87
42 91
42 95
42 100
42 101
42 104
42 109
43 0
43 7
43 8
43 14
43 15
43 16
43 18
43 22
43 23
43 25
43 27
43 29
43 31
43 34
43 43
43 45
43 59
43 62
43 66
43 68
43 71
43 74
43 75
43 77
43 81
43 84
43 86
43 87
43 96
43 97
43 100
43 101
43 109
44 2
44 6
44 9
44 12
44 13
44 16
44 19
44 21
44 22
44 24
44 25
44 28
44 36
44 37
44 40
44 45
44 52
44 55
44 58
44 59
44 60
44 61
44 66
44 67
44 69
44 73
44 75
44 77
44 83
44 89
44 94
44 96
44 99
44 100
44 101
44 102
44 106
44 109
45 3
45 4
45 10
45 17
45 18
45 20
45 21
45 25
45 29
45 30
45 31
45 33
45 34
45 36
45 38
45 39
45 41
45 42
45 45
45 47
45 50
45 51
45 52
45 56
45 57
45 58
45 59
45 63
45 64
45 65
45 66
45 71
45 72
45 75
45 81
45 82
45 86
45 87
45 89
45 90
45 99
45 100
45 102
45 103
45 105
45 106
45 107
45 108
45 109
46 1
46 2
46 3
46 4
46 8
46 9
46 11
46 16
46 18
46 19
46 25
46 28
46 31
46 34
46 36
46 37
46 39
46 43
46 45
46 48
46 49
46 53
46 55
46 57
46 58
46 62
46 64
46 65
46 67
46 68
46 72
46 77
46 79
46 82
46 83
46 93
46 96
46 97
46 104
46 107
47 0
47 2
47 10
47 11
47 17
47 23
47 26
47 29
47 31
47 36
47 48
47 49
47 50
47 52
47 53
47 54
47 55
47 59
47 70
47 73
47 74
47 76
47 78
47 79
47 84
47 86
47 87
47 89
47 91
47 94
47 95
47 97
47 100
47 102
47 103
47 106
47 107
48 0
48 3
48 4
48 6
48 8
48 9
48 14
48 18
48 21
48 23
48 38
48 41
48 42
48 44
48 45
48 46
48 47
48 49
48 52
48 55
48 59
48 67
48 68
48 69
48 70
48 74
48 75
48 76
48 77
48 81
48 82
48 83
48 88
48 89
48 92
48 93
48 97
48 101
48 104
48 105
48 107
48 108
49 0
49 6
49 9
49 17
49 18
49 19
49 21
49 22
49 28
49 32
49 36
49 37
49 42
49 43
49 44
49 47
49 50
49 52
49 53
49 54
49 62
49 65
49 68
49 70
49 75
49 77
49 78
49 79
49 80
49 81
49 84
49 87
49 89
49 92
49 94
49 97
49 98
49 99
49 100
49 101
49 102
49 106
49 107
50 1
50 5
50 6
50 11
50 14
50 18
50 19
50 21
50 23
50 25
50 26
50 27
50 31
50 33
50 35
50 36
50 39
50 44
50 46
50 47
50 50
50 52
50 53
50 57
50 58
50 61
50 67
50 69
50 73
50 74
50 80
50 82
50 85
50 89
50 93
50 94
50 96
50 99
50 102
50 103
50 104
50 108
51 1
51 4
51 5
51 6
51 8
51 10
51 16
51 18
51 21
51 23
51 24
51 27
51 31
51 32
51 35
51 38
51 41
51 42
51 45
51 46
51 49
51 50
51 51
51 52
51 55
51 61
51 63
51 66
51 68
51 69
51 71
51 74
51 76
51 80
51 82
51 83
51 85
51 86
51 87
51 89
51 90
51 92
51 97
51 98
51 99
51 105
51 106
51 108
51 109
52 0
52 4
52 8
52 9
52 10
52 11
52 16
52 17
52 20
52 23
52 25
52 28
52 31
52 33
52 34
52 35
52 38
52 39
52 43
52 45
52 46
52 48
52 50
52 55
52 57
52 58
52 59
52 62
52 65
52 68
52 73
52 74
52 75
52 78
52 79
52 84
52 92
52 93
52 97
52 98
52 99
52 100
52 102
52 103
52 105
52 106
52 108
52 109
53 2
53 7
53 8
53 9
53 10
53 12
53 15
53 16
53 22
53 25
53 28
53 30
53 31
53 33
53 34
53 38
53 39
53 40
53 43
53 45
53 52
53 53
53 58
53 62
53 65
53 68
53 69
53 73
53 75
53 76
53 79
53 80
53 82
53 84
53 85
53 87
53 88
53 89
53 97
53 98
53 99
53 102
53 107
53 109
54 0
54 6
54 8
54 15
54 17
54 18
54 19
54 21
54 23
54 29
54 31
54 39
54 41
54 42
54 43
54 44
54 46
54 47
54 50
54 52
54 54
54 58
54 60
54 61
54 64
54 66
54 68
54 69
54 73
54 75
54 76
54 78
54 81
54 82
54 85
54 89
54 90
54 92
54 98
54 101
54 102
54 103
54 107
54 109
55 4
55 5
55 6
55 10
55 16
55 21
55 28
55 29
55 34
55 36
55 38
55 48
55 50
55 51
55 60
55 62
55 64
55 65
55 66
55 67
55 69
55 70
55 73
55 77
55 78
55 80
55 83
55 84
55 88
55 91
55 92
55 96
55 98
55 102
55 103
55 109
56 0
56 1
56 3
56 7
56 9
56 10
56 11
56 13
56 22
56 23
56 24
56 27
56 29
56 30
56 37
56 42
56 44
56 47
56 49
56 51
56 52
56 54
56 57
56 65
56 74
56 77
56 81
56 82
56 84
56 88
56 89
56 90
56 94
56 95
56 99
56 101
56 104
56 105
56 107
56 108
57 0
57 3
57 6
57 7
57 9
57 19
57 20
57 24
57 26
57 29
57 30
57 36
57 37
57 40
57 41
57 44
57 46
57 49
57 50
57 54
57 55
57 57
57 61
57 65
57 66
57 69
57 71
57 74
57 76
57 77
57 80
57 81
57 82
57 88
57 89
57 91
57 92
57 93
57 95
57 96
57 97
57 104
57 105
57 109
58 2
58 3
58 5
58 11
58 14
58 16
58 17
58 19
58 22
58 23
58 24
58 27
58 31
58 33
58 35
58 39
58 41
58 42
58 46
58 47
58 50
58 51
58 55
58 56
58 58
58 59
58 61
58 64
58 66
58 68
58 70
58 71
58 73
58 75
58 80
58 82
58 84
58 86
58 89
58 91
58 92
58 96
58 98
58 104
59 0
59 1
59 5
59 8
59 11
59 13
59 15
59 16
59 17
59 21
59 22
59 27
59 28
59 29
59 32
59 36
59 37
59 38
59 42
59 46
59 53
59 54
59 56
59 57
59 58
59 59
59 61
59 62
59 63
59 65
59 68
59 73
59 75
59 76
59 80
59 82
59 83
59 84
59 85
59 90
59 93
59 95
59 96
59 97
59 98
59 100
59 105
59 109
60 0
60 1
60 7
60 8
60 9
60 13
60 14
60 18
60 20
60 21
60 24
60 25
60 27
60 30
60 32
60 33
60 39
60 42
60 46
60 48
60 56
60 62
60 70
60 72
60 73
60 75
60 78
60 79
60 81
60 84
60 85
60 94
60 95
60 96
60 97
60 99
60 100
60 104
60 105
60 107
60 109
61 0
61 1
61 2
61 11
61 13
61 22
61 25
61 26
61 27
61 28
61 33
61 34
61 37
61 38
61 43
61 46
61 48
61 50
61 55
61 69
61 70
61 72
61 74
61 77
61 79
61 80
61 92
61 96
61 101
61 102
61 104
61 105
61 107
61 108
61 109
62 0
62 1
62 2
62 3
62 4
62 5
62 6
62 7
62 8
62 9
62 11
62 13
62 18
62 19
62 20
62 21
62 23
62 24
62 27
62 29
62 30
62 31
62 32
62 37
62 38
62 44
62 47
62 49
62 51
62 56
62 57
62 58
62 59
62 64
62 70
62 72
62 73
62 76
62 79
62 87
62 89
62 90
62 92
62 94
62 95
62 96
62 99
62 100
62 102
62 103
62 104
62 108
63 3
63 6
63 10
63 11
63 13
63 14
63 16
63 19
63 22
63 23
63 30
63 33
63 36
63 38
63 39
63 42
63 46
63 49
63 51
63 52
63 56
63 62
63 63
63 64
63 65
63 66
63 69
63 70
63 73
63 75
63 76
63 77
63 79
63 80
63 83
63 84
63 93
63 94
63 95
63 98
63 102
63 104
63 106
63 108
64 0
64 3
64 4
64 6
64 8
64 9
64 10
64 12
64 14
64 15
64 17
64 18
64 22
64 24
64 26
64 27
64 29
64 30
64 33
64 34
64 37
64 38
64 41
64 45
64 48
64 49
64 51
64 56
64 57
64 58
64 61
64 63
64 70
64 71
64 74
64 77
64 78
64 79
64 80
64 82
64 88
64 89
64 91
64 92
64 95
64 96
64 97
64 98
64 103
64 104
64 108
64 109
65 0
65 4
65 7
65 10
65 11
65 12
65 13
65 18
65 20
65 21
65 22
65 23
65 24
65 25
65 29
65 36
65 38
65 39
65 43
65 47
65 51
65 53
65 60
65 63
65 64
65 67
65 68
65 71
65 76
65 78
65 82
65 83
65 84
65 86
65 88
65 96
65 97
65 99
65 101
65 102
65 107
66 1
66 2
66 3
66 5
66 8
66 14
66 19
66 20
66 22
66 24
66 25
66 27
66 30
66 33
66 39
66 40
66 41
66 42
66 45
66 51
66 53
66 55
66 57
66 60
66 64
66 65
66 66
66 67
66 69
66 70
66 71
66 73
66 76
66 77
66 78
66 80
66 81
66 84
66 90
66 92
66 95
66 99
66 100
66 103
66 104
66 105
66 108
67 4
67 7
67 10
67 12
67 15
67 19
67 21
67 22
67 23
67 24
67 25
67 26
67 28
67 30
67 31
67 33
67 34
67 35
67 38
67 42
67 44
67 48
67 49
67 54
67 55
67 58
67 59
67 60
67 74
67 76
67 78
67 80
67 81
67 87
67 89
67 91
67 92
67 93
67 94
67 98
67 99
67 100
67 101
68 1
68 3
68 4
68 5
68 7
68 8
68 9
68 17
68 18
68 19
68 20
68 24
68 25
68 30
68 35
68 36
68 38
68 40
68 41
68 43
68 47
68 49
68 52
68 54
68 56
68 58
68 59
68 60
68 62
68 63
68 64
68 65
68 68
68 70
68 75
68 81
68 84
68 86
68 90
68 92
68 94
68 96
68 97
68 98
68 99
68 100
68 102
68 103
68 104
68 106
68 107
68 108
69 0
69 3
69 6
69 11
69 12
69 13
69 15
69 16
69 17
69 19
69 20
69 22
69 24
69 29
69 30
69 31
69 33
69 38
69 42
69 44
69 47
69 49
69 54
69 55
69 57
69 58
69 59
69 60
69 61
69 62
69 64
69 70
69 72
69 74
69 75
69 78
69 81
69 83
69 85
69 86
69 87
69 89
69 90
69 91
69 92
69 95
69 97
69 99
69 100
69 101
69 102
69 104
69 105
69 107
69 108
70 2
70 3
70 6
70 7
70 8
70 15
70 21
70 29
70 33
70 35
70 37
70 40
70 42
70 44
70 45
70 46
70 47
70 48
70 50
70 53
70 56
70 57
70 58
70 59
70 60
70 63
70 64
70 68
70 69
70 71
70 75
70 77
70 78
70 80
70 81
70 82
70 84
70 85
70 86
70 92
70 96
70 99
70 101
70 106
70 108
71 0
71 3
71 4
71 8
71 13
71 17
71 20
71 22
71 23
71 25
71 31
71 33
71 37
71 39
71 47
71 48
71 49
71 51
71 55
71 60
71 62
71 65
71 66
71 71
71 74
71 76
71 78
71 79
71 80
71 85
71 93
71 95
71 96
71 97
71 98
71 99
71 103
71 105
71 106
72 3
72 4
72 6
72 7
72 8
72 9
72 10
72 11
72 14
72 15
72 19
72 21
72 22
72 25
72 27
72 29
72 30
72 32
72 34
72 39
72 40
72 43
72 44
72 47
72 48
72 53
72 54
72 59
72 67
72 69
72 70
72 71
72 72
72 73
72 82
72 85
72 86
72 87
72 88
72 89
72 91
72 93
72 96
72 97
72 99
72 100
72 105
72 108
72 109
73 0
73 3
73 12
73 16
73 20
73 21
73 24
73 25
73 27
73 29
73 30
73 31
73 34
73 37
73 40
73 41
73 43
73 44
73 49
73 50
73 51
73 52
73 54
73 55
73 61
73 63
73 65
73 66
73 68
73 69
73 74
73 78
73 80
73 82
73 84
73 85
73 88
73 91
73 94
73 95
73 96
73 98
73 99
73 103
73 107
73 108
73 109
74 0
74 2
74 3
74 7
74 8
74 9
74 11
74 12
74 13
74 14
74 15
74 17
74 21
74 22
74 23
74 29
74 33
74 35
74 38
74 39
74 40
74 43
74 45
74 46
74 50
74 52
74 54
74 63
74 68
74 69
74 72
74 73
74 75
74 77
74 80
74 81
74 82
74 83
74 84
74 86
74 88
74 92
74 94
74 98
74 100
74 103
74 105
74 107
74 108
74 109
75 6
75 8
75 10
75 17
75 18
75 21
75 23
75 24
75 28
75 30
75 31
75 33
75 34
75 37
75 39
75 46
75 48
75 49
75 50
75 51
75 55
75 56
75 57
75 58
75 59
75 60
75 63
75 64
75 65
75 66
75 67
75 68
75 71
75 73
75 76
75 81
75 82
75 83
75 84
75 86
75 87
75 89
75 91
75 93
75 95
75 96
75 97
75 99
75 101
75 108
76 4
76 7
76 9
76 10
76 11
76 15
76 20
76 22
76 23
76 24
76 27
76 31
76 40
76 41
76 43
76 45
76 48
76 51
76 57
76 59
76 60
76 61
76 72
76 74
76 75
76 76
76 80
76 81
76 82
76 84
76 87
76 89
76 90
76 91
76 96
76 97
76 99
76 101
76 106
77 0
77 1
77 3
77 6
77 7
77 8
77 9
77 11
77 17
77 18
77 21
77 22
77 23
77 24
77 25
77 30
77 32
77 33
77 36
77 37
77 38
77 44
77 48
77 50
77 51
77 53
77 58
77 59
77 67
77 72
77 74
77 75
77 76
77 77
77 79
77 80
77 81
77 83
77 85
77 86
77 87
77 89
77 90
77 92
77 93
77 94
77 96
77 97
77 98
77 99
77 102
77 103
77 109
78 0
78 4
78 7
78 11
78 14
78 16
78 17
78 18
78 22
78 23
78 25
78 27
78 28
78 37
78 40
78 43
78 46
78 58
78 59
78 60
78 63
78 67
78 69
78 72
78 75
78 81
78 82
78 86
78 88
78 95
78 102
78 105
78 109
79 0
79 1
79 2
79 5
79 6
79 9
79 14
79 17
79 19
79 21
79 22
79 23
79 24
79 27
79 28
79 29
79 31
79 36
79 37
79 40
79 41
79 42
79 43
79 44
79 48
79 49
79 55
79 56
79 59
79 60
79 65
79 69
79 70
79 71
79 74
79 78
79 80
79 82
79 83
79 84
79 86
79 87
79 89
79 90
79 94
79 102
79 104
79 109
80 2
80 4
80 6
80 8
80 9
80 11
80 12
80 14
80 21
80 23
80 24
80 30
80 31
80 32
80 36
80 37
80 40
80 43
80 48
80 49
80 53
80 54
80 58
80 59
80 68
80 69
80 70
80 73
80 74
80 75
80 76
80 79
80 80
80 81
80 84
80 85
80 86
80 87
80 93
80 96
80 101
80 105
80 106
80 108
81 3
81 5
81 8
81 10
81 12
81 13
81 15
81 16
81 18
81 19
81 20
81 25
81 31
81 33
81 35
81 37
81 38
81 41
81 43
81 44
81 69
81 70
81 74
81 75
81 86
81 90
81 93
81 95
81 100
81 106
81 107
81 108
82 0
82 3
82 6
82 7
82 9
82 12
82 18
82 21
82 22
82 27
82 29
82 31
82 32
82 33
82 35
82 37
82 39
82 40
82 43
82 44
82 45
82 48
82 49
82 53
82 54
82 55
82 56
82 57
82 58
82 59
82 60
82 61
82 70
82 77
82 79
82 83
82 85
82 88
82 90
82 94
82 96
82 97
82 98
82 101
82 106
82 107
82 108
83 0
83 3
83 4
83 5
83 6
83 7
83 9
83 10
83 11
83 19
83 21
83 22
83 23
83 24
83 29
83 30
83 35
83 38
83 49
83 52
83 54
83 57
83 58
83 60
83 61
83 64
83 67
83 68
83 69
83 70
83 71
83 72
83 74
83 75
83 77
83 80
83 81
83 83
83 84
83 87
83 90
83 92
83 93
83 94
83 95
83 97
83 98
83 101
83 105
83 106
83 109
84 5
84 6
84 8
84 12
84 16
84 18
84 19
84 25
84 32
84 34
84 36
84 37
84 39
84 41
84 42
84 45
84 47
84 50
84 52
84 53
84 58
84 62
84 63
84 67
84 69
84 70
84 71
84 72
84 73
84 75
84 80
84 82
84 84
84 86
84 87
84 88
84 89
84 95
84 100
84 101
84 104
84 105
84 109
85 3
85 5
85 7
85 8
85 15
85 18
85 19
85 22
85 24
85 25
85 27
85 29
85 31
85 34
85 35
85 42
85 45
85 46
85 47
85 48
85 49
85 50
85 54
85 55
85 56
85 58
85 60
85 61
85 64
85 68
85 70
85 72
85 73
85 77
85 79
85 84
85 88
85 90
85 97
85 104
85 105
85 106
86 1
86 3
86 4
86 6
86 8
86 15
86 19
86 20
86 21
86 23
86 25
86 26
86 28
86 29
86 30
86 35
86 38
86 39
86 45
86 50
86 51
86 52
86 53
86 55
86 61
86 63
86 67
86 68
86 69
86 72
86 73
86 75
86 76
86 78
86 79
86 81
86 82
86 83
86 84
86 85
86 87
86 88
86 90
86 92
86 96
86 101
86 102
86 103
86 105
86 106
86 107
86 108
87 1
87 2
87 3
87 5
87 6
87 16
87 17
87 19
87 24
87 25
87 26
87 29
87 31
87 40
87 41
87 42
87 48
87 51
87 53
87 54
87 55
87 57
87 65
87 68
87 70
87 72
87 73
87 75
87 78
87 79
87 81
87 84
87 85
87 87
87 88
87 90
87 91
87 94
87 95
87 99
87 100
87 101
87 102
87 104
87 105
87 106
88 7
88 8
88 10
88 11
88 13
88 14
88 19
88 20
88 21
88 25
88 28
88 31
88 33
88 36
88 37
88 39
88 43
88 48
88 52
88 53
88 54
88 58
88 60
88 62
88 63
88 64
88 67
88 68
88 70
88 71
88 72
88 77
88 86
88 87
88 90
88 93
88 95
88 102
88 104
88 105
88 106
88 108
88 109
89 0
89 2
89 3
89 4
89 5
89 9
89 12
89 14
89 17
89 18
89 19
89 22
89 23
89 24
89 25
89 26
89 27
89 28
89 31
89 34
89 35
89 37
89 39
89 40
89 41
89 42
89 49
89 53
89 54
89 56
89 62
89 64
89 68
89 69
89 71
89 74
89 76
89 77
89 81
89 85
89 86
89 87
89 92
89 93
89 99
89 100
89 101
89 104
89 105
90 0
90 4
90 6
90 8
90 10
90 11
90 13
90 16
90 17
90 18
90 19
90 20
90 21
90 22
90 25
90 26
90 27
90 28
90 36
90 37
90 38
90 39
90 40
90 42
90 43
90 47
90 49
90 51
90 52
90 53
90 55
90 57
90 58
90 62
90 63
90 64
90 65
90 70
90 78
90 79
90 83
90 85
90 87
90 88
90 90
90 94
90 96
90 97
90 98
90 99
90 100
90 101
90 109
91 0
91 4
91 5
91 7
91 9
91 11
91 14
91 15
91 16
91 22
91 25
91 26
91 27
91 29
91 30
91 32
91 33
91 34
91 36
91 42
91 43
91 46
91 52
91 54
91 57
91 58
91 59
91 61
91 62
91 63
91 64
91 65
91 66
91 72
91 73
91 74
91 76
91 83
91 85
91 88
91 91
91 92
91 93
91 94
91 97
91 101
91 103
91 104
92 2
92 3
92 4
92 9
92 11
92 15
92 16
92 19
92 26
92 27
92 28
92 30
92 31
92 34
92 36
92 37
92 39
92 41
92 44
92 50
92 51
92 52
92 53
92 56
92 58
92 59
92 60
92 61
92 62
92 64
92 67
92 70
92 74
92 77
92 81
92 82
92 86
92 87
92 90
92 93
92 94
92 95
92 97
92 101
92 105
92 106
93 0
93 4
93 6
93 8
93 9
93 11
93 14
93 20
93 21
93 22
93 25
93 26
93 27
93 28
93 32
93 35
93 36
93 37
93 41
93 48
93 49
93 53
93 56
93 58
93 63
93 70
93 72
93 74
93 76
93 77
93 78
93 80
93 87
93 88
93 92
93 97
93 98
93 99
93 100
93 106
93 107
93 108
94 5
94 8
94 12
94 14
94 17
94 19
94 23
94 32
94 33
94 34
94 35
94 36
94 37
94 38
94 41
94 42
94 49
94 51
94 53
94 54
94 58
94 59
94 72
94 77
94 78
94 81
94 85
94 87
94 88
94 91
94 92
94 93
94 95
94 98
94 100
95 0
95 1
95 6
95 7
95 11
95 12
95 14
95 15
95 17
95 19
95 21
95 23
95 26
95 30
95 32
95 34
95 35
95 36
95 37
95 39
95 43
95 46
95 47
95 53
95 56
95 61
95 63
95 65
95 66
95 68
95 70
95 72
95 73
95 75
95 78
95 79
95 80
95 81
95 82
95 84
95 85
95 88
95 93
95 94
95 97
95 98
95 100
95 102
95 103
95 105
95 108
96 0
96 2
96 3
96 9
96 10
96 14
96 17
96 19
96 21
96 26
96 27
96 28
96 29
96 32
96 35
96 36
96 38
96 49
96 53
96 54
96 56
96 60
96 63
96 64
96 65
96 67
96 68
96 69
96 71
96 72
96 73
96 74
96 76
96 78
96 80
96 81
96 84
96 88
96 90
96 100
96 101
96 106
96 108
96 109
97 0
97 4
97 9
97 16
97 17
97 18
97 19
97 20
97 21
97 30
97 31
97 32
97 35
97 36
97 37
97 38
97 45
97 47
97 50
97 51
97 53
97 54
97 55
97 57
97 61
97 68
97 74
97 75
97 77
97 78
97 85
97 87
97 88
97 89
97 92
97 93
97 94
97 102
97 103
97 105
97 106
97 109
98 0
98 2
98 5
98 9
98 14
98 17
98 19
98 25
98 26
98 27
98 30
98 33
98 34
98 36
98 37
98 39
98 40
98 41
98 42
98 43
98 44
98 45
98 46
98 47
98 50
98 54
98 57
98 58
98 61
98 62
98 65
98 67
98 69
98 70
98 74
98 75
98 76
98 80
98 81
98 85
98 87
98 89
98 91
98 93
98 94
98 106
99 3
99 6
99 8
99 11
99 12
99 13
99 14
99 15
99 17
99 18
99 19
99 25
99 26
99 27
99 29
99 30
99 31
99 32
99 36
99 37
99 38
99 40
99 42
99 44
99 47
99 53
99 59
99 64
99 68
99 70
99 75
99 80
99 85
99 86
99 89
99 92
99 93
99 94
99 96
99 97
99 98
99 100
99 101
99 102
100 0
100 1
100 5
100 6
100 18
100 21
100 23
100 24
100 25
100 30
100 32
100 35
100 36
100 37
100 39
100 41
100 43
100 47
100 48
100 49
100 51
100 55
100 58
100 60
100 61
100 64
100 65
100 66
100 67
100 72
100 78
100 82
100 90
100 92
100 93
100 96
100 98
100 99
100 100
100 103
100 106
100 107
101 1
101 5
101 11
101 13
101 15
101 17
101 18
101 19
101 24
101 26
101 27
101 28
101 29
101 30
101 34
101 35
101 37
101 38
101 46
101 49
101 50
101 53
101 54
101 59
101 62
101 63
101 65
101 66
101 67
101 75
101 76
101 77
101 80
101 83
101 84
101 85
101 91
101 92
101 93
101 94
101 96
101 98
101 99
101 102
101 103
101 104
101 105
101 107
101 108
102 2
102 4
102 5
102 6
102 8
102 11
102 14
102 18
102 21
102 22
102 23
102 26
102 29
102 30
102 32
102 33
102 36
102 37
102 38
102 39
102 42
102 46
102 47
102 49
102 50
102 54
102 58
102 60
102 65
102 68
102 70
102 74
102 75
102 77
102 79
102 80
102 82
102 84
102 90
102 91
102 93
102 94
102 97
102 98
102 99
102 100
102 102
102 105
102 108
102 109
103 0
103 2
103 5
103 7
103 11
103 12
103 14
103 16
103 18
103 23
103 26
103 29
103 31
103 32
103 38
103 47
103 53
103 56
103 61
103 64
103 66
103 67
103 73
103 75
103 79
103 82
103 86
103 87
103 93
103 94
103 95
103 96
103 97
103 99
103 105
103 107
103 108
104 3
104 4
104 6
104 7
104 11
104 14
104 15
104 16
104 21
104 23
104 24
104 27
104 35
104 36
104 37
104 38
104 47
104 50
104 55
104 56
104 59
104 65
104 67
104 68
104 72
104 76
104 78
104 79
104 80
104 82
104 84
104 89
104 91
104 96
104 97
104 98
104 102
104 103
104 104
104 105
104 108
105 0
105 3
105 5
105 6
105 7
105 8
105 10
105 11
105 13
105 16
105 17
105 18
105 20
105 41
105 42
105 43
105 45
105 46
105 47
105 50
105 51
105 52
105 56
105 59
105 70
105 74
105 75
105 84
105 94
105 96
105 97
105 98
105 99
105 100
105 105
105 106
105 109
106 0
106 8
106 9
106 11
106 12
106 13
106 17
106 18
106 20
106 21
106 24
106 26
106 28
106 32
106 36
106 41
106 42
106 45
106 48
106 49
106 56
106 57
106 58
106 61
106 62
106 65
106 68
106 73
106 76
106 77
106 80
106 84
106 85
106 92
106 93
106 94
106 97
106 99
106 103
106 105
107 1
107 4
107 5
107 6
107 9
107 10
107 11
107 12
107 13
107 15
107 22
107 25
107 28
107 29
107 30
107 34
107 35
107 39
107 41
107 42
107 43
107 47
107 49
107 50
107 51
107 54
107 56
107 59
107 63
107 66
107 70
107 71
107 76
107 78
107 80
107 89
107 91
107 92
107 97
107 98
107 100
107 102
107 103
107 105
107 106
107 107
107 108
107 109
108 0
108 1
108 3
108 4
108 7
108 11
108 18
108 20
108 21
108 22
108 24
108 28
108 29
108 30
108 31
108 32
108 34
108 35
108 36
108 38
108 39
108 45
108 47
108 52
108 53
108 56
108 61
108 63
108 69
108 72
108 74
108 75
108 79
108 80
108 83
108 86
108 89
108 91
108 92
108 93
108 94
108 97
108 98
108 99
108 100
108 102
108 103
108 106
108 108
109 1
109 3
109 5
109 11
109 13
109 15
109 19
109 20
109 21
109 23
109 26
109 27
109 29
109 30
109 31
109 32
109 37
109 38
109 40
109 41
109 46
109 47
109 49
109 50
109 57
109 58
109 59
109 62
109 65
109 66
109 67
109 70
109 74
109 78
109 80
109 82
109 84
109 87
109 89
109 91
109 92
109 95
109 97
109 99
109 100
109 104
109 107
