20
160
0 1
0 5
0 8
0 10
0 11
0 17
0 18
1 0
1 1
1 3
1 12
1 13
1 14
1 15
2 2
2 4
2 10
2 11
2 13
2 14
2 15
2 16
2 19
3 0
3 1
3 3
3 4
3 6
3 10
3 11
3 13
3 16
3 19
4 0
4 3
4 4
4 6
4 7
4 10
4 11
4 12
4 13
4 14
4 15
4 17
5 1
5 2
5 3
5 4
5 7
5 15
5 18
5 19
6 1
6 3
6 7
6 9
6 10
6 13
6 14
7 1
7 2
7 3
7 4
7 5
7 6
7 7
7 10
7 14
7 15
7 19
8 0
8 2
8 6
8 12
8 13
8 15
8 16
9 3
9 5
9 6
9 10
9 16
10 4
10 5
10 6
10 8
10 9
10 11
10 13
11 9
11 11
11 12
11 13
11 14
11 15
11 18
12 3
12 12
12 13
12 15
13 0
13 1
13 6
13 7
13 8
13 12
13 14
13 18
14 0
14 4
14 5
14 8
14 9
14 12
14 13
14 14
14 16
14 17
14 18
14 19
15 7
15 8
15 9
15 10
15 13
15 16
15 17
15 19
16 0
16 2
16 3
16 6
16 8
16 11
16 13
16 16
16 19
17 1
17 3
17 6
17 10
17 18
18 0
18 2
18 4
18 5
18 7
18 10
18 12
18 19
19 0
19 3
19 4
19 5
19 7
19 11
19 12
19 18
19 19
