60
1440
0 0
0 5
0 7
0 8
0 14
0 19
0 22
0 24
0 26
0 28
0 31
0 33
0 34
0 36
0 45
0 51
0 55
0 57
0 58
0 59
1 0
1 3
1 5
1 8
1 10
1 15
1 16
1 19
1 20
1 26
1 27
1 30
1 32
1 33
1 34
1 46
1 54
1 56
1 58
1 59
2 1
2 2
2 3
2 10
2 11
2 12
2 14
2 16
2 17
2 18
2 20
2 26
2 31
2 35
2 37
2 38
2 47
2 51
2 54
2 57
2 58
3 2
3 3
3 5
3 8
3 15
3 18
3 20
3 22
3 25
3 31
3 32
3 34
3 37
3 38
3 42
3 43
3 44
3 45
3 48
3 54
3 57
4 2
4 4
4 5
4 7
4 9
4 18
4 19
4 21
4 22
4 23
4 24
4 28
4 29
4 30
4 31
4 33
4 38
4 41
4 42
4 43
4 50
4 51
4 53
4 57
5 7
5 13
5 14
5 15
5 17
5 18
5 19
5 20
5 21
5 22
5 25
5 27
5 28
5 34
5 35
5 37
5 38
5 39
5 42
5 48
5 49
5 51
5 52
5 53
5 54
5 55
5 56
5 57
6 3
6 5
6 12
6 17
6 22
6 23
6 26
6 27
6 30
6 32
6 34
6 35
6 36
6 43
6 44
6 45
6 49
6 51
6 55
6 56
6 57
6 58
6 59
7 0
7 2
7 3
7 7
7 9
7 10
7 14
7 16
7 18
7 21
7 24
7 25
7 26
7 27
7 28
7 30
7 31
7 40
7 44
7 48
7 50
7 51
7 56
7 58
8 5
8 14
8 19
8 21
8 25
8 26
8 31
8 35
8 36
8 37
8 41
8 44
8 46
8 47
8 54
8 57
9 2
9 3
9 4
9 7
9 8
9 12
9 13
9 14
9 17
9 18
9 19
9 20
9 21
9 22
9 24
9 25
9 26
9 27
9 28
9 29
9 31
9 32
9 37
9 40
9 41
9 48
9 49
9 50
9 53
9 54
9 59
10 0
10 1
10 2
10 3
10 6
10 13
10 14
10 18
10 20
10 23
10 24
10 27
10 29
10 34
10 35
10 38
10 39
10 41
10 43
10 47
10 48
10 49
10 50
10 52
10 54
10 55
11 0
11 1
11 6
11 7
11 8
11 13
11 15
11 17
11 19
11 22
11 23
11 26
11 27
11 30
11 32
11 36
11 41
11 45
11 47
11 48
11 49
11 52
11 53
11 55
11 56
11 58
12 0
12 1
12 8
12 9
12 11
12 14
12 16
12 18
12 19
12 20
12 22
12 23
12 26
12 27
12 29
12 35
12 37
12 40
12 45
12 48
12 49
12 52
12 54
12 55
12 56
13 1
13 2
13 3
13 4
13 6
13 13
13 14
13 15
13 18
13 20
13 23
13 24
13 28
13 29
13 31
13 34
13 35
13 37
13 41
13 42
13 43
13 45
13 54
14 1
14 2
14 6
14 9
14 15
14 21
14 25
14 26
14 30
14 33
14 38
14 39
14 41
14 42
14 43
14 45
14 46
14 49
14 56
14 57
14 59
15 2
15 5
15 8
15 9
15 12
15 25
15 26
15 27
15 34
15 35
15 36
15 41
15 44
15 46
15 56
15 58
15 59
16 6
16 8
16 12
16 17
16 23
16 25
16 27
16 30
16 36
16 38
16 39
16 40
16 42
16 43
16 44
16 45
16 48
16 49
16 51
16 53
16 54
16 59
17 1
17 3
17 5
17 7
17 11
17 13
17 14
17 17
17 18
17 22
17 23
17 26
17 27
17 29
17 31
17 32
17 34
17 39
17 41
17 42
17 45
17 46
17 52
17 53
17 55
17 58
17 59
18 3
18 4
18 9
18 11
18 13
18 14
18 16
18 19
18 20
18 21
18 22
18 27
18 28
18 29
18 31
18 32
18 33
18 35
18 36
18 38
18 40
18 45
18 47
18 49
18 53
18 58
18 59
19 2
19 3
19 6
19 7
19 13
19 14
19 19
19 22
19 23
19 25
19 26
19 30
19 32
19 34
19 38
19 39
19 40
19 42
19 52
19 53
19 56
19 58
19 59
20 5
20 8
20 11
20 14
20 17
20 18
20 19
20 22
20 24
20 27
20 29
20 31
20 38
20 41
20 42
20 43
20 45
20 48
20 49
20 50
20 51
20 56
20 57
20 59
21 0
21 5
21 6
21 11
21 16
21 20
21 21
21 23
21 25
21 28
21 30
21 33
21 34
21 37
21 39
21 40
21 41
21 44
21 46
21 49
21 50
21 52
21 53
21 54
21 57
21 58
22 2
22 5
22 6
22 7
22 8
22 11
22 12
22 13
22 15
22 16
22 17
22 19
22 22
22 29
22 30
22 33
22 34
22 35
22 36
22 37
22 38
22 42
22 46
22 47
22 50
22 59
23 1
23 2
23 5
23 13
23 14
23 18
23 19
23 20
23 21
23 26
23 36
23 38
23 40
23 42
23 46
23 47
23 50
23 52
23 57
24 4
24 8
24 13
24 14
24 15
24 19
24 22
24 23
24 26
24 27
24 31
24 32
24 33
24 34
24 35
24 42
24 45
24 46
24 48
24 49
24 50
24 54
24 55
24 56
25 0
25 3
25 8
25 14
25 15
25 17
25 18
25 19
25 24
25 27
25 28
25 30
25 31
25 33
25 34
25 37
25 40
25 42
25 44
25 45
25 46
25 47
25 50
25 56
26 0
26 1
26 2
26 6
26 7
26 10
26 11
26 12
26 13
26 15
26 16
26 21
26 22
26 25
26 26
26 28
26 29
26 30
26 31
26 32
26 36
26 38
26 41
26 42
26 46
26 51
26 53
26 54
26 55
26 57
27 5
27 8
27 13
27 14
27 17
27 18
27 19
27 20
27 21
27 23
27 27
27 28
27 31
27 39
27 40
27 43
27 44
27 46
27 47
27 48
27 50
27 51
27 52
27 54
27 55
27 56
27 57
27 58
28 0
28 1
28 2
28 3
28 4
28 5
28 6
28 10
28 13
28 14
28 17
28 18
28 19
28 24
28 26
28 27
28 28
28 31
28 34
28 35
28 36
28 38
28 55
28 59
29 0
29 1
29 4
29 5
29 6
29 7
29 8
29 13
29 15
29 16
29 20
29 21
29 24
29 25
29 28
29 33
29 34
29 35
29 39
29 40
29 43
29 44
29 52
29 53
29 57
29 58
30 3
30 4
30 7
30 8
30 9
30 11
30 12
30 15
30 17
30 18
30 21
30 22
30 23
30 28
30 32
30 36
30 38
30 39
30 40
30 41
30 44
30 45
30 49
30 55
30 58
31 1
31 2
31 3
31 4
31 5
31 7
31 9
31 10
31 12
31 13
31 16
31 17
31 18
31 22
31 28
31 33
31 35
31 39
31 40
31 41
31 44
31 45
31 46
31 48
31 53
31 55
32 1
32 3
32 4
32 5
32 6
32 7
32 10
32 13
32 14
32 15
32 16
32 17
32 19
32 20
32 21
32 23
32 25
32 27
32 31
32 36
32 41
32 43
32 45
32 51
32 52
32 54
32 55
32 58
33 4
33 7
33 8
33 12
33 14
33 16
33 20
33 23
33 26
33 27
33 29
33 31
33 32
33 34
33 35
33 36
33 37
33 38
33 41
33 46
33 48
33 49
33 50
33 51
33 52
33 55
33 57
33 59
34 0
34 2
34 3
34 4
34 7
34 9
34 10
34 13
34 16
34 17
34 19
34 25
34 26
34 27
34 30
34 32
34 34
34 37
34 38
34 40
34 42
34 46
34 47
34 48
34 51
34 54
34 56
35 2
35 8
35 11
35 12
35 13
35 18
35 20
35 22
35 25
35 27
35 32
35 33
35 36
35 41
35 44
35 45
35 46
35 50
35 53
35 55
36 0
36 1
36 2
36 3
36 9
36 10
36 12
36 17
36 19
36 20
36 22
36 23
36 24
36 30
36 31
36 33
36 36
36 39
36 40
36 43
36 44
36 45
36 47
36 50
36 51
36 54
37 0
37 3
37 4
37 6
37 8
37 9
37 11
37 15
37 16
37 18
37 24
37 25
37 26
37 30
37 34
37 35
37 38
37 40
37 41
37 42
37 43
37 45
37 46
37 50
37 51
37 52
37 53
37 54
37 55
37 57
37 59
38 1
38 2
38 7
38 9
38 15
38 19
38 35
38 42
38 44
38 47
38 48
38 51
38 53
38 54
38 55
38 57
38 58
39 3
39 9
39 10
39 12
39 16
39 19
39 24
39 25
39 28
39 31
39 35
39 36
39 39
39 40
39 41
39 42
39 44
39 48
40 1
40 2
40 3
40 4
40 10
40 17
40 18
40 24
40 25
40 26
40 27
40 28
40 30
40 31
40 32
40 33
40 37
40 39
40 41
40 42
40 50
40 52
40 58
40 59
41 0
41 1
41 3
41 5
41 7
41 11
41 16
41 19
41 20
41 26
41 27
41 28
41 29
41 30
41 32
41 37
41 40
41 41
41 42
41 43
41 46
41 47
41 48
41 49
41 51
41 53
41 55
41 58
42 0
42 2
42 3
42 6
42 8
42 10
42 14
42 17
42 19
42 20
42 24
42 32
42 33
42 34
42 35
42 36
42 38
42 40
42 41
42 43
42 44
42 45
42 47
42 51
42 53
42 54
42 55
42 57
43 0
43 1
43 2
43 4
43 5
43 9
43 12
43 13
43 14
43 17
43 18
43 19
43 23
43 24
43 32
43 33
43 39
43 41
43 44
43 49
43 54
44 0
44 3
44 4
44 6
44 8
44 9
44 10
44 11
44 12
44 13
44 15
44 17
44 23
44 28
44 29
44 30
44 35
44 36
44 40
44 43
44 45
44 47
44 51
44 52
44 53
44 54
44 58
44 59
45 7
45 8
45 10
45 11
45 12
45 14
45 15
45 16
45 19
45 20
45 22
45 23
45 24
45 25
45 26
45 27
45 32
45 33
45 37
45 38
45 39
45 42
45 43
45 45
45 50
45 52
45 53
45 57
45 59
46 1
46 8
46 14
46 15
46 16
46 19
46 20
46 23
46 27
46 30
46 32
46 33
46 37
46 43
46 46
46 52
46 54
46 57
47 1
47 5
47 7
47 16
47 21
47 22
47 24
47 25
47 27
47 28
47 31
47 32
47 34
47 35
47 40
47 42
47 44
47 54
47 55
47 56
47 57
48 3
48 11
48 12
48 13
48 14
48 15
48 19
48 22
48 25
48 27
48 30
48 31
48 32
48 33
48 36
48 37
48 38
48 40
48 41
48 43
48 47
48 48
48 50
48 51
48 53
48 55
48 58
48 59
49 0
49 2
49 4
49 6
49 7
49 10
49 16
49 17
49 18
49 22
49 26
49 30
49 31
49 35
49 36
49 38
49 39
49 40
49 42
49 44
49 45
49 47
49 48
49 49
49 50
49 53
49 55
49 56
49 57
49 59
50 2
50 3
50 4
50 7
50 10
50 11
50 12
50 15
50 16
50 18
50 19
50 21
50 22
50 27
50 28
50 29
50 32
50 36
50 37
50 38
50 40
50 41
50 46
50 47
50 50
50 59
51 5
51 8
51 9
51 13
51 14
51 15
51 19
51 22
51 23
51 24
51 25
51 27
51 28
51 32
51 34
51 35
51 39
51 41
51 44
51 45
51 47
51 49
51 54
51 56
51 59
52 0
52 1
52 3
52 5
52 7
52 17
52 19
52 24
52 28
52 29
52 32
52 33
52 41
52 45
52 49
52 50
52 52
52 58
53 6
53 7
53 8
53 9
53 10
53 14
53 24
53 26
53 27
53 28
53 29
53 30
53 43
53 46
53 47
53 48
53 49
53 51
53 53
53 55
53 56
53 57
54 1
54 2
54 6
54 14
54 15
54 19
54 20
54 23
54 27
54 31
54 32
54 33
54 34
54 38
54 39
54 41
54 42
54 43
54 48
54 49
54 52
54 53
54 54
54 56
54 58
54 59
55 1
55 6
55 7
55 10
55 11
55 13
55 14
55 18
55 19
55 22
55 23
55 24
55 30
55 31
55 34
55 40
55 46
55 48
56 4
56 5
56 7
56 8
56 9
56 10
56 15
56 17
56 19
56 21
56 26
56 28
56 35
56 36
56 41
56 43
56 54
56 57
56 58
56 59
57 0
57 2
57 6
57 8
57 12
57 17
57 20
57 21
57 24
57 26
57 27
57 30
57 31
57 33
57 36
57 37
57 38
57 39
57 41
57 43
57 44
57 46
57 47
57 48
57 49
57 50
57 55
57 59
58 3
58 6
58 7
58 10
58 11
58 13
58 16
58 18
58 22
58 24
58 25
58 26
58 27
58 34
58 35
58 37
58 40
58 41
58 44
58 46
58 48
58 49
58 51
58 54
58 55
58 56
58 57
58 58
58 59
59 6
59 16
59 21
59 22
59 25
59 28
59 32
59 37
59 47
59 55
59 58
