190
14440
0 2
0 3
0 4
0 5
0 7
0 10
0 13
0 15
0 20
0 24
0 26
0 27
0 28
0 29
0 31
0 32
0 35
0 38
0 40
0 41
0 42
0 43
0 47
0 48
0 52
0 53
0 54
0 61
0 62
0 63
0 64
0 68
0 71
0 73
0 78
0 81
0 86
0 88
0 89
0 92
0 94
0 98
0 100
0 109
0 110
0 114
0 116
0 117
0 120
0 121
0 123
0 125
0 127
0 132
0 133
0 136
0 137
0 139
0 142
0 143
0 144
0 150
0 151
0 153
0 154
0 155
0 157
0 159
0 160
0 162
0 164
0 170
0 172
0 173
0 174
0 178
0 181
0 183
0 185
0 186
1 2
1 3
1 5
1 7
1 8
1 9
1 12
1 13
1 16
1 18
1 22
1 23
1 24
1 25
1 26
1 28
1 30
1 31
1 33
1 34
1 35
1 36
1 39
1 43
1 44
1 46
1 48
1 50
1 57
1 60
1 61
1 62
1 67
1 69
1 74
1 75
1 76
1 81
1 82
1 85
1 86
1 93
1 95
1 96
1 97
1 104
1 110
1 116
1 117
1 118
1 119
1 122
1 125
1 127
1 132
1 134
1 136
1 138
1 139
1 140
1 142
1 158
1 160
1 162
1 164
1 166
1 169
1 170
1 172
1 175
1 176
1 177
1 182
1 187
1 189
2 1
2 2
2 3
2 5
2 6
2 7
2 10
2 11
2 12
2 13
2 14
2 15
2 16
2 17
2 18
2 19
2 20
2 22
2 35
2 40
2 41
2 46
2 47
2 50
2 52
2 58
2 60
2 61
2 62
2 66
2 67
2 68
2 70
2 71
2 75
2 76
2 77
2 82
2 85
2 86
2 88
2 89
2 98
2 102
2 103
2 104
2 105
2 106
2 107
2 108
2 109
2 111
2 112
2 114
2 117
2 119
2 120
2 121
2 122
2 123
2 125
2 131
2 134
2 136
2 138
2 139
2 141
2 145
2 146
2 151
2 153
2 155
2 156
2 159
2 161
2 167
2 169
2 171
2 172
2 173
2 174
2 179
2 180
2 182
2 185
2 188
2 189
3 3
3 6
3 9
3 10
3 13
3 17
3 20
3 23
3 24
3 29
3 30
3 31
3 32
3 34
3 37
3 39
3 41
3 45
3 48
3 49
3 51
3 53
3 54
3 55
3 56
3 57
3 65
3 75
3 78
3 80
3 82
3 90
3 92
3 93
3 94
3 95
3 101
3 103
3 104
3 107
3 110
3 122
3 124
3 129
3 130
3 131
3 134
3 138
3 146
3 151
3 152
3 153
3 157
3 158
3 159
3 163
3 165
3 166
3 167
3 168
3 174
3 176
3 177
3 180
3 182
3 187
3 188
4 2
4 4
4 5
4 8
4 9
4 11
4 17
4 19
4 23
4 24
4 26
4 27
4 30
4 34
4 35
4 39
4 40
4 44
4 55
4 57
4 58
4 60
4 67
4 69
4 71
4 72
4 73
4 75
4 76
4 78
4 80
4 81
4 82
4 86
4 87
4 88
4 89
4 92
4 93
4 94
4 95
4 96
4 97
4 98
4 103
4 104
4 106
4 108
4 113
4 119
4 120
4 130
4 131
4 132
4 134
4 136
4 137
4 139
4 143
4 145
4 146
4 147
4 148
4 149
4 150
4 152
4 153
4 154
4 155
4 156
4 157
4 161
4 162
4 163
4 165
4 168
4 169
4 170
4 171
4 173
4 175
4 178
4 180
4 182
4 184
5 0
5 4
5 9
5 14
5 15
5 17
5 22
5 24
5 26
5 29
5 39
5 40
5 43
5 45
5 46
5 50
5 51
5 53
5 57
5 59
5 61
5 62
5 66
5 67
5 69
5 71
5 72
5 74
5 76
5 86
5 89
5 90
5 91
5 92
5 93
5 95
5 96
5 97
5 100
5 102
5 103
5 106
5 108
5 110
5 121
5 122
5 123
5 126
5 128
5 129
5 134
5 136
5 140
5 141
5 143
5 144
5 146
5 148
5 152
5 154
5 156
5 158
5 160
5 173
5 176
5 181
5 182
5 183
5 185
5 186
5 189
6 0
6 1
6 3
6 8
6 11
6 14
6 17
6 22
6 23
6 26
6 27
6 30
6 32
6 33
6 34
6 35
6 36
6 38
6 41
6 45
6 46
6 50
6 55
6 57
6 59
6 60
6 61
6 62
6 63
6 65
6 66
6 67
6 69
6 72
6 73
6 75
6 76
6 80
6 82
6 85
6 86
6 87
6 88
6 90
6 93
6 94
6 97
6 100
6 104
6 105
6 106
6 107
6 110
6 112
6 114
6 116
6 119
6 121
6 122
6 123
6 124
6 125
6 126
6 127
6 129
6 132
6 133
6 137
6 138
6 141
6 143
6 146
6 151
6 154
6 155
6 158
6 159
6 162
6 163
6 165
6 168
6 171
6 172
6 173
6 175
6 176
6 178
6 181
6 182
6 183
6 184
6 185
6 187
6 189
7 1
7 2
7 3
7 6
7 14
7 20
7 21
7 23
7 25
7 26
7 30
7 31
7 33
7 35
7 37
7 38
7 43
7 44
7 46
7 47
7 56
7 60
7 64
7 65
7 68
7 69
7 72
7 74
7 78
7 84
7 86
7 87
7 88
7 96
7 98
7 99
7 101
7 102
7 108
7 112
7 114
7 118
7 120
7 124
7 126
7 131
7 132
7 133
7 136
7 138
7 149
7 154
7 156
7 159
7 160
7 161
7 162
7 166
7 172
7 179
7 180
7 181
7 182
7 184
7 186
7 187
8 6
8 7
8 9
8 10
8 11
8 12
8 13
8 18
8 19
8 22
8 24
8 27
8 28
8 33
8 34
8 36
8 38
8 43
8 45
8 49
8 51
8 52
8 53
8 56
8 57
8 58
8 62
8 65
8 67
8 68
8 69
8 71
8 73
8 76
8 81
8 82
8 86
8 87
8 90
8 91
8 93
8 96
8 97
8 99
8 102
8 103
8 105
8 106
8 109
8 110
8 111
8 113
8 118
8 120
8 121
8 123
8 124
8 126
8 129
8 131
8 132
8 133
8 134
8 140
8 141
8 142
8 144
8 145
8 148
8 150
8 152
8 153
8 156
8 158
8 160
8 162
8 164
8 167
8 168
8 169
8 174
8 179
8 181
8 183
8 184
8 186
9 0
9 2
9 3
9 4
9 10
9 13
9 16
9 21
9 23
9 24
9 27
9 28
9 33
9 38
9 39
9 42
9 45
9 53
9 54
9 56
9 57
9 58
9 61
9 64
9 68
9 70
9 71
9 72
9 74
9 75
9 76
9 82
9 85
9 86
9 90
9 91
9 92
9 95
9 98
9 100
9 101
9 102
9 104
9 107
9 115
9 116
9 123
9 130
9 134
9 135
9 136
9 140
9 141
9 143
9 150
9 151
9 153
9 157
9 159
9 160
9 161
9 163
9 165
9 167
9 174
9 178
9 179
9 184
9 185
9 186
9 188
10 1
10 2
10 12
10 13
10 17
10 18
10 30
10 31
10 33
10 34
10 36
10 38
10 40
10 43
10 49
10 50
10 51
10 52
10 61
10 62
10 63
10 67
10 69
10 75
10 76
10 78
10 79
10 81
10 83
10 84
10 86
10 89
10 91
10 92
10 95
10 97
10 101
10 103
10 106
10 113
10 114
10 116
10 119
10 130
10 131
10 132
10 134
10 136
10 141
10 144
10 145
10 146
10 148
10 152
10 153
10 156
10 157
10 158
10 159
10 160
10 164
10 165
10 166
10 174
10 175
10 179
10 180
10 181
10 183
10 186
10 187
11 3
11 5
11 6
11 14
11 15
11 18
11 20
11 24
11 26
11 27
11 31
11 32
11 33
11 36
11 40
11 41
11 43
11 45
11 46
11 48
11 49
11 51
11 58
11 60
11 64
11 65
11 67
11 68
11 72
11 75
11 78
11 79
11 86
11 88
11 91
11 95
11 96
11 98
11 101
11 107
11 113
11 117
11 120
11 124
11 125
11 126
11 128
11 130
11 135
11 136
11 138
11 140
11 141
11 142
11 144
11 145
11 148
11 151
11 153
11 154
11 155
11 157
11 158
11 159
11 160
11 161
11 163
11 166
11 167
11 168
11 171
11 172
11 174
11 176
11 179
11 182
11 184
11 187
11 188
12 2
12 4
12 15
12 17
12 19
12 22
12 23
12 24
12 26
12 27
12 29
12 31
12 32
12 35
12 38
12 41
12 46
12 48
12 51
12 57
12 60
12 63
12 64
12 66
12 69
12 79
12 81
12 82
12 84
12 85
12 86
12 95
12 96
12 97
12 98
12 103
12 105
12 108
12 109
12 110
12 112
12 114
12 115
12 116
12 118
12 119
12 123
12 124
12 125
12 126
12 127
12 128
12 132
12 135
12 136
12 139
12 140
12 145
12 146
12 148
12 149
12 152
12 156
12 158
12 160
12 162
12 164
12 165
12 166
12 170
12 171
12 175
12 179
12 180
12 181
12 182
12 189
13 0
13 4
13 5
13 6
13 7
13 9
13 11
13 14
13 22
13 27
13 29
13 32
13 34
13 40
13 42
13 43
13 47
13 48
13 53
13 55
13 57
13 63
13 64
13 66
13 67
13 68
13 69
13 70
13 72
13 73
13 74
13 80
13 82
13 85
13 86
13 87
13 89
13 95
13 96
13 98
13 99
13 103
13 109
13 112
13 115
13 117
13 120
13 121
13 123
13 127
13 129
13 130
13 132
13 136
13 137
13 140
13 142
13 146
13 147
13 148
13 153
13 154
13 156
13 157
13 159
13 165
13 169
13 177
13 179
13 182
13 185
13 187
13 189
14 2
14 3
14 10
14 14
14 18
14 19
14 20
14 24
14 25
14 27
14 31
14 36
14 40
14 42
14 43
14 46
14 47
14 50
14 51
14 54
14 57
14 65
14 70
14 72
14 73
14 74
14 81
14 82
14 84
14 85
14 88
14 94
14 96
14 100
14 101
14 102
14 106
14 114
14 116
14 117
14 119
14 125
14 128
14 130
14 131
14 132
14 135
14 136
14 138
14 140
14 141
14 144
14 146
14 147
14 148
14 151
14 152
14 156
14 157
14 158
14 160
14 162
14 163
14 165
14 166
14 168
14 170
14 173
14 174
14 175
14 176
14 178
14 180
14 185
14 186
14 187
14 188
15 3
15 9
15 10
15 11
15 12
15 16
15 17
15 20
15 22
15 23
15 28
15 29
15 33
15 35
15 36
15 37
15 43
15 45
15 48
15 51
15 53
15 55
15 59
15 60
15 66
15 69
15 70
15 78
15 81
15 84
15 86
15 87
15 95
15 96
15 100
15 106
15 112
15 114
15 115
15 116
15 119
15 121
15 123
15 124
15 127
15 128
15 133
15 137
15 139
15 140
15 141
15 142
15 146
15 148
15 149
15 150
15 151
15 152
15 154
15 157
15 162
15 166
15 168
15 170
15 173
15 175
15 177
15 178
15 179
15 180
15 181
15 184
15 185
15 187
16 2
16 3
16 5
16 10
16 13
16 18
16 20
16 25
16 26
16 27
16 34
16 36
16 39
16 40
16 43
16 45
16 49
16 50
16 52
16 57
16 58
16 59
16 62
16 63
16 64
16 70
16 75
16 77
16 79
16 80
16 86
16 87
16 89
16 94
16 95
16 98
16 99
16 101
16 103
16 104
16 108
16 109
16 113
16 120
16 124
16 125
16 134
16 136
16 137
16 138
16 140
16 141
16 143
16 146
16 150
16 152
16 156
16 158
16 159
16 163
16 168
16 174
16 175
16 176
16 182
16 183
16 188
17 0
17 1
17 6
17 7
17 9
17 10
17 11
17 12
17 13
17 14
17 15
17 17
17 19
17 20
17 21
17 24
17 25
17 28
17 29
17 33
17 34
17 35
17 36
17 37
17 38
17 39
17 40
17 45
17 49
17 50
17 57
17 60
17 61
17 64
17 67
17 69
17 72
17 77
17 82
17 83
17 87
17 91
17 94
17 96
17 98
17 105
17 106
17 108
17 110
17 118
17 120
17 121
17 122
17 129
17 131
17 132
17 133
17 134
17 136
17 138
17 139
17 141
17 142
17 145
17 148
17 150
17 153
17 155
17 157
17 159
17 165
17 166
17 172
17 176
17 179
17 181
17 182
17 183
17 185
17 189
18 3
18 4
18 6
18 9
18 10
18 15
18 16
18 18
18 19
18 20
18 22
18 23
18 24
18 27
18 28
18 33
18 35
18 37
18 38
18 39
18 41
18 43
18 45
18 48
18 51
18 54
18 59
18 60
18 61
18 65
18 67
18 69
18 70
18 74
18 77
18 78
18 82
18 84
18 85
18 89
18 90
18 91
18 93
18 94
18 98
18 99
18 103
18 106
18 108
18 110
18 111
18 114
18 116
18 117
18 121
18 124
18 126
18 129
18 134
18 136
18 141
18 142
18 143
18 147
18 150
18 151
18 152
18 154
18 157
18 158
18 164
18 167
18 168
18 178
18 179
18 180
18 182
18 184
18 185
19 1
19 5
19 6
19 10
19 12
19 13
19 16
19 18
19 19
19 21
19 22
19 23
19 24
19 28
19 29
19 30
19 34
19 36
19 37
19 38
19 40
19 41
19 42
19 46
19 52
19 54
19 57
19 63
19 66
19 67
19 68
19 70
19 71
19 72
19 73
19 76
19 77
19 78
19 79
19 80
19 82
19 83
19 84
19 85
19 86
19 90
19 91
19 92
19 98
19 100
19 103
19 104
19 107
19 110
19 112
19 115
19 116
19 121
19 122
19 125
19 129
19 131
19 137
19 138
19 140
19 141
19 145
19 151
19 153
19 156
19 157
19 158
19 160
19 161
19 162
19 166
19 169
19 172
19 176
19 178
19 182
19 185
19 186
19 187
20 0
20 1
20 2
20 3
20 4
20 6
20 9
20 12
20 14
20 17
20 18
20 21
20 23
20 24
20 27
20 30
20 31
20 33
20 35
20 36
20 39
20 40
20 41
20 44
20 46
20 47
20 51
20 54
20 56
20 58
20 61
20 63
20 66
20 69
20 70
20 73
20 74
20 76
20 79
20 81
20 84
20 87
20 88
20 89
20 90
20 94
20 96
20 98
20 100
20 103
20 105
20 110
20 116
20 117
20 118
20 127
20 128
20 130
20 132
20 135
20 138
20 143
20 144
20 146
20 148
20 150
20 152
20 154
20 157
20 163
20 167
20 168
20 169
20 174
20 178
20 181
20 182
20 184
20 186
20 188
20 189
21 3
21 4
21 6
21 8
21 11
21 12
21 15
21 17
21 18
21 28
21 32
21 33
21 34
21 37
21 38
21 45
21 46
21 52
21 53
21 55
21 57
21 61
21 62
21 64
21 66
21 70
21 71
21 72
21 73
21 76
21 79
21 80
21 85
21 86
21 88
21 89
21 93
21 96
21 98
21 101
21 107
21 109
21 110
21 112
21 116
21 119
21 120
21 121
21 124
21 128
21 129
21 131
21 132
21 133
21 136
21 137
21 146
21 147
21 148
21 149
21 152
21 160
21 161
21 164
21 165
21 166
21 170
21 172
21 173
21 175
21 176
21 177
21 184
21 188
21 189
22 2
22 5
22 6
22 8
22 9
22 10
22 13
22 17
22 18
22 19
22 20
22 24
22 26
22 27
22 30
22 38
22 40
22 43
22 44
22 53
22 54
22 55
22 56
22 58
22 59
22 61
22 62
22 70
22 74
22 78
22 79
22 84
22 85
22 90
22 91
22 96
22 97
22 98
22 113
22 117
22 118
22 123
22 124
22 126
22 127
22 128
22 130
22 132
22 134
22 135
22 143
22 144
22 147
22 149
22 154
22 155
22 156
22 161
22 168
22 171
22 175
22 176
22 179
22 181
22 185
22 186
22 187
22 189
23 1
23 2
23 4
23 5
23 6
23 14
23 15
23 18
23 20
23 25
23 29
23 32
23 35
23 37
23 38
23 41
23 42
23 45
23 51
23 54
23 57
23 63
23 64
23 66
23 67
23 69
23 70
23 71
23 75
23 76
23 80
23 84
23 85
23 86
23 90
23 92
23 95
23 98
23 99
23 101
23 103
23 105
23 108
23 109
23 110
23 112
23 113
23 114
23 115
23 116
23 118
23 119
23 121
23 123
23 124
23 125
23 128
23 129
23 133
23 141
23 145
23 146
23 148
23 149
23 150
23 152
23 153
23 155
23 156
23 158
23 159
23 160
23 161
23 162
23 170
23 172
23 174
23 178
23 180
23 181
23 182
23 185
23 186
23 188
23 189
24 3
24 12
24 13
24 14
24 15
24 16
24 18
24 26
24 28
24 29
24 30
24 34
24 39
24 40
24 41
24 43
24 48
24 49
24 50
24 52
24 54
24 55
24 56
24 58
24 60
24 63
24 64
24 66
24 67
24 71
24 73
24 77
24 79
24 80
24 81
24 83
24 84
24 86
24 87
24 89
24 91
24 94
24 97
24 100
24 104
24 105
24 106
24 112
24 115
24 117
24 118
24 120
24 121
24 124
24 125
24 127
24 130
24 134
24 135
24 138
24 140
24 146
24 148
24 151
24 152
24 158
24 161
24 164
24 165
24 173
24 174
24 175
24 177
24 179
24 180
24 182
24 184
24 185
25 2
25 3
25 5
25 6
25 7
25 11
25 13
25 14
25 18
25 19
25 20
25 21
25 25
25 26
25 30
25 31
25 34
25 35
25 36
25 38
25 39
25 45
25 51
25 58
25 60
25 61
25 63
25 65
25 67
25 68
25 75
25 76
25 78
25 79
25 80
25 81
25 84
25 86
25 88
25 94
25 97
25 99
25 103
25 105
25 106
25 108
25 109
25 116
25 118
25 121
25 123
25 124
25 126
25 127
25 129
25 134
25 137
25 138
25 142
25 148
25 149
25 151
25 153
25 155
25 156
25 157
25 160
25 161
25 164
25 166
25 168
25 172
25 174
25 176
25 178
25 179
25 182
25 183
25 185
25 188
26 1
26 8
26 9
26 11
26 13
26 15
26 16
26 19
26 26
26 27
26 28
26 33
26 37
26 39
26 42
26 43
26 45
26 47
26 48
26 53
26 56
26 64
26 66
26 69
26 71
26 74
26 75
26 83
26 85
26 88
26 89
26 90
26 91
26 93
26 97
26 99
26 103
26 105
26 106
26 107
26 109
26 110
26 112
26 114
26 116
26 118
26 120
26 121
26 122
26 124
26 126
26 128
26 129
26 133
26 136
26 137
26 138
26 141
26 144
26 150
26 151
26 153
26 162
26 164
26 166
26 168
26 169
26 177
26 178
26 181
26 186
27 0
27 1
27 4
27 7
27 9
27 10
27 11
27 15
27 16
27 17
27 20
27 23
27 24
27 25
27 27
27 28
27 32
27 33
27 35
27 37
27 42
27 45
27 46
27 48
27 49
27 52
27 53
27 54
27 56
27 57
27 60
27 62
27 63
27 65
27 68
27 71
27 72
27 77
27 81
27 85
27 86
27 90
27 91
27 93
27 94
27 95
27 97
27 100
27 104
27 115
27 119
27 120
27 121
27 124
27 126
27 130
27 131
27 132
27 138
27 141
27 146
27 148
27 150
27 152
27 153
27 155
27 161
27 164
27 165
27 166
27 168
27 169
27 173
27 175
27 177
27 180
27 182
27 186
27 188
28 0
28 5
28 6
28 17
28 19
28 21
28 23
28 25
28 30
28 34
28 35
28 36
28 37
28 39
28 40
28 41
28 42
28 43
28 44
28 47
28 49
28 50
28 55
28 63
28 65
28 67
28 68
28 73
28 75
28 79
28 80
28 81
28 82
28 84
28 94
28 95
28 96
28 97
28 99
28 100
28 103
28 104
28 108
28 110
28 112
28 116
28 117
28 122
28 124
28 125
28 127
28 129
28 130
28 131
28 132
28 133
28 139
28 140
28 142
28 146
28 148
28 150
28 151
28 153
28 155
28 160
28 164
28 165
28 166
28 167
28 171
28 175
28 176
28 180
28 182
28 185
29 2
29 4
29 6
29 7
29 8
29 12
29 15
29 18
29 23
29 29
29 30
29 31
29 36
29 37
29 40
29 41
29 42
29 45
29 46
29 48
29 53
29 54
29 57
29 60
29 65
29 66
29 69
29 71
29 72
29 73
29 75
29 82
29 83
29 87
29 91
29 94
29 95
29 98
29 104
29 106
29 110
29 114
29 115
29 116
29 122
29 123
29 130
29 132
29 133
29 135
29 136
29 137
29 139
29 141
29 142
29 143
29 144
29 145
29 149
29 154
29 157
29 159
29 164
29 165
29 167
29 168
29 171
29 180
29 181
29 182
29 184
29 185
29 186
29 187
30 0
30 8
30 10
30 14
30 15
30 17
30 18
30 22
30 23
30 26
30 27
30 29
30 33
30 36
30 38
30 39
30 42
30 45
30 54
30 55
30 57
30 59
30 61
30 64
30 66
30 68
30 69
30 74
30 82
30 83
30 85
30 86
30 89
30 93
30 99
30 100
30 102
30 104
30 105
30 110
30 112
30 113
30 114
30 115
30 120
30 121
30 126
30 130
30 133
30 137
30 140
30 141
30 142
30 146
30 147
30 149
30 152
30 153
30 157
30 159
30 162
30 163
30 164
30 165
30 166
30 167
30 169
30 170
30 172
30 187
30 189
31 0
31 3
31 5
31 6
31 7
31 8
31 10
31 12
31 13
31 17
31 19
31 20
31 21
31 22
31 30
31 32
31 35
31 38
31 43
31 45
31 47
31 51
31 55
31 58
31 65
31 69
31 71
31 72
31 73
31 74
31 75
31 76
31 77
31 80
31 85
31 87
31 89
31 91
31 97
31 99
31 101
31 102
31 103
31 114
31 115
31 118
31 119
31 120
31 122
31 123
31 127
31 131
31 132
31 134
31 138
31 139
31 140
31 142
31 143
31 148
31 150
31 157
31 158
31 159
31 162
31 164
31 166
31 168
31 174
31 176
31 186
31 187
31 188
31 189
32 0
32 1
32 5
32 8
32 10
32 17
32 20
32 23
32 25
32 26
32 27
32 38
32 39
32 43
32 48
32 52
32 53
32 54
32 55
32 56
32 57
32 58
32 59
32 60
32 65
32 67
32 74
32 75
32 76
32 77
32 78
32 79
32 80
32 81
32 83
32 88
32 91
32 92
32 93
32 95
32 96
32 99
32 100
32 102
32 106
32 107
32 108
32 111
32 115
32 116
32 118
32 121
32 124
32 129
32 132
32 134
32 138
32 140
32 142
32 143
32 151
32 159
32 163
32 165
32 172
32 173
32 174
32 176
32 180
32 183
32 188
32 189
33 0
33 3
33 5
33 16
33 17
33 19
33 21
33 23
33 24
33 29
33 30
33 33
33 35
33 37
33 38
33 40
33 46
33 48
33 50
33 52
33 55
33 56
33 57
33 58
33 59
33 62
33 64
33 66
33 68
33 69
33 70
33 72
33 78
33 80
33 83
33 86
33 88
33 89
33 90
33 91
33 94
33 98
33 102
33 105
33 106
33 109
33 112
33 113
33 115
33 121
33 122
33 123
33 124
33 125
33 126
33 127
33 130
33 131
33 134
33 137
33 139
33 142
33 143
33 144
33 147
33 149
33 151
33 158
33 160
33 164
33 170
33 171
33 172
33 173
33 179
33 185
33 186
33 187
33 188
34 0
34 1
34 3
34 4
34 5
34 9
34 10
34 11
34 12
34 15
34 17
34 20
34 22
34 24
34 25
34 27
34 28
34 31
34 34
34 35
34 39
34 40
34 42
34 49
34 52
34 53
34 56
34 59
34 63
34 64
34 68
34 71
34 72
34 73
34 76
34 80
34 86
34 88
34 89
34 90
34 91
34 92
34 95
34 97
34 99
34 100
34 101
34 102
34 106
34 108
34 111
34 113
34 116
34 117
34 121
34 123
34 125
34 127
34 130
34 132
34 135
34 136
34 137
34 139
34 143
34 146
34 151
34 154
34 155
34 160
34 166
34 168
34 170
34 172
34 177
34 180
34 185
34 188
35 0
35 1
35 7
35 9
35 15
35 24
35 25
35 28
35 33
35 34
35 36
35 37
35 38
35 39
35 40
35 42
35 45
35 55
35 57
35 59
35 60
35 61
35 62
35 63
35 64
35 67
35 68
35 74
35 79
35 82
35 83
35 84
35 88
35 89
35 90
35 98
35 99
35 100
35 104
35 105
35 106
35 107
35 111
35 114
35 115
35 117
35 118
35 119
35 120
35 123
35 130
35 132
35 135
35 138
35 139
35 141
35 143
35 149
35 150
35 154
35 157
35 159
35 164
35 166
35 169
35 171
35 174
35 175
35 176
35 178
35 179
35 181
35 185
35 189
36 3
36 5
36 6
36 8
36 9
36 10
36 13
36 15
36 16
36 17
36 19
36 21
36 24
36 27
36 30
36 32
36 34
36 35
36 36
36 39
36 40
36 44
36 50
36 53
36 54
36 57
36 61
36 65
36 71
36 72
36 73
36 75
36 77
36 78
36 80
36 81
36 82
36 84
36 86
36 87
36 88
36 93
36 94
36 96
36 99
36 100
36 104
36 108
36 109
36 116
36 117
36 121
36 122
36 124
36 129
36 131
36 133
36 137
36 138
36 143
36 145
36 146
36 147
36 149
36 151
36 152
36 157
36 158
36 160
36 163
36 167
36 168
36 173
36 174
36 175
36 178
36 181
36 183
36 187
36 188
37 1
37 6
37 8
37 9
37 13
37 17
37 18
37 23
37 26
37 28
37 30
37 34
37 37
37 39
37 40
37 41
37 42
37 44
37 47
37 51
37 53
37 54
37 55
37 56
37 60
37 68
37 72
37 73
37 74
37 77
37 83
37 90
37 91
37 94
37 95
37 97
37 99
37 103
37 104
37 105
37 107
37 108
37 111
37 112
37 117
37 124
37 125
37 127
37 128
37 131
37 132
37 133
37 134
37 135
37 136
37 137
37 138
37 141
37 142
37 143
37 144
37 146
37 147
37 148
37 149
37 155
37 156
37 159
37 160
37 164
37 165
37 166
37 168
37 169
37 172
37 175
37 177
37 178
37 180
37 181
37 182
37 185
38 0
38 1
38 2
38 8
38 10
38 12
38 16
38 19
38 21
38 24
38 25
38 28
38 31
38 33
38 34
38 35
38 37
38 39
38 41
38 42
38 46
38 48
38 49
38 51
38 52
38 54
38 57
38 62
38 64
38 65
38 66
38 70
38 71
38 74
38 75
38 78
38 83
38 85
38 88
38 91
38 92
38 93
38 98
38 99
38 104
38 107
38 109
38 110
38 111
38 113
38 123
38 124
38 128
38 130
38 132
38 133
38 134
38 135
38 139
38 141
38 142
38 145
38 146
38 149
38 150
38 162
38 163
38 164
38 167
38 170
38 172
38 173
38 175
38 178
38 179
38 180
38 184
38 189
39 0
39 1
39 6
39 7
39 8
39 9
39 19
39 20
39 21
39 22
39 23
39 25
39 30
39 31
39 32
39 33
39 35
39 37
39 41
39 43
39 44
39 45
39 48
39 49
39 50
39 53
39 55
39 57
39 58
39 59
39 63
39 67
39 69
39 71
39 73
39 77
39 79
39 82
39 89
39 91
39 93
39 94
39 96
39 102
39 106
39 108
39 110
39 113
39 116
39 120
39 121
39 122
39 123
39 124
39 125
39 126
39 128
39 132
39 134
39 138
39 139
39 145
39 148
39 150
39 151
39 152
39 154
39 156
39 157
39 159
39 160
39 161
39 162
39 165
39 168
39 169
39 170
39 175
39 178
39 180
39 182
39 186
39 188
40 1
40 5
40 6
40 9
40 12
40 14
40 15
40 19
40 20
40 24
40 25
40 28
40 31
40 32
40 35
40 38
40 40
40 41
40 44
40 45
40 47
40 48
40 49
40 54
40 56
40 59
40 62
40 65
40 68
40 79
40 80
40 88
40 91
40 92
40 96
40 100
40 107
40 108
40 110
40 111
40 115
40 121
40 122
40 123
40 124
40 127
40 130
40 131
40 132
40 135
40 136
40 142
40 143
40 144
40 145
40 146
40 149
40 152
40 155
40 156
40 162
40 163
40 166
40 170
40 171
40 174
40 177
40 178
40 183
40 184
40 186
40 189
41 1
41 6
41 9
41 10
41 11
41 13
41 14
41 24
41 25
41 27
41 29
41 30
41 31
41 32
41 33
41 35
41 36
41 43
41 53
41 59
41 67
41 70
41 71
41 72
41 75
41 77
41 80
41 81
41 82
41 92
41 94
41 98
41 99
41 101
41 102
41 109
41 110
41 113
41 114
41 116
41 119
41 123
41 127
41 131
41 134
41 138
41 143
41 146
41 148
41 149
41 150
41 156
41 157
41 158
41 164
41 165
41 167
41 168
41 174
41 176
41 178
41 180
41 181
41 183
41 184
42 0
42 1
42 2
42 5
42 11
42 13
42 20
42 22
42 23
42 24
42 27
42 28
42 31
42 32
42 33
42 36
42 38
42 42
42 43
42 47
42 52
42 55
42 62
42 64
42 65
42 66
42 67
42 68
42 70
42 71
42 74
42 75
42 81
42 84
42 87
42 88
42 90
42 91
42 94
42 102
42 103
42 104
42 105
42 106
42 110
42 112
42 114
42 115
42 116
42 118
42 119
42 122
42 126
42 129
42 131
42 138
42 141
42 144
42 145
42 151
42 155
42 159
42 160
42 165
42 168
42 175
42 181
42 185
43 0
43 1
43 2
43 3
43 4
43 5
43 7
43 9
43 11
43 14
43 15
43 17
43 19
43 24
43 26
43 34
43 36
43 37
43 38
43 42
43 43
43 44
43 46
43 51
43 54
43 58
43 61
43 65
43 69
43 70
43 72
43 74
43 75
43 77
43 85
43 86
43 90
43 91
43 93
43 98
43 100
43 107
43 111
43 119
43 123
43 125
43 128
43 130
43 131
43 132
43 133
43 135
43 136
43 144
43 149
43 155
43 162
43 163
43 166
43 169
43 170
43 171
43 173
43 176
43 177
43 178
43 179
43 180
43 181
43 188
44 2
44 3
44 4
44 7
44 8
44 9
44 11
44 15
44 18
44 22
44 24
44 25
44 27
44 31
44 33
44 34
44 35
44 36
44 39
44 43
44 46
44 53
44 54
44 55
44 58
44 61
44 63
44 64
44 65
44 66
44 68
44 69
44 70
44 71
44 74
44 75
44 77
44 81
44 82
44 83
44 89
44 90
44 91
44 95
44 96
44 98
44 100
44 102
44 108
44 109
44 110
44 120
44 121
44 122
44 123
44 124
44 125
44 128
44 129
44 130
44 132
44 134
44 135
44 136
44 137
44 143
44 144
44 145
44 148
44 152
44 154
44 155
44 157
44 162
44 164
44 165
44 171
44 175
44 177
44 178
44 179
44 182
44 184
44 187
45 4
45 11
45 12
45 13
45 14
45 15
45 16
45 18
45 20
45 26
45 27
45 28
45 32
45 37
45 38
45 40
45 42
45 53
45 54
45 56
45 58
45 60
45 62
45 63
45 64
45 66
45 70
45 79
45 80
45 81
45 87
45 88
45 89
45 93
45 94
45 95
45 96
45 98
45 103
45 106
45 110
45 111
45 114
45 122
45 125
45 127
45 128
45 130
45 133
45 134
45 135
45 138
45 139
45 141
45 142
45 143
45 147
45 149
45 151
45 152
45 160
45 161
45 162
45 164
45 165
45 166
45 169
45 171
45 172
45 174
45 175
45 176
45 177
45 180
45 184
46 2
46 3
46 5
46 6
46 7
46 9
46 18
46 21
46 24
46 25
46 27
46 31
46 33
46 38
46 39
46 40
46 42
46 47
46 48
46 50
46 51
46 52
46 53
46 55
46 56
46 57
46 61
46 65
46 72
46 74
46 76
46 83
46 84
46 87
46 91
46 92
46 94
46 97
46 102
46 103
46 104
46 105
46 106
46 111
46 116
46 118
46 126
46 133
46 134
46 136
46 137
46 141
46 143
46 145
46 150
46 153
46 155
46 156
46 158
46 167
46 168
46 171
46 174
46 175
46 177
46 185
46 187
47 0
47 2
47 3
47 7
47 8
47 12
47 13
47 19
47 24
47 27
47 28
47 37
47 38
47 43
47 44
47 48
47 51
47 52
47 54
47 55
47 56
47 58
47 60
47 63
47 64
47 68
47 72
47 74
47 76
47 82
47 86
47 88
47 90
47 91
47 95
47 96
47 97
47 98
47 99
47 103
47 104
47 105
47 107
47 109
47 114
47 116
47 117
47 119
47 121
47 126
47 127
47 129
47 130
47 133
47 134
47 140
47 141
47 143
47 144
47 146
47 147
47 148
47 149
47 152
47 155
47 160
47 161
47 164
47 165
47 168
47 169
47 170
47 171
47 172
47 174
47 176
47 177
47 181
47 182
47 185
47 187
47 188
47 189
48 5
48 7
48 11
48 12
48 13
48 15
48 17
48 18
48 19
48 20
48 21
48 22
48 25
48 27
48 28
48 29
48 33
48 35
48 38
48 40
48 42
48 43
48 45
48 48
48 52
48 53
48 56
48 57
48 60
48 64
48 65
48 68
48 72
48 78
48 83
48 87
48 88
48 89
48 91
48 93
48 94
48 99
48 105
48 108
48 109
48 113
48 114
48 116
48 119
48 120
48 125
48 127
48 135
48 136
48 138
48 142
48 144
48 145
48 149
48 151
48 153
48 157
48 159
48 160
48 171
48 172
48 173
48 176
48 179
48 182
48 184
48 185
48 189
49 2
49 3
49 4
49 8
49 10
49 12
49 14
49 19
49 20
49 22
49 26
49 28
49 30
49 31
49 33
49 36
49 37
49 40
49 42
49 48
49 49
49 50
49 51
49 52
49 57
49 58
49 59
49 61
49 63
49 65
49 66
49 68
49 70
49 71
49 76
49 78
49 81
49 82
49 86
49 89
49 92
49 96
49 100
49 111
49 113
49 116
49 121
49 123
49 125
49 127
49 128
49 131
49 137
49 143
49 144
49 149
49 152
49 155
49 160
49 161
49 163
49 168
49 169
49 172
49 175
49 178
49 180
49 181
49 183
49 187
49 188
50 1
50 2
50 9
50 14
50 17
50 19
50 20
50 22
50 25
50 27
50 29
50 30
50 31
50 32
50 34
50 36
50 43
50 44
50 50
50 56
50 60
50 64
50 65
50 66
50 67
50 68
50 70
50 72
50 73
50 78
50 79
50 81
50 82
50 84
50 86
50 87
50 89
50 92
50 94
50 98
50 100
50 102
50 103
50 105
50 106
50 108
50 109
50 113
50 114
50 115
50 117
50 122
50 123
50 124
50 125
50 126
50 129
50 138
50 141
50 147
50 148
50 154
50 159
50 165
50 166
50 167
50 173
50 175
50 176
50 178
50 179
50 180
50 182
50 183
50 186
51 3
51 7
51 11
51 19
51 22
51 25
51 26
51 27
51 29
51 34
51 40
51 41
51 42
51 43
51 47
51 50
51 51
51 52
51 54
51 62
51 64
51 65
51 68
51 72
51 79
51 84
51 85
51 87
51 90
51 92
51 97
51 104
51 105
51 106
51 107
51 110
51 111
51 112
51 115
51 124
51 125
51 127
51 128
51 129
51 130
51 132
51 136
51 140
51 141
51 142
51 143
51 144
51 149
51 150
51 162
51 163
51 164
51 166
51 168
51 173
51 174
51 176
51 178
51 180
51 183
51 184
51 186
52 3
52 7
52 10
52 13
52 15
52 18
52 22
52 23
52 30
52 31
52 33
52 35
52 36
52 37
52 38
52 39
52 43
52 44
52 45
52 46
52 47
52 49
52 50
52 51
52 53
52 61
52 62
52 64
52 65
52 67
52 72
52 76
52 77
52 78
52 79
52 80
52 83
52 92
52 96
52 99
52 100
52 101
52 103
52 106
52 107
52 108
52 109
52 111
52 114
52 117
52 118
52 119
52 121
52 122
52 126
52 127
52 128
52 131
52 136
52 138
52 139
52 140
52 146
52 148
52 149
52 153
52 154
52 158
52 160
52 162
52 164
52 166
52 174
52 175
52 176
52 177
52 179
52 181
52 185
52 188
53 0
53 3
53 4
53 12
53 13
53 17
53 20
53 22
53 23
53 24
53 35
53 37
53 38
53 39
53 40
53 41
53 43
53 47
53 55
53 56
53 57
53 58
53 60
53 61
53 64
53 65
53 66
53 69
53 70
53 72
53 73
53 75
53 76
53 78
53 79
53 80
53 81
53 83
53 85
53 87
53 90
53 93
53 94
53 99
53 101
53 103
53 104
53 105
53 106
53 109
53 110
53 113
53 118
53 119
53 120
53 122
53 125
53 126
53 127
53 128
53 130
53 131
53 133
53 138
53 139
53 140
53 142
53 143
53 144
53 147
53 148
53 149
53 150
53 151
53 153
53 158
53 159
53 160
53 163
53 164
53 167
53 169
53 170
53 172
53 175
53 176
53 181
53 182
53 183
53 184
53 189
54 0
54 1
54 2
54 4
54 9
54 12
54 17
54 18
54 21
54 23
54 24
54 28
54 30
54 32
54 36
54 43
54 46
54 47
54 48
54 50
54 51
54 55
54 57
54 58
54 59
54 60
54 61
54 63
54 64
54 65
54 66
54 67
54 68
54 69
54 72
54 77
54 78
54 81
54 83
54 88
54 89
54 90
54 93
54 94
54 96
54 99
54 100
54 105
54 108
54 110
54 112
54 113
54 114
54 116
54 118
54 122
54 128
54 135
54 137
54 144
54 145
54 147
54 158
54 159
54 161
54 164
54 165
54 167
54 171
54 179
54 180
54 183
54 184
54 185
54 186
54 187
54 189
55 0
55 3
55 4
55 9
55 11
55 12
55 13
55 14
55 16
55 18
55 25
55 27
55 28
55 31
55 33
55 35
55 36
55 37
55 39
55 40
55 42
55 43
55 47
55 53
55 56
55 57
55 62
55 63
55 64
55 65
55 69
55 70
55 71
55 73
55 80
55 91
55 92
55 93
55 96
55 98
55 103
55 104
55 105
55 106
55 111
55 112
55 114
55 117
55 120
55 122
55 125
55 128
55 131
55 134
55 136
55 139
55 144
55 145
55 147
55 148
55 150
55 151
55 152
55 153
55 155
55 159
55 160
55 161
55 163
55 165
55 170
55 171
55 174
55 175
55 178
55 182
55 183
55 184
55 186
55 187
55 188
55 189
56 0
56 1
56 3
56 10
56 11
56 12
56 13
56 14
56 15
56 16
56 19
56 23
56 25
56 27
56 30
56 33
56 38
56 42
56 43
56 44
56 48
56 58
56 60
56 61
56 63
56 68
56 71
56 73
56 74
56 79
56 84
56 89
56 92
56 94
56 96
56 97
56 99
56 105
56 111
56 112
56 113
56 115
56 121
56 123
56 124
56 131
56 133
56 136
56 138
56 144
56 145
56 146
56 148
56 151
56 152
56 154
56 158
56 159
56 160
56 163
56 165
56 166
56 168
56 174
56 179
56 180
56 181
56 183
56 184
56 185
56 186
57 0
57 3
57 8
57 11
57 31
57 33
57 35
57 39
57 41
57 42
57 43
57 44
57 46
57 47
57 50
57 52
57 55
57 62
57 63
57 65
57 66
57 67
57 70
57 71
57 72
57 77
57 78
57 83
57 84
57 88
57 90
57 93
57 94
57 104
57 105
57 106
57 111
57 114
57 117
57 120
57 121
57 124
57 129
57 130
57 131
57 136
57 137
57 139
57 140
57 144
57 145
57 148
57 153
57 158
57 161
57 164
57 165
57 169
57 180
57 182
57 183
57 184
57 185
57 187
58 0
58 1
58 2
58 6
58 8
58 11
58 12
58 14
58 15
58 19
58 24
58 28
58 30
58 33
58 34
58 39
58 42
58 43
58 44
58 46
58 48
58 49
58 53
58 55
58 58
58 60
58 63
58 64
58 65
58 66
58 71
58 73
58 76
58 77
58 78
58 79
58 80
58 81
58 85
58 86
58 87
58 89
58 90
58 91
58 96
58 97
58 99
58 106
58 107
58 108
58 114
58 116
58 119
58 120
58 121
58 122
58 128
58 132
58 134
58 139
58 140
58 144
58 145
58 150
58 153
58 155
58 157
58 159
58 164
58 166
58 167
58 172
58 176
58 179
58 183
58 186
58 189
59 2
59 3
59 8
59 11
59 13
59 16
59 19
59 20
59 21
59 22
59 24
59 26
59 27
59 28
59 29
59 30
59 32
59 34
59 38
59 47
59 55
59 60
59 68
59 69
59 70
59 75
59 78
59 82
59 87
59 92
59 93
59 94
59 95
59 97
59 117
59 124
59 129
59 132
59 141
59 142
59 143
59 145
59 148
59 149
59 150
59 151
59 154
59 156
59 158
59 160
59 163
59 165
59 167
59 168
59 169
59 171
59 173
59 174
59 175
59 184
59 185
59 188
59 189
60 3
60 5
60 8
60 9
60 12
60 16
60 17
60 19
60 20
60 22
60 26
60 27
60 29
60 31
60 32
60 35
60 36
60 37
60 42
60 43
60 44
60 46
60 54
60 55
60 57
60 59
60 60
60 61
60 62
60 63
60 70
60 74
60 75
60 78
60 82
60 85
60 88
60 89
60 91
60 93
60 94
60 95
60 96
60 97
60 100
60 101
60 102
60 103
60 107
60 108
60 111
60 114
60 118
60 120
60 124
60 125
60 128
60 129
60 131
60 133
60 134
60 135
60 136
60 137
60 138
60 139
60 141
60 142
60 143
60 145
60 147
60 151
60 156
60 159
60 160
60 161
60 162
60 165
60 166
60 168
60 171
60 177
60 180
60 182
60 185
60 187
60 189
61 2
61 7
61 13
61 28
61 29
61 30
61 33
61 35
61 37
61 41
61 42
61 47
61 48
61 51
61 53
61 54
61 55
61 56
61 57
61 59
61 61
61 64
61 69
61 74
61 75
61 79
61 83
61 84
61 98
61 100
61 104
61 105
61 108
61 109
61 111
61 116
61 117
61 118
61 123
61 127
61 128
61 130
61 134
61 140
61 147
61 148
61 149
61 151
61 154
61 155
61 158
61 163
61 164
61 166
61 171
61 174
61 177
61 178
61 183
61 185
61 186
61 187
62 0
62 2
62 3
62 4
62 6
62 8
62 11
62 12
62 13
62 14
62 15
62 22
62 25
62 33
62 34
62 35
62 40
62 42
62 43
62 50
62 51
62 54
62 55
62 58
62 59
62 60
62 63
62 64
62 67
62 69
62 73
62 75
62 76
62 79
62 83
62 84
62 86
62 87
62 88
62 90
62 91
62 92
62 93
62 95
62 96
62 97
62 107
62 108
62 109
62 114
62 121
62 122
62 123
62 125
62 126
62 132
62 133
62 134
62 135
62 137
62 142
62 146
62 148
62 153
62 154
62 157
62 161
62 162
62 167
62 170
62 171
62 172
62 173
62 181
62 182
62 184
62 187
62 188
62 189
63 0
63 1
63 5
63 6
63 8
63 10
63 11
63 14
63 18
63 19
63 22
63 23
63 31
63 32
63 34
63 36
63 37
63 40
63 44
63 46
63 47
63 51
63 53
63 57
63 61
63 62
63 63
63 72
63 74
63 76
63 78
63 83
63 84
63 89
63 90
63 94
63 101
63 103
63 105
63 106
63 107
63 114
63 116
63 117
63 121
63 125
63 127
63 128
63 129
63 130
63 131
63 132
63 133
63 134
63 135
63 138
63 140
63 142
63 143
63 145
63 150
63 154
63 157
63 159
63 165
63 166
63 169
63 175
63 176
63 177
63 179
63 180
63 181
63 188
63 189
64 0
64 5
64 8
64 9
64 10
64 11
64 14
64 15
64 16
64 18
64 19
64 20
64 21
64 23
64 24
64 25
64 26
64 27
64 28
64 30
64 31
64 33
64 35
64 37
64 39
64 41
64 43
64 44
64 47
64 54
64 55
64 56
64 57
64 60
64 63
64 65
64 72
64 79
64 80
64 81
64 83
64 88
64 93
64 94
64 97
64 101
64 104
64 105
64 107
64 110
64 114
64 120
64 123
64 126
64 128
64 129
64 131
64 133
64 134
64 136
64 137
64 138
64 140
64 143
64 147
64 148
64 151
64 153
64 155
64 158
64 164
64 167
64 168
64 169
64 170
64 172
64 173
64 175
64 176
64 181
64 184
64 186
64 189
65 2
65 3
65 4
65 5
65 10
65 13
65 14
65 18
65 21
65 23
65 24
65 27
65 31
65 34
65 36
65 38
65 43
65 46
65 47
65 49
65 54
65 57
65 60
65 61
65 63
65 64
65 65
65 67
65 72
65 74
65 76
65 77
65 82
65 83
65 85
65 86
65 87
65 88
65 92
65 94
65 95
65 97
65 102
65 104
65 106
65 109
65 113
65 116
65 118
65 120
65 123
65 126
65 128
65 129
65 132
65 134
65 136
65 140
65 143
65 144
65 145
65 146
65 150
65 152
65 153
65 154
65 157
65 158
65 161
65 162
65 164
65 166
65 167
65 171
65 173
65 175
65 176
65 179
65 180
65 182
65 185
65 187
65 188
65 189
66 0
66 1
66 2
66 3
66 9
66 10
66 13
66 16
66 22
66 23
66 25
66 29
66 31
66 37
66 38
66 39
66 41
66 42
66 44
66 46
66 47
66 49
66 52
66 53
66 54
66 58
66 59
66 60
66 62
66 63
66 66
66 74
66 75
66 76
66 82
66 83
66 90
66 92
66 99
66 102
66 106
66 107
66 108
66 113
66 114
66 119
66 125
66 126
66 127
66 130
66 131
66 134
66 135
66 137
66 138
66 139
66 145
66 146
66 147
66 149
66 151
66 154
66 156
66 162
66 163
66 164
66 165
66 170
66 172
66 173
66 178
66 180
66 187
66 188
66 189
67 2
67 5
67 6
67 8
67 11
67 19
67 23
67 25
67 30
67 32
67 34
67 35
67 38
67 41
67 43
67 44
67 45
67 48
67 51
67 53
67 56
67 60
67 61
67 63
67 65
67 67
67 72
67 74
67 78
67 79
67 80
67 81
67 82
67 91
67 92
67 101
67 102
67 105
67 107
67 109
67 111
67 114
67 119
67 124
67 128
67 131
67 132
67 133
67 139
67 140
67 146
67 148
67 150
67 152
67 153
67 155
67 157
67 158
67 162
67 164
67 165
67 168
67 169
67 170
67 176
67 183
67 187
67 189
68 10
68 11
68 12
68 15
68 16
68 17
68 18
68 20
68 23
68 24
68 25
68 26
68 28
68 30
68 32
68 35
68 37
68 38
68 40
68 41
68 44
68 45
68 47
68 48
68 50
68 52
68 53
68 55
68 57
68 59
68 60
68 62
68 64
68 65
68 67
68 71
68 76
68 77
68 79
68 81
68 82
68 86
68 87
68 97
68 99
68 100
68 101
68 103
68 108
68 109
68 111
68 113
68 114
68 115
68 118
68 119
68 120
68 123
68 125
68 129
68 134
68 138
68 141
68 146
68 148
68 150
68 153
68 156
68 157
68 159
68 162
68 164
68 165
68 166
68 167
68 168
68 170
68 175
68 178
68 179
68 180
68 181
68 185
68 186
68 187
69 1
69 2
69 3
69 7
69 8
69 11
69 18
69 21
69 22
69 24
69 25
69 28
69 29
69 30
69 33
69 34
69 37
69 39
69 42
69 47
69 51
69 52
69 53
69 59
69 63
69 64
69 68
69 69
69 70
69 71
69 74
69 82
69 84
69 86
69 87
69 90
69 93
69 94
69 96
69 98
69 99
69 101
69 107
69 108
69 109
69 113
69 116
69 117
69 119
69 120
69 124
69 125
69 134
69 136
69 144
69 146
69 148
69 150
69 154
69 156
69 158
69 160
69 161
69 162
69 167
69 168
69 174
69 179
69 180
69 181
69 182
69 189
70 0
70 1
70 4
70 8
70 9
70 10
70 12
70 14
70 15
70 17
70 19
70 27
70 30
70 32
70 33
70 34
70 37
70 38
70 39
70 42
70 43
70 45
70 47
70 48
70 49
70 51
70 53
70 54
70 55
70 59
70 60
70 63
70 66
70 69
70 74
70 75
70 76
70 77
70 78
70 82
70 85
70 86
70 88
70 91
70 93
70 98
70 101
70 110
70 113
70 118
70 119
70 121
70 122
70 124
70 128
70 131
70 132
70 133
70 134
70 139
70 144
70 146
70 148
70 153
70 154
70 155
70 159
70 161
70 163
70 165
70 167
70 169
70 171
70 176
70 181
70 182
71 0
71 3
71 6
71 7
71 20
71 22
71 23
71 28
71 30
71 31
71 36
71 38
71 39
71 41
71 42
71 46
71 47
71 48
71 49
71 50
71 53
71 57
71 58
71 59
71 62
71 71
71 72
71 73
71 79
71 80
71 83
71 84
71 85
71 95
71 96
71 102
71 109
71 110
71 111
71 112
71 113
71 116
71 117
71 118
71 119
71 123
71 124
71 125
71 128
71 131
71 133
71 134
71 136
71 137
71 142
71 143
71 144
71 145
71 146
71 148
71 149
71 150
71 151
71 152
71 153
71 154
71 156
71 157
71 158
71 159
71 162
71 163
71 164
71 165
71 166
71 167
71 168
71 174
71 175
71 176
71 179
71 180
71 182
71 186
72 4
72 5
72 12
72 14
72 16
72 18
72 19
72 22
72 24
72 25
72 30
72 32
72 35
72 36
72 38
72 41
72 42
72 43
72 47
72 49
72 51
72 55
72 56
72 58
72 61
72 62
72 63
72 64
72 66
72 67
72 69
72 70
72 71
72 74
72 75
72 77
72 79
72 83
72 87
72 94
72 96
72 100
72 101
72 102
72 103
72 104
72 107
72 108
72 109
72 112
72 113
72 115
72 116
72 117
72 118
72 119
72 121
72 122
72 124
72 125
72 131
72 132
72 138
72 146
72 157
72 159
72 160
72 164
72 167
72 168
72 169
72 173
72 174
72 180
72 184
72 188
73 1
73 2
73 3
73 5
73 7
73 8
73 9
73 11
73 13
73 14
73 17
73 18
73 20
73 21
73 26
73 27
73 36
73 37
73 38
73 43
73 46
73 48
73 50
73 51
73 52
73 60
73 61
73 64
73 72
73 74
73 76
73 78
73 81
73 82
73 85
73 87
73 94
73 96
73 98
73 99
73 102
73 105
73 106
73 111
73 112
73 114
73 120
73 121
73 124
73 125
73 128
73 132
73 133
73 134
73 135
73 137
73 139
73 140
73 143
73 144
73 145
73 147
73 149
73 151
73 153
73 154
73 155
73 156
73 161
73 162
73 163
73 169
73 177
73 180
73 181
73 185
74 0
74 1
74 4
74 5
74 7
74 9
74 15
74 20
74 23
74 28
74 29
74 31
74 33
74 35
74 38
74 40
74 51
74 52
74 53
74 58
74 61
74 63
74 65
74 67
74 72
74 74
74 76
74 79
74 80
74 84
74 85
74 88
74 91
74 92
74 93
74 97
74 99
74 100
74 102
74 105
74 107
74 108
74 109
74 112
74 117
74 122
74 124
74 125
74 127
74 128
74 131
74 132
74 133
74 139
74 140
74 142
74 149
74 151
74 153
74 154
74 155
74 156
74 157
74 159
74 161
74 163
74 164
74 165
74 168
74 169
74 172
74 173
74 174
74 175
74 176
74 177
74 180
74 188
74 189
75 1
75 3
75 14
75 17
75 19
75 21
75 22
75 29
75 30
75 33
75 34
75 35
75 40
75 41
75 48
75 50
75 52
75 53
75 54
75 56
75 61
75 63
75 66
75 71
75 74
75 75
75 76
75 78
75 79
75 83
75 90
75 91
75 92
75 93
75 95
75 96
75 97
75 99
75 102
75 106
75 108
75 113
75 117
75 118
75 122
75 123
75 125
75 126
75 128
75 130
75 135
75 136
75 140
75 144
75 146
75 148
75 151
75 152
75 153
75 157
75 158
75 160
75 162
75 165
75 166
75 167
75 168
75 170
75 171
75 172
75 175
75 177
75 178
75 179
75 180
75 182
75 183
75 187
76 1
76 3
76 4
76 6
76 7
76 8
76 12
76 13
76 14
76 15
76 20
76 24
76 25
76 27
76 28
76 31
76 34
76 42
76 44
76 45
76 46
76 49
76 50
76 51
76 52
76 55
76 56
76 57
76 59
76 61
76 63
76 64
76 65
76 66
76 68
76 73
76 76
76 78
76 80
76 82
76 85
76 88
76 90
76 93
76 95
76 96
76 102
76 104
76 106
76 108
76 110
76 112
76 113
76 120
76 125
76 126
76 127
76 130
76 131
76 135
76 139
76 143
76 144
76 150
76 151
76 152
76 154
76 157
76 158
76 159
76 161
76 162
76 166
76 169
76 174
76 176
76 181
76 189
77 0
77 1
77 2
77 9
77 10
77 12
77 15
77 17
77 19
77 20
77 21
77 24
77 26
77 30
77 35
77 38
77 39
77 41
77 50
77 51
77 56
77 63
77 67
77 68
77 71
77 72
77 76
77 78
77 81
77 83
77 86
77 95
77 96
77 97
77 98
77 99
77 103
77 108
77 109
77 110
77 114
77 117
77 118
77 119
77 120
77 127
77 128
77 129
77 133
77 134
77 141
77 143
77 144
77 146
77 147
77 149
77 151
77 152
77 154
77 157
77 159
77 160
77 161
77 162
77 166
77 171
77 174
77 175
77 176
77 179
77 183
77 185
78 1
78 6
78 8
78 10
78 11
78 13
78 14
78 25
78 27
78 28
78 29
78 30
78 31
78 32
78 34
78 35
78 36
78 37
78 39
78 44
78 48
78 49
78 51
78 52
78 54
78 55
78 59
78 60
78 61
78 64
78 65
78 66
78 69
78 70
78 73
78 74
78 76
78 77
78 80
78 83
78 84
78 88
78 89
78 93
78 97
78 98
78 101
78 105
78 107
78 108
78 111
78 112
78 115
78 117
78 119
78 120
78 121
78 123
78 124
78 129
78 132
78 133
78 136
78 137
78 141
78 144
78 151
78 158
78 160
78 171
78 175
78 179
78 181
78 182
78 184
78 185
78 188
78 189
79 4
79 6
79 9
79 11
79 14
79 17
79 18
79 19
79 21
79 22
79 27
79 29
79 30
79 34
79 39
79 43
79 44
79 49
79 50
79 52
79 53
79 54
79 55
79 56
79 57
79 61
79 62
79 63
79 64
79 65
79 69
79 71
79 72
79 73
79 74
79 76
79 78
79 79
79 86
79 87
79 89
79 91
79 92
79 93
79 94
79 96
79 98
79 100
79 101
79 104
79 108
79 111
79 112
79 114
79 118
79 120
79 122
79 123
79 124
79 130
79 131
79 137
79 138
79 143
79 145
79 146
79 147
79 148
79 149
79 153
79 155
79 160
79 163
79 165
79 167
79 169
79 170
79 171
79 172
79 175
79 179
79 182
79 183
79 186
79 188
80 5
80 7
80 11
80 12
80 16
80 20
80 21
80 22
80 25
80 26
80 30
80 32
80 36
80 40
80 44
80 45
80 46
80 47
80 48
80 63
80 65
80 70
80 71
80 73
80 76
80 77
80 83
80 84
80 91
80 96
80 107
80 111
80 116
80 117
80 118
80 120
80 126
80 127
80 129
80 130
80 131
80 132
80 139
80 141
80 142
80 143
80 147
80 150
80 155
80 156
80 157
80 158
80 162
80 164
80 167
80 168
80 171
80 172
80 173
80 176
80 178
80 179
80 180
80 181
80 182
80 185
81 1
81 3
81 4
81 5
81 6
81 8
81 10
81 13
81 17
81 19
81 20
81 26
81 29
81 31
81 32
81 33
81 34
81 39
81 44
81 48
81 50
81 51
81 54
81 57
81 58
81 60
81 67
81 68
81 69
81 70
81 73
81 78
81 82
81 85
81 87
81 88
81 89
81 92
81 96
81 100
81 104
81 105
81 107
81 108
81 110
81 111
81 114
81 115
81 117
81 121
81 124
81 126
81 132
81 137
81 140
81 147
81 148
81 151
81 153
81 158
81 165
81 166
81 167
81 169
81 173
81 175
81 180
81 187
82 6
82 13
82 16
82 21
82 23
82 26
82 27
82 30
82 31
82 33
82 34
82 37
82 38
82 41
82 43
82 44
82 46
82 50
82 55
82 56
82 58
82 59
82 63
82 67
82 70
82 71
82 72
82 79
82 82
82 83
82 88
82 90
82 91
82 92
82 94
82 101
82 102
82 104
82 105
82 106
82 108
82 116
82 118
82 119
82 122
82 124
82 129
82 130
82 131
82 134
82 135
82 136
82 137
82 138
82 142
82 144
82 145
82 147
82 149
82 150
82 151
82 153
82 154
82 155
82 158
82 159
82 160
82 161
82 164
82 165
82 170
82 171
82 175
82 176
82 177
82 180
82 181
82 183
82 184
82 186
82 188
83 0
83 1
83 2
83 4
83 5
83 6
83 11
83 12
83 16
83 18
83 20
83 22
83 23
83 27
83 30
83 33
83 37
83 42
83 48
83 50
83 51
83 54
83 56
83 57
83 58
83 64
83 69
83 70
83 71
83 80
83 82
83 84
83 88
83 89
83 91
83 93
83 95
83 97
83 98
83 100
83 102
83 105
83 114
83 116
83 123
83 127
83 128
83 131
83 132
83 135
83 136
83 137
83 138
83 139
83 141
83 142
83 145
83 149
83 151
83 152
83 154
83 156
83 157
83 159
83 166
83 168
83 169
83 170
83 173
83 178
83 183
83 186
83 187
83 189
84 0
84 1
84 4
84 6
84 7
84 9
84 10
84 12
84 13
84 14
84 21
84 26
84 28
84 30
84 32
84 34
84 36
84 37
84 40
84 45
84 46
84 47
84 48
84 49
84 50
84 53
84 61
84 62
84 68
84 69
84 70
84 72
84 78
84 80
84 85
84 88
84 90
84 91
84 96
84 100
84 104
84 108
84 110
84 111
84 114
84 115
84 117
84 118
84 119
84 122
84 125
84 126
84 127
84 129
84 131
84 133
84 134
84 135
84 141
84 145
84 147
84 148
84 150
84 152
84 153
84 154
84 158
84 160
84 164
84 170
84 171
84 174
84 179
84 184
84 185
84 189
85 0
85 2
85 4
85 5
85 8
85 10
85 13
85 16
85 20
85 21
85 26
85 30
85 33
85 38
85 43
85 46
85 47
85 48
85 49
85 53
85 54
85 58
85 59
85 60
85 61
85 65
85 67
85 74
85 78
85 80
85 82
85 83
85 92
85 94
85 100
85 101
85 106
85 107
85 109
85 115
85 119
85 120
85 121
85 122
85 129
85 134
85 135
85 136
85 141
85 142
85 146
85 148
85 150
85 151
85 152
85 155
85 156
85 158
85 159
85 160
85 164
85 168
85 169
85 171
85 176
85 179
85 180
85 182
85 186
85 187
86 10
86 11
86 13
86 16
86 17
86 18
86 19
86 21
86 22
86 26
86 30
86 34
86 35
86 38
86 40
86 41
86 42
86 43
86 46
86 50
86 54
86 57
86 65
86 67
86 70
86 72
86 74
86 75
86 77
86 82
86 83
86 85
86 87
86 89
86 91
86 92
86 98
86 99
86 100
86 102
86 105
86 109
86 110
86 112
86 113
86 115
86 116
86 117
86 119
86 120
86 125
86 129
86 131
86 135
86 137
86 140
86 141
86 143
86 147
86 152
86 153
86 154
86 156
86 157
86 160
86 165
86 166
86 167
86 170
86 176
86 177
86 178
86 179
86 180
86 181
86 182
86 188
86 189
87 0
87 8
87 12
87 15
87 17
87 18
87 26
87 27
87 28
87 33
87 38
87 39
87 40
87 42
87 47
87 54
87 55
87 57
87 70
87 71
87 77
87 78
87 79
87 80
87 83
87 87
87 89
87 90
87 92
87 95
87 96
87 98
87 99
87 100
87 101
87 102
87 109
87 111
87 113
87 115
87 116
87 119
87 120
87 123
87 124
87 126
87 127
87 132
87 133
87 134
87 135
87 139
87 140
87 144
87 148
87 150
87 153
87 157
87 158
87 162
87 164
87 165
87 166
87 172
87 173
87 176
87 181
87 185
87 189
88 3
88 5
88 7
88 10
88 13
88 14
88 19
88 21
88 24
88 26
88 27
88 30
88 32
88 33
88 34
88 36
88 40
88 41
88 42
88 45
88 46
88 48
88 57
88 58
88 61
88 63
88 64
88 68
88 69
88 70
88 72
88 73
88 77
88 78
88 80
88 81
88 82
88 85
88 86
88 90
88 94
88 95
88 97
88 98
88 107
88 108
88 113
88 116
88 119
88 124
88 125
88 127
88 128
88 131
88 132
88 133
88 135
88 137
88 138
88 139
88 140
88 141
88 144
88 149
88 151
88 153
88 156
88 158
88 161
88 164
88 165
88 169
88 171
88 172
88 174
88 176
88 178
88 180
88 183
88 185
88 187
88 189
89 6
89 19
89 20
89 21
89 22
89 26
89 30
89 33
89 35
89 37
89 40
89 41
89 42
89 43
89 45
89 49
89 50
89 53
89 54
89 55
89 56
89 59
89 61
89 65
89 66
89 69
89 71
89 73
89 77
89 80
89 88
89 91
89 93
89 94
89 96
89 98
89 99
89 103
89 106
89 107
89 112
89 118
89 119
89 120
89 121
89 122
89 123
89 124
89 127
89 132
89 133
89 136
89 137
89 138
89 140
89 143
89 145
89 146
89 147
89 149
89 150
89 152
89 154
89 155
89 160
89 162
89 164
89 172
89 173
89 175
89 178
89 185
90 0
90 1
90 6
90 8
90 10
90 16
90 18
90 20
90 22
90 27
90 29
90 33
90 37
90 39
90 41
90 45
90 46
90 51
90 53
90 57
90 60
90 63
90 65
90 67
90 73
90 76
90 77
90 83
90 84
90 85
90 87
90 88
90 94
90 95
90 96
90 97
90 101
90 104
90 105
90 106
90 109
90 112
90 114
90 120
90 121
90 122
90 125
90 127
90 131
90 132
90 134
90 139
90 140
90 144
90 147
90 148
90 151
90 154
90 156
90 157
90 159
90 160
90 164
90 165
90 167
90 168
90 169
90 171
90 172
90 175
90 177
90 178
90 183
90 186
90 187
90 188
91 12
91 17
91 21
91 23
91 24
91 26
91 27
91 28
91 30
91 33
91 37
91 38
91 39
91 41
91 43
91 47
91 49
91 57
91 61
91 64
91 71
91 72
91 76
91 83
91 89
91 90
91 91
91 92
91 93
91 94
91 96
91 100
91 101
91 103
91 111
91 112
91 114
91 116
91 117
91 118
91 120
91 121
91 122
91 123
91 124
91 125
91 126
91 132
91 135
91 139
91 140
91 141
91 147
91 148
91 149
91 150
91 151
91 153
91 155
91 158
91 160
91 164
91 165
91 167
91 173
91 174
91 176
91 179
91 181
91 182
91 183
91 186
91 187
92 0
92 1
92 2
92 4
92 5
92 8
92 11
92 17
92 18
92 20
92 22
92 23
92 24
92 26
92 27
92 28
92 30
92 36
92 37
92 41
92 44
92 47
92 51
92 52
92 54
92 55
92 58
92 59
92 60
92 63
92 66
92 68
92 71
92 75
92 77
92 78
92 82
92 84
92 85
92 86
92 87
92 89
92 90
92 91
92 93
92 94
92 98
92 101
92 102
92 103
92 114
92 116
92 119
92 125
92 129
92 130
92 133
92 136
92 137
92 141
92 142
92 144
92 145
92 147
92 148
92 155
92 157
92 159
92 160
92 161
92 162
92 163
92 164
92 166
92 167
92 168
92 172
92 175
92 181
92 182
92 184
92 185
92 189
93 1
93 8
93 11
93 16
93 18
93 19
93 23
93 24
93 26
93 29
93 33
93 40
93 43
93 44
93 45
93 47
93 49
93 53
93 56
93 57
93 59
93 66
93 68
93 71
93 72
93 73
93 74
93 75
93 77
93 78
93 79
93 80
93 81
93 84
93 85
93 86
93 87
93 89
93 91
93 95
93 97
93 98
93 101
93 102
93 103
93 106
93 107
93 108
93 112
93 115
93 120
93 124
93 125
93 128
93 129
93 130
93 131
93 133
93 134
93 136
93 139
93 141
93 144
93 146
93 147
93 148
93 151
93 152
93 155
93 157
93 160
93 162
93 164
93 165
93 168
93 170
93 174
93 177
93 180
93 182
93 183
93 186
93 187
93 189
94 0
94 3
94 4
94 8
94 9
94 10
94 12
94 15
94 16
94 17
94 18
94 19
94 20
94 25
94 27
94 30
94 31
94 32
94 33
94 34
94 36
94 37
94 41
94 44
94 47
94 49
94 50
94 51
94 53
94 54
94 55
94 56
94 57
94 59
94 63
94 64
94 69
94 70
94 72
94 73
94 74
94 75
94 76
94 78
94 80
94 84
94 85
94 86
94 88
94 90
94 91
94 92
94 93
94 96
94 104
94 105
94 106
94 116
94 118
94 127
94 129
94 131
94 132
94 133
94 135
94 136
94 140
94 146
94 149
94 150
94 151
94 153
94 154
94 156
94 160
94 172
94 173
94 175
94 182
94 183
94 184
94 186
95 2
95 5
95 7
95 10
95 14
95 16
95 17
95 18
95 19
95 24
95 25
95 27
95 34
95 37
95 46
95 48
95 53
95 54
95 56
95 59
95 66
95 67
95 69
95 71
95 73
95 75
95 77
95 78
95 80
95 81
95 82
95 86
95 87
95 89
95 90
95 91
95 92
95 95
95 96
95 98
95 100
95 101
95 102
95 103
95 110
95 113
95 115
95 118
95 120
95 124
95 125
95 128
95 134
95 137
95 139
95 140
95 149
95 152
95 153
95 154
95 157
95 159
95 162
95 165
95 166
95 167
95 168
95 169
95 171
95 176
95 177
95 182
95 185
95 187
95 189
96 0
96 2
96 4
96 10
96 12
96 13
96 18
96 20
96 22
96 25
96 26
96 28
96 33
96 34
96 35
96 38
96 39
96 40
96 41
96 42
96 43
96 44
96 47
96 50
96 52
96 54
96 55
96 56
96 57
96 62
96 71
96 76
96 77
96 83
96 86
96 92
96 95
96 102
96 108
96 112
96 113
96 114
96 123
96 124
96 125
96 126
96 127
96 130
96 141
96 143
96 145
96 149
96 156
96 158
96 160
96 161
96 163
96 175
96 176
96 177
96 183
96 188
97 2
97 4
97 5
97 8
97 9
97 11
97 12
97 13
97 16
97 22
97 23
97 24
97 27
97 29
97 30
97 32
97 33
97 35
97 36
97 37
97 38
97 44
97 46
97 49
97 50
97 53
97 57
97 61
97 64
97 67
97 69
97 75
97 78
97 79
97 80
97 81
97 82
97 87
97 88
97 90
97 91
97 92
97 93
97 94
97 95
97 96
97 101
97 105
97 107
97 108
97 109
97 110
97 111
97 117
97 118
97 119
97 128
97 129
97 130
97 132
97 134
97 135
97 139
97 145
97 147
97 148
97 155
97 156
97 160
97 161
97 162
97 163
97 170
97 172
97 173
97 174
97 178
97 181
97 183
97 188
98 0
98 1
98 2
98 5
98 6
98 7
98 8
98 13
98 14
98 21
98 24
98 26
98 30
98 31
98 34
98 37
98 39
98 40
98 42
98 45
98 47
98 50
98 54
98 56
98 57
98 59
98 60
98 61
98 64
98 69
98 70
98 72
98 73
98 75
98 77
98 78
98 79
98 80
98 84
98 88
98 91
98 94
98 95
98 96
98 98
98 103
98 106
98 109
98 111
98 115
98 120
98 121
98 124
98 128
98 129
98 132
98 135
98 138
98 139
98 141
98 145
98 146
98 147
98 150
98 157
98 158
98 161
98 166
98 169
98 170
98 172
98 175
98 177
98 180
98 181
98 182
99 6
99 7
99 8
99 9
99 10
99 11
99 12
99 17
99 18
99 28
99 29
99 30
99 35
99 36
99 40
99 41
99 44
99 47
99 48
99 50
99 51
99 52
99 54
99 55
99 56
99 62
99 63
99 64
99 65
99 66
99 69
99 72
99 73
99 75
99 81
99 82
99 84
99 88
99 91
99 93
99 97
99 98
99 102
99 104
99 105
99 106
99 107
99 109
99 110
99 113
99 115
99 118
99 119
99 128
99 133
99 134
99 135
99 136
99 137
99 138
99 139
99 141
99 142
99 150
99 155
99 158
99 164
99 166
99 168
99 173
99 174
99 175
99 176
99 179
99 181
99 182
99 185
99 188
99 189
100 0
100 1
100 2
100 6
100 8
100 9
100 10
100 11
100 16
100 17
100 19
100 20
100 21
100 22
100 28
100 29
100 30
100 31
100 34
100 36
100 37
100 38
100 40
100 43
100 44
100 51
100 52
100 53
100 54
100 55
100 56
100 58
100 60
100 62
100 64
100 68
100 70
100 73
100 82
100 83
100 84
100 86
100 87
100 88
100 93
100 95
100 97
100 102
100 103
100 104
100 105
100 108
100 109
100 110
100 116
100 117
100 122
100 123
100 124
100 125
100 128
100 129
100 132
100 133
100 135
100 140
100 144
100 148
100 149
100 152
100 156
100 158
100 160
100 162
100 164
100 166
100 170
100 175
100 176
100 177
100 179
100 180
100 181
100 182
100 186
100 188
101 1
101 6
101 8
101 11
101 15
101 16
101 18
101 19
101 20
101 21
101 22
101 24
101 25
101 29
101 34
101 37
101 38
101 47
101 51
101 52
101 53
101 54
101 59
101 61
101 67
101 68
101 69
101 71
101 72
101 74
101 80
101 81
101 86
101 91
101 94
101 98
101 99
101 103
101 113
101 115
101 118
101 119
101 120
101 121
101 122
101 123
101 125
101 129
101 130
101 132
101 133
101 137
101 138
101 139
101 140
101 142
101 145
101 146
101 150
101 151
101 152
101 153
101 154
101 157
101 158
101 168
101 172
101 173
101 174
101 175
101 178
101 180
101 183
101 185
101 189
102 0
102 1
102 2
102 3
102 5
102 8
102 9
102 14
102 16
102 19
102 20
102 22
102 26
102 27
102 31
102 32
102 33
102 35
102 40
102 50
102 60
102 65
102 66
102 68
102 69
102 73
102 74
102 77
102 78
102 80
102 85
102 86
102 89
102 98
102 99
102 102
102 103
102 106
102 110
102 114
102 115
102 116
102 121
102 122
102 127
102 128
102 129
102 130
102 132
102 134
102 135
102 138
102 144
102 149
102 152
102 154
102 156
102 159
102 162
102 163
102 166
102 167
102 168
102 175
102 177
102 178
102 180
102 181
102 183
103 0
103 4
103 5
103 7
103 8
103 10
103 12
103 13
103 14
103 18
103 25
103 26
103 30
103 31
103 33
103 40
103 42
103 45
103 50
103 51
103 52
103 54
103 55
103 56
103 57
103 58
103 59
103 60
103 65
103 67
103 69
103 70
103 73
103 77
103 78
103 79
103 85
103 86
103 87
103 89
103 91
103 95
103 98
103 99
103 101
103 102
103 103
103 104
103 106
103 108
103 111
103 116
103 117
103 118
103 119
103 132
103 134
103 135
103 138
103 139
103 140
103 146
103 147
103 149
103 153
103 154
103 157
103 158
103 160
103 162
103 164
103 166
103 175
103 176
103 177
103 178
103 180
103 187
103 189
104 2
104 6
104 8
104 10
104 11
104 15
104 18
104 19
104 22
104 23
104 26
104 29
104 30
104 31
104 32
104 33
104 39
104 44
104 53
104 59
104 60
104 61
104 62
104 63
104 64
104 66
104 67
104 70
104 72
104 73
104 79
104 82
104 83
104 84
104 86
104 87
104 88
104 89
104 93
104 97
104 98
104 99
104 101
104 103
104 107
104 109
104 111
104 112
104 117
104 119
104 120
104 122
104 124
104 127
104 133
104 140
104 141
104 142
104 145
104 148
104 151
104 152
104 153
104 154
104 155
104 156
104 157
104 158
104 160
104 161
104 162
104 163
104 165
104 171
104 173
104 174
104 176
104 177
104 180
104 182
104 183
104 184
104 185
104 187
104 189
105 0
105 7
105 8
105 9
105 10
105 11
105 12
105 14
105 16
105 17
105 18
105 19
105 21
105 23
105 26
105 28
105 30
105 37
105 38
105 43
105 44
105 45
105 48
105 50
105 51
105 54
105 55
105 57
105 61
105 64
105 65
105 70
105 75
105 76
105 81
105 82
105 84
105 86
105 87
105 88
105 92
105 95
105 97
105 98
105 99
105 100
105 103
105 104
105 107
105 110
105 114
105 117
105 119
105 120
105 123
105 126
105 128
105 131
105 134
105 135
105 140
105 142
105 145
105 152
105 157
105 158
105 159
105 160
105 162
105 165
105 168
105 169
105 174
105 183
105 184
105 188
106 1
106 6
106 7
106 8
106 14
106 18
106 19
106 20
106 23
106 24
106 25
106 26
106 27
106 30
106 31
106 36
106 38
106 39
106 41
106 43
106 52
106 55
106 59
106 61
106 62
106 65
106 67
106 71
106 72
106 73
106 76
106 77
106 82
106 84
106 85
106 87
106 88
106 89
106 94
106 96
106 97
106 98
106 101
106 103
106 106
106 108
106 114
106 117
106 118
106 121
106 122
106 126
106 129
106 130
106 131
106 132
106 133
106 134
106 136
106 137
106 138
106 139
106 143
106 144
106 145
106 146
106 147
106 151
106 152
106 159
106 163
106 168
106 174
106 175
106 176
106 177
106 179
106 183
106 187
106 188
107 0
107 1
107 2
107 4
107 9
107 10
107 11
107 12
107 15
107 19
107 20
107 21
107 27
107 28
107 32
107 35
107 37
107 38
107 45
107 46
107 47
107 49
107 50
107 51
107 53
107 56
107 58
107 68
107 75
107 78
107 79
107 80
107 82
107 83
107 84
107 85
107 87
107 95
107 97
107 98
107 99
107 102
107 109
107 110
107 112
107 113
107 115
107 116
107 117
107 118
107 120
107 122
107 123
107 125
107 131
107 132
107 133
107 134
107 135
107 137
107 138
107 143
107 144
107 145
107 147
107 148
107 155
107 156
107 158
107 160
107 161
107 167
107 169
107 170
107 171
107 175
107 176
107 177
107 180
107 181
107 187
107 189
108 5
108 9
108 10
108 14
108 16
108 19
108 24
108 26
108 27
108 29
108 31
108 37
108 38
108 40
108 42
108 44
108 47
108 48
108 49
108 52
108 56
108 59
108 74
108 77
108 79
108 86
108 92
108 93
108 97
108 101
108 104
108 108
108 116
108 122
108 127
108 130
108 133
108 136
108 139
108 143
108 146
108 148
108 150
108 152
108 159
108 161
108 166
108 170
108 172
108 176
108 177
108 180
108 186
109 1
109 2
109 4
109 7
109 10
109 12
109 13
109 14
109 17
109 18
109 19
109 30
109 32
109 35
109 36
109 37
109 41
109 42
109 44
109 47
109 49
109 53
109 58
109 66
109 68
109 76
109 78
109 79
109 84
109 87
109 89
109 94
109 96
109 100
109 101
109 104
109 110
109 113
109 117
109 118
109 120
109 123
109 130
109 132
109 135
109 137
109 141
109 142
109 149
109 152
109 153
109 154
109 158
109 159
109 160
109 161
109 166
109 167
109 169
109 175
109 176
109 178
109 182
109 186
109 188
110 1
110 6
110 7
110 12
110 13
110 19
110 20
110 24
110 27
110 28
110 31
110 33
110 34
110 39
110 41
110 42
110 43
110 49
110 55
110 62
110 63
110 64
110 65
110 69
110 70
110 71
110 72
110 74
110 75
110 76
110 79
110 88
110 90
110 96
110 98
110 100
110 104
110 107
110 110
110 114
110 115
110 116
110 117
110 120
110 124
110 125
110 127
110 128
110 129
110 130
110 131
110 137
110 143
110 145
110 153
110 154
110 160
110 162
110 165
110 168
110 170
110 173
110 177
110 179
110 181
110 183
110 185
111 1
111 2
111 3
111 5
111 9
111 10
111 12
111 13
111 15
111 16
111 17
111 20
111 26
111 27
111 33
111 34
111 35
111 36
111 37
111 40
111 44
111 46
111 52
111 55
111 56
111 59
111 60
111 61
111 63
111 65
111 66
111 68
111 69
111 75
111 76
111 77
111 78
111 85
111 88
111 89
111 90
111 91
111 95
111 98
111 100
111 111
111 114
111 117
111 121
111 123
111 124
111 126
111 130
111 132
111 133
111 134
111 139
111 144
111 145
111 146
111 147
111 150
111 151
111 152
111 154
111 158
111 159
111 162
111 170
111 171
111 173
111 174
111 180
111 181
111 185
111 189
112 0
112 3
112 5
112 6
112 7
112 8
112 9
112 12
112 14
112 17
112 19
112 22
112 23
112 24
112 27
112 29
112 34
112 35
112 39
112 40
112 42
112 44
112 46
112 52
112 54
112 58
112 62
112 63
112 64
112 65
112 67
112 69
112 72
112 73
112 76
112 79
112 81
112 86
112 87
112 89
112 92
112 94
112 100
112 105
112 107
112 108
112 110
112 113
112 114
112 115
112 116
112 118
112 119
112 120
112 122
112 123
112 124
112 125
112 134
112 137
112 140
112 141
112 144
112 145
112 148
112 151
112 152
112 155
112 156
112 157
112 159
112 161
112 163
112 165
112 166
112 170
112 171
112 172
112 173
112 180
112 181
112 182
112 183
112 186
112 188
112 189
113 2
113 4
113 5
113 8
113 9
113 11
113 15
113 16
113 18
113 22
113 23
113 25
113 27
113 28
113 29
113 33
113 34
113 37
113 40
113 41
113 42
113 43
113 44
113 45
113 47
113 52
113 54
113 55
113 57
113 58
113 59
113 61
113 66
113 68
113 70
113 71
113 72
113 74
113 80
113 91
113 93
113 94
113 95
113 100
113 106
113 107
113 109
113 112
113 114
113 116
113 127
113 128
113 129
113 131
113 135
113 141
113 142
113 144
113 148
113 151
113 158
113 162
113 165
113 168
113 169
113 170
113 171
113 172
113 173
113 174
113 175
113 179
113 180
113 184
113 185
113 186
114 0
114 1
114 2
114 6
114 8
114 12
114 15
114 16
114 19
114 22
114 24
114 26
114 27
114 28
114 29
114 30
114 32
114 33
114 34
114 35
114 36
114 37
114 40
114 44
114 47
114 48
114 49
114 50
114 53
114 57
114 59
114 60
114 66
114 69
114 71
114 72
114 73
114 78
114 79
114 80
114 84
114 86
114 87
114 91
114 92
114 94
114 96
114 98
114 99
114 100
114 101
114 102
114 107
114 110
114 113
114 115
114 116
114 117
114 118
114 120
114 124
114 125
114 126
114 127
114 130
114 131
114 137
114 139
114 143
114 145
114 146
114 149
114 152
114 153
114 154
114 155
114 156
114 158
114 163
114 165
114 168
114 170
114 172
114 174
114 175
114 176
114 178
114 179
114 183
114 186
114 188
115 0
115 2
115 3
115 4
115 11
115 12
115 15
115 16
115 17
115 19
115 20
115 21
115 24
115 28
115 31
115 35
115 36
115 39
115 42
115 45
115 46
115 47
115 50
115 53
115 57
115 59
115 68
115 76
115 77
115 84
115 86
115 87
115 91
115 92
115 93
115 97
115 98
115 99
115 102
115 103
115 105
115 106
115 109
115 111
115 114
115 115
115 116
115 118
115 122
115 124
115 126
115 129
115 135
115 136
115 139
115 140
115 142
115 143
115 144
115 149
115 152
115 153
115 154
115 159
115 165
115 168
115 169
115 172
115 175
115 176
115 177
115 179
115 181
115 183
115 188
116 3
116 8
116 14
116 15
116 17
116 18
116 27
116 34
116 39
116 42
116 44
116 48
116 54
116 55
116 56
116 57
116 58
116 59
116 68
116 69
116 74
116 75
116 79
116 80
116 84
116 85
116 88
116 90
116 91
116 97
116 98
116 99
116 101
116 105
116 106
116 108
116 109
116 112
116 117
116 119
116 120
116 121
116 122
116 124
116 127
116 128
116 129
116 130
116 131
116 133
116 135
116 136
116 139
116 141
116 144
116 148
116 150
116 151
116 155
116 159
116 162
116 166
116 167
116 169
116 170
116 171
116 173
116 176
116 181
116 189
117 9
117 10
117 11
117 13
117 15
117 22
117 24
117 28
117 30
117 31
117 39
117 40
117 42
117 43
117 50
117 51
117 54
117 56
117 58
117 62
117 63
117 64
117 78
117 79
117 82
117 88
117 92
117 93
117 94
117 96
117 98
117 102
117 105
117 106
117 109
117 112
117 115
117 116
117 118
117 119
117 120
117 127
117 138
117 141
117 145
117 147
117 148
117 151
117 152
117 154
117 155
117 158
117 159
117 163
117 165
117 168
117 171
117 175
117 176
117 177
117 181
117 183
117 184
117 188
118 6
118 7
118 11
118 13
118 16
118 19
118 21
118 26
118 27
118 28
118 29
118 32
118 37
118 39
118 43
118 44
118 57
118 64
118 66
118 68
118 70
118 71
118 73
118 75
118 76
118 77
118 85
118 87
118 89
118 95
118 102
118 104
118 105
118 106
118 111
118 114
118 115
118 120
118 122
118 123
118 132
118 134
118 136
118 139
118 152
118 157
118 160
118 162
118 164
118 167
118 169
118 171
118 172
118 174
118 176
118 180
118 184
118 185
118 186
118 188
118 189
119 0
119 3
119 5
119 6
119 7
119 8
119 9
119 10
119 12
119 14
119 17
119 18
119 21
119 25
119 26
119 27
119 29
119 32
119 35
119 44
119 53
119 54
119 55
119 56
119 59
119 62
119 65
119 67
119 68
119 69
119 70
119 72
119 76
119 77
119 78
119 81
119 82
119 85
119 86
119 88
119 89
119 90
119 91
119 92
119 97
119 98
119 104
119 106
119 108
119 110
119 111
119 112
119 113
119 114
119 116
119 118
119 120
119 121
119 122
119 124
119 125
119 129
119 130
119 131
119 138
119 139
119 140
119 141
119 142
119 143
119 156
119 158
119 160
119 162
119 167
119 168
119 171
119 173
119 175
119 177
119 178
119 179
119 180
119 181
119 185
119 186
120 2
120 3
120 4
120 5
120 7
120 9
120 10
120 12
120 13
120 14
120 15
120 16
120 18
120 20
120 23
120 30
120 32
120 35
120 36
120 39
120 41
120 42
120 43
120 44
120 48
120 49
120 50
120 51
120 58
120 59
120 61
120 62
120 72
120 73
120 74
120 75
120 80
120 81
120 82
120 85
120 90
120 91
120 94
120 95
120 96
120 97
120 103
120 106
120 107
120 110
120 111
120 114
120 115
120 118
120 120
120 121
120 122
120 123
120 124
120 125
120 130
120 137
120 139
120 146
120 147
120 149
120 152
120 163
120 164
120 167
120 168
120 170
120 172
120 176
120 177
120 179
120 181
120 182
120 185
120 187
120 189
121 1
121 5
121 6
121 7
121 8
121 16
121 18
121 20
121 21
121 25
121 28
121 31
121 32
121 33
121 36
121 38
121 40
121 41
121 44
121 49
121 52
121 56
121 62
121 67
121 68
121 70
121 73
121 77
121 78
121 81
121 86
121 91
121 93
121 94
121 95
121 97
121 100
121 101
121 103
121 104
121 107
121 108
121 109
121 112
121 113
121 115
121 116
121 119
121 120
121 123
121 124
121 131
121 136
121 137
121 138
121 142
121 146
121 148
121 152
121 153
121 155
121 158
121 159
121 162
121 168
121 170
121 171
121 172
121 175
121 176
121 177
121 179
121 181
121 182
121 186
121 189
122 1
122 2
122 6
122 10
122 12
122 13
122 14
122 17
122 18
122 19
122 21
122 23
122 26
122 31
122 33
122 34
122 35
122 36
122 38
122 39
122 40
122 41
122 42
122 43
122 44
122 46
122 47
122 49
122 51
122 52
122 54
122 56
122 58
122 59
122 60
122 65
122 66
122 68
122 70
122 72
122 75
122 77
122 79
122 80
122 82
122 84
122 87
122 88
122 89
122 90
122 94
122 99
122 100
122 108
122 112
122 118
122 122
122 123
122 126
122 128
122 131
122 134
122 138
122 139
122 140
122 143
122 144
122 146
122 148
122 151
122 153
122 156
122 161
122 162
122 172
122 173
122 175
122 187
123 1
123 6
123 7
123 10
123 11
123 12
123 15
123 17
123 22
123 23
123 26
123 27
123 30
123 32
123 33
123 34
123 35
123 36
123 37
123 38
123 39
123 42
123 43
123 44
123 45
123 51
123 55
123 56
123 59
123 60
123 61
123 66
123 74
123 75
123 79
123 80
123 82
123 84
123 87
123 90
123 92
123 97
123 98
123 102
123 107
123 108
123 109
123 110
123 111
123 112
123 113
123 114
123 115
123 116
123 123
123 124
123 125
123 127
123 129
123 135
123 136
123 138
123 140
123 141
123 143
123 146
123 150
123 151
123 156
123 157
123 158
123 161
123 163
123 165
123 166
123 171
123 174
123 177
123 182
123 183
123 185
123 188
124 2
124 3
124 4
124 6
124 9
124 13
124 16
124 17
124 21
124 28
124 29
124 35
124 36
124 37
124 39
124 40
124 42
124 43
124 44
124 47
124 52
124 53
124 54
124 58
124 60
124 62
124 69
124 70
124 71
124 72
124 80
124 83
124 88
124 89
124 91
124 92
124 93
124 98
124 99
124 101
124 103
124 104
124 108
124 109
124 110
124 113
124 114
124 119
124 124
124 127
124 128
124 131
124 135
124 136
124 138
124 146
124 148
124 151
124 154
124 159
124 160
124 162
124 163
124 167
124 169
124 173
124 174
124 176
124 177
124 180
124 184
124 186
124 187
124 189
125 4
125 8
125 9
125 12
125 13
125 20
125 22
125 26
125 27
125 30
125 31
125 32
125 36
125 43
125 47
125 48
125 49
125 50
125 53
125 57
125 62
125 63
125 65
125 68
125 70
125 73
125 79
125 81
125 82
125 84
125 85
125 88
125 89
125 91
125 93
125 94
125 95
125 96
125 98
125 100
125 102
125 104
125 106
125 107
125 109
125 110
125 111
125 117
125 119
125 123
125 127
125 128
125 130
125 131
125 133
125 134
125 139
125 140
125 142
125 143
125 146
125 147
125 148
125 149
125 150
125 151
125 153
125 154
125 156
125 158
125 164
125 166
125 167
125 168
125 169
125 170
125 176
125 180
125 183
125 184
125 186
125 188
126 1
126 2
126 3
126 4
126 8
126 10
126 11
126 12
126 15
126 16
126 18
126 19
126 20
126 21
126 22
126 24
126 27
126 28
126 29
126 31
126 32
126 35
126 37
126 41
126 42
126 44
126 47
126 48
126 56
126 58
126 61
126 66
126 67
126 68
126 76
126 81
126 85
126 95
126 100
126 101
126 103
126 104
126 108
126 112
126 115
126 116
126 117
126 120
126 125
126 130
126 132
126 133
126 134
126 137
126 138
126 142
126 143
126 149
126 150
126 155
126 157
126 158
126 160
126 162
126 163
126 166
126 167
126 170
126 171
126 172
126 174
126 175
126 178
126 181
126 183
126 185
126 186
126 189
127 2
127 4
127 7
127 10
127 11
127 14
127 16
127 17
127 21
127 22
127 26
127 27
127 31
127 33
127 35
127 36
127 37
127 41
127 45
127 49
127 50
127 51
127 53
127 57
127 59
127 62
127 63
127 65
127 68
127 70
127 75
127 77
127 79
127 85
127 92
127 94
127 96
127 98
127 100
127 104
127 106
127 109
127 110
127 111
127 115
127 116
127 117
127 119
127 121
127 124
127 130
127 132
127 134
127 137
127 138
127 139
127 144
127 149
127 151
127 153
127 154
127 163
127 164
127 167
127 175
127 176
127 177
127 181
127 184
128 0
128 1
128 3
128 4
128 13
128 14
128 16
128 17
128 19
128 24
128 28
128 31
128 33
128 34
128 35
128 36
128 37
128 39
128 40
128 43
128 45
128 47
128 50
128 51
128 53
128 59
128 60
128 62
128 64
128 72
128 79
128 82
128 83
128 89
128 90
128 91
128 96
128 98
128 99
128 100
128 105
128 109
128 110
128 112
128 114
128 118
128 119
128 120
128 121
128 122
128 126
128 127
128 128
128 130
128 133
128 134
128 135
128 136
128 137
128 145
128 147
128 148
128 153
128 156
128 160
128 167
128 169
128 172
128 176
128 179
128 181
128 183
128 186
129 3
129 6
129 7
129 10
129 15
129 18
129 19
129 24
129 26
129 30
129 33
129 35
129 39
129 41
129 42
129 43
129 44
129 47
129 50
129 52
129 54
129 56
129 57
129 58
129 63
129 64
129 65
129 66
129 67
129 72
129 73
129 74
129 75
129 77
129 78
129 80
129 81
129 82
129 84
129 85
129 86
129 87
129 90
129 91
129 92
129 93
129 96
129 99
129 100
129 101
129 102
129 105
129 107
129 109
129 111
129 112
129 113
129 116
129 119
129 121
129 123
129 125
129 130
129 131
129 134
129 136
129 142
129 147
129 152
129 156
129 158
129 162
129 164
129 167
129 170
129 172
129 175
129 181
129 186
129 188
130 3
130 7
130 10
130 14
130 21
130 22
130 24
130 25
130 26
130 29
130 32
130 35
130 37
130 38
130 40
130 42
130 44
130 47
130 48
130 49
130 51
130 53
130 54
130 60
130 63
130 68
130 69
130 74
130 77
130 79
130 84
130 86
130 87
130 88
130 90
130 92
130 93
130 94
130 95
130 96
130 100
130 108
130 110
130 116
130 117
130 118
130 122
130 124
130 127
130 130
130 131
130 134
130 136
130 139
130 143
130 144
130 145
130 148
130 149
130 151
130 155
130 156
130 157
130 161
130 165
130 166
130 171
130 173
130 174
130 176
130 178
130 181
130 182
130 183
130 184
130 185
130 186
130 188
130 189
131 0
131 1
131 4
131 5
131 7
131 9
131 11
131 12
131 14
131 16
131 21
131 22
131 24
131 25
131 26
131 30
131 36
131 37
131 39
131 40
131 44
131 46
131 47
131 48
131 49
131 50
131 60
131 61
131 62
131 64
131 70
131 73
131 76
131 78
131 81
131 84
131 85
131 87
131 89
131 95
131 98
131 99
131 100
131 101
131 102
131 107
131 108
131 110
131 114
131 116
131 119
131 120
131 123
131 124
131 126
131 127
131 129
131 130
131 131
131 133
131 134
131 135
131 139
131 140
131 141
131 142
131 145
131 146
131 148
131 149
131 150
131 156
131 158
131 160
131 162
131 163
131 164
131 166
131 167
131 169
131 172
131 173
131 176
131 179
131 181
131 182
131 183
131 187
131 189
132 0
132 2
132 4
132 7
132 12
132 19
132 20
132 22
132 23
132 24
132 29
132 33
132 37
132 38
132 42
132 44
132 45
132 49
132 50
132 51
132 53
132 55
132 56
132 57
132 59
132 61
132 63
132 64
132 65
132 71
132 72
132 81
132 82
132 84
132 86
132 87
132 88
132 92
132 96
132 103
132 106
132 113
132 116
132 117
132 120
132 122
132 127
132 129
132 137
132 139
132 140
132 142
132 144
132 146
132 147
132 149
132 150
132 151
132 162
132 163
132 164
132 165
132 166
132 169
132 171
132 172
132 177
132 181
132 183
132 185
132 189
133 6
133 8
133 16
133 17
133 21
133 22
133 28
133 29
133 31
133 32
133 33
133 36
133 37
133 40
133 48
133 49
133 51
133 56
133 57
133 59
133 61
133 64
133 65
133 67
133 73
133 74
133 76
133 80
133 81
133 82
133 84
133 85
133 86
133 89
133 93
133 94
133 95
133 98
133 99
133 100
133 103
133 104
133 106
133 108
133 112
133 113
133 118
133 119
133 123
133 124
133 125
133 128
133 133
133 135
133 136
133 139
133 141
133 143
133 148
133 149
133 150
133 152
133 153
133 155
133 157
133 158
133 159
133 161
133 163
133 172
133 175
133 176
133 177
133 180
133 182
133 183
133 187
133 189
134 4
134 10
134 15
134 16
134 17
134 21
134 23
134 24
134 28
134 34
134 35
134 37
134 39
134 40
134 41
134 45
134 48
134 51
134 53
134 58
134 59
134 60
134 62
134 66
134 68
134 69
134 73
134 74
134 76
134 78
134 80
134 83
134 86
134 89
134 92
134 94
134 102
134 103
134 104
134 105
134 111
134 112
134 113
134 115
134 118
134 119
134 126
134 128
134 133
134 134
134 136
134 138
134 139
134 142
134 154
134 155
134 160
134 163
134 168
134 169
134 176
134 177
134 181
134 185
134 187
134 189
135 1
135 2
135 4
135 13
135 16
135 18
135 23
135 24
135 25
135 27
135 35
135 37
135 38
135 41
135 42
135 45
135 52
135 57
135 64
135 79
135 81
135 82
135 83
135 91
135 94
135 96
135 98
135 99
135 103
135 104
135 106
135 107
135 111
135 112
135 113
135 115
135 119
135 120
135 123
135 125
135 127
135 129
135 133
135 134
135 137
135 138
135 140
135 142
135 147
135 149
135 154
135 156
135 158
135 161
135 163
135 166
135 167
135 171
135 172
135 175
135 176
135 177
135 178
135 180
135 182
135 186
135 189
136 1
136 2
136 3
136 4
136 5
136 7
136 10
136 11
136 15
136 18
136 19
136 22
136 25
136 26
136 27
136 30
136 31
136 34
136 38
136 40
136 41
136 46
136 47
136 48
136 50
136 52
136 53
136 55
136 59
136 63
136 64
136 70
136 71
136 73
136 75
136 78
136 79
136 82
136 83
136 84
136 87
136 88
136 89
136 90
136 95
136 98
136 99
136 103
136 105
136 106
136 108
136 110
136 114
136 115
136 116
136 121
136 125
136 126
136 127
136 132
136 134
136 138
136 148
136 151
136 155
136 156
136 159
136 160
136 161
136 162
136 163
136 165
136 166
136 171
136 172
136 176
136 180
136 181
136 185
136 186
136 189
137 0
137 1
137 3
137 4
137 6
137 10
137 12
137 15
137 17
137 21
137 24
137 25
137 26
137 30
137 31
137 32
137 38
137 40
137 43
137 44
137 45
137 47
137 50
137 54
137 55
137 56
137 64
137 65
137 67
137 68
137 69
137 75
137 77
137 80
137 84
137 85
137 87
137 91
137 92
137 94
137 96
137 97
137 100
137 101
137 106
137 107
137 108
137 109
137 110
137 111
137 113
137 114
137 115
137 118
137 121
137 122
137 128
137 129
137 130
137 132
137 138
137 139
137 145
137 151
137 152
137 156
137 157
137 158
137 160
137 162
137 163
137 165
137 166
137 170
137 177
137 178
137 180
137 184
137 185
137 187
138 7
138 8
138 17
138 18
138 19
138 21
138 22
138 23
138 24
138 26
138 32
138 35
138 39
138 47
138 48
138 50
138 51
138 56
138 58
138 59
138 60
138 61
138 64
138 65
138 66
138 68
138 70
138 71
138 77
138 82
138 83
138 87
138 88
138 89
138 90
138 91
138 101
138 102
138 103
138 104
138 105
138 107
138 109
138 111
138 113
138 116
138 120
138 125
138 129
138 133
138 137
138 139
138 140
138 143
138 145
138 147
138 150
138 151
138 153
138 154
138 156
138 157
138 158
138 159
138 160
138 166
138 167
138 168
138 169
138 180
138 182
138 183
138 189
139 0
139 1
139 4
139 6
139 8
139 9
139 10
139 12
139 17
139 19
139 20
139 21
139 22
139 23
139 28
139 29
139 33
139 36
139 37
139 38
139 42
139 43
139 46
139 48
139 49
139 52
139 53
139 54
139 55
139 56
139 57
139 66
139 67
139 70
139 73
139 74
139 76
139 77
139 78
139 80
139 81
139 84
139 87
139 88
139 90
139 91
139 92
139 93
139 95
139 97
139 105
139 107
139 108
139 109
139 112
139 113
139 114
139 119
139 120
139 121
139 124
139 125
139 126
139 127
139 128
139 130
139 133
139 134
139 143
139 144
139 145
139 149
139 151
139 156
139 158
139 159
139 162
139 163
139 164
139 165
139 167
139 168
139 169
139 170
139 176
139 179
139 180
139 181
139 182
139 183
139 185
139 186
139 187
139 188
140 2
140 8
140 9
140 11
140 12
140 16
140 17
140 18
140 20
140 22
140 25
140 28
140 29
140 30
140 31
140 36
140 40
140 41
140 43
140 44
140 45
140 47
140 48
140 51
140 54
140 55
140 56
140 62
140 64
140 65
140 66
140 67
140 72
140 74
140 75
140 80
140 83
140 85
140 86
140 89
140 90
140 98
140 99
140 100
140 101
140 102
140 104
140 106
140 107
140 112
140 115
140 116
140 119
140 121
140 123
140 127
140 128
140 129
140 135
140 137
140 138
140 140
140 142
140 146
140 147
140 149
140 150
140 151
140 159
140 168
140 172
140 174
140 175
140 178
140 180
140 183
140 189
141 0
141 1
141 4
141 6
141 7
141 8
141 9
141 13
141 16
141 23
141 25
141 26
141 28
141 34
141 36
141 38
141 40
141 42
141 46
141 49
141 50
141 51
141 55
141 59
141 66
141 71
141 73
141 74
141 75
141 77
141 79
141 81
141 82
141 87
141 88
141 89
141 94
141 97
141 101
141 104
141 111
141 112
141 113
141 114
141 116
141 118
141 126
141 131
141 133
141 136
141 137
141 139
141 146
141 149
141 154
141 156
141 160
141 169
141 170
141 174
141 176
141 177
141 180
141 184
141 187
141 189
142 0
142 1
142 7
142 9
142 16
142 18
142 19
142 21
142 23
142 24
142 26
142 28
142 31
142 32
142 38
142 40
142 42
142 44
142 45
142 47
142 49
142 50
142 55
142 61
142 62
142 68
142 74
142 75
142 77
142 81
142 83
142 84
142 85
142 87
142 88
142 89
142 91
142 96
142 100
142 107
142 108
142 109
142 110
142 113
142 119
142 120
142 125
142 129
142 131
142 133
142 135
142 137
142 139
142 145
142 146
142 147
142 149
142 151
142 157
142 158
142 162
142 163
142 165
142 168
142 177
142 180
142 184
142 189
143 1
143 2
143 3
143 5
143 7
143 9
143 14
143 15
143 17
143 21
143 24
143 27
143 28
143 31
143 32
143 35
143 37
143 44
143 46
143 47
143 48
143 52
143 54
143 55
143 56
143 58
143 65
143 68
143 69
143 70
143 71
143 77
143 79
143 80
143 85
143 91
143 96
143 97
143 98
143 104
143 105
143 107
143 109
143 110
143 111
143 119
143 127
143 128
143 129
143 131
143 135
143 136
143 140
143 143
143 146
143 150
143 158
143 161
143 162
143 164
143 166
143 169
143 171
143 178
143 181
143 182
143 185
143 189
144 0
144 3
144 4
144 6
144 7
144 14
144 16
144 18
144 20
144 26
144 27
144 30
144 35
144 37
144 38
144 46
144 48
144 55
144 57
144 58
144 60
144 62
144 66
144 68
144 69
144 71
144 72
144 73
144 75
144 76
144 77
144 83
144 84
144 87
144 89
144 96
144 99
144 100
144 106
144 109
144 113
144 118
144 121
144 122
144 126
144 127
144 128
144 130
144 131
144 137
144 141
144 144
144 147
144 148
144 149
144 152
144 154
144 158
144 159
144 160
144 164
144 165
144 166
144 167
144 168
144 171
144 174
144 177
144 179
144 182
144 183
144 184
144 187
144 188
144 189
145 5
145 7
145 8
145 10
145 12
145 13
145 17
145 18
145 21
145 22
145 27
145 28
145 29
145 30
145 31
145 34
145 36
145 39
145 43
145 45
145 47
145 49
145 51
145 52
145 56
145 57
145 60
145 64
145 66
145 69
145 74
145 78
145 82
145 84
145 86
145 87
145 90
145 91
145 92
145 93
145 94
145 95
145 107
145 113
145 117
145 122
145 126
145 127
145 128
145 129
145 130
145 135
145 137
145 140
145 142
145 145
145 147
145 152
145 155
145 158
145 159
145 160
145 163
145 165
145 166
145 169
145 170
145 171
145 174
145 176
145 179
145 181
145 182
145 183
145 185
145 189
146 0
146 3
146 6
146 7
146 9
146 14
146 15
146 20
146 21
146 22
146 25
146 28
146 33
146 34
146 35
146 36
146 45
146 47
146 50
146 51
146 54
146 68
146 69
146 73
146 75
146 77
146 81
146 82
146 85
146 87
146 95
146 100
146 102
146 103
146 105
146 107
146 109
146 117
146 118
146 121
146 123
146 124
146 131
146 132
146 135
146 138
146 146
146 148
146 150
146 152
146 155
146 157
146 160
146 162
146 163
146 164
146 165
146 166
146 168
146 173
146 176
146 177
146 179
146 180
146 185
146 189
147 1
147 8
147 12
147 15
147 20
147 23
147 29
147 31
147 32
147 33
147 34
147 36
147 38
147 48
147 49
147 51
147 52
147 54
147 61
147 64
147 66
147 67
147 70
147 74
147 75
147 78
147 85
147 87
147 91
147 95
147 97
147 100
147 101
147 103
147 104
147 108
147 109
147 112
147 114
147 116
147 124
147 129
147 130
147 131
147 136
147 137
147 139
147 140
147 141
147 144
147 146
147 147
147 149
147 150
147 151
147 153
147 154
147 155
147 156
147 161
147 164
147 171
147 172
148 1
148 3
148 4
148 7
148 10
148 14
148 19
148 21
148 22
148 24
148 25
148 27
148 29
148 30
148 31
148 33
148 34
148 36
148 39
148 40
148 41
148 44
148 47
148 48
148 49
148 50
148 52
148 55
148 57
148 58
148 64
148 66
148 67
148 68
148 72
148 74
148 75
148 76
148 77
148 81
148 83
148 88
148 90
148 91
148 92
148 93
148 94
148 95
148 96
148 102
148 106
148 107
148 108
148 114
148 115
148 117
148 118
148 127
148 128
148 133
148 134
148 135
148 136
148 140
148 141
148 144
148 145
148 146
148 148
148 150
148 151
148 155
148 157
148 160
148 162
148 163
148 165
148 166
148 167
148 169
148 172
148 173
148 174
148 175
148 178
148 181
148 187
148 188
149 1
149 4
149 9
149 11
149 13
149 14
149 15
149 16
149 24
149 25
149 26
149 27
149 29
149 33
149 34
149 35
149 39
149 40
149 41
149 44
149 47
149 48
149 49
149 50
149 51
149 54
149 55
149 56
149 58
149 59
149 62
149 65
149 67
149 68
149 69
149 70
149 71
149 74
149 75
149 77
149 80
149 81
149 88
149 90
149 95
149 98
149 101
149 103
149 107
149 109
149 110
149 112
149 113
149 115
149 118
149 120
149 121
149 124
149 125
149 131
149 132
149 137
149 138
149 139
149 140
149 142
149 143
149 146
149 149
149 151
149 152
149 158
149 162
149 163
149 166
149 168
149 170
149 173
149 175
149 176
149 177
149 179
149 180
149 181
149 186
149 189
150 2
150 3
150 4
150 10
150 13
150 15
150 17
150 18
150 23
150 25
150 26
150 27
150 28
150 29
150 30
150 33
150 34
150 37
150 39
150 41
150 43
150 44
150 50
150 58
150 59
150 60
150 61
150 63
150 64
150 65
150 66
150 67
150 69
150 73
150 80
150 81
150 82
150 83
150 84
150 86
150 88
150 96
150 98
150 105
150 106
150 110
150 111
150 119
150 120
150 121
150 122
150 126
150 128
150 132
150 133
150 135
150 137
150 139
150 140
150 141
150 142
150 146
150 147
150 149
150 150
150 155
150 161
150 165
150 169
150 171
150 174
150 176
150 177
150 179
150 185
150 187
150 188
150 189
151 0
151 1
151 5
151 7
151 10
151 15
151 17
151 18
151 25
151 26
151 28
151 31
151 32
151 33
151 34
151 38
151 42
151 49
151 50
151 54
151 60
151 61
151 69
151 70
151 74
151 76
151 78
151 79
151 80
151 82
151 91
151 92
151 93
151 97
151 98
151 99
151 102
151 104
151 106
151 108
151 111
151 113
151 114
151 115
151 117
151 119
151 124
151 125
151 126
151 127
151 128
151 131
151 137
151 143
151 145
151 147
151 148
151 152
151 155
151 156
151 158
151 162
151 173
151 174
151 177
151 184
151 185
151 189
152 3
152 10
152 11
152 12
152 15
152 16
152 18
152 20
152 23
152 24
152 31
152 36
152 40
152 46
152 47
152 48
152 49
152 52
152 53
152 56
152 58
152 67
152 68
152 72
152 74
152 76
152 82
152 83
152 87
152 91
152 92
152 96
152 97
152 98
152 99
152 102
152 104
152 110
152 112
152 114
152 116
152 117
152 118
152 123
152 124
152 126
152 128
152 130
152 132
152 133
152 136
152 137
152 142
152 143
152 144
152 147
152 148
152 150
152 153
152 157
152 161
152 162
152 163
152 164
152 168
152 177
152 178
152 185
152 186
152 188
153 0
153 1
153 6
153 7
153 11
153 13
153 19
153 22
153 25
153 28
153 29
153 32
153 36
153 37
153 38
153 43
153 44
153 46
153 47
153 49
153 51
153 52
153 54
153 55
153 57
153 59
153 63
153 65
153 67
153 76
153 77
153 81
153 84
153 85
153 87
153 88
153 91
153 96
153 97
153 98
153 101
153 102
153 103
153 109
153 111
153 112
153 115
153 116
153 119
153 120
153 121
153 122
153 123
153 124
153 126
153 131
153 135
153 136
153 138
153 139
153 143
153 144
153 145
153 149
153 150
153 153
153 155
153 156
153 158
153 159
153 163
153 164
153 165
153 167
153 170
153 171
153 173
153 174
153 175
153 177
153 181
153 183
153 186
153 187
153 188
154 0
154 2
154 3
154 8
154 11
154 13
154 14
154 16
154 20
154 22
154 23
154 26
154 29
154 30
154 33
154 42
154 44
154 45
154 49
154 51
154 54
154 61
154 62
154 69
154 70
154 72
154 77
154 79
154 84
154 86
154 89
154 90
154 93
154 95
154 97
154 99
154 100
154 103
154 108
154 109
154 112
154 113
154 114
154 116
154 117
154 118
154 120
154 121
154 122
154 124
154 130
154 138
154 145
154 146
154 147
154 154
154 158
154 163
154 164
154 165
154 167
154 168
154 173
154 175
154 176
154 182
154 184
154 185
154 186
154 189
155 1
155 3
155 5
155 11
155 13
155 15
155 16
155 21
155 23
155 24
155 25
155 28
155 29
155 31
155 32
155 33
155 37
155 39
155 41
155 42
155 44
155 45
155 48
155 51
155 53
155 58
155 60
155 64
155 65
155 66
155 71
155 72
155 74
155 79
155 80
155 81
155 82
155 93
155 94
155 105
155 107
155 108
155 113
155 114
155 117
155 118
155 123
155 124
155 125
155 126
155 127
155 128
155 129
155 132
155 138
155 139
155 147
155 148
155 151
155 153
155 156
155 158
155 163
155 166
155 167
155 169
155 177
155 178
155 179
155 180
155 181
155 182
155 184
156 5
156 6
156 9
156 14
156 15
156 16
156 17
156 18
156 20
156 22
156 23
156 24
156 27
156 28
156 33
156 36
156 37
156 43
156 47
156 51
156 54
156 56
156 58
156 60
156 62
156 63
156 68
156 69
156 72
156 75
156 76
156 77
156 78
156 79
156 85
156 86
156 88
156 89
156 90
156 91
156 92
156 95
156 96
156 101
156 105
156 106
156 110
156 112
156 114
156 116
156 120
156 122
156 126
156 128
156 130
156 133
156 134
156 136
156 137
156 140
156 145
156 146
156 150
156 154
156 155
156 161
156 163
156 166
156 167
156 172
156 174
156 177
156 180
156 182
156 183
156 187
156 188
157 0
157 1
157 2
157 3
157 4
157 6
157 7
157 10
157 13
157 15
157 18
157 22
157 24
157 25
157 27
157 29
157 30
157 31
157 33
157 35
157 39
157 40
157 44
157 46
157 53
157 54
157 57
157 59
157 62
157 63
157 64
157 66
157 68
157 72
157 75
157 78
157 84
157 87
157 89
157 91
157 94
157 95
157 96
157 97
157 100
157 101
157 102
157 110
157 117
157 119
157 121
157 123
157 124
157 125
157 127
157 128
157 134
157 135
157 136
157 138
157 139
157 143
157 144
157 147
157 149
157 155
157 157
157 158
157 159
157 160
157 162
157 164
157 165
157 166
157 167
157 170
157 174
157 178
157 181
157 185
157 187
158 1
158 2
158 3
158 4
158 5
158 10
158 15
158 19
158 21
158 24
158 27
158 29
158 33
158 38
158 39
158 40
158 42
158 44
158 48
158 49
158 51
158 55
158 56
158 62
158 65
158 66
158 68
158 69
158 70
158 71
158 75
158 78
158 79
158 81
158 82
158 86
158 89
158 90
158 93
158 100
158 102
158 104
158 105
158 109
158 111
158 116
158 120
158 121
158 130
158 132
158 134
158 136
158 139
158 140
158 142
158 146
158 148
158 149
158 151
158 152
158 159
158 164
158 166
158 168
158 169
158 170
158 171
158 173
158 174
158 178
158 181
158 182
158 183
158 184
159 3
159 4
159 8
159 9
159 11
159 14
159 17
159 25
159 26
159 27
159 31
159 39
159 41
159 45
159 46
159 47
159 48
159 51
159 55
159 58
159 67
159 68
159 73
159 76
159 78
159 79
159 81
159 86
159 87
159 89
159 90
159 91
159 99
159 100
159 101
159 108
159 110
159 112
159 118
159 119
159 123
159 124
159 132
159 134
159 135
159 136
159 141
159 142
159 146
159 147
159 148
159 153
159 155
159 157
159 167
159 168
159 175
159 176
159 177
159 181
159 183
159 184
159 185
159 189
160 3
160 4
160 5
160 7
160 8
160 12
160 13
160 19
160 20
160 21
160 25
160 26
160 27
160 28
160 32
160 33
160 38
160 39
160 44
160 45
160 47
160 48
160 54
160 56
160 57
160 60
160 62
160 63
160 64
160 66
160 69
160 70
160 71
160 74
160 75
160 78
160 82
160 83
160 85
160 86
160 88
160 90
160 102
160 103
160 104
160 109
160 111
160 112
160 116
160 119
160 120
160 122
160 125
160 126
160 128
160 131
160 132
160 133
160 134
160 140
160 141
160 142
160 149
160 150
160 151
160 152
160 154
160 155
160 157
160 158
160 168
160 173
160 176
160 177
160 178
160 179
160 183
160 184
160 185
161 0
161 4
161 8
161 14
161 21
161 23
161 27
161 29
161 34
161 36
161 39
161 42
161 43
161 44
161 53
161 54
161 56
161 57
161 58
161 63
161 65
161 66
161 67
161 68
161 70
161 71
161 72
161 75
161 78
161 79
161 83
161 84
161 88
161 91
161 92
161 94
161 95
161 99
161 100
161 105
161 107
161 119
161 122
161 125
161 127
161 133
161 135
161 142
161 147
161 149
161 152
161 156
161 157
161 162
161 167
161 172
161 173
161 174
161 176
161 178
161 180
161 181
161 182
161 183
161 184
161 187
162 3
162 8
162 9
162 10
162 14
162 20
162 21
162 22
162 24
162 27
162 28
162 29
162 34
162 37
162 38
162 39
162 40
162 41
162 42
162 43
162 44
162 45
162 46
162 49
162 52
162 53
162 60
162 61
162 62
162 63
162 64
162 67
162 68
162 70
162 72
162 77
162 80
162 81
162 82
162 85
162 88
162 89
162 90
162 91
162 92
162 95
162 96
162 97
162 99
162 100
162 106
162 108
162 109
162 110
162 111
162 117
162 118
162 119
162 120
162 122
162 123
162 124
162 127
162 128
162 131
162 132
162 133
162 137
162 138
162 139
162 143
162 145
162 146
162 148
162 154
162 156
162 158
162 160
162 162
162 163
162 164
162 166
162 168
162 169
162 172
162 174
162 176
162 177
162 183
162 184
162 185
162 186
162 187
162 188
163 1
163 4
163 6
163 7
163 8
163 9
163 12
163 13
163 14
163 19
163 21
163 25
163 26
163 28
163 29
163 38
163 40
163 41
163 42
163 43
163 44
163 45
163 49
163 53
163 58
163 65
163 67
163 69
163 70
163 72
163 74
163 76
163 79
163 80
163 82
163 86
163 87
163 91
163 92
163 94
163 98
163 100
163 101
163 104
163 106
163 108
163 110
163 113
163 117
163 120
163 122
163 124
163 126
163 127
163 132
163 138
163 139
163 140
163 144
163 147
163 149
163 150
163 152
163 163
163 166
163 167
163 168
163 170
163 171
163 176
163 177
164 0
164 2
164 3
164 4
164 7
164 13
164 15
164 16
164 18
164 21
164 22
164 26
164 27
164 28
164 29
164 30
164 31
164 32
164 33
164 36
164 37
164 39
164 42
164 44
164 50
164 51
164 54
164 61
164 63
164 64
164 67
164 70
164 71
164 75
164 79
164 80
164 81
164 82
164 84
164 86
164 89
164 93
164 104
164 106
164 108
164 109
164 111
164 112
164 114
164 133
164 134
164 139
164 142
164 143
164 145
164 147
164 150
164 158
164 159
164 160
164 164
164 171
164 172
164 173
164 178
164 182
164 184
164 186
164 187
165 0
165 1
165 2
165 5
165 14
165 19
165 20
165 22
165 24
165 28
165 29
165 31
165 32
165 41
165 46
165 47
165 50
165 53
165 56
165 66
165 68
165 71
165 74
165 75
165 76
165 81
165 82
165 84
165 89
165 90
165 91
165 95
165 99
165 100
165 103
165 106
165 110
165 112
165 115
165 116
165 118
165 119
165 122
165 123
165 124
165 127
165 136
165 138
165 139
165 141
165 143
165 155
165 156
165 160
165 162
165 168
165 170
165 174
165 177
165 178
165 179
165 182
165 184
165 186
165 188
165 189
166 5
166 6
166 7
166 8
166 10
166 13
166 14
166 15
166 17
166 22
166 24
166 28
166 31
166 34
166 35
166 37
166 38
166 39
166 41
166 43
166 44
166 46
166 47
166 49
166 50
166 54
166 55
166 56
166 58
166 62
166 64
166 65
166 66
166 68
166 69
166 70
166 71
166 72
166 74
166 77
166 81
166 86
166 88
166 89
166 91
166 94
166 96
166 97
166 98
166 102
166 103
166 107
166 110
166 111
166 114
166 116
166 118
166 119
166 126
166 131
166 140
166 143
166 144
166 146
166 147
166 149
166 150
166 152
166 153
166 155
166 158
166 159
166 162
166 163
166 164
166 167
166 170
166 175
166 178
166 181
166 183
166 186
166 187
166 188
167 0
167 2
167 6
167 8
167 16
167 21
167 23
167 30
167 31
167 33
167 34
167 39
167 43
167 46
167 47
167 49
167 50
167 53
167 54
167 55
167 56
167 59
167 61
167 64
167 65
167 66
167 67
167 68
167 71
167 75
167 76
167 78
167 91
167 92
167 94
167 95
167 96
167 99
167 100
167 101
167 105
167 107
167 110
167 111
167 112
167 113
167 114
167 115
167 116
167 117
167 118
167 121
167 124
167 125
167 126
167 127
167 129
167 130
167 134
167 135
167 137
167 138
167 139
167 140
167 142
167 144
167 146
167 147
167 148
167 151
167 152
167 155
167 156
167 162
167 165
167 166
167 168
167 172
167 173
167 176
167 180
167 181
167 183
167 184
167 186
168 0
168 1
168 3
168 4
168 5
168 10
168 12
168 14
168 17
168 19
168 20
168 22
168 23
168 24
168 25
168 31
168 34
168 41
168 42
168 48
168 49
168 51
168 52
168 53
168 59
168 60
168 61
168 62
168 64
168 70
168 72
168 74
168 75
168 77
168 78
168 80
168 81
168 84
168 86
168 90
168 91
168 93
168 101
168 106
168 107
168 108
168 110
168 111
168 114
168 115
168 118
168 123
168 127
168 128
168 130
168 131
168 132
168 136
168 142
168 143
168 144
168 145
168 147
168 149
168 150
168 151
168 153
168 154
168 155
168 160
168 161
168 162
168 163
168 164
168 168
168 173
168 175
168 180
168 181
168 182
168 185
168 186
168 187
168 189
169 0
169 4
169 6
169 7
169 10
169 21
169 22
169 28
169 29
169 36
169 38
169 44
169 50
169 51
169 52
169 53
169 55
169 57
169 58
169 59
169 60
169 62
169 71
169 76
169 77
169 80
169 81
169 82
169 83
169 90
169 93
169 96
169 97
169 100
169 103
169 105
169 108
169 111
169 114
169 115
169 116
169 118
169 123
169 124
169 126
169 127
169 130
169 131
169 132
169 133
169 135
169 137
169 141
169 142
169 144
169 145
169 147
169 149
169 150
169 152
169 153
169 157
169 159
169 160
169 162
169 165
169 169
169 170
169 172
169 176
169 178
169 180
169 182
169 187
170 0
170 1
170 3
170 5
170 10
170 13
170 16
170 17
170 19
170 25
170 29
170 39
170 43
170 44
170 45
170 48
170 49
170 50
170 52
170 53
170 60
170 63
170 64
170 65
170 68
170 69
170 72
170 73
170 74
170 75
170 81
170 84
170 86
170 87
170 88
170 91
170 94
170 96
170 97
170 99
170 100
170 102
170 111
170 112
170 114
170 116
170 119
170 120
170 130
170 135
170 137
170 139
170 145
170 147
170 148
170 149
170 150
170 151
170 152
170 156
170 159
170 160
170 164
170 165
170 169
170 171
170 178
170 179
170 181
170 183
170 186
170 187
170 189
171 2
171 5
171 7
171 9
171 10
171 12
171 13
171 17
171 18
171 21
171 22
171 23
171 26
171 30
171 33
171 37
171 38
171 40
171 42
171 45
171 51
171 52
171 58
171 60
171 61
171 63
171 66
171 69
171 71
171 72
171 75
171 77
171 78
171 79
171 80
171 81
171 83
171 84
171 86
171 87
171 88
171 90
171 91
171 94
171 96
171 97
171 100
171 101
171 103
171 105
171 106
171 109
171 113
171 114
171 118
171 119
171 120
171 121
171 122
171 130
171 131
171 138
171 141
171 142
171 143
171 150
171 151
171 152
171 153
171 155
171 160
171 162
171 163
171 166
171 168
171 169
171 173
171 174
171 177
171 179
171 181
171 184
171 185
172 1
172 7
172 16
172 20
172 22
172 23
172 24
172 25
172 28
172 30
172 32
172 38
172 41
172 42
172 47
172 49
172 50
172 53
172 55
172 59
172 62
172 66
172 67
172 71
172 73
172 75
172 77
172 78
172 79
172 83
172 90
172 91
172 96
172 97
172 99
172 104
172 107
172 110
172 113
172 120
172 122
172 124
172 126
172 127
172 132
172 133
172 138
172 139
172 140
172 141
172 145
172 147
172 155
172 157
172 158
172 160
172 163
172 164
172 165
172 169
172 173
172 178
172 180
172 183
172 185
172 189
173 2
173 3
173 10
173 11
173 13
173 15
173 16
173 18
173 19
173 22
173 23
173 24
173 28
173 29
173 30
173 33
173 35
173 37
173 38
173 39
173 40
173 42
173 45
173 52
173 54
173 57
173 59
173 63
173 66
173 68
173 69
173 70
173 74
173 75
173 77
173 81
173 82
173 84
173 85
173 87
173 89
173 91
173 92
173 96
173 98
173 101
173 102
173 103
173 104
173 105
173 106
173 107
173 113
173 117
173 121
173 127
173 128
173 129
173 130
173 132
173 134
173 138
173 139
173 140
173 143
173 144
173 147
173 148
173 149
173 152
173 153
173 158
173 161
173 166
173 167
173 168
173 170
173 173
173 174
173 176
173 177
173 181
173 182
173 187
174 3
174 4
174 5
174 10
174 13
174 15
174 16
174 18
174 19
174 25
174 26
174 27
174 29
174 31
174 32
174 35
174 39
174 40
174 41
174 42
174 47
174 50
174 52
174 54
174 55
174 57
174 58
174 60
174 61
174 62
174 64
174 65
174 66
174 68
174 71
174 72
174 76
174 79
174 80
174 83
174 84
174 87
174 88
174 99
174 106
174 107
174 108
174 113
174 114
174 116
174 117
174 119
174 120
174 121
174 122
174 124
174 126
174 129
174 130
174 133
174 140
174 144
174 146
174 151
174 152
174 153
174 160
174 162
174 163
174 164
174 165
174 168
174 169
174 171
174 172
174 173
174 175
174 177
174 178
174 179
174 181
174 185
174 187
175 3
175 4
175 5
175 6
175 7
175 11
175 12
175 13
175 15
175 17
175 18
175 19
175 29
175 30
175 31
175 33
175 35
175 40
175 41
175 42
175 43
175 45
175 47
175 51
175 52
175 53
175 55
175 57
175 58
175 59
175 66
175 67
175 76
175 77
175 78
175 79
175 80
175 81
175 84
175 86
175 88
175 93
175 94
175 98
175 100
175 101
175 103
175 104
175 105
175 106
175 110
175 111
175 113
175 114
175 116
175 118
175 119
175 123
175 124
175 131
175 133
175 138
175 143
175 147
175 150
175 151
175 152
175 154
175 155
175 156
175 158
175 161
175 172
175 175
175 180
175 182
175 187
176 0
176 3
176 4
176 9
176 17
176 18
176 19
176 20
176 24
176 27
176 30
176 31
176 41
176 42
176 44
176 46
176 47
176 49
176 50
176 52
176 54
176 55
176 56
176 58
176 59
176 60
176 69
176 70
176 71
176 73
176 77
176 79
176 80
176 83
176 85
176 87
176 88
176 92
176 93
176 96
176 97
176 99
176 102
176 106
176 111
176 112
176 114
176 116
176 117
176 118
176 119
176 120
176 122
176 125
176 127
176 128
176 130
176 133
176 138
176 142
176 143
176 144
176 147
176 152
176 153
176 158
176 159
176 162
176 164
176 166
176 167
176 170
176 173
176 176
176 179
176 184
176 187
177 1
177 2
177 3
177 6
177 7
177 10
177 11
177 12
177 16
177 17
177 18
177 19
177 23
177 26
177 30
177 33
177 38
177 40
177 42
177 46
177 48
177 49
177 51
177 54
177 57
177 60
177 61
177 66
177 68
177 70
177 72
177 73
177 75
177 76
177 77
177 81
177 82
177 83
177 85
177 87
177 88
177 89
177 90
177 92
177 94
177 102
177 103
177 106
177 108
177 112
177 113
177 116
177 117
177 119
177 120
177 127
177 133
177 134
177 135
177 136
177 137
177 143
177 144
177 147
177 152
177 157
177 161
177 168
177 169
177 170
177 178
177 180
177 182
177 183
177 184
177 186
178 2
178 8
178 9
178 10
178 11
178 15
178 18
178 25
178 26
178 35
178 36
178 47
178 57
178 63
178 65
178 72
178 73
178 75
178 76
178 83
178 85
178 86
178 92
178 94
178 96
178 99
178 102
178 104
178 105
178 106
178 108
178 111
178 119
178 121
178 127
178 131
178 132
178 134
178 137
178 138
178 139
178 140
178 141
178 143
178 148
178 160
178 166
178 170
178 173
178 177
178 183
178 184
178 186
178 188
179 4
179 8
179 10
179 12
179 15
179 17
179 18
179 20
179 21
179 24
179 27
179 28
179 31
179 32
179 33
179 36
179 37
179 41
179 43
179 45
179 46
179 47
179 49
179 50
179 52
179 55
179 58
179 61
179 65
179 66
179 68
179 70
179 72
179 73
179 81
179 82
179 85
179 86
179 90
179 93
179 94
179 96
179 107
179 108
179 109
179 110
179 115
179 119
179 120
179 121
179 122
179 126
179 127
179 129
179 130
179 133
179 135
179 137
179 145
179 147
179 148
179 149
179 150
179 155
179 156
179 158
179 162
179 163
179 164
179 165
179 169
179 171
179 172
179 174
179 176
179 179
179 181
179 187
179 189
180 2
180 5
180 6
180 9
180 11
180 17
180 19
180 21
180 22
180 25
180 27
180 28
180 29
180 35
180 38
180 40
180 43
180 44
180 46
180 49
180 51
180 54
180 59
180 62
180 63
180 66
180 71
180 76
180 78
180 81
180 82
180 86
180 88
180 91
180 92
180 95
180 96
180 98
180 99
180 106
180 107
180 112
180 113
180 115
180 116
180 117
180 122
180 124
180 125
180 126
180 127
180 128
180 132
180 135
180 137
180 140
180 144
180 145
180 147
180 148
180 152
180 153
180 154
180 157
180 158
180 161
180 162
180 167
180 169
180 171
180 173
180 177
180 178
180 180
181 0
181 1
181 13
181 16
181 21
181 23
181 25
181 26
181 31
181 32
181 41
181 46
181 47
181 48
181 49
181 52
181 53
181 61
181 62
181 63
181 64
181 66
181 67
181 69
181 70
181 72
181 75
181 76
181 79
181 80
181 81
181 83
181 91
181 93
181 94
181 95
181 100
181 101
181 105
181 106
181 112
181 113
181 114
181 115
181 119
181 120
181 127
181 132
181 137
181 138
181 139
181 140
181 141
181 146
181 147
181 148
181 150
181 152
181 154
181 155
181 157
181 159
181 161
181 162
181 163
181 164
181 165
181 167
181 168
181 173
181 174
181 178
181 179
181 182
181 184
181 187
182 0
182 2
182 5
182 6
182 9
182 11
182 12
182 13
182 17
182 20
182 22
182 24
182 28
182 29
182 31
182 32
182 33
182 34
182 36
182 38
182 40
182 42
182 45
182 53
182 54
182 58
182 60
182 61
182 63
182 66
182 69
182 73
182 76
182 79
182 82
182 84
182 85
182 86
182 88
182 93
182 95
182 99
182 100
182 102
182 104
182 108
182 113
182 115
182 116
182 117
182 124
182 125
182 126
182 128
182 132
182 134
182 135
182 137
182 138
182 141
182 142
182 145
182 147
182 149
182 150
182 157
182 159
182 160
182 162
182 169
182 173
182 174
182 178
182 181
182 182
182 183
182 184
182 185
182 186
183 1
183 3
183 4
183 6
183 7
183 8
183 11
183 12
183 14
183 17
183 18
183 24
183 28
183 29
183 31
183 35
183 39
183 42
183 43
183 44
183 45
183 48
183 49
183 53
183 54
183 55
183 56
183 58
183 61
183 62
183 63
183 67
183 69
183 70
183 72
183 83
183 87
183 90
183 94
183 100
183 101
183 102
183 104
183 105
183 106
183 107
183 109
183 110
183 113
183 114
183 116
183 119
183 122
183 123
183 125
183 129
183 131
183 132
183 135
183 139
183 141
183 145
183 146
183 147
183 148
183 153
183 156
183 157
183 159
183 160
183 161
183 165
183 166
183 170
183 173
183 178
183 181
183 182
183 185
183 187
183 188
183 189
184 1
184 3
184 4
184 5
184 7
184 13
184 20
184 21
184 23
184 24
184 25
184 27
184 28
184 30
184 37
184 40
184 45
184 46
184 47
184 49
184 52
184 55
184 59
184 60
184 63
184 64
184 66
184 69
184 75
184 76
184 77
184 79
184 81
184 82
184 83
184 84
184 86
184 87
184 90
184 91
184 94
184 95
184 96
184 97
184 101
184 102
184 104
184 106
184 107
184 111
184 112
184 114
184 119
184 121
184 126
184 130
184 131
184 133
184 135
184 139
184 146
184 149
184 152
184 154
184 156
184 157
184 158
184 159
184 162
184 163
184 164
184 165
184 167
184 168
184 170
184 172
184 174
184 175
184 176
184 183
184 186
184 188
185 0
185 4
185 5
185 7
185 8
185 10
185 11
185 12
185 13
185 14
185 15
185 16
185 22
185 27
185 28
185 30
185 31
185 33
185 34
185 36
185 39
185 48
185 50
185 55
185 56
185 57
185 58
185 59
185 61
185 69
185 78
185 82
185 85
185 86
185 87
185 88
185 91
185 92
185 95
185 97
185 98
185 99
185 101
185 103
185 104
185 106
185 110
185 112
185 116
185 118
185 119
185 122
185 126
185 127
185 131
185 133
185 134
185 135
185 136
185 137
185 139
185 143
185 146
185 148
185 149
185 153
185 162
185 164
185 166
185 172
185 173
185 176
185 179
185 181
185 184
185 186
186 0
186 6
186 8
186 9
186 14
186 17
186 18
186 19
186 21
186 22
186 23
186 25
186 29
186 34
186 35
186 39
186 42
186 43
186 47
186 48
186 49
186 53
186 64
186 68
186 72
186 76
186 79
186 82
186 86
186 87
186 93
186 94
186 97
186 98
186 99
186 100
186 101
186 103
186 104
186 105
186 107
186 109
186 111
186 114
186 115
186 116
186 120
186 122
186 123
186 126
186 128
186 130
186 131
186 133
186 134
186 138
186 144
186 146
186 150
186 152
186 153
186 154
186 162
186 164
186 166
186 172
186 177
186 182
186 184
186 185
186 186
186 187
186 189
187 4
187 5
187 6
187 11
187 17
187 18
187 20
187 30
187 31
187 32
187 34
187 37
187 38
187 39
187 40
187 42
187 43
187 44
187 45
187 53
187 57
187 63
187 64
187 65
187 66
187 68
187 72
187 73
187 74
187 75
187 76
187 77
187 79
187 81
187 83
187 85
187 89
187 91
187 93
187 98
187 102
187 106
187 109
187 110
187 111
187 114
187 115
187 116
187 119
187 120
187 123
187 124
187 126
187 127
187 128
187 130
187 131
187 132
187 133
187 137
187 139
187 140
187 141
187 143
187 149
187 150
187 153
187 154
187 155
187 165
187 168
187 169
187 172
187 173
187 174
187 177
187 182
187 184
187 185
187 187
187 188
188 0
188 1
188 2
188 3
188 6
188 9
188 10
188 12
188 13
188 14
188 18
188 20
188 22
188 23
188 24
188 27
188 28
188 29
188 32
188 36
188 38
188 41
188 55
188 56
188 57
188 59
188 61
188 62
188 69
188 70
188 71
188 74
188 76
188 78
188 81
188 84
188 85
188 86
188 87
188 90
188 91
188 92
188 95
188 97
188 98
188 107
188 108
188 109
188 112
188 114
188 118
188 123
188 126
188 127
188 128
188 132
188 140
188 144
188 146
188 147
188 154
188 156
188 157
188 158
188 160
188 168
188 169
188 170
188 171
188 173
188 175
188 176
188 178
188 181
188 183
188 185
188 187
188 188
189 0
189 1
189 3
189 4
189 10
189 11
189 14
189 15
189 16
189 19
189 21
189 22
189 24
189 28
189 29
189 30
189 31
189 38
189 40
189 41
189 45
189 47
189 48
189 49
189 50
189 53
189 56
189 58
189 60
189 65
189 66
189 71
189 72
189 76
189 77
189 80
189 84
189 87
189 90
189 92
189 100
189 101
189 107
189 108
189 112
189 114
189 118
189 119
189 122
189 123
189 124
189 127
189 129
189 130
189 131
189 137
189 139
189 145
189 146
189 150
189 152
189 154
189 156
189 158
189 160
189 167
189 168
189 169
189 171
189 172
189 176
189 178
189 179
189 185
189 189
