90
3240
0 1
0 2
0 6
0 12
0 18
0 24
0 25
0 27
0 30
0 32
0 35
0 38
0 39
0 40
0 47
0 49
0 51
0 55
0 59
0 63
0 64
0 66
0 67
0 70
0 73
0 74
0 75
0 77
0 79
0 80
0 81
0 83
0 84
0 85
0 87
0 89
1 1
1 3
1 4
1 5
1 8
1 10
1 11
1 13
1 15
1 16
1 17
1 19
1 27
1 30
1 33
1 34
1 35
1 38
1 39
1 40
1 43
1 45
1 46
1 47
1 49
1 55
1 58
1 59
1 61
1 66
1 68
1 71
1 74
1 78
1 80
1 81
1 83
1 84
1 85
1 89
2 2
2 4
2 7
2 8
2 9
2 11
2 12
2 16
2 21
2 22
2 30
2 31
2 33
2 34
2 35
2 36
2 38
2 39
2 40
2 41
2 42
2 44
2 46
2 49
2 61
2 64
2 65
2 68
2 71
2 72
2 73
2 74
2 76
2 78
2 80
2 81
2 82
2 83
2 85
2 86
2 87
2 89
3 1
3 3
3 6
3 7
3 8
3 10
3 11
3 13
3 16
3 19
3 24
3 26
3 28
3 29
3 30
3 31
3 37
3 40
3 41
3 43
3 44
3 49
3 53
3 57
3 60
3 71
3 73
3 75
3 79
3 81
3 83
3 84
3 85
3 88
4 0
4 1
4 7
4 11
4 12
4 13
4 15
4 16
4 19
4 20
4 34
4 35
4 39
4 43
4 45
4 46
4 47
4 49
4 52
4 56
4 57
4 59
4 65
4 68
4 70
4 72
4 73
4 75
4 77
4 80
4 83
4 86
4 87
5 0
5 1
5 2
5 3
5 4
5 6
5 9
5 10
5 11
5 16
5 17
5 20
5 22
5 29
5 32
5 34
5 37
5 40
5 44
5 48
5 52
5 53
5 57
5 61
5 63
5 66
5 67
5 70
5 71
5 73
5 74
5 75
5 76
5 79
5 82
5 88
6 0
6 2
6 5
6 6
6 7
6 8
6 10
6 13
6 14
6 17
6 19
6 20
6 25
6 26
6 38
6 43
6 44
6 48
6 49
6 53
6 55
6 57
6 58
6 59
6 63
6 67
6 75
6 76
6 77
6 80
6 81
6 82
7 2
7 3
7 4
7 9
7 12
7 13
7 14
7 15
7 18
7 21
7 24
7 25
7 26
7 28
7 33
7 35
7 46
7 48
7 52
7 56
7 57
7 66
7 70
7 79
7 85
7 86
7 87
7 88
8 4
8 6
8 8
8 9
8 11
8 12
8 14
8 16
8 18
8 19
8 24
8 32
8 33
8 42
8 44
8 45
8 49
8 50
8 51
8 55
8 56
8 57
8 59
8 61
8 62
8 63
8 64
8 66
8 70
8 75
8 76
8 83
8 85
8 86
9 3
9 4
9 6
9 9
9 12
9 13
9 17
9 18
9 19
9 23
9 25
9 27
9 29
9 34
9 35
9 36
9 38
9 43
9 51
9 53
9 57
9 59
9 66
9 68
9 69
9 74
9 75
9 78
9 80
9 81
9 82
9 87
9 89
10 0
10 1
10 4
10 5
10 7
10 9
10 10
10 17
10 25
10 26
10 27
10 33
10 34
10 35
10 38
10 44
10 45
10 46
10 49
10 50
10 51
10 57
10 60
10 61
10 63
10 65
10 72
10 79
10 80
10 81
10 82
10 84
10 85
10 86
11 1
11 3
11 8
11 10
11 11
11 16
11 21
11 23
11 25
11 26
11 30
11 31
11 34
11 36
11 37
11 38
11 41
11 43
11 45
11 52
11 53
11 54
11 57
11 59
11 60
11 63
11 64
11 66
11 68
11 69
11 74
11 76
11 79
11 84
11 85
11 88
12 3
12 5
12 7
12 10
12 12
12 16
12 19
12 20
12 22
12 24
12 25
12 28
12 29
12 37
12 40
12 46
12 48
12 52
12 55
12 57
12 58
12 60
12 61
12 63
12 65
12 67
12 71
12 72
12 73
12 74
12 75
12 79
12 85
13 2
13 3
13 4
13 5
13 7
13 14
13 17
13 25
13 32
13 36
13 42
13 45
13 47
13 48
13 50
13 56
13 58
13 60
13 62
13 68
13 69
13 71
13 72
13 73
13 75
13 76
13 79
13 84
13 86
13 87
13 89
14 5
14 9
14 10
14 12
14 14
14 16
14 17
14 18
14 20
14 21
14 22
14 24
14 31
14 36
14 38
14 39
14 40
14 43
14 45
14 48
14 49
14 51
14 52
14 54
14 56
14 62
14 64
14 65
14 71
14 74
14 82
14 86
14 87
14 89
15 1
15 4
15 5
15 12
15 15
15 18
15 19
15 20
15 29
15 30
15 31
15 32
15 38
15 39
15 40
15 42
15 45
15 47
15 50
15 53
15 54
15 55
15 56
15 57
15 62
15 64
15 65
15 66
15 68
15 70
15 71
15 76
15 80
15 83
15 85
15 87
15 89
16 1
16 3
16 5
16 6
16 11
16 12
16 13
16 14
16 16
16 18
16 20
16 21
16 25
16 28
16 29
16 35
16 40
16 41
16 45
16 51
16 52
16 53
16 57
16 58
16 60
16 62
16 65
16 67
16 69
16 72
16 74
16 78
16 80
16 84
17 5
17 6
17 8
17 10
17 14
17 15
17 19
17 20
17 21
17 24
17 25
17 30
17 33
17 35
17 38
17 40
17 43
17 44
17 45
17 47
17 49
17 52
17 56
17 59
17 62
17 64
17 65
17 69
17 70
17 74
17 77
17 79
17 80
17 83
17 84
17 86
17 87
17 89
18 0
18 2
18 4
18 20
18 22
18 25
18 26
18 29
18 32
18 36
18 38
18 42
18 44
18 47
18 48
18 49
18 56
18 59
18 61
18 64
18 65
18 66
18 67
18 68
18 70
18 73
18 76
18 77
18 82
18 85
18 87
19 6
19 11
19 14
19 15
19 17
19 21
19 26
19 29
19 31
19 33
19 35
19 36
19 39
19 41
19 45
19 47
19 48
19 51
19 53
19 57
19 58
19 59
19 60
19 63
19 65
19 67
19 70
19 71
19 72
19 75
19 77
19 79
19 83
19 84
19 89
20 0
20 1
20 3
20 4
20 7
20 9
20 10
20 13
20 14
20 16
20 17
20 19
20 20
20 21
20 22
20 25
20 26
20 29
20 30
20 34
20 35
20 36
20 38
20 41
20 42
20 43
20 44
20 45
20 46
20 55
20 58
20 59
20 62
20 64
20 69
20 70
20 73
20 76
20 77
20 78
20 80
20 81
20 84
20 86
20 89
21 1
21 2
21 3
21 4
21 6
21 7
21 8
21 9
21 14
21 21
21 22
21 23
21 26
21 27
21 28
21 29
21 30
21 34
21 36
21 37
21 39
21 42
21 45
21 47
21 48
21 51
21 52
21 57
21 58
21 59
21 60
21 61
21 65
21 66
21 68
21 71
21 72
21 73
21 74
21 77
21 79
21 84
21 85
21 86
21 87
21 88
21 89
22 0
22 5
22 6
22 8
22 10
22 12
22 21
22 27
22 28
22 29
22 31
22 35
22 36
22 37
22 38
22 41
22 46
22 47
22 49
22 50
22 57
22 58
22 59
22 61
22 62
22 63
22 64
22 68
22 73
22 74
22 77
22 84
22 86
23 0
23 6
23 7
23 8
23 14
23 20
23 21
23 28
23 29
23 30
23 32
23 35
23 37
23 38
23 39
23 45
23 46
23 49
23 52
23 53
23 54
23 55
23 57
23 58
23 60
23 66
23 69
23 71
23 73
23 76
23 77
23 79
23 82
23 84
23 87
24 2
24 6
24 9
24 10
24 12
24 16
24 18
24 19
24 21
24 26
24 37
24 38
24 41
24 42
24 43
24 44
24 45
24 49
24 50
24 51
24 52
24 53
24 54
24 57
24 59
24 60
24 65
24 67
24 68
24 69
24 70
24 73
24 74
24 76
24 79
24 80
24 89
25 2
25 3
25 8
25 13
25 15
25 16
25 18
25 19
25 20
25 22
25 24
25 25
25 28
25 29
25 31
25 37
25 40
25 41
25 42
25 44
25 45
25 50
25 52
25 56
25 58
25 60
25 61
25 66
25 70
25 73
25 74
25 79
25 82
25 86
25 87
26 0
26 2
26 3
26 10
26 16
26 17
26 22
26 25
26 27
26 33
26 38
26 40
26 44
26 47
26 50
26 52
26 61
26 64
26 65
26 66
26 73
26 74
26 78
26 82
26 83
26 84
26 87
27 0
27 5
27 10
27 14
27 17
27 18
27 19
27 20
27 24
27 26
27 29
27 37
27 38
27 39
27 41
27 42
27 46
27 50
27 51
27 52
27 54
27 58
27 60
27 61
27 62
27 63
27 66
27 67
27 68
27 73
27 75
27 76
27 82
27 84
27 86
27 88
27 89
28 2
28 4
28 6
28 9
28 10
28 12
28 17
28 19
28 22
28 23
28 24
28 25
28 29
28 30
28 31
28 33
28 34
28 39
28 42
28 44
28 45
28 47
28 49
28 50
28 56
28 65
28 66
28 67
28 69
28 70
28 71
28 73
28 76
28 77
28 81
28 82
28 83
28 84
28 87
28 89
29 0
29 5
29 9
29 12
29 15
29 18
29 19
29 22
29 23
29 30
29 31
29 35
29 37
29 38
29 46
29 49
29 50
29 56
29 58
29 59
29 60
29 64
29 65
29 69
29 70
29 72
29 73
29 74
29 76
29 77
29 81
29 86
30 0
30 1
30 4
30 6
30 8
30 13
30 14
30 16
30 21
30 23
30 25
30 27
30 28
30 32
30 33
30 34
30 37
30 38
30 41
30 43
30 44
30 47
30 52
30 55
30 58
30 59
30 65
30 67
30 70
30 71
30 72
30 73
30 76
30 78
30 79
30 85
30 86
30 89
31 1
31 5
31 7
31 8
31 14
31 15
31 16
31 23
31 24
31 26
31 29
31 32
31 33
31 36
31 37
31 39
31 40
31 42
31 44
31 45
31 50
31 51
31 55
31 63
31 64
31 67
31 68
31 69
31 73
31 75
31 77
31 80
31 87
31 88
31 89
32 2
32 3
32 7
32 8
32 10
32 11
32 15
32 16
32 18
32 25
32 26
32 30
32 31
32 34
32 40
32 43
32 45
32 48
32 49
32 51
32 56
32 59
32 64
32 66
32 69
32 72
32 74
32 75
32 77
32 81
32 82
32 83
32 87
32 88
33 0
33 2
33 4
33 6
33 8
33 11
33 14
33 17
33 18
33 20
33 24
33 27
33 28
33 30
33 36
33 40
33 42
33 46
33 49
33 51
33 57
33 60
33 62
33 63
33 64
33 65
33 72
33 73
33 78
33 80
33 81
33 85
33 88
33 89
34 0
34 1
34 3
34 8
34 9
34 10
34 12
34 18
34 19
34 23
34 24
34 26
34 29
34 34
34 37
34 38
34 41
34 43
34 48
34 49
34 50
34 52
34 61
34 63
34 64
34 65
34 66
34 67
34 68
34 70
34 71
34 72
34 74
34 78
34 81
34 85
34 88
35 0
35 1
35 5
35 7
35 8
35 9
35 10
35 11
35 21
35 22
35 26
35 30
35 32
35 33
35 36
35 37
35 40
35 41
35 42
35 44
35 45
35 46
35 48
35 50
35 52
35 56
35 57
35 59
35 62
35 63
35 67
35 68
35 69
35 74
35 75
35 87
35 89
36 1
36 2
36 3
36 4
36 5
36 7
36 9
36 12
36 17
36 19
36 22
36 25
36 31
36 32
36 41
36 45
36 46
36 47
36 48
36 49
36 54
36 56
36 64
36 69
36 71
36 75
36 77
36 78
36 80
36 82
36 83
36 88
37 3
37 8
37 9
37 16
37 17
37 21
37 28
37 29
37 31
37 32
37 35
37 36
37 38
37 39
37 40
37 42
37 44
37 49
37 50
37 52
37 54
37 55
37 56
37 58
37 61
37 62
37 65
37 66
37 70
37 78
37 80
37 81
37 82
37 89
38 3
38 7
38 10
38 11
38 12
38 13
38 15
38 16
38 21
38 23
38 25
38 26
38 29
38 30
38 32
38 34
38 36
38 37
38 39
38 41
38 42
38 44
38 45
38 46
38 47
38 48
38 50
38 51
38 52
38 57
38 58
38 60
38 61
38 62
38 65
38 67
38 68
38 72
38 73
38 74
38 75
38 88
39 1
39 5
39 7
39 8
39 13
39 16
39 17
39 18
39 21
39 24
39 30
39 31
39 34
39 37
39 43
39 44
39 48
39 52
39 54
39 56
39 57
39 59
39 60
39 62
39 64
39 69
39 71
39 76
39 79
39 86
39 87
39 89
40 1
40 3
40 4
40 8
40 9
40 11
40 12
40 13
40 14
40 16
40 19
40 20
40 21
40 23
40 26
40 27
40 29
40 31
40 32
40 35
40 38
40 40
40 46
40 47
40 48
40 49
40 52
40 53
40 54
40 59
40 60
40 68
40 69
40 70
40 73
40 77
40 80
40 81
40 84
40 85
40 87
41 2
41 3
41 4
41 7
41 8
41 9
41 11
41 12
41 14
41 17
41 19
41 24
41 26
41 29
41 32
41 33
41 39
41 46
41 49
41 50
41 54
41 55
41 57
41 59
41 63
41 67
41 68
41 73
41 75
41 83
41 85
41 86
42 3
42 4
42 5
42 6
42 7
42 10
42 13
42 15
42 17
42 18
42 21
42 25
42 26
42 30
42 35
42 37
42 43
42 51
42 58
42 60
42 61
42 62
42 66
42 67
42 71
42 72
42 73
42 77
42 86
43 0
43 2
43 7
43 10
43 11
43 12
43 18
43 19
43 22
43 26
43 27
43 31
43 36
43 38
43 39
43 41
43 43
43 48
43 49
43 51
43 53
43 56
43 59
43 60
43 62
43 63
43 67
43 69
43 72
43 73
43 75
43 77
43 78
43 82
43 83
43 85
44 1
44 4
44 5
44 8
44 12
44 14
44 16
44 18
44 20
44 23
44 24
44 25
44 31
44 34
44 39
44 42
44 43
44 46
44 51
44 52
44 53
44 54
44 55
44 58
44 59
44 63
44 64
44 68
44 69
44 70
44 71
44 73
44 76
44 79
44 81
44 82
44 84
44 86
44 87
44 88
44 89
45 0
45 2
45 3
45 4
45 7
45 8
45 9
45 10
45 11
45 13
45 17
45 21
45 22
45 24
45 28
45 29
45 30
45 31
45 32
45 33
45 34
45 35
45 38
45 39
45 43
45 46
45 49
45 53
45 56
45 58
45 60
45 63
45 64
45 67
45 69
45 70
45 71
45 74
45 75
45 76
45 77
45 78
45 79
45 82
45 83
45 86
45 88
45 89
46 4
46 5
46 6
46 7
46 14
46 16
46 18
46 19
46 27
46 29
46 30
46 38
46 47
46 49
46 51
46 52
46 54
46 56
46 57
46 60
46 61
46 62
46 63
46 65
46 66
46 68
46 70
46 71
46 73
46 77
46 79
46 82
46 83
46 85
46 86
47 1
47 4
47 7
47 8
47 10
47 11
47 12
47 13
47 18
47 19
47 22
47 25
47 26
47 29
47 30
47 31
47 34
47 35
47 37
47 38
47 41
47 45
47 48
47 49
47 52
47 53
47 55
47 56
47 59
47 60
47 61
47 65
47 66
47 67
47 69
47 70
47 74
47 80
47 82
47 87
47 88
48 0
48 7
48 12
48 15
48 16
48 17
48 20
48 26
48 29
48 30
48 32
48 33
48 35
48 37
48 41
48 43
48 49
48 52
48 54
48 55
48 57
48 58
48 60
48 63
48 65
48 69
48 70
48 78
48 80
48 83
48 85
48 89
49 2
49 8
49 9
49 10
49 11
49 14
49 16
49 23
49 30
49 31
49 32
49 33
49 35
49 37
49 39
49 44
49 45
49 46
49 47
49 49
49 50
49 51
49 52
49 54
49 55
49 58
49 61
49 69
49 71
49 75
49 76
49 77
49 89
50 0
50 2
50 3
50 4
50 9
50 10
50 12
50 15
50 16
50 19
50 20
50 22
50 23
50 24
50 28
50 30
50 31
50 35
50 37
50 38
50 39
50 40
50 42
50 43
50 46
50 47
50 56
50 58
50 60
50 65
50 66
50 68
50 70
50 73
50 74
50 76
50 77
50 78
50 81
50 84
50 85
50 89
51 3
51 4
51 5
51 8
51 9
51 10
51 11
51 14
51 15
51 16
51 18
51 19
51 20
51 21
51 22
51 23
51 25
51 26
51 27
51 32
51 33
51 35
51 43
51 44
51 45
51 49
51 51
51 52
51 59
51 61
51 71
51 73
51 74
51 77
51 79
51 84
52 3
52 5
52 13
52 17
52 19
52 20
52 26
52 30
52 31
52 35
52 40
52 41
52 44
52 45
52 46
52 50
52 52
52 55
52 56
52 59
52 62
52 66
52 72
52 75
52 76
52 77
52 79
52 83
52 88
53 0
53 4
53 6
53 7
53 15
53 16
53 17
53 19
53 20
53 25
53 26
53 31
53 32
53 33
53 35
53 39
53 42
53 43
53 45
53 47
53 50
53 52
53 53
53 57
53 58
53 61
53 62
53 63
53 64
53 66
53 68
53 73
53 75
53 77
53 78
53 80
53 82
53 86
54 0
54 4
54 7
54 9
54 10
54 11
54 15
54 18
54 20
54 24
54 29
54 32
54 35
54 36
54 37
54 41
54 42
54 48
54 49
54 50
54 51
54 52
54 56
54 57
54 58
54 60
54 61
54 69
54 72
54 74
54 75
54 79
54 84
54 86
55 0
55 6
55 7
55 9
55 12
55 16
55 17
55 18
55 23
55 24
55 25
55 26
55 29
55 30
55 32
55 36
55 37
55 39
55 40
55 43
55 47
55 48
55 49
55 52
55 53
55 54
55 55
55 59
55 60
55 72
55 76
55 78
55 79
55 83
55 88
56 0
56 1
56 2
56 3
56 5
56 9
56 11
56 18
56 20
56 23
56 25
56 26
56 27
56 29
56 36
56 37
56 43
56 44
56 48
56 55
56 57
56 58
56 59
56 60
56 66
56 67
56 68
56 71
56 80
56 83
56 86
57 0
57 2
57 3
57 11
57 15
57 19
57 20
57 26
57 31
57 32
57 33
57 34
57 37
57 38
57 40
57 41
57 42
57 44
57 48
57 52
57 53
57 56
57 58
57 59
57 60
57 61
57 63
57 67
57 68
57 72
57 76
57 77
57 78
57 80
57 84
57 85
57 86
57 88
58 2
58 3
58 4
58 8
58 14
58 15
58 16
58 18
58 19
58 20
58 21
58 24
58 31
58 34
58 35
58 36
58 43
58 45
58 47
58 48
58 50
58 52
58 54
58 55
58 61
58 65
58 68
58 73
58 74
58 75
58 77
58 80
58 82
58 87
58 89
59 2
59 3
59 4
59 5
59 8
59 11
59 18
59 27
59 39
59 41
59 43
59 44
59 45
59 46
59 49
59 50
59 54
59 57
59 58
59 65
59 72
59 73
59 75
59 76
59 82
59 86
59 88
59 89
60 6
60 12
60 13
60 15
60 17
60 19
60 23
60 24
60 25
60 28
60 29
60 33
60 38
60 39
60 44
60 49
60 50
60 55
60 58
60 59
60 63
60 69
60 71
60 73
60 74
60 77
60 79
60 83
60 85
60 87
60 89
61 0
61 1
61 5
61 8
61 10
61 11
61 12
61 15
61 16
61 24
61 31
61 32
61 37
61 38
61 39
61 43
61 44
61 50
61 58
61 63
61 72
61 74
61 76
61 77
61 78
61 81
61 82
61 85
61 89
62 0
62 4
62 6
62 12
62 13
62 16
62 28
62 31
62 32
62 33
62 34
62 38
62 40
62 41
62 42
62 44
62 45
62 49
62 50
62 52
62 55
62 56
62 57
62 58
62 60
62 61
62 62
62 63
62 65
62 70
62 71
62 74
62 75
62 76
62 80
62 82
62 83
62 84
62 89
63 8
63 11
63 12
63 14
63 15
63 20
63 23
63 25
63 28
63 29
63 30
63 34
63 36
63 39
63 43
63 44
63 46
63 49
63 50
63 52
63 54
63 59
63 61
63 62
63 64
63 66
63 68
63 69
63 71
63 72
63 74
63 80
63 82
63 84
64 0
64 1
64 4
64 10
64 11
64 13
64 14
64 15
64 18
64 21
64 22
64 26
64 27
64 29
64 30
64 33
64 36
64 40
64 41
64 46
64 48
64 49
64 51
64 52
64 53
64 55
64 58
64 59
64 61
64 64
64 65
64 70
64 71
64 74
64 78
64 81
64 82
65 6
65 8
65 9
65 13
65 14
65 15
65 18
65 19
65 26
65 28
65 33
65 37
65 39
65 40
65 43
65 44
65 45
65 51
65 54
65 56
65 57
65 59
65 61
65 64
65 66
65 67
65 70
65 73
65 74
65 75
65 77
65 78
65 79
65 81
65 83
65 88
66 3
66 5
66 10
66 12
66 15
66 17
66 18
66 19
66 20
66 23
66 24
66 25
66 28
66 30
66 34
66 35
66 36
66 37
66 38
66 40
66 41
66 42
66 45
66 46
66 49
66 50
66 54
66 61
66 66
66 70
66 73
66 74
66 78
66 80
66 81
66 84
66 87
67 0
67 1
67 3
67 13
67 16
67 18
67 19
67 23
67 26
67 27
67 31
67 32
67 33
67 35
67 36
67 39
67 41
67 43
67 49
67 52
67 53
67 55
67 56
67 59
67 65
67 69
67 70
67 71
67 73
67 74
67 82
67 84
67 87
67 89
68 0
68 2
68 4
68 6
68 7
68 10
68 14
68 15
68 17
68 18
68 19
68 21
68 22
68 28
68 31
68 33
68 38
68 45
68 49
68 50
68 57
68 59
68 63
68 66
68 72
68 73
68 76
68 80
68 81
68 84
68 87
68 89
69 0
69 1
69 5
69 8
69 15
69 17
69 18
69 19
69 22
69 23
69 25
69 35
69 36
69 38
69 39
69 40
69 43
69 44
69 46
69 49
69 51
69 55
69 57
69 59
69 63
69 68
69 72
69 75
69 76
69 78
69 79
69 80
69 84
69 85
69 87
69 88
70 1
70 2
70 4
70 5
70 6
70 7
70 12
70 15
70 16
70 17
70 18
70 19
70 21
70 24
70 29
70 30
70 31
70 33
70 34
70 35
70 36
70 40
70 48
70 49
70 50
70 52
70 58
70 61
70 67
70 73
70 78
70 80
70 81
70 86
70 89
71 3
71 6
71 7
71 8
71 15
71 18
71 21
71 23
71 24
71 27
71 29
71 30
71 31
71 32
71 33
71 36
71 37
71 48
71 49
71 51
71 53
71 58
71 59
71 62
71 64
71 69
71 70
71 72
71 73
71 74
71 77
71 78
71 80
71 81
71 89
72 3
72 4
72 5
72 6
72 7
72 11
72 14
72 19
72 21
72 23
72 25
72 28
72 29
72 30
72 31
72 32
72 34
72 35
72 36
72 39
72 40
72 41
72 42
72 44
72 52
72 57
72 58
72 66
72 67
72 69
72 73
72 80
72 85
72 87
72 89
73 6
73 9
73 13
73 15
73 18
73 22
73 26
73 31
73 33
73 35
73 38
73 39
73 42
73 43
73 44
73 46
73 50
73 53
73 54
73 55
73 56
73 60
73 62
73 65
73 66
73 68
73 69
73 70
73 71
73 73
73 74
73 76
73 77
73 79
73 81
73 82
73 84
73 86
73 87
74 1
74 2
74 4
74 5
74 6
74 8
74 9
74 10
74 16
74 19
74 23
74 24
74 25
74 27
74 29
74 31
74 32
74 33
74 39
74 41
74 46
74 47
74 49
74 56
74 57
74 59
74 67
74 73
74 75
74 76
74 77
74 78
74 79
74 82
74 83
74 85
74 86
74 88
74 89
75 0
75 1
75 4
75 6
75 7
75 12
75 16
75 18
75 21
75 22
75 23
75 24
75 27
75 29
75 31
75 33
75 35
75 38
75 40
75 41
75 43
75 44
75 45
75 47
75 48
75 49
75 50
75 55
75 57
75 58
75 60
75 68
75 69
75 70
75 72
75 73
75 76
75 77
75 79
75 80
75 81
75 83
75 84
75 85
75 86
75 87
76 0
76 2
76 7
76 9
76 13
76 16
76 25
76 26
76 27
76 30
76 33
76 40
76 41
76 44
76 48
76 51
76 52
76 53
76 60
76 61
76 63
76 64
76 66
76 68
76 71
76 74
76 76
76 77
76 79
76 82
76 83
76 87
77 0
77 1
77 2
77 4
77 8
77 13
77 14
77 15
77 16
77 17
77 19
77 20
77 22
77 23
77 25
77 26
77 28
77 29
77 31
77 34
77 37
77 44
77 45
77 47
77 48
77 49
77 50
77 52
77 53
77 56
77 58
77 62
77 65
77 66
77 67
77 71
77 72
77 73
77 74
77 76
77 79
77 80
77 83
77 84
78 0
78 1
78 5
78 7
78 12
78 16
78 19
78 21
78 27
78 28
78 29
78 30
78 32
78 36
78 38
78 40
78 41
78 44
78 46
78 48
78 49
78 50
78 51
78 52
78 53
78 54
78 56
78 58
78 60
78 63
78 65
78 66
78 67
78 68
78 70
78 72
78 75
78 81
78 82
78 83
78 86
78 87
79 2
79 10
79 11
79 15
79 21
79 24
79 25
79 26
79 27
79 28
79 30
79 31
79 33
79 34
79 38
79 40
79 41
79 42
79 43
79 49
79 53
79 57
79 58
79 61
79 63
79 64
79 68
79 73
79 74
79 76
79 81
79 87
79 88
80 0
80 1
80 3
80 7
80 11
80 12
80 13
80 14
80 16
80 17
80 21
80 24
80 25
80 29
80 30
80 33
80 35
80 38
80 40
80 43
80 44
80 51
80 52
80 54
80 57
80 61
80 63
80 64
80 68
80 69
80 70
80 74
80 76
80 80
80 82
80 85
80 86
80 87
80 89
81 2
81 3
81 4
81 9
81 13
81 18
81 19
81 22
81 26
81 29
81 30
81 32
81 33
81 34
81 39
81 41
81 43
81 44
81 51
81 52
81 53
81 58
81 59
81 61
81 63
81 68
81 70
81 71
81 72
81 76
81 79
81 83
82 1
82 5
82 6
82 13
82 16
82 17
82 18
82 23
82 29
82 30
82 32
82 35
82 36
82 38
82 39
82 41
82 42
82 46
82 49
82 52
82 53
82 57
82 61
82 62
82 63
82 64
82 65
82 67
82 69
82 75
82 77
82 78
82 81
82 84
82 86
82 89
83 0
83 4
83 5
83 6
83 8
83 9
83 11
83 13
83 14
83 16
83 18
83 19
83 24
83 25
83 30
83 31
83 32
83 40
83 43
83 46
83 47
83 51
83 53
83 57
83 61
83 62
83 64
83 65
83 66
83 69
83 70
83 73
83 74
83 76
83 78
83 80
83 81
83 82
83 85
84 0
84 3
84 6
84 8
84 11
84 12
84 13
84 16
84 18
84 19
84 20
84 22
84 23
84 26
84 30
84 32
84 33
84 36
84 38
84 40
84 41
84 42
84 44
84 48
84 52
84 54
84 60
84 61
84 62
84 73
84 74
84 76
84 77
84 80
84 81
84 85
84 88
85 2
85 7
85 9
85 13
85 14
85 16
85 18
85 19
85 21
85 22
85 23
85 31
85 33
85 35
85 37
85 39
85 40
85 41
85 43
85 44
85 46
85 49
85 53
85 55
85 57
85 58
85 59
85 61
85 62
85 64
85 68
85 70
85 73
85 75
85 76
85 79
85 81
85 85
85 89
86 0
86 2
86 3
86 5
86 7
86 8
86 9
86 10
86 13
86 15
86 18
86 20
86 22
86 26
86 30
86 33
86 34
86 35
86 36
86 38
86 39
86 42
86 43
86 44
86 47
86 49
86 50
86 53
86 56
86 57
86 60
86 62
86 64
86 67
86 68
86 70
86 71
86 72
86 73
86 74
86 75
86 77
86 78
86 79
86 81
86 82
86 83
86 85
86 86
87 0
87 1
87 4
87 5
87 6
87 7
87 8
87 9
87 12
87 13
87 15
87 16
87 17
87 21
87 22
87 32
87 34
87 36
87 37
87 38
87 42
87 44
87 49
87 50
87 51
87 52
87 53
87 54
87 55
87 59
87 60
87 61
87 64
87 65
87 69
87 72
87 76
87 77
87 80
87 81
87 85
87 86
87 87
88 0
88 5
88 7
88 11
88 15
88 19
88 21
88 23
88 26
88 27
88 28
88 29
88 30
88 31
88 33
88 34
88 35
88 37
88 39
88 41
88 43
88 45
88 48
88 49
88 54
88 55
88 56
88 57
88 58
88 61
88 63
88 65
88 74
88 75
88 77
88 78
88 80
88 82
88 83
88 84
88 88
89 0
89 1
89 3
89 4
89 5
89 14
89 15
89 16
89 22
89 24
89 25
89 27
89 28
89 32
89 35
89 38
89 43
89 51
89 56
89 57
89 59
89 65
89 68
89 71
89 74
89 75
89 77
89 81
89 82
89 83
89 86
89 88
