160
10240
0 1
0 4
0 5
0 7
0 10
0 11
0 12
0 14
0 15
0 16
0 17
0 18
0 19
0 21
0 22
0 25
0 26
0 35
0 47
0 53
0 59
0 60
0 62
0 63
0 67
0 69
0 75
0 77
0 78
0 82
0 83
0 85
0 87
0 89
0 91
0 92
0 97
0 98
0 100
0 101
0 103
0 107
0 109
0 111
0 113
0 114
0 115
0 121
0 124
0 126
0 127
0 129
0 131
0 136
0 137
0 139
0 142
0 144
0 146
0 147
0 149
0 152
0 155
0 158
0 159
1 9
1 11
1 16
1 19
1 21
1 22
1 24
1 26
1 28
1 30
1 32
1 44
1 47
1 58
1 60
1 64
1 68
1 71
1 73
1 74
1 75
1 76
1 78
1 85
1 86
1 88
1 89
1 91
1 95
1 96
1 99
1 100
1 103
1 106
1 108
1 115
1 117
1 119
1 120
1 121
1 122
1 123
1 124
1 130
1 132
1 134
1 136
1 137
1 138
1 143
1 147
1 149
1 150
1 153
1 154
2 1
2 4
2 5
2 6
2 14
2 18
2 23
2 24
2 26
2 29
2 34
2 35
2 40
2 45
2 46
2 48
2 49
2 53
2 55
2 57
2 58
2 59
2 60
2 62
2 63
2 64
2 65
2 67
2 68
2 69
2 70
2 72
2 75
2 77
2 82
2 83
2 85
2 86
2 88
2 92
2 96
2 102
2 103
2 104
2 109
2 110
2 111
2 112
2 113
2 114
2 116
2 117
2 125
2 126
2 129
2 135
2 136
2 138
2 140
2 141
2 147
2 148
2 154
2 159
3 0
3 2
3 4
3 5
3 6
3 7
3 11
3 12
3 13
3 16
3 17
3 23
3 24
3 25
3 26
3 27
3 31
3 37
3 38
3 39
3 41
3 42
3 43
3 46
3 50
3 60
3 62
3 64
3 67
3 72
3 74
3 77
3 81
3 82
3 85
3 89
3 91
3 92
3 94
3 99
3 101
3 104
3 105
3 108
3 110
3 113
3 116
3 121
3 124
3 127
3 135
3 139
3 140
3 141
3 146
3 148
3 149
3 153
3 158
4 1
4 3
4 4
4 5
4 6
4 7
4 9
4 11
4 13
4 14
4 15
4 16
4 20
4 22
4 23
4 27
4 28
4 29
4 32
4 34
4 36
4 38
4 39
4 44
4 45
4 47
4 49
4 50
4 53
4 54
4 55
4 58
4 60
4 64
4 65
4 66
4 67
4 69
4 78
4 82
4 88
4 89
4 94
4 95
4 96
4 97
4 101
4 103
4 104
4 105
4 109
4 110
4 112
4 113
4 114
4 120
4 121
4 122
4 132
4 136
4 137
4 139
4 140
4 141
4 142
4 144
4 149
4 150
4 153
4 155
4 157
4 159
5 0
5 3
5 5
5 6
5 7
5 8
5 10
5 11
5 12
5 14
5 15
5 19
5 23
5 30
5 32
5 33
5 34
5 35
5 44
5 45
5 51
5 54
5 57
5 59
5 60
5 61
5 62
5 63
5 65
5 66
5 68
5 72
5 74
5 76
5 77
5 78
5 80
5 81
5 82
5 84
5 85
5 89
5 95
5 96
5 102
5 105
5 106
5 108
5 114
5 115
5 124
5 130
5 131
5 134
5 137
5 139
5 141
5 144
5 147
5 148
5 151
5 153
5 155
5 158
6 0
6 5
6 6
6 9
6 12
6 14
6 17
6 18
6 19
6 20
6 22
6 24
6 25
6 27
6 28
6 29
6 33
6 34
6 35
6 38
6 39
6 40
6 43
6 45
6 46
6 47
6 49
6 56
6 57
6 62
6 63
6 65
6 70
6 71
6 73
6 74
6 76
6 80
6 98
6 100
6 103
6 104
6 105
6 106
6 111
6 115
6 116
6 117
6 123
6 124
6 128
6 129
6 130
6 131
6 132
6 135
6 137
6 138
6 141
6 142
6 143
6 145
6 147
6 152
6 154
7 1
7 5
7 6
7 7
7 10
7 12
7 13
7 14
7 16
7 20
7 21
7 22
7 23
7 25
7 26
7 28
7 29
7 31
7 34
7 35
7 37
7 39
7 47
7 49
7 50
7 58
7 65
7 67
7 74
7 75
7 78
7 80
7 82
7 84
7 87
7 91
7 97
7 98
7 101
7 103
7 104
7 107
7 111
7 112
7 113
7 114
7 116
7 119
7 120
7 126
7 129
7 133
7 134
7 137
7 140
7 151
7 155
7 156
7 157
8 1
8 9
8 14
8 16
8 17
8 26
8 27
8 28
8 29
8 30
8 32
8 35
8 38
8 42
8 43
8 48
8 49
8 53
8 57
8 58
8 60
8 66
8 67
8 71
8 72
8 78
8 82
8 86
8 89
8 91
8 92
8 95
8 96
8 99
8 100
8 101
8 102
8 103
8 104
8 107
8 108
8 116
8 117
8 120
8 122
8 125
8 126
8 134
8 135
8 138
8 140
8 141
8 143
8 144
8 145
8 146
8 150
8 157
8 158
9 0
9 3
9 5
9 6
9 7
9 10
9 11
9 13
9 21
9 26
9 27
9 31
9 32
9 34
9 36
9 38
9 42
9 44
9 46
9 47
9 48
9 51
9 53
9 55
9 56
9 61
9 62
9 63
9 64
9 67
9 71
9 72
9 74
9 75
9 77
9 78
9 79
9 81
9 84
9 86
9 90
9 92
9 95
9 102
9 103
9 107
9 111
9 114
9 119
9 123
9 124
9 125
9 126
9 129
9 130
9 132
9 137
9 138
9 141
9 144
9 147
9 148
9 150
9 152
9 154
9 157
10 4
10 5
10 7
10 11
10 14
10 15
10 16
10 20
10 21
10 23
10 25
10 28
10 30
10 31
10 33
10 34
10 35
10 38
10 41
10 44
10 46
10 47
10 48
10 52
10 53
10 56
10 58
10 59
10 60
10 61
10 62
10 63
10 68
10 72
10 73
10 75
10 78
10 79
10 82
10 83
10 84
10 87
10 91
10 93
10 95
10 97
10 101
10 102
10 108
10 111
10 114
10 115
10 116
10 118
10 121
10 125
10 126
10 127
10 128
10 130
10 133
10 134
10 135
10 136
10 137
10 140
10 141
10 142
10 143
10 148
10 149
10 150
10 152
10 154
10 158
10 159
11 1
11 2
11 4
11 5
11 11
11 12
11 13
11 14
11 19
11 21
11 22
11 25
11 27
11 28
11 33
11 36
11 37
11 39
11 50
11 51
11 53
11 54
11 55
11 56
11 59
11 60
11 64
11 66
11 67
11 69
11 72
11 73
11 77
11 80
11 81
11 94
11 95
11 96
11 97
11 98
11 99
11 102
11 103
11 106
11 108
11 111
11 113
11 117
11 123
11 124
11 130
11 132
11 133
11 136
11 137
11 138
11 140
11 144
11 146
11 147
11 150
11 152
11 155
11 159
12 1
12 5
12 6
12 10
12 17
12 18
12 22
12 23
12 26
12 29
12 31
12 32
12 34
12 38
12 47
12 48
12 49
12 50
12 51
12 56
12 58
12 61
12 66
12 68
12 72
12 73
12 78
12 80
12 86
12 88
12 90
12 91
12 92
12 94
12 95
12 98
12 99
12 105
12 107
12 110
12 111
12 113
12 114
12 116
12 118
12 119
12 123
12 124
12 126
12 131
12 132
12 138
12 141
12 152
12 154
12 156
12 157
13 5
13 6
13 8
13 9
13 10
13 12
13 20
13 22
13 23
13 28
13 32
13 35
13 36
13 37
13 44
13 45
13 47
13 48
13 49
13 52
13 53
13 56
13 57
13 58
13 65
13 66
13 67
13 69
13 71
13 72
13 73
13 74
13 75
13 78
13 82
13 84
13 85
13 86
13 87
13 90
13 92
13 93
13 96
13 97
13 98
13 99
13 102
13 105
13 106
13 107
13 108
13 109
13 111
13 112
13 117
13 118
13 120
13 122
13 124
13 125
13 126
13 127
13 128
13 133
13 134
13 137
13 139
13 142
13 143
13 145
13 146
13 147
13 150
13 152
13 153
13 159
14 3
14 10
14 12
14 14
14 19
14 22
14 25
14 26
14 27
14 33
14 36
14 37
14 41
14 43
14 53
14 54
14 58
14 59
14 60
14 64
14 66
14 69
14 72
14 76
14 77
14 81
14 83
14 86
14 87
14 90
14 92
14 95
14 96
14 97
14 99
14 102
14 103
14 105
14 107
14 110
14 113
14 114
14 115
14 124
14 131
14 132
14 136
14 137
14 138
14 139
14 141
14 144
14 146
14 149
14 153
14 156
15 0
15 1
15 2
15 3
15 5
15 6
15 10
15 12
15 13
15 14
15 23
15 24
15 25
15 26
15 38
15 39
15 40
15 47
15 48
15 49
15 53
15 55
15 57
15 63
15 65
15 66
15 70
15 72
15 74
15 78
15 79
15 80
15 83
15 84
15 87
15 94
15 96
15 102
15 104
15 105
15 107
15 108
15 112
15 113
15 115
15 120
15 122
15 124
15 126
15 129
15 134
15 135
15 136
15 138
15 141
15 147
15 148
15 152
15 155
16 0
16 3
16 4
16 12
16 13
16 14
16 17
16 22
16 23
16 24
16 25
16 29
16 32
16 36
16 38
16 41
16 45
16 47
16 51
16 55
16 57
16 60
16 62
16 63
16 65
16 67
16 70
16 73
16 76
16 77
16 78
16 85
16 86
16 87
16 88
16 89
16 91
16 92
16 93
16 95
16 96
16 97
16 98
16 100
16 101
16 103
16 106
16 107
16 110
16 115
16 116
16 117
16 118
16 122
16 124
16 126
16 128
16 129
16 130
16 131
16 133
16 135
16 138
16 139
16 141
16 142
16 143
16 144
16 145
16 146
16 147
16 149
16 150
16 154
16 158
16 159
17 0
17 5
17 7
17 9
17 10
17 11
17 14
17 15
17 19
17 22
17 24
17 31
17 33
17 35
17 38
17 43
17 45
17 46
17 50
17 54
17 59
17 64
17 65
17 72
17 73
17 74
17 75
17 76
17 77
17 80
17 81
17 83
17 85
17 86
17 91
17 93
17 94
17 95
17 96
17 98
17 101
17 103
17 105
17 108
17 110
17 111
17 112
17 113
17 114
17 115
17 117
17 119
17 123
17 125
17 127
17 131
17 132
17 135
17 140
17 141
17 142
17 143
17 146
17 147
17 148
17 152
17 156
18 4
18 8
18 10
18 14
18 15
18 18
18 21
18 22
18 25
18 26
18 29
18 35
18 36
18 37
18 38
18 39
18 42
18 44
18 45
18 51
18 52
18 54
18 55
18 62
18 63
18 65
18 66
18 71
18 72
18 74
18 75
18 76
18 78
18 79
18 86
18 87
18 88
18 90
18 92
18 94
18 96
18 99
18 103
18 108
18 109
18 112
18 114
18 117
18 118
18 120
18 129
18 132
18 139
18 143
18 144
18 145
18 147
18 155
18 157
18 159
19 1
19 2
19 3
19 6
19 11
19 13
19 19
19 22
19 28
19 30
19 31
19 36
19 38
19 39
19 40
19 46
19 49
19 50
19 61
19 62
19 64
19 66
19 67
19 68
19 70
19 71
19 75
19 78
19 79
19 81
19 82
19 84
19 85
19 86
19 87
19 89
19 92
19 97
19 100
19 101
19 104
19 105
19 107
19 112
19 113
19 114
19 115
19 116
19 118
19 121
19 122
19 125
19 126
19 129
19 130
19 136
19 137
19 138
19 140
19 143
19 150
19 155
19 157
20 2
20 4
20 5
20 7
20 12
20 13
20 19
20 20
20 22
20 28
20 30
20 33
20 36
20 37
20 38
20 41
20 42
20 44
20 47
20 53
20 54
20 57
20 58
20 65
20 66
20 69
20 77
20 78
20 80
20 82
20 84
20 85
20 87
20 89
20 90
20 91
20 93
20 95
20 97
20 99
20 102
20 105
20 107
20 108
20 114
20 115
20 116
20 117
20 118
20 121
20 122
20 124
20 130
20 131
20 132
20 134
20 136
20 137
20 139
20 142
20 144
20 150
20 154
20 155
21 0
21 3
21 5
21 8
21 10
21 11
21 14
21 15
21 19
21 23
21 29
21 31
21 33
21 34
21 35
21 38
21 42
21 45
21 46
21 48
21 49
21 50
21 55
21 58
21 59
21 62
21 63
21 64
21 65
21 66
21 68
21 70
21 71
21 73
21 75
21 80
21 84
21 87
21 88
21 91
21 92
21 93
21 97
21 100
21 101
21 107
21 108
21 110
21 114
21 115
21 117
21 118
21 119
21 120
21 122
21 124
21 126
21 127
21 129
21 132
21 134
21 138
21 139
21 140
21 141
21 144
21 147
21 149
21 157
22 0
22 5
22 6
22 8
22 10
22 11
22 13
22 15
22 16
22 17
22 19
22 20
22 21
22 23
22 24
22 26
22 27
22 28
22 29
22 30
22 34
22 36
22 37
22 38
22 43
22 46
22 48
22 49
22 51
22 53
22 54
22 57
22 62
22 64
22 67
22 71
22 73
22 78
22 79
22 81
22 82
22 84
22 87
22 89
22 91
22 94
22 96
22 98
22 101
22 103
22 104
22 108
22 110
22 111
22 115
22 116
22 117
22 120
22 121
22 122
22 123
22 125
22 127
22 129
22 131
22 133
22 137
22 143
22 146
22 147
22 150
22 153
22 154
22 155
22 156
22 157
22 158
23 0
23 3
23 4
23 5
23 8
23 9
23 12
23 14
23 17
23 22
23 23
23 24
23 25
23 26
23 27
23 29
23 37
23 41
23 42
23 45
23 46
23 48
23 50
23 53
23 54
23 55
23 56
23 58
23 59
23 61
23 63
23 64
23 65
23 66
23 70
23 71
23 74
23 80
23 83
23 85
23 86
23 88
23 90
23 94
23 95
23 96
23 98
23 101
23 104
23 105
23 111
23 112
23 114
23 119
23 120
23 123
23 124
23 127
23 129
23 130
23 132
23 133
23 134
23 145
23 147
23 148
23 150
23 152
23 154
23 155
23 159
24 0
24 2
24 10
24 12
24 14
24 17
24 21
24 23
24 27
24 28
24 30
24 32
24 33
24 34
24 38
24 46
24 52
24 53
24 54
24 56
24 59
24 61
24 62
24 69
24 70
24 71
24 72
24 73
24 75
24 78
24 81
24 84
24 86
24 87
24 88
24 89
24 91
24 93
24 95
24 96
24 100
24 101
24 103
24 105
24 107
24 108
24 111
24 115
24 117
24 118
24 120
24 121
24 123
24 124
24 125
24 126
24 134
24 137
24 139
24 140
24 147
24 148
24 151
24 159
25 0
25 5
25 9
25 10
25 12
25 13
25 17
25 27
25 28
25 29
25 32
25 33
25 38
25 44
25 45
25 48
25 49
25 54
25 61
25 64
25 67
25 76
25 78
25 80
25 83
25 84
25 85
25 86
25 88
25 93
25 102
25 104
25 107
25 108
25 109
25 112
25 116
25 117
25 121
25 125
25 126
25 130
25 131
25 132
25 134
25 138
25 140
25 145
25 146
25 147
25 148
25 149
25 150
25 151
25 152
25 153
25 156
25 158
26 3
26 6
26 11
26 13
26 14
26 15
26 16
26 17
26 18
26 22
26 27
26 29
26 30
26 34
26 35
26 36
26 40
26 43
26 45
26 46
26 47
26 50
26 53
26 57
26 59
26 60
26 61
26 68
26 70
26 75
26 80
26 85
26 86
26 87
26 88
26 92
26 95
26 101
26 106
26 111
26 113
26 115
26 116
26 121
26 127
26 130
26 131
26 134
26 138
26 140
26 142
26 143
26 144
26 146
26 148
26 149
26 150
26 151
26 152
26 154
26 157
26 158
27 0
27 1
27 2
27 3
27 4
27 5
27 7
27 9
27 11
27 12
27 13
27 16
27 18
27 20
27 25
27 26
27 30
27 31
27 33
27 34
27 36
27 42
27 46
27 47
27 48
27 49
27 50
27 53
27 55
27 57
27 60
27 61
27 63
27 64
27 65
27 67
27 68
27 69
27 71
27 72
27 75
27 76
27 79
27 84
27 85
27 87
27 88
27 91
27 95
27 97
27 100
27 106
27 107
27 110
27 111
27 114
27 116
27 117
27 119
27 122
27 123
27 124
27 126
27 128
27 129
27 130
27 133
27 134
27 136
27 139
27 140
27 141
27 143
27 147
27 148
27 149
27 153
27 155
27 156
27 157
27 158
27 159
28 2
28 3
28 4
28 6
28 7
28 10
28 15
28 17
28 18
28 19
28 24
28 25
28 30
28 31
28 33
28 37
28 39
28 42
28 43
28 50
28 51
28 52
28 57
28 58
28 62
28 64
28 65
28 68
28 73
28 76
28 78
28 80
28 81
28 82
28 83
28 88
28 92
28 94
28 99
28 101
28 102
28 109
28 112
28 113
28 118
28 122
28 123
28 128
28 129
28 131
28 134
28 135
28 136
28 137
28 140
28 143
28 148
28 151
28 153
28 156
28 157
29 1
29 2
29 3
29 4
29 9
29 12
29 15
29 17
29 19
29 22
29 23
29 30
29 33
29 34
29 35
29 36
29 41
29 42
29 44
29 45
29 53
29 54
29 62
29 63
29 69
29 70
29 73
29 77
29 79
29 80
29 85
29 86
29 90
29 93
29 96
29 100
29 104
29 108
29 109
29 110
29 112
29 113
29 114
29 115
29 117
29 124
29 127
29 128
29 130
29 136
29 137
29 138
29 139
29 141
29 142
29 144
29 146
29 147
29 151
29 157
30 0
30 6
30 8
30 9
30 12
30 15
30 19
30 20
30 22
30 24
30 25
30 28
30 30
30 31
30 33
30 34
30 35
30 36
30 39
30 41
30 44
30 45
30 48
30 49
30 51
30 52
30 53
30 55
30 56
30 57
30 58
30 62
30 63
30 66
30 67
30 68
30 73
30 74
30 78
30 79
30 80
30 85
30 87
30 93
30 95
30 96
30 97
30 101
30 106
30 109
30 111
30 113
30 114
30 119
30 120
30 125
30 128
30 129
30 131
30 132
30 134
30 135
30 138
30 145
30 146
30 149
30 150
30 152
30 153
30 154
30 156
30 157
31 2
31 3
31 5
31 6
31 9
31 12
31 13
31 15
31 16
31 19
31 22
31 26
31 29
31 30
31 31
31 32
31 36
31 37
31 38
31 43
31 45
31 47
31 48
31 52
31 55
31 58
31 63
31 64
31 69
31 71
31 78
31 79
31 80
31 84
31 86
31 88
31 89
31 90
31 91
31 93
31 96
31 99
31 102
31 103
31 105
31 106
31 108
31 110
31 112
31 113
31 117
31 119
31 124
31 125
31 128
31 130
31 135
31 139
31 141
31 148
31 154
31 156
32 7
32 8
32 9
32 15
32 16
32 21
32 26
32 30
32 35
32 37
32 38
32 39
32 43
32 45
32 47
32 48
32 49
32 52
32 54
32 55
32 57
32 58
32 64
32 68
32 70
32 73
32 74
32 75
32 76
32 78
32 79
32 80
32 81
32 83
32 85
32 88
32 91
32 92
32 100
32 103
32 104
32 112
32 115
32 116
32 120
32 121
32 122
32 124
32 128
32 130
32 133
32 135
32 143
32 144
32 145
32 149
32 150
32 152
32 153
32 156
32 157
32 159
33 0
33 1
33 4
33 10
33 12
33 13
33 14
33 18
33 25
33 26
33 27
33 28
33 30
33 31
33 32
33 33
33 36
33 37
33 39
33 41
33 44
33 47
33 51
33 53
33 54
33 57
33 60
33 61
33 62
33 64
33 66
33 70
33 72
33 74
33 75
33 76
33 77
33 81
33 82
33 88
33 89
33 92
33 93
33 96
33 98
33 99
33 100
33 103
33 106
33 109
33 118
33 120
33 121
33 124
33 133
33 136
33 137
33 140
33 141
33 145
33 147
33 155
33 157
33 158
34 2
34 4
34 16
34 19
34 21
34 22
34 24
34 27
34 35
34 45
34 46
34 47
34 48
34 55
34 57
34 62
34 63
34 65
34 66
34 67
34 69
34 71
34 72
34 74
34 75
34 83
34 85
34 86
34 87
34 89
34 91
34 95
34 96
34 97
34 98
34 101
34 103
34 106
34 114
34 117
34 121
34 123
34 124
34 127
34 128
34 133
34 135
34 136
34 137
34 138
34 139
34 140
34 141
34 143
34 144
34 147
34 149
34 154
34 156
34 157
35 3
35 5
35 6
35 9
35 11
35 12
35 14
35 16
35 24
35 25
35 29
35 32
35 33
35 35
35 36
35 38
35 39
35 41
35 47
35 48
35 51
35 52
35 54
35 55
35 56
35 57
35 58
35 60
35 61
35 69
35 72
35 77
35 79
35 83
35 84
35 87
35 88
35 89
35 96
35 97
35 98
35 100
35 107
35 108
35 109
35 110
35 111
35 114
35 115
35 116
35 119
35 124
35 125
35 126
35 127
35 128
35 132
35 133
35 135
35 139
35 141
35 142
35 143
35 145
35 154
36 4
36 5
36 13
36 15
36 21
36 26
36 27
36 29
36 31
36 32
36 36
36 37
36 39
36 40
36 44
36 48
36 56
36 59
36 66
36 70
36 71
36 72
36 73
36 77
36 79
36 82
36 84
36 85
36 86
36 87
36 89
36 96
36 98
36 99
36 100
36 104
36 105
36 114
36 116
36 117
36 118
36 122
36 125
36 127
36 128
36 131
36 135
36 136
36 137
36 138
36 141
36 145
36 147
36 149
36 152
36 153
36 154
36 155
36 157
37 5
37 6
37 7
37 9
37 10
37 18
37 19
37 21
37 22
37 29
37 34
37 37
37 38
37 40
37 45
37 49
37 51
37 53
37 57
37 67
37 70
37 74
37 76
37 77
37 79
37 82
37 83
37 84
37 85
37 86
37 90
37 93
37 94
37 95
37 96
37 98
37 101
37 108
37 109
37 110
37 113
37 116
37 118
37 123
37 124
37 129
37 131
37 132
37 136
37 137
37 144
37 148
37 150
37 152
37 153
37 156
37 159
38 1
38 3
38 9
38 11
38 12
38 13
38 14
38 15
38 16
38 18
38 19
38 22
38 26
38 27
38 28
38 32
38 34
38 37
38 38
38 40
38 41
38 44
38 47
38 50
38 54
38 58
38 64
38 66
38 67
38 71
38 72
38 74
38 77
38 80
38 87
38 88
38 89
38 91
38 92
38 97
38 98
38 101
38 102
38 107
38 109
38 110
38 111
38 116
38 119
38 120
38 121
38 123
38 124
38 125
38 140
38 141
38 142
38 144
38 146
38 148
38 150
38 151
38 152
38 153
38 154
38 156
38 158
38 159
39 0
39 1
39 2
39 4
39 5
39 9
39 11
39 15
39 20
39 34
39 44
39 46
39 47
39 51
39 52
39 57
39 58
39 61
39 62
39 67
39 69
39 72
39 73
39 74
39 75
39 82
39 84
39 90
39 94
39 99
39 105
39 110
39 114
39 115
39 116
39 118
39 120
39 129
39 130
39 131
39 132
39 137
39 138
39 143
39 144
39 150
39 151
39 157
39 158
39 159
40 1
40 6
40 7
40 8
40 10
40 12
40 17
40 21
40 29
40 30
40 31
40 32
40 34
40 38
40 39
40 40
40 41
40 42
40 43
40 45
40 48
40 49
40 53
40 55
40 61
40 63
40 66
40 68
40 73
40 74
40 76
40 78
40 83
40 92
40 93
40 94
40 95
40 97
40 103
40 106
40 107
40 108
40 109
40 111
40 112
40 113
40 116
40 124
40 125
40 126
40 127
40 131
40 133
40 136
40 137
40 140
40 142
40 144
40 146
40 149
40 154
40 156
40 157
40 158
40 159
41 4
41 12
41 15
41 18
41 23
41 24
41 30
41 31
41 32
41 35
41 36
41 37
41 38
41 42
41 45
41 48
41 49
41 54
41 57
41 58
41 59
41 67
41 68
41 71
41 73
41 76
41 78
41 80
41 81
41 83
41 84
41 85
41 86
41 87
41 90
41 91
41 93
41 94
41 96
41 98
41 102
41 106
41 107
41 109
41 110
41 111
41 112
41 115
41 116
41 121
41 123
41 128
41 129
41 130
41 131
41 133
41 134
41 139
41 143
41 144
41 145
41 149
41 150
41 151
41 154
41 155
41 157
41 158
42 0
42 2
42 4
42 5
42 8
42 9
42 11
42 15
42 16
42 18
42 19
42 22
42 24
42 25
42 26
42 28
42 32
42 34
42 36
42 37
42 40
42 41
42 50
42 53
42 54
42 55
42 56
42 59
42 61
42 63
42 65
42 68
42 70
42 72
42 84
42 86
42 87
42 88
42 89
42 92
42 93
42 96
42 98
42 100
42 102
42 104
42 105
42 107
42 108
42 111
42 112
42 113
42 114
42 117
42 121
42 126
42 127
42 129
42 130
42 131
42 132
42 134
42 135
42 136
42 143
42 145
42 146
42 147
42 148
42 149
42 150
42 151
42 155
42 156
42 157
42 158
43 3
43 4
43 5
43 6
43 7
43 10
43 14
43 15
43 17
43 18
43 20
43 23
43 28
43 32
43 37
43 41
43 43
43 44
43 45
43 46
43 49
43 50
43 51
43 58
43 60
43 61
43 62
43 65
43 69
43 70
43 74
43 76
43 81
43 83
43 85
43 88
43 89
43 91
43 96
43 98
43 99
43 100
43 102
43 105
43 109
43 117
43 118
43 125
43 128
43 129
43 132
43 133
43 134
43 135
43 140
43 143
43 150
43 156
44 0
44 1
44 2
44 3
44 5
44 7
44 8
44 11
44 12
44 13
44 14
44 15
44 19
44 23
44 24
44 33
44 34
44 35
44 36
44 40
44 41
44 42
44 43
44 45
44 47
44 48
44 49
44 50
44 55
44 58
44 59
44 61
44 62
44 64
44 65
44 69
44 71
44 72
44 73
44 75
44 76
44 77
44 78
44 79
44 82
44 84
44 85
44 89
44 90
44 92
44 94
44 98
44 100
44 103
44 105
44 110
44 112
44 116
44 118
44 119
44 122
44 123
44 128
44 130
44 132
44 141
44 142
44 145
44 146
44 147
44 152
44 154
44 158
45 0
45 6
45 7
45 8
45 9
45 11
45 13
45 14
45 15
45 21
45 24
45 26
45 31
45 32
45 33
45 39
45 42
45 44
45 45
45 46
45 47
45 52
45 57
45 59
45 60
45 66
45 76
45 78
45 79
45 82
45 86
45 87
45 88
45 90
45 93
45 95
45 97
45 98
45 99
45 105
45 108
45 111
45 112
45 115
45 116
45 119
45 121
45 122
45 123
45 125
45 128
45 134
45 136
45 141
45 143
45 147
45 148
45 152
45 155
46 2
46 5
46 7
46 8
46 12
46 13
46 16
46 18
46 22
46 23
46 25
46 27
46 28
46 30
46 34
46 39
46 40
46 42
46 46
46 49
46 50
46 51
46 59
46 62
46 68
46 71
46 72
46 74
46 75
46 77
46 78
46 80
46 81
46 82
46 84
46 90
46 91
46 92
46 93
46 95
46 96
46 97
46 99
46 100
46 103
46 106
46 107
46 111
46 113
46 117
46 119
46 121
46 122
46 126
46 130
46 133
46 134
46 135
46 136
46 137
46 139
46 145
46 147
46 148
46 150
46 154
46 155
46 157
46 158
47 0
47 8
47 11
47 12
47 13
47 15
47 16
47 22
47 24
47 28
47 29
47 30
47 31
47 35
47 38
47 44
47 46
47 48
47 49
47 56
47 57
47 60
47 61
47 62
47 63
47 66
47 67
47 68
47 70
47 71
47 72
47 73
47 74
47 79
47 80
47 82
47 83
47 84
47 85
47 90
47 92
47 93
47 98
47 99
47 101
47 104
47 105
47 107
47 109
47 116
47 118
47 129
47 132
47 133
47 134
47 137
47 140
47 141
47 148
47 152
47 154
47 159
48 0
48 2
48 9
48 15
48 16
48 17
48 20
48 21
48 22
48 23
48 25
48 26
48 29
48 30
48 32
48 33
48 38
48 40
48 41
48 42
48 44
48 48
48 58
48 60
48 61
48 64
48 66
48 67
48 74
48 81
48 84
48 86
48 87
48 89
48 93
48 94
48 95
48 96
48 104
48 105
48 108
48 109
48 110
48 112
48 115
48 119
48 122
48 123
48 128
48 133
48 134
48 140
48 144
48 145
49 1
49 5
49 6
49 12
49 13
49 18
49 19
49 22
49 26
49 27
49 28
49 29
49 30
49 31
49 35
49 36
49 37
49 38
49 39
49 42
49 43
49 44
49 48
49 49
49 51
49 52
49 55
49 61
49 62
49 63
49 64
49 66
49 72
49 73
49 75
49 80
49 83
49 84
49 93
49 97
49 99
49 102
49 103
49 105
49 106
49 107
49 109
49 110
49 112
49 115
49 121
49 122
49 124
49 127
49 128
49 129
49 130
49 131
49 133
49 134
49 135
49 137
49 139
49 140
49 146
49 148
49 150
49 153
49 154
49 156
49 157
50 1
50 2
50 3
50 5
50 7
50 15
50 17
50 22
50 24
50 25
50 29
50 30
50 31
50 36
50 38
50 41
50 42
50 44
50 45
50 46
50 47
50 48
50 49
50 50
50 51
50 53
50 57
50 63
50 66
50 69
50 70
50 71
50 72
50 79
50 81
50 83
50 84
50 86
50 87
50 88
50 89
50 91
50 98
50 99
50 100
50 101
50 105
50 111
50 119
50 123
50 124
50 134
50 136
50 143
50 144
50 146
50 147
50 149
50 152
51 2
51 9
51 13
51 14
51 23
51 25
51 27
51 30
51 35
51 40
51 41
51 45
51 46
51 51
51 52
51 54
51 57
51 62
51 64
51 66
51 67
51 70
51 71
51 72
51 77
51 88
51 90
51 94
51 95
51 97
51 100
51 101
51 103
51 107
51 113
51 118
51 119
51 122
51 123
51 126
51 127
51 129
51 131
51 133
51 134
51 135
51 136
51 137
51 138
51 140
51 141
51 146
51 147
51 149
51 152
51 153
51 154
51 157
52 1
52 3
52 9
52 20
52 22
52 24
52 25
52 26
52 27
52 29
52 31
52 34
52 35
52 37
52 38
52 41
52 42
52 43
52 44
52 48
52 49
52 50
52 52
52 55
52 56
52 60
52 61
52 63
52 65
52 68
52 69
52 70
52 71
52 74
52 75
52 78
52 79
52 80
52 82
52 83
52 87
52 88
52 92
52 93
52 94
52 95
52 97
52 99
52 100
52 101
52 102
52 103
52 104
52 105
52 109
52 110
52 111
52 112
52 115
52 119
52 122
52 124
52 129
52 134
52 136
52 138
52 140
52 154
53 2
53 5
53 8
53 9
53 13
53 18
53 19
53 20
53 22
53 23
53 24
53 26
53 27
53 31
53 33
53 34
53 36
53 37
53 38
53 42
53 43
53 44
53 45
53 47
53 53
53 54
53 58
53 61
53 66
53 67
53 69
53 73
53 74
53 76
53 78
53 79
53 81
53 84
53 87
53 90
53 93
53 96
53 97
53 102
53 103
53 104
53 105
53 115
53 119
53 120
53 122
53 123
53 124
53 126
53 128
53 130
53 131
53 132
53 134
53 136
53 139
53 149
53 152
53 154
53 155
53 157
53 159
54 4
54 7
54 10
54 13
54 18
54 20
54 22
54 23
54 25
54 27
54 30
54 31
54 34
54 37
54 38
54 40
54 41
54 47
54 48
54 51
54 52
54 54
54 55
54 58
54 60
54 61
54 62
54 66
54 72
54 74
54 76
54 77
54 79
54 81
54 83
54 89
54 99
54 104
54 105
54 106
54 107
54 109
54 111
54 113
54 114
54 115
54 117
54 119
54 120
54 121
54 123
54 125
54 126
54 130
54 131
54 132
54 134
54 136
54 138
54 140
54 144
54 147
54 148
54 151
54 153
54 157
54 159
55 0
55 7
55 11
55 12
55 16
55 19
55 20
55 21
55 22
55 24
55 28
55 31
55 33
55 34
55 39
55 41
55 44
55 45
55 47
55 48
55 52
55 55
55 58
55 63
55 64
55 65
55 67
55 69
55 70
55 71
55 74
55 75
55 79
55 83
55 88
55 93
55 94
55 95
55 97
55 98
55 99
55 101
55 103
55 104
55 106
55 109
55 110
55 115
55 117
55 118
55 120
55 122
55 124
55 127
55 128
55 129
55 133
55 134
55 136
55 138
55 140
55 145
55 153
55 156
55 157
56 2
56 6
56 9
56 11
56 13
56 17
56 28
56 30
56 31
56 33
56 35
56 40
56 46
56 50
56 51
56 52
56 54
56 55
56 57
56 61
56 65
56 66
56 68
56 72
56 81
56 82
56 85
56 89
56 94
56 96
56 97
56 98
56 99
56 106
56 107
56 109
56 118
56 119
56 120
56 122
56 123
56 124
56 126
56 128
56 131
56 133
56 134
56 139
56 141
56 143
56 145
56 151
56 153
57 3
57 6
57 8
57 11
57 14
57 16
57 17
57 19
57 20
57 22
57 25
57 27
57 30
57 32
57 33
57 34
57 37
57 39
57 40
57 42
57 43
57 48
57 54
57 55
57 57
57 65
57 68
57 69
57 72
57 74
57 78
57 79
57 82
57 83
57 87
57 90
57 91
57 93
57 94
57 95
57 101
57 102
57 106
57 109
57 111
57 112
57 113
57 114
57 116
57 121
57 123
57 127
57 134
57 136
57 137
57 138
57 139
57 142
57 156
58 0
58 2
58 3
58 4
58 5
58 7
58 8
58 13
58 17
58 18
58 19
58 22
58 24
58 25
58 27
58 31
58 35
58 36
58 37
58 38
58 43
58 45
58 48
58 51
58 55
58 58
58 60
58 62
58 64
58 66
58 69
58 70
58 73
58 77
58 81
58 85
58 86
58 87
58 89
58 91
58 98
58 100
58 101
58 103
58 104
58 107
58 114
58 117
58 118
58 124
58 127
58 130
58 135
58 136
58 137
58 140
58 143
58 145
58 149
58 151
58 154
58 155
58 157
58 158
59 0
59 1
59 2
59 4
59 5
59 6
59 7
59 10
59 15
59 17
59 18
59 19
59 20
59 25
59 26
59 27
59 28
59 29
59 30
59 33
59 34
59 35
59 37
59 43
59 45
59 46
59 47
59 50
59 55
59 56
59 57
59 58
59 64
59 65
59 66
59 67
59 70
59 72
59 73
59 74
59 77
59 79
59 80
59 81
59 82
59 86
59 89
59 92
59 95
59 96
59 97
59 98
59 102
59 106
59 107
59 109
59 110
59 113
59 115
59 117
59 119
59 120
59 122
59 123
59 126
59 129
59 130
59 131
59 133
59 137
59 139
59 140
59 144
59 146
59 147
59 150
59 151
59 153
59 158
60 3
60 7
60 15
60 20
60 23
60 24
60 27
60 28
60 29
60 30
60 32
60 33
60 34
60 38
60 40
60 42
60 47
60 50
60 51
60 52
60 53
60 55
60 58
60 59
60 63
60 67
60 68
60 75
60 77
60 79
60 87
60 89
60 94
60 95
60 97
60 99
60 100
60 101
60 102
60 105
60 108
60 113
60 124
60 126
60 127
60 128
60 129
60 130
60 131
60 133
60 134
60 135
60 137
60 140
60 141
60 145
60 147
60 150
60 151
60 153
60 154
60 157
61 1
61 2
61 3
61 5
61 7
61 11
61 13
61 14
61 20
61 27
61 32
61 34
61 38
61 39
61 42
61 47
61 51
61 52
61 56
61 58
61 61
61 62
61 63
61 65
61 67
61 69
61 74
61 77
61 82
61 85
61 89
61 93
61 97
61 98
61 100
61 101
61 106
61 108
61 111
61 112
61 120
61 127
61 131
61 136
61 137
61 138
61 140
61 145
61 146
61 147
61 149
61 150
61 154
61 155
61 156
61 158
62 1
62 2
62 3
62 7
62 10
62 14
62 18
62 22
62 24
62 25
62 29
62 30
62 31
62 34
62 35
62 36
62 42
62 43
62 44
62 51
62 56
62 62
62 63
62 66
62 67
62 68
62 77
62 80
62 83
62 85
62 88
62 92
62 93
62 95
62 101
62 103
62 106
62 107
62 109
62 110
62 111
62 113
62 114
62 119
62 123
62 124
62 125
62 127
62 128
62 129
62 134
62 136
62 137
62 138
62 142
62 143
62 144
62 145
62 152
62 153
62 154
62 156
62 157
62 158
63 0
63 1
63 5
63 7
63 8
63 9
63 12
63 13
63 14
63 17
63 22
63 23
63 25
63 27
63 32
63 35
63 36
63 37
63 39
63 40
63 44
63 48
63 50
63 51
63 52
63 53
63 56
63 58
63 67
63 68
63 70
63 72
63 73
63 76
63 78
63 81
63 83
63 84
63 85
63 87
63 90
63 96
63 97
63 98
63 99
63 101
63 108
63 109
63 111
63 113
63 116
63 127
63 128
63 129
63 130
63 132
63 134
63 135
63 141
63 144
63 145
63 147
63 150
63 152
63 154
63 159
64 4
64 8
64 10
64 11
64 13
64 18
64 19
64 20
64 24
64 25
64 27
64 29
64 30
64 32
64 33
64 34
64 36
64 40
64 42
64 45
64 46
64 51
64 53
64 54
64 55
64 59
64 60
64 62
64 63
64 70
64 72
64 76
64 77
64 78
64 79
64 80
64 81
64 82
64 84
64 85
64 86
64 87
64 88
64 89
64 90
64 92
64 98
64 101
64 102
64 103
64 104
64 109
64 112
64 115
64 117
64 118
64 119
64 123
64 124
64 126
64 131
64 134
64 135
64 140
64 143
64 144
64 146
64 151
64 152
64 153
64 156
65 0
65 3
65 8
65 9
65 11
65 12
65 13
65 14
65 15
65 18
65 22
65 23
65 31
65 35
65 38
65 39
65 51
65 52
65 54
65 63
65 64
65 65
65 66
65 67
65 68
65 72
65 74
65 76
65 80
65 84
65 89
65 91
65 92
65 93
65 94
65 95
65 98
65 101
65 102
65 108
65 109
65 110
65 111
65 112
65 116
65 117
65 124
65 126
65 127
65 128
65 130
65 131
65 133
65 134
65 140
65 141
65 142
65 143
65 144
65 145
65 148
65 149
65 150
65 151
65 154
65 155
65 156
65 158
66 5
66 10
66 11
66 12
66 14
66 16
66 17
66 19
66 20
66 21
66 24
66 26
66 30
66 31
66 32
66 33
66 36
66 38
66 39
66 42
66 47
66 48
66 49
66 51
66 52
66 53
66 59
66 64
66 65
66 68
66 70
66 72
66 75
66 85
66 87
66 88
66 89
66 93
66 96
66 97
66 100
66 101
66 102
66 105
66 106
66 107
66 108
66 109
66 116
66 117
66 119
66 124
66 126
66 130
66 133
66 135
66 136
66 137
66 138
66 140
66 142
66 143
66 146
66 148
66 154
66 155
66 157
67 3
67 11
67 12
67 18
67 19
67 26
67 27
67 28
67 29
67 34
67 35
67 37
67 39
67 40
67 43
67 47
67 50
67 54
67 55
67 56
67 64
67 65
67 66
67 67
67 68
67 69
67 70
67 74
67 76
67 77
67 88
67 89
67 94
67 99
67 103
67 104
67 106
67 107
67 110
67 111
67 112
67 116
67 119
67 120
67 123
67 125
67 128
67 132
67 133
67 135
67 136
67 138
67 140
67 141
67 142
67 151
67 152
67 155
67 156
67 158
67 159
68 0
68 1
68 2
68 3
68 5
68 7
68 8
68 11
68 17
68 19
68 25
68 26
68 28
68 30
68 31
68 35
68 38
68 40
68 41
68 48
68 53
68 57
68 58
68 61
68 63
68 64
68 66
68 69
68 70
68 75
68 76
68 79
68 80
68 82
68 83
68 85
68 86
68 89
68 90
68 92
68 93
68 100
68 103
68 104
68 105
68 106
68 107
68 110
68 112
68 113
68 118
68 120
68 123
68 130
68 131
68 132
68 133
68 136
68 139
68 141
68 142
68 144
68 146
68 147
68 148
68 149
68 150
68 151
68 154
68 155
69 0
69 2
69 3
69 6
69 7
69 8
69 9
69 12
69 14
69 15
69 16
69 29
69 30
69 38
69 41
69 42
69 48
69 49
69 50
69 54
69 56
69 61
69 63
69 65
69 66
69 68
69 73
69 76
69 77
69 80
69 82
69 85
69 88
69 90
69 91
69 93
69 94
69 96
69 97
69 103
69 108
69 110
69 115
69 116
69 117
69 118
69 119
69 126
69 129
69 131
69 133
69 135
69 136
69 137
69 139
69 140
69 147
69 149
69 152
69 154
69 157
69 158
70 0
70 9
70 10
70 11
70 12
70 16
70 18
70 21
70 22
70 24
70 27
70 32
70 35
70 38
70 39
70 40
70 41
70 46
70 48
70 49
70 51
70 52
70 53
70 62
70 69
70 70
70 71
70 76
70 78
70 80
70 81
70 83
70 85
70 87
70 88
70 91
70 93
70 96
70 98
70 101
70 103
70 105
70 109
70 110
70 111
70 113
70 115
70 116
70 117
70 119
70 122
70 124
70 126
70 130
70 139
70 144
70 145
70 149
70 154
71 6
71 10
71 11
71 14
71 15
71 19
71 20
71 22
71 23
71 24
71 32
71 33
71 34
71 36
71 37
71 39
71 40
71 41
71 42
71 45
71 46
71 47
71 48
71 52
71 53
71 55
71 56
71 57
71 58
71 60
71 61
71 62
71 64
71 65
71 66
71 69
71 81
71 82
71 83
71 85
71 87
71 88
71 89
71 92
71 94
71 95
71 101
71 102
71 106
71 111
71 117
71 119
71 122
71 124
71 133
71 134
71 135
71 136
71 143
71 147
71 148
71 154
71 157
71 158
72 2
72 3
72 5
72 6
72 9
72 12
72 13
72 16
72 17
72 20
72 23
72 25
72 26
72 28
72 30
72 31
72 32
72 36
72 37
72 38
72 39
72 41
72 44
72 47
72 48
72 49
72 53
72 54
72 56
72 57
72 58
72 60
72 62
72 65
72 67
72 69
72 70
72 75
72 77
72 79
72 81
72 82
72 84
72 89
72 92
72 93
72 95
72 96
72 100
72 106
72 114
72 119
72 121
72 135
72 136
72 141
72 142
72 145
72 146
72 147
72 158
72 159
73 0
73 4
73 6
73 8
73 9
73 10
73 14
73 15
73 17
73 20
73 26
73 30
73 32
73 36
73 37
73 38
73 39
73 43
73 44
73 45
73 46
73 52
73 54
73 55
73 58
73 59
73 60
73 63
73 65
73 68
73 71
73 74
73 87
73 89
73 90
73 91
73 93
73 97
73 99
73 101
73 103
73 105
73 109
73 110
73 111
73 113
73 114
73 116
73 118
73 119
73 120
73 121
73 123
73 124
73 125
73 126
73 127
73 128
73 131
73 132
73 133
73 134
73 136
73 140
73 141
73 143
73 145
73 146
73 152
73 158
74 4
74 5
74 9
74 10
74 11
74 12
74 19
74 21
74 22
74 26
74 29
74 30
74 34
74 37
74 40
74 42
74 43
74 45
74 47
74 48
74 51
74 53
74 54
74 57
74 60
74 63
74 65
74 70
74 73
74 78
74 79
74 81
74 87
74 90
74 91
74 92
74 93
74 94
74 98
74 101
74 104
74 107
74 109
74 110
74 112
74 114
74 115
74 117
74 118
74 121
74 122
74 123
74 124
74 126
74 131
74 133
74 135
74 136
74 137
74 138
74 139
74 142
74 145
74 148
74 150
74 152
74 153
74 154
74 156
75 2
75 4
75 7
75 8
75 13
75 16
75 20
75 21
75 24
75 25
75 27
75 29
75 30
75 37
75 39
75 42
75 45
75 50
75 54
75 55
75 57
75 62
75 64
75 65
75 66
75 71
75 72
75 73
75 75
75 76
75 79
75 80
75 83
75 85
75 86
75 87
75 90
75 93
75 96
75 100
75 104
75 105
75 106
75 107
75 108
75 109
75 110
75 111
75 114
75 116
75 117
75 118
75 121
75 122
75 124
75 126
75 129
75 130
75 131
75 132
75 136
75 138
75 143
75 144
75 148
75 152
75 154
76 4
76 6
76 7
76 10
76 11
76 12
76 13
76 14
76 16
76 17
76 22
76 23
76 24
76 25
76 26
76 27
76 28
76 29
76 30
76 32
76 36
76 37
76 39
76 40
76 46
76 47
76 48
76 51
76 56
76 57
76 58
76 59
76 60
76 64
76 65
76 70
76 73
76 78
76 79
76 80
76 83
76 85
76 90
76 91
76 104
76 107
76 111
76 113
76 117
76 120
76 121
76 125
76 127
76 129
76 131
76 133
76 134
76 135
76 140
76 141
76 144
76 145
76 146
76 148
76 150
76 152
76 155
76 157
76 159
77 0
77 1
77 3
77 6
77 9
77 10
77 11
77 12
77 15
77 18
77 20
77 22
77 23
77 24
77 25
77 28
77 29
77 31
77 33
77 34
77 35
77 36
77 38
77 40
77 41
77 42
77 43
77 44
77 58
77 59
77 60
77 61
77 62
77 63
77 65
77 67
77 68
77 70
77 72
77 74
77 75
77 82
77 84
77 85
77 91
77 95
77 98
77 101
77 103
77 105
77 111
77 115
77 120
77 121
77 125
77 127
77 130
77 131
77 132
77 134
77 135
77 141
77 142
77 145
77 150
77 151
77 153
77 154
77 156
77 158
78 1
78 5
78 8
78 9
78 10
78 11
78 14
78 17
78 18
78 20
78 21
78 25
78 26
78 33
78 35
78 37
78 39
78 46
78 51
78 52
78 54
78 63
78 65
78 76
78 79
78 81
78 83
78 86
78 89
78 90
78 92
78 93
78 94
78 97
78 98
78 99
78 100
78 101
78 102
78 105
78 109
78 110
78 112
78 115
78 117
78 119
78 122
78 124
78 125
78 127
78 130
78 131
78 132
78 133
78 135
78 138
78 140
78 141
78 145
78 146
78 148
78 151
78 152
78 153
78 156
78 159
79 3
79 9
79 10
79 11
79 13
79 17
79 19
79 20
79 25
79 35
79 36
79 41
79 42
79 43
79 46
79 47
79 50
79 52
79 55
79 56
79 60
79 61
79 62
79 65
79 68
79 69
79 70
79 74
79 75
79 77
79 78
79 81
79 84
79 87
79 91
79 92
79 96
79 100
79 102
79 111
79 112
79 117
79 122
79 123
79 126
79 129
79 134
79 135
79 136
79 140
79 141
79 144
79 146
79 151
79 153
79 156
79 157
80 1
80 2
80 4
80 7
80 8
80 10
80 14
80 17
80 20
80 23
80 26
80 28
80 30
80 31
80 33
80 35
80 38
80 39
80 40
80 41
80 45
80 47
80 48
80 49
80 50
80 51
80 57
80 59
80 60
80 65
80 67
80 69
80 70
80 73
80 75
80 79
80 80
80 81
80 83
80 84
80 88
80 91
80 92
80 95
80 97
80 103
80 105
80 106
80 107
80 109
80 110
80 113
80 118
80 120
80 122
80 123
80 125
80 127
80 128
80 130
80 131
80 133
80 134
80 136
80 137
80 138
80 139
80 143
80 146
80 148
80 149
80 152
80 153
80 154
80 155
81 0
81 3
81 4
81 6
81 8
81 11
81 14
81 17
81 18
81 19
81 22
81 23
81 27
81 29
81 36
81 39
81 42
81 43
81 48
81 51
81 52
81 54
81 56
81 57
81 58
81 60
81 63
81 64
81 65
81 67
81 71
81 72
81 78
81 80
81 84
81 86
81 87
81 90
81 96
81 97
81 104
81 105
81 107
81 108
81 109
81 112
81 113
81 114
81 118
81 119
81 122
81 124
81 126
81 131
81 132
81 134
81 135
81 136
81 137
81 138
81 143
81 144
81 146
81 147
81 148
81 149
81 150
81 156
81 158
82 0
82 1
82 2
82 4
82 5
82 8
82 12
82 14
82 19
82 21
82 23
82 28
82 30
82 31
82 34
82 41
82 45
82 46
82 48
82 54
82 56
82 59
82 63
82 64
82 67
82 69
82 70
82 72
82 75
82 76
82 81
82 82
82 86
82 89
82 91
82 95
82 96
82 100
82 105
82 106
82 113
82 116
82 117
82 118
82 122
82 123
82 126
82 128
82 129
82 131
82 134
82 135
82 140
82 141
82 143
82 144
82 145
82 147
82 148
82 150
82 152
82 154
82 155
82 157
82 158
83 2
83 4
83 5
83 6
83 9
83 13
83 15
83 19
83 21
83 25
83 26
83 28
83 32
83 34
83 35
83 36
83 39
83 40
83 43
83 46
83 50
83 51
83 58
83 63
83 67
83 70
83 73
83 78
83 83
83 86
83 88
83 92
83 93
83 95
83 98
83 100
83 103
83 104
83 105
83 107
83 109
83 110
83 112
83 115
83 119
83 121
83 123
83 124
83 126
83 127
83 131
83 133
83 143
83 144
83 146
83 149
83 155
83 158
83 159
84 0
84 4
84 10
84 11
84 17
84 20
84 21
84 25
84 26
84 27
84 28
84 29
84 31
84 32
84 34
84 38
84 41
84 42
84 43
84 48
84 49
84 55
84 57
84 60
84 61
84 62
84 63
84 65
84 71
84 73
84 74
84 76
84 81
84 82
84 87
84 92
84 93
84 100
84 107
84 108
84 109
84 110
84 111
84 116
84 118
84 120
84 121
84 122
84 123
84 124
84 126
84 127
84 133
84 134
84 137
84 142
84 145
84 148
84 150
84 151
84 152
84 153
84 156
84 158
84 159
85 5
85 12
85 16
85 18
85 20
85 22
85 23
85 29
85 30
85 38
85 41
85 43
85 47
85 48
85 52
85 54
85 55
85 62
85 63
85 64
85 65
85 66
85 68
85 70
85 72
85 78
85 79
85 81
85 86
85 89
85 90
85 92
85 94
85 101
85 104
85 105
85 106
85 112
85 116
85 117
85 118
85 119
85 120
85 126
85 128
85 132
85 136
85 137
85 138
85 139
85 140
85 143
85 144
85 145
85 151
85 153
85 154
85 156
85 159
86 2
86 5
86 14
86 18
86 19
86 20
86 21
86 22
86 24
86 25
86 26
86 29
86 30
86 31
86 36
86 37
86 39
86 40
86 42
86 43
86 44
86 45
86 49
86 50
86 56
86 59
86 60
86 63
86 64
86 65
86 66
86 68
86 69
86 72
86 73
86 75
86 78
86 79
86 82
86 86
86 87
86 88
86 90
86 91
86 94
86 104
86 105
86 107
86 108
86 114
86 118
86 119
86 120
86 123
86 129
86 131
86 134
86 138
86 142
86 143
86 144
86 145
86 146
86 147
86 148
86 150
86 151
86 152
86 155
86 156
86 158
87 0
87 3
87 6
87 7
87 8
87 12
87 16
87 17
87 23
87 24
87 28
87 30
87 31
87 32
87 34
87 39
87 45
87 48
87 54
87 58
87 62
87 63
87 66
87 67
87 68
87 73
87 75
87 77
87 81
87 84
87 88
87 89
87 91
87 92
87 93
87 94
87 99
87 100
87 101
87 111
87 112
87 117
87 118
87 126
87 133
87 136
87 137
87 138
87 141
87 145
87 146
87 149
87 154
87 155
87 156
87 157
88 4
88 5
88 10
88 13
88 14
88 15
88 16
88 17
88 21
88 23
88 25
88 28
88 32
88 33
88 34
88 37
88 38
88 40
88 41
88 42
88 43
88 45
88 49
88 50
88 51
88 52
88 54
88 56
88 60
88 62
88 64
88 67
88 69
88 71
88 72
88 75
88 77
88 80
88 83
88 84
88 87
88 91
88 93
88 94
88 96
88 97
88 102
88 104
88 105
88 111
88 116
88 117
88 121
88 126
88 127
88 128
88 130
88 133
88 134
88 135
88 138
88 140
88 142
88 144
88 146
88 147
88 151
88 153
88 155
88 156
88 158
88 159
89 0
89 1
89 12
89 18
89 19
89 20
89 22
89 25
89 26
89 29
89 30
89 31
89 33
89 36
89 49
89 59
89 60
89 64
89 66
89 68
89 69
89 74
89 77
89 78
89 81
89 87
89 88
89 90
89 91
89 92
89 93
89 97
89 99
89 100
89 101
89 103
89 104
89 107
89 109
89 110
89 111
89 115
89 116
89 117
89 118
89 120
89 121
89 130
89 133
89 134
89 136
89 137
89 138
89 147
89 148
89 149
89 152
89 154
89 155
89 157
89 159
90 1
90 8
90 10
90 19
90 22
90 25
90 28
90 30
90 33
90 37
90 42
90 43
90 47
90 50
90 55
90 58
90 63
90 64
90 65
90 67
90 68
90 69
90 72
90 73
90 74
90 75
90 77
90 78
90 79
90 82
90 84
90 90
90 91
90 93
90 95
90 96
90 98
90 99
90 100
90 102
90 107
90 110
90 115
90 117
90 120
90 122
90 126
90 127
90 128
90 129
90 130
90 131
90 132
90 133
90 136
90 139
90 142
90 144
90 149
90 151
90 152
90 154
90 156
90 157
90 158
90 159
91 3
91 5
91 9
91 12
91 17
91 18
91 20
91 21
91 22
91 26
91 28
91 33
91 35
91 40
91 48
91 49
91 51
91 52
91 53
91 57
91 58
91 62
91 66
91 69
91 72
91 76
91 78
91 88
91 89
91 92
91 93
91 94
91 95
91 96
91 98
91 100
91 101
91 103
91 105
91 106
91 107
91 108
91 109
91 112
91 115
91 117
91 118
91 119
91 122
91 123
91 126
91 127
91 128
91 131
91 132
91 133
91 134
91 135
91 136
91 140
91 144
91 145
91 146
91 149
91 150
91 152
91 156
92 1
92 2
92 4
92 8
92 9
92 13
92 14
92 15
92 18
92 22
92 23
92 25
92 31
92 32
92 33
92 34
92 38
92 41
92 42
92 43
92 44
92 46
92 47
92 48
92 49
92 51
92 54
92 57
92 58
92 60
92 61
92 63
92 67
92 68
92 71
92 72
92 73
92 74
92 77
92 78
92 79
92 80
92 82
92 85
92 87
92 92
92 96
92 99
92 108
92 110
92 116
92 117
92 118
92 119
92 120
92 125
92 127
92 131
92 133
92 134
92 139
92 141
92 146
92 153
93 6
93 10
93 13
93 15
93 16
93 17
93 20
93 22
93 25
93 27
93 30
93 38
93 46
93 47
93 51
93 56
93 61
93 63
93 65
93 67
93 69
93 70
93 73
93 74
93 75
93 79
93 81
93 82
93 88
93 93
93 95
93 98
93 102
93 103
93 104
93 111
93 114
93 116
93 125
93 129
93 131
93 136
93 139
93 147
93 148
93 150
93 154
93 156
93 159
94 2
94 3
94 4
94 6
94 8
94 10
94 18
94 24
94 26
94 30
94 31
94 32
94 33
94 35
94 37
94 40
94 41
94 46
94 48
94 52
94 54
94 64
94 66
94 69
94 73
94 74
94 76
94 78
94 79
94 80
94 81
94 83
94 85
94 86
94 90
94 93
94 94
94 95
94 96
94 98
94 99
94 103
94 105
94 107
94 115
94 117
94 129
94 130
94 144
94 145
94 146
94 151
94 153
94 154
94 155
94 156
94 158
94 159
95 0
95 2
95 7
95 9
95 10
95 11
95 12
95 20
95 22
95 24
95 25
95 31
95 35
95 37
95 38
95 39
95 43
95 46
95 48
95 50
95 51
95 52
95 53
95 54
95 56
95 57
95 60
95 63
95 64
95 65
95 66
95 71
95 74
95 75
95 78
95 82
95 86
95 87
95 89
95 91
95 92
95 95
95 97
95 99
95 100
95 101
95 102
95 103
95 104
95 112
95 114
95 118
95 125
95 126
95 127
95 128
95 133
95 134
95 135
95 137
95 138
95 141
95 142
95 143
95 144
95 145
95 146
95 147
95 150
95 151
95 152
95 154
95 158
96 2
96 4
96 6
96 7
96 8
96 15
96 21
96 23
96 24
96 25
96 27
96 40
96 43
96 45
96 47
96 51
96 52
96 59
96 62
96 65
96 70
96 75
96 77
96 78
96 85
96 86
96 87
96 90
96 91
96 92
96 95
96 99
96 104
96 108
96 112
96 116
96 121
96 123
96 124
96 128
96 131
96 139
96 141
96 142
96 144
96 146
96 147
96 149
96 155
96 157
97 1
97 8
97 10
97 12
97 15
97 21
97 22
97 26
97 30
97 31
97 32
97 33
97 35
97 37
97 42
97 45
97 56
97 57
97 61
97 63
97 64
97 66
97 70
97 73
97 77
97 78
97 82
97 86
97 90
97 93
97 96
97 98
97 99
97 102
97 104
97 106
97 112
97 114
97 116
97 120
97 123
97 124
97 126
97 130
97 131
97 132
97 134
97 135
97 138
97 140
97 141
97 145
97 151
97 152
97 154
97 155
97 159
98 0
98 1
98 2
98 4
98 6
98 16
98 17
98 20
98 23
98 24
98 31
98 34
98 35
98 42
98 44
98 45
98 47
98 49
98 51
98 54
98 55
98 58
98 61
98 64
98 66
98 69
98 71
98 72
98 76
98 78
98 80
98 87
98 89
98 95
98 99
98 101
98 102
98 104
98 107
98 111
98 112
98 115
98 118
98 124
98 126
98 128
98 129
98 130
98 133
98 137
98 141
98 147
98 150
98 151
98 153
98 154
98 155
98 157
98 159
99 10
99 11
99 14
99 17
99 20
99 22
99 28
99 31
99 35
99 44
99 45
99 46
99 47
99 48
99 53
99 54
99 55
99 58
99 59
99 60
99 62
99 63
99 66
99 67
99 69
99 71
99 76
99 78
99 84
99 85
99 86
99 87
99 88
99 90
99 91
99 92
99 93
99 96
99 99
99 101
99 103
99 107
99 109
99 112
99 113
99 120
99 126
99 128
99 129
99 132
99 143
99 144
99 145
99 155
99 156
99 157
99 158
100 3
100 5
100 6
100 8
100 11
100 12
100 13
100 14
100 17
100 22
100 26
100 28
100 29
100 30
100 31
100 32
100 33
100 37
100 41
100 45
100 46
100 50
100 52
100 55
100 56
100 59
100 60
100 62
100 63
100 64
100 70
100 71
100 72
100 76
100 77
100 79
100 85
100 87
100 88
100 94
100 97
100 99
100 100
100 102
100 110
100 111
100 113
100 115
100 116
100 119
100 120
100 125
100 128
100 129
100 131
100 132
100 133
100 136
100 141
100 144
100 145
100 147
100 148
100 153
100 155
101 0
101 1
101 2
101 4
101 5
101 7
101 9
101 11
101 14
101 15
101 16
101 18
101 19
101 22
101 25
101 27
101 29
101 33
101 36
101 37
101 40
101 43
101 44
101 47
101 52
101 56
101 57
101 58
101 59
101 60
101 62
101 63
101 64
101 65
101 67
101 73
101 75
101 77
101 78
101 82
101 83
101 84
101 85
101 86
101 88
101 89
101 93
101 94
101 102
101 104
101 106
101 107
101 109
101 113
101 115
101 116
101 122
101 124
101 126
101 128
101 131
101 132
101 135
101 140
101 144
101 146
101 149
101 153
101 156
102 2
102 4
102 5
102 6
102 8
102 9
102 18
102 19
102 20
102 21
102 23
102 28
102 29
102 30
102 34
102 35
102 36
102 38
102 42
102 44
102 49
102 50
102 51
102 52
102 54
102 56
102 57
102 58
102 60
102 62
102 63
102 65
102 67
102 70
102 72
102 73
102 75
102 77
102 78
102 82
102 83
102 84
102 86
102 90
102 91
102 92
102 95
102 96
102 99
102 100
102 104
102 109
102 110
102 113
102 114
102 118
102 122
102 126
102 127
102 131
102 132
102 133
102 134
102 135
102 141
102 142
102 144
102 145
102 148
102 153
102 158
103 1
103 3
103 7
103 13
103 17
103 21
103 28
103 29
103 36
103 39
103 40
103 43
103 44
103 53
103 55
103 62
103 63
103 64
103 67
103 68
103 70
103 71
103 73
103 77
103 82
103 83
103 87
103 88
103 90
103 93
103 101
103 107
103 113
103 114
103 116
103 118
103 120
103 121
103 125
103 126
103 130
103 131
103 133
103 134
103 136
103 137
103 138
103 139
103 140
103 146
103 148
103 149
103 150
103 153
103 159
104 3
104 4
104 8
104 13
104 17
104 19
104 21
104 24
104 27
104 28
104 29
104 42
104 46
104 49
104 51
104 55
104 56
104 58
104 64
104 69
104 71
104 73
104 75
104 78
104 79
104 80
104 85
104 86
104 89
104 90
104 93
104 94
104 96
104 100
104 101
104 105
104 107
104 109
104 111
104 112
104 119
104 122
104 126
104 128
104 134
104 136
104 137
104 141
104 142
104 143
104 144
104 145
104 146
104 148
104 149
104 151
104 152
104 153
104 154
104 155
104 158
105 2
105 3
105 6
105 9
105 15
105 16
105 19
105 23
105 24
105 27
105 30
105 31
105 32
105 34
105 35
105 36
105 37
105 38
105 42
105 45
105 47
105 48
105 53
105 59
105 66
105 69
105 70
105 75
105 77
105 79
105 82
105 83
105 88
105 89
105 99
105 101
105 102
105 103
105 104
105 105
105 108
105 109
105 110
105 117
105 118
105 120
105 122
105 124
105 125
105 126
105 127
105 130
105 133
105 135
105 136
105 137
105 138
105 139
105 146
105 147
105 149
105 150
105 151
105 152
105 154
105 155
106 0
106 2
106 4
106 5
106 10
106 11
106 12
106 14
106 19
106 21
106 26
106 27
106 29
106 31
106 32
106 33
106 35
106 37
106 38
106 39
106 46
106 48
106 50
106 51
106 54
106 55
106 60
106 61
106 66
106 72
106 75
106 81
106 82
106 90
106 91
106 94
106 97
106 99
106 100
106 102
106 105
106 107
106 115
106 117
106 119
106 120
106 123
106 125
106 130
106 138
106 139
106 141
106 142
106 143
106 156
107 4
107 12
107 14
107 15
107 17
107 21
107 25
107 29
107 30
107 32
107 34
107 36
107 44
107 49
107 51
107 55
107 57
107 58
107 60
107 61
107 70
107 77
107 80
107 82
107 85
107 87
107 91
107 92
107 93
107 96
107 97
107 99
107 101
107 102
107 103
107 108
107 109
107 110
107 111
107 113
107 115
107 117
107 120
107 121
107 126
107 139
107 143
107 146
107 147
107 149
107 153
107 154
107 156
107 159
108 1
108 4
108 5
108 7
108 14
108 20
108 22
108 23
108 26
108 34
108 35
108 37
108 39
108 40
108 41
108 42
108 44
108 45
108 46
108 49
108 55
108 57
108 61
108 62
108 65
108 69
108 70
108 72
108 76
108 82
108 85
108 88
108 89
108 91
108 93
108 96
108 97
108 99
108 100
108 104
108 105
108 107
108 109
108 114
108 116
108 118
108 119
108 125
108 126
108 130
108 132
108 133
108 135
108 136
108 138
108 139
108 140
108 143
108 146
108 147
108 153
108 158
109 1
109 3
109 6
109 7
109 8
109 9
109 11
109 14
109 16
109 17
109 21
109 26
109 31
109 32
109 35
109 36
109 40
109 49
109 52
109 55
109 58
109 59
109 61
109 62
109 63
109 64
109 65
109 68
109 71
109 75
109 78
109 83
109 87
109 90
109 91
109 101
109 102
109 103
109 105
109 107
109 108
109 110
109 112
109 114
109 119
109 120
109 124
109 125
109 126
109 137
109 140
109 141
109 142
109 143
109 147
109 151
109 153
109 156
109 157
109 159
110 2
110 4
110 5
110 6
110 9
110 16
110 18
110 19
110 23
110 25
110 29
110 30
110 32
110 33
110 37
110 38
110 39
110 44
110 45
110 48
110 49
110 50
110 51
110 52
110 53
110 56
110 59
110 64
110 66
110 67
110 71
110 73
110 74
110 78
110 81
110 82
110 83
110 84
110 85
110 86
110 87
110 88
110 92
110 94
110 98
110 100
110 109
110 112
110 116
110 121
110 125
110 128
110 129
110 130
110 132
110 133
110 135
110 141
110 149
110 152
110 155
110 156
110 158
110 159
111 3
111 4
111 5
111 6
111 8
111 12
111 14
111 15
111 16
111 19
111 21
111 23
111 25
111 28
111 29
111 33
111 38
111 42
111 43
111 44
111 46
111 47
111 50
111 52
111 53
111 54
111 55
111 58
111 60
111 68
111 70
111 71
111 75
111 76
111 79
111 81
111 82
111 84
111 86
111 90
111 92
111 93
111 94
111 96
111 97
111 100
111 102
111 104
111 108
111 110
111 118
111 123
111 128
111 130
111 131
111 137
111 140
111 143
111 145
111 146
111 150
111 151
111 152
111 153
111 155
111 156
111 157
111 158
111 159
112 1
112 3
112 7
112 9
112 10
112 12
112 13
112 14
112 15
112 16
112 17
112 19
112 27
112 28
112 29
112 30
112 31
112 33
112 34
112 36
112 37
112 39
112 41
112 42
112 45
112 46
112 48
112 49
112 51
112 53
112 61
112 62
112 66
112 70
112 71
112 73
112 74
112 75
112 77
112 81
112 83
112 89
112 96
112 97
112 99
112 101
112 103
112 104
112 108
112 109
112 111
112 112
112 114
112 117
112 119
112 121
112 122
112 125
112 128
112 131
112 132
112 135
112 136
112 144
112 146
112 150
112 151
112 152
112 156
112 158
112 159
113 6
113 7
113 9
113 15
113 16
113 19
113 20
113 27
113 32
113 33
113 36
113 38
113 39
113 40
113 45
113 47
113 50
113 52
113 54
113 55
113 56
113 57
113 61
113 62
113 63
113 65
113 66
113 72
113 73
113 76
113 79
113 80
113 84
113 88
113 89
113 93
113 101
113 102
113 106
113 107
113 109
113 110
113 111
113 112
113 120
113 121
113 122
113 124
113 126
113 127
113 130
113 133
113 143
113 144
113 146
113 149
113 151
113 152
113 157
113 158
113 159
114 2
114 3
114 6
114 10
114 13
114 14
114 15
114 17
114 22
114 23
114 25
114 26
114 27
114 30
114 32
114 33
114 36
114 37
114 38
114 40
114 49
114 50
114 55
114 56
114 58
114 59
114 60
114 71
114 72
114 73
114 74
114 75
114 77
114 79
114 81
114 86
114 91
114 92
114 93
114 97
114 100
114 103
114 104
114 106
114 108
114 109
114 112
114 115
114 116
114 118
114 121
114 125
114 127
114 131
114 133
114 135
114 136
114 140
114 142
114 145
114 151
114 152
114 153
115 5
115 6
115 7
115 8
115 9
115 10
115 13
115 16
115 22
115 23
115 25
115 26
115 27
115 29
115 30
115 31
115 33
115 34
115 35
115 36
115 38
115 44
115 48
115 53
115 56
115 59
115 63
115 64
115 66
115 68
115 69
115 70
115 77
115 80
115 81
115 85
115 90
115 91
115 92
115 93
115 96
115 98
115 100
115 104
115 107
115 110
115 112
115 113
115 118
115 120
115 124
115 127
115 129
115 130
115 132
115 136
115 137
115 138
115 143
115 145
115 146
115 147
115 149
115 150
115 152
115 156
115 157
115 159
116 0
116 4
116 5
116 7
116 8
116 9
116 12
116 13
116 15
116 16
116 18
116 19
116 21
116 22
116 23
116 26
116 28
116 30
116 32
116 33
116 34
116 40
116 41
116 42
116 47
116 51
116 53
116 54
116 55
116 56
116 58
116 60
116 62
116 63
116 65
116 67
116 69
116 73
116 75
116 78
116 80
116 81
116 84
116 86
116 89
116 90
116 91
116 98
116 100
116 103
116 104
116 105
116 108
116 110
116 111
116 115
116 116
116 117
116 118
116 119
116 122
116 123
116 130
116 134
116 135
116 138
116 142
116 144
116 147
116 154
116 155
116 156
116 159
117 2
117 4
117 5
117 6
117 7
117 9
117 12
117 14
117 16
117 18
117 21
117 25
117 27
117 28
117 38
117 42
117 52
117 59
117 69
117 70
117 71
117 75
117 78
117 79
117 81
117 83
117 84
117 85
117 86
117 89
117 90
117 93
117 95
117 96
117 100
117 101
117 103
117 104
117 105
117 106
117 109
117 111
117 115
117 116
117 119
117 121
117 123
117 128
117 130
117 132
117 134
117 135
117 136
117 139
117 142
117 146
117 147
117 149
117 151
117 153
117 154
117 155
117 158
117 159
118 0
118 7
118 18
118 19
118 20
118 22
118 28
118 35
118 36
118 37
118 41
118 44
118 46
118 50
118 51
118 52
118 53
118 54
118 59
118 60
118 61
118 62
118 64
118 66
118 69
118 70
118 72
118 73
118 74
118 76
118 79
118 81
118 82
118 83
118 85
118 89
118 91
118 99
118 101
118 102
118 104
118 106
118 109
118 110
118 111
118 112
118 114
118 116
118 117
118 121
118 123
118 125
118 127
118 128
118 130
118 134
118 137
118 138
118 140
118 143
118 146
118 148
118 151
118 152
118 154
118 158
119 0
119 1
119 3
119 5
119 6
119 9
119 10
119 11
119 18
119 20
119 21
119 22
119 24
119 29
119 35
119 39
119 40
119 41
119 42
119 44
119 49
119 51
119 59
119 60
119 61
119 62
119 65
119 66
119 68
119 77
119 85
119 86
119 90
119 94
119 101
119 102
119 103
119 104
119 105
119 108
119 110
119 112
119 114
119 117
119 120
119 123
119 124
119 125
119 126
119 127
119 128
119 129
119 130
119 132
119 134
119 137
119 138
119 139
119 144
119 152
119 153
120 1
120 2
120 6
120 7
120 11
120 12
120 16
120 17
120 18
120 20
120 25
120 26
120 31
120 32
120 34
120 35
120 36
120 37
120 38
120 42
120 44
120 52
120 53
120 56
120 57
120 68
120 70
120 72
120 75
120 77
120 78
120 79
120 81
120 82
120 86
120 90
120 91
120 95
120 96
120 100
120 102
120 104
120 106
120 107
120 110
120 112
120 113
120 115
120 117
120 118
120 119
120 121
120 123
120 128
120 129
120 131
120 137
120 138
120 140
120 141
120 143
120 146
120 148
120 149
120 152
120 158
121 1
121 10
121 11
121 12
121 13
121 20
121 23
121 24
121 27
121 28
121 29
121 34
121 35
121 38
121 39
121 40
121 42
121 43
121 50
121 51
121 52
121 54
121 59
121 60
121 61
121 70
121 72
121 75
121 78
121 84
121 92
121 93
121 96
121 98
121 101
121 103
121 104
121 105
121 106
121 111
121 113
121 114
121 115
121 116
121 118
121 126
121 127
121 135
121 137
121 142
121 143
121 145
121 148
121 151
121 153
121 155
121 157
121 158
122 1
122 10
122 12
122 16
122 20
122 21
122 26
122 33
122 36
122 43
122 45
122 47
122 50
122 52
122 53
122 57
122 61
122 63
122 64
122 65
122 67
122 68
122 69
122 77
122 78
122 80
122 83
122 85
122 90
122 91
122 93
122 94
122 98
122 99
122 107
122 111
122 114
122 118
122 121
122 122
122 123
122 124
122 126
122 127
122 128
122 130
122 131
122 133
122 136
122 138
122 139
122 142
122 143
122 146
122 147
122 148
122 151
122 153
122 155
122 156
122 157
123 2
123 3
123 5
123 12
123 16
123 18
123 19
123 21
123 24
123 31
123 35
123 36
123 40
123 42
123 48
123 54
123 55
123 57
123 58
123 62
123 65
123 69
123 70
123 72
123 73
123 76
123 77
123 78
123 81
123 82
123 84
123 85
123 86
123 87
123 89
123 93
123 102
123 103
123 104
123 105
123 106
123 108
123 109
123 111
123 112
123 114
123 118
123 122
123 127
123 132
123 134
123 136
123 137
123 138
123 144
123 155
123 157
123 159
124 2
124 4
124 8
124 11
124 13
124 14
124 16
124 17
124 19
124 20
124 21
124 23
124 24
124 27
124 31
124 33
124 36
124 43
124 44
124 45
124 46
124 47
124 51
124 53
124 55
124 56
124 57
124 62
124 63
124 65
124 68
124 69
124 75
124 77
124 79
124 82
124 86
124 87
124 89
124 97
124 103
124 104
124 105
124 108
124 112
124 114
124 118
124 119
124 122
124 123
124 127
124 130
124 132
124 134
124 137
124 138
124 140
124 141
124 143
124 145
124 152
124 153
125 2
125 4
125 5
125 24
125 26
125 29
125 34
125 37
125 38
125 40
125 41
125 46
125 48
125 50
125 51
125 54
125 55
125 57
125 62
125 63
125 64
125 66
125 73
125 76
125 88
125 94
125 98
125 99
125 100
125 105
125 106
125 109
125 110
125 111
125 114
125 117
125 121
125 135
125 138
125 141
125 143
125 148
125 156
126 2
126 3
126 4
126 5
126 11
126 12
126 17
126 18
126 19
126 21
126 24
126 25
126 26
126 30
126 35
126 38
126 39
126 47
126 48
126 53
126 55
126 56
126 57
126 58
126 60
126 61
126 63
126 65
126 70
126 72
126 74
126 77
126 79
126 81
126 82
126 83
126 84
126 86
126 87
126 92
126 93
126 94
126 95
126 96
126 97
126 99
126 100
126 101
126 102
126 104
126 106
126 107
126 108
126 111
126 113
126 117
126 118
126 119
126 120
126 121
126 125
126 128
126 129
126 134
126 135
126 136
126 139
126 141
126 142
126 144
126 146
126 149
126 151
126 152
126 154
126 155
127 2
127 5
127 9
127 11
127 15
127 16
127 20
127 23
127 25
127 26
127 27
127 28
127 29
127 34
127 35
127 36
127 39
127 42
127 43
127 46
127 50
127 51
127 53
127 58
127 59
127 61
127 62
127 63
127 64
127 67
127 68
127 70
127 71
127 72
127 73
127 76
127 80
127 85
127 89
127 91
127 92
127 95
127 98
127 99
127 102
127 106
127 108
127 109
127 112
127 115
127 122
127 124
127 126
127 127
127 131
127 132
127 138
127 140
127 142
127 143
127 147
127 148
127 149
127 158
128 0
128 6
128 7
128 10
128 11
128 13
128 14
128 16
128 22
128 25
128 29
128 34
128 35
128 36
128 37
128 42
128 44
128 45
128 48
128 52
128 54
128 56
128 62
128 71
128 80
128 83
128 87
128 93
128 96
128 97
128 100
128 106
128 107
128 108
128 112
128 113
128 115
128 117
128 119
128 120
128 124
128 125
128 127
128 133
128 135
128 136
128 137
128 139
128 140
128 141
128 143
128 144
128 149
128 150
128 152
128 153
128 155
128 158
129 1
129 4
129 7
129 8
129 10
129 12
129 14
129 15
129 16
129 17
129 18
129 21
129 22
129 23
129 27
129 28
129 29
129 32
129 33
129 35
129 36
129 38
129 39
129 40
129 41
129 43
129 44
129 48
129 52
129 53
129 54
129 56
129 61
129 62
129 63
129 68
129 70
129 71
129 78
129 80
129 83
129 84
129 87
129 88
129 90
129 94
129 95
129 96
129 97
129 98
129 102
129 103
129 108
129 110
129 112
129 115
129 118
129 129
129 135
129 136
129 141
129 146
129 148
129 153
129 154
129 159
130 10
130 16
130 18
130 19
130 22
130 26
130 30
130 31
130 34
130 35
130 38
130 40
130 41
130 42
130 45
130 46
130 50
130 52
130 53
130 62
130 63
130 64
130 67
130 69
130 72
130 73
130 75
130 78
130 79
130 81
130 82
130 87
130 88
130 90
130 91
130 96
130 97
130 98
130 99
130 109
130 110
130 111
130 113
130 116
130 117
130 119
130 120
130 121
130 126
130 129
130 135
130 136
130 139
130 141
130 144
130 146
130 147
130 149
130 150
130 152
130 155
130 156
130 157
130 159
131 2
131 3
131 7
131 9
131 17
131 18
131 19
131 20
131 22
131 23
131 25
131 26
131 27
131 28
131 30
131 33
131 38
131 39
131 43
131 46
131 47
131 51
131 55
131 63
131 64
131 65
131 68
131 69
131 71
131 72
131 73
131 75
131 84
131 87
131 88
131 89
131 94
131 95
131 96
131 99
131 100
131 102
131 104
131 109
131 111
131 115
131 116
131 118
131 119
131 120
131 125
131 126
131 130
131 142
131 144
131 146
131 148
131 151
131 155
131 156
132 2
132 3
132 6
132 11
132 12
132 14
132 19
132 20
132 22
132 24
132 26
132 27
132 31
132 33
132 35
132 36
132 43
132 48
132 50
132 52
132 53
132 55
132 58
132 60
132 61
132 64
132 66
132 69
132 70
132 73
132 74
132 77
132 84
132 86
132 88
132 92
132 97
132 99
132 109
132 111
132 113
132 116
132 117
132 118
132 119
132 121
132 127
132 128
132 132
132 136
132 143
132 144
132 147
132 148
132 150
132 152
132 156
132 157
132 158
132 159
133 0
133 1
133 2
133 3
133 5
133 10
133 11
133 13
133 15
133 16
133 17
133 21
133 22
133 23
133 24
133 29
133 30
133 31
133 32
133 33
133 35
133 42
133 43
133 44
133 46
133 47
133 48
133 51
133 52
133 54
133 56
133 59
133 65
133 68
133 69
133 71
133 73
133 76
133 79
133 81
133 83
133 87
133 97
133 100
133 103
133 106
133 107
133 108
133 109
133 113
133 114
133 116
133 117
133 119
133 129
133 130
133 134
133 135
133 137
133 139
133 144
133 145
133 149
133 150
133 152
133 154
133 157
133 158
134 1
134 3
134 4
134 5
134 8
134 10
134 15
134 20
134 23
134 24
134 26
134 29
134 30
134 31
134 34
134 35
134 49
134 50
134 51
134 52
134 59
134 60
134 63
134 70
134 74
134 75
134 76
134 81
134 85
134 86
134 87
134 93
134 97
134 104
134 106
134 108
134 109
134 110
134 111
134 113
134 114
134 116
134 117
134 118
134 119
134 121
134 123
134 124
134 128
134 129
134 131
134 132
134 135
134 137
134 143
134 144
134 147
134 148
134 150
134 153
134 154
134 158
135 1
135 9
135 10
135 15
135 16
135 18
135 19
135 20
135 22
135 26
135 28
135 30
135 34
135 37
135 38
135 39
135 40
135 45
135 47
135 48
135 50
135 51
135 52
135 54
135 57
135 58
135 59
135 72
135 73
135 75
135 77
135 78
135 83
135 85
135 87
135 90
135 91
135 94
135 96
135 97
135 100
135 101
135 102
135 103
135 104
135 105
135 111
135 114
135 115
135 122
135 123
135 124
135 125
135 126
135 128
135 129
135 131
135 134
135 135
135 141
135 142
135 146
135 147
135 148
135 152
135 153
135 158
135 159
136 1
136 2
136 4
136 5
136 8
136 9
136 11
136 12
136 13
136 19
136 24
136 25
136 26
136 32
136 34
136 36
136 40
136 41
136 42
136 43
136 44
136 52
136 55
136 58
136 59
136 62
136 63
136 64
136 67
136 69
136 74
136 76
136 80
136 83
136 91
136 95
136 101
136 102
136 104
136 106
136 107
136 109
136 110
136 112
136 114
136 115
136 117
136 123
136 124
136 125
136 127
136 132
136 134
136 135
136 138
136 139
136 141
136 146
136 150
136 153
136 156
136 157
137 1
137 2
137 7
137 8
137 10
137 12
137 18
137 23
137 24
137 25
137 28
137 30
137 32
137 34
137 36
137 40
137 41
137 42
137 47
137 53
137 57
137 62
137 65
137 66
137 67
137 69
137 70
137 75
137 78
137 81
137 82
137 84
137 86
137 88
137 91
137 92
137 95
137 96
137 99
137 111
137 113
137 114
137 115
137 116
137 117
137 119
137 121
137 122
137 123
137 124
137 128
137 132
137 134
137 136
137 138
137 139
137 142
137 144
137 145
137 147
137 148
137 149
137 150
137 151
137 152
137 157
138 1
138 5
138 6
138 7
138 8
138 9
138 10
138 13
138 14
138 17
138 18
138 24
138 26
138 29
138 30
138 33
138 34
138 38
138 39
138 41
138 44
138 45
138 47
138 48
138 51
138 52
138 53
138 56
138 65
138 66
138 67
138 68
138 69
138 73
138 75
138 79
138 81
138 84
138 85
138 90
138 93
138 95
138 96
138 99
138 100
138 101
138 102
138 107
138 109
138 110
138 111
138 112
138 115
138 116
138 117
138 120
138 121
138 122
138 125
138 128
138 132
138 135
138 138
138 143
138 145
138 147
138 149
138 152
138 154
138 155
138 157
139 0
139 2
139 4
139 7
139 8
139 9
139 11
139 16
139 17
139 18
139 20
139 23
139 26
139 27
139 29
139 32
139 35
139 36
139 38
139 39
139 41
139 43
139 49
139 51
139 56
139 57
139 58
139 60
139 61
139 63
139 66
139 68
139 72
139 73
139 74
139 76
139 78
139 80
139 81
139 83
139 88
139 92
139 94
139 97
139 100
139 105
139 108
139 109
139 111
139 112
139 114
139 118
139 119
139 123
139 128
139 129
139 130
139 132
139 136
139 137
139 143
139 144
139 145
139 147
139 155
139 158
140 0
140 2
140 4
140 9
140 10
140 14
140 19
140 20
140 24
140 25
140 26
140 28
140 34
140 39
140 40
140 43
140 44
140 45
140 48
140 49
140 51
140 52
140 55
140 56
140 64
140 65
140 68
140 73
140 74
140 78
140 80
140 89
140 92
140 94
140 96
140 99
140 100
140 104
140 108
140 109
140 111
140 112
140 114
140 117
140 119
140 122
140 123
140 124
140 127
140 130
140 133
140 139
140 144
140 147
140 150
140 151
140 152
140 154
140 158
141 2
141 11
141 14
141 17
141 19
141 23
141 25
141 28
141 29
141 30
141 31
141 35
141 36
141 38
141 39
141 40
141 41
141 43
141 46
141 48
141 50
141 51
141 52
141 53
141 55
141 58
141 60
141 62
141 65
141 67
141 68
141 72
141 77
141 80
141 81
141 83
141 84
141 85
141 89
141 90
141 91
141 92
141 93
141 95
141 96
141 100
141 101
141 103
141 108
141 110
141 126
141 131
141 134
141 135
141 136
141 138
141 139
141 142
141 143
141 145
141 149
141 153
141 154
141 156
141 158
142 1
142 4
142 7
142 8
142 10
142 11
142 13
142 16
142 18
142 21
142 24
142 27
142 28
142 29
142 35
142 39
142 43
142 46
142 48
142 49
142 52
142 53
142 56
142 58
142 64
142 65
142 67
142 69
142 70
142 71
142 77
142 84
142 89
142 91
142 93
142 94
142 95
142 96
142 100
142 103
142 105
142 109
142 113
142 116
142 118
142 122
142 124
142 128
142 131
142 134
142 137
142 142
142 143
142 145
142 148
142 150
142 151
142 153
142 154
142 156
142 158
143 4
143 6
143 7
143 8
143 9
143 10
143 11
143 12
143 14
143 16
143 17
143 18
143 23
143 24
143 31
143 32
143 33
143 34
143 35
143 36
143 37
143 38
143 41
143 42
143 43
143 45
143 47
143 49
143 50
143 56
143 57
143 58
143 60
143 61
143 64
143 66
143 68
143 69
143 70
143 71
143 73
143 75
143 78
143 81
143 84
143 85
143 89
143 90
143 92
143 93
143 99
143 100
143 101
143 103
143 105
143 106
143 109
143 111
143 115
143 119
143 120
143 123
143 125
143 127
143 128
143 129
143 130
143 131
143 133
143 134
143 137
143 139
143 142
143 143
143 145
143 146
143 148
143 149
143 150
143 155
143 158
144 0
144 9
144 10
144 18
144 19
144 20
144 23
144 24
144 25
144 28
144 29
144 30
144 32
144 37
144 38
144 40
144 46
144 50
144 52
144 57
144 61
144 65
144 69
144 73
144 74
144 76
144 77
144 80
144 81
144 86
144 87
144 88
144 91
144 92
144 93
144 94
144 96
144 97
144 98
144 99
144 100
144 101
144 102
144 108
144 115
144 118
144 119
144 121
144 125
144 126
144 127
144 129
144 130
144 132
144 134
144 135
144 137
144 142
144 143
144 146
144 149
144 151
144 157
145 12
145 15
145 16
145 17
145 20
145 23
145 24
145 27
145 29
145 33
145 35
145 36
145 40
145 42
145 45
145 47
145 49
145 50
145 53
145 55
145 58
145 60
145 61
145 63
145 68
145 69
145 70
145 74
145 84
145 86
145 87
145 88
145 89
145 90
145 91
145 94
145 97
145 98
145 105
145 108
145 109
145 111
145 112
145 120
145 122
145 123
145 124
145 125
145 127
145 130
145 132
145 133
145 134
145 135
145 136
145 143
145 145
145 147
145 148
145 150
145 151
145 152
145 155
145 156
145 158
145 159
146 1
146 3
146 4
146 7
146 8
146 9
146 10
146 11
146 12
146 13
146 15
146 16
146 17
146 19
146 22
146 24
146 27
146 32
146 34
146 36
146 37
146 42
146 44
146 45
146 52
146 53
146 54
146 55
146 58
146 60
146 65
146 76
146 77
146 88
146 91
146 93
146 98
146 104
146 106
146 108
146 111
146 113
146 115
146 116
146 118
146 120
146 122
146 123
146 125
146 127
146 129
146 131
146 133
146 134
146 135
146 136
146 137
146 138
146 139
146 141
146 147
146 150
146 153
146 154
146 159
147 1
147 4
147 5
147 11
147 14
147 15
147 18
147 21
147 22
147 26
147 27
147 28
147 30
147 33
147 36
147 37
147 40
147 46
147 47
147 49
147 53
147 58
147 60
147 65
147 67
147 68
147 71
147 73
147 74
147 75
147 77
147 78
147 80
147 81
147 83
147 85
147 86
147 87
147 89
147 90
147 92
147 96
147 100
147 101
147 103
147 105
147 110
147 115
147 116
147 117
147 120
147 122
147 123
147 125
147 127
147 128
147 131
147 133
147 134
147 136
147 143
147 145
147 148
147 149
147 152
147 153
147 154
147 155
147 157
148 6
148 9
148 11
148 12
148 15
148 16
148 20
148 22
148 27
148 30
148 31
148 32
148 33
148 34
148 37
148 40
148 41
148 42
148 43
148 44
148 45
148 46
148 47
148 49
148 50
148 51
148 67
148 70
148 74
148 79
148 80
148 82
148 83
148 90
148 91
148 95
148 99
148 100
148 101
148 102
148 103
148 104
148 106
148 107
148 112
148 114
148 115
148 116
148 117
148 119
148 120
148 121
148 124
148 125
148 129
148 131
148 133
148 140
148 141
148 145
148 146
148 149
148 152
148 153
148 156
148 158
149 0
149 2
149 4
149 5
149 8
149 9
149 18
149 23
149 24
149 25
149 27
149 28
149 29
149 30
149 31
149 33
149 37
149 40
149 41
149 43
149 44
149 45
149 46
149 48
149 50
149 51
149 59
149 60
149 61
149 67
149 69
149 71
149 75
149 76
149 78
149 81
149 84
149 85
149 92
149 96
149 99
149 103
149 105
149 108
149 115
149 116
149 117
149 125
149 128
149 129
149 133
149 137
149 141
149 142
149 143
149 145
149 147
149 148
149 150
149 153
149 154
149 155
149 156
149 157
149 158
150 1
150 4
150 9
150 12
150 31
150 32
150 33
150 34
150 35
150 38
150 40
150 42
150 46
150 47
150 48
150 49
150 51
150 52
150 55
150 56
150 57
150 59
150 61
150 64
150 66
150 68
150 69
150 71
150 73
150 78
150 80
150 81
150 84
150 85
150 89
150 90
150 93
150 94
150 96
150 104
150 110
150 116
150 120
150 123
150 124
150 125
150 127
150 130
150 131
150 132
150 136
150 137
150 141
150 142
150 143
150 144
150 147
150 150
150 159
151 1
151 2
151 3
151 4
151 12
151 16
151 18
151 20
151 21
151 29
151 34
151 37
151 38
151 39
151 40
151 42
151 44
151 52
151 53
151 56
151 58
151 59
151 61
151 67
151 68
151 69
151 71
151 72
151 73
151 74
151 76
151 82
151 83
151 84
151 86
151 87
151 89
151 90
151 93
151 97
151 99
151 101
151 102
151 109
151 110
151 113
151 114
151 117
151 128
151 129
151 130
151 131
151 135
151 139
151 142
151 143
151 145
151 147
151 151
151 153
151 155
151 157
151 158
152 2
152 8
152 9
152 10
152 11
152 15
152 17
152 19
152 20
152 21
152 22
152 24
152 26
152 27
152 29
152 33
152 34
152 36
152 37
152 39
152 41
152 43
152 44
152 46
152 48
152 49
152 53
152 65
152 66
152 70
152 75
152 76
152 77
152 83
152 90
152 93
152 95
152 103
152 107
152 110
152 111
152 113
152 114
152 116
152 117
152 118
152 119
152 123
152 127
152 129
152 130
152 133
152 134
152 136
152 137
152 141
152 142
152 143
152 144
152 146
152 147
152 150
152 155
152 157
152 158
153 1
153 2
153 3
153 7
153 10
153 13
153 14
153 21
153 23
153 24
153 29
153 32
153 33
153 37
153 41
153 45
153 47
153 48
153 49
153 51
153 53
153 55
153 56
153 57
153 62
153 66
153 68
153 72
153 74
153 78
153 79
153 80
153 81
153 82
153 83
153 84
153 92
153 97
153 100
153 101
153 102
153 106
153 107
153 111
153 112
153 113
153 115
153 119
153 120
153 125
153 128
153 133
153 138
153 144
153 146
153 147
153 148
153 149
153 151
153 152
153 154
153 156
154 0
154 1
154 2
154 5
154 7
154 11
154 13
154 18
154 19
154 22
154 24
154 28
154 29
154 30
154 39
154 40
154 44
154 45
154 46
154 48
154 50
154 51
154 52
154 55
154 59
154 60
154 62
154 64
154 70
154 83
154 85
154 86
154 87
154 89
154 91
154 96
154 99
154 103
154 110
154 112
154 113
154 120
154 122
154 123
154 125
154 126
154 127
154 128
154 129
154 135
154 136
154 140
154 141
154 142
154 143
154 145
154 147
154 148
154 149
154 150
154 152
154 155
154 158
155 2
155 3
155 4
155 9
155 11
155 13
155 14
155 16
155 20
155 22
155 23
155 25
155 26
155 29
155 31
155 32
155 34
155 35
155 39
155 43
155 45
155 46
155 49
155 50
155 51
155 53
155 54
155 55
155 56
155 59
155 65
155 66
155 72
155 73
155 80
155 85
155 86
155 90
155 92
155 100
155 101
155 104
155 105
155 108
155 109
155 112
155 115
155 118
155 128
155 130
155 131
155 132
155 134
155 136
155 138
155 142
155 146
155 147
155 148
155 152
155 153
155 155
155 156
156 1
156 4
156 5
156 9
156 13
156 18
156 26
156 31
156 35
156 36
156 37
156 47
156 48
156 51
156 52
156 55
156 57
156 70
156 71
156 75
156 77
156 78
156 80
156 81
156 83
156 87
156 88
156 90
156 92
156 93
156 94
156 96
156 97
156 98
156 99
156 105
156 106
156 107
156 109
156 111
156 116
156 117
156 123
156 125
156 127
156 130
156 137
156 140
156 142
156 146
156 147
156 150
156 152
156 153
156 154
156 155
157 1
157 9
157 10
157 11
157 12
157 15
157 17
157 19
157 20
157 24
157 25
157 34
157 37
157 39
157 40
157 42
157 44
157 49
157 50
157 52
157 53
157 56
157 57
157 58
157 60
157 64
157 68
157 69
157 73
157 74
157 77
157 80
157 81
157 83
157 86
157 90
157 91
157 93
157 94
157 99
157 100
157 101
157 102
157 104
157 108
157 109
157 115
157 117
157 118
157 119
157 121
157 122
157 126
157 130
157 139
157 140
157 141
157 142
157 144
157 146
157 149
157 152
157 153
157 155
157 157
157 158
158 0
158 1
158 7
158 8
158 12
158 13
158 14
158 15
158 16
158 21
158 22
158 26
158 28
158 29
158 35
158 41
158 42
158 48
158 49
158 51
158 57
158 64
158 66
158 70
158 71
158 73
158 74
158 75
158 76
158 79
158 81
158 82
158 83
158 84
158 86
158 87
158 88
158 91
158 93
158 94
158 96
158 97
158 100
158 102
158 108
158 109
158 110
158 111
158 112
158 115
158 117
158 121
158 122
158 124
158 129
158 130
158 132
158 135
158 137
158 138
158 139
158 141
158 142
158 143
158 145
158 146
158 147
158 148
158 153
158 154
158 155
158 156
158 158
159 8
159 12
159 13
159 15
159 16
159 21
159 23
159 24
159 26
159 31
159 33
159 36
159 38
159 39
159 40
159 44
159 46
159 48
159 50
159 54
159 58
159 60
159 63
159 66
159 67
159 69
159 72
159 79
159 80
159 82
159 90
159 93
159 95
159 97
159 102
159 111
159 112
159 113
159 114
159 117
159 119
159 123
159 124
159 126
159 127
159 128
159 137
159 138
159 139
159 141
159 142
159 147
159 148
159 149
159 150
159 155
159 156
159 157
